2, 279, 194, 26, 28, 0.8538984600560223
2, 102, 85, 26, 28, 0.8772047715827914
2, 132, 278, 24, 25, 0.9032898261748856
2, 228, 58, 28, 27, 0.8388451543841666
2, 324, 223, 21, 21, 0.8598663711398995
2, 310, 173, 28, 30, 0.8683407348651733
2, 360, 277, 22, 24, 0.859811781114245
2, 64, 186, 29, 23, 0.8745517491654632
2, 289, 66, 21, 27, 0.8571788364328474
2, 140, 114, 19, 20, 0.829887759564496
2, 117, 111, 19, 16, 0.9422698177612222
2, 296, 88, 18, 17, 0.8933447423320946
2, 363, 45, 24, 22, 0.9026637688748138
2, 351, 160, 18, 18, 0.8598707927057659
3, 74, 103, 32, 36, 0.8788456831604048
2, 270, 21, 20, 19, 0.8847718474975332
2, 122, 92, 24, 24, 0.8912878624596761
3, 137, 50, 24, 19, 0.8311964139555276
2, 49, 194, 22, 19, 0.8449934335418997
2, 74, 102, 31, 36, 0.8656500481267815
2, 402, 171, 19, 20, 0.898582236150324
2, 98, 111, 16, 19, 0.8528150352112916
2, 40, 202, 10, 8, 0.8138134155046186
3, 435, 35, 15, 26, 0.8511724907674756
3, 41, 137, 24, 27, 0.850287340675086
3, 49, 195, 23, 21, 0.8403052246518347
2, 88, 167, 24, 20, 0.8749496518934197
3, 379, 232, 23, 23, 0.8995111438143111
3, 88, 167, 24, 20, 0.8757127170918346
2, 327, 156, 21, 20, 0.9118937450535999
3, 359, 272, 27, 36, 0.8691138451961996
2, 177, 49, 15, 21, 0.8997838151359097
2, 379, 233, 23, 22, 0.893576983511289
2, 41, 138, 23, 26, 0.8477796058416369
3, 72, 116, 35, 21, 0.9324596960843354
3, 177, 49, 16, 20, 0.8903737771985306
3, 98, 110, 16, 19, 0.8471968902865866
2, 137, 51, 24, 18, 0.8401356827641242
2, 291, 71, 16, 16, 0.9166354896134414
3, 427, 242, 22, 19, 0.8360100138896145
2, 298, 66, 39, 29, 0.885607696538555
3, 356, 172, 24, 23, 0.8471729036790071
2, 72, 179, 11, 7, 0.8293011660348938
2, 308, 173, 20, 18, 0.8689546099537347
3, 409, 173, 34, 19, 0.875201912326868
3, 353, 168, 36, 42, 0.863221887312057
2, 103, 97, 29, 45, 0.8752172097673037
2, 139, 92, 15, 23, 0.8381124395321183
2, 144, 121, 24, 34, 0.856956933465878
2, 149, 131, 19, 18, 0.8361904697922746
3, 418, 154, 47, 60, 0.8508202075756588
2, 339, 281, 18, 18, 0.8732899490982842
2, 376, 275, 12, 24, 0.8491934920782629
3, 327, 157, 21, 20, 0.9135967276386598
2, 114, 130, 21, 20, 0.8274924560163948
3, 133, 144, 20, 29, 0.852638013946824
2, 134, 110, 14, 14, 0.823419636716884
2, 289, 184, 10, 10, 0.8522388568541496
3, 374, 277, 15, 26, 0.8578595725938479
2, 344, 160, 45, 26, 0.8689834192231963
3, 409, 70, 19, 24, 0.8892374900636235
3, 68, 122, 30, 20, 0.920714051937097
2, 265, 60, 23, 16, 0.8663936569216039
2, 285, 72, 16, 14, 0.927103658743106
3, 64, 120, 20, 15, 0.8671868891164424
3, 81, 164, 38, 27, 0.8781755139028394
3, 292, 136, 29, 41, 0.8545610365935359
