0, 284, 295, 27, 27, 0.944769420567261
0, 448, 29, 29, 26, 0.927440337425636
0, 486, 105, 27, 27, 0.9166477267403699
0, 493, 55, 27, 24, 0.8813624757650539
0, 30, 265, 29, 28, 0.9203971930795352
0, 275, 103, 25, 26, 0.9197670705497413
0, 422, 99, 29, 28, 0.9486879084973099
0, 178, 400, 27, 25, 0.8764766838692661
0, 198, 205, 28, 27, 0.9368953428208557
0, 49, 234, 27, 25, 0.9468850477786068
0, 46, 190, 34, 29, 0.9542192583757001
0, 124, 103, 29, 28, 0.9431939494438301
0, 113, 210, 27, 25, 0.8828002019875067
0, 413, 169, 22, 29, 0.9466264927128826
0, 236, 252, 30, 29, 0.960781703200695
0, 481, 29, 26, 27, 0.9314052619661314
0, 326, 214, 23, 28, 0.9390071168190959
0, 234, 333, 28, 21, 0.929925107646663
0, 143, 59, 28, 26, 0.9485840414382901
0, 453, 144, 29, 30, 0.9615046148244734
0, 331, 94, 28, 23, 0.9057869395889977
0, 242, 214, 22, 27, 0.8788412902206137
0, 399, 362, 35, 28, 0.9596395856411473
0, 211, 311, 33, 32, 0.9594910915951225
0, 328, 119, 22, 23, 0.9088173471638255
0, 153, 219, 31, 27, 0.899902625432107
0, 83, 316, 24, 25, 0.9545626147208754
0, 170, 72, 23, 28, 0.921190263505487
0, 128, 159, 24, 28, 0.960393885482094
0, 336, 46, 23, 24, 0.9279848348204893
0, 259, 395, 31, 26, 0.9555141513901081
0, 47, 115, 24, 24, 0.9052997820936675
0, 430, 56, 26, 21, 0.8475901742321846
0, 204, 351, 35, 31, 0.9510983078283873
0, 153, 107, 24, 26, 0.9269795953812895
0, 162, 24, 21, 26, 0.9529980926634766
0, 116, 409, 25, 22, 0.9344522697473352
0, 417, 26, 27, 24, 0.9342776246086528
0, 222, 220, 18, 25, 0.9347439154977099
0, 192, 83, 22, 23, 0.9242890200780409
0, 195, 258, 29, 17, 0.8522066602709344
0, 205, 244, 32, 21, 0.9001143374099526
0, 300, 104, 27, 27, 0.9510733659491142
0, 172, 363, 32, 25, 0.9445134639916954
0, 488, 162, 20, 28, 0.8875766764598954
0, 398, 200, 26, 25, 0.9075554105742816
0, 207, 23, 24, 23, 0.8935690855643843
0, 405, 251, 23, 23, 0.9396004694724319
0, 249, 68, 22, 27, 0.9332183867232318
0, 431, 262, 38, 31, 0.9227458275492955
0, 358, 145, 21, 23, 0.9458249539645007
0, 73, 72, 27, 28, 0.9449408719977721
0, 147, 405, 24, 23, 0.9426014267146758
0, 453, 93, 23, 22, 0.9624675197098999
0, 463, 49, 23, 24, 0.9268076193473509
0, 139, 82, 23, 20, 0.9427994358365029
0, 226, 43, 21, 24, 0.9410221788825802
0, 128, 278, 36, 31, 0.9531429964885925
0, 157, 162, 26, 31, 0.9237570832596448
0, 152, 193, 24, 22, 0.8846931881893496
0, 375, 371, 24, 24, 0.8750507433067385
0, 286, 339, 22, 23, 0.9202344041028794
0, 73, 41, 22, 21, 0.9020439944044654
0, 500, 125, 22, 24, 0.8684177386271631
0, 64, 267, 31, 27, 0.9342491978053163
0, 260, 146, 22, 26, 0.9480441892340297
0, 396, 407, 30, 29, 0.9235533590699987
0, 94, 394, 26, 24, 0.9325563246085984
0, 298, 55, 19, 24, 0.9038987048965806
0, 17, 329, 32, 32, 0.9292559017337582
0, 241, 12, 22, 24, 0.9481215648581982
0, 262, 336, 26, 31, 0.9168410178163864
0, 500, 386, 23, 24, 0.8776767571580524
0, 300, 207, 26, 30, 0.9617378165014314
0, 481, 244, 23, 26, 0.9185561428364477
0, 204, 388, 24, 21, 0.8571537284176314
0, 183, 11, 29, 21, 0.9026450745339766
0, 208, 177, 24, 23, 0.8852846560575134
0, 261, 11, 20, 22, 0.9535739874658917
0, 257, 372, 36, 20, 0.8698261459335522
0, 505, 206, 13, 24, 0.8419613976282619
0, 76, 217, 23, 22, 0.8702568714695396
0, 5, 104, 11, 24, 0.8309950333096765
0, 415, 121, 18, 19, 0.8786537393342225
0, 67, 165, 30, 30, 0.9345437792560974
0, 115, 332, 22, 21, 0.8746908024770155
0, 313, 351, 27, 21, 0.8432140944210402
0, 384, 222, 25, 27, 0.9485125305961446
0, 89, 345, 20, 21, 0.8581750703437383
0, 31, 302, 24, 21, 0.9564882021781569
0, 311, 292, 22, 35, 0.89290206645568
0, 286, 131, 23, 26, 0.9056873064547366
0, 393, 10, 21, 21, 0.9563323397914381
0, 44, 65, 21, 23, 0.9392428352843147
0, 223, 280, 27, 21, 0.8639601225979732
0, 347, 10, 23, 20, 0.8865267836841122
0, 375, 427, 27, 26, 0.8587671873353989
0, 249, 37, 17, 17, 0.8363197152910375
0, 3, 254, 6, 22, 0.8214930601556503
0, 117, 190, 19, 18, 0.8639671266332066
0, 94, 427, 33, 29, 0.8669621299862557
0, 353, 342, 25, 23, 0.9136440467539141
0, 14, 36, 21, 23, 0.9150266697597442
0, 180, 273, 18, 20, 0.9231567494001136
0, 366, 38, 21, 19, 0.8361561048400572
0, 129, 434, 24, 21, 0.8371138086597669
0, 302, 433, 23, 22, 0.8528340160478733
0, 265, 289, 28, 44, 0.9231215429255057
0, 160, 266, 15, 29, 0.8825199037858111
0, 222, 382, 23, 23, 0.9043873660939783
0, 337, 70, 18, 15, 0.8171211797997818
0, 373, 172, 31, 33, 0.953192666805837
0, 67, 11, 23, 20, 0.88550669475799
0, 423, 303, 33, 40, 0.9128617660538201
3, 57, 43, 105, 87, 0.9119252828305796
3, 497, 419, 28, 44, 0.8708613893621598
3, 487, 404, 49, 81, 0.9091515228612759
3, 51, 181, 101, 121, 0.9389780824949914
3, 472, 321, 77, 98, 0.9174689305969559
