0, 200, 396, 14, 13, 0.3121207654476166
0, 192, 410, 15, 16, 0.32329362630844116
0, 144, 382, 17, 16, 0.37096843123435974
0, 913, 131, 17, 17, 0.32835492491722107
0, 242, 442, 19, 17, 0.3227611780166626
0, 548, 267, 15, 15, 0.3409140110015869
0, 39, 268, 14, 16, 0.38678398728370667
0, 416, 166, 18, 17, 0.479382187128067
0, 576, 552, 15, 16, 0.3178919851779938
0, 526, 285, 16, 14, 0.3202778398990631
0, 260, 44, 16, 16, 0.3072109520435333
0, 928, 430, 16, 20, 0.376047819852829
0, 209, 254, 16, 20, 0.3005625009536743
0, 210, 412, 18, 16, 0.43354010581970215
0, 454, 606, 15, 19, 0.3111755847930908
0, 377, 253, 15, 13, 0.40158209204673767
0, 591, 547, 15, 14, 0.3025042414665222
0, 45, 124, 18, 16, 0.4450468420982361
0, 352, 433, 15, 14, 0.31953516602516174
0, 208, 455, 17, 15, 0.3030306100845337
0, 208, 455, 17, 15, 0.3030306100845337
0, 45, 124, 18, 16, 0.4450468420982361
0, 245, 466, 17, 16, 0.31032538414001465
0, 399, 157, 16, 17, 0.37107977271080017
0, 399, 157, 16, 17, 0.37107977271080017
0, 232, 504, 17, 18, 0.3499864935874939
0, 232, 504, 17, 18, 0.3499864935874939
0, 232, 504, 17, 18, 0.3499864935874939
0, 591, 547, 15, 14, 0.3025042414665222
0, 673, 588, 17, 16, 0.3254871666431427
0, 238, 380, 14, 16, 0.3752325475215912
0, 245, 466, 17, 16, 0.31032538414001465
0, 352, 433, 15, 14, 0.31953516602516174
0, 332, 396, 16, 17, 0.3146682381629944
0, 399, 157, 16, 17, 0.37107977271080017
0, 238, 380, 14, 16, 0.3752325475215912
0, 238, 380, 14, 16, 0.3752325475215912
0, 332, 396, 16, 17, 0.3146682381629944
0, 596, 61, 17, 18, 0.32321077585220337
0, 399, 157, 16, 17, 0.37107977271080017
0, 377, 253, 15, 13, 0.40158209204673767
0, 673, 588, 17, 16, 0.3254871666431427
0, 332, 396, 16, 17, 0.3146682381629944
0, 399, 157, 16, 17, 0.37107977271080017
0, 332, 396, 16, 17, 0.3146682381629944
0, 596, 61, 17, 18, 0.32321077585220337
0, 596, 61, 17, 18, 0.32321077585220337
0, 332, 396, 16, 17, 0.3146682381629944
