0, 476, 1390, 33, 34, 0.8960455060005188
0, 1050, 1291, 35, 35, 0.8853715658187866
0, 1154, 1125, 30, 38, 0.879574179649353
0, 1539, 1645, 32, 30, 0.8700238466262817
0, 1581, 1653, 31, 31, 0.866980791091919
0, 971, 1050, 36, 37, 0.866000771522522
0, 1090, 1521, 32, 32, 0.8619838356971741
0, 1526, 1612, 32, 32, 0.8608600497245789
0, 1484, 1158, 34, 41, 0.8586998581886292
0, 1251, 1724, 35, 35, 0.8561878800392151
0, 398, 94, 34, 32, 0.85261070728302
0, 1673, 545, 37, 31, 0.8515157699584961
0, 266, 982, 34, 36, 0.8501890301704407
0, 1157, 462, 35, 31, 0.849966287612915
0, 1413, 1229, 35, 34, 0.849066436290741
0, 495, 1452, 31, 30, 0.8479778170585632
0, 1014, 1112, 33, 35, 0.847017765045166
0, 825, 742, 34, 34, 0.8459897637367249
0, 728, 1413, 35, 32, 0.8452557325363159
0, 254, 1331, 31, 35, 0.8448675274848938
0, 1047, 1388, 32, 34, 0.8426809310913086
0, 149, 871, 31, 35, 0.8425956964492798
0, 808, 1031, 40, 38, 0.8409598469734192
0, 1163, 99, 28, 34, 0.8391873240470886
0, 1183, 137, 34, 33, 0.8367025256156921
0, 1074, 1065, 29, 34, 0.8366042375564575
0, 97, 142, 33, 34, 0.8358383178710938
0, 208, 375, 32, 32, 0.8356413841247559
0, 115, 859, 28, 30, 0.8356034755706787
0, 1341, 1532, 33, 31, 0.8353449106216431
0, 905, 939, 33, 32, 0.8341191411018372
0, 934, 1333, 34, 32, 0.8321846127510071
0, 68, 1671, 32, 31, 0.8299069404602051
0, 385, 680, 33, 33, 0.8291296362876892
0, 341, 411, 33, 35, 0.8281157612800598
0, 781, 347, 32, 30, 0.8280102014541626
0, 1155, 351, 32, 33, 0.8253526091575623
0, 698, 1272, 32, 32, 0.8245826363563538
0, 76, 751, 33, 31, 0.8243228793144226
0, 1547, 1059, 32, 33, 0.8221821784973145
0, 669, 1196, 37, 33, 0.8200746774673462
0, 144, 674, 34, 36, 0.8195689916610718
0, 1067, 396, 31, 29, 0.8179895281791687
0, 1723, 322, 34, 31, 0.8172996044158936
0, 200, 1249, 32, 29, 0.8168659210205078
0, 272, 101, 29, 32, 0.8166362643241882
0, 736, 601, 31, 30, 0.8154971599578857
0, 1422, 1734, 25, 32, 0.8153376579284668
0, 940, 796, 32, 29, 0.8133890628814697
0, 349, 58, 34, 32, 0.8124921917915344
0, 1086, 787, 29, 29, 0.8122716546058655
0, 1527, 342, 27, 32, 0.8118821978569031
0, 240, 244, 29, 31, 0.8104808330535889
0, 1135, 244, 35, 39, 0.8104540109634399
0, 1079, 1116, 29, 33, 0.8089301586151123
0, 246, 1696, 31, 29, 0.8089122772216797
0, 831, 1616, 31, 31, 0.8087990283966064
0, 1010, 1249, 32, 35, 0.8071743845939636
0, 1368, 1088, 32, 31, 0.8064354062080383
0, 152, 1222, 35, 30, 0.8056542873382568
0, 705, 1224, 25, 31, 0.7990000247955322
0, 914, 95, 35, 31, 0.7978305816650391
0, 1224, 104, 32, 29, 0.796789824962616
0, 1281, 1755, 35, 30, 0.7955580949783325
0, 1214, 1476, 27, 31, 0.7928510904312134
0, 354, 1381, 29, 32, 0.7919743061065674
0, 1546, 1367, 31, 34, 0.7915137410163879
0, 1536, 1098, 29, 33, 0.7903807163238525
0, 1296, 641, 34, 31, 0.7903497815132141
0, 1286, 448, 32, 30, 0.7896673679351807
0, 339, 498, 29, 28, 0.7878041863441467
0, 1320, 1489, 31, 29, 0.7820410132408142
0, 973, 1125, 27, 34, 0.7801470160484314
0, 706, 991, 34, 38, 0.7786176204681396
0, 993, 918, 34, 34, 0.7776173949241638
0, 80, 1550, 33, 37, 0.774619996547699
0, 1712, 1599, 33, 38, 0.7720303535461426
0, 219, 1644, 36, 33, 0.771051287651062
0, 1044, 13, 31, 26, 0.7708489298820496
0, 1274, 274, 34, 38, 0.7703636288642883
0, 68, 1425, 28, 32, 0.7702312469482422
0, 989, 579, 31, 32, 0.7699049115180969
0, 836, 1196, 33, 29, 0.7690300941467285
0, 1310, 1347, 31, 31, 0.7667635083198547
0, 279, 138, 28, 33, 0.7661584615707397
0, 447, 77, 31, 29, 0.7656592726707458
0, 1485, 1475, 29, 31, 0.7655521631240845
0, 1240, 653, 29, 33, 0.7653716802597046
0, 966, 1747, 32, 29, 0.7646602988243103
0, 368, 1571, 29, 35, 0.7638149261474609
0, 821, 1087, 32, 34, 0.7626954913139343
0, 1033, 1001, 33, 32, 0.7606605291366577
0, 725, 368, 30, 29, 0.7606449127197266
0, 1449, 437, 32, 32, 0.7596130967140198
0, 1155, 904, 26, 28, 0.7590089440345764
0, 470, 1710, 29, 28, 0.7565482258796692
0, 1508, 983, 35, 39, 0.756023645401001
0, 315, 1229, 35, 27, 0.7557733058929443
0, 691, 416, 31, 27, 0.755650520324707
0, 910, 1719, 31, 27, 0.7528512477874756
0, 1259, 1636, 34, 30, 0.7515655755996704
0, 761, 122, 30, 35, 0.7514675855636597
0, 123, 1012, 38, 24, 0.7505368590354919
0, 50, 1722, 29, 27, 0.7501395344734192
0, 1120, 1322, 32, 31, 0.7492625117301941
0, 1330, 1046, 32, 32, 0.7490952610969543
0, 911, 1044, 30, 30, 0.7479271292686462
0, 156, 342, 27, 30, 0.7475194334983826
0, 754, 673, 26, 31, 0.7474901676177979
0, 665, 1226, 33, 31, 0.7462755441665649
0, 500, 196, 32, 36, 0.7462242245674133
0, 1045, 655, 39, 32, 0.7457505464553833
0, 487, 1246, 35, 35, 0.7453402876853943
0, 1249, 1475, 29, 30, 0.7452135682106018
0, 1280, 1061, 29, 29, 0.7447564601898193
0, 507, 579, 37, 28, 0.7411252856254578
0, 1364, 803, 31, 29, 0.7408186793327332
0, 446, 1409, 29, 28, 0.7382153868675232
0, 1357, 296, 28, 32, 0.7369962930679321
0, 1003, 1508, 30, 29, 0.7360883355140686
0, 109, 1280, 30, 30, 0.7359888553619385
0, 990, 74, 29, 26, 0.7358784675598145
0, 727, 1740, 29, 27, 0.7340889573097229
0, 589, 371, 29, 32, 0.7336474061012268
0, 715, 853, 30, 31, 0.7331162691116333
0, 1215, 1706, 31, 31, 0.7328904867172241
0, 1015, 1447, 27, 28, 0.7324978709220886
0, 1023, 578, 27, 31, 0.7322319746017456
0, 162, 1178, 34, 33, 0.7314174771308899
0, 361, 940, 44, 29, 0.730867862701416
0, 901, 1293, 32, 29, 0.7305375933647156
0, 210, 1320, 27, 34, 0.728692889213562
0, 273, 322, 26, 28, 0.7285701632499695
0, 14, 1379, 28, 34, 0.7279805541038513
0, 1157, 1171, 28, 27, 0.726605236530304
0, 934, 830, 28, 27, 0.7256972193717957
0, 1354, 1248, 32, 29, 0.7242766618728638
0, 741, 1218, 28, 30, 0.7240313291549683
0, 1377, 211, 30, 27, 0.7234053015708923
0, 946, 950, 27, 32, 0.7229464650154114
0, 161, 1544, 28, 37, 0.7218468189239502
0, 593, 574, 31, 33, 0.7213147878646851
0, 645, 159, 24, 36, 0.7204692959785461
0, 1201, 1553, 33, 32, 0.7172188758850098
0, 1655, 1566, 29, 28, 0.7168586254119873
0, 1101, 1460, 31, 31, 0.7125164866447449
0, 850, 1720, 35, 34, 0.7125149369239807
0, 1406, 1132, 26, 31, 0.7098100185394287
0, 20, 460, 35, 36, 0.7088388800621033
0, 1305, 1283, 29, 28, 0.7078977227210999
0, 91, 1733, 34, 34, 0.7059473991394043
0, 559, 1709, 33, 32, 0.7038117051124573
0, 1405, 1062, 34, 32, 0.7003577351570129
0, 1176, 1721, 25, 25, 0.7001844048500061
0, 1679, 475, 28, 29, 0.7000225782394409
0, 1374, 35, 31, 27, 0.70001220703125
0, 130, 293, 37, 33, 0.6993101835250854
0, 54, 137, 25, 28, 0.6989251971244812
0, 162, 452, 30, 30, 0.6973584294319153
0, 799, 612, 26, 29, 0.696993350982666
0, 1069, 894, 28, 29, 0.6956189870834351
0, 282, 1303, 31, 33, 0.6942354440689087
0, 1448, 560, 26, 27, 0.6922780275344849
0, 1084, 1400, 29, 27, 0.692031979560852
0, 1479, 98, 33, 38, 0.6906982660293579
0, 908, 1750, 30, 28, 0.6886166930198669
0, 1155, 840, 29, 28, 0.6877201199531555
0, 630, 1157, 24, 36, 0.6875099539756775
0, 751, 198, 31, 30, 0.686340868473053
0, 296, 1105, 31, 30, 0.6860977411270142
0, 535, 1036, 31, 28, 0.6860495209693909
0, 1620, 512, 29, 25, 0.6853132843971252
0, 1409, 1427, 30, 29, 0.6847134232521057
0, 1286, 825, 32, 29, 0.684230625629425
0, 874, 1372, 30, 33, 0.6839796304702759
0, 776, 58, 27, 29, 0.6839660406112671
0, 794, 1206, 24, 29, 0.6834966540336609
0, 628, 588, 29, 28, 0.683466911315918
0, 789, 1639, 29, 30, 0.681418776512146
0, 32, 1655, 25, 27, 0.6813256144523621
0, 1032, 1173, 28, 27, 0.6809269189834595
0, 267, 1592, 56, 50, 0.6784502863883972
0, 265, 918, 29, 27, 0.6763951778411865
0, 1603, 647, 29, 32, 0.6756060123443604
0, 62, 1466, 36, 35, 0.6748210787773132
0, 1274, 607, 27, 26, 0.6725894212722778
0, 785, 913, 33, 25, 0.6725247502326965
0, 1560, 1581, 25, 28, 0.6716583967208862
0, 71, 1099, 31, 31, 0.6716296076774597
0, 1119, 1596, 30, 29, 0.6703985929489136
0, 375, 450, 28, 30, 0.6692094802856445
0, 100, 894, 28, 26, 0.6666777729988098
0, 405, 651, 30, 32, 0.664810061454773
0, 734, 10, 32, 20, 0.6644877791404724
0, 804, 269, 27, 29, 0.6641743183135986
0, 324, 833, 30, 30, 0.6605034470558167
0, 1398, 849, 27, 30, 0.6600979566574097
0, 1681, 1469, 27, 33, 0.6594523191452026
0, 726, 273, 23, 24, 0.6586480140686035
0, 658, 809, 29, 27, 0.6558960676193237
0, 1432, 974, 28, 37, 0.6542208194732666
0, 315, 1007, 27, 30, 0.6528096795082092
0, 1071, 299, 25, 24, 0.6511222124099731
0, 1099, 1288, 31, 29, 0.6511157155036926
0, 652, 446, 28, 29, 0.6510786414146423
0, 167, 753, 26, 30, 0.650711178779602
0, 569, 827, 27, 30, 0.6496189832687378
0, 920, 1440, 29, 31, 0.6479059457778931
0, 1124, 883, 29, 30, 0.6448878049850464
0, 546, 661, 28, 30, 0.6440900564193726
0, 436, 1651, 32, 30, 0.6437790393829346
0, 1041, 344, 26, 28, 0.643756091594696
0, 1127, 1486, 28, 27, 0.6436474323272705
0, 1490, 374, 29, 25, 0.6435909271240234
0, 1186, 525, 29, 26, 0.6434957981109619
0, 1329, 791, 25, 26, 0.6426486372947693
0, 349, 1660, 28, 32, 0.6371697187423706
0, 527, 1747, 28, 29, 0.6351921558380127
0, 1404, 897, 26, 26, 0.631379246711731
0, 11, 587, 22, 27, 0.6313639283180237
0, 688, 668, 32, 33, 0.631330668926239
0, 1174, 1685, 28, 30, 0.6287919282913208
0, 1499, 82, 29, 29, 0.6285505890846252
0, 1709, 1372, 29, 27, 0.6277326345443726
0, 1676, 775, 30, 29, 0.6236636638641357
0, 899, 353, 27, 41, 0.6230918169021606
0, 280, 712, 33, 36, 0.6178889274597168
0, 395, 391, 26, 35, 0.6156474351882935
0, 1125, 817, 33, 39, 0.6126360893249512
0, 866, 1291, 23, 30, 0.6078532338142395
0, 273, 1389, 26, 23, 0.6044794321060181
0, 661, 773, 30, 33, 0.604239284992218
0, 1192, 452, 31, 28, 0.6026731133460999
0, 477, 1307, 28, 29, 0.5948190689086914
0, 1744, 1125, 31, 27, 0.5933635234832764
0, 13, 885, 26, 33, 0.592860221862793
0, 1136, 533, 28, 33, 0.5919262170791626
0, 1369, 1403, 30, 25, 0.587390124797821
0, 1679, 926, 32, 27, 0.5862696170806885
0, 311, 1180, 32, 28, 0.5849987864494324
0, 1580, 478, 19, 34, 0.5830788612365723
0, 750, 1362, 27, 32, 0.5761323571205139
0, 1206, 954, 45, 30, 0.5758334994316101
0, 192, 773, 33, 31, 0.5754803419113159
0, 317, 1577, 28, 29, 0.5747110843658447
0, 1531, 147, 28, 31, 0.5739589929580688
0, 1325, 1204, 24, 27, 0.5732932686805725
0, 1463, 701, 32, 29, 0.572053074836731
0, 1224, 1042, 29, 27, 0.57058185338974
0, 1067, 1444, 25, 30, 0.5700632333755493
0, 258, 290, 25, 27, 0.5699309706687927
0, 409, 286, 34, 31, 0.5695868730545044
0, 985, 1174, 24, 26, 0.5693897008895874
0, 1553, 567, 26, 30, 0.5692251324653625
0, 1661, 506, 29, 20, 0.5671477913856506
0, 684, 236, 28, 31, 0.5659716725349426
0, 376, 157, 27, 32, 0.5580332279205322
0, 1027, 1744, 24, 26, 0.5555209517478943
0, 1684, 276, 30, 28, 0.5519503951072693
0, 856, 1526, 28, 34, 0.5516638159751892
0, 1098, 1697, 25, 32, 0.5515369176864624
0, 304, 1686, 26, 27, 0.5509570837020874
0, 581, 101, 22, 29, 0.5507838726043701
0, 1533, 210, 26, 26, 0.5498809218406677
0, 306, 514, 26, 27, 0.5494770407676697
0, 564, 865, 26, 26, 0.5489158034324646
0, 107, 1373, 26, 26, 0.5488595962524414
0, 1241, 206, 28, 27, 0.5453502535820007
0, 1703, 1302, 29, 34, 0.5413936972618103
0, 810, 1580, 26, 25, 0.5404608249664307
0, 520, 1006, 42, 29, 0.5402346253395081
0, 1719, 974, 34, 31, 0.5402002930641174
0, 317, 1393, 29, 29, 0.5336334109306335
0, 905, 755, 24, 27, 0.5333976745605469
0, 760, 269, 23, 28, 0.532384991645813
0, 230, 1494, 28, 27, 0.5305386185646057
0, 1367, 1762, 37, 16, 0.5293945670127869
0, 1715, 812, 31, 29, 0.5236924886703491
0, 387, 1549, 38, 37, 0.515937864780426
0, 1474, 1568, 31, 30, 0.5135312676429749
0, 46, 817, 25, 28, 0.5117323398590088
0, 1632, 360, 32, 34, 0.509168803691864
0, 847, 1152, 29, 27, 0.5066636204719543
0, 1269, 1435, 32, 28, 0.5060285925865173
0, 851, 1347, 24, 26, 0.5014345645904541
0, 1098, 662, 32, 32, 0.4905497133731842
0, 1151, 1666, 26, 22, 0.4984879493713379
0, 1327, 104, 28, 28, 0.49214282631874084
0, 865, 750, 33, 35, 0.48886600136756897
0, 1363, 1374, 40, 28, 0.4968486726284027
0, 636, 859, 27, 25, 0.49713993072509766
0, 407, 556, 27, 31, 0.48039722442626953
0, 557, 704, 36, 28, 0.4978480339050293
0, 389, 201, 25, 26, 0.49744486808776855
0, 1521, 732, 27, 29, 0.4891553223133087
0, 9, 661, 18, 31, 0.48871687054634094
0, 477, 905, 29, 33, 0.48487716913223267
0, 1231, 727, 27, 32, 0.4810524582862854
0, 1231, 727, 27, 32, 0.4810524582862854
