3, 127, 231, 59, 62, 0.8534672856330872
3, 324, 503, 46, 50, 0.7830774188041687
3, 294, 615, 56, 59, 0.7796884775161743
3, 53, 307, 51, 57, 0.760694146156311
3, 107, 459, 56, 59, 0.675370454788208
3, 76, 516, 48, 44, 0.6374270915985107
2, 336, 456, 38, 31, 0.6261228322982788
3, 71, 395, 49, 53, 0.6149563789367676
3, 213, 453, 46, 45, 0.6015794277191162
3, 337, 159, 49, 57, 0.5878390669822693
3, 124, 301, 59, 60, 0.5799633860588074
3, 136, 573, 69, 67, 0.5567713379859924
1, 195, 331, 24, 26, 0.5523716807365417
3, 261, 133, 76, 76, 0.5483200550079346
1, 148, 453, 28, 27, 0.4918539226055145
1, 225, 175, 22, 22, 0.483699232339859
2, 130, 352, 32, 38, 0.45256543159484863
3, 330, 242, 41, 42, 0.4444907307624817
1, 265, 271, 23, 24, 0.41645535826683044
2, 342, 283, 37, 37, 0.4047090411186218
3, 205, 570, 45, 42, 0.4042421281337738
2, 222, 334, 26, 29, 0.3797832727432251
3, 266, 650, 45, 40, 0.3769005537033081
3, 290, 481, 39, 39, 0.37400713562965393
1, 191, 277, 23, 22, 0.3643493056297302
3, 83, 345, 55, 49, 0.3641127347946167
3, 308, 116, 30, 35, 0.3492989242076874
1, 250, 327, 25, 25, 0.3411043882369995
3, 193, 91, 46, 36, 0.33892807364463806
3, 229, 283, 54, 55, 0.3303338289260864
2, 192, 240, 33, 31, 0.31819719076156616
3, 342, 413, 53, 47, 0.3135318160057068
1, 310, 185, 30, 29, 0.3089134693145752
1, 290, 377, 28, 25, 0.2923645079135895
2, 310, 429, 24, 28, 0.286199152469635
3, 333, 319, 39, 35, 0.28067147731781006
3, 242, 623, 42, 39, 0.2721157371997833
3, 310, 430, 26, 30, 0.2522110044956207
2, 123, 62, 33, 33, 0.25098153948783875
3, 114, 392, 40, 44, 0.2489984631538391
3, 87, 551, 35, 33, 0.20949949324131012
2, 239, 579, 25, 26, 0.20412591099739075
1, 252, 199, 29, 21, 0.19558294117450714
2, 54, 308, 54, 60, 0.1854863315820694
2, 275, 308, 31, 28, 0.17839878797531128
2, 266, 650, 45, 40, 0.17483067512512207
2, 333, 319, 37, 34, 0.17093603312969208
1, 116, 399, 22, 23, 0.16950811445713043
3, 220, 537, 58, 33, 0.1570761352777481
2, 290, 481, 39, 38, 0.15379557013511658
3, 373, 456, 40, 57, 0.1537952721118927
2, 250, 327, 26, 26, 0.15058240294456482
3, 124, 510, 51, 46, 0.1463565081357956
1, 152, 67, 25, 27, 0.13944990932941437
3, 51, 484, 46, 39, 0.1375008225440979
3, 220, 557, 69, 74, 0.1370953768491745
3, 128, 352, 36, 42, 0.1332555115222931
3, 61, 442, 37, 38, 0.12789858877658844
3, 89, 279, 37, 38, 0.1252022236585617
1, 95, 546, 21, 20, 0.12410490214824677
2, 324, 504, 46, 49, 0.12405062466859818
3, 193, 240, 33, 35, 0.12242437154054642
2, 193, 91, 46, 36, 0.122406505048275
1, 196, 170, 20, 22, 0.11859694868326187
2, 213, 538, 35, 29, 0.11367468535900116
3, 179, 371, 52, 50, 0.11335079371929169
2, 189, 170, 35, 37, 0.11028418689966202
3, 239, 580, 27, 27, 0.10253444314002991
3, 122, 400, 69, 57, 0.1018253043293953
2, 308, 116, 27, 32, 0.09764319658279419
3, 278, 418, 43, 60, 0.09332925826311111
2, 266, 271, 25, 26, 0.09249691665172577
2, 178, 307, 20, 19, 0.09042110294103622
2, 330, 242, 41, 43, 0.08552040904760361
3, 211, 205, 34, 38, 0.08507169038057327
2, 338, 158, 48, 58, 0.08006598800420761
3, 216, 450, 28, 29, 0.07863835990428925
1, 246, 625, 32, 29, 0.07522298395633698
1, 216, 570, 21, 20, 0.071036197245121
3, 260, 684, 25, 26, 0.06677912920713425
1, 320, 492, 19, 21, 0.06529462337493896
3, 247, 626, 30, 27, 0.06297936290502548
3, 275, 308, 33, 29, 0.06219487637281418
3, 147, 119, 51, 43, 0.06111264228820801
3, 155, 161, 44, 49, 0.061016231775283813
3, 255, 195, 37, 31, 0.059724193066358566
3, 291, 378, 32, 31, 0.05744004622101784
1, 270, 645, 31, 23, 0.05743442103266716
3, 157, 604, 25, 23, 0.05637539178133011
2, 90, 280, 33, 36, 0.05602753162384033
2, 174, 420, 35, 34, 0.05523509532213211
3, 191, 279, 28, 28, 0.052606187760829926
2, 190, 283, 27, 31, 0.05231865495443344
1, 178, 307, 19, 18, 0.049430251121520996
3, 216, 570, 21, 20, 0.04790052771568298
3, 225, 653, 20, 24, 0.04530277103185654
2, 215, 571, 24, 26, 0.04392213746905327
3, 192, 169, 33, 38, 0.04317520931363106
2, 88, 551, 36, 31, 0.041975680738687515
2, 294, 611, 51, 45, 0.04188375920057297
3, 310, 185, 30, 29, 0.04121548682451248
3, 123, 61, 34, 34, 0.04112238064408302
3, 211, 417, 43, 40, 0.040080200880765915
2, 209, 417, 42, 40, 0.03542281687259674
0, 366, 738, 23, 8, 0.033487457782030106
2, 372, 457, 35, 57, 0.032342057675123215
1, 64, 447, 25, 25, 0.031629763543605804
1, 323, 383, 18, 23, 0.03157181665301323
3, 268, 353, 33, 30, 0.03151237964630127
1, 346, 423, 31, 21, 0.03141360729932785
2, 177, 420, 22, 26, 0.030765727162361145
2, 156, 605, 24, 23, 0.028807491064071655
2, 212, 452, 38, 37, 0.0286045353859663
1, 209, 197, 28, 23, 0.027405211701989174
3, 377, 722, 114, 40, 0.026032723486423492
3, 54, 424, 33, 34, 0.02546953409910202
2, 374, 471, 23, 24, 0.02511489950120449
1, 123, 467, 21, 28, 0.024997124448418617
2, 281, 153, 32, 35, 0.024603724479675293
3, 155, 62, 33, 35, 0.02357172593474388
2, 292, 381, 36, 38, 0.023524995893239975
3, 174, 420, 29, 39, 0.022957054898142815
2, 126, 594, 23, 22, 0.021769577637314796
3, 291, 605, 44, 34, 0.0196000374853611
2, 260, 684, 24, 27, 0.018086565658450127
1, 185, 321, 35, 43, 0.016074590384960175
3, 146, 510, 72, 47, 0.016023816540837288
3, 161, 509, 37, 43, 0.015355266630649567
3, 60, 479, 36, 30, 0.015303135849535465
3, 121, 467, 26, 33, 0.015039329417049885
3, 141, 407, 32, 37, 0.015019550919532776
1, 126, 593, 23, 22, 0.014972078613936901
2, 222, 546, 61, 48, 0.014310465194284916
2, 375, 469, 15, 18, 0.013392338529229164
3, 322, 495, 37, 27, 0.013167271390557289
3, 233, 635, 43, 65, 0.013035162352025509
3, 94, 563, 57, 66, 0.012676887214183807
3, 156, 162, 29, 32, 0.01261298917233944
3, 176, 311, 24, 28, 0.012384723871946335
3, 306, 42, 244, 84, 0.012367024086415768
3, 119, 719, 238, 46, 0.01149885542690754
3, 55, 228, 106, 91, 0.011399208568036556
2, 343, 460, 25, 22, 0.010844825766980648
2, 223, 176, 25, 25, 0.010534278117120266
3, 32, 520, 29, 30, 0.010418367572128773
2, 60, 447, 35, 30, 0.010136529803276062
1, 364, 738, 28, 8, 0.010121339932084084
3, 248, 246, 32, 31, 0.01009717583656311
3, 189, 48, 32, 44, 0.0098418565467
3, 190, 165, 49, 53, 0.009820605628192425
1, 281, 154, 28, 32, 0.009244137443602085
3, 162, 55, 55, 54, 0.009213247336447239
3, 216, 617, 21, 31, 0.009167339652776718
1, 375, 469, 15, 17, 0.009148085489869118
3, 179, 429, 51, 57, 0.009014212526381016
1, 114, 392, 34, 43, 0.00867630634456873
1, 140, 405, 23, 23, 0.008160979487001896
1, 123, 62, 32, 33, 0.008067281916737556
1, 246, 247, 31, 25, 0.008067232556641102
3, 255, 196, 46, 58, 0.007818588986992836
3, 363, 353, 75, 43, 0.007680939044803381
3, 380, 706, 108, 73, 0.0076483022421598434
3, 280, 430, 32, 35, 0.007526400964707136
3, 70, 384, 40, 30, 0.007424387149512768
3, 275, 281, 41, 55, 0.007198710925877094
2, 208, 560, 41, 30, 0.007012542337179184
3, 257, 358, 61, 46, 0.006912058684974909
1, 260, 632, 26, 25, 0.00659295916557312
2, 243, 622, 44, 40, 0.006304134614765644
1, 157, 61, 36, 40, 0.006048473995178938
2, 224, 653, 22, 25, 0.0058509837836027145
2, 206, 443, 58, 51, 0.0058367750607430935
3, 172, 200, 35, 25, 0.005779240746051073
3, 176, 179, 47, 67, 0.005715131293982267
3, 195, 423, 64, 49, 0.0056999907828867435
3, 290, 389, 51, 60, 0.00568382628262043
3, 237, 645, 19, 17, 0.005612949840724468
2, 343, 173, 35, 28, 0.0055742715485394
2, 214, 552, 37, 41, 0.005541756749153137
1, 290, 605, 41, 32, 0.005530376452952623
3, 170, 164, 72, 65, 0.005524334963411093
3, 202, 142, 108, 113, 0.005310862325131893
2, 219, 566, 41, 42, 0.005256065633147955
2, 246, 245, 33, 30, 0.00516938604414463
3, 284, 397, 34, 29, 0.004904297646135092
1, 0, 726, 0, 33, 0.004877037368714809
3, 334, 657, 193, 167, 0.00485040619969368
3, 229, 655, 31, 33, 0.004830013029277325
3, 62, 47, 124, 94, 0.004772793501615524
3, 180, 307, 32, 46, 0.004726821091026068
3, 157, 143, 62, 94, 0.0045761181972920895
3, 319, 624, 105, 85, 0.0045737517066299915
2, 230, 574, 47, 42, 0.004478543531149626
3, 207, 718, 239, 48, 0.00445310166105628
3, 280, 234, 26, 30, 0.004366020206362009
3, 129, 659, 259, 152, 0.004296737257391214
2, 310, 461, 40, 36, 0.004197537433356047
2, 175, 429, 42, 58, 0.004114897456020117
3, 252, 264, 48, 55, 0.004073347430676222
3, 240, 668, 12, 11, 0.004059923347085714
0, 434, 729, 1, 26, 0.004009721800684929
3, 341, 283, 41, 37, 0.00370656605809927
1, 254, 190, 34, 40, 0.0036527260672301054
2, 238, 588, 39, 44, 0.003619942581281066
3, 279, 367, 45, 47, 0.0036110070068389177
2, 271, 279, 33, 41, 0.0036084686871618032
2, 241, 347, 12, 13, 0.0036006267182528973
3, 295, 267, 35, 36, 0.0035821418277919292
3, 260, 341, 61, 54, 0.0034990112762898207
3, 82, 456, 87, 55, 0.0034965001977980137
2, 263, 354, 47, 35, 0.003382307244464755
3, 80, 528, 38, 31, 0.003345692763105035
3, 297, 214, 33, 30, 0.0032669384963810444
1, 267, 353, 32, 31, 0.003226171713322401
3, 282, 154, 31, 32, 0.0032180410344153643
3, 155, 44, 108, 87, 0.003166350768879056
2, 142, 407, 31, 32, 0.003082919865846634
3, 280, 193, 98, 69, 0.0030690913554280996
2, 128, 599, 33, 33, 0.0030329765286296606
3, 147, 463, 54, 62, 0.00289792544208467
3, 36, 513, 42, 48, 0.002858880441635847
3, 375, 367, 102, 75, 0.0028518654871731997
3, 334, 502, 27, 45, 0.0028262012638151646
1, 0, 21, 0, 42, 0.002796091139316559
3, 153, 69, 69, 63, 0.002791451057419181
3, 370, 441, 28, 26, 0.0027850111946463585
3, 252, 724, 157, 37, 0.002771801082417369
3, 380, 731, 76, 22, 0.0026446545962244272
3, 234, 591, 30, 33, 0.0025783583987504244
3, 292, 686, 173, 112, 0.0025653312914073467
2, 340, 427, 45, 27, 0.0025515591260045767
3, 109, 580, 162, 113, 0.00252550863660872
3, 275, 85, 46, 36, 0.002491644350811839
3, 304, 168, 57, 68, 0.0024756828788667917
3, 284, 370, 29, 31, 0.0024615430738776922
1, 68, 382, 29, 26, 0.002434177091345191
3, 258, 697, 93, 77, 0.0024275132454931736
3, 328, 724, 212, 36, 0.0023984394501894712
3, 337, 233, 25, 23, 0.0023626978509128094
2, 184, 305, 25, 27, 0.0023622270673513412
1, 247, 239, 22, 21, 0.0023539976682513952
3, 288, 531, 62, 83, 0.0023198239505290985
3, 164, 704, 264, 77, 0.0022407968062907457
2, 347, 423, 29, 21, 0.002238583518192172
3, 204, 215, 30, 26, 0.002228119410574436
2, 340, 447, 29, 21, 0.00222252169623971
3, 221, 171, 68, 43, 0.0022170941811054945
3, 45, 498, 48, 61, 0.0021983981132507324
3, 45, 330, 84, 108, 0.0021713729947805405
3, 84, 627, 168, 231, 0.002150133717805147
3, 66, 317, 80, 75, 0.002092246897518635
3, 265, 616, 96, 61, 0.002076466102153063
3, 18, 309, 36, 136, 0.0020704297348856926
1, 309, 285, 20, 21, 0.002023002365604043
3, 175, 444, 64, 59, 0.002013749908655882
3, 94, 546, 26, 27, 0.002013578312471509
3, 334, 269, 37, 41, 0.001961988164111972
2, 182, 312, 34, 39, 0.0019248484168201685
3, 282, 409, 35, 33, 0.00190208840649575
3, 211, 390, 29, 22, 0.0018827933818101883
3, 278, 142, 44, 57, 0.0018718854989856482
3, 207, 42, 222, 85, 0.0018591973930597305
3, 231, 673, 97, 128, 0.0018445828463882208
3, 277, 95, 67, 65, 0.001839373493567109
3, 158, 174, 35, 34, 0.0018298233626410365
2, 328, 489, 32, 33, 0.001824139733798802
3, 59, 429, 49, 71, 0.0018140474567189813
3, 291, 219, 54, 63, 0.0017987405881285667
2, 240, 668, 14, 12, 0.0017987191677093506
3, 255, 634, 70, 71, 0.0017566350288689137
3, 247, 278, 63, 53, 0.0017566175665706396
3, 354, 338, 67, 71, 0.001733900047838688
3, 74, 503, 45, 28, 0.001714878249913454
3, 309, 285, 20, 21, 0.0016417416045442224
1, 280, 233, 27, 33, 0.0016284117009490728
3, 331, 147, 36, 35, 0.0016191316535696387
3, 361, 729, 54, 23, 0.0015773065388202667
3, 232, 347, 66, 77, 0.0015761309769004583
3, 41, 305, 30, 49, 0.0015710211591795087
1, 232, 180, 40, 34, 0.0015700601506978273
3, 246, 258, 34, 30, 0.001564697129651904
3, 385, 458, 72, 79, 0.001543825026601553
3, 322, 250, 28, 28, 0.0015359189128503203
3, 289, 717, 213, 51, 0.0015350707108154893
3, 65, 470, 65, 48, 0.001525847357697785
1, 300, 212, 37, 30, 0.0015019644051790237
1, 206, 149, 20, 24, 0.001472514122724533
2, 305, 447, 27, 27, 0.0014593723462894559
3, 281, 287, 23, 19, 0.0014478381490334868
2, 164, 425, 35, 36, 0.0014415137702599168
2, 277, 280, 23, 25, 0.0014052343321964145
3, 82, 531, 58, 66, 0.0013965440448373556
3, 276, 376, 75, 92, 0.0013715083478018641
3, 254, 234, 56, 72, 0.0013621884863823652
3, 194, 365, 84, 89, 0.001358121051453054
3, 69, 292, 74, 53, 0.0013471486745402217
3, 204, 221, 56, 68, 0.0013218197273090482
2, 286, 622, 46, 51, 0.0013196466024965048
3, 128, 74, 57, 73, 0.0013015709118917584
3, 97, 23, 88, 46, 0.0012650357093662024
