1, 1271, 72, 16, 13, 0.7849457263946533
1, 497, 122, 18, 19, 0.6850953698158264
1, 827, 121, 19, 18, 0.684442937374115
1, 122, 72, 20, 16, 0.6812329888343811
1, 397, 71, 18, 16, 0.6709938049316406
1, 1193, 29, 18, 17, 0.6643786430358887
1, 146, 56, 19, 20, 0.6634543538093567
1, 644, 105, 17, 18, 0.6589187979698181
1, 1452, 49, 17, 19, 0.6506504416465759
1, 329, 92, 19, 17, 0.6497095227241516
1, 230, 64, 18, 20, 0.6488490104675293
1, 295, 48, 14, 11, 0.6437280178070068
1, 1191, 95, 16, 16, 0.6428530812263489
1, 778, 94, 21, 20, 0.6355711221694946
1, 1413, 47, 20, 18, 0.6326718926429749
1, 755, 75, 17, 17, 0.6267170906066895
1, 70, 76, 19, 19, 0.6260077953338623
1, 590, 105, 19, 21, 0.6079418659210205
1, 476, 91, 19, 19, 0.607311487197876
1, 740, 85, 19, 16, 0.5985901951789856
1, 682, 110, 18, 19, 0.594223141670227
1, 1023, 124, 21, 17, 0.5909675359725952
1, 1000, 109, 18, 20, 0.5900949239730835
1, 1023, 31, 21, 16, 0.5899467468261719
1, 927, 9, 22, 15, 0.5810437798500061
1, 81, 104, 19, 17, 0.5765290856361389
1, 369, 73, 22, 20, 0.5751873850822449
1, 520, 15, 17, 15, 0.5712127685546875
1, 723, 16, 17, 23, 0.569842517375946
1, 329, 126, 18, 20, 0.5695914030075073
1, 123, 143, 19, 18, 0.5653074979782104
1, 1404, 68, 21, 21, 0.5620315670967102
1, 212, 11, 16, 14, 0.561173677444458
1, 623, 126, 17, 20, 0.5596858859062195
1, 872, 15, 17, 18, 0.5558497905731201
1, 447, 94, 18, 17, 0.5541811585426331
1, 1246, 51, 16, 19, 0.5507302284240723
1, 1343, 57, 18, 17, 0.550722062587738
1, 417, 113, 18, 16, 0.5505618453025818
1, 365, 14, 21, 18, 0.5485135912895203
1, 1055, 55, 23, 22, 0.5478155016899109
1, 1270, 37, 17, 15, 0.5476937294006348
1, 43, 11, 23, 19, 0.546558678150177
1, 203, 123, 16, 12, 0.5424464344978333
1, 929, 54, 18, 22, 0.5421743988990784
1, 1146, 47, 18, 15, 0.5412037968635559
1, 550, 14, 19, 22, 0.5404854416847229
1, 719, 58, 19, 19, 0.5321662425994873
1, 892, 63, 16, 18, 0.5316972732543945
1, 28, 32, 17, 17, 0.5313552021980286
1, 345, 51, 19, 23, 0.530658483505249
1, 275, 30, 22, 24, 0.5277970433235168
1, 15, 13, 19, 18, 0.5271798372268677
1, 141, 123, 19, 14, 0.5240689516067505
1, 332, 73, 16, 16, 0.5225489735603333
1, 1034, 145, 17, 18, 0.5211793780326843
1, 163, 130, 17, 17, 0.5166645646095276
1, 568, 129, 15, 18, 0.5145439505577087
1, 500, 26, 18, 18, 0.5140835046768188
1, 416, 149, 16, 15, 0.5135500431060791
1, 868, 112, 14, 15, 0.5115020275115967
1, 59, 110, 17, 17, 0.5099294185638428
1, 647, 142, 21, 16, 0.5037251114845276
1, 99, 30, 17, 17, 0.5036181807518005
1, 848, 15, 23, 21, 0.4974457025527954
1, 550, 149, 14, 16, 0.4965362250804901
1, 1129, 38, 17, 18, 0.49447453022003174
1, 307, 33, 16, 12, 0.4942062199115753
1, 792, 70, 17, 20, 0.49146077036857605
1, 780, 12, 20, 17, 0.4863588213920593
1, 1243, 12, 18, 17, 0.4861140251159668
1, 369, 109, 22, 22, 0.4859384596347809
1, 305, 127, 16, 20, 0.48482847213745117
1, 680, 54, 15, 15, 0.48118335008621216
1, 510, 37, 17, 15, 0.47761955857276917
1, 830, 148, 15, 17, 0.4736713469028473
1, 1317, 37, 13, 18, 0.4735133945941925
1, 666, 85, 18, 15, 0.47317519783973694
1, 1384, 48, 17, 13, 0.47114232182502747
1, 1223, 33, 24, 15, 0.47031310200691223
1, 739, 32, 14, 19, 0.46569857001304626
1, 1439, 11, 18, 14, 0.46508222818374634
1, 1130, 127, 17, 13, 0.4594517648220062
1, 1450, 78, 16, 18, 0.4543169438838959
1, 698, 146, 15, 9, 0.4533635675907135
1, 968, 10, 14, 15, 0.4483832120895386
1, 622, 30, 17, 18, 0.4433060586452484
1, 1432, 71, 15, 19, 0.44305193424224854
1, 474, 145, 17, 14, 0.43894004821777344
1, 1029, 56, 19, 21, 0.43711790442466736
1, 100, 86, 18, 20, 0.43287453055381775
1, 20, 131, 19, 16, 0.43159472942352295
1, 115, 110, 19, 16, 0.4308710992336273
1, 1398, 34, 12, 12, 0.42954501509666443
1, 913, 31, 16, 20, 0.4272034466266632
1, 10, 67, 16, 16, 0.4262734651565552
1, 61, 150, 15, 15, 0.4247104525566101
1, 646, 71, 19, 18, 0.4186539649963379
1, 227, 150, 18, 16, 0.4171856939792633
1, 1074, 50, 15, 12, 0.4160481095314026
1, 221, 103, 17, 14, 0.412035197019577
1, 346, 147, 19, 19, 0.4090220630168915
1, 610, 110, 18, 16, 0.40855202078819275
1, 718, 90, 18, 19, 0.4027863144874573
1, 1113, 147, 15, 12, 0.4004375636577606
1, 1293, 52, 23, 17, 0.39157724380493164
1, 342, 19, 18, 19, 0.38534483313560486
1, 1367, 20, 15, 17, 0.3828795552253723
1, 1135, 139, 16, 16, 0.38258838653564453
1, 758, 109, 19, 14, 0.3789653182029724
1, 44, 122, 17, 16, 0.37746143341064453
1, 1029, 136, 17, 19, 0.3727920949459076
1, 1153, 19, 19, 20, 0.3720310628414154
1, 294, 145, 14, 13, 0.37149593234062195
1, 624, 148, 16, 16, 0.3704249858856201
1, 993, 20, 14, 19, 0.36874139308929443
1, 275, 144, 15, 17, 0.3642382025718689
1, 514, 133, 15, 21, 0.36289212107658386
1, 571, 75, 18, 20, 0.3622225522994995
1, 1379, 21, 19, 20, 0.3620092272758484
1, 833, 72, 18, 18, 0.36171236634254456
1, 433, 48, 19, 19, 0.35825371742248535
1, 1263, 142, 18, 19, 0.35461223125457764
1, 1172, 43, 20, 22, 0.35351353883743286
1, 753, 147, 15, 16, 0.3526034355163574
1, 81, 55, 16, 19, 0.34948286414146423
1, 7, 111, 14, 13, 0.343887060880661
1, 345, 124, 15, 16, 0.3431234359741211
1, 597, 33, 19, 15, 0.3431093394756317
1, 1364, 62, 17, 16, 0.3423967659473419
1, 306, 76, 21, 20, 0.3421242833137512
1, 1022, 11, 20, 13, 0.34109482169151306
1, 885, 35, 16, 18, 0.34043046832084656
1, 1265, 111, 19, 17, 0.33576154708862305
1, 394, 133, 15, 15, 0.3312530517578125
1, 1465, 9, 19, 16, 0.32975152134895325
1, 15, 122, 17, 17, 0.3292497396469116
1, 420, 90, 20, 13, 0.32797929644584656
1, 812, 71, 14, 18, 0.3276977241039276
1, 121, 12, 22, 17, 0.3246283531188965
1, 661, 13, 16, 12, 0.3243768811225891
1, 227, 128, 18, 19, 0.31790077686309814
1, 442, 147, 16, 15, 0.31635501980781555
1, 539, 104, 18, 17, 0.31627440452575684
1, 388, 110, 15, 20, 0.3136495351791382
1, 1176, 22, 16, 21, 0.31323349475860596
1, 1181, 96, 13, 15, 0.3124884366989136
1, 472, 125, 21, 17, 0.31231796741485596
1, 273, 92, 12, 15, 0.3081692159175873
1, 985, 138, 16, 17, 0.3074764907360077
1, 801, 110, 17, 19, 0.3066631853580475
1, 1375, 68, 16, 14, 0.30506253242492676
1, 1493, 112, 12, 28, 0.3029160797595978
1, 153, 107, 16, 15, 0.30179131031036377
1, 1064, 14, 21, 23, 0.30169928073883057
1, 642, 11, 19, 16, 0.30144035816192627
1, 1157, 90, 13, 16, 0.2972949743270874
1, 1299, 145, 14, 19, 0.29262620210647583
1, 604, 35, 16, 18, 0.2914605736732483
1, 586, 69, 15, 16, 0.28213322162628174
1, 1016, 87, 15, 13, 0.27994996309280396
1, 1493, 54, 13, 20, 0.2781108617782593
1, 1040, 111, 28, 27, 0.2772069275379181
1, 123, 33, 18, 12, 0.27124831080436707
1, 1222, 50, 23, 18, 0.2694976329803467
1, 1210, 113, 21, 20, 0.2680334746837616
1, 1365, 11, 16, 13, 0.26676467061042786
1, 1284, 143, 12, 15, 0.26662495732307434
1, 1106, 133, 13, 18, 0.2653125524520874
1, 362, 39, 18, 18, 0.26274049282073975
1, 700, 130, 16, 16, 0.2620815336704254
1, 1449, 105, 19, 17, 0.26162105798721313
1, 1096, 34, 25, 19, 0.2603810131549835
1, 1113, 34, 11, 16, 0.2595977485179901
1, 737, 127, 16, 12, 0.2593342959880829
1, 370, 143, 17, 14, 0.25781816244125366
1, 866, 65, 15, 17, 0.25763219594955444
1, 570, 20, 14, 17, 0.25474244356155396
1, 175, 84, 16, 22, 0.2542027533054352
1, 94, 61, 14, 15, 0.2539300322532654
1, 1244, 145, 11, 15, 0.25058794021606445
1, 802, 98, 15, 16, 0.25014474987983704
1, 455, 48, 17, 15, 0.25003039836883545
1, 1095, 10, 15, 14, 0.24439716339111328
1, 1265, 9, 17, 15, 0.2432955801486969
1, 1096, 73, 13, 12, 0.24122649431228638
1, 619, 24, 15, 19, 0.23797601461410522
1, 1138, 89, 15, 19, 0.2375393956899643
1, 702, 40, 20, 19, 0.23669202625751495
1, 663, 68, 16, 14, 0.23587751388549805
1, 378, 131, 18, 15, 0.23584312200546265
1, 1212, 54, 12, 15, 0.23339566588401794
1, 173, 77, 16, 23, 0.23022648692131042
1, 836, 49, 19, 15, 0.22912411391735077
1, 607, 52, 20, 11, 0.22859933972358704
1, 1257, 135, 13, 17, 0.22779561579227448
1, 1428, 39, 18, 18, 0.22767730057239532
1, 1292, 136, 13, 19, 0.22697173058986664
1, 6, 45, 12, 19, 0.22689466178417206
1, 661, 28, 14, 16, 0.2238883674144745
1, 843, 18, 17, 19, 0.22324305772781372
1, 443, 26, 14, 15, 0.22285915911197662
1, 1360, 53, 17, 10, 0.2180279940366745
1, 469, 135, 17, 20, 0.21454942226409912
1, 818, 45, 16, 17, 0.21365630626678467
1, 1112, 124, 15, 26, 0.20928093791007996
1, 831, 91, 16, 12, 0.20891836285591125
1, 693, 135, 14, 15, 0.2085215002298355
1, 13, 133, 21, 18, 0.2084769904613495
1, 997, 14, 17, 17, 0.20732343196868896
1, 283, 102, 19, 22, 0.20683114230632782
1, 95, 23, 15, 16, 0.2052813619375229
1, 256, 46, 18, 15, 0.20100362598896027
1, 700, 47, 16, 14, 0.20050308108329773
1, 191, 25, 21, 18, 0.1995222419500351
1, 458, 12, 12, 13, 0.19860436022281647
1, 247, 11, 26, 17, 0.1959201544523239
1, 1363, 39, 17, 18, 0.19265146553516388
1, 772, 46, 20, 15, 0.1923772096633911
1, 465, 67, 18, 14, 0.19185402989387512
1, 55, 99, 16, 17, 0.18676236271858215
1, 853, 73, 14, 17, 0.18649277091026306
1, 545, 20, 15, 19, 0.18328475952148438
1, 370, 130, 17, 13, 0.1815796047449112
1, 503, 22, 16, 17, 0.18116497993469238
1, 881, 61, 13, 16, 0.180867537856102
1, 253, 39, 18, 20, 0.1785958707332611
1, 844, 99, 14, 16, 0.1740911453962326
1, 1145, 22, 15, 19, 0.1740628331899643
1, 367, 45, 17, 17, 0.17243121564388275
1, 430, 25, 15, 17, 0.1706712245941162
1, 1309, 86, 14, 13, 0.17032767832279205
1, 401, 131, 18, 18, 0.16907888650894165
1, 517, 70, 13, 19, 0.16870489716529846
1, 206, 21, 14, 16, 0.167403906583786
1, 1075, 134, 19, 18, 0.16701772809028625
1, 474, 40, 19, 20, 0.16618716716766357
1, 517, 137, 14, 23, 0.16541099548339844
1, 393, 20, 17, 20, 0.164581298828125
1, 1193, 18, 16, 15, 0.16417305171489716
1, 151, 9, 19, 16, 0.16285260021686554
1, 343, 103, 19, 14, 0.16113291680812836
1, 127, 21, 16, 19, 0.1605050414800644
1, 1130, 13, 19, 18, 0.15910105407238007
1, 241, 87, 18, 13, 0.15895070135593414
1, 54, 61, 15, 16, 0.15787120163440704
1, 320, 47, 23, 22, 0.15707971155643463
1, 452, 36, 19, 14, 0.1569058746099472
1, 615, 84, 16, 15, 0.1563718616962433
1, 1176, 106, 14, 10, 0.15627408027648926
1, 208, 126, 18, 17, 0.1558244675397873
1, 1404, 24, 16, 16, 0.15497685968875885
1, 617, 99, 14, 15, 0.15390793979167938
1, 147, 149, 18, 16, 0.15201905369758606
1, 470, 20, 16, 19, 0.15108901262283325
1, 282, 97, 14, 16, 0.14996367692947388
1, 688, 11, 21, 18, 0.1474142074584961
1, 41, 64, 23, 23, 0.14563943445682526
1, 1309, 37, 20, 20, 0.14462488889694214
1, 130, 136, 16, 18, 0.1438588798046112
1, 355, 136, 14, 17, 0.14317509531974792
1, 357, 20, 15, 17, 0.14002534747123718
1, 728, 17, 15, 22, 0.13904716074466705
1, 989, 133, 18, 19, 0.1376420557498932
1, 582, 61, 14, 15, 0.1367974430322647
1, 475, 107, 19, 10, 0.1363123208284378
1, 752, 20, 22, 28, 0.13583426177501678
1, 400, 35, 20, 25, 0.1355254352092743
1, 815, 19, 18, 17, 0.13455289602279663
1, 918, 59, 12, 16, 0.13393861055374146
1, 1091, 143, 16, 14, 0.1323271244764328
1, 1150, 112, 18, 18, 0.13157998025417328
1, 1138, 136, 16, 19, 0.1306489109992981
1, 1106, 23, 14, 18, 0.13056068122386932
1, 695, 59, 13, 14, 0.13009421527385712
1, 122, 52, 20, 13, 0.12973979115486145
1, 202, 77, 24, 27, 0.12946170568466187
1, 547, 113, 17, 16, 0.12913329899311066
1, 476, 46, 17, 14, 0.12872451543807983
1, 870, 35, 16, 16, 0.12858286499977112
1, 723, 65, 20, 13, 0.1279415786266327
1, 442, 108, 16, 10, 0.12710395455360413
1, 910, 143, 13, 12, 0.12591664493083954
1, 658, 23, 16, 18, 0.12568669021129608
1, 878, 18, 15, 20, 0.12133585661649704
1, 732, 135, 14, 17, 0.12094064801931381
1, 547, 120, 19, 17, 0.1209152564406395
1, 205, 130, 14, 18, 0.11985860019922256
1, 1377, 130, 18, 14, 0.11936899274587631
1, 98, 70, 18, 10, 0.11880790442228317
1, 543, 134, 14, 16, 0.11718190461397171
1, 280, 136, 13, 16, 0.11653038114309311
1, 843, 62, 15, 17, 0.11478900909423828
1, 1052, 32, 19, 13, 0.113401859998703
1, 621, 135, 16, 18, 0.11303042620420456
1, 1054, 149, 14, 14, 0.11292204260826111
1, 501, 88, 14, 17, 0.11226918548345566
1, 470, 97, 15, 14, 0.11175748705863953
1, 422, 36, 19, 24, 0.11061874777078629
1, 881, 130, 12, 18, 0.11044072359800339
