0, 873.0, 746.0, 26.0, 29.0, 0.3360263705253601
0, 496.0, 181.0, 34.0, 32.0, 0.29673299193382263
0, 341.0, 139.0, 34.0, 34.0, 0.29409873485565186
0, 757.0, 36.0, 23.0, 29.0, 0.28979554772377014
0, 560.0, 812.0, 27.0, 28.0, 0.28797075152397156
0, 670.0, 470.0, 27.0, 29.0, 0.28565412759780884
0, 50.0, 120.0, 24.0, 28.0, 0.2818279266357422
0, 105.0, 65.0, 36.0, 38.0, 0.27915412187576294
0, 356.0, 528.0, 32.0, 38.0, 0.27804648876190186
0, 228.0, 286.0, 28.0, 26.0, 0.27772456407546997
0, 614.0, 802.0, 29.0, 31.0, 0.2769847512245178
0, 222.0, 951.0, 23.0, 24.0, 0.27191877365112305
0, 481.0, 392.0, 25.0, 28.0, 0.2625151574611664
0, 928.0, 315.0, 34.0, 27.0, 0.25253018736839294
0, 738.0, 201.0, 29.0, 30.0, 0.24902960658073425
0, 821.0, 922.0, 30.0, 27.0, 0.24831803143024445
0, 263.0, 311.0, 31.0, 32.0, 0.24010714888572693
0, 558.0, 604.0, 31.0, 30.0, 0.23557507991790771
0, 239.0, 118.0, 35.0, 26.0, 0.233883798122406
0, 185.0, 126.0, 33.0, 38.0, 0.23053981363773346
0, 224.0, 564.0, 30.0, 29.0, 0.22602687776088715
0, 861.0, 204.0, 30.0, 28.0, 0.22209718823432922
0, 326.0, 737.0, 27.0, 36.0, 0.21615520119667053
0, 297.0, 60.0, 26.0, 30.0, 0.21078787744045258
0, 672.0, 642.0, 22.0, 28.0, 0.20984888076782227
0, 450.0, 443.0, 26.0, 25.0, 0.20948736369609833
0, 623.0, 73.0, 23.0, 26.0, 0.2070809304714203
0, 799.0, 681.0, 27.0, 28.0, 0.20341120660305023
0, 705.0, 155.0, 31.0, 44.0, 0.20288413763046265
0, 443.0, 803.0, 29.0, 36.0, 0.2025848627090454
0, 511.0, 832.0, 28.0, 32.0, 0.20185890793800354
0, 476.0, 564.0, 22.0, 23.0, 0.20114845037460327
0, 882.0, 513.0, 26.0, 29.0, 0.19826877117156982
0, 36.0, 69.0, 25.0, 24.0, 0.19768591225147247
0, 672.0, 11.0, 35.0, 21.0, 0.1959128975868225
0, 600.0, 953.0, 23.0, 29.0, 0.19390931725502014
0, 312.0, 990.0, 23.0, 19.0, 0.1903744488954544
0, 364.0, 321.0, 28.0, 27.0, 0.1895938664674759
0, 235.0, 40.0, 25.0, 29.0, 0.18827959895133972
0, 459.0, 502.0, 28.0, 28.0, 0.18785260617733002
0, 929.0, 429.0, 25.0, 25.0, 0.18756771087646484
0, 670.0, 182.0, 29.0, 31.0, 0.18724125623703003
0, 48.0, 632.0, 39.0, 40.0, 0.18721903860569
0, 334.0, 625.0, 25.0, 32.0, 0.1871080845594406
0, 226.0, 324.0, 27.0, 38.0, 0.18509310483932495
0, 82.0, 182.0, 27.0, 27.0, 0.18255098164081573
0, 424.0, 936.0, 27.0, 25.0, 0.18084123730659485
0, 159.0, 798.0, 26.0, 25.0, 0.1807822436094284
0, 986.0, 385.0, 26.0, 29.0, 0.17981140315532684
0, 630.0, 20.0, 26.0, 31.0, 0.17907729744911194
0, 15.0, 672.0, 29.0, 33.0, 0.1788691133260727
0, 670.0, 311.0, 34.0, 35.0, 0.17743156850337982
0, 627.0, 964.0, 21.0, 30.0, 0.1739206463098526
0, 942.0, 922.0, 31.0, 34.0, 0.17199330031871796
0, 486.0, 827.0, 20.0, 32.0, 0.17193356156349182
0, 792.0, 146.0, 26.0, 31.0, 0.17140085995197296
0, 78.0, 847.0, 26.0, 31.0, 0.1702292114496231
0, 859.0, 585.0, 27.0, 23.0, 0.16974399983882904
0, 279.0, 273.0, 30.0, 27.0, 0.1697397381067276
0, 608.0, 529.0, 37.0, 27.0, 0.16947542130947113
0, 650.0, 262.0, 35.0, 26.0, 0.16816185414791107
0, 494.0, 587.0, 27.0, 37.0, 0.16783760488033295
0, 203.0, 37.0, 28.0, 33.0, 0.1676480770111084
0, 835.0, 172.0, 27.0, 34.0, 0.1676003336906433
0, 18.0, 579.0, 32.0, 30.0, 0.16746649146080017
0, 191.0, 740.0, 37.0, 32.0, 0.1671842634677887
0, 632.0, 829.0, 28.0, 28.0, 0.16666032373905182
0, 211.0, 770.0, 29.0, 28.0, 0.1640230417251587
0, 587.0, 638.0, 29.0, 22.0, 0.16173718869686127
0, 418.0, 294.0, 25.0, 25.0, 0.16082097589969635
0, 31.0, 45.0, 35.0, 28.0, 0.15823835134506226
0, 486.0, 768.0, 31.0, 30.0, 0.15811730921268463
0, 285.0, 685.0, 24.0, 20.0, 0.1565839946269989
0, 499.0, 675.0, 25.0, 22.0, 0.15657570958137512
0, 525.0, 13.0, 31.0, 24.0, 0.15582726895809174
0, 572.0, 150.0, 30.0, 27.0, 0.15510326623916626
0, 765.0, 894.0, 28.0, 27.0, 0.15483276546001434
0, 820.0, 63.0, 27.0, 25.0, 0.15482918918132782
0, 372.0, 936.0, 26.0, 31.0, 0.15017551183700562
0, 428.0, 913.0, 26.0, 21.0, 0.14848817884922028
0, 231.0, 239.0, 26.0, 33.0, 0.14716312289237976
0, 705.0, 705.0, 33.0, 40.0, 0.14611183106899261
0, 192.0, 411.0, 35.0, 31.0, 0.1441536396741867
0, 84.0, 533.0, 26.0, 39.0, 0.14258421957492828
0, 661.0, 27.0, 38.0, 31.0, 0.1417851746082306
0, 756.0, 256.0, 34.0, 32.0, 0.14112144708633423
0, 873.0, 909.0, 24.0, 27.0, 0.14051039516925812
0, 219.0, 796.0, 23.0, 30.0, 0.14049449563026428
0, 157.0, 267.0, 32.0, 36.0, 0.1395254135131836
0, 729.0, 771.0, 29.0, 20.0, 0.13923172652721405
0, 50.0, 761.0, 21.0, 27.0, 0.13908755779266357
0, 187.0, 245.0, 28.0, 26.0, 0.13887205719947815
0, 12.0, 747.0, 23.0, 28.0, 0.13839897513389587
0, 144.0, 662.0, 38.0, 28.0, 0.13720276951789856
0, 630.0, 496.0, 27.0, 23.0, 0.1358545571565628
0, 234.0, 461.0, 26.0, 27.0, 0.1354665905237198
0, 911.0, 234.0, 26.0, 29.0, 0.13485434651374817
0, 464.0, 10.0, 24.0, 18.0, 0.1340104192495346
0, 486.0, 83.0, 28.0, 34.0, 0.13375452160835266
0, 948.0, 20.0, 25.0, 24.0, 0.1334025114774704
0, 265.0, 965.0, 26.0, 28.0, 0.1328202188014984
0, 943.0, 797.0, 30.0, 27.0, 0.13273820281028748
0, 808.0, 11.0, 22.0, 22.0, 0.13170789182186127
0, 240.0, 375.0, 25.0, 25.0, 0.1306948959827423
0, 797.0, 867.0, 27.0, 24.0, 0.128455251455307
0, 499.0, 457.0, 31.0, 38.0, 0.12835240364074707
0, 400.0, 377.0, 26.0, 30.0, 0.12762831151485443
0, 771.0, 154.0, 28.0, 27.0, 0.12756416201591492
0, 365.0, 277.0, 34.0, 24.0, 0.12746939063072205
0, 13.0, 896.0, 24.0, 20.0, 0.12710165977478027
0, 515.0, 730.0, 35.0, 30.0, 0.12515747547149658
0, 463.0, 961.0, 19.0, 20.0, 0.12459038943052292
0, 433.0, 533.0, 32.0, 27.0, 0.12431845813989639
0, 873.0, 41.0, 26.0, 22.0, 0.1242942363023758
0, 599.0, 865.0, 36.0, 31.0, 0.12403585016727448
0, 31.0, 20.0, 29.0, 22.0, 0.12378586828708649
0, 76.0, 714.0, 33.0, 30.0, 0.12169411778450012
0, 516.0, 755.0, 29.0, 25.0, 0.12168534100055695
0, 974.0, 664.0, 21.0, 21.0, 0.1213294044137001
0, 307.0, 330.0, 36.0, 24.0, 0.12070460617542267
0, 843.0, 19.0, 21.0, 21.0, 0.12065359205007553
0, 759.0, 464.0, 24.0, 25.0, 0.11977700144052505
0, 833.0, 661.0, 26.0, 23.0, 0.11863964796066284
0, 107.0, 176.0, 25.0, 27.0, 0.11676448583602905
0, 473.0, 942.0, 21.0, 26.0, 0.11560921370983124
0, 877.0, 242.0, 26.0, 24.0, 0.115080326795578
0, 884.0, 606.0, 23.0, 23.0, 0.11503199487924576
0, 64.0, 466.0, 23.0, 23.0, 0.11489304900169373
0, 738.0, 306.0, 22.0, 21.0, 0.11387509852647781
0, 274.0, 223.0, 32.0, 31.0, 0.111187644302845
0, 54.0, 866.0, 22.0, 26.0, 0.11076950281858444
0, 698.0, 308.0, 28.0, 32.0, 0.11032536625862122
0, 561.0, 342.0, 32.0, 25.0, 0.10970128327608109
0, 61.0, 558.0, 30.0, 29.0, 0.10925225913524628
0, 133.0, 388.0, 21.0, 22.0, 0.1089555025100708
0, 900.0, 258.0, 23.0, 25.0, 0.1089119091629982
0, 218.0, 852.0, 29.0, 29.0, 0.10872496664524078
0, 370.0, 615.0, 24.0, 22.0, 0.10863614827394485
0, 963.0, 494.0, 22.0, 19.0, 0.1080327033996582
0, 834.0, 771.0, 26.0, 24.0, 0.10794765502214432
0, 782.0, 9.0, 28.0, 18.0, 0.10735661536455154
0, 154.0, 609.0, 29.0, 22.0, 0.10653794556856155
0, 155.0, 16.0, 27.0, 29.0, 0.10532355308532715
0, 797.0, 953.0, 29.0, 24.0, 0.1046399399638176
0, 374.0, 187.0, 24.0, 22.0, 0.10377303510904312
0, 986.0, 888.0, 26.0, 24.0, 0.10331550985574722
0, 891.0, 382.0, 22.0, 22.0, 0.10329072922468185
0, 936.0, 681.0, 28.0, 23.0, 0.10297341644763947
0, 870.0, 621.0, 30.0, 32.0, 0.10278421640396118
0, 526.0, 819.0, 24.0, 23.0, 0.10230869054794312
0, 178.0, 177.0, 22.0, 22.0, 0.0997408926486969
0, 600.0, 714.0, 25.0, 22.0, 0.09949639439582825
0, 824.0, 84.0, 30.0, 21.0, 0.09910190850496292
0, 347.0, 95.0, 31.0, 26.0, 0.09805094450712204
0, 903.0, 818.0, 34.0, 34.0, 0.0973125696182251
0, 256.0, 676.0, 26.0, 24.0, 0.0972166433930397
0, 580.0, 479.0, 30.0, 31.0, 0.0969756543636322
0, 221.0, 709.0, 34.0, 27.0, 0.09666065126657486
0, 649.0, 632.0, 21.0, 27.0, 0.09646068513393402
0, 427.0, 891.0, 23.0, 20.0, 0.09632807970046997
0, 853.0, 275.0, 29.0, 28.0, 0.09591978788375854
0, 362.0, 976.0, 23.0, 28.0, 0.09543439000844955
0, 903.0, 433.0, 23.0, 27.0, 0.09519042819738388
0, 70.0, 360.0, 29.0, 42.0, 0.09488598257303238
0, 340.0, 977.0, 23.0, 26.0, 0.09487572312355042
0, 289.0, 18.0, 32.0, 27.0, 0.09436188638210297
0, 232.0, 748.0, 32.0, 37.0, 0.09390956908464432
0, 728.0, 663.0, 21.0, 22.0, 0.09388009458780289
0, 428.0, 216.0, 28.0, 26.0, 0.09373471885919571
0, 778.0, 491.0, 23.0, 28.0, 0.09294106066226959
0, 603.0, 394.0, 24.0, 30.0, 0.09256790578365326
0, 849.0, 41.0, 22.0, 21.0, 0.09191571921110153
0, 962.0, 454.0, 26.0, 22.0, 0.09181813895702362
0, 737.0, 474.0, 24.0, 22.0, 0.09065476804971695
0, 755.0, 662.0, 27.0, 37.0, 0.09029245376586914
0, 881.0, 347.0, 28.0, 26.0, 0.08959071338176727
0, 927.0, 954.0, 31.0, 25.0, 0.08956179767847061
0, 629.0, 712.0, 23.0, 26.0, 0.0894441157579422
0, 589.0, 798.0, 22.0, 20.0, 0.08885017037391663
0, 871.0, 682.0, 23.0, 20.0, 0.08868912607431412
0, 156.0, 399.0, 24.0, 22.0, 0.08847306668758392
0, 150.0, 232.0, 21.0, 24.0, 0.08838477730751038
0, 534.0, 419.0, 27.0, 22.0, 0.08781502395868301
0, 271.0, 790.0, 28.0, 23.0, 0.08737749606370926
0, 728.0, 99.0, 40.0, 39.0, 0.08693788945674896
0, 168.0, 759.0, 29.0, 26.0, 0.08539078384637833
0, 206.0, 471.0, 34.0, 35.0, 0.08505547046661377
0, 135.0, 216.0, 20.0, 21.0, 0.08491718024015427
0, 589.0, 975.0, 28.0, 23.0, 0.08480051159858704
0, 307.0, 27.0, 30.0, 30.0, 0.08329643309116364
0, 458.0, 332.0, 25.0, 22.0, 0.08283939212560654
0, 100.0, 323.0, 24.0, 22.0, 0.08238279074430466
0, 821.0, 313.0, 25.0, 24.0, 0.08195949345827103
0, 317.0, 215.0, 25.0, 26.0, 0.08195820450782776
0, 556.0, 27.0, 25.0, 24.0, 0.08119478076696396
0, 975.0, 345.0, 33.0, 35.0, 0.08057735115289688
0, 669.0, 614.0, 21.0, 17.0, 0.07987365871667862
0, 888.0, 183.0, 23.0, 23.0, 0.07927319407463074
0, 504.0, 251.0, 22.0, 24.0, 0.07861991226673126
0, 303.0, 253.0, 28.0, 24.0, 0.07790404558181763
0, 521.0, 40.0, 33.0, 24.0, 0.07789433747529984
0, 133.0, 772.0, 25.0, 22.0, 0.07745202630758286
0, 39.0, 177.0, 21.0, 22.0, 0.07640887796878815
0, 539.0, 849.0, 33.0, 28.0, 0.07622978091239929
0, 279.0, 709.0, 30.0, 21.0, 0.07515695691108704
0, 858.0, 836.0, 20.0, 22.0, 0.07511197775602341
0, 352.0, 673.0, 20.0, 21.0, 0.07349921762943268
0, 830.0, 296.0, 26.0, 23.0, 0.0722278356552124
0, 80.0, 957.0, 31.0, 30.0, 0.0721960961818695
0, 386.0, 323.0, 21.0, 24.0, 0.07120176404714584
0, 761.0, 443.0, 27.0, 24.0, 0.0709051638841629
0, 933.0, 36.0, 28.0, 20.0, 0.07066041976213455
0, 712.0, 420.0, 26.0, 30.0, 0.07027867436408997
0, 99.0, 806.0, 22.0, 22.0, 0.07013948261737823
0, 771.0, 590.0, 30.0, 26.0, 0.06877430528402328
0, 261.0, 244.0, 28.0, 25.0, 0.06846533715724945
0, 12.0, 259.0, 24.0, 24.0, 0.06819804757833481
0, 868.0, 138.0, 32.0, 23.0, 0.06806892156600952
0, 614.0, 622.0, 28.0, 31.0, 0.06799516826868057
0, 175.0, 319.0, 22.0, 40.0, 0.0679105818271637
0, 797.0, 43.0, 26.0, 24.0, 0.06729580461978912
0, 300.0, 91.0, 22.0, 23.0, 0.06716405600309372
0, 562.0, 558.0, 21.0, 21.0, 0.06548549979925156
0, 925.0, 903.0, 27.0, 26.0, 0.06536773592233658
0, 265.0, 47.0, 21.0, 19.0, 0.06396155059337616
0, 199.0, 296.0, 25.0, 24.0, 0.06386969983577728
0, 194.0, 519.0, 33.0, 27.0, 0.06331482529640198
0, 28.0, 497.0, 35.0, 23.0, 0.06331256777048111
0, 647.0, 336.0, 29.0, 30.0, 0.06226205825805664
0, 878.0, 562.0, 23.0, 21.0, 0.06208349019289017
0, 112.0, 537.0, 30.0, 26.0, 0.061833690851926804
0, 856.0, 531.0, 23.0, 21.0, 0.06160695478320122
0, 967.0, 739.0, 26.0, 29.0, 0.06156609579920769
0, 738.0, 896.0, 30.0, 30.0, 0.06148948520421982
0, 848.0, 688.0, 20.0, 18.0, 0.061064932495355606
0, 657.0, 509.0, 22.0, 23.0, 0.06012948602437973
0, 654.0, 944.0, 31.0, 25.0, 0.060078397393226624
0, 308.0, 163.0, 28.0, 32.0, 0.059818919748067856
0, 421.0, 872.0, 28.0, 19.0, 0.0595075786113739
0, 526.0, 393.0, 41.0, 25.0, 0.059033915400505066
0, 93.0, 109.0, 23.0, 21.0, 0.05886789411306381
0, 541.0, 180.0, 33.0, 34.0, 0.05853615701198578
0, 920.0, 493.0, 22.0, 24.0, 0.05794822424650192
0, 35.0, 747.0, 21.0, 22.0, 0.057881128042936325
0, 974.0, 985.0, 22.0, 27.0, 0.057431142777204514
0, 640.0, 143.0, 31.0, 27.0, 0.05729557201266289
0, 912.0, 624.0, 27.0, 24.0, 0.05704856291413307
0, 143.0, 476.0, 27.0, 24.0, 0.056383535265922546
0, 401.0, 902.0, 32.0, 26.0, 0.05624007806181908
0, 567.0, 660.0, 29.0, 24.0, 0.056108489632606506
0, 141.0, 723.0, 31.0, 26.0, 0.055708423256874084
0, 912.0, 348.0, 20.0, 25.0, 0.054705530405044556
0, 66.0, 774.0, 24.0, 26.0, 0.05408603325486183
0, 888.0, 406.0, 22.0, 19.0, 0.054016757756471634
0, 946.0, 344.0, 20.0, 29.0, 0.05388163775205612
0, 406.0, 102.0, 23.0, 27.0, 0.05343104526400566
0, 160.0, 475.0, 31.0, 28.0, 0.05336727946996689
0, 601.0, 192.0, 22.0, 24.0, 0.053206559270620346
0, 367.0, 204.0, 33.0, 22.0, 0.05313340201973915
0, 591.0, 13.0, 25.0, 24.0, 0.05220474302768707
0, 616.0, 225.0, 22.0, 29.0, 0.05160742253065109
0, 298.0, 740.0, 20.0, 24.0, 0.05131524056196213
0, 293.0, 211.0, 29.0, 27.0, 0.05087829753756523
0, 989.0, 720.0, 18.0, 25.0, 0.050763703882694244
0, 255.0, 763.0, 20.0, 21.0, 0.05055060237646103
0, 304.0, 429.0, 41.0, 28.0, 0.05049888417124748
0, 517.0, 584.0, 24.0, 35.0, 0.05040191859006882
0, 93.0, 179.0, 42.0, 32.0, 0.05038972944021225
0, 902.0, 5.0, 19.0, 10.0, 0.050033047795295715
0, 876.0, 952.0, 19.0, 22.0, 0.04983293265104294
0, 721.0, 609.0, 21.0, 23.0, 0.049812715500593185
0, 388.0, 241.0, 29.0, 19.0, 0.04968184232711792
0, 707.0, 118.0, 23.0, 26.0, 0.04963340237736702
0, 950.0, 56.0, 23.0, 27.0, 0.04958531633019447
0, 785.0, 791.0, 24.0, 28.0, 0.04935453459620476
0, 949.0, 564.0, 22.0, 24.0, 0.049283839762210846
0, 310.0, 319.0, 40.0, 33.0, 0.04913735017180443
0, 860.0, 59.0, 22.0, 26.0, 0.0488581657409668
0, 143.0, 357.0, 27.0, 24.0, 0.048805076628923416
0, 866.0, 381.0, 24.0, 18.0, 0.048772182315588
0, 992.0, 145.0, 15.0, 20.0, 0.04854050278663635
0, 135.0, 814.0, 27.0, 20.0, 0.04799136146903038
0, 258.0, 746.0, 23.0, 23.0, 0.04791056364774704
0, 449.0, 633.0, 22.0, 17.0, 0.04785952344536781
0, 938.0, 590.0, 22.0, 29.0, 0.047430071979761124
0, 878.0, 273.0, 22.0, 21.0, 0.04727728292346001
0, 48.0, 834.0, 21.0, 25.0, 0.046875372529029846
0, 456.0, 941.0, 23.0, 24.0, 0.046664103865623474
0, 113.0, 884.0, 22.0, 21.0, 0.04656160622835159
0, 569.0, 508.0, 21.0, 21.0, 0.046219851821660995
0, 63.0, 484.0, 23.0, 19.0, 0.045950498431921005
0, 524.0, 875.0, 26.0, 32.0, 0.045650165528059006
0, 273.0, 779.0, 29.0, 31.0, 0.0454484298825264
0, 111.0, 230.0, 26.0, 24.0, 0.04539470374584198
0, 583.0, 593.0, 21.0, 24.0, 0.045301653444767
0, 368.0, 6.0, 27.0, 13.0, 0.04512476176023483
0, 223.0, 991.0, 25.0, 16.0, 0.04473157972097397
0, 788.0, 828.0, 22.0, 21.0, 0.04441090673208237
0, 358.0, 348.0, 21.0, 20.0, 0.044297389686107635
0, 33.0, 62.0, 34.0, 35.0, 0.04423648491501808
