1, 152, 113, 15, 15, 0.7138146162033081
3, 136, 41, 59, 58, 0.6557061672210693
3, 66, 31, 51, 52, 0.6053420305252075
2, 61, 90, 31, 46, 0.4879811108112335
3, 28, 55, 40, 37, 0.48786383867263794
2, 86, 103, 11, 10, 0.47911548614501953
3, 101, 98, 45, 44, 0.4155610203742981
3, 98, 58, 32, 34, 0.11407595127820969
2, 138, 42, 54, 48, 0.10145163536071777
2, 98, 58, 31, 34, 0.07038102298974991
1, 138, 39, 23, 19, 0.06846257299184799
0, 99, 58, 31, 34, 0.061307765543460846
2, 97, 66, 26, 19, 0.05913401022553444
1, 96, 62, 23, 23, 0.053621556609869
1, 60, 59, 6, 4, 0.01910780929028988
3, 170, 26, 1, 10, 0.012629265896975994
1, 86, 103, 10, 9, 0.008669684641063213
2, 151, 111, 20, 22, 0.007599685341119766
1, 169, 26, 2, 12, 0.007389532867819071
0, 60, 59, 5, 4, 0.006581158377230167
1, 64, 87, 17, 14, 0.006414537318050861
3, 150, 35, 40, 68, 0.006391244940459728
3, 145, 109, 39, 30, 0.004037199541926384
1, 58, 78, 25, 22, 0.003978133667260408
3, 169, 26, 3, 12, 0.003670438891276717
1, 170, 12, 1, 7, 0.0036528597120195627
3, 163, 68, 14, 48, 0.0034491477999836206
2, 88, 87, 14, 13, 0.003406114876270294
1, 60, 89, 30, 45, 0.003272385336458683
0, 83, 17, 3, 3, 0.0032428980339318514
0, 91, 63, 16, 13, 0.0032118279486894608
0, 86, 24, 3, 5, 0.003068554447963834
3, 138, 86, 38, 29, 0.003063269890844822
0, 91, 87, 19, 14, 0.0029704109765589237
3, 62, 95, 29, 35, 0.002711175475269556
0, 81, 15, 4, 4, 0.0025843654293566942
1, 13, 79, 4, 4, 0.0025789642240852118
0, 72, 100, 5, 10, 0.00257479096762836
3, 166, 46, 8, 29, 0.0025567926932126284
0, 83, 16, 4, 4, 0.0025558394845575094
2, 84, 93, 8, 8, 0.0025220573879778385
3, 25, 92, 41, 42, 0.002471254440024495
1, 1, 125, 2, 0, 0.00241407030262053
0, 76, 45, 11, 6, 0.0023620808497071266
0, 82, 25, 5, 9, 0.0023524516727775335
1, 124, 57, 20, 20, 0.0023067432921379805
0, 90, 66, 12, 15, 0.002281719585880637
1, 5, 62, 3, 4, 0.002264563459903002
0, 80, 30, 2, 4, 0.0021627675741910934
0, 99, 46, 12, 9, 0.0021310446318238974
3, 43, 63, 21, 20, 0.0020733776036649942
0, 78, 50, 6, 4, 0.0020701636094599962
2, 169, 25, 3, 15, 0.002023551147431135
0, 67, 87, 11, 13, 0.001982042333111167
0, 71, 48, 23, 13, 0.0019632333423942327
1, 170, 101, 1, 6, 0.001903042895719409
0, 89, 29, 3, 5, 0.0018019000999629498
2, 90, 71, 12, 7, 0.0017903645057231188
1, 85, 63, 3, 5, 0.0017595430836081505
3, 111, 40, 10, 11, 0.001748691196553409
0, 80, 24, 4, 5, 0.001738069811835885
0, 67, 105, 8, 10, 0.00173159409314394
3, 150, 21, 40, 28, 0.0017182071460410953
3, 161, 38, 19, 28, 0.0016937782056629658
1, 64, 93, 19, 27, 0.0016768935602158308
1, 68, 102, 13, 17, 0.0016685890732333064
1, 7, 86, 4, 4, 0.001668388955295086
2, 71, 103, 13, 20, 0.0016583034303039312
3, 154, 67, 16, 9, 0.0016077820910140872
0, 62, 109, 7, 6, 0.0015959684969857335
1, 13, 110, 4, 4, 0.0015959045849740505
0, 135, 37, 41, 34, 0.0015751732280477881
1, 3, 0, 5, 0, 0.001559878815896809
0, 136, 38, 23, 19, 0.001546645537018776
1, 70, 48, 24, 13, 0.0015260892687365413
3, 168, 113, 4, 5, 0.0015258583007380366
3, 158, 68, 21, 20, 0.001515417592599988
1, 32, 66, 11, 11, 0.0014947426971048117
0, 73, 17, 18, 18, 0.0014918105443939567
1, 148, 113, 10, 14, 0.0014904126292094588
0, 64, 49, 17, 10, 0.0014755403390154243
0, 78, 15, 8, 9, 0.001457059639506042
0, 60, 51, 6, 4, 0.0014500879915431142
3, 167, 23, 6, 19, 0.0014398351777344942
0, 73, 15, 9, 12, 0.0014299741014838219
1, 168, 0, 4, 0, 0.0013988660648465157
1, 11, 74, 4, 4, 0.0013823831686750054
2, 67, 100, 22, 29, 0.0013798204017803073
1, 23, 70, 3, 3, 0.0013741289731115103
3, 39, 59, 31, 27, 0.0013740996364504099
0, 75, 22, 5, 5, 0.0013740224530920386
0, 58, 37, 6, 4, 0.0013693051878362894
3, 12, 59, 6, 9, 0.0013501065550372005
0, 72, 19, 10, 14, 0.0013426373479887843
0, 86, 66, 4, 8, 0.0013383789919316769
0, 68, 102, 10, 15, 0.001331740408204496
3, 112, 57, 13, 24, 0.0013255216181278229
1, 8, 56, 3, 5, 0.0013182158581912518
0, 97, 61, 17, 20, 0.001311823376454413
0, 66, 12, 12, 11, 0.0012993953423574567
1, 41, 70, 7, 6, 0.0012979499297216535
2, 55, 79, 19, 20, 0.0012888138880953193
0, 89, 69, 8, 9, 0.0012813452631235123
1, 8, 82, 4, 3, 0.00127311737742275
3, 113, 36, 16, 21, 0.0012699189828708768
0, 85, 62, 3, 5, 0.001257891533896327
1, 168, 125, 4, 0, 0.0012480238219723105
0, 84, 23, 6, 9, 0.0012104904744774103
0, 82, 15, 4, 4, 0.0012012016959488392
1, 91, 66, 14, 15, 0.001197861973196268
3, 150, 113, 23, 22, 0.0011907864827662706
3, 31, 101, 30, 29, 0.001171410665847361
0, 77, 12, 7, 6, 0.001160105806775391
3, 40, 98, 10, 10, 0.0011584630701690912
1, 20, 37, 7, 5, 0.0011529503390192986
3, 139, 77, 45, 34, 0.0011512980563566089
3, 101, 32, 17, 20, 0.0011469332966953516
0, 80, 23, 6, 9, 0.001145167974755168
0, 109, 88, 16, 17, 0.0011167097836732864
3, 158, 61, 17, 18, 0.0011108752805739641
0, 69, 13, 8, 8, 0.0010998903308063745
1, 14, 74, 4, 3, 0.0010980713414028287
0, 65, 13, 6, 5, 0.0010966871632263064
3, 16, 62, 12, 12, 0.0010963373351842165
3, 27, 70, 49, 64, 0.0010956930927932262
0, 99, 84, 5, 4, 0.0010929377749562263
1, 10, 75, 4, 4, 0.001092068268917501
2, 49, 81, 8, 14, 0.001073581399396062
3, 14, 56, 14, 19, 0.0010699842823669314
0, 72, 19, 4, 4, 0.0010668213944882154
0, 141, 41, 13, 14, 0.0010650468757376075
3, 16, 32, 33, 31, 0.001061098650097847
1, 53, 81, 10, 16, 0.0010544528486207128
0, 64, 106, 11, 10, 0.0010458201868459582
0, 108, 82, 4, 4, 0.0010340613080188632
0, 72, 105, 4, 7, 0.0010233827633783221
1, 58, 74, 16, 14, 0.0010228616883978248
3, 79, 60, 71, 40, 0.001015930436551571
0, 86, 63, 5, 10, 0.0010158582590520382
0, 81, 17, 7, 9, 0.0010105198016390204
1, 45, 67, 7, 6, 0.001009228639304638
0, 86, 85, 8, 8, 0.000999224605038762
0, 89, 30, 3, 6, 0.0009927810169756413
0, 61, 87, 11, 13, 0.000989253050647676
3, 117, 107, 18, 22, 0.0009691664017736912
3, 12, 62, 14, 17, 0.0009583524661138654
0, 73, 12, 7, 7, 0.0009536921279504895
1, 85, 65, 4, 6, 0.0009536216384731233
1, 170, 95, 1, 12, 0.0009343338315375149
0, 59, 76, 18, 16, 0.0009336585062555969
0, 142, 44, 9, 8, 0.0009298091754317284
0, 89, 72, 6, 5, 0.0009266483248211443
3, 99, 21, 25, 41, 0.0009253412717953324
1, 12, 112, 5, 5, 0.0009161622147075832
0, 54, 43, 3, 4, 0.0008999376441352069
1, 6, 108, 5, 5, 0.0008974304655566812
0, 126, 20, 7, 4, 0.0008920174441300333
1, 10, 60, 4, 4, 0.0008918530074879527
3, 89, 36, 5, 14, 0.0008896398940123618
1, 3, 125, 6, 0, 0.0008773854933679104
3, 21, 37, 16, 7, 0.0008771397406235337
0, 97, 56, 15, 11, 0.0008722353959456086
0, 71, 98, 7, 13, 0.0008657705620862544
0, 76, 51, 12, 5, 0.0008541546412743628
1, 10, 71, 4, 4, 0.0008520082919858396
0, 80, 12, 4, 4, 0.0008510265033692122
2, 147, 110, 34, 29, 0.0008505421574227512
0, 78, 76, 6, 4, 0.0008491817279718816
1, 29, 85, 13, 11, 0.0008425134583376348
0, 61, 73, 10, 10, 0.0008412412134930491
3, 161, 23, 18, 26, 0.0008410034934058785
0, 108, 40, 4, 4, 0.0008389053982682526
3, 48, 26, 16, 32, 0.0008267214871011674
0, 63, 91, 15, 22, 0.0008244624477811158
0, 86, 60, 4, 5, 0.0008143550949171185
1, 166, 124, 7, 0, 0.000810037599876523
3, 102, 66, 21, 18, 0.0008043503039516509
3, 18, 20, 36, 38, 0.0008040617685765028
0, 59, 48, 6, 5, 0.0007899217307567596
0, 85, 67, 3, 4, 0.0007863730425015092
3, 50, 43, 13, 19, 0.0007826598011888564
0, 85, 19, 6, 8, 0.000782380870077759
3, 139, 95, 32, 18, 0.000779132591560483
0, 87, 25, 3, 5, 0.0007790475501678884
1, 7, 64, 6, 7, 0.0007789076771587133
3, 15, 65, 9, 9, 0.0007770616794005036
3, 44, 21, 30, 36, 0.0007713939412496984
3, 7, 56, 6, 26, 0.0007703016162849963
1, 12, 75, 6, 5, 0.0007678819820284843
1, 97, 68, 11, 11, 0.0007678695255890489
3, 2, 56, 4, 32, 0.000767549907322973
1, 42, 31, 2, 4, 0.0007670223130844533
0, 75, 48, 13, 10, 0.0007622310658916831
1, 52, 84, 8, 10, 0.0007587441941723228
1, 16, 65, 7, 5, 0.0007540412480011582
3, 131, 109, 19, 28, 0.0007463013171218336
1, 159, 91, 4, 3, 0.0007433135178871453
1, 6, 91, 3, 4, 0.0007421495392918587
1, 7, 58, 4, 6, 0.0007399832247756422
1, 21, 101, 5, 5, 0.0007366987410932779
3, 40, 26, 6, 19, 0.0007345504127442837
3, 19, 65, 19, 12, 0.0007334579131565988
0, 98, 86, 5, 9, 0.0007326352642849088
0, 108, 87, 6, 7, 0.0007312845555134118
1, 10, 58, 3, 6, 0.0007262954022735357
0, 69, 93, 10, 24, 0.0007246889872476459
0, 74, 103, 7, 10, 0.0007245833403430879
1, 6, 80, 5, 4, 0.0007214843644760549
0, 88, 72, 4, 4, 0.0007191179320216179
3, 34, 64, 32, 16, 0.0007172849727794528
0, 90, 33, 3, 6, 0.0007170420140028
3, 35, 19, 25, 35, 0.0007158085936680436
1, 6, 110, 6, 5, 0.0007124578696675599
0, 112, 94, 4, 3, 0.0007122830138541758
1, 140, 31, 23, 25, 0.0007089724531397223
1, 18, 79, 3, 5, 0.0007076578331179917
0, 60, 83, 19, 22, 0.0007058422779664397
1, 137, 125, 8, 0, 0.0007048703264445066
3, 69, 50, 26, 10, 0.0007027474348433316
1, 157, 85, 5, 4, 0.0006988763925619423
1, 168, 113, 4, 6, 0.0006972229457460344
3, 25, 30, 25, 18, 0.0006968649686314166
1, 5, 48, 4, 4, 0.0006957481382414699
0, 82, 27, 8, 13, 0.0006934002158232033
3, 124, 108, 12, 25, 0.0006911103264428675
0, 45, 50, 4, 4, 0.0006886461051180959
1, 41, 71, 5, 3, 0.0006792159983888268
3, 36, 24, 16, 30, 0.0006790629122406244
1, 154, 125, 6, 0, 0.0006769374012947083
3, 12, 68, 19, 19, 0.0006750111933797598
1, 8, 97, 3, 4, 0.0006733736954629421
2, 76, 105, 18, 21, 0.0006729342276230454
3, 132, 102, 27, 30, 0.0006721760146319866
0, 72, 23, 13, 15, 0.0006645980174653232
3, 165, 88, 11, 35, 0.0006603445508517325
1, 10, 46, 4, 6, 0.0006593135767616332
3, 6, 62, 5, 10, 0.0006508156075142324
3, 163, 50, 14, 41, 0.0006505870842374861
2, 170, 96, 1, 17, 0.0006496000569313765
0, 110, 87, 10, 13, 0.0006442699232138693
1, 5, 75, 5, 5, 0.0006426490726880729
1, 9, 55, 3, 5, 0.0006408735061995685
1, 7, 112, 6, 5, 0.0006404097657650709
0, 53, 41, 4, 5, 0.0006384784355759621
0, 109, 38, 4, 6, 0.0006345162983052433
0, 93, 56, 9, 8, 0.0006344280554912984
3, 18, 54, 21, 28, 0.0006334594800136983
3, 75, 112, 25, 16, 0.0006325982394628227
2, 150, 67, 16, 6, 0.0006321341497823596
3, 167, 42, 6, 18, 0.0006307376897893846
1, 10, 45, 3, 4, 0.0006295080529525876
1, 14, 76, 8, 7, 0.0006286794668994844
0, 89, 73, 6, 4, 0.0006276278872974217
0, 83, 92, 6, 5, 0.0006254694890230894
1, 148, 125, 7, 0, 0.0006250118021853268
1, 100, 54, 9, 7, 0.0006238647038117051
0, 75, 25, 7, 11, 0.0006232466548681259
3, 2, 64, 4, 26, 0.0006224218523129821
0, 52, 52, 4, 5, 0.0006209342973306775
1, 9, 114, 5, 5, 0.000615777273196727
1, 159, 125, 7, 0, 0.0006136999581940472
1, 7, 78, 5, 5, 0.0006087660440243781
1, 18, 74, 4, 3, 0.0006076929275877774
1, 9, 78, 6, 5, 0.0006073001422919333
1, 10, 49, 5, 6, 0.0006022298475727439
1, 41, 98, 7, 7, 0.0006015620892867446
0, 103, 46, 6, 6, 0.0006001893198117614
1, 151, 87, 4, 3, 0.0005990694626234472
3, 83, 31, 19, 24, 0.0005976762040518224
1, 169, 13, 2, 11, 0.0005969603080302477
1, 7, 114, 7, 6, 0.0005966207245364785
3, 53, 79, 23, 25, 0.0005912004853598773
1, 14, 98, 6, 5, 0.0005899483221583068
1, 5, 106, 6, 5, 0.0005894804489798844
3, 29, 26, 23, 22, 0.0005864198901690543
3, 169, 43, 2, 19, 0.0005814830656163394
1, 6, 74, 5, 5, 0.0005803966778330505
0, 112, 86, 7, 9, 0.0005789676797576249
0, 74, 24, 6, 7, 0.0005780462524853647
0, 92, 57, 6, 5, 0.0005746930255554616
1, 8, 105, 6, 6, 0.0005739157786592841
3, 166, 11, 8, 17, 0.0005706071387976408
1, 121, 2, 4, 4, 0.0005695836734957993
0, 137, 32, 25, 26, 0.0005660361493937671
2, 170, 11, 1, 11, 0.0005653398111462593
1, 141, 125, 7, 0, 0.0005648693186230958
3, 73, 89, 60, 43, 0.0005635714042000473
1, 10, 103, 4, 5, 0.0005622633034363389
1, 7, 72, 5, 5, 0.0005604153266176581
1, 14, 73, 7, 4, 0.0005599491996690631
3, 22, 71, 28, 12, 0.0005534645169973373
1, 16, 78, 7, 6, 0.0005533323856070638
1, 18, 71, 5, 4, 0.0005525216110982001
0, 110, 40, 8, 10, 0.0005507153109647334
0, 55, 82, 12, 16, 0.0005486125592142344
1, 31, 71, 6, 2, 0.000548325595445931
1, 11, 50, 4, 4, 0.0005475899088196456
1, 15, 74, 7, 4, 0.0005474633653648198
1, 7, 103, 7, 7, 0.0005471800686791539
3, 110, 106, 31, 26, 0.000546806026250124
