0, 59, 687, 22, 22, 0.5043348073959351
0, 234, 160, 19, 19, 0.5022860169410706
0, 461, 123, 24, 25, 0.4926268756389618
0, 80, 483, 31, 22, 0.4545750617980957
0, 930, 70, 25, 21, 0.44472020864486694
0, 510, 532, 22, 28, 0.43512725830078125
0, 28, 799, 23, 22, 0.4332806468009949
0, 627, 497, 21, 20, 0.43063127994537354
0, 776, 133, 22, 23, 0.4214465916156769
0, 33, 685, 19, 21, 0.4200999438762665
0, 12, 647, 21, 22, 0.418051540851593
0, 531, 552, 26, 25, 0.41340371966362
0, 402, 230, 21, 17, 0.4094034433364868
0, 842, 452, 23, 18, 0.4041396677494049
0, 853, 429, 20, 21, 0.39160746335983276
0, 557, 581, 29, 28, 0.3861669898033142
0, 429, 300, 20, 19, 0.3713712692260742
0, 677, 568, 20, 21, 0.364502489566803
0, 513, 117, 30, 23, 0.3633314371109009
0, 803, 438, 23, 22, 0.3609062731266022
0, 443, 342, 21, 23, 0.357550710439682
0, 419, 195, 23, 20, 0.35706400871276855
0, 207, 718, 29, 25, 0.3455492854118347
0, 825, 100, 24, 19, 0.34443482756614685
0, 812, 225, 22, 21, 0.34264084696769714
0, 285, 613, 19, 17, 0.34255290031433105
0, 301, 71, 20, 23, 0.33730944991111755
0, 102, 598, 23, 25, 0.33687931299209595
0, 306, 98, 17, 25, 0.3349117934703827
0, 918, 314, 20, 28, 0.3338543176651001
0, 128, 553, 26, 23, 0.3317081332206726
0, 422, 745, 20, 24, 0.32505562901496887
0, 214, 162, 20, 22, 0.3248162865638733
0, 475, 431, 21, 17, 0.3219359219074249
0, 440, 747, 19, 23, 0.3187705874443054
0, 452, 425, 19, 17, 0.3168444037437439
0, 199, 660, 22, 22, 0.314424604177475
0, 420, 251, 20, 21, 0.3021826148033142
0, 112, 622, 18, 19, 0.2994992136955261
0, 151, 464, 20, 23, 0.29893770813941956
0, 352, 234, 21, 22, 0.29879143834114075
0, 150, 109, 28, 24, 0.29613110423088074
0, 347, 252, 23, 19, 0.295097291469574
0, 110, 151, 18, 19, 0.2926139831542969
0, 530, 168, 20, 19, 0.288131982088089
0, 129, 85, 23, 23, 0.2750014662742615
0, 800, 189, 24, 21, 0.27128472924232483
0, 465, 748, 22, 23, 0.27090901136398315
0, 603, 10, 24, 19, 0.26979199051856995
0, 9, 729, 17, 22, 0.2690051198005676
0, 787, 356, 21, 19, 0.26702478528022766
0, 139, 489, 24, 22, 0.266871839761734
0, 293, 726, 24, 19, 0.264667809009552
0, 627, 594, 24, 24, 0.264629602432251
0, 167, 212, 19, 19, 0.26199594140052795
0, 594, 184, 22, 24, 0.25817978382110596
0, 789, 221, 22, 19, 0.2544037699699402
0, 192, 189, 19, 19, 0.2540425956249237
0, 272, 749, 21, 22, 0.2527235448360443
0, 35, 437, 23, 21, 0.25040146708488464
0, 954, 12, 23, 23, 0.24915114045143127
0, 862, 98, 26, 22, 0.2476426661014557
0, 501, 770, 23, 26, 0.2451009601354599
0, 649, 524, 17, 22, 0.24490264058113098
0, 13, 169, 21, 21, 0.24388788640499115
0, 822, 316, 23, 23, 0.2437845766544342
0, 196, 683, 23, 22, 0.2432444840669632
0, 912, 281, 19, 15, 0.2411898970603943
0, 312, 137, 20, 22, 0.23860327899456024
0, 566, 604, 22, 25, 0.23807303607463837
0, 494, 397, 26, 23, 0.23483484983444214
0, 112, 524, 18, 19, 0.22914958000183105
0, 22, 187, 22, 20, 0.22305549681186676
0, 482, 76, 16, 19, 0.22289876639842987
0, 853, 473, 25, 22, 0.22242599725723267
0, 780, 371, 20, 18, 0.22165125608444214
0, 831, 731, 20, 16, 0.21734221279621124
0, 355, 305, 22, 22, 0.21722029149532318
0, 4, 772, 9, 20, 0.21446745097637177
0, 505, 693, 21, 27, 0.21099784970283508
0, 751, 238, 22, 23, 0.21053628623485565
0, 442, 517, 21, 22, 0.20958776772022247
0, 104, 452, 27, 23, 0.20771445333957672
0, 75, 633, 26, 24, 0.2068036049604416
0, 200, 574, 19, 20, 0.2055629938840866
0, 178, 239, 23, 21, 0.20299936830997467
0, 747, 288, 20, 23, 0.20295529067516327
0, 149, 847, 21, 17, 0.20232601463794708
0, 334, 309, 19, 18, 0.20223945379257202
0, 387, 11, 24, 23, 0.20207224786281586
0, 432, 235, 27, 19, 0.2002568244934082
0, 450, 97, 20, 21, 0.20009316504001617
0, 973, 331, 20, 20, 0.1992846578359604
0, 156, 228, 21, 19, 0.19907931983470917
0, 128, 176, 19, 19, 0.19790710508823395
0, 457, 28, 18, 22, 0.19674032926559448
0, 260, 378, 21, 20, 0.19596384465694427
0, 59, 461, 17, 15, 0.19468273222446442
0, 909, 263, 22, 17, 0.1936439871788025
0, 269, 709, 20, 19, 0.192917600274086
0, 820, 199, 23, 22, 0.19272325932979584
0, 207, 205, 20, 18, 0.19162704050540924
0, 160, 131, 20, 20, 0.19146153330802917
0, 530, 576, 21, 19, 0.19144685566425323
0, 136, 158, 24, 21, 0.191229447722435
0, 671, 648, 26, 25, 0.18903785943984985
0, 546, 179, 24, 23, 0.1885865032672882
0, 737, 264, 21, 19, 0.18780215084552765
0, 947, 258, 29, 25, 0.1875191181898117
0, 522, 494, 23, 19, 0.18651331961154938
0, 131, 629, 15, 15, 0.18516571819782257
0, 913, 33, 23, 20, 0.1821630448102951
0, 413, 128, 19, 25, 0.18157608807086945
0, 371, 325, 21, 20, 0.1802845299243927
0, 188, 608, 32, 27, 0.18026044964790344
0, 228, 183, 22, 19, 0.180202916264534
0, 865, 806, 20, 23, 0.1799490749835968
0, 802, 332, 23, 19, 0.1792972981929779
0, 12, 228, 19, 22, 0.1782655119895935
0, 789, 303, 20, 15, 0.1782480925321579
0, 380, 907, 25, 19, 0.1778533160686493
0, 130, 761, 23, 21, 0.1777624636888504
0, 761, 376, 20, 21, 0.17668738961219788
0, 970, 32, 28, 25, 0.17449650168418884
0, 927, 8, 20, 16, 0.1741994172334671
0, 774, 400, 23, 25, 0.17288954555988312
0, 828, 291, 23, 23, 0.17280812561511993
0, 987, 81, 23, 19, 0.1719759702682495
0, 176, 562, 18, 20, 0.16777682304382324
0, 936, 297, 21, 19, 0.1675417572259903
0, 540, 653, 24, 19, 0.16702793538570404
0, 491, 597, 20, 18, 0.16643086075782776
0, 887, 419, 20, 22, 0.16598519682884216
0, 485, 27, 19, 18, 0.1658453345298767
0, 168, 784, 36, 23, 0.16442081332206726
0, 433, 116, 20, 21, 0.16157414019107819
0, 603, 524, 23, 25, 0.16067750751972198
0, 238, 841, 21, 22, 0.16032665967941284
0, 244, 127, 19, 21, 0.1597883701324463
0, 968, 582, 27, 18, 0.15896010398864746
0, 646, 578, 27, 23, 0.15773703157901764
0, 254, 170, 24, 31, 0.15760649740695953
0, 333, 80, 28, 26, 0.15708854794502258
0, 369, 24, 21, 22, 0.1564720720052719
0, 6, 696, 11, 22, 0.15584243834018707
0, 105, 719, 17, 22, 0.15503056347370148
0, 989, 359, 20, 19, 0.1548083871603012
0, 174, 513, 23, 22, 0.15465977787971497
0, 987, 101, 22, 21, 0.1540692299604416
0, 440, 473, 18, 18, 0.15316711366176605
0, 696, 552, 26, 26, 0.15270109474658966
0, 720, 87, 24, 24, 0.15120744705200195
0, 858, 136, 20, 23, 0.15097278356552124
0, 957, 312, 25, 22, 0.15030017495155334
0, 671, 671, 22, 22, 0.1492154598236084
0, 74, 774, 16, 18, 0.14843103289604187
0, 417, 778, 25, 26, 0.14842864871025085
0, 708, 6, 22, 12, 0.148361936211586
0, 414, 274, 20, 19, 0.14803433418273926
0, 98, 9, 26, 16, 0.14781856536865234
0, 740, 414, 21, 22, 0.14630953967571259
0, 381, 963, 22, 20, 0.14395466446876526
0, 254, 888, 22, 27, 0.14283344149589539
0, 404, 298, 19, 17, 0.1423880010843277
0, 192, 847, 26, 21, 0.14150571823120117
0, 899, 453, 23, 19, 0.13963718712329865
0, 424, 457, 23, 22, 0.13953043520450592
0, 956, 601, 18, 22, 0.13667969405651093
0, 426, 88, 26, 22, 0.13607846200466156
0, 241, 672, 22, 20, 0.13575857877731323
0, 462, 349, 16, 17, 0.1345648169517517
0, 70, 13, 24, 22, 0.13399551808834076
0, 558, 521, 18, 20, 0.13382212817668915
0, 897, 153, 24, 21, 0.13251395523548126
0, 85, 168, 20, 18, 0.1309906393289566
0, 398, 424, 18, 15, 0.13095428049564362
0, 95, 569, 22, 25, 0.13091395795345306
0, 402, 445, 22, 20, 0.12893961369991302
0, 433, 214, 23, 21, 0.12854041159152985
0, 441, 387, 20, 21, 0.12782202661037445
0, 510, 420, 23, 25, 0.12718436121940613
0, 439, 41, 20, 22, 0.12690576910972595
0, 409, 727, 23, 17, 0.12689244747161865
0, 506, 802, 24, 22, 0.12545587122440338
0, 708, 577, 23, 20, 0.12489306926727295
0, 179, 711, 17, 15, 0.12470467388629913
0, 486, 111, 23, 21, 0.12439187616109848
0, 204, 806, 18, 16, 0.12019766122102737
0, 851, 111, 15, 15, 0.11979944258928299
0, 59, 778, 20, 17, 0.11894380301237106
0, 372, 257, 21, 25, 0.11821188777685165
0, 361, 849, 28, 21, 0.11765187978744507
0, 89, 741, 22, 22, 0.11741075664758682
0, 983, 475, 22, 18, 0.11714702844619751
0, 170, 273, 35, 19, 0.11687814444303513
0, 831, 65, 20, 18, 0.11654651910066605
0, 63, 794, 22, 16, 0.11578737199306488
0, 613, 543, 26, 22, 0.11439842730760574
0, 247, 441, 26, 23, 0.11368069052696228
0, 141, 666, 19, 19, 0.11338388919830322
0, 722, 701, 23, 17, 0.11071042716503143
0, 515, 472, 18, 24, 0.11058605462312698
0, 404, 858, 20, 20, 0.1098693311214447
0, 274, 104, 16, 17, 0.10611192882061005
0, 788, 93, 23, 20, 0.10413412004709244
0, 734, 684, 20, 20, 0.1010226458311081
0, 920, 622, 31, 30, 0.10077079385519028
0, 51, 402, 21, 19, 0.09948386251926422
0, 212, 241, 19, 22, 0.09901481866836548
0, 914, 550, 20, 22, 0.09735209494829178
0, 379, 893, 21, 16, 0.09637095779180527
0, 925, 560, 19, 21, 0.09584502130746841
0, 61, 873, 22, 24, 0.09578459709882736
0, 536, 710, 18, 18, 0.0953526720404625
0, 129, 386, 22, 21, 0.0950789824128151
0, 727, 118, 17, 18, 0.09472988545894623
0, 681, 757, 30, 18, 0.09355445206165314
0, 378, 766, 24, 20, 0.09351823478937149
0, 256, 341, 25, 21, 0.09328549355268478
0, 94, 374, 18, 17, 0.09183875471353531
0, 951, 363, 18, 23, 0.09134335070848465
0, 562, 244, 21, 21, 0.09115201979875565
0, 223, 474, 24, 19, 0.09092965722084045
0, 186, 158, 23, 19, 0.08961094170808792
0, 377, 830, 20, 20, 0.08917289227247238
0, 206, 75, 17, 16, 0.08898144215345383
0, 332, 118, 18, 15, 0.08894620090723038
0, 758, 311, 19, 15, 0.08891893923282623
0, 453, 150, 23, 23, 0.08865437656641006
0, 776, 652, 23, 21, 0.08808955550193787
0, 27, 763, 22, 20, 0.08757759630680084
0, 381, 224, 19, 15, 0.08666131645441055
0, 717, 328, 22, 23, 0.08635708689689636
0, 931, 278, 21, 19, 0.08594013005495071
0, 704, 633, 21, 20, 0.08560185879468918
0, 38, 728, 17, 18, 0.08524627238512039
0, 883, 791, 27, 23, 0.08509945869445801
0, 229, 643, 21, 25, 0.08452922105789185
0, 362, 887, 19, 20, 0.08339931815862656
0, 415, 400, 22, 16, 0.08301287889480591
0, 116, 223, 21, 26, 0.08298375457525253
0, 124, 118, 24, 18, 0.08144666999578476
0, 460, 769, 22, 19, 0.0810658410191536
0, 915, 424, 21, 18, 0.08087974786758423
0, 732, 147, 28, 29, 0.08041399717330933
0, 379, 748, 27, 23, 0.08038226515054703
0, 393, 874, 19, 18, 0.08022695779800415
0, 60, 716, 24, 25, 0.07794370502233505
0, 854, 621, 22, 26, 0.07737111300230026
0, 350, 36, 24, 21, 0.07644238322973251
0, 44, 655, 18, 25, 0.07642986625432968
0, 548, 510, 19, 22, 0.07498081028461456
0, 308, 753, 23, 18, 0.0748256966471672
0, 628, 477, 18, 17, 0.07471074908971786
0, 900, 403, 21, 20, 0.07434241473674774
0, 873, 203, 29, 23, 0.0740601047873497
0, 317, 337, 19, 20, 0.07345891743898392
0, 276, 630, 20, 15, 0.0729365348815918
0, 433, 746, 24, 25, 0.0722900778055191
0, 217, 496, 18, 20, 0.07156640291213989
0, 424, 524, 22, 17, 0.07133198529481888
0, 712, 263, 23, 18, 0.07075833529233932
0, 390, 49, 28, 24, 0.07043366134166718
0, 907, 478, 23, 20, 0.07020556181669235
0, 768, 196, 20, 21, 0.06998692452907562
0, 156, 818, 18, 20, 0.06895626336336136
0, 279, 651, 21, 16, 0.06891073286533356
0, 468, 59, 24, 19, 0.06875681132078171
0, 430, 583, 20, 19, 0.0682908147573471
0, 401, 335, 21, 21, 0.06748262792825699
0, 326, 165, 21, 22, 0.0668434277176857
0, 146, 601, 22, 20, 0.06630582362413406
0, 360, 170, 21, 21, 0.06621593981981277
0, 770, 269, 26, 20, 0.06603995710611343
0, 120, 576, 23, 19, 0.06541281938552856
0, 291, 452, 23, 20, 0.06490670889616013
0, 38, 619, 20, 20, 0.06401990354061127
0, 416, 52, 19, 20, 0.06380020081996918
0, 232, 618, 23, 21, 0.0631215050816536
0, 92, 776, 20, 20, 0.06290221959352493
0, 364, 49, 19, 20, 0.0627518817782402
0, 429, 321, 21, 21, 0.06203324720263481
0, 948, 488, 24, 17, 0.06191888451576233
0, 899, 707, 18, 20, 0.06156405806541443
0, 39, 820, 22, 20, 0.060561634600162506
0, 535, 748, 19, 19, 0.06029696390032768
0, 813, 722, 27, 24, 0.06027081608772278
0, 528, 9, 17, 17, 0.06016256660223007
0, 419, 871, 19, 21, 0.05999300628900528
0, 859, 744, 18, 17, 0.05958787724375725
0, 76, 227, 19, 23, 0.059548381716012955
0, 379, 429, 20, 22, 0.059486910700798035
0, 456, 407, 19, 19, 0.05921410396695137
0, 876, 146, 18, 19, 0.059000879526138306
0, 613, 200, 23, 22, 0.05859292298555374
0, 176, 291, 31, 24, 0.0585724338889122
0, 273, 663, 22, 19, 0.058267418295145035
0, 124, 327, 26, 21, 0.05803924426436424
0, 565, 411, 24, 23, 0.05751516669988632
0, 123, 982, 28, 23, 0.05742258206009865
