0, 726, 455, 19, 15, 0.5713278651237488
0, 398, 352, 17, 17, 0.5678070783615112
0, 328, 258, 19, 19, 0.5020678043365479
0, 224, 85, 19, 18, 0.4829687476158142
0, 249, 922, 22, 20, 0.4805971384048462
0, 370, 372, 21, 19, 0.45502978563308716
0, 322, 287, 19, 17, 0.44359251856803894
0, 229, 959, 18, 19, 0.4335249364376068
0, 924, 103, 18, 18, 0.43291303515434265
0, 909, 113, 21, 17, 0.4316439926624298
0, 959, 111, 18, 15, 0.42133399844169617
0, 352, 262, 20, 19, 0.42009082436561584
0, 382, 559, 21, 21, 0.40250661969184875
0, 389, 319, 20, 17, 0.3958882689476013
0, 371, 861, 20, 20, 0.391537070274353
0, 40, 645, 19, 17, 0.3902129828929901
0, 238, 147, 17, 17, 0.3855409026145935
0, 75, 375, 18, 21, 0.38114774227142334
0, 420, 386, 20, 18, 0.37780430912971497
0, 919, 814, 18, 15, 0.3735213279724121
0, 569, 186, 21, 16, 0.3722749650478363
0, 986, 93, 18, 16, 0.3707651197910309
0, 312, 274, 16, 17, 0.3687945306301117
0, 201, 85, 20, 18, 0.36856216192245483
0, 205, 759, 20, 18, 0.36276739835739136
0, 22, 862, 20, 19, 0.3621766269207001
0, 363, 105, 19, 17, 0.36209166049957275
0, 308, 236, 18, 17, 0.3600006103515625
0, 369, 134, 23, 19, 0.35995638370513916
0, 984, 76, 17, 17, 0.3574292063713074
0, 988, 127, 19, 18, 0.35014060139656067
0, 701, 449, 17, 19, 0.34559425711631775
0, 164, 7, 19, 13, 0.34419184923171997
0, 418, 358, 18, 13, 0.3402416706085205
0, 458, 351, 20, 18, 0.33262890577316284
0, 192, 119, 17, 17, 0.3300211727619171
0, 477, 390, 17, 18, 0.3299024701118469
0, 366, 84, 19, 19, 0.32970038056373596
0, 344, 313, 19, 19, 0.3258797824382782
0, 610, 633, 17, 16, 0.3257863521575928
0, 461, 148, 20, 18, 0.32524585723876953
0, 235, 127, 16, 18, 0.32230111956596375
0, 664, 470, 18, 17, 0.3217420279979706
0, 12, 269, 18, 19, 0.3211868703365326
0, 170, 945, 21, 21, 0.31694021821022034
0, 23, 288, 17, 18, 0.31014490127563477
0, 152, 557, 21, 17, 0.30383074283599854
0, 345, 100, 16, 16, 0.3028634488582611
0, 193, 64, 17, 17, 0.30079323053359985
0, 221, 140, 18, 18, 0.29932722449302673
0, 227, 8, 18, 16, 0.2966117858886719
0, 8, 970, 17, 17, 0.29598814249038696
0, 323, 135, 21, 18, 0.29179197549819946
0, 28, 895, 19, 17, 0.29146820306777954
0, 492, 129, 19, 17, 0.2910156548023224
0, 237, 105, 17, 20, 0.2840757966041565
0, 176, 142, 20, 19, 0.281865656375885
0, 184, 578, 19, 19, 0.28012406826019287
0, 966, 131, 17, 16, 0.2793668210506439
0, 331, 122, 18, 14, 0.2783318758010864
0, 637, 766, 17, 19, 0.2764463424682617
0, 602, 654, 25, 23, 0.2681489884853363
0, 640, 786, 18, 18, 0.2668304145336151
0, 363, 308, 19, 15, 0.266029417514801
0, 411, 558, 20, 17, 0.265907347202301
0, 735, 498, 16, 15, 0.26558417081832886
0, 514, 141, 22, 19, 0.2631591558456421
0, 393, 294, 20, 20, 0.2616270184516907
0, 85, 401, 19, 26, 0.2593865692615509
0, 151, 98, 17, 15, 0.25680914521217346
0, 43, 289, 21, 18, 0.2535519301891327
0, 23, 970, 15, 16, 0.25295835733413696
0, 348, 76, 18, 16, 0.2524821162223816
0, 158, 130, 18, 15, 0.2522498071193695
0, 716, 121, 17, 18, 0.25148412585258484
0, 883, 337, 18, 16, 0.2506864368915558
0, 274, 15, 16, 21, 0.2501216232776642
0, 904, 93, 18, 20, 0.24925194680690765
0, 674, 740, 17, 17, 0.2476532757282257
0, 219, 929, 16, 19, 0.2463156282901764
0, 220, 724, 17, 17, 0.24311719834804535
0, 644, 861, 20, 15, 0.2422899752855301
0, 454, 132, 18, 20, 0.2358914613723755
0, 701, 748, 20, 19, 0.23511618375778198
0, 179, 83, 17, 16, 0.23394998908042908
0, 624, 718, 25, 18, 0.233184814453125
0, 931, 60, 23, 16, 0.23214146494865417
0, 950, 358, 20, 18, 0.228865846991539
0, 966, 82, 17, 17, 0.22812063992023468
0, 303, 323, 18, 17, 0.22768345475196838
0, 341, 295, 18, 16, 0.22714181244373322
0, 185, 169, 24, 20, 0.22205722332000732
0, 676, 20, 17, 15, 0.2210049331188202
0, 386, 336, 19, 16, 0.2209106832742691
0, 663, 39, 21, 19, 0.22028252482414246
0, 747, 400, 19, 16, 0.22014112770557404
0, 588, 183, 17, 20, 0.2189754992723465
0, 403, 258, 18, 17, 0.2173870950937271
0, 81, 868, 18, 17, 0.21694834530353546
0, 682, 720, 21, 20, 0.2160516083240509
0, 945, 77, 25, 19, 0.21515458822250366
0, 720, 761, 21, 20, 0.21412190794944763
0, 41, 380, 22, 18, 0.2136528640985489
0, 926, 355, 22, 18, 0.21283428370952606
0, 886, 301, 20, 16, 0.21206051111221313
0, 261, 898, 22, 18, 0.21184808015823364
0, 6, 663, 13, 19, 0.2096264809370041
0, 385, 583, 19, 17, 0.20914912223815918
0, 464, 406, 17, 18, 0.20872125029563904
0, 921, 226, 18, 18, 0.20871317386627197
0, 565, 646, 18, 18, 0.20638340711593628
0, 448, 334, 19, 17, 0.20268002152442932
0, 654, 648, 21, 19, 0.2016395777463913
0, 628, 641, 19, 16, 0.20100101828575134
0, 551, 698, 20, 17, 0.20043708384037018
0, 663, 711, 20, 17, 0.1994090974330902
0, 489, 688, 18, 19, 0.19818660616874695
0, 936, 136, 22, 16, 0.19809509813785553
0, 423, 612, 20, 16, 0.1966567188501358
0, 390, 106, 20, 18, 0.19471946358680725
0, 960, 206, 17, 18, 0.19308866560459137
0, 515, 932, 17, 18, 0.19251686334609985
0, 429, 866, 19, 19, 0.1914314329624176
0, 427, 293, 15, 14, 0.19025801122188568
0, 178, 759, 23, 19, 0.18854720890522003
0, 309, 120, 18, 16, 0.18800336122512817
0, 227, 192, 20, 16, 0.1874597668647766
0, 400, 520, 23, 19, 0.18716220557689667
0, 365, 326, 19, 16, 0.18679091334342957
0, 794, 346, 22, 17, 0.18635882437229156
0, 623, 910, 21, 18, 0.18528194725513458
0, 383, 526, 18, 13, 0.17831547558307648
0, 602, 751, 17, 21, 0.17803841829299927
0, 460, 315, 15, 15, 0.1774127036333084
0, 818, 160, 19, 18, 0.177224263548851
0, 116, 410, 22, 22, 0.1768578290939331
0, 52, 274, 17, 15, 0.173523411154747
0, 876, 795, 24, 17, 0.1734011322259903
0, 295, 600, 18, 18, 0.17182914912700653
0, 768, 524, 15, 19, 0.17163482308387756
0, 901, 233, 18, 19, 0.17098818719387054
0, 956, 181, 18, 17, 0.17013438045978546
0, 864, 825, 20, 17, 0.1692228764295578
0, 960, 373, 19, 16, 0.1686278134584427
0, 206, 12, 17, 18, 0.16784529387950897
0, 903, 216, 18, 15, 0.16776593029499054
0, 490, 958, 18, 20, 0.16503480076789856
0, 415, 345, 17, 13, 0.16394048929214478
0, 409, 869, 22, 20, 0.16327309608459473
0, 276, 239, 18, 17, 0.16105565428733826
0, 492, 671, 16, 14, 0.16048133373260498
0, 426, 370, 21, 16, 0.16024108231067657
0, 57, 655, 18, 18, 0.1583016812801361
0, 330, 151, 17, 16, 0.15734581649303436
0, 934, 953, 18, 18, 0.155622661113739
0, 241, 21, 20, 17, 0.1549006998538971
0, 15, 346, 21, 20, 0.15398938953876495
0, 882, 318, 18, 18, 0.1527513563632965
0, 961, 43, 18, 16, 0.15246370434761047
0, 797, 315, 14, 12, 0.1516520082950592
0, 750, 533, 24, 21, 0.1514664739370346
0, 259, 881, 23, 19, 0.15081551671028137
0, 784, 537, 19, 15, 0.1479204148054123
0, 381, 833, 18, 15, 0.1475093960762024
0, 765, 908, 25, 22, 0.1472754329442978
0, 941, 32, 20, 18, 0.14713259041309357
0, 868, 329, 17, 18, 0.14702634513378143
0, 616, 718, 23, 18, 0.14502401649951935
0, 887, 162, 18, 15, 0.14461703598499298
0, 968, 62, 20, 17, 0.14444276690483093
0, 444, 611, 19, 16, 0.1443846970796585
0, 863, 199, 18, 16, 0.1432766616344452
0, 351, 120, 18, 17, 0.14301778376102448
0, 272, 167, 15, 14, 0.14225223660469055
0, 687, 135, 19, 16, 0.14044716954231262
0, 796, 135, 16, 18, 0.1404232531785965
0, 444, 367, 18, 16, 0.14032533764839172
0, 188, 9, 19, 17, 0.13857339322566986
0, 562, 721, 20, 19, 0.13846728205680847
0, 260, 259, 15, 20, 0.13591936230659485
0, 143, 80, 17, 15, 0.13462571799755096
0, 362, 550, 19, 18, 0.13388687372207642
0, 217, 880, 23, 17, 0.13238820433616638
0, 700, 775, 17, 19, 0.131602942943573
0, 579, 584, 20, 19, 0.13158302009105682
0, 956, 663, 15, 17, 0.1308373212814331
0, 607, 599, 21, 19, 0.13080136477947235
0, 806, 175, 22, 16, 0.13043451309204102
0, 921, 798, 18, 13, 0.13039042055606842
0, 660, 454, 19, 16, 0.13014282286167145
0, 366, 360, 21, 18, 0.1299697309732437
0, 880, 185, 20, 15, 0.12955160439014435
0, 681, 456, 20, 17, 0.12891528010368347
0, 15, 816, 21, 17, 0.12821175158023834
0, 297, 282, 18, 18, 0.12714645266532898
0, 299, 78, 21, 16, 0.12636137008666992
0, 408, 408, 17, 20, 0.12612727284431458
0, 868, 348, 15, 14, 0.12603887915611267
0, 676, 924, 19, 17, 0.12582410871982574
0, 428, 407, 18, 18, 0.12454310804605484
0, 985, 370, 15, 21, 0.12431059032678604
0, 79, 886, 18, 16, 0.12401742488145828
0, 659, 787, 19, 21, 0.1236809641122818
0, 647, 899, 21, 19, 0.12352214008569717
0, 618, 894, 17, 16, 0.12272285670042038
0, 247, 183, 19, 19, 0.12150631099939346
0, 367, 343, 20, 15, 0.12138774991035461
0, 402, 371, 20, 18, 0.12131881713867188
0, 788, 157, 18, 17, 0.12124626338481903
0, 569, 168, 20, 15, 0.12020877748727798
0, 65, 672, 22, 16, 0.11957866698503494
0, 538, 140, 17, 14, 0.11951249837875366
0, 549, 36, 17, 17, 0.11941704899072647
0, 22, 827, 19, 17, 0.11931950598955154
0, 498, 148, 16, 16, 0.11897916346788406
0, 621, 708, 27, 20, 0.11841598153114319
0, 938, 190, 16, 17, 0.11836856603622437
0, 311, 610, 16, 17, 0.11590969562530518
0, 223, 113, 17, 16, 0.11456453800201416
0, 58, 384, 16, 17, 0.1142333373427391
0, 476, 668, 18, 17, 0.11422315984964371
0, 284, 202, 21, 20, 0.11314299702644348
0, 908, 847, 17, 20, 0.11283282935619354
0, 312, 215, 17, 15, 0.11195362359285355
0, 374, 752, 22, 19, 0.11030425876379013
0, 477, 157, 19, 17, 0.10967911779880524
0, 766, 308, 21, 17, 0.10958599299192429
0, 613, 878, 20, 16, 0.10934215039014816
0, 76, 657, 20, 17, 0.108332559466362
0, 5, 549, 10, 19, 0.10655796527862549
0, 531, 931, 15, 18, 0.10640695691108704
0, 868, 811, 20, 16, 0.10524609684944153
0, 443, 558, 22, 15, 0.10402795672416687
0, 700, 148, 16, 16, 0.1030413955450058
0, 286, 297, 16, 16, 0.10260103642940521
0, 38, 341, 25, 22, 0.10177595913410187
0, 402, 595, 21, 18, 0.10164561867713928
0, 576, 633, 19, 17, 0.10068981349468231
0, 424, 272, 19, 18, 0.10051027685403824
0, 838, 321, 16, 14, 0.10037703812122345
0, 879, 137, 19, 20, 0.10026177763938904
0, 37, 990, 18, 17, 0.09982121735811234
0, 851, 583, 19, 19, 0.09903296828269958
0, 13, 905, 17, 14, 0.09862588346004486
0, 330, 323, 19, 17, 0.0984039157629013
0, 744, 801, 16, 16, 0.0983293354511261
0, 197, 144, 19, 16, 0.09821748733520508
0, 606, 149, 22, 19, 0.09756023436784744
0, 813, 279, 18, 18, 0.09733302891254425
0, 933, 172, 16, 16, 0.09725599735975266
0, 985, 228, 17, 17, 0.09661765396595001
0, 90, 379, 18, 18, 0.0965571328997612
0, 669, 869, 19, 16, 0.09443090111017227
0, 179, 133, 21, 21, 0.09379599988460541
0, 62, 857, 20, 16, 0.09373767673969269
0, 602, 617, 15, 14, 0.09367650002241135
0, 989, 691, 18, 20, 0.09317882359027863
0, 626, 657, 19, 17, 0.09291858971118927
0, 157, 157, 19, 18, 0.0922631099820137
0, 300, 94, 19, 16, 0.09100639075040817
0, 916, 136, 18, 18, 0.09085184335708618
0, 740, 672, 17, 15, 0.09069289267063141
0, 325, 210, 18, 15, 0.09047490358352661
0, 911, 331, 18, 16, 0.0896160751581192
0, 169, 100, 18, 16, 0.08858402818441391
0, 760, 416, 18, 17, 0.08851858973503113
0, 433, 596, 15, 15, 0.08830906450748444
0, 453, 303, 18, 15, 0.08647416532039642
0, 5, 365, 11, 20, 0.08625385165214539
0, 723, 902, 20, 20, 0.0859837606549263
0, 931, 43, 19, 14, 0.08503247052431107
0, 837, 352, 22, 17, 0.08479694277048111
0, 704, 915, 22, 20, 0.08473718166351318
0, 630, 4, 20, 8, 0.08448249846696854
0, 490, 15, 22, 17, 0.08424492180347443
0, 192, 903, 19, 15, 0.08404046297073364
0, 442, 813, 19, 18, 0.08344165235757828
0, 238, 733, 17, 16, 0.08229082822799683
0, 516, 42, 16, 17, 0.08200844377279282
0, 333, 607, 25, 18, 0.08115138113498688
0, 758, 145, 18, 17, 0.08097011595964432
0, 944, 342, 19, 17, 0.08047058433294296
0, 186, 560, 16, 14, 0.08041730523109436
0, 573, 827, 21, 19, 0.08020135015249252
0, 264, 915, 14, 18, 0.08001536875963211
0, 786, 177, 20, 17, 0.07991393655538559
0, 468, 959, 20, 18, 0.0798506960272789
0, 632, 197, 23, 20, 0.07934394478797913
0, 873, 219, 14, 12, 0.07932253926992416
0, 542, 58, 19, 17, 0.07924225926399231
0, 250, 723, 17, 16, 0.07907991856336594
0, 511, 22, 15, 17, 0.07907293736934662
0, 653, 762, 20, 16, 0.07899527251720428
0, 779, 678, 17, 19, 0.07818688452243805
0, 58, 970, 16, 18, 0.07800938934087753
0, 290, 185, 19, 17, 0.07780541479587555
0, 955, 57, 20, 15, 0.07749782502651215
0, 552, 154, 19, 16, 0.07693380862474442
0, 309, 113, 19, 14, 0.076519675552845
0, 784, 554, 22, 18, 0.07556860148906708
