0, 93, 405, 18, 22, 0.9378526210784912
0, 391, 73, 29, 20, 0.9370220899581909
0, 72, 175, 20, 24, 0.9357746839523315
0, 476, 279, 27, 20, 0.9352596998214722
0, 454, 350, 19, 28, 0.9318569302558899
0, 170, 355, 26, 21, 0.9269953370094299
0, 377, 361, 20, 21, 0.9253730773925781
0, 188, 8, 23, 16, 0.9232587218284607
0, 63, 101, 22, 19, 0.9207602143287659
0, 50, 247, 20, 20, 0.9192249774932861
0, 425, 269, 25, 20, 0.9191131591796875
0, 133, 299, 27, 20, 0.9182920455932617
0, 285, 77, 23, 21, 0.9182611107826233
0, 161, 85, 23, 20, 0.9161300659179688
0, 203, 247, 26, 22, 0.9160976409912109
0, 179, 476, 27, 24, 0.9156670570373535
0, 123, 147, 25, 21, 0.915585994720459
0, 203, 99, 27, 22, 0.9147427082061768
0, 289, 447, 27, 19, 0.9122437834739685
0, 100, 304, 22, 22, 0.9113099575042725
0, 292, 8, 26, 16, 0.9084407091140747
0, 184, 202, 26, 21, 0.9070913195610046
0, 272, 357, 24, 25, 0.9070746302604675
0, 287, 332, 22, 19, 0.9066924452781677
0, 158, 308, 23, 25, 0.9011313319206238
0, 459, 234, 34, 25, 0.9008201360702515
0, 45, 272, 26, 24, 0.8987753391265869
0, 300, 114, 25, 25, 0.8981947302818298
0, 292, 422, 24, 20, 0.8978588581085205
0, 263, 287, 24, 24, 0.8925029039382935
0, 219, 10, 23, 20, 0.8921738266944885
0, 299, 155, 26, 19, 0.8901862502098083
0, 31, 356, 24, 23, 0.8880613446235657
0, 433, 468, 16, 9, 0.883243978023529
0, 231, 496, 23, 26, 0.8819831609725952
0, 444, 389, 26, 24, 0.8809151649475098
0, 114, 323, 27, 26, 0.8804939985275269
0, 493, 177, 36, 32, 0.8797072768211365
0, 409, 43, 25, 28, 0.8766995072364807
0, 352, 103, 20, 20, 0.8763253688812256
0, 27, 435, 25, 21, 0.8757069706916809
0, 38, 324, 25, 22, 0.8750886917114258
0, 325, 239, 24, 19, 0.8748195767402649
0, 227, 81, 26, 23, 0.868145763874054
0, 481, 79, 22, 17, 0.8627226948738098
0, 98, 207, 27, 21, 0.8609991669654846
0, 461, 412, 22, 19, 0.8604550361633301
0, 422, 199, 14, 12, 0.8588051795959473
0, 182, 291, 27, 22, 0.8587133884429932
0, 97, 78, 27, 23, 0.8565542697906494
0, 487, 330, 24, 23, 0.8547415733337402
0, 29, 193, 26, 24, 0.8543161749839783
0, 460, 327, 30, 22, 0.8525519967079163
0, 459, 185, 24, 21, 0.8523870706558228
0, 473, 60, 28, 27, 0.8510549068450928
0, 350, 379, 21, 20, 0.8505874872207642
0, 120, 18, 28, 22, 0.8499854803085327
0, 71, 469, 21, 24, 0.8484984636306763
0, 274, 239, 25, 22, 0.8453103303909302
0, 55, 390, 32, 37, 0.8438682556152344
0, 473, 19, 27, 30, 0.8424957394599915
0, 219, 389, 23, 22, 0.8381308913230896
0, 328, 95, 22, 21, 0.8376152515411377
0, 118, 226, 20, 21, 0.8341612219810486
0, 258, 460, 20, 21, 0.8339632749557495
0, 285, 473, 19, 18, 0.8313443064689636
0, 322, 63, 23, 17, 0.8270456790924072
0, 17, 239, 23, 25, 0.8219893574714661
0, 407, 86, 26, 26, 0.8213242292404175
0, 158, 24, 28, 19, 0.8201942443847656
0, 324, 300, 24, 22, 0.8147957921028137
0, 138, 162, 28, 24, 0.8114756345748901
0, 109, 258, 17, 10, 0.8070013523101807
0, 114, 5, 28, 10, 0.7983657121658325
0, 482, 222, 19, 14, 0.7964650392532349
0, 84, 3, 20, 7, 0.7961903214454651
0, 315, 322, 24, 21, 0.7961508631706238
0, 87, 491, 19, 18, 0.7948691844940186
0, 77, 379, 19, 22, 0.7933754920959473
0, 501, 117, 20, 24, 0.7931904792785645
0, 138, 211, 27, 21, 0.790660560131073
0, 167, 144, 21, 16, 0.7899973392486572
0, 209, 504, 21, 15, 0.7896610498428345
0, 32, 402, 24, 22, 0.7882672548294067
0, 59, 424, 26, 23, 0.7833001613616943
0, 460, 122, 27, 28, 0.780177116394043
0, 5, 29, 11, 27, 0.7736775875091553
0, 90, 55, 28, 18, 0.7723641991615295
0, 101, 437, 22, 16, 0.7722345590591431
0, 413, 500, 14, 14, 0.7678580284118652
0, 480, 355, 27, 17, 0.7622724175453186
0, 392, 195, 21, 17, 0.7579926252365112
0, 428, 304, 19, 13, 0.7523788809776306
0, 443, 117, 10, 11, 0.4458070695400238
0, 165, 506, 10, 9, 0.5245121717453003
0, 406, 292, 8, 12, 0.43792301416397095
0, 15, 72, 14, 9, 0.5298953652381897
0, 70, 310, 23, 21, 0.7371668815612793
0, 201, 410, 25, 24, 0.6009650826454163
0, 90, 351, 21, 11, 0.5111896991729736
0, 370, 163, 24, 14, 0.5733572244644165
0, 285, 498, 16, 13, 0.5081281661987305
0, 149, 175, 15, 10, 0.6020846962928772
0, 316, 482, 22, 24, 0.4900749921798706
0, 7, 63, 12, 9, 0.5278796553611755
0, 350, 257, 25, 22, 0.7262948155403137
0, 91, 128, 10, 7, 0.6729304194450378
0, 38, 457, 25, 20, 0.6425573229789734
0, 258, 148, 29, 27, 0.5164592266082764
0, 220, 178, 17, 7, 0.527246356010437
0, 14, 374, 10, 7, 0.4448535144329071
0, 445, 203, 25, 19, 0.661952555179596
0, 467, 482, 24, 13, 0.5255749821662903
0, 317, 449, 26, 19, 0.49178576469421387
0, 193, 429, 19, 16, 0.5035898089408875
0, 314, 377, 17, 17, 0.5657376050949097
0, 78, 126, 11, 7, 0.4971905052661896
0, 402, 386, 37, 28, 0.4647826850414276
0, 453, 467, 24, 20, 0.5090138912200928
0, 441, 75, 21, 17, 0.672906219959259
0, 196, 128, 10, 8, 0.5189399719238281
0, 432, 61, 25, 24, 0.46335291862487793
0, 457, 51, 22, 23, 0.5569084286689758
0, 424, 103, 28, 26, 0.6605759859085083
0, 196, 65, 17, 9, 0.4907244145870209
0, 96, 188, 30, 18, 0.6600581407546997
0, 482, 199, 24, 12, 0.44323140382766724
0, 272, 308, 20, 14, 0.4709357023239136
0, 19, 78, 25, 21, 0.6946867108345032
0, 363, 280, 21, 23, 0.5494940280914307
0, 142, 437, 26, 23, 0.7095805406570435
0, 59, 44, 30, 22, 0.464419960975647
0, 128, 59, 30, 24, 0.7442178130149841
0, 92, 241, 21, 23, 0.7402506470680237
0, 363, 426, 26, 20, 0.4665502905845642
0, 261, 9, 27, 19, 0.6421517729759216
0, 93, 105, 25, 22, 0.7027018070220947
0, 74, 142, 30, 19, 0.504227340221405
0, 421, 234, 26, 20, 0.5612329244613647
0, 230, 297, 26, 20, 0.4561145007610321
0, 469, 494, 24, 19, 0.47268611192703247
0, 173, 63, 23, 11, 0.44562068581581116
0, 495, 99, 27, 27, 0.6656807661056519
0, 112, 475, 15, 9, 0.6806338429450989
0, 233, 447, 22, 18, 0.7340983152389526
0, 128, 59, 30, 24, 0.7442178130149841
0, 111, 457, 20, 17, 0.5726906061172485
0, 87, 160, 18, 15, 0.5404172539710999
0, 212, 347, 15, 8, 0.4602993130683899
0, 116, 482, 29, 23, 0.5286722183227539
0, 237, 294, 14, 17, 0.6087248921394348
0, 298, 28, 19, 12, 0.4868882894515991
0, 441, 75, 21, 17, 0.672906219959259
0, 105, 127, 11, 7, 0.44359263869562043
0, 247, 334, 32, 26, 0.4464006721973419
0, 307, 268, 36, 29, 0.6090560555458069
0, 454, 96, 22, 20, 0.6895086169242859
0, 444, 155, 27, 23, 0.4603661596775055
0, 111, 116, 25, 19, 0.5785858035087585
0, 221, 183, 21, 18, 0.4680352509021759
0, 507, 407, 9, 23, 0.7160062789916992
0, 51, 185, 15, 23, 0.5028751679431196
0, 14, 500, 26, 22, 0.5521234948996152
0, 175, 508, 9, 6, 0.538624337626762
0, 395, 473, 34, 37, 0.46242802855091397
0, 128, 88, 29, 21, 0.6796777673588578
0, 427, 140, 30, 25, 0.6061632068534023
0, 175, 508, 9, 6, 0.538624337626762
0, 51, 185, 15, 23, 0.5028751679431196
0, 253, 233, 19, 16, 0.5190527571905093
0, 262, 201, 19, 18, 0.6361960856248361
0, 468, 389, 24, 23, 0.46475480911661926
0, 189, 271, 44, 19, 0.5713065415028175
0, 262, 201, 19, 18, 0.6361960856248361
0, 506, 48, 11, 13, 0.5562645128431649
0, 226, 219, 23, 22, 0.47440072856145754
0, 490, 260, 30, 15, 0.6631326978316914
0, 432, 333, 22, 20, 0.4473848342895508
0, 288, 94, 9, 8, 0.4724499411349461
0, 8, 110, 16, 20, 0.6073307993848697
0, 244, 38, 9, 8, 0.48351581879352434
0, 14, 500, 26, 22, 0.5521234948996152
0, 357, 177, 14, 12, 0.5197926518214012
0, 502, 380, 18, 24, 0.7272782325744629
0, 202, 165, 16, 10, 0.5477192251194499
0, 432, 333, 22, 20, 0.4473848342895508
0, 363, 240, 16, 11, 0.4597435835690282
0, 63, 123, 14, 16, 0.5276123926169018
0, 496, 146, 30, 24, 0.521319203613356
0, 126, 485, 6, 8, 0.546568954361895
0, 363, 181, 29, 22, 0.64170297185758
0, 491, 439, 29, 21, 0.465603745255626
0, 427, 140, 30, 25, 0.6061632068534023
0, 489, 412, 29, 30, 0.6311089218848626
0, 51, 185, 15, 23, 0.5028751679431196
0, 63, 123, 14, 16, 0.5276123926169018
0, 125, 384, 20, 21, 0.6529412548158403
0, 129, 245, 24, 24, 0.6253476932959796
0, 264, 405, 12, 16, 0.5095154392198097
0, 240, 416, 29, 29, 0.4511332843621365
0, 198, 405, 16, 12, 0.4775243543466391
0, 125, 384, 20, 21, 0.6529412548158403
0, 189, 271, 44, 19, 0.5713065415028175
0, 93, 100, 23, 11, 0.5804871750317574
0, 253, 233, 19, 16, 0.5190527571905093
0, 314, 83, 25, 23, 0.6049967437582139
0, 278, 407, 11, 10, 0.5274331333325745
0, 63, 123, 14, 16, 0.5276123926169018
0, 72, 25, 30, 28, 0.5989952053999663
0, 93, 355, 28, 19, 0.588668389374055
0, 128, 88, 29, 21, 0.6796777673588578
0, 14, 76, 16, 15, 0.44888258329379904
0, 226, 219, 23, 22, 0.47440072856145754
0, 468, 389, 24, 23, 0.46475480911661926
0, 468, 389, 24, 23, 0.46475480911661926
0, 240, 416, 29, 29, 0.4511332843621365
0, 309, 373, 30, 26, 0.5088925125004724
0, 497, 496, 26, 26, 0.7173399925231934
0, 490, 260, 30, 15, 0.6631326978316914
0, 375, 318, 14, 29, 0.45184403527574
0, 498, 247, 26, 17, 0.4459114203189355
0, 211, 485, 14, 17, 0.46308278924995194
0, 72, 25, 30, 28, 0.5989952053999663
0, 505, 13, 11, 14, 0.5001311094539538
0, 218, 359, 18, 19, 0.45218739800297014
0, 159, 192, 26, 24, 0.5358297289587921
0, 363, 181, 29, 22, 0.64170297185758
0, 101, 501, 25, 20, 0.5345377787665277
0, 491, 439, 29, 21, 0.465603745255626
0, 167, 166, 25, 25, 0.49846517951690594
0, 498, 247, 26, 17, 0.4459114203189355
0, 309, 373, 30, 26, 0.5088925125004724
0, 434, 13, 37, 27, 0.5509908288004264
0, 362, 318, 40, 33, 0.4735161863789693
0, 32, 212, 34, 20, 0.637330481431438
0, 314, 83, 25, 23, 0.6049967437582139
0, 318, 367, 49, 44, 0.5053055922459407
0, 374, 4, 23, 9, 0.43304938119645786
0, 128, 88, 29, 21, 0.6796777673588578
0, 304, 506, 14, 10, 0.47025232408569584
0, 9, 6, 19, 13, 0.5421389134183467
0, 394, 16, 30, 30, 0.5766815621191091
0, 489, 412, 29, 30, 0.6311089218848626
0, 395, 473, 34, 37, 0.46242802855091397
0, 167, 166, 25, 25, 0.49846517951690594
0, 93, 355, 28, 19, 0.588668389374055
0, 483, 365, 32, 37, 0.47106293219923917
0, 150, 412, 27, 30, 0.5819520620157576
0, 54, 488, 24, 24, 0.4672703850441732
0, 394, 16, 30, 30, 0.5766815621191091
0, 506, 48, 11, 13, 0.5562645128431649
0, 318, 367, 49, 44, 0.5053055922459407
0, 44, 456, 12, 14, 0.4346785004189749
0, 129, 245, 24, 24, 0.6253476932959796
0, 394, 16, 30, 30, 0.5766815621191091
0, 362, 318, 40, 33, 0.4735161863789693
0, 159, 192, 26, 24, 0.5358297289587921
0, 505, 13, 11, 14, 0.5001311094539538
0, 32, 212, 34, 20, 0.637330481431438
0, 496, 146, 30, 24, 0.521319203613356
0, 374, 4, 23, 9, 0.43304938119645786
0, 150, 412, 27, 30, 0.5819520620157576
0, 489, 412, 29, 30, 0.6311089218848626
0, 498, 247, 26, 17, 0.4459114203189355
0, 434, 13, 37, 27, 0.5509908288004264
0, 8, 110, 16, 20, 0.6073307993848697
0, 483, 365, 32, 37, 0.47106293219923917
0, 210, 144, 18, 10, 0.5581684253777955
0, 54, 488, 24, 24, 0.4672703850441732
0, 314, 83, 25, 23, 0.6049967437582139
0, 321, 88, 39, 35, 0.483526850789802
