0, 372, 453, 31, 33, 0.9487897753715515
0, 10, 90, 21, 30, 0.9467439651489258
0, 32, 481, 30, 24, 0.9457669854164124
0, 98, 222, 21, 23, 0.9435685276985168
0, 301, 61, 21, 28, 0.9430078864097595
0, 365, 155, 31, 36, 0.9402080774307251
0, 212, 386, 25, 34, 0.9385948777198792
0, 382, 383, 49, 31, 0.9382151365280151
0, 466, 362, 29, 30, 0.9374722838401794
0, 328, 149, 29, 27, 0.9351305365562439
0, 239, 110, 14, 28, 0.9343433976173401
0, 178, 81, 24, 25, 0.9339310526847839
0, 213, 42, 25, 27, 0.9319573640823364
0, 26, 19, 29, 28, 0.9315056800842285
0, 62, 90, 22, 27, 0.931188702583313
0, 42, 151, 21, 31, 0.9307205080986023
0, 431, 370, 28, 25, 0.9302167296409607
0, 152, 101, 28, 28, 0.9284058213233948
0, 166, 461, 26, 21, 0.9279272556304932
0, 159, 157, 24, 28, 0.9278228878974915
0, 399, 202, 28, 23, 0.9268222451210022
0, 238, 237, 23, 29, 0.9262486696243286
0, 382, 483, 35, 32, 0.9261403679847717
0, 55, 465, 30, 27, 0.9246875047683716
0, 38, 257, 23, 33, 0.9246312379837036
0, 488, 56, 23, 30, 0.923947274684906
0, 192, 15, 22, 30, 0.9234891533851624
0, 140, 173, 23, 29, 0.9233786463737488
0, 372, 359, 29, 21, 0.9231070876121521
0, 284, 308, 36, 34, 0.9226835370063782
0, 35, 334, 28, 31, 0.92197185754776
0, 139, 9, 29, 18, 0.9214417934417725
0, 81, 451, 29, 30, 0.9204778075218201
0, 448, 182, 35, 27, 0.9200807213783264
0, 477, 428, 37, 26, 0.9193928241729736
0, 287, 460, 25, 15, 0.9172441959381104
0, 25, 381, 19, 18, 0.916347324848175
0, 235, 193, 22, 22, 0.9160560369491577
0, 29, 211, 17, 21, 0.9147968292236328
0, 116, 151, 25, 26, 0.9145150780677795
0, 368, 331, 49, 35, 0.9144829511642456
0, 208, 481, 35, 39, 0.914339542388916
0, 323, 214, 21, 27, 0.9141213297843933
0, 388, 85, 32, 35, 0.9139537811279297
0, 34, 420, 37, 30, 0.9138367176055908
0, 232, 17, 26, 34, 0.9125110507011414
0, 487, 199, 36, 26, 0.9114536046981812
0, 150, 263, 25, 42, 0.9114279747009277
0, 25, 64, 19, 19, 0.9107425212860107
0, 162, 482, 27, 24, 0.9106302857398987
0, 463, 82, 24, 45, 0.910598874092102
0, 183, 185, 23, 49, 0.908998966217041
0, 435, 491, 39, 30, 0.9081736207008362
0, 139, 316, 31, 49, 0.9074038863182068
0, 365, 61, 33, 35, 0.9064256548881531
0, 494, 253, 34, 28, 0.9036362767219543
0, 6, 426, 13, 19, 0.9031520485877991
0, 486, 346, 35, 26, 0.9028849005699158
0, 13, 190, 26, 20, 0.9021153450012207
0, 504, 372, 15, 26, 0.9018269181251526
0, 42, 226, 27, 19, 0.9015081524848938
0, 107, 434, 32, 22, 0.9011549353599548
0, 467, 27, 28, 28, 0.900489091873169
0, 486, 112, 36, 24, 0.8998112082481384
0, 130, 485, 21, 18, 0.8990267515182495
0, 16, 250, 16, 26, 0.8946166038513184
0, 451, 327, 34, 23, 0.8936454653739929
0, 9, 333, 18, 25, 0.8935408592224121
0, 26, 133, 11, 14, 0.8923477530479431
0, 476, 272, 38, 30, 0.8904653787612915
0, 303, 191, 22, 41, 0.8896303176879883
0, 431, 92, 26, 25, 0.8891736268997192
0, 271, 501, 27, 20, 0.8889166712760925
0, 421, 174, 25, 17, 0.8852963447570801
0, 444, 60, 37, 37, 0.8842438459396362
0, 372, 14, 39, 29, 0.881382405757904
0, 103, 381, 8, 7, 0.8799852132797241
0, 400, 164, 16, 22, 0.8796300888061523
0, 111, 455, 20, 15, 0.8689244389533997
0, 345, 94, 33, 31, 0.5621060729026794
0, 467, 141, 49, 32, 0.873050332069397
0, 87, 499, 35, 24, 0.7456074953079224
0, 487, 81, 30, 23, 0.7504616975784302
0, 54, 192, 20, 20, 0.7455024123191833
0, 474, 392, 34, 24, 0.7791076302528381
0, 125, 218, 29, 41, 0.5081584453582764
0, 287, 203, 10, 15, 0.8145484924316406
0, 80, 376, 30, 21, 0.6731335520744324
0, 86, 191, 20, 24, 0.6526748087287105
0, 163, 51, 26, 23, 0.861727237701416
0, 425, 244, 29, 19, 0.6517794132232666
0, 180, 363, 26, 36, 0.8749536275863647
0, 505, 191, 12, 19, 0.8097853660583496
0, 163, 51, 26, 23, 0.861727237701416
0, 415, 350, 46, 27, 0.8028337955474854
0, 210, 101, 31, 34, 0.5276461839675903
0, 203, 434, 28, 28, 0.7014739412626182
0, 103, 10, 34, 20, 0.8697249293327332
0, 103, 10, 34, 20, 0.8697249293327332
0, 487, 67, 30, 52, 0.7301558174058747
0, 440, 436, 34, 18, 0.6910694909994224
0, 103, 10, 34, 20, 0.8697249293327332
0, 214, 76, 35, 29, 0.8004459738731384
0, 414, 322, 35, 26, 0.8181110735031853
0, 278, 437, 27, 28, 0.8747088313102722
0, 402, 435, 32, 24, 0.7287111282348633
0, 413, 467, 34, 20, 0.5457080006599426
0, 435, 277, 77, 32, 0.8651529550552368
0, 275, 97, 12, 25, 0.8603735566139221
0, 81, 26, 35, 24, 0.6909667253494263
0, 435, 421, 39, 17, 0.7925080722505053
0, 278, 437, 27, 28, 0.8747088313102722
0, 277, 22, 14, 44, 0.6145323793331416
0, 101, 254, 26, 38, 0.6364887574217366
0, 334, 477, 25, 41, 0.6401063529646508
0, 120, 38, 24, 27, 0.8552367091178894
0, 487, 67, 30, 52, 0.7301558174058747
0, 84, 139, 34, 22, 0.6958341288015437
0, 103, 10, 34, 20, 0.8697249293327332
0, 448, 301, 40, 22, 0.8021742793807058
0, 64, 176, 34, 21, 0.6672469021115705
0, 208, 328, 26, 28, 0.6981798844563469
0, 241, 85, 12, 19, 0.5654546987459914
0, 166, 406, 40, 39, 0.7244054540725512
0, 39, 86, 31, 26, 0.4209661565169499
0, 414, 322, 35, 26, 0.8181110735031853
0, 307, 162, 19, 23, 0.722748094046725
0, 406, 47, 41, 36, 0.6047313827144257
0, 389, 308, 29, 19, 0.6979516210497436
0, 100, 129, 32, 27, 0.6803075940113659
0, 206, 110, 34, 20, 0.5550038502633583
0, 83, 354, 33, 35, 0.6052893090175473
0, 436, 223, 59, 31, 0.6586687278818371
0, 436, 223, 59, 31, 0.6586687278818371
0, 436, 223, 59, 31, 0.6586687278818371
0, 91, 133, 49, 35, 0.5691427671973167
0, 334, 477, 25, 41, 0.6401063529646508
0, 417, 14, 51, 29, 0.5382618371618799
0, 293, 267, 18, 29, 0.698672888818308
0, 429, 450, 41, 23, 0.5336276076657929
0, 135, 27, 27, 18, 0.6094394203869369
0, 394, 247, 36, 32, 0.6504055006402369
0, 83, 354, 33, 35, 0.6052893090175473
0, 334, 477, 25, 41, 0.6401063529646508
0, 84, 64, 29, 24, 0.5288178851671864
0, 406, 47, 41, 36, 0.6047313827144257
0, 404, 2, 24, 4, 0.4594753602150806
0, 99, 67, 62, 34, 0.6473642518340748
0, 203, 434, 28, 28, 0.7014739412626182
0, 166, 406, 40, 39, 0.7244054540725512
