0, 570, 702, 17, 16, 0.5194646120071411
0, 356, 584, 17, 19, 0.48844459652900696
0, 376, 728, 19, 20, 0.4752027094364166
0, 264, 289, 17, 25, 0.423959344625473
0, 391, 714, 15, 16, 0.41777360439300537
0, 631, 382, 17, 21, 0.4082123935222626
0, 414, 724, 16, 15, 0.4001075327396393
0, 361, 703, 19, 18, 0.38021087646484375
0, 139, 622, 15, 17, 0.37983331084251404
0, 169, 621, 16, 15, 0.3788776695728302
0, 142, 567, 21, 20, 0.37487852573394775
0, 564, 759, 18, 17, 0.368638277053833
0, 541, 727, 21, 15, 0.3588416874408722
0, 381, 916, 20, 18, 0.35868605971336365
0, 66, 671, 20, 21, 0.34953081607818604
0, 841, 354, 17, 19, 0.33920490741729736
0, 588, 730, 15, 15, 0.3386067748069763
0, 163, 556, 21, 21, 0.3354051113128662
0, 501, 750, 19, 14, 0.25212088260409893
