0, 347.0, 216.0, 19.0, 16.0, 0.7777473330497742
0, 290.0, 298.0, 19.0, 20.0, 0.7746223211288452
0, 279.0, 228.0, 20.0, 24.0, 0.7664107084274292
0, 340.0, 134.0, 21.0, 20.0, 0.7532760500907898
0, 560.0, 173.0, 22.0, 16.0, 0.7498142719268799
0, 573.0, 121.0, 18.0, 18.0, 0.7480099201202393
0, 309.0, 252.0, 23.0, 22.0, 0.723092257976532
0, 565.0, 39.0, 19.0, 20.0, 0.7176039218902588
0, 351.0, 40.0, 21.0, 19.0, 0.7134706377983093
0, 563.0, 529.0, 23.0, 17.0, 0.7113949656486511
0, 270.0, 200.0, 17.0, 17.0, 0.7021065950393677
0, 87.0, 316.0, 17.0, 18.0, 0.6937490105628967
0, 359.0, 59.0, 20.0, 16.0, 0.6898046135902405
0, 51.0, 234.0, 18.0, 18.0, 0.6754553318023682
0, 226.0, 161.0, 18.0, 14.0, 0.6677040457725525
0, 675.0, 160.0, 21.0, 14.0, 0.6547926664352417
0, 91.0, 293.0, 18.0, 19.0, 0.654467761516571
0, 275.0, 163.0, 18.0, 18.0, 0.6431078910827637
0, 308.0, 73.0, 16.0, 14.0, 0.6381102800369263
0, 598.0, 182.0, 18.0, 16.0, 0.6342140436172485
0, 872.0, 100.0, 19.0, 18.0, 0.6299576759338379
0, 606.0, 122.0, 19.0, 19.0, 0.6227567791938782
0, 573.0, 19.0, 16.0, 19.0, 0.6143832206726074
0, 548.0, 97.0, 22.0, 20.0, 0.6140635013580322
0, 882.0, 37.0, 16.0, 17.0, 0.6116636991500854
0, 648.0, 147.0, 16.0, 16.0, 0.609066903591156
0, 43.0, 415.0, 18.0, 21.0, 0.603326141834259
0, 619.0, 165.0, 14.0, 17.0, 0.6009871959686279
0, 643.0, 48.0, 17.0, 17.0, 0.5966852307319641
0, 293.0, 188.0, 18.0, 19.0, 0.5951016545295715
0, 302.0, 201.0, 16.0, 15.0, 0.5906680822372437
0, 302.0, 278.0, 22.0, 20.0, 0.5857681632041931
0, 389.0, 103.0, 17.0, 21.0, 0.5831193327903748
0, 649.0, 108.0, 19.0, 20.0, 0.5764944553375244
0, 710.0, 9.0, 19.0, 17.0, 0.5763688087463379
0, 28.0, 277.0, 15.0, 17.0, 0.5756813287734985
0, 777.0, 42.0, 17.0, 18.0, 0.5724226832389832
0, 73.0, 226.0, 18.0, 20.0, 0.5696007013320923
0, 267.0, 332.0, 18.0, 19.0, 0.566697359085083
0, 254.0, 111.0, 15.0, 15.0, 0.5629000067710876
0, 322.0, 196.0, 17.0, 13.0, 0.5626578330993652
0, 906.0, 880.0, 18.0, 13.0, 0.5619479417800903
0, 672.0, 88.0, 20.0, 18.0, 0.5548660159111023
0, 655.0, 128.0, 18.0, 17.0, 0.5539450645446777
0, 687.0, 25.0, 16.0, 16.0, 0.5490053296089172
0, 24.0, 449.0, 19.0, 23.0, 0.5467159152030945
0, 244.0, 195.0, 19.0, 17.0, 0.5428061485290527
0, 658.0, 190.0, 18.0, 18.0, 0.5414827466011047
0, 236.0, 329.0, 18.0, 24.0, 0.539004385471344
0, 684.0, 144.0, 20.0, 19.0, 0.5304667949676514
0, 648.0, 244.0, 19.0, 16.0, 0.5285177230834961
0, 112.0, 276.0, 18.0, 20.0, 0.5254807472229004
0, 246.0, 303.0, 17.0, 17.0, 0.5247383117675781
0, 918.0, 50.0, 21.0, 21.0, 0.5212129950523376
0, 341.0, 198.0, 17.0, 16.0, 0.518338143825531
0, 312.0, 359.0, 17.0, 17.0, 0.5159454345703125
0, 954.0, 11.0, 16.0, 19.0, 0.5096696615219116
0, 260.0, 228.0, 15.0, 19.0, 0.5089305639266968
0, 646.0, 65.0, 17.0, 16.0, 0.5051844120025635
0, 338.0, 155.0, 18.0, 18.0, 0.5013205409049988
0, 386.0, 82.0, 21.0, 18.0, 0.49943462014198303
0, 603.0, 38.0, 14.0, 16.0, 0.4934538006782532
0, 19.0, 333.0, 15.0, 16.0, 0.49327975511550903
0, 329.0, 245.0, 20.0, 17.0, 0.49066367745399475
0, 923.0, 857.0, 15.0, 16.0, 0.48853617906570435
0, 7.0, 498.0, 14.0, 16.0, 0.4846417009830475
0, 383.0, 19.0, 17.0, 17.0, 0.4828367233276367
0, 826.0, 103.0, 16.0, 18.0, 0.48115962743759155
0, 568.0, 156.0, 18.0, 17.0, 0.4779224693775177
0, 273.0, 125.0, 18.0, 18.0, 0.47697338461875916
0, 53.0, 371.0, 17.0, 16.0, 0.4741581082344055
0, 619.0, 499.0, 18.0, 16.0, 0.47393137216567993
0, 939.0, 846.0, 18.0, 15.0, 0.4733114242553711
0, 575.0, 86.0, 20.0, 18.0, 0.4701679050922394
0, 271.0, 355.0, 21.0, 21.0, 0.46750974655151367
0, 854.0, 93.0, 18.0, 16.0, 0.46414461731910706
0, 296.0, 350.0, 18.0, 17.0, 0.45996978878974915
0, 861.0, 876.0, 18.0, 13.0, 0.4554624855518341
0, 89.0, 240.0, 17.0, 18.0, 0.4514424502849579
0, 650.0, 219.0, 19.0, 23.0, 0.44432947039604187
0, 666.0, 65.0, 17.0, 17.0, 0.44382140040397644
0, 319.0, 181.0, 18.0, 15.0, 0.4361787438392639
0, 631.0, 61.0, 16.0, 17.0, 0.4360645115375519
0, 581.0, 172.0, 19.0, 19.0, 0.43450304865837097
0, 764.0, 87.0, 16.0, 16.0, 0.4343692362308502
0, 120.0, 257.0, 17.0, 23.0, 0.4340805411338806
0, 871.0, 913.0, 19.0, 18.0, 0.4311027526855469
0, 840.0, 901.0, 19.0, 20.0, 0.4261854290962219
0, 927.0, 951.0, 13.0, 16.0, 0.426046222448349
0, 595.0, 26.0, 17.0, 18.0, 0.42546674609184265
0, 323.0, 298.0, 17.0, 17.0, 0.4226685166358948
0, 630.0, 218.0, 19.0, 16.0, 0.4157881736755371
0, 252.0, 246.0, 21.0, 17.0, 0.41393324732780457
0, 198.0, 68.0, 20.0, 19.0, 0.41327932476997375
0, 110.0, 235.0, 16.0, 15.0, 0.4097530245780945
0, 587.0, 107.0, 20.0, 15.0, 0.4071666896343231
0, 79.0, 343.0, 18.0, 15.0, 0.40592727065086365
0, 620.0, 44.0, 19.0, 17.0, 0.4045526385307312
0, 879.0, 63.0, 17.0, 22.0, 0.40189144015312195
