0, 193.0, 10.0, 22.0, 19.0, 0.597084641456604
0, 882.0, 602.0, 22.0, 27.0, 0.5608294606208801
0, 183.0, 55.0, 23.0, 22.0, 0.5536105632781982
0, 510.0, 257.0, 19.0, 20.0, 0.4683245122432709
0, 879.0, 190.0, 17.0, 23.0, 0.46185848116874695
0, 173.0, 38.0, 18.0, 17.0, 0.45773404836654663
0, 409.0, 15.0, 21.0, 22.0, 0.4444640874862671
0, 201.0, 48.0, 19.0, 21.0, 0.44445160031318665
0, 426.0, 526.0, 27.0, 32.0, 0.4342123866081238
0, 435.0, 472.0, 24.0, 21.0, 0.43262779712677
0, 624.0, 200.0, 21.0, 19.0, 0.4285578727722168
0, 638.0, 227.0, 20.0, 20.0, 0.42223817110061646
0, 893.0, 193.0, 16.0, 23.0, 0.41378840804100037
0, 875.0, 97.0, 23.0, 22.0, 0.4050524830818176
0, 429.0, 678.0, 34.0, 24.0, 0.4022316634654999
