0, 376, 385, 66, 55, 0.16135025024414062
0, 139, 504, 83, 92, 0.11827243864536285
0, 154, 402, 24, 29, 0.10161123424768448
0, 627, 317, 70, 46, 0.09048227965831757
0, 159, 438, 57, 33, 0.0904381200671196
0, 549, 360, 45, 45, 0.06601296365261078
0, 742, 538, 32, 22, 0.06471936404705048
0, 589, 852, 21, 19, 0.054716404527425766
0, 366, 1000, 40, 44, 0.05147644132375717
0, 486, 656, 33, 39, 0.04929060861468315
0, 519, 594, 49, 53, 0.04869900271296501
0, 751, 525, 50, 29, 0.04703395813703537
0, 610, 316, 35, 48, 0.04581860452890396
0, 722, 597, 45, 45, 0.03894880414009094
0, 374, 375, 50, 35, 0.038763683289289474
0, 519, 739, 47, 36, 0.03680490329861641
0, 787, 375, 37, 26, 0.03484543785452843
0, 373, 992, 22, 28, 0.03422202542424202
0, 180, 366, 47, 29, 0.03360491618514061
0, 529, 917, 27, 23, 0.031726181507110596
0, 284, 599, 16, 18, 0.028669826686382294
0, 661, 271, 19, 24, 0.02696079947054386
0, 431, 753, 19, 19, 0.02641628310084343
0, 170, 465, 26, 18, 0.025473928079009056
0, 797, 550, 48, 28, 0.024675942957401276
0, 144, 491, 68, 39, 0.024423185735940933
0, 787, 553, 34, 20, 0.02340245246887207
0, 727, 590, 29, 27, 0.023334044963121414
0, 109, 502, 18, 20, 0.021769175305962563
0, 117, 488, 29, 39, 0.021612605080008507
0, 126, 486, 27, 27, 0.021008018404245377
0, 703, 382, 40, 19, 0.020762650296092033
0, 703, 367, 48, 51, 0.019444551318883896
0, 710, 590, 56, 54, 0.019315892830491066
0, 546, 512, 77, 90, 0.01924452930688858
0, 785, 546, 32, 22, 0.019202683120965958
0, 130, 535, 32, 27, 0.018936479464173317
0, 383, 1019, 38, 55, 0.018874255940318108
0, 167, 419, 66, 78, 0.018429962918162346
0, 127, 524, 46, 43, 0.01836930587887764
0, 782, 372, 27, 15, 0.016755564138293266
0, 603, 868, 54, 57, 0.01672947220504284
0, 655, 314, 17, 23, 0.01644560694694519
0, 838, 498, 21, 18, 0.015961533412337303
0, 144, 523, 57, 51, 0.015779990702867508
0, 543, 478, 26, 21, 0.015583516098558903
0, 181, 398, 34, 27, 0.015252224169671535
0, 677, 848, 24, 17, 0.015187464654445648
0, 434, 759, 20, 22, 0.014789756387472153
0, 303, 620, 13, 18, 0.014719109050929546
0, 309, 780, 33, 26, 0.014063237234950066
0, 175, 414, 45, 20, 0.013950809836387634
0, 841, 511, 33, 36, 0.013825315982103348
0, 113, 512, 17, 21, 0.013816522434353828
0, 366, 395, 41, 29, 0.01380670815706253
0, 275, 708, 41, 39, 0.013723383657634258
0, 704, 586, 31, 25, 0.013181355781853199
0, 182, 393, 50, 41, 0.012778854928910732
0, 534, 928, 48, 41, 0.012708395719528198
0, 116, 474, 24, 30, 0.012381509877741337
0, 772, 394, 19, 14, 0.012361007742583752
0, 459, 762, 25, 19, 0.011727804318070412
0, 513, 584, 31, 36, 0.011604005470871925
0, 593, 857, 34, 27, 0.011272018775343895
0, 389, 898, 48, 37, 0.011071606539189816
0, 534, 480, 44, 28, 0.010993711650371552
0, 421, 974, 23, 14, 0.010843425057828426
0, 391, 892, 33, 27, 0.010651400312781334
0, 270, 353, 45, 40, 0.010340612381696701
0, 723, 599, 68, 61, 0.010262458585202694
0, 763, 368, 89, 49, 0.009896231815218925
0, 164, 492, 29, 28, 0.009886303916573524
0, 776, 535, 104, 49, 0.009235778823494911
0, 561, 310, 30, 29, 0.009166182950139046
0, 526, 1023, 27, 21, 0.008995391428470612
0, 362, 989, 35, 31, 0.00890442542731762
0, 380, 919, 40, 18, 0.00877597276121378
0, 432, 492, 32, 25, 0.008682111278176308
0, 497, 651, 59, 48, 0.008611573837697506
0, 105, 496, 30, 35, 0.00855666771531105
0, 626, 244, 20, 18, 0.008399995975196362
0, 451, 1001, 52, 50, 0.008224074728786945
0, 602, 323, 28, 39, 0.008187917992472649
0, 187, 411, 24, 16, 0.008089886978268623
0, 259, 598, 19, 20, 0.007712299004197121
0, 452, 754, 37, 29, 0.007265525404363871
0, 357, 278, 27, 15, 0.007208470720797777
0, 253, 654, 32, 30, 0.007153896149247885
0, 284, 590, 16, 26, 0.007093579508364201
0, 535, 936, 41, 23, 0.007013355847448111
0, 395, 806, 34, 20, 0.00687682069838047
0, 389, 1029, 29, 31, 0.006858923472464085
0, 604, 453, 26, 21, 0.006574960891157389
0, 94, 301, 22, 11, 0.0065132672898471355
0, 522, 728, 60, 61, 0.006399878300726414
0, 149, 507, 60, 61, 0.006388076115399599
0, 178, 378, 54, 24, 0.0063726166263222694
0, 109, 590, 41, 27, 0.006358649116009474
0, 459, 998, 32, 36, 0.006233556661754847
0, 628, 246, 33, 27, 0.005960065871477127
0, 357, 1070, 25, 24, 0.005925856065005064
0, 468, 368, 23, 19, 0.005919836927205324
0, 559, 1013, 12, 18, 0.0058638956397771835
0, 507, 686, 50, 40, 0.005791591014713049
0, 189, 217, 23, 18, 0.005643238313496113
0, 635, 459, 60, 31, 0.005450792144984007
0, 698, 556, 27, 26, 0.0053973207250237465
0, 703, 559, 47, 49, 0.005331674125045538
0, 518, 663, 91, 190, 0.005325267557054758
0, 456, 733, 14, 14, 0.005310479551553726
0, 269, 699, 40, 28, 0.005292884539812803
0, 456, 989, 20, 20, 0.005244652274996042
0, 642, 243, 17, 23, 0.005232064053416252
0, 511, 365, 17, 22, 0.005103022325783968
0, 752, 806, 21, 14, 0.005089500453323126
0, 419, 496, 57, 39, 0.004997642245143652
0, 93, 309, 24, 16, 0.004976276308298111
0, 93, 282, 24, 12, 0.004948103334754705
0, 257, 659, 59, 57, 0.00486229732632637
0, 374, 961, 19, 19, 0.004827780649065971
0, 274, 427, 24, 16, 0.004708247259259224
0, 258, 701, 17, 18, 0.004668484907597303
0, 254, 691, 21, 23, 0.004656585864722729
0, 245, 228, 20, 14, 0.004614710342139006
0, 560, 622, 33, 30, 0.004606298170983791
0, 200, 357, 25, 28, 0.004589561372995377
0, 589, 832, 16, 14, 0.004537231754511595
0, 368, 250, 17, 17, 0.004510597791522741
0, 568, 264, 16, 16, 0.004466428887099028
0, 214, 251, 22, 26, 0.004427400417625904
0, 149, 446, 40, 31, 0.004389236681163311
0, 768, 357, 28, 20, 0.004361059051007032
0, 410, 899, 104, 58, 0.0043570068664848804
0, 531, 942, 40, 19, 0.004348980262875557
0, 119, 463, 19, 20, 0.00427650660276413
0, 615, 881, 46, 36, 0.004261557944118977
0, 373, 1009, 55, 64, 0.004245604854077101
0, 187, 721, 29, 56, 0.004218683578073978
0, 618, 831, 18, 16, 0.004207167308777571
0, 385, 866, 22, 18, 0.004192720633000135
0, 515, 697, 32, 30, 0.004181255120784044
0, 198, 253, 16, 21, 0.004157913848757744
0, 253, 674, 29, 19, 0.00415775366127491
0, 450, 994, 36, 30, 0.004155971575528383
0, 843, 386, 24, 16, 0.004116556607186794
0, 363, 475, 24, 17, 0.00409932155162096
0, 641, 462, 37, 24, 0.00404174393042922
0, 529, 614, 52, 46, 0.004010783042758703
0, 843, 545, 48, 34, 0.003999907523393631
0, 416, 851, 22, 16, 0.003970885183662176
0, 625, 832, 28, 19, 0.003939504735171795
0, 610, 445, 25, 20, 0.003930093254894018
0, 762, 355, 24, 15, 0.003918964881449938
0, 442, 1032, 22, 19, 0.0037693330086767673
0, 696, 583, 31, 28, 0.0037416096311062574
0, 108, 213, 21, 20, 0.003730196040123701
0, 587, 270, 13, 13, 0.00371413491666317
0, 486, 689, 31, 26, 0.0036745979450643063
0, 655, 261, 35, 49, 0.0035966276191174984
0, 493, 142, 23, 20, 0.0035876522306352854
0, 778, 366, 54, 35, 0.0035352862905710936
0, 508, 625, 86, 110, 0.0035215422976762056
0, 538, 610, 87, 74, 0.0034970203414559364
0, 397, 877, 41, 27, 0.0034326643217355013
0, 165, 707, 21, 20, 0.003430350450798869
0, 227, 704, 18, 19, 0.0033829761669039726
0, 269, 571, 28, 17, 0.0033636472653597593
0, 848, 522, 22, 17, 0.0033454943913966417
0, 630, 862, 117, 83, 0.003328423947095871
0, 763, 365, 55, 27, 0.003254238748922944
0, 428, 510, 32, 25, 0.003233111696317792
0, 753, 816, 26, 25, 0.0032297323923557997
0, 729, 824, 23, 18, 0.0031914575956761837
0, 833, 539, 71, 49, 0.003109930781647563
0, 240, 367, 26, 22, 0.0030783009715378284
0, 689, 574, 21, 17, 0.0030107812490314245
0, 674, 298, 21, 17, 0.003006527666002512
0, 330, 480, 91, 40, 0.0029430154245346785
0, 101, 590, 24, 22, 0.0029410363640636206
0, 384, 909, 54, 40, 0.0029001845978200436
0, 239, 309, 16, 28, 0.0028431937098503113
0, 501, 364, 24, 27, 0.0028427124489098787
0, 208, 245, 31, 33, 0.002834380604326725
0, 468, 894, 44, 40, 0.002786800963804126
0, 795, 529, 141, 73, 0.0027664722874760628
0, 703, 545, 27, 21, 0.0027506903279572725
0, 481, 886, 22, 24, 0.0027491317596286535
0, 798, 710, 27, 34, 0.0027395591605454683
0, 825, 511, 21, 20, 0.0027286314871162176
0, 396, 489, 15, 21, 0.0027266754768788815
0, 439, 1024, 26, 19, 0.00271692150272429
0, 562, 444, 20, 12, 0.002700408222153783
0, 274, 578, 32, 27, 0.002698039636015892
0, 893, 657, 26, 18, 0.0026852244045585394
0, 463, 142, 21, 17, 0.002677756827324629
0, 415, 899, 75, 37, 0.0026089970488101244
0, 526, 932, 36, 22, 0.002552697667852044
0, 696, 601, 29, 27, 0.002485820325091481
0, 751, 797, 20, 24, 0.0024823122657835484
0, 150, 410, 33, 50, 0.0024539243895560503
0, 263, 587, 25, 23, 0.0024479972198605537
0, 99, 210, 25, 17, 0.0024187692906707525
0, 747, 810, 71, 53, 0.002418478252366185
0, 80, 254, 14, 12, 0.0023645195178687572
0, 655, 271, 27, 28, 0.002360079437494278
0, 352, 477, 48, 29, 0.0023459887597709894
0, 568, 300, 26, 27, 0.002340874169021845
0, 775, 538, 62, 33, 0.0023237450513988733
0, 596, 316, 55, 53, 0.0022685218136757612
0, 517, 475, 21, 22, 0.002239333465695381
0, 520, 709, 46, 57, 0.002232795115560293
0, 351, 998, 25, 32, 0.002221073489636183
0, 517, 885, 35, 28, 0.002219891408458352
0, 415, 859, 58, 30, 0.0022094985470175743
0, 491, 893, 56, 41, 0.002163802972063422
0, 251, 667, 32, 30, 0.0021609992254525423
0, 833, 505, 34, 31, 0.0021440284326672554
0, 496, 148, 21, 19, 0.0020897851791232824
0, 350, 208, 20, 16, 0.0020560992415994406
0, 751, 363, 34, 27, 0.0020538715180009604
0, 468, 376, 22, 24, 0.00205034832470119
0, 528, 381, 18, 18, 0.00204958557151258
0, 522, 478, 32, 27, 0.0020458903163671494
0, 602, 301, 128, 90, 0.002029906027019024
0, 196, 238, 19, 17, 0.0020148579496890306
0, 812, 385, 48, 30, 0.0020066278520971537
0, 813, 370, 29, 19, 0.002006062539294362
0, 478, 147, 56, 31, 0.0019944249652326107
0, 528, 492, 56, 55, 0.001980356639251113
0, 893, 368, 11, 13, 0.0019654424395412207
0, 434, 1019, 22, 17, 0.0019589439034461975
0, 667, 429, 22, 24, 0.0018867150647565722
0, 200, 232, 44, 38, 0.0018864915473386645
0, 392, 867, 32, 21, 0.0018792115151882172
0, 205, 243, 57, 49, 0.0018751972820609808
0, 444, 898, 42, 34, 0.0018084533512592316
0, 387, 450, 29, 24, 0.001784166437573731
0, 152, 634, 22, 15, 0.0017835635226219893
0, 440, 498, 47, 38, 0.0017521214904263616
0, 879, 355, 12, 13, 0.001716240425594151
0, 788, 750, 24, 17, 0.001708251191303134
0, 243, 635, 25, 21, 0.0016657613450661302
0, 415, 466, 30, 18, 0.0016505663515999913
0, 605, 284, 14, 12, 0.0016301366267725825
0, 594, 835, 22, 19, 0.0016260319389402866
0, 870, 635, 20, 14, 0.001610384089872241
0, 436, 378, 19, 23, 0.0016020265175029635
0, 225, 315, 16, 18, 0.001600003452040255
0, 482, 366, 33, 25, 0.0015996593283489347
0, 874, 380, 144, 59, 0.001595503417775035
0, 137, 691, 16, 13, 0.0015949567314237356
0, 721, 627, 24, 17, 0.001593017834238708
0, 277, 598, 21, 22, 0.00157482223585248
0, 821, 532, 25, 23, 0.0015513559337705374
0, 392, 455, 19, 13, 0.0015303625259548426
0, 103, 302, 42, 15, 0.0015281200176104903
0, 627, 822, 25, 21, 0.0015129095409065485
0, 275, 420, 28, 26, 0.0014773337170481682
0, 653, 309, 28, 34, 0.001460760715417564
0, 455, 146, 30, 22, 0.0014379312051460147
0, 917, 370, 45, 16, 0.0014258422888815403
0, 504, 885, 32, 26, 0.0014242518227547407
0, 673, 308, 27, 33, 0.00138562498614192
0, 231, 657, 40, 38, 0.0013599122175946832
0, 550, 714, 25, 26, 0.0013303908053785563
0, 250, 693, 34, 33, 0.0013194335624575615
0, 867, 662, 18, 20, 0.0013163377298042178
0, 138, 252, 19, 17, 0.0012908907374367118
0, 876, 366, 13, 12, 0.0012765274150297046
0, 448, 151, 19, 15, 0.001271251356229186
0, 855, 546, 27, 30, 0.0012598664034157991
0, 111, 581, 44, 28, 0.0012587305391207337
0, 147, 691, 33, 17, 0.0012347660958766937
0, 363, 475, 136, 63, 0.0012239068746566772
0, 647, 440, 60, 27, 0.0011969894403591752
0, 279, 415, 25, 18, 0.0011888416483998299
0, 118, 308, 19, 13, 0.0011887040454894304
0, 454, 904, 78, 60, 0.0011811299482360482
0, 320, 735, 16, 16, 0.0011799874482676387
0, 705, 350, 35, 25, 0.0011773277074098587
0, 255, 644, 45, 39, 0.0011763630900532007
0, 234, 701, 22, 24, 0.0011659174924716353
0, 357, 1008, 39, 41, 0.0011385796824470162
0, 630, 844, 45, 36, 0.0010847346857190132
0, 112, 217, 16, 20, 0.0010733635863289237
0, 151, 642, 24, 20, 0.0010678061516955495
0, 556, 615, 51, 46, 0.001066094497218728
0, 441, 1012, 38, 34, 0.0010582961840555072
0, 245, 387, 22, 14, 0.001031655352562666
0, 543, 455, 27, 17, 0.0010238721733912826
0, 406, 384, 24, 23, 0.0010232949862256646
0, 903, 373, 78, 34, 0.0010187639854848385
0, 380, 860, 27, 29, 0.0010082522640004754
0, 100, 580, 24, 22, 0.0009960808092728257
0, 362, 209, 27, 15, 0.0009930406231433153
0, 598, 883, 38, 31, 0.0009884965838864446
0, 482, 157, 44, 26, 0.000971966830547899
0, 406, 461, 41, 18, 0.0009708497673273087
0, 515, 728, 56, 36, 0.0009361793636344373
0, 487, 179, 12, 13, 0.0009289963054470718
