0, 168, 759, 96, 138, 0.721914529800415
0, 710, 228, 256, 178, 0.6724479794502258
0, 247, 490, 73, 66, 0.3447069525718689
0, 170, 635, 30, 33, 0.11756240576505661
0, 197, 552, 75, 63, 0.09868927299976349
0, 177, 608, 24, 20, 0.09197870641946793
0, 729, 254, 71, 74, 0.08274291455745697
0, 248, 478, 56, 41, 0.07980969548225403
0, 802, 206, 75, 103, 0.06851126998662949
0, 656, 275, 94, 69, 0.043475888669490814
0, 321, 428, 19, 17, 0.04032275453209877
0, 183, 575, 34, 31, 0.03790882229804993
0, 716, 208, 99, 48, 0.033208783715963364
0, 493, 324, 46, 34, 0.03137287124991417
0, 204, 541, 44, 33, 0.031294580549001694
0, 200, 535, 19, 18, 0.029651151970028877
0, 173, 581, 29, 25, 0.027004539966583252
0, 501, 374, 48, 38, 0.02585216425359249
0, 183, 567, 22, 18, 0.024995816871523857
0, 188, 539, 32, 27, 0.02473796159029007
0, 261, 485, 39, 34, 0.02324056811630726
0, 172, 616, 33, 35, 0.021943582221865654
0, 161, 661, 25, 20, 0.021581154316663742
0, 171, 561, 28, 22, 0.020403563976287842
0, 174, 551, 26, 28, 0.019598081707954407
0, 350, 471, 79, 80, 0.01958162896335125
0, 162, 565, 20, 17, 0.01925741694867611
0, 162, 681, 16, 19, 0.01885991357266903
0, 167, 650, 19, 9, 0.018844565376639366
0, 162, 573, 21, 24, 0.018391529098153114
0, 179, 545, 30, 33, 0.01812596805393696
0, 260, 464, 25, 16, 0.016314785927534103
0, 237, 475, 42, 31, 0.015196411870419979
0, 409, 401, 11, 14, 0.01504131406545639
0, 695, 213, 58, 35, 0.014725430868566036
0, 130, 677, 17, 22, 0.014611062593758106
0, 163, 582, 23, 23, 0.014485148712992668
0, 164, 607, 23, 19, 0.014303041622042656
0, 266, 474, 34, 29, 0.013953604735434055
0, 333, 478, 48, 38, 0.013401005417108536
0, 503, 357, 62, 77, 0.013293680734932423
0, 527, 346, 26, 34, 0.01262511033564806
0, 262, 559, 29, 38, 0.011423646472394466
0, 659, 244, 109, 83, 0.01081931684166193
0, 209, 505, 23, 24, 0.010258464142680168
0, 164, 681, 23, 29, 0.009528572671115398
0, 515, 344, 60, 41, 0.009404039941728115
0, 459, 352, 14, 13, 0.009072099812328815
0, 242, 489, 59, 40, 0.009050370194017887
0, 213, 530, 120, 115, 0.008896651677787304
0, 524, 351, 17, 23, 0.008834820240736008
0, 208, 531, 34, 25, 0.008676325902342796
0, 177, 553, 48, 52, 0.00816315971314907
0, 392, 369, 15, 12, 0.0081136804074049
0, 148, 699, 20, 22, 0.008044945076107979
0, 674, 251, 166, 122, 0.007707490585744381
0, 364, 454, 42, 46, 0.0072953845374286175
0, 217, 528, 31, 24, 0.007173895835876465
0, 685, 221, 85, 47, 0.006697521544992924
0, 354, 470, 49, 57, 0.00651603564620018
0, 616, 249, 48, 50, 0.006483977194875479
0, 704, 224, 114, 68, 0.0064380294643342495
0, 133, 775, 20, 29, 0.006284876260906458
0, 323, 479, 30, 27, 0.006259298883378506
0, 181, 676, 17, 16, 0.006257392466068268
0, 643, 257, 69, 42, 0.006243918556720018
0, 298, 437, 14, 11, 0.006117441691458225
0, 434, 343, 13, 13, 0.005006598774343729
0, 616, 255, 29, 30, 0.004914025776088238
0, 355, 443, 24, 28, 0.004906348418444395
0, 142, 714, 29, 43, 0.0047530229203403
0, 614, 267, 28, 26, 0.004735641181468964
0, 674, 285, 57, 47, 0.004164790268987417
0, 611, 272, 21, 17, 0.003956479951739311
0, 359, 480, 23, 24, 0.003955266438424587
0, 169, 620, 41, 66, 0.003928359132260084
0, 412, 402, 18, 19, 0.003919186536222696
0, 163, 735, 75, 87, 0.003786916146054864
0, 377, 436, 16, 22, 0.003639424219727516
0, 337, 494, 24, 27, 0.0034717130474746227
0, 360, 398, 21, 12, 0.0034103745128959417
0, 159, 688, 15, 29, 0.003359252819791436
0, 156, 677, 27, 35, 0.0032366339582949877
0, 218, 507, 42, 39, 0.0031930413097143173
0, 175, 671, 26, 28, 0.0031821371521800756
0, 504, 288, 9, 8, 0.0030874793883413076
0, 543, 296, 14, 10, 0.0027323151007294655
0, 570, 304, 19, 13, 0.00267424201592803
0, 584, 290, 13, 12, 0.0026085316203534603
0, 560, 279, 13, 12, 0.0025326418690383434
0, 749, 202, 59, 42, 0.0024448970798403025
0, 620, 236, 51, 38, 0.002430909313261509
0, 462, 350, 23, 15, 0.0023394213058054447
0, 713, 269, 106, 77, 0.0023078059311956167
0, 141, 702, 27, 29, 0.0021867454051971436
0, 153, 814, 26, 26, 0.0020920338574796915
0, 461, 310, 14, 15, 0.0020644336473196745
0, 486, 343, 63, 35, 0.0019797601271420717
0, 717, 95, 263, 191, 0.0019348255591467023
0, 206, 825, 13, 10, 0.0019101595971733332
0, 134, 762, 22, 33, 0.0018955770647153258
0, 814, 198, 37, 48, 0.0018816181691363454
0, 293, 541, 14, 19, 0.0018576618749648333
0, 278, 509, 12, 11, 0.0018555031856521964
0, 187, 796, 46, 54, 0.0018552789697423577
0, 781, 218, 28, 45, 0.0017893729964271188
0, 429, 318, 27, 14, 0.0017122247954830527
0, 627, 268, 55, 41, 0.001681109773926437
0, 135, 727, 23, 28, 0.0015748611185699701
0, 622, 280, 43, 38, 0.0014775334857404232
0, 351, 454, 38, 51, 0.0013744778698310256
0, 993, 990, 17, 89, 0.0013569948496297002
0, 435, 352, 16, 24, 0.0013547602575272322
0, 143, 791, 40, 63, 0.0013468759134411812
0, 642, 288, 45, 32, 0.0013414742425084114
0, 755, 297, 363, 308, 0.0013399150921031833
0, 409, 334, 19, 17, 0.001333195366896689
0, 740, 214, 71, 63, 0.0013120700605213642
0, 787, 228, 40, 51, 0.001310673076659441
0, 273, 483, 34, 46, 0.0013017834862694144
0, 435, 319, 24, 21, 0.001265263999812305
0, 630, 291, 28, 21, 0.001263399375602603
0, 525, 72, 216, 144, 0.0012595418374985456
0, 483, 333, 77, 58, 0.0012423208681866527
0, 190, 771, 36, 42, 0.0012333743507042527
0, 412, 346, 21, 19, 0.0012246730038896203
0, 824, 188, 30, 27, 0.001198743237182498
0, 515, 316, 16, 18, 0.001182807027362287
0, 415, 351, 16, 14, 0.0011645006015896797
0, 403, 341, 27, 28, 0.0011533265933394432
0, 662, 295, 39, 25, 0.001123184571042657
0, 381, 369, 28, 17, 0.0011125416494905949
0, 167, 667, 44, 51, 0.0011021805694326758
0, 847, 240, 18, 21, 0.0010928800329566002
0, 280, 474, 19, 23, 0.001088379300199449
0, 768, 190, 23, 27, 0.0010702182771638036
0, 634, 230, 32, 26, 0.001015553018078208
0, 985, 963, 33, 141, 0.0010118179488927126
0, 817, 165, 42, 35, 0.0010104592656716704
0, 245, 505, 57, 45, 0.0009802880231291056
0, 152, 708, 20, 29, 0.00093310751253739
0, 222, 519, 37, 27, 0.0009326955187134445
0, 412, 331, 15, 11, 0.0009314029593952
0, 568, 301, 25, 22, 0.000925169384572655
0, 222, 617, 15, 10, 0.0009166743839159608
0, 141, 804, 30, 41, 0.0009101866162382066
0, 133, 743, 21, 27, 0.0009048018837347627
0, 464, 346, 83, 48, 0.0008514836663380265
0, 453, 334, 14, 18, 0.0008431735914200544
0, 243, 513, 35, 27, 0.0008308636606670916
0, 174, 689, 34, 38, 0.0008030610624700785
0, 372, 456, 48, 72, 0.0007985898992046714
0, 195, 783, 39, 41, 0.0007803522748872638
0, 566, 273, 18, 15, 0.0007713626837357879
0, 201, 524, 53, 65, 0.0007639428949914873
0, 776, 205, 101, 69, 0.0007624402642250061
0, 219, 493, 34, 48, 0.0007598078227601945
0, 215, 540, 46, 56, 0.0007314793183468282
0, 736, 240, 56, 40, 0.0007054018788039684
0, 319, 430, 32, 19, 0.0006844347808510065
0, 811, 158, 27, 24, 0.0006789160543121397
0, 176, 726, 39, 59, 0.0006469698855653405
0, 436, 342, 18, 19, 0.000645621563307941
0, 396, 343, 16, 22, 0.0006205574609339237
0, 193, 568, 62, 49, 0.0006126985535956919
0, 390, 426, 14, 17, 0.0005969275953248143
0, 397, 345, 52, 38, 0.0005965178133919835
0, 372, 370, 17, 16, 0.0005921207484789193
0, 823, 178, 33, 30, 0.0005836077034473419
0, 425, 325, 36, 25, 0.0005809396971017122
0, 336, 489, 69, 57, 0.0005766862304881215
0, 809, 182, 57, 52, 0.0005751470453105867
0, 460, 418, 22, 21, 0.0005436484352685511
0, 463, 373, 123, 59, 0.000534983177203685
0, 166, 713, 28, 40, 0.0005337572074495256
0, 93, 820, 101, 102, 0.0005238031735643744
0, 644, 296, 33, 23, 0.00052012869855389
0, 582, 299, 27, 23, 0.0005076404195278883
0, 143, 771, 39, 37, 0.0005051288171671331
0, 602, 257, 44, 46, 0.0004922684165649116
0, 760, 201, 161, 113, 0.00046746880980208516
0, 437, 361, 18, 20, 0.0004596394137479365
0, 161, 570, 34, 34, 0.00044441127101890743
0, 799, 178, 43, 35, 0.00043855051626451313
0, 492, 386, 87, 67, 0.00043468206422403455
0, 191, 755, 44, 63, 0.0004344521730672568
0, 414, 329, 53, 39, 0.000416190450778231
0, 663, 186, 354, 296, 0.0004089586727786809
0, 789, 243, 41, 30, 0.0004031897406093776
0, 191, 556, 104, 188, 0.0004024231166113168
0, 389, 368, 29, 23, 0.0004022924695163965
0, 201, 769, 28, 28, 0.00039371763705275953
0, 629, 234, 72, 54, 0.0003807220491580665
0, 617, 358, 16, 13, 0.00037917232839390635
0, 383, 435, 22, 30, 0.00037882078322581947
0, 994, 817, 15, 137, 0.00037512319977395236
0, 162, 810, 31, 32, 0.00036459355033002794
0, 955, 992, 93, 84, 0.0003619614872150123
0, 390, 377, 19, 24, 0.0003579710319172591
0, 139, 722, 44, 63, 0.0003529195673763752
0, 192, 757, 25, 27, 0.00034856339334510267
0, 594, 267, 37, 36, 0.00034762389259412885
0, 461, 360, 26, 29, 0.0003357298264745623
0, 152, 603, 19, 20, 0.0003330132458359003
0, 338, 432, 35, 24, 0.0003295948263257742
0, 572, 329, 19, 17, 0.00032671753433533013
0, 724, 275, 57, 54, 0.0003194437886122614
0, 954, 855, 94, 101, 0.00031916098669171333
0, 995, 775, 12, 132, 0.00031635246705263853
0, 382, 354, 20, 16, 0.0003131614066660404
0, 372, 475, 63, 92, 0.00030493552912957966
0, 480, 408, 24, 17, 0.0002991548099089414
0, 770, 177, 27, 26, 0.00029411131981760263
0, 170, 611, 73, 217, 0.00029310808167792857
0, 189, 744, 29, 29, 0.00029249032377265394
0, 755, 232, 76, 66, 0.0002913020143751055
0, 180, 784, 62, 84, 0.00029123842250555754
0, 373, 440, 37, 36, 0.0002907878370024264
0, 175, 802, 44, 48, 0.0002897285157814622
0, 446, 347, 37, 33, 0.0002896268852055073
0, 811, 216, 54, 65, 0.00028819209546782076
0, 795, 164, 63, 47, 0.0002853894839063287
0, 146, 747, 46, 85, 0.00028343035955913365
0, 760, 191, 51, 54, 0.00028010705136694014
0, 272, 553, 55, 51, 0.0002738090988714248
0, 487, 359, 127, 112, 0.0002714539004955441
0, 467, 412, 30, 25, 0.00026899733347818255
0, 324, 471, 37, 31, 0.0002645209024194628
0, 187, 734, 31, 31, 0.00026250173687003553
0, 798, 246, 30, 23, 0.00025989636196754873
0, 353, 431, 25, 27, 0.00025421311147511005
0, 954, 29, 95, 58, 0.00025244124117307365
0, 566, 289, 26, 23, 0.00024788716109469533
0, 570, 269, 13, 13, 0.0002461689873598516
0, 652, 229, 65, 44, 0.00024343727272935212
0, 992, 882, 18, 141, 0.0002351887378608808
0, 163, 642, 43, 30, 0.0002294027799507603
0, 604, 329, 32, 20, 0.00022306537721306086
0, 446, 363, 26, 21, 0.0002146227634511888
0, 220, 588, 15, 10, 0.0002122709556715563
0, 993, 933, 16, 137, 0.00021087097411509603
0, 955, 707, 93, 113, 0.00020955874060746282
0, 965, 947, 73, 107, 0.0002090199413942173
0, 129, 687, 22, 24, 0.00020838894124608487
0, 531, 354, 36, 53, 0.0002053531788988039
0, 854, 133, 16, 24, 0.00020533321367111057
0, 782, 177, 37, 30, 0.00020275870338082314
0, 238, 554, 77, 47, 0.0002019772509811446
0, 292, 441, 15, 15, 0.00019802100723609328
0, 581, 330, 31, 21, 0.00019794322724919766
0, 723, 173, 237, 148, 0.00019711678032763302
0, 592, 298, 48, 30, 0.00019687223539222032
0, 511, 338, 84, 59, 0.00018519784498494118
0, 994, 723, 15, 142, 0.0001835870061768219
0, 993, 645, 17, 134, 0.00018348603043705225
0, 323, 440, 27, 23, 0.00018056797853205353
0, 999, 1002, 5, 64, 0.000178980000782758
0, 302, 484, 203, 98, 0.0001741076703183353
0, 149, 628, 13, 14, 0.00017118686810135841
0, 483, 440, 96, 102, 0.00017110853514168411
0, 999, 966, 5, 137, 0.00017066403233911842
0, 431, 332, 38, 28, 0.00016851031978148967
0, 310, 436, 40, 27, 0.00016685423906892538
0, 522, 358, 62, 70, 0.00016668853641021997
0, 977, 760, 49, 271, 0.00016492526629008353
0, 165, 684, 83, 154, 0.0001636490342207253
0, 605, 241, 49, 45, 0.000163057615282014
0, 387, 390, 16, 11, 0.00016199388483073562
0, 383, 374, 32, 30, 0.00016022725321818143
0, 145, 513, 290, 197, 0.00015991574036888778
0, 198, 980, 396, 108, 0.0001597717055119574
0, 132, 745, 33, 66, 0.00015462693409062922
0, 977, 910, 48, 248, 0.0001543607359053567
0, 550, 265, 15, 16, 0.00015429421910084784
0, 409, 380, 59, 53, 0.0001520562218502164
0, 469, 413, 53, 38, 0.00014798769552726299
0, 805, 239, 51, 37, 0.0001478204212617129
0, 599, 241, 34, 29, 0.00014779646880924702
0, 957, 802, 88, 105, 0.00014486693544313312
0, 954, 238, 94, 116, 0.00014479816309176385
0, 957, 622, 88, 112, 0.00014317015302367508
0, 847, 132, 20, 22, 0.00014245873899199069
0, 417, 362, 27, 22, 0.00014038705558050424
0, 272, 550, 28, 33, 0.00013728890917263925
0, 984, 1016, 34, 36, 0.0001366691431030631
0, 455, 414, 38, 36, 0.00013533391756936908
0, 999, 845, 5, 128, 0.00013432929699774832
0, 151, 612, 17, 19, 0.00013324659084901214
0, 149, 823, 29, 25, 0.00013241708802524954
0, 577, 335, 109, 64, 0.0001322666648775339
0, 200, 780, 60, 84, 0.00013220941764302552
0, 471, 373, 53, 34, 0.00013194771599955857
0, 556, 275, 33, 27, 0.00013112228771205992
0, 460, 397, 28, 23, 0.00012922639143653214
0, 303, 474, 54, 54, 0.00012510431406553835
0, 266, 512, 39, 32, 0.00012357662490103394
0, 846, 121, 16, 16, 0.00012186288222437724
0, 369, 393, 34, 14, 0.000116034469101578
0, 992, 593, 19, 135, 0.00011468059528851882
0, 386, 402, 55, 26, 0.0001144168054452166
