0, 1361, 522, 93, 83, 0.5287556648254395
0, 1171, 483, 49, 41, 0.19440515339374542
0, 1132, 436, 39, 27, 0.18643121421337128
0, 1217, 458, 34, 40, 0.12238350510597229
0, 1236, 528, 27, 37, 0.098322793841362
0, 1076, 441, 37, 56, 0.08752226829528809
0, 1479, 523, 39, 20, 0.08295193314552307
0, 1287, 473, 37, 35, 0.07320339977741241
0, 1274, 491, 25, 24, 0.06273244321346283
0, 1303, 526, 24, 32, 0.059755511581897736
0, 1295, 527, 25, 34, 0.05452477186918259
0, 1172, 466, 54, 70, 0.05449365824460983
0, 682, 355, 31, 22, 0.05419246107339859
0, 1199, 522, 36, 36, 0.044451113790273666
0, 933, 427, 27, 19, 0.040419697761535645
0, 1191, 516, 25, 34, 0.03956817090511322
0, 1283, 485, 40, 37, 0.03264862298965454
0, 852, 419, 54, 26, 0.03148772194981575
0, 744, 375, 31, 25, 0.03138713911175728
0, 1312, 479, 25, 29, 0.027778159826993942
0, 1320, 483, 26, 26, 0.025863010436296463
0, 1311, 517, 54, 57, 0.0229669027030468
0, 291, 238, 29, 21, 0.022668153047561646
0, 1185, 480, 80, 82, 0.02257290855050087
0, 1323, 517, 141, 95, 0.022433161735534668
0, 670, 352, 44, 28, 0.021797681227326393
0, 1310, 481, 55, 40, 0.018229281529784203
0, 527, 327, 22, 18, 0.016814127564430237
0, 224, 187, 38, 34, 0.015129094943404198
0, 188, 166, 26, 28, 0.014679275453090668
0, 611, 329, 26, 19, 0.01411416381597519
0, 1333, 544, 36, 28, 0.014011864550411701
0, 1248, 533, 50, 44, 0.013708902522921562
0, 1221, 465, 59, 59, 0.013606376945972443
0, 1471, 512, 24, 18, 0.013450193218886852
0, 1288, 503, 43, 56, 0.013266020454466343
0, 232, 192, 29, 29, 0.012918599881231785
0, 816, 404, 25, 23, 0.011306448839604855
0, 753, 403, 21, 20, 0.011299431324005127
0, 985, 452, 23, 16, 0.01100563257932663
0, 838, 415, 62, 34, 0.010575412772595882
0, 1322, 533, 48, 39, 0.009957329370081425
0, 906, 404, 20, 14, 0.009741006419062614
0, 523, 329, 35, 24, 0.009731044061481953
0, 571, 325, 20, 18, 0.00935998372733593
0, 751, 369, 35, 37, 0.008554811589419842
0, 1209, 487, 100, 114, 0.007858598604798317
0, 213, 178, 67, 59, 0.007287770044058561
0, 1339, 494, 41, 40, 0.00690242275595665
0, 1180, 432, 29, 22, 0.0068464456126093864
0, 606, 336, 21, 19, 0.006742638535797596
0, 196, 171, 38, 37, 0.006177423521876335
0, 942, 421, 31, 30, 0.005819852463901043
0, 1130, 434, 61, 46, 0.005542232189327478
0, 863, 415, 108, 42, 0.00549236498773098
0, 1345, 548, 72, 47, 0.0047722929157316685
0, 952, 421, 32, 22, 0.004682420287281275
0, 1170, 503, 60, 57, 0.004587738309055567
0, 1378, 533, 64, 54, 0.0037498341407626867
0, 899, 415, 86, 40, 0.0036600795574486256
0, 615, 333, 36, 23, 0.0036208494566380978
0, 1319, 558, 38, 29, 0.0035165792796760798
0, 146, 140, 21, 24, 0.0034537268802523613
0, 1390, 256, 459, 512, 0.0034408168867230415
0, 931, 435, 28, 22, 0.003346362616866827
0, 166, 152, 33, 36, 0.00330807245336473
0, 929, 415, 40, 32, 0.003157843602821231
0, 114, 123, 25, 20, 0.003098073648288846
0, 1280, 480, 67, 62, 0.003090261947363615
0, 181, 159, 45, 46, 0.0029473197646439075
0, 240, 198, 40, 31, 0.00279219844378531
0, 1104, 440, 100, 62, 0.002664156723767519
0, 920, 407, 46, 25, 0.002309874165803194
0, 985, 451, 34, 24, 0.0022816695272922516
0, 564, 321, 19, 16, 0.0021214312873780727
0, 267, 207, 21, 17, 0.0019491526763886213
0, 1438, 542, 30, 14, 0.0019262259593233466
0, 216, 187, 99, 88, 0.0017081414116546512
0, 269, 220, 20, 17, 0.0013569522416219115
0, 133, 142, 33, 31, 0.0013526310212910175
0, 1307, 542, 87, 65, 0.0012706660199910402
0, 228, 191, 60, 45, 0.0011167634511366487
0, 655, 344, 82, 48, 0.0011128416517749429
0, 280, 261, 19, 11, 0.0011009679874405265
0, 188, 167, 90, 75, 0.0010955631732940674
0, 956, 410, 20, 18, 0.0010198467643931508
0, 316, 264, 16, 10, 0.0010036893654614687
0, 590, 330, 28, 20, 0.0009880149737000465
0, 1247, 474, 103, 64, 0.0008580608991906047
0, 1157, 454, 93, 101, 0.0008342698565684259
0, 1464, 531, 72, 41, 0.000799745146650821
0, 134, 133, 53, 40, 0.0007969828438945115
0, 1261, 535, 79, 76, 0.0007817798177711666
0, 162, 153, 68, 58, 0.0007800444145686924
0, 868, 396, 171, 75, 0.0006109998212195933
0, 259, 215, 30, 28, 0.0006079867016524076
0, 241, 201, 68, 66, 0.0005983607261441648
0, 1220, 523, 63, 54, 0.0005675888387486339
0, 162, 150, 110, 91, 0.0005673127016052604
0, 821, 389, 25, 18, 0.0005419935332611203
0, 647, 334, 50, 26, 0.000537506362888962
0, 292, 230, 29, 19, 0.0005319929332472384
0, 1044, 430, 20, 25, 0.0004686429165303707
0, 1065, 446, 79, 56, 0.00046738976379856467
0, 117, 136, 32, 29, 0.00044974827324040234
0, 883, 432, 169, 67, 0.00044469351996667683
0, 1354, 498, 101, 77, 0.00044352124677971005
0, 1039, 498, 19, 20, 0.0004333077522460371
0, 1430, 532, 56, 30, 0.0003963983035646379
0, 917, 431, 62, 33, 0.0003791472117882222
0, 1043, 494, 20, 25, 0.0003721841494552791
0, 1398, 547, 109, 53, 0.00036875816294923425
0, 729, 367, 68, 40, 0.00035652355290949345
0, 951, 436, 50, 31, 0.00031057317391969264
0, 300, 240, 30, 24, 0.00029203726444393396
0, 1252, 496, 203, 128, 0.0002832312893588096
0, 978, 482, 28, 17, 0.00028070807456970215
0, 1457, 532, 62, 22, 0.0002753505250439048
0, 315, 278, 16, 18, 0.00027455779490992427
0, 144, 196, 204, 139, 0.00027212893473915756
0, 144, 176, 125, 131, 0.00026108225574716926
0, 975, 427, 23, 20, 0.00025791762163862586
0, 1415, 530, 165, 94, 0.00024624410434626043
0, 1093, 454, 90, 104, 0.0002460078103467822
0, 288, 259, 31, 16, 0.00023930643510539085
0, 1072, 471, 42, 41, 0.000234434031881392
0, 1553, 333, 132, 666, 0.00022847289801575243
0, 852, 437, 65, 26, 0.0002139199641533196
0, 1128, 119, 144, 137, 0.00020883866818621755
0, 1085, 475, 36, 31, 0.00019703691941685975
0, 833, 386, 27, 23, 0.00019256027007941157
0, 1137, 479, 216, 142, 0.0001821158657548949
0, 689, 357, 77, 33, 0.00017097544332500547
0, 1186, 507, 76, 89, 0.00016671571938786656
0, 1043, 485, 35, 35, 0.0001621798292035237
0, 979, 460, 42, 22, 0.0001558481017127633
0, 704, 368, 123, 58, 0.00014558674592990428
0, 843, 442, 40, 17, 0.00013805885100737214
0, 1311, 474, 101, 69, 0.00013190569006837904
0, 973, 427, 60, 55, 0.00012769146997015923
0, 1475, 514, 45, 46, 0.00012654128659050912
0, 832, 429, 49, 45, 0.0001264945894945413
0, 492, 533, 37, 32, 0.0001251759094884619
0, 519, 311, 84, 69, 0.00012477037671487778
0, 272, 232, 62, 34, 0.00012458265700843185
0, 141, 405, 255, 233, 0.0001236853131558746
0, 192, 372, 121, 111, 0.00012177773896837607
0, 1192, 450, 74, 61, 0.00011948082101298496
0, 478, 492, 48, 35, 0.00011678785813273862
0, 918, 38, 38, 28, 0.00011351178545737639
0, 62, 18, 124, 36, 0.00010932494478765875
0, 122, 142, 171, 60, 0.00010825045319506899
0, 876, 84, 47, 40, 0.00010705892782425508
0, 676, 368, 56, 48, 9.15146738407202e-05
0, 904, 36, 39, 33, 9.085064084501937e-05
0, 1356, 553, 93, 75, 9.066932398127392e-05
0, 305, 228, 21, 16, 8.812097075860947e-05
0, 890, 133, 113, 108, 8.78588471096009e-05
0, 1421, 489, 378, 182, 8.732419519219548e-05
0, 1181, 182, 135, 131, 8.681738108862191e-05
0, 898, 87, 106, 77, 8.321885979967192e-05
0, 1272, 101, 71, 50, 8.23271693661809e-05
0, 1220, 65, 114, 92, 7.959068898344412e-05
0, 1138, 98, 87, 70, 7.90731719462201e-05
0, 617, 356, 57, 33, 7.856687443563715e-05
0, 1004, 402, 16, 16, 7.796710269758478e-05
0, 922, 83, 54, 48, 7.770124648232013e-05
0, 1240, 80, 56, 41, 7.769234798615798e-05
0, 950, 439, 83, 48, 7.612163608428091e-05
0, 1107, 123, 98, 77, 7.584274862892926e-05
0, 740, 394, 53, 38, 7.53353742766194e-05
0, 1359, 567, 69, 45, 7.463966903742403e-05
0, 1235, 99, 77, 54, 7.335914415307343e-05
0, 122, 152, 53, 48, 7.18900773790665e-05
0, 1296, 99, 57, 48, 7.147208816604689e-05
0, 877, 34, 60, 45, 7.077473128447309e-05
0, 1050, 430, 51, 64, 7.054818706819788e-05
0, 876, 101, 50, 47, 7.05210113665089e-05
0, 1260, 476, 291, 187, 6.977521843509749e-05
0, 1330, 127, 136, 114, 6.96568822604604e-05
0, 1059, 499, 50, 30, 6.785748701076955e-05
0, 243, 152, 57, 61, 6.764357385691255e-05
0, 1189, 101, 81, 50, 6.677475903416052e-05
0, 1172, 129, 99, 57, 6.543748895637691e-05
0, 447, 199, 335, 259, 6.42578088445589e-05
0, 1063, 33, 49, 41, 6.389637565007433e-05
0, 511, 544, 72, 41, 6.382870924426243e-05
0, 1264, 126, 60, 43, 6.201997166499496e-05
0, 1200, 80, 63, 45, 6.138467870187014e-05
0, 1319, 182, 122, 123, 6.086642315494828e-05
0, 1432, 143, 374, 287, 6.008224590914324e-05
0, 213, 139, 63, 73, 5.9232716012047604e-05
0, 1576, 142, 86, 131, 5.826114647788927e-05
0, 839, 397, 76, 45, 5.8097364671994e-05
0, 285, 209, 25, 19, 5.7177283451892436e-05
0, 1244, 546, 64, 92, 5.670969403581694e-05
0, 1148, 34, 50, 37, 5.6463195505784824e-05
0, 481, 529, 48, 33, 5.59166946914047e-05
0, 126, 511, 251, 334, 5.584869359154254e-05
0, 1100, 30, 67, 48, 5.46476076124236e-05
0, 1133, 174, 126, 106, 5.452387995319441e-05
0, 1103, 103, 46, 44, 5.4291693231789395e-05
0, 1360, 180, 139, 111, 5.402282840805128e-05
0, 109, 200, 146, 92, 5.274283466860652e-05
0, 813, 398, 33, 31, 5.2740015235031024e-05
0, 1237, 131, 66, 46, 5.244701242190786e-05
0, 782, 404, 88, 34, 5.183512985240668e-05
0, 326, 262, 19, 15, 5.1804938266286626e-05
0, 1103, 84, 49, 50, 5.156578845344484e-05
0, 507, 532, 91, 62, 5.153712481842376e-05
0, 1261, 80, 58, 48, 5.146331022842787e-05
0, 1288, 120, 78, 59, 5.140165740158409e-05
0, 1201, 132, 64, 43, 5.066268568043597e-05
0, 1299, 81, 49, 42, 5.0296643166802824e-05
0, 261, 206, 104, 92, 5.0259528507012874e-05
0, 862, 132, 82, 88, 4.967188579030335e-05
0, 1318, 100, 74, 56, 4.8713514843257144e-05
0, 26, 23, 53, 47, 4.83325966342818e-05
0, 1259, 177, 148, 118, 4.758693467010744e-05
0, 1080, 79, 50, 47, 4.750677180709317e-05
0, 1182, 83, 31, 26, 4.7450717829633504e-05
0, 532, 551, 30, 22, 4.6369437768589705e-05
0, 1470, 43, 298, 87, 4.635294681065716e-05
0, 127, 297, 249, 242, 4.600395186571404e-05
0, 907, 21, 212, 43, 4.5714441512245685e-05
0, 1596, 83, 33, 27, 4.562542380881496e-05
0, 1041, 28, 109, 57, 4.5045497245155275e-05
0, 1089, 502, 26, 20, 4.4215663365321234e-05
0, 1158, 144, 54, 47, 4.408346285345033e-05
0, 894, 61, 80, 53, 4.402792183100246e-05
0, 1087, 96, 92, 77, 4.39727446064353e-05
0, 1303, 123, 53, 44, 4.301847729948349e-05
0, 979, 479, 43, 23, 4.220694245304912e-05
0, 1253, 144, 62, 51, 4.20487740484532e-05
0, 1018, 35, 55, 41, 4.20062497141771e-05
0, 1145, 80, 47, 41, 4.195365181658417e-05
0, 1504, 435, 229, 431, 4.193220956949517e-05
0, 141, 145, 249, 241, 4.180404357612133e-05
0, 1585, 97, 59, 47, 4.153272675466724e-05
0, 526, 455, 359, 285, 4.0551436541136354e-05
0, 877, 64, 53, 39, 4.035315214423463e-05
0, 920, 65, 41, 32, 4.003142021247186e-05
0, 945, 34, 95, 56, 3.9760303479852155e-05
0, 295, 279, 39, 21, 3.917164940503426e-05
0, 1582, 236, 74, 179, 3.8877944462001324e-05
0, 1186, 145, 111, 69, 3.846245090244338e-05
0, 1588, 166, 61, 84, 3.784771979553625e-05
0, 1349, 96, 130, 81, 3.7763864384032786e-05
0, 61, 564, 36, 30, 3.7230744055705145e-05
0, 1165, 200, 706, 400, 3.7139714549994096e-05
0, 293, 241, 38, 37, 3.697718057082966e-05
0, 843, 121, 143, 128, 3.6655055737355724e-05
0, 69, 330, 30, 29, 3.650877988548018e-05
0, 577, 334, 29, 22, 3.623870725277811e-05
0, 1305, 522, 261, 220, 3.5708722862182185e-05
0, 755, 377, 56, 39, 3.522345286910422e-05
0, 1591, 68, 54, 39, 3.519612073432654e-05
0, 376, 265, 14, 12, 3.506552820908837e-05
0, 1071, 114, 87, 85, 3.487660433165729e-05
0, 1329, 201, 87, 67, 3.467513306532055e-05
0, 1187, 30, 85, 49, 3.459213621681556e-05
0, 805, 39, 81, 53, 3.42370658472646e-05
0, 1357, 238, 160, 147, 3.4035980206681415e-05
0, 152, 19, 305, 39, 3.39621547027491e-05
0, 1160, 162, 56, 58, 3.377005850779824e-05
0, 560, 312, 18, 21, 3.341606497997418e-05
0, 833, 40, 38, 29, 3.335321889608167e-05
0, 1288, 143, 75, 54, 3.330319304950535e-05
0, 922, 102, 65, 60, 3.267835563747212e-05
0, 1539, 114, 134, 91, 3.244097752030939e-05
0, 539, 523, 26, 23, 3.234755786252208e-05
0, 549, 308, 158, 59, 3.136557643301785e-05
0, 833, 84, 74, 64, 3.1014806154416874e-05
0, 678, 35, 48, 39, 3.0998042348073795e-05
0, 1577, 28, 85, 57, 3.094989369856194e-05
0, 1053, 544, 574, 288, 3.087524964939803e-05
0, 844, 94, 117, 83, 3.064041811740026e-05
0, 1102, 142, 55, 46, 3.0506475013680756e-05
0, 811, 433, 34, 43, 3.045656376343686e-05
0, 658, 42, 38, 30, 3.042016578547191e-05
0, 1304, 143, 47, 41, 3.0413437343668193e-05
0, 1604, 119, 30, 47, 3.0412422347581014e-05
0, 1598, 94, 42, 70, 3.041059426323045e-05
0, 1210, 158, 78, 68, 3.025026489922311e-05
0, 231, 144, 151, 164, 3.002643097715918e-05
0, 1396, 248, 134, 123, 2.9934140911791474e-05
0, 1086, 154, 109, 91, 2.9807037208229303e-05
0, 1333, 159, 82, 68, 2.9579143301816657e-05
0, 1279, 159, 91, 69, 2.9490420274669304e-05
0, 1547, 18, 145, 37, 2.9382821594481356e-05
0, 34, 7, 68, 14, 2.8852056857431307e-05
0, 1064, 66, 47, 38, 2.8636733986786567e-05
0, 624, 367, 119, 76, 2.858036896213889e-05
0, 98, 244, 188, 167, 2.854896229109727e-05
0, 1030, 81, 38, 35, 2.8533608201541938e-05
0, 1304, 163, 47, 46, 2.8456977815949358e-05
0, 110, 126, 45, 27, 2.8283986466703936e-05
0, 421, 540, 82, 60, 2.821224734361749e-05
0, 197, 444, 387, 460, 2.816850974340923e-05
0, 878, 172, 148, 139, 2.780205977614969e-05
