0, 236, 697, 114, 131, 0.6978635787963867
0, 142, 818, 112, 113, 0.4210236370563507
0, 154, 787, 63, 46, 0.031002391129732132
0, 243, 725, 84, 68, 0.01724022440612316
0, 183, 826, 36, 37, 0.011096591129899025
0, 120, 843, 45, 49, 0.010524020530283451
0, 240, 624, 19, 19, 0.00894478801637888
0, 275, 627, 20, 17, 0.005880126729607582
0, 112, 831, 28, 22, 0.0057912482880055904
0, 118, 867, 17, 14, 0.005220299120992422
0, 166, 779, 48, 31, 0.004843370523303747
0, 262, 655, 53, 34, 0.0047706919722259045
0, 217, 792, 36, 37, 0.003940801601856947
0, 218, 789, 29, 23, 0.003869174048304558
0, 175, 813, 55, 65, 0.0038410075940191746
0, 131, 850, 22, 20, 0.0035404807422310114
0, 248, 654, 28, 28, 0.003384367097169161
0, 239, 620, 26, 32, 0.0032954516354948282
0, 211, 721, 50, 40, 0.0030644407961517572
0, 219, 747, 45, 25, 0.0028580487705767155
0, 109, 825, 28, 22, 0.002540082670748234
0, 134, 796, 24, 22, 0.0025232022162526846
0, 214, 738, 48, 29, 0.002518837573006749
0, 127, 828, 74, 73, 0.00237365928478539
0, 267, 718, 31, 41, 0.0021643959917128086
0, 98, 841, 26, 28, 0.0020970061887055635
0, 100, 829, 24, 22, 0.0020312140695750713
0, 117, 863, 29, 22, 0.0019546677358448505
0, 124, 846, 36, 30, 0.0017609281931072474
0, 100, 854, 32, 33, 0.001596118789166212
0, 516, 893, 295, 255, 0.001583823817782104
0, 237, 683, 71, 79, 0.0012377476086840034
0, 226, 706, 82, 89, 0.001235945732332766
0, 110, 811, 36, 36, 0.0011967089958488941
0, 9, 66, 18, 116, 0.0009806723101064563
0, 235, 634, 35, 46, 0.0009448382770642638
0, 270, 705, 34, 43, 0.0009079747833311558
0, 242, 698, 26, 17, 0.0008880151435732841
0, 133, 794, 154, 169, 0.0008093594224192202
0, 240, 664, 51, 50, 0.000765037490054965
0, 96, 864, 18, 15, 0.0007151011959649622
0, 151, 604, 303, 301, 0.000714436115231365
0, 278, 652, 21, 21, 0.0006467245402745903
0, 124, 808, 58, 62, 0.0006396896787919104
0, 276, 637, 27, 26, 0.0005572984227910638
0, 9, 924, 18, 183, 0.0005301973433233798
0, 9, 128, 18, 166, 0.0004942525993101299
0, 233, 677, 42, 20, 0.0004884375957772136
0, 29, 32, 58, 65, 0.00048132939264178276
0, 8, 973, 17, 109, 0.00044789016828872263
0, 198, 694, 20, 18, 0.0004452551365830004
0, 206, 796, 64, 64, 0.0004164267738815397
0, 8, 855, 17, 148, 0.0004117585485801101
0, 281, 692, 19, 19, 0.0003874053945764899
0, 143, 876, 24, 18, 0.00037687187432311475
0, 217, 625, 78, 106, 0.0003561393532436341
0, 202, 787, 53, 36, 0.00035054050385951996
0, 9, 184, 18, 147, 0.0003098167071584612
0, 496, 341, 15, 21, 0.00030058741685934365
0, 81, 858, 12, 15, 0.0002909597533289343
0, 10, 543, 20, 174, 0.00028977877809666097
0, 222, 778, 46, 44, 0.0002897644299082458
0, 4, 31, 9, 63, 0.0002712771820370108
0, 131, 878, 26, 13, 0.0002700321201700717
0, 9, 702, 18, 149, 0.00026793661527335644
0, 269, 547, 479, 434, 0.00026376289315521717
0, 64, 56, 128, 112, 0.00025866529904305935
0, 195, 774, 97, 50, 0.0002579294377937913
0, 53, 24, 106, 49, 0.0002522949653211981
0, 101, 838, 54, 68, 0.0002508696634322405
0, 109, 809, 72, 83, 0.00024028152984101325
0, 9, 442, 19, 133, 0.00023081130348145962
0, 8, 772, 17, 179, 0.00022436436847783625
0, 3, 974, 7, 104, 0.00022191285097505897
0, 200, 733, 38, 35, 0.0002203036710852757
0, 93, 847, 30, 37, 0.0002120579592883587
0, 558, 18, 211, 37, 0.00020922014664392918
0, 104, 843, 209, 277, 0.00020786287495866418
0, 263, 671, 57, 63, 0.00020708623924292624
0, 340, 555, 19, 17, 0.00020246158237569034
0, 159, 836, 71, 65, 0.0002020986139541492
0, 415, 476, 20, 18, 0.00019770443032030016
0, 9, 614, 18, 158, 0.00019214632629882544
0, 223, 764, 34, 17, 0.00018763435946311802
0, 118, 729, 236, 283, 0.00016660209803376347
0, 126, 799, 33, 45, 0.00016545197286177427
0, 144, 23, 289, 47, 0.00016372863319702446
0, 620, 19, 87, 39, 0.00016181512910407037
0, 422, 818, 482, 395, 0.00014542692224495113
0, 368, 710, 468, 358, 0.00014256923168431967
0, 95, 535, 190, 325, 0.00013938186748418957
0, 9, 235, 18, 140, 0.0001387633674312383
0, 254, 771, 17, 16, 0.00013656492228619754
0, 68, 891, 136, 276, 0.00013444283104036003
0, 347, 556, 25, 18, 0.00012766163854394108
0, 248, 639, 198, 249, 0.00012765494466293603
0, 199, 707, 39, 51, 0.00012640115164685994
0, 201, 744, 40, 24, 0.00012168035027571023
0, 352, 575, 24, 18, 0.00011983785952907056
0, 79, 862, 13, 19, 0.00011489194730529562
0, 391, 403, 19, 19, 0.00011364857346052304
0, 660, 29, 7, 59, 0.0001106302734115161
0, 147, 863, 36, 46, 0.00010690336057450622
0, 362, 583, 19, 16, 0.00010563314572209492
0, 4, 843, 8, 122, 0.00010120325168827549
0, 229, 656, 58, 95, 0.00010108365677297115
0, 192, 684, 381, 301, 9.573956049280241e-05
0, 346, 575, 37, 23, 9.483646135777235e-05
0, 353, 584, 23, 15, 9.36553769861348e-05
0, 215, 685, 59, 90, 9.352187771582976e-05
0, 247, 774, 31, 26, 9.333789785159752e-05
0, 651, 23, 25, 46, 9.177308675134555e-05
0, 434, 322, 14, 13, 8.791617437964305e-05
0, 116, 878, 28, 15, 8.605381299275905e-05
0, 9, 298, 19, 144, 8.60254222061485e-05
0, 4, 119, 8, 123, 8.316182356793433e-05
0, 69, 101, 138, 203, 8.071901538642123e-05
0, 205, 822, 96, 111, 7.924202509457245e-05
0, 10, 394, 20, 150, 7.81242924858816e-05
0, 141, 790, 66, 70, 7.802393520250916e-05
0, 4, 77, 8, 117, 7.748341158730909e-05
0, 92, 786, 108, 101, 7.611823093611747e-05
0, 124, 911, 13, 15, 7.484758680220693e-05
0, 228, 797, 84, 70, 7.396168075501919e-05
0, 337, 587, 18, 11, 7.381491013802588e-05
0, 276, 693, 63, 92, 7.347872451646253e-05
0, 99, 879, 24, 18, 7.191113400040194e-05
0, 348, 549, 23, 19, 6.91023888066411e-05
0, 363, 578, 31, 23, 6.776533700758591e-05
0, 420, 542, 486, 483, 6.595684681087732e-05
0, 16, 966, 33, 126, 6.573945574928075e-05
0, 4, 779, 8, 123, 6.492605461971834e-05
0, 607, 208, 23, 12, 6.111284892540425e-05
0, 25, 66, 51, 132, 5.861809040652588e-05
0, 332, 557, 33, 25, 5.779317143606022e-05
0, 544, 84, 26, 34, 5.6315639085369185e-05
0, 287, 19, 365, 38, 5.622178650810383e-05
0, 619, 1004, 88, 49, 5.5586588132428005e-05
0, 4, 195, 8, 119, 5.232192779658362e-05
0, 504, 25, 318, 51, 5.204042827244848e-05
0, 660, 62, 6, 89, 5.1669256208697334e-05
0, 23, 833, 46, 184, 5.136618347023614e-05
0, 252, 625, 51, 44, 5.048544335295446e-05
0, 142, 79, 285, 158, 5.0182759878225625e-05
0, 42, 13, 84, 26, 4.9831156502477825e-05
0, 194, 826, 64, 58, 4.9191396101377904e-05
0, 4, 654, 8, 126, 4.849404649576172e-05
0, 350, 557, 57, 34, 4.59633010905236e-05
0, 5, 997, 10, 65, 4.4886794057674706e-05
0, 506, 761, 314, 369, 4.431271008797921e-05
0, 39, 870, 78, 85, 4.3180705688428134e-05
0, 80, 843, 86, 81, 4.175882349954918e-05
0, 634, 991, 58, 77, 4.110375084565021e-05
0, 218, 859, 78, 68, 4.103220271645114e-05
0, 431, 997, 80, 64, 4.016755337943323e-05
0, 4, 238, 8, 124, 3.8885547837708145e-05
0, 468, 864, 99, 91, 3.874791582347825e-05
0, 367, 595, 28, 17, 3.8002839573891833e-05
0, 417, 371, 20, 23, 3.708004442160018e-05
0, 236, 831, 91, 91, 3.6397330404724926e-05
0, 4, 302, 8, 121, 3.637897316366434e-05
0, 22, 123, 45, 175, 3.6102730518905446e-05
0, 580, 6, 71, 12, 3.545210347510874e-05
0, 324, 638, 203, 199, 3.520457903505303e-05
0, 376, 516, 18, 16, 3.516790457069874e-05
0, 505, 876, 84, 64, 3.4963784855790436e-05
0, 613, 35, 101, 70, 3.494281918392517e-05
0, 586, 1014, 154, 30, 3.474689947324805e-05
0, 400, 445, 14, 12, 3.465040572336875e-05
0, 561, 465, 204, 188, 3.453099634498358e-05
0, 331, 587, 21, 12, 3.418023698031902e-05
0, 404, 371, 518, 507, 3.385750824236311e-05
0, 636, 837, 55, 144, 3.3449319744249806e-05
0, 571, 1023, 130, 13, 3.342116542626172e-05
0, 217, 867, 435, 269, 3.3163425541715696e-05
0, 659, 996, 9, 65, 3.308978921268135e-05
0, 491, 885, 55, 31, 3.294696216471493e-05
0, 368, 585, 42, 27, 3.276147981523536e-05
0, 3, 927, 7, 117, 3.236159682273865e-05
0, 635, 902, 57, 129, 3.170410855091177e-05
0, 4, 727, 8, 115, 3.1634252081857994e-05
0, 611, 6, 105, 12, 3.1561750802211463e-05
0, 25, 776, 50, 178, 3.143747744616121e-05
0, 114, 897, 26, 10, 3.1066017982084304e-05
0, 92, 871, 45, 36, 3.097617445746437e-05
0, 419, 19, 378, 39, 3.0428638638113625e-05
0, 129, 894, 30, 13, 3.0356035495060496e-05
0, 334, 575, 46, 30, 3.0142104151309468e-05
0, 660, 92, 6, 81, 2.987920743180439e-05
0, 277, 648, 50, 46, 2.90148764179321e-05
0, 402, 924, 429, 200, 2.8874846975668333e-05
0, 184, 674, 105, 104, 2.8726723030558787e-05
0, 357, 594, 58, 30, 2.836380372173153e-05
0, 189, 707, 68, 74, 2.788471829262562e-05
0, 352, 549, 44, 29, 2.7083659006166272e-05
0, 397, 654, 34, 30, 2.683747879927978e-05
0, 28, 1022, 56, 15, 2.6160512788919732e-05
0, 480, 971, 343, 116, 2.5910241674864665e-05
0, 518, 1024, 100, 11, 2.5626708520576358e-05
0, 4, 460, 9, 129, 2.5227031073882245e-05
0, 162, 466, 325, 315, 2.5151530280709267e-05
0, 648, 45, 31, 90, 2.4900677090045065e-05
0, 48, 865, 58, 58, 2.4723542082938366e-05
0, 4, 574, 8, 130, 2.427131221338641e-05
0, 4, 393, 8, 127, 2.4205666704801843e-05
0, 632, 18, 63, 36, 2.4092774765449576e-05
0, 651, 1011, 24, 36, 2.3921524189063348e-05
0, 241, 856, 63, 56, 2.3909984520287253e-05
0, 69, 788, 79, 74, 2.3844380848458968e-05
0, 184, 623, 108, 105, 2.383758510404732e-05
0, 282, 662, 56, 85, 2.3583117581438273e-05
0, 46, 353, 92, 82, 2.3545408112113364e-05
0, 93, 178, 187, 322, 2.330439383513294e-05
0, 171, 748, 52, 28, 2.328926530026365e-05
0, 526, 8, 101, 16, 2.303502697031945e-05
0, 250, 795, 52, 44, 2.2548390916199423e-05
0, 136, 910, 273, 239, 2.2453310521086678e-05
0, 25, 318, 51, 185, 2.218237568740733e-05
0, 291, 730, 85, 84, 2.1384274077718146e-05
0, 572, 809, 183, 393, 2.1300500520737842e-05
0, 184, 604, 157, 201, 2.1276238840073347e-05
0, 386, 664, 39, 33, 2.122879413946066e-05
0, 122, 897, 28, 12, 2.1098172510392033e-05
0, 509, 1013, 309, 32, 2.1050520444987342e-05
0, 410, 400, 62, 43, 2.1035228201071732e-05
0, 341, 535, 14, 12, 2.0900815798086114e-05
0, 45, 307, 91, 115, 2.0841918740188703e-05
0, 27, 653, 54, 188, 2.0645855329348706e-05
0, 232, 605, 55, 69, 2.0466426576604135e-05
0, 189, 7, 105, 14, 2.0387687982292846e-05
0, 336, 598, 18, 14, 2.0189618226140738e-05
0, 227, 592, 91, 103, 1.9890492694685236e-05
0, 44, 585, 88, 101, 1.9689519831445068e-05
0, 243, 647, 123, 111, 1.9597091522882693e-05
0, 518, 855, 90, 68, 1.9596773199737072e-05
0, 346, 577, 138, 98, 1.958498432941269e-05
0, 436, 909, 99, 65, 1.9480094124446623e-05
0, 78, 863, 27, 26, 1.942090420925524e-05
0, 188, 725, 54, 55, 1.9290679119876586e-05
0, 42, 884, 56, 48, 1.9287550458102487e-05
0, 643, 32, 41, 65, 1.9061484636040404e-05
0, 275, 670, 115, 124, 1.8923992683994584e-05
0, 659, 903, 9, 116, 1.8892906155087985e-05
0, 23, 188, 47, 179, 1.885521487565711e-05
0, 91, 380, 182, 294, 1.8841266864910722e-05
0, 557, 296, 13, 15, 1.8769764210446738e-05
0, 658, 839, 10, 122, 1.8083870600094087e-05
0, 229, 7, 111, 15, 1.807673106668517e-05
0, 495, 333, 14, 15, 1.8015876776189543e-05
0, 135, 891, 39, 22, 1.797402001102455e-05
0, 47, 212, 94, 90, 1.7942165868589655e-05
0, 46, 472, 93, 101, 1.7899425074574538e-05
0, 586, 75, 154, 150, 1.7666952771833166e-05
0, 259, 817, 47, 36, 1.7626645785639994e-05
0, 425, 539, 74, 54, 1.7592572476132773e-05
0, 281, 752, 80, 68, 1.7437183487345465e-05
0, 350, 651, 8, 10, 1.72519612533506e-05
0, 597, 110, 12, 11, 1.6873989807209e-05
0, 373, 575, 32, 21, 1.6799407603684813e-05
0, 57, 7, 114, 14, 1.668954428168945e-05
0, 431, 1011, 157, 37, 1.646562486712355e-05
0, 151, 9, 112, 18, 1.628766221983824e-05
0, 45, 140, 90, 92, 1.617335328774061e-05
0, 167, 995, 12, 11, 1.612879532331135e-05
0, 108, 893, 42, 18, 1.6119154679472558e-05
0, 437, 557, 59, 44, 1.60678773681866e-05
0, 98, 6, 114, 13, 1.604917815711815e-05
0, 164, 918, 32, 15, 1.577527837071102e-05
0, 25, 254, 50, 183, 1.5713581888121553e-05
0, 377, 595, 34, 21, 1.5707304555689916e-05
0, 294, 380, 432, 377, 1.568568950460758e-05
0, 48, 668, 96, 88, 1.5662550140405074e-05
0, 623, 1024, 76, 11, 1.565521779411938e-05
0, 68, 470, 137, 296, 1.559119664307218e-05
0, 151, 764, 79, 74, 1.552733374410309e-05
0, 384, 7, 105, 14, 1.5489042198169045e-05
0, 325, 965, 426, 128, 1.5430570783792064e-05
0, 524, 609, 279, 213, 1.526458072476089e-05
0, 502, 848, 67, 45, 1.5197995708149392e-05
0, 514, 82, 299, 164, 1.5116038412088528e-05
0, 446, 854, 71, 60, 1.5092373359948397e-05
0, 391, 446, 24, 18, 1.5072422684170306e-05
0, 170, 974, 14, 12, 1.4999365703260992e-05
0, 399, 642, 43, 40, 1.4998735423432663e-05
0, 74, 232, 87, 92, 1.4953560821595602e-05
0, 654, 882, 18, 126, 1.4858603208267596e-05
0, 611, 824, 105, 104, 1.4847964848740958e-05
0, 397, 609, 42, 33, 1.4798037227592431e-05
0, 548, 123, 16, 18, 1.4772557733522262e-05
0, 464, 832, 113, 107, 1.4715022189193405e-05
0, 163, 911, 47, 26, 1.4520528566208668e-05
0, 367, 247, 526, 374, 1.4409000868909061e-05
0, 179, 736, 57, 39, 1.4384329006134067e-05
0, 313, 669, 79, 77, 1.4349117918754928e-05
0, 572, 909, 182, 240, 1.4289033060777001e-05
0, 74, 879, 20, 22, 1.4211434063327033e-05
0, 29, 579, 58, 193, 1.3823416338709649e-05
0, 48, 742, 96, 86, 1.3794261576549616e-05
0, 411, 542, 29, 22, 1.3730934369959868e-05
0, 420, 973, 84, 113, 1.3502532965503633e-05
