0, 158, 336, 135, 86, 0.8101186752319336
0, 507, 203, 84, 77, 0.5419626235961914
0, 419, 261, 131, 60, 0.09480566531419754
0, 436, 247, 47, 31, 0.08649203926324844
0, 403, 276, 97, 33, 0.048776399344205856
0, 560, 222, 54, 40, 0.024280721321702003
0, 146, 331, 71, 59, 0.021627169102430344
0, 383, 279, 55, 28, 0.018209025263786316
0, 284, 263, 25, 17, 0.015833133831620216
0, 453, 251, 87, 42, 0.00894256867468357
0, 196, 331, 38, 58, 0.008424047380685806
0, 119, 363, 26, 26, 0.008073465898633003
0, 428, 251, 29, 23, 0.00674086669459939
0, 475, 224, 19, 11, 0.006087081041187048
0, 571, 218, 30, 26, 0.0047224778681993484
0, 461, 244, 48, 21, 0.004722170531749725
0, 411, 280, 58, 21, 0.004438714124262333
0, 370, 274, 30, 20, 0.003922644536942244
0, 675, 124, 41, 28, 0.003814419498667121
0, 89, 339, 17, 22, 0.0036145979538559914
0, 174, 329, 82, 63, 0.0029433665331453085
0, 667, 130, 24, 13, 0.002943264553323388
0, 544, 215, 83, 52, 0.0027843692805618048
0, 614, 566, 9, 6, 0.0026096198707818985
0, 544, 234, 40, 23, 0.0025304683949798346
0, 470, 256, 51, 36, 0.0023131929337978363
0, 92, 358, 13, 10, 0.0019469896797090769
0, 647, 166, 23, 27, 0.0018699211068451405
0, 478, 234, 26, 14, 0.0018010047497227788
0, 631, 164, 59, 36, 0.001740352250635624
0, 121, 346, 37, 61, 0.0015908124623820186
0, 228, 305, 32, 23, 0.0015045295003801584
0, 526, 235, 48, 25, 0.0014168397756293416
0, 716, 524, 8, 9, 0.0012555245775729418
0, 448, 244, 35, 27, 0.0012449204223230481
0, 552, 202, 53, 47, 0.001243121107108891
0, 519, 227, 59, 37, 0.0011809939751401544
0, 96, 338, 32, 27, 0.0010982643580064178
0, 478, 248, 31, 15, 0.0010159560479223728
0, 622, 196, 10, 11, 0.0010015687439590693
0, 667, 142, 22, 10, 0.0009756952640600502
0, 199, 328, 30, 35, 0.0009514286066405475
0, 483, 263, 21, 15, 0.0009448814089410007
0, 527, 240, 23, 17, 0.0008811064762994647
0, 415, 253, 60, 26, 0.000867760565597564
0, 495, 231, 59, 20, 0.0008473303751088679
0, 660, 132, 21, 13, 0.0007601057877764106
0, 118, 354, 23, 23, 0.0007535920012742281
0, 671, 131, 35, 22, 0.0007461957284249365
0, 386, 230, 12, 8, 0.0007245643646456301
0, 388, 245, 13, 9, 0.0006373056676238775
0, 641, 123, 11, 9, 0.0006167454994283617
0, 155, 337, 38, 47, 0.0006069069495424628
0, 690, 114, 12, 11, 0.0005877390503883362
0, 578, 207, 42, 40, 0.0005710957339033484
0, 621, 174, 21, 19, 0.000554311613086611
0, 105, 335, 47, 42, 0.0005382838426157832
0, 571, 201, 35, 29, 0.0005335882888175547
0, 396, 263, 80, 34, 0.0004971089656464756
0, 622, 160, 23, 22, 0.0004832657577935606
0, 542, 231, 75, 41, 0.00047916476614773273
0, 483, 258, 20, 16, 0.00044352360418997705
0, 150, 318, 38, 33, 0.0004370153765194118
0, 727, 157, 162, 315, 0.0004338925937190652
0, 421, 281, 141, 58, 0.0004247539909556508
0, 487, 226, 44, 15, 0.0004231477505527437
0, 519, 215, 56, 32, 0.0004094792529940605
0, 484, 221, 37, 16, 0.0004047084948979318
0, 105, 334, 36, 21, 0.0004045397217851132
0, 670, 141, 31, 15, 0.00040327353053726256
0, 545, 195, 29, 24, 0.0003324727003928274
0, 610, 169, 17, 15, 0.00033094274112954736
0, 392, 230, 29, 13, 0.00032461003866046667
0, 645, 136, 14, 8, 0.0003197676851414144
0, 505, 239, 46, 20, 0.00029437392367981374
0, 476, 208, 242, 105, 0.0002816406777128577
0, 381, 229, 12, 7, 0.0002766633697319776
0, 113, 325, 31, 23, 0.0002695138391572982
0, 485, 260, 286, 61, 0.00025865441421046853
0, 125, 328, 19, 13, 0.0002531092904973775
0, 658, 150, 62, 61, 0.0002480614057276398
0, 608, 172, 12, 13, 0.00024552439572289586
0, 558, 190, 44, 30, 0.0002414332120679319
0, 552, 188, 30, 19, 0.0002380089572397992
0, 533, 207, 26, 23, 0.00022792874369770288
0, 149, 291, 225, 179, 0.00022341722797136754
0, 139, 314, 25, 24, 0.00021468191698659211
0, 387, 245, 31, 13, 0.00020814886374864727
0, 130, 314, 31, 26, 0.0002007050352403894
0, 123, 347, 85, 62, 0.00019663566490635276
0, 117, 333, 28, 22, 0.0001945920375874266
0, 656, 146, 28, 15, 0.0001897378679132089
0, 131, 222, 263, 263, 0.00018011916836258024
0, 213, 313, 65, 38, 0.00017532044148538262
0, 648, 152, 25, 21, 0.00017481933173257858
0, 477, 265, 55, 33, 0.00016832839173730463
0, 488, 234, 191, 79, 0.00016387390496674925
0, 534, 199, 23, 18, 0.0001631783088669181
0, 119, 322, 26, 18, 0.00015761906979605556
0, 213, 347, 10, 13, 0.00015735656779725105
0, 648, 520, 11, 9, 0.0001500973739894107
0, 362, 276, 34, 26, 0.00014581084542442113
0, 210, 238, 298, 310, 0.00014439073856920004
0, 695, 107, 9, 7, 0.00013769559154752642
0, 108, 364, 54, 31, 0.00013765896437689662
0, 625, 158, 38, 30, 0.00013483132352121174
0, 527, 192, 143, 116, 0.00012945555499754846
0, 395, 237, 32, 16, 0.0001289110805373639
0, 701, 358, 215, 316, 0.00012548053928185254
0, 204, 305, 27, 19, 0.00012234841415192932
0, 751, 567, 10, 10, 0.00012064618931617588
0, 487, 260, 35, 26, 0.00012009731290163472
0, 488, 216, 41, 15, 0.00011963758879574016
0, 216, 473, 30, 56, 0.00011844300024677068
0, 370, 284, 29, 34, 0.00011205829650862142
0, 457, 267, 89, 53, 0.00010088625276694074
0, 589, 593, 35, 29, 0.00010079220373881981
0, 79, 277, 157, 249, 9.94883812381886e-05
0, 535, 190, 18, 17, 9.863755258265883e-05
0, 295, 256, 438, 395, 9.599562326911837e-05
0, 581, 519, 9, 10, 9.195494931191206e-05
0, 497, 207, 43, 25, 9.058272553374991e-05
0, 24, 10, 48, 21, 8.920291293179616e-05
0, 466, 229, 37, 16, 8.783480734564364e-05
0, 770, 583, 9, 9, 8.761212666286156e-05
0, 636, 139, 344, 279, 8.678113226778805e-05
0, 787, 385, 43, 107, 8.292623533634469e-05
0, 784, 675, 7, 8, 8.203454490285367e-05
0, 187, 349, 18, 23, 8.102185529423878e-05
0, 425, 189, 10, 8, 7.910665590316057e-05
0, 57, 374, 112, 255, 7.823768100934103e-05
0, 168, 502, 8, 12, 7.798822480253875e-05
0, 482, 147, 272, 244, 7.672125502722338e-05
0, 413, 229, 64, 19, 7.305797771550715e-05
0, 420, 253, 81, 44, 7.262481085490435e-05
0, 15, 262, 31, 79, 7.153106707846746e-05
0, 70, 356, 78, 43, 7.027336687315255e-05
0, 770, 163, 77, 326, 7.013158028712496e-05
0, 432, 233, 35, 16, 6.94837945047766e-05
0, 519, 254, 22, 13, 6.760114047210664e-05
0, 148, 525, 13, 15, 6.669495633104816e-05
0, 505, 250, 52, 24, 6.586006202269346e-05
0, 408, 217, 9, 9, 6.557079177582636e-05
0, 386, 250, 50, 25, 6.424800812965259e-05
0, 805, 387, 7, 26, 6.253659375943244e-05
0, 454, 235, 46, 17, 5.844305269420147e-05
0, 84, 353, 36, 27, 5.804553074995056e-05
0, 83, 371, 77, 41, 5.72225617361255e-05
0, 49, 454, 95, 269, 5.6360659073106945e-05
0, 805, 393, 7, 47, 5.632230022456497e-05
0, 54, 9, 109, 18, 5.587815394392237e-05
0, 144, 348, 45, 41, 5.519070691661909e-05
0, 85, 160, 169, 268, 5.474253703141585e-05
0, 26, 28, 52, 57, 5.40981454832945e-05
0, 178, 351, 12, 21, 5.3345025662565604e-05
0, 687, 109, 20, 13, 5.31251062056981e-05
0, 68, 520, 136, 291, 5.2801107813138515e-05
0, 196, 312, 42, 32, 5.273503848002292e-05
0, 219, 463, 22, 27, 5.267838787403889e-05
0, 118, 323, 43, 39, 5.229055022937246e-05
0, 431, 270, 59, 46, 5.1941115088993683e-05
0, 213, 431, 12, 13, 5.085693919681944e-05
0, 588, 198, 59, 35, 5.078245158074424e-05
0, 463, 221, 244, 242, 4.791977698914707e-05
0, 287, 257, 37, 37, 4.7297206037910655e-05
0, 584, 173, 242, 166, 4.7098848881432787e-05
0, 716, 70, 185, 141, 4.696855103247799e-05
0, 668, 119, 64, 44, 4.5104814489604905e-05
0, 538, 182, 13, 16, 4.378975063445978e-05
0, 621, 180, 15, 17, 4.195736983092502e-05
0, 434, 231, 24, 10, 4.176300353719853e-05
0, 531, 180, 15, 18, 4.153315967414528e-05
0, 444, 232, 30, 10, 4.1495153709547594e-05
0, 783, 92, 50, 92, 3.977961023338139e-05
0, 20, 214, 40, 100, 3.930444654542953e-05
0, 777, 603, 17, 13, 3.8742044125683606e-05
0, 404, 185, 391, 371, 3.6894340155413374e-05
0, 132, 315, 62, 45, 3.679802466649562e-05
0, 609, 194, 40, 18, 3.678402572404593e-05
0, 628, 247, 361, 379, 3.631176514318213e-05
0, 634, 546, 14, 9, 3.6103971069678664e-05
0, 128, 359, 47, 30, 3.602297874749638e-05
0, 803, 403, 11, 43, 3.5832723369821906e-05
0, 787, 305, 42, 107, 3.556819137884304e-05
0, 390, 285, 98, 36, 3.5460692743072286e-05
0, 615, 178, 30, 25, 3.5205586755182594e-05
0, 802, 581, 10, 11, 3.514842319418676e-05
0, 784, 631, 48, 94, 3.41697086696513e-05
0, 553, 145, 9, 7, 3.339679096825421e-05
0, 436, 235, 111, 36, 3.233001189073548e-05
0, 422, 112, 302, 225, 3.211745206499472e-05
0, 716, 252, 73, 64, 3.1914416467770934e-05
0, 554, 160, 17, 10, 3.1428215152118355e-05
0, 693, 162, 22, 19, 3.133852078462951e-05
0, 727, 260, 162, 310, 3.1058523745741695e-05
0, 4, 675, 8, 64, 3.082550392718986e-05
0, 649, 168, 72, 55, 3.0810719181317836e-05
0, 681, 131, 50, 57, 3.0625287763541564e-05
0, 378, 268, 47, 33, 3.055308843613602e-05
0, 517, 242, 68, 38, 3.0119032089714892e-05
0, 595, 203, 69, 66, 2.9399861887213774e-05
0, 523, 171, 11, 11, 2.923758620454464e-05
0, 31, 2, 62, 5, 2.8932236091350205e-05
0, 590, 229, 73, 51, 2.887983100663405e-05
0, 471, 239, 139, 41, 2.839067565219011e-05
0, 7, 12, 14, 24, 2.8342390578472987e-05
0, 800, 377, 16, 75, 2.8264408683753572e-05
0, 529, 171, 10, 12, 2.7996147764497437e-05
0, 769, 552, 11, 10, 2.7699299607775174e-05
0, 50, 34, 99, 69, 2.712757486733608e-05
0, 94, 380, 57, 42, 2.6492209144635126e-05
0, 683, 175, 46, 34, 2.571126060502138e-05
0, 545, 170, 19, 12, 2.557717016316019e-05
0, 587, 192, 164, 84, 2.51624223892577e-05
0, 87, 341, 32, 36, 2.5040077161975205e-05
0, 674, 171, 63, 59, 2.453311208228115e-05
0, 262, 128, 305, 257, 2.4034119633142836e-05
0, 551, 166, 16, 9, 2.3851342120906338e-05
0, 804, 304, 9, 40, 2.3765449441270903e-05
0, 82, 70, 165, 140, 2.3676298951613717e-05
0, 797, 632, 23, 83, 2.313369623152539e-05
0, 483, 269, 77, 50, 2.3050584786687978e-05
0, 625, 187, 29, 30, 2.297977880516555e-05
0, 109, 375, 26, 39, 2.2468217139248736e-05
0, 13, 6, 27, 12, 2.2304791855276562e-05
0, 401, 215, 20, 12, 2.209964623034466e-05
0, 150, 520, 19, 26, 2.199961818405427e-05
0, 150, 357, 45, 29, 2.179006696678698e-05
0, 76, 621, 152, 173, 2.1748464860138483e-05
0, 804, 529, 8, 22, 2.1733430912718177e-05
0, 804, 91, 9, 36, 2.1641251805704087e-05
0, 127, 371, 243, 309, 2.158718416467309e-05
0, 16, 305, 32, 74, 2.1368066882132553e-05
0, 360, 289, 35, 30, 2.0585106540238485e-05
0, 23, 356, 47, 121, 2.058438076346647e-05
0, 787, 594, 43, 43, 2.055767981801182e-05
0, 793, 295, 30, 69, 2.0237541320966557e-05
0, 786, 350, 44, 81, 2.0183921151328832e-05
0, 3, 653, 7, 68, 2.0042363757966086e-05
0, 791, 419, 34, 70, 1.9919045371352695e-05
0, 694, 142, 37, 44, 1.988861731661018e-05
0, 553, 70, 302, 140, 1.98777524929028e-05
0, 50, 195, 100, 171, 1.951974081748631e-05
0, 563, 236, 70, 61, 1.9186521967640147e-05
0, 163, 140, 327, 280, 1.910587161546573e-05
0, 512, 259, 48, 26, 1.8965311028296128e-05
0, 390, 231, 50, 27, 1.8814889699569903e-05
0, 286, 315, 13, 15, 1.84493819688214e-05
0, 56, 364, 62, 32, 1.825386061682366e-05
0, 801, 414, 15, 48, 1.798123776097782e-05
0, 367, 73, 302, 147, 1.7582273358129896e-05
0, 785, 34, 47, 67, 1.7559066691319458e-05
0, 565, 205, 78, 81, 1.7365626263199374e-05
0, 140, 369, 44, 28, 1.712338962533977e-05
0, 804, 674, 9, 31, 1.7120386473834515e-05
0, 633, 116, 134, 49, 1.7056161595974118e-05
0, 103, 15, 206, 31, 1.7050226233550347e-05
0, 98, 630, 197, 155, 1.70385064848233e-05
0, 334, 596, 221, 184, 1.6935637177084573e-05
0, 792, 162, 33, 82, 1.686785981291905e-05
0, 167, 311, 48, 30, 1.6786307242000476e-05
0, 155, 374, 38, 18, 1.6779089492047206e-05
0, 796, 362, 25, 72, 1.6594936823821627e-05
0, 56, 267, 111, 156, 1.6238373063970357e-05
0, 802, 110, 13, 50, 1.6127980416058563e-05
0, 779, 606, 13, 14, 1.6108842828543857e-05
0, 696, 524, 45, 21, 1.6058149412856437e-05
0, 439, 355, 187, 235, 1.588081977388356e-05
0, 593, 513, 245, 89, 1.565591992402915e-05
0, 229, 476, 23, 51, 1.5655174138373695e-05
0, 78, 348, 54, 38, 1.563026125950273e-05
0, 32, 5, 64, 11, 1.5491406884393655e-05
0, 645, 135, 33, 21, 1.5326091670431197e-05
0, 286, 166, 198, 143, 1.528927532490343e-05
0, 504, 546, 318, 266, 1.5183249161054846e-05
0, 276, 378, 352, 278, 1.5150112631090451e-05
0, 221, 12, 321, 24, 1.498312394687673e-05
0, 260, 64, 161, 129, 1.4871858184051234e-05
0, 791, 539, 35, 78, 1.4855868357699364e-05
0, 214, 548, 15, 12, 1.4802172700001393e-05
0, 23, 178, 46, 86, 1.4751455637451727e-05
0, 621, 157, 109, 55, 1.4628315511799883e-05
0, 365, 289, 17, 55, 1.447686372557655e-05
0, 157, 509, 34, 43, 1.4366548384714406e-05
0, 616, 229, 81, 53, 1.414725738868583e-05
0, 574, 181, 18, 12, 1.4090423974266741e-05
0, 798, 323, 20, 59, 1.4087629097048193e-05
0, 172, 376, 177, 207, 1.3978466995467898e-05
0, 800, 160, 16, 55, 1.3930599379818887e-05
0, 802, 538, 12, 51, 1.3815601050737314e-05
0, 358, 313, 320, 185, 1.3756649423157796e-05
0, 800, 122, 17, 58, 1.3611417671199888e-05
0, 772, 22, 72, 44, 1.3603475963464007e-05
0, 692, 178, 24, 19, 1.3601414138975088e-05
0, 192, 68, 225, 137, 1.359097586828284e-05
0, 799, 518, 18, 39, 1.3568532267527189e-05
0, 18, 400, 36, 88, 1.35569953272352e-05
0, 800, 80, 16, 52, 1.3378395124163944e-05
0, 551, 162, 29, 19, 1.3199264685681555e-05
0, 5, 269, 10, 76, 1.3128898899594788e-05
