0, 193, 555, 54, 60, 0.3025597035884857
0, 195, 615, 41, 47, 0.20377202332019806
0, 215, 508, 121, 159, 0.17118124663829803
0, 170, 518, 20, 26, 0.15782156586647034
0, 241, 446, 39, 24, 0.1439673751592636
0, 217, 470, 88, 75, 0.12450272589921951
0, 195, 627, 52, 79, 0.12305710464715958
0, 248, 826, 29, 35, 0.07749760895967484
0, 263, 422, 40, 30, 0.07371542602777481
0, 194, 473, 36, 19, 0.06796467304229736
0, 225, 454, 73, 38, 0.05647968128323555
0, 268, 418, 32, 16, 0.05419608950614929
0, 297, 271, 30, 26, 0.04984428733587265
0, 179, 507, 35, 47, 0.046380989253520966
0, 202, 475, 53, 30, 0.04612305387854576
0, 200, 642, 34, 34, 0.044532932341098785
0, 185, 510, 27, 33, 0.04159974679350853
0, 300, 294, 17, 10, 0.04147013649344444
0, 322, 282, 17, 17, 0.04067813977599144
0, 266, 408, 33, 22, 0.03908076509833336
0, 352, 279, 20, 28, 0.034434739500284195
0, 197, 725, 31, 38, 0.03406720981001854
0, 300, 363, 37, 35, 0.029014255851507187
0, 209, 490, 71, 60, 0.02816789038479328
0, 250, 437, 63, 52, 0.02726205624639988
0, 243, 795, 19, 16, 0.026208315044641495
0, 323, 890, 19, 20, 0.025767164304852486
0, 202, 548, 36, 43, 0.025503890588879585
0, 255, 410, 21, 16, 0.0241673793643713
0, 233, 823, 64, 50, 0.02338935062289238
0, 331, 861, 20, 25, 0.023208731785416603
0, 217, 828, 28, 36, 0.022893749177455902
0, 193, 513, 28, 31, 0.021227866411209106
0, 248, 432, 37, 25, 0.020227991044521332
0, 241, 424, 15, 18, 0.01953006163239479
0, 291, 403, 23, 16, 0.01938757486641407
0, 522, 489, 21, 18, 0.018641110509634018
0, 301, 299, 18, 16, 0.01776895858347416
0, 203, 570, 30, 27, 0.01680951751768589
0, 273, 416, 44, 36, 0.016342734917998314
0, 196, 597, 34, 29, 0.015789294615387917
0, 327, 878, 29, 44, 0.015137813985347748
0, 253, 356, 15, 18, 0.014868488535284996
0, 277, 370, 22, 22, 0.01277021411806345
0, 288, 807, 14, 14, 0.012353332713246346
0, 329, 867, 28, 33, 0.01129532977938652
0, 318, 863, 17, 24, 0.011026204563677311
0, 199, 465, 47, 32, 0.010395709425210953
0, 339, 218, 67, 44, 0.01021928433328867
0, 468, 495, 24, 20, 0.010192680172622204
0, 279, 365, 52, 42, 0.009943429380655289
0, 292, 344, 26, 25, 0.009853558614850044
0, 255, 364, 17, 28, 0.00918340589851141
0, 189, 501, 55, 53, 0.009124034084379673
0, 234, 794, 28, 15, 0.008166743442416191
0, 330, 241, 20, 17, 0.007806191686540842
0, 301, 356, 52, 53, 0.0077979122288525105
0, 233, 463, 48, 35, 0.00777976680546999
0, 211, 762, 16, 17, 0.007751083467155695
0, 286, 859, 11, 16, 0.007710135076195002
0, 203, 513, 67, 73, 0.0075766174122691154
0, 294, 396, 25, 24, 0.0074158632196486
0, 460, 636, 10, 9, 0.007089580874890089
0, 194, 651, 40, 42, 0.006646799389272928
0, 289, 372, 39, 33, 0.00602146377786994
0, 319, 848, 18, 21, 0.005591133609414101
0, 182, 591, 32, 27, 0.005516233388334513
0, 168, 756, 11, 11, 0.005222594831138849
0, 298, 373, 21, 25, 0.005136101506650448
0, 261, 372, 27, 36, 0.005106240976601839
0, 274, 400, 25, 18, 0.005101023241877556
0, 323, 329, 44, 43, 0.004828690551221371
0, 308, 302, 32, 17, 0.004774340894073248
0, 301, 291, 30, 28, 0.004743524827063084
0, 334, 243, 30, 23, 0.004616990685462952
0, 284, 276, 20, 18, 0.004479615017771721
0, 229, 781, 16, 12, 0.003934078384190798
0, 249, 404, 50, 53, 0.0038540249224752188
0, 237, 388, 20, 24, 0.003442051587626338
0, 341, 172, 11, 10, 0.0032186359167099
0, 198, 757, 8, 13, 0.003183294553309679
0, 177, 538, 34, 20, 0.002986540785059333
0, 188, 665, 31, 19, 0.0029704123735427856
0, 176, 637, 18, 35, 0.0029622626025229692
0, 264, 406, 47, 35, 0.0028600336518138647
0, 203, 696, 17, 21, 0.002721620723605156
0, 254, 381, 49, 56, 0.002584445523098111
0, 296, 294, 31, 15, 0.0024268818087875843
0, 454, 515, 14, 13, 0.002226609271019697
0, 305, 871, 20, 23, 0.002190430648624897
0, 320, 840, 19, 19, 0.002124523278325796
0, 308, 862, 22, 29, 0.002059851074591279
0, 239, 454, 63, 56, 0.001960590947419405
0, 179, 666, 20, 15, 0.0019418260781094432
0, 202, 538, 59, 90, 0.001935741980560124
0, 193, 482, 48, 46, 0.0019103205995634198
0, 390, 170, 23, 17, 0.0018277750350534916
0, 366, 267, 9, 13, 0.0016828320221975446
0, 256, 362, 35, 41, 0.001682200818322599
0, 278, 370, 67, 80, 0.0016601058887317777
0, 316, 276, 50, 34, 0.0016291312640532851
0, 303, 897, 14, 10, 0.001591979176737368
0, 311, 294, 37, 24, 0.0015354874776676297
0, 280, 293, 16, 13, 0.0015327732544392347
0, 302, 337, 21, 25, 0.0015302562387660146
0, 235, 784, 29, 16, 0.0014962393324822187
0, 290, 815, 18, 17, 0.0014518705429509282
0, 314, 361, 30, 28, 0.001439554151147604
0, 243, 855, 22, 12, 0.001419265870936215
0, 308, 881, 28, 31, 0.0013559586368501186
0, 280, 408, 58, 62, 0.0013100067153573036
0, 284, 849, 14, 18, 0.0013057304313406348
0, 403, 187, 13, 10, 0.0012178417528048158
0, 384, 170, 18, 15, 0.0012138087768107653
0, 313, 857, 35, 30, 0.0011879479279741645
0, 187, 693, 10, 12, 0.001186718582175672
0, 311, 815, 16, 14, 0.0011865715496242046
0, 357, 233, 26, 14, 0.0011700077448040247
0, 200, 710, 27, 43, 0.0011499696411192417
0, 358, 227, 27, 20, 0.0011236972641199827
0, 307, 311, 27, 18, 0.0010903136571869254
0, 205, 405, 130, 92, 0.0010742796584963799
0, 399, 172, 25, 18, 0.001063228235580027
0, 388, 164, 25, 12, 0.0009935502894222736
0, 299, 814, 39, 25, 0.0009755679056979716
0, 327, 305, 22, 13, 0.0009017499978654087
0, 381, 188, 14, 15, 0.0008962549618445337
0, 356, 876, 14, 14, 0.0008914163336157799
0, 239, 373, 16, 28, 0.0008317837491631508
0, 222, 561, 162, 304, 0.0008114749798551202
0, 194, 544, 93, 256, 0.0008049917523749173
0, 290, 833, 21, 14, 0.0008026830037124455
0, 191, 587, 64, 134, 0.0007979311631061137
0, 297, 830, 12, 9, 0.0007478087791241705
0, 223, 432, 33, 23, 0.0007001113262958825
0, 459, 655, 8, 9, 0.0006263836985453963
0, 260, 348, 15, 19, 0.0006058342987671494
0, 388, 247, 15, 12, 0.0005949203623458743
0, 416, 174, 23, 13, 0.0005636414862237871
0, 322, 868, 41, 65, 0.0005610702792182565
0, 297, 383, 52, 67, 0.0005514700897037983
0, 173, 730, 21, 23, 0.000537295825779438
0, 201, 749, 42, 44, 0.0005329224513843656
0, 397, 171, 43, 26, 0.0005316467140801251
0, 155, 674, 15, 11, 0.0005128111806698143
0, 468, 654, 8, 9, 0.000494153646286577
0, 292, 865, 24, 32, 0.00048404786502942443
0, 338, 333, 27, 35, 0.0004731578810606152
0, 172, 623, 38, 51, 0.0004680591810029
0, 261, 323, 9, 15, 0.00044934413745068014
0, 178, 564, 42, 46, 0.00042549724457785487
0, 411, 188, 25, 13, 0.00042412179755046964
0, 290, 605, 295, 373, 0.000420783762820065
0, 147, 764, 12, 10, 0.0004159342497587204
0, 137, 652, 19, 16, 0.0004030951822642237
0, 168, 773, 14, 12, 0.00039554917020723224
0, 375, 171, 24, 15, 0.0003795202064793557
0, 450, 520, 21, 24, 0.000366515654604882
0, 428, 175, 10, 9, 0.000347474793670699
0, 494, 523, 12, 9, 0.0003416798426769674
0, 191, 758, 18, 16, 0.00032772269332781434
0, 311, 333, 65, 64, 0.00031057820888236165
0, 337, 306, 13, 13, 0.0003055408305954188
0, 384, 248, 27, 20, 0.000299020204693079
0, 203, 570, 49, 45, 0.00029024441028013825
0, 158, 603, 12, 14, 0.00028203247347846627
0, 471, 523, 16, 11, 0.0002812818856909871
0, 283, 856, 16, 29, 0.00027770615997724235
0, 204, 760, 28, 22, 0.0002730122359935194
0, 123, 649, 17, 13, 0.00026985068689100444
0, 173, 760, 25, 20, 0.0002660739701241255
0, 497, 215, 236, 431, 0.0002640356251504272
0, 281, 330, 15, 18, 0.0002585545589681715
0, 345, 170, 16, 12, 0.00025699762045405805
0, 376, 183, 26, 21, 0.00025257052038796246
0, 266, 442, 98, 84, 0.0002448968880344182
0, 303, 864, 59, 62, 0.00023707358923275024
0, 357, 256, 36, 23, 0.00022934877779334784
0, 270, 466, 156, 348, 0.00021338787337299436
0, 371, 224, 20, 19, 0.00021224304509814829
0, 468, 508, 27, 8, 0.00020256219431757927
0, 247, 363, 26, 32, 0.00019827454525511712
0, 393, 180, 39, 31, 0.00019728958432096988
0, 479, 523, 23, 10, 0.00019719517149496824
0, 320, 211, 28, 29, 0.00019543155212886631
0, 284, 841, 22, 25, 0.0001909200072987005
0, 283, 387, 104, 127, 0.00017763144569471478
0, 205, 646, 47, 56, 0.0001761424937285483
0, 167, 634, 28, 43, 0.0001722554152365774
0, 299, 348, 101, 135, 0.00017041897808667272
0, 235, 386, 27, 36, 0.00016523442172911018
0, 315, 255, 61, 37, 0.00016167014837265015
0, 314, 265, 82, 60, 0.00015903424355201423
0, 324, 316, 60, 62, 0.00015314389020204544
0, 169, 586, 29, 26, 0.00015310286835301667
0, 412, 196, 19, 12, 0.00015259494830388576
0, 202, 599, 54, 65, 0.00014936794468667358
0, 316, 204, 21, 15, 0.0001352575491182506
0, 374, 218, 17, 20, 0.00013160103117115796
0, 150, 559, 272, 288, 0.00012635765597224236
0, 392, 224, 21, 15, 0.00011914758943021297
0, 288, 284, 86, 66, 0.00011463270493550226
0, 490, 501, 16, 11, 0.00010467695392435417
0, 450, 636, 29, 14, 0.00010244384611723945
0, 226, 787, 50, 42, 9.736883657751605e-05
0, 248, 801, 35, 31, 9.086475620279089e-05
0, 330, 233, 63, 57, 8.703422645339742e-05
0, 216, 445, 65, 73, 8.638160215923563e-05
0, 170, 389, 195, 219, 8.624193287687376e-05
0, 462, 636, 17, 12, 8.609879296272993e-05
0, 320, 897, 26, 33, 8.398514910368249e-05
0, 478, 505, 29, 12, 8.237193833338097e-05
0, 349, 880, 28, 23, 8.220510790124536e-05
0, 205, 677, 20, 27, 7.900586206233129e-05
0, 149, 584, 10, 11, 7.82971692387946e-05
0, 291, 277, 56, 47, 7.776684651616961e-05
0, 462, 503, 44, 40, 7.724783790763468e-05
0, 205, 625, 100, 92, 7.723473390797153e-05
0, 189, 721, 60, 56, 7.709271449130028e-05
0, 454, 654, 27, 13, 7.598275260534137e-05
0, 295, 323, 45, 47, 7.431368430843577e-05
0, 420, 1029, 17, 8, 7.330872176680714e-05
0, 137, 681, 11, 14, 7.082901720423251e-05
0, 207, 724, 59, 65, 6.948134250706062e-05
0, 306, 208, 11, 14, 6.832245708210394e-05
0, 201, 678, 29, 43, 6.715785275446251e-05
0, 162, 421, 325, 437, 6.232542364159599e-05
0, 286, 807, 26, 24, 6.102875340729952e-05
0, 371, 238, 24, 20, 5.8156452723778784e-05
0, 383, 171, 30, 21, 5.795769902761094e-05
0, 283, 296, 23, 19, 5.703759961761534e-05
0, 339, 868, 50, 43, 5.5892382079036906e-05
0, 374, 268, 32, 27, 5.5189440899994224e-05
0, 378, 966, 433, 134, 5.395131665864028e-05
0, 509, 385, 13, 14, 5.391933154896833e-05
0, 550, 881, 73, 94, 5.073240026831627e-05
0, 4, 30, 9, 61, 5.0582209951244295e-05
0, 350, 856, 18, 23, 5.056465670350008e-05
0, 214, 567, 78, 93, 4.935482138535008e-05
0, 214, 392, 287, 305, 4.8652280383976176e-05
0, 32, 33, 65, 66, 4.708542110165581e-05
0, 467, 622, 10, 13, 4.6551667765015736e-05
0, 259, 467, 113, 89, 4.5927594328531995e-05
0, 278, 818, 49, 51, 4.503308446146548e-05
0, 220, 801, 81, 81, 4.471956708584912e-05
0, 242, 974, 471, 119, 4.4042662921128795e-05
0, 32, 19, 64, 38, 4.184971840004437e-05
0, 280, 883, 11, 10, 4.123440885450691e-05
0, 351, 287, 24, 48, 4.04857455578167e-05
0, 277, 321, 20, 23, 4.002828791271895e-05
0, 613, 630, 5, 72, 3.993183054262772e-05
0, 155, 637, 65, 59, 3.992143683717586e-05
0, 196, 701, 56, 68, 3.962244954891503e-05
0, 5, 999, 11, 69, 3.8634825614281e-05
0, 349, 206, 87, 60, 3.822717917500995e-05
0, 296, 412, 95, 83, 3.81838581233751e-05
0, 499, 491, 36, 23, 3.778360041906126e-05
0, 522, 484, 28, 28, 3.661348091554828e-05
0, 344, 334, 21, 23, 3.613872831920162e-05
0, 155, 652, 45, 27, 3.6132729292148724e-05
0, 612, 20, 6, 40, 3.536859367159195e-05
0, 493, 96, 244, 189, 3.5117933293804526e-05
0, 350, 421, 430, 419, 3.49840302078519e-05
0, 469, 490, 38, 32, 3.483731052256189e-05
0, 600, 610, 11, 9, 3.439558713580482e-05
0, 461, 809, 308, 410, 3.431973891565576e-05
0, 612, 654, 6, 59, 3.4222575777675956e-05
0, 299, 889, 32, 26, 3.282199031673372e-05
0, 199, 443, 36, 37, 3.2144016586244106e-05
0, 187, 840, 92, 72, 3.172691140207462e-05
0, 359, 277, 39, 30, 3.092773476964794e-05
0, 491, 505, 12, 12, 3.064962584176101e-05
0, 207, 822, 53, 62, 3.0409169994527474e-05
0, 420, 1000, 125, 67, 3.033933535334654e-05
0, 165, 519, 50, 55, 3.0027173124835826e-05
0, 110, 224, 221, 449, 2.9460148653015494e-05
0, 324, 354, 84, 217, 2.870339449145831e-05
0, 422, 147, 10, 7, 2.8310485504334792e-05
0, 590, 33, 50, 66, 2.8271904739085585e-05
0, 115, 922, 231, 223, 2.8024678613292053e-05
0, 589, 673, 53, 75, 2.710582884901669e-05
0, 246, 863, 103, 163, 2.703295467654243e-05
0, 243, 495, 99, 91, 2.7013446015189402e-05
0, 219, 307, 239, 231, 2.6938787414110266e-05
0, 390, 219, 37, 27, 2.6717918444774114e-05
0, 454, 871, 66, 73, 2.6377156245871447e-05
0, 170, 798, 11, 16, 2.6267256544088013e-05
0, 436, 650, 41, 23, 2.607072747196071e-05
0, 563, 816, 105, 99, 2.5665693101473153e-05
0, 114, 103, 229, 207, 2.562602276157122e-05
0, 215, 806, 55, 42, 2.5489462132100016e-05
0, 305, 388, 104, 306, 2.5185854610754177e-05
0, 323, 354, 44, 51, 2.4556307835155167e-05
0, 355, 906, 362, 253, 2.3990771296666935e-05
0, 515, 395, 28, 34, 2.3855573090258986e-05
0, 194, 676, 55, 139, 2.35563020396512e-05
0, 346, 175, 21, 19, 2.3333257558988407e-05
0, 335, 602, 529, 452, 2.332889926037751e-05
0, 430, 1029, 42, 9, 2.29382003453793e-05
0, 288, 465, 90, 68, 2.2915877707418986e-05
