0, 323, 677, 19, 16, 0.5617921352386475
0, 227, 688, 25, 19, 0.43548181653022766
0, 360, 671, 11, 11, 0.4308788478374481
0, 682, 283, 17, 14, 0.37556543946266174
0, 421, 580, 27, 21, 0.36358320713043213
0, 380, 558, 20, 25, 0.33914461731910706
0, 219, 782, 16, 13, 0.2955624461174011
0, 451, 585, 26, 24, 0.2906709611415863
0, 662, 312, 12, 15, 0.27634739875793457
0, 400, 598, 21, 14, 0.2741769850254059
0, 432, 549, 14, 11, 0.26749828457832336
0, 189, 751, 23, 26, 0.23206618428230286
0, 191, 728, 14, 18, 0.18432575464248657
0, 413, 579, 15, 19, 0.1685575246810913
0, 334, 584, 14, 12, 0.16386157274246216
0, 458, 559, 8, 9, 0.16120007634162903
0, 604, 467, 10, 13, 0.14013859629631042
0, 447, 532, 18, 16, 0.13317376375198364
0, 649, 335, 19, 14, 0.13314150273799896
0, 474, 478, 12, 14, 0.13073153793811798
0, 343, 721, 9, 8, 0.1168685257434845
0, 317, 629, 17, 16, 0.11512674391269684
0, 656, 332, 26, 14, 0.11467862874269485
0, 338, 697, 19, 10, 0.11189799755811691
0, 349, 652, 20, 11, 0.10579530894756317
0, 170, 776, 16, 11, 0.10135554522275925
0, 594, 412, 21, 17, 0.10092787444591522
0, 659, 260, 12, 13, 0.09315558522939682
0, 615, 474, 20, 18, 0.09182917326688766
0, 696, 316, 9, 11, 0.09152031689882278
0, 721, 334, 12, 19, 0.09055564552545547
0, 262, 653, 19, 19, 0.09018908441066742
0, 510, 442, 14, 14, 0.08858414739370346
0, 396, 619, 24, 19, 0.08373279869556427
0, 297, 720, 11, 9, 0.0834265649318695
0, 690, 359, 12, 8, 0.08025825768709183
0, 329, 739, 13, 14, 0.0777634009718895
0, 311, 651, 19, 10, 0.07702755928039551
0, 607, 471, 21, 17, 0.06753315031528473
0, 443, 485, 24, 13, 0.06449159234762192
0, 183, 797, 11, 13, 0.06415998935699463
0, 227, 733, 13, 10, 0.05972960963845253
0, 703, 185, 14, 9, 0.05777227133512497
0, 686, 227, 8, 9, 0.054413363337516785
0, 339, 706, 19, 14, 0.05095585063099861
0, 618, 476, 13, 13, 0.05080800503492355
0, 320, 710, 13, 8, 0.04970527067780495
0, 269, 722, 9, 9, 0.049462392926216125
0, 661, 279, 11, 14, 0.049156490713357925
0, 738, 311, 10, 13, 0.04563030228018761
0, 701, 278, 9, 10, 0.045484039932489395
0, 590, 444, 20, 12, 0.03394603729248047
0, 167, 759, 8, 11, 0.03212713822722435
0, 621, 416, 10, 10, 0.031990788877010345
0, 745, 184, 10, 16, 0.030747193843126297
0, 164, 802, 11, 8, 0.03008134849369526
0, 331, 650, 11, 10, 0.024904564023017883
0, 742, 245, 11, 8, 0.023131290450692177
0, 324, 713, 21, 9, 0.02119360864162445
0, 661, 279, 22, 17, 0.02027730457484722
0, 318, 741, 14, 11, 0.0190304983407259
0, 694, 358, 17, 10, 0.01851307787001133
0, 249, 658, 17, 14, 0.01850219815969467
0, 134, 833, 12, 12, 0.017062630504369736
0, 317, 739, 9, 7, 0.015698034316301346
0, 626, 349, 16, 16, 0.01294607575982809
0, 361, 587, 8, 8, 0.01259325910359621
0, 738, 112, 14, 13, 0.012548889964818954
0, 240, 769, 11, 9, 0.01226035039871931
0, 703, 276, 12, 12, 0.012257839553058147
0, 643, 454, 13, 8, 0.011622357182204723
0, 319, 675, 26, 27, 0.011425553821027279
0, 318, 636, 21, 23, 0.011339946649968624
0, 631, 347, 10, 12, 0.011167431250214577
0, 660, 260, 19, 17, 0.011149853467941284
0, 389, 615, 17, 16, 0.010416976176202297
0, 364, 590, 13, 12, 0.010379180312156677
0, 511, 514, 13, 14, 0.009645583108067513
0, 716, 301, 11, 12, 0.009416386485099792
0, 298, 747, 16, 10, 0.009378310292959213
0, 703, 357, 13, 9, 0.009180034510791302
0, 468, 537, 6, 7, 0.009028628468513489
0, 436, 548, 15, 13, 0.008747265674173832
0, 360, 569, 10, 11, 0.007840035483241081
0, 409, 586, 23, 17, 0.007700436748564243
0, 250, 651, 22, 24, 0.007497661281377077
0, 257, 728, 12, 11, 0.007388224825263023
0, 647, 392, 10, 5, 0.007209306582808495
0, 649, 444, 9, 9, 0.0071981921792030334
0, 149, 864, 9, 11, 0.00706943916156888
0, 680, 227, 11, 12, 0.006713268347084522
0, 644, 460, 12, 12, 0.006464108359068632
0, 737, 130, 13, 15, 0.006268646102398634
0, 258, 778, 13, 10, 0.006266765762120485
0, 300, 672, 14, 13, 0.006040864624083042
0, 624, 353, 15, 15, 0.005972095765173435
0, 749, 289, 11, 11, 0.0057518198154866695
0, 396, 612, 28, 25, 0.0056596375070512295
0, 576, 487, 11, 14, 0.0053184749558568
0, 729, 201, 18, 10, 0.005038761999458075
0, 722, 130, 8, 13, 0.004975402262061834
0, 187, 739, 26, 43, 0.004794072825461626
0, 269, 734, 13, 12, 0.0046970434486866
0, 236, 704, 9, 9, 0.004610821604728699
0, 690, 350, 13, 13, 0.00459890766069293
0, 509, 518, 11, 10, 0.004595187027007341
0, 698, 278, 20, 17, 0.004572149366140366
0, 359, 667, 14, 8, 0.0045601986348629
0, 329, 689, 36, 18, 0.004547216463834047
0, 471, 531, 12, 15, 0.004510385915637016
0, 306, 763, 10, 10, 0.0044638956896960735
0, 315, 664, 31, 39, 0.004257781896740198
0, 333, 713, 24, 8, 0.004237084183841944
0, 139, 881, 11, 11, 0.004219268448650837
0, 647, 290, 7, 14, 0.004191223997622728
0, 730, 131, 16, 11, 0.003996575251221657
0, 783, 78, 8, 10, 0.003869482781738043
0, 718, 171, 10, 10, 0.003800939302891493
0, 703, 265, 9, 29, 0.0036638425663113594
0, 489, 518, 11, 9, 0.0034403165336698294
0, 628, 398, 12, 7, 0.003263387829065323
0, 246, 646, 10, 9, 0.0032187874894589186
0, 486, 519, 16, 8, 0.003015664638951421
0, 748, 98, 9, 10, 0.002991885645315051
0, 603, 456, 22, 29, 0.0029838301707059145
0, 321, 716, 13, 8, 0.00284963590092957
0, 677, 268, 39, 39, 0.002789233811199665
0, 296, 743, 25, 18, 0.002786244498565793
0, 474, 527, 11, 8, 0.002654236974194646
0, 542, 407, 7, 12, 0.002613645512610674
0, 157, 831, 15, 11, 0.0024977209977805614
0, 269, 718, 13, 15, 0.002391379326581955
0, 182, 750, 39, 38, 0.00238738302141428
0, 297, 714, 23, 14, 0.0023163952864706516
0, 405, 594, 35, 29, 0.0023156548850238323
0, 570, 382, 14, 10, 0.0022319676354527473
0, 268, 785, 11, 9, 0.0021225176751613617
0, 314, 743, 11, 7, 0.0020815450698137283
0, 242, 763, 10, 11, 0.0020193338859826326
0, 642, 451, 15, 10, 0.001939129550009966
0, 255, 693, 38, 34, 0.0019120860379189253
0, 654, 323, 31, 39, 0.0019082077778875828
0, 411, 587, 47, 36, 0.0018659444758668542
0, 625, 397, 9, 10, 0.001819650293327868
0, 444, 529, 33, 26, 0.0017954055219888687
0, 176, 783, 30, 28, 0.0017922258703038096
0, 331, 737, 26, 17, 0.0017696551512926817
0, 183, 831, 11, 10, 0.0016828663647174835
0, 655, 311, 25, 14, 0.0016817149007692933
0, 742, 328, 10, 12, 0.0016360803274437785
0, 482, 495, 14, 8, 0.0016153614269569516
0, 305, 721, 28, 9, 0.0015872332733124495
0, 305, 760, 11, 12, 0.0015711518935859203
0, 338, 653, 26, 15, 0.0015649868873879313
0, 359, 566, 11, 12, 0.0015473505482077599
0, 271, 739, 9, 12, 0.0015253847232088447
0, 180, 832, 18, 13, 0.0014774617739021778
0, 765, 136, 11, 8, 0.0014395753387361765
0, 216, 772, 35, 35, 0.0013963504461571574
0, 391, 599, 28, 31, 0.0013506009709089994
0, 702, 261, 12, 11, 0.0013486671959981322
0, 121, 906, 8, 9, 0.0012843136209994555
0, 755, 152, 11, 11, 0.00127473846077919
0, 339, 669, 50, 22, 0.001246280618943274
0, 452, 527, 26, 18, 0.0012448403285816312
0, 704, 373, 14, 8, 0.0012202400248497725
0, 528, 407, 8, 8, 0.0012098840670660138
0, 313, 696, 11, 15, 0.0012049191864207387
0, 456, 552, 14, 14, 0.0011546259047463536
0, 294, 749, 26, 15, 0.0011474053608253598
0, 652, 448, 12, 9, 0.0011157846311107278
0, 766, 126, 12, 14, 0.0011119208065792918
0, 735, 261, 12, 12, 0.001088851597160101
0, 382, 632, 7, 9, 0.0010763689642772079
0, 704, 377, 13, 9, 0.0010629172902554274
0, 272, 783, 9, 10, 0.0010235552908852696
0, 289, 753, 19, 12, 0.0010197218507528305
0, 725, 423, 10, 8, 0.0009978176094591618
0, 689, 367, 11, 7, 0.0009869039058685303
0, 650, 397, 15, 10, 0.0009846240282058716
0, 595, 417, 27, 22, 0.0009769091848284006
0, 365, 597, 11, 10, 0.0009103167103603482
0, 441, 540, 31, 30, 0.0008173297974281013
0, 263, 768, 35, 28, 0.0007893648580648005
0, 425, 565, 19, 10, 0.0007813250995241106
0, 170, 835, 25, 10, 0.0007795970886945724
0, 681, 208, 12, 18, 0.000768125697504729
0, 338, 720, 20, 11, 0.0007593148038722575
0, 146, 865, 8, 16, 0.0007480710628442466
0, 148, 833, 11, 12, 0.0007380367023870349
0, 359, 555, 11, 13, 0.0007255386444739997
0, 333, 598, 12, 8, 0.0007191635086201131
0, 775, 224, 19, 18, 0.000707274884916842
0, 440, 567, 47, 36, 0.0007005060906521976
0, 736, 116, 25, 26, 0.000683778605889529
0, 316, 758, 17, 12, 0.0006319565000012517
0, 647, 346, 41, 27, 0.0006096378201618791
0, 667, 331, 31, 18, 0.0005918798269703984
0, 644, 446, 19, 13, 0.0005779127241112292
0, 464, 545, 9, 17, 0.0005596397095359862
0, 564, 192, 311, 384, 0.0005471031763590872
0, 434, 580, 51, 30, 0.0005232130642980337
0, 712, 190, 21, 12, 0.0005130793433636427
0, 323, 736, 24, 16, 0.0004997874493710697
0, 236, 719, 7, 8, 0.0004958914942108095
0, 637, 338, 31, 36, 0.00046844841563142836
0, 343, 648, 35, 26, 0.00046721467515453696
0, 652, 244, 48, 55, 0.00046509841922670603
0, 634, 322, 7, 8, 0.0004509681311901659
0, 477, 496, 15, 13, 0.000450083811301738
0, 270, 768, 9, 10, 0.0004218426183797419
0, 222, 777, 23, 23, 0.0004216808301862329
0, 257, 724, 18, 14, 0.0004209380131214857
0, 6, 95, 13, 191, 0.00041577627416700125
0, 748, 184, 12, 13, 0.0004147881700191647
0, 817, 81, 21, 11, 0.00041270977817475796
0, 193, 783, 47, 39, 0.00041264976607635617
0, 292, 757, 20, 14, 0.00041116573265753686
0, 693, 197, 10, 7, 0.0004016940947622061
0, 688, 208, 9, 9, 0.00039935013046488166
0, 592, 424, 26, 34, 0.0003959826717618853
0, 738, 289, 15, 12, 0.0003945128119084984
0, 359, 678, 11, 14, 0.0003927100624423474
0, 656, 311, 26, 30, 0.0003881045849993825
0, 595, 471, 46, 30, 0.00038231670623645186
0, 745, 383, 19, 32, 0.0003801158454734832
0, 374, 564, 35, 20, 0.0003718039661180228
0, 695, 298, 36, 47, 0.0003670768637675792
0, 704, 231, 21, 24, 0.0003645363904070109
0, 174, 814, 32, 32, 0.00035799984470941126
0, 445, 549, 39, 31, 0.00035755865974351764
0, 144, 881, 11, 10, 0.00035365496296435595
0, 590, 447, 25, 16, 0.0003482793690636754
0, 311, 644, 33, 32, 0.00034494706778787076
0, 703, 165, 22, 40, 0.00032792866113595665
0, 738, 296, 14, 18, 0.00032074167393147945
0, 128, 834, 19, 15, 0.0003098314628005028
0, 223, 736, 18, 17, 0.0002990358916576952
0, 742, 108, 25, 14, 0.0002937162353191525
0, 682, 268, 32, 25, 0.00028078327886760235
0, 327, 626, 52, 35, 0.00028025612118653953
0, 318, 709, 22, 14, 0.00027859112014994025
0, 758, 243, 8, 13, 0.00026482524117454886
0, 510, 506, 23, 29, 0.00026326693478040397
0, 304, 671, 39, 29, 0.0002624594490043819
0, 657, 454, 12, 10, 0.000262121349805966
0, 700, 199, 35, 27, 0.00025814888067543507
0, 416, 602, 63, 58, 0.0002558726991992444
0, 6, 235, 12, 187, 0.0002545694005675614
0, 677, 299, 24, 21, 0.0002523601579014212
0, 427, 565, 28, 18, 0.0002490025945007801
0, 598, 453, 16, 11, 0.0002483719144947827
0, 679, 281, 24, 24, 0.0002434541966067627
0, 307, 654, 23, 16, 0.000242465510382317
0, 536, 405, 20, 18, 0.00023864407557994127
0, 703, 399, 21, 32, 0.00023664518084842712
0, 698, 373, 25, 15, 0.0002361058723181486
0, 493, 439, 7, 10, 0.00022706134768668562
0, 772, 243, 12, 11, 0.00022317386174108833
0, 394, 623, 32, 29, 0.00021687030675821006
0, 539, 502, 9, 7, 0.00021597411250695586
0, 418, 526, 27, 20, 0.00021556699357461184
0, 390, 651, 11, 9, 0.0002146029146388173
0, 614, 945, 9, 12, 0.0002115468232659623
0, 475, 492, 13, 7, 0.00021118648874107748
0, 233, 680, 39, 38, 0.0002111464273184538
0, 435, 505, 13, 13, 0.00021091321832500398
0, 723, 282, 37, 26, 0.00020848691929131746
0, 468, 517, 10, 11, 0.00020406981639098376
0, 719, 167, 12, 11, 0.00020404878887347877
0, 643, 336, 26, 18, 0.0002017014630837366
0, 542, 489, 17, 9, 0.0002012640325119719
0, 543, 461, 12, 12, 0.0002005565766012296
0, 665, 263, 24, 19, 0.00019743919256143272
0, 4, 927, 8, 81, 0.00019704180886037648
0, 174, 792, 29, 28, 0.00019700254779309034
0, 227, 781, 32, 12, 0.00019604110275395215
0, 511, 435, 18, 33, 0.00019392836838960648
0, 298, 714, 12, 18, 0.00019157702627126127
0, 479, 479, 20, 21, 0.0001892520085675642
0, 429, 552, 24, 16, 0.00018269903375767171
0, 721, 161, 33, 30, 0.0001806044892873615
0, 179, 797, 21, 15, 0.00017645179468672723
0, 433, 510, 10, 10, 0.00017624952306505293
0, 161, 834, 18, 14, 0.00017425150144845247
0, 298, 697, 73, 49, 0.00017404361278750002
0, 594, 468, 33, 16, 0.00017022585961967707
0, 704, 144, 15, 13, 0.00016984777175821364
0, 717, 189, 39, 24, 0.00016526922991033643
0, 343, 729, 10, 8, 0.00016263278666883707
0, 263, 771, 20, 12, 0.00016215801588259637
0, 620, 420, 42, 18, 0.00016096980834845454
0, 222, 800, 16, 14, 0.00015801950939930975
0, 699, 427, 31, 16, 0.00015343139239121228
0, 766, 152, 19, 12, 0.00015301340317819268
0, 673, 437, 12, 9, 0.00015164124488364905
0, 463, 483, 38, 24, 0.00014527486928272992
0, 360, 684, 17, 28, 0.00014446579734794796
0, 15, 34, 30, 68, 0.0001387718366459012
0, 554, 467, 81, 25, 0.0001376650034217164
