0, 327, 249, 74, 55, 0.31996676325798035
0, 198, 321, 60, 55, 0.2897058427333832
0, 229, 416, 25, 24, 0.2703700363636017
0, 120, 439, 52, 34, 0.14408689737319946
0, 235, 398, 12, 13, 0.12606936693191528
0, 155, 393, 115, 123, 0.12055136263370514
0, 222, 386, 13, 14, 0.09007001668214798
0, 202, 245, 28, 26, 0.08995120227336884
0, 304, 407, 45, 72, 0.08780959248542786
0, 189, 385, 37, 31, 0.08761109411716461
0, 114, 418, 18, 11, 0.08355538547039032
0, 197, 327, 44, 36, 0.08079542219638824
0, 168, 436, 34, 35, 0.07688123732805252
0, 313, 272, 112, 104, 0.06928122043609619
0, 143, 434, 97, 44, 0.05693301558494568
0, 122, 395, 26, 29, 0.052766215056180954
0, 157, 377, 109, 61, 0.05251859128475189
0, 311, 336, 14, 11, 0.04853285104036331
0, 245, 393, 11, 14, 0.04258342087268829
0, 177, 410, 42, 17, 0.03769620880484581
0, 146, 330, 19, 16, 0.03110446035861969
0, 312, 344, 110, 88, 0.029802855104207993
0, 312, 344, 114, 223, 0.028800781816244125
0, 328, 367, 60, 43, 0.027264796197414398
0, 117, 418, 30, 14, 0.027111781761050224
0, 269, 354, 16, 9, 0.02667262777686119
0, 155, 420, 111, 61, 0.025125350803136826
0, 228, 392, 28, 28, 0.0238256324082613
0, 277, 332, 36, 28, 0.023053694516420364
0, 309, 438, 14, 13, 0.0230425875633955
0, 320, 310, 19, 11, 0.021971195936203003
0, 347, 307, 15, 11, 0.01998157985508442
0, 306, 362, 17, 19, 0.018945567309856415
0, 121, 404, 18, 12, 0.018029209226369858
0, 339, 267, 31, 20, 0.017377855256199837
0, 284, 330, 19, 10, 0.016807910054922104
0, 160, 351, 17, 12, 0.016542088240385056
0, 337, 293, 26, 24, 0.01512148603796959
0, 314, 309, 31, 15, 0.01500235591083765
0, 163, 361, 19, 15, 0.014917059801518917
0, 277, 331, 35, 13, 0.013917121104896069
0, 284, 309, 40, 21, 0.012896825559437275
0, 307, 306, 47, 24, 0.012648152187466621
0, 135, 437, 43, 30, 0.012570416554808617
0, 313, 302, 21, 12, 0.012397479265928268
0, 166, 386, 16, 16, 0.011922957375645638
0, 141, 381, 32, 26, 0.011901511810719967
0, 307, 252, 36, 24, 0.011551941744983196
0, 159, 321, 50, 38, 0.010866725817322731
0, 303, 360, 28, 25, 0.010611191391944885
0, 299, 333, 38, 18, 0.01048634946346283
0, 307, 240, 47, 38, 0.010090629570186138
0, 195, 159, 13, 11, 0.009867600165307522
0, 313, 259, 24, 20, 0.00984202791005373
0, 146, 415, 16, 15, 0.00962597131729126
0, 113, 429, 24, 12, 0.00948887225240469
0, 120, 387, 18, 12, 0.009459235705435276
0, 331, 263, 51, 26, 0.009004292078316212
0, 314, 404, 98, 117, 0.008911050856113434
0, 173, 322, 19, 22, 0.008815811946988106
0, 310, 301, 33, 18, 0.008574813604354858
0, 294, 313, 19, 11, 0.008312633261084557
0, 295, 265, 18, 22, 0.008309917524456978
0, 137, 371, 34, 31, 0.007924790494143963
0, 194, 136, 10, 6, 0.0077684191055595875
0, 295, 270, 23, 36, 0.00774428341537714
0, 144, 369, 54, 46, 0.007737013511359692
0, 161, 401, 17, 10, 0.007563724182546139
0, 131, 416, 47, 20, 0.007557058706879616
0, 142, 393, 70, 37, 0.007470109034329653
0, 205, 329, 34, 26, 0.007429244928061962
0, 293, 321, 59, 32, 0.007424688898026943
0, 281, 318, 42, 13, 0.007000688463449478
0, 354, 312, 32, 23, 0.006785775069147348
0, 121, 429, 39, 14, 0.006337242666631937
0, 176, 338, 19, 19, 0.006302677094936371
0, 323, 279, 7, 8, 0.006118699908256531
0, 307, 395, 36, 39, 0.006016114726662636
0, 204, 149, 10, 7, 0.0060143074952065945
0, 288, 421, 19, 57, 0.005979514215141535
0, 136, 365, 22, 16, 0.005977869965136051
0, 162, 444, 26, 18, 0.005711141508072615
0, 184, 378, 32, 33, 0.005627436097711325
0, 154, 414, 30, 17, 0.005563157144933939
0, 185, 171, 24, 18, 0.005355022847652435
0, 225, 376, 17, 12, 0.005289922934025526
0, 146, 343, 18, 11, 0.005010491237044334
0, 331, 341, 32, 28, 0.004954770673066378
0, 171, 359, 40, 26, 0.004674231633543968
0, 310, 423, 16, 17, 0.004657180514186621
0, 333, 284, 39, 37, 0.0045673600398004055
0, 156, 364, 38, 42, 0.004519217181950808
0, 239, 395, 23, 18, 0.00445142574608326
0, 332, 287, 24, 26, 0.004348148126155138
0, 177, 399, 41, 13, 0.004298471380025148
0, 310, 434, 18, 23, 0.004241762217134237
0, 163, 347, 26, 21, 0.004156774841248989
0, 296, 284, 21, 19, 0.0041097537614405155
0, 161, 335, 50, 44, 0.003970130812376738
0, 341, 368, 32, 37, 0.00385994091629982
0, 192, 169, 38, 25, 0.00383163895457983
0, 216, 236, 9, 12, 0.0038229089695960283
0, 329, 330, 27, 16, 0.0036411297041922808
0, 172, 341, 12, 15, 0.0036391441244632006
0, 314, 262, 18, 12, 0.003608463564887643
0, 111, 427, 17, 10, 0.0035963677801191807
0, 330, 347, 24, 16, 0.0035950778983533382
0, 302, 297, 20, 13, 0.003589244559407234
0, 358, 318, 22, 11, 0.00354955461807549
0, 273, 402, 9, 9, 0.003481147112324834
0, 289, 415, 14, 35, 0.003421962494030595
0, 266, 412, 15, 17, 0.0033661231864243746
0, 193, 362, 31, 21, 0.0033507435582578182
0, 272, 409, 23, 25, 0.0032395964954048395
0, 144, 337, 24, 25, 0.0032294869888573885
0, 194, 371, 34, 33, 0.0032040851656347513
0, 220, 390, 47, 37, 0.003153826342895627
0, 197, 163, 55, 45, 0.0031513283029198647
0, 120, 403, 27, 25, 0.003072987776249647
0, 147, 464, 36, 23, 0.003027631901204586
0, 107, 448, 23, 13, 0.002849203534424305
0, 299, 247, 24, 16, 0.0028446228243410587
0, 294, 257, 13, 15, 0.0028271686751395464
0, 286, 266, 41, 35, 0.002788292244076729
0, 131, 361, 22, 16, 0.002767877420410514
0, 154, 252, 24, 19, 0.002745862817391753
0, 342, 257, 36, 29, 0.002741617150604725
0, 295, 229, 25, 16, 0.002684204373508692
0, 299, 280, 41, 57, 0.002664350438863039
0, 203, 199, 7, 9, 0.00260073016397655
0, 204, 385, 33, 24, 0.002573696430772543
0, 324, 349, 10, 12, 0.0024677258916199207
0, 322, 264, 37, 18, 0.002448572311550379
0, 151, 316, 21, 14, 0.0024111312814056873
0, 150, 324, 23, 19, 0.0024041382130235434
0, 318, 276, 18, 14, 0.002362048253417015
0, 348, 270, 17, 16, 0.0023296158760786057
0, 322, 295, 18, 18, 0.0023146779276430607
0, 149, 255, 12, 9, 0.0023091917391866446
0, 278, 440, 12, 22, 0.002304162597283721
0, 143, 353, 43, 32, 0.0022997776977717876
0, 175, 425, 18, 14, 0.002296814462170005
0, 197, 315, 23, 11, 0.002291647484526038
0, 204, 386, 15, 14, 0.0022714713122695684
0, 222, 383, 23, 23, 0.00224109529517591
0, 106, 431, 20, 11, 0.0021639573387801647
0, 263, 411, 26, 20, 0.0021245949901640415
0, 101, 441, 12, 15, 0.002100096782669425
0, 192, 352, 19, 11, 0.002083483384922147
0, 202, 171, 30, 19, 0.001976068364456296
0, 211, 173, 15, 14, 0.0019095952156931162
0, 176, 307, 19, 21, 0.0018985079368576407
0, 170, 202, 29, 46, 0.0018558272859081626
0, 267, 319, 17, 11, 0.0018263697857037187
0, 276, 273, 19, 17, 0.001819170662201941
0, 214, 314, 29, 42, 0.001747680944390595
0, 307, 337, 22, 17, 0.0017085617873817682
0, 300, 161, 14, 10, 0.0016843155026435852
0, 173, 313, 28, 48, 0.0016768098575994372
0, 272, 346, 28, 23, 0.0016601542010903358
0, 173, 350, 42, 23, 0.001643140334635973
0, 312, 426, 25, 35, 0.0016116804908961058
0, 346, 295, 25, 20, 0.001601500902324915
0, 200, 156, 23, 18, 0.0015378989046439528
0, 293, 407, 24, 53, 0.00153234857134521
0, 314, 387, 58, 34, 0.001531491638161242
0, 276, 421, 31, 51, 0.0014759183395653963
0, 261, 404, 29, 21, 0.001464960048906505
0, 143, 466, 25, 16, 0.0014620026340708137
0, 323, 335, 41, 24, 0.0014317503664642572
0, 136, 359, 32, 24, 0.0014236728893592954
0, 282, 438, 20, 28, 0.0014229388907551765
0, 219, 149, 11, 11, 0.0014071916230022907
0, 248, 409, 9, 12, 0.001382406335324049
0, 125, 362, 13, 14, 0.0013500236673280597
0, 285, 409, 27, 46, 0.0013359668664634228
0, 343, 376, 24, 20, 0.0013017605524510145
0, 245, 411, 44, 29, 0.0012999832397326827
0, 296, 421, 25, 52, 0.0012714002514258027
0, 277, 260, 27, 36, 0.0012649152195081115
0, 223, 170, 34, 20, 0.001246836269274354
0, 293, 338, 52, 32, 0.0012314744526520371
0, 346, 245, 26, 14, 0.0012063868343830109
0, 304, 263, 36, 26, 0.0011980126146227121
0, 320, 321, 16, 6, 0.0011681097093969584
0, 182, 219, 13, 10, 0.0011655744165182114
0, 173, 192, 13, 17, 0.001140755251981318
0, 204, 305, 16, 12, 0.0011064480058848858
0, 130, 506, 10, 9, 0.0010764709440991282
0, 304, 109, 14, 7, 0.0010664459550753236
0, 199, 360, 21, 12, 0.0010527229169383645
0, 186, 309, 97, 85, 0.0010442680213600397
0, 191, 150, 39, 50, 0.001035044901072979
0, 318, 416, 13, 16, 0.0010344599140807986
0, 207, 133, 10, 12, 0.0010166192660108209
0, 276, 387, 25, 32, 0.0010051194112747908
0, 331, 353, 25, 20, 0.001004572375677526
0, 198, 308, 25, 15, 0.0010015128646045923
0, 290, 439, 16, 21, 0.0009895580587908626
0, 180, 343, 21, 10, 0.000980244018137455
0, 313, 312, 112, 68, 0.0009725119452923536
0, 129, 351, 10, 8, 0.0009710824233479798
0, 184, 198, 36, 33, 0.0009562893537804484
0, 335, 378, 39, 25, 0.0009549158858135343
0, 342, 339, 55, 37, 0.0009412671206519008
0, 197, 128, 16, 24, 0.000915034266654402
0, 128, 381, 34, 26, 0.0009111931431107223
0, 278, 218, 31, 16, 0.0009066944476217031
0, 104, 445, 18, 14, 0.0008814499597065151
0, 198, 125, 9, 11, 0.0008759578922763467
0, 273, 218, 17, 13, 0.000874291465152055
0, 350, 240, 28, 21, 0.0008616761770099401
0, 133, 469, 46, 21, 0.0008484577992931008
0, 345, 326, 56, 38, 0.0008470143657177687
0, 291, 225, 14, 8, 0.0008362898952327669
0, 235, 249, 34, 31, 0.0008236262365244329
0, 294, 299, 25, 22, 0.0008159827557392418
0, 269, 305, 16, 16, 0.0008109284681268036
0, 295, 234, 41, 23, 0.0008041234686970711
0, 357, 224, 28, 29, 0.0007881479687057436
0, 269, 397, 38, 42, 0.0007769338553771377
0, 168, 356, 122, 94, 0.000775785360019654
0, 301, 447, 33, 42, 0.0007231164490804076
0, 295, 456, 18, 23, 0.0007134036277420819
0, 210, 238, 22, 19, 0.0007121150847524405
0, 206, 383, 55, 42, 0.000701015698723495
0, 119, 402, 37, 45, 0.0006862551672384143
0, 238, 249, 20, 18, 0.0006861580186523497
0, 277, 245, 12, 12, 0.0006839288398623466
0, 218, 145, 10, 12, 0.0006772342603653669
0, 147, 280, 15, 11, 0.0006732145557180047
0, 174, 217, 31, 19, 0.0006723037804476917
0, 166, 214, 20, 24, 0.0006642380612902343
0, 176, 298, 20, 19, 0.0006445597391575575
0, 322, 319, 50, 23, 0.0006409076740965247
0, 317, 409, 18, 28, 0.0006334356148727238
0, 331, 380, 50, 44, 0.0006256546475924551
0, 350, 233, 18, 12, 0.000613607291597873
0, 342, 358, 27, 22, 0.0006089798407629132
0, 220, 307, 16, 27, 0.0006071615498512983
0, 168, 209, 14, 17, 0.0005959540721960366
0, 354, 234, 28, 24, 0.0005957936518825591
0, 350, 251, 24, 14, 0.0005833346513099968
0, 141, 337, 35, 38, 0.0005800198414362967
0, 221, 155, 21, 17, 0.0005757638136856258
0, 219, 299, 16, 16, 0.000568116782233119
0, 338, 356, 16, 15, 0.0005570761859416962
0, 166, 219, 14, 13, 0.0005519667756743729
0, 348, 370, 22, 26, 0.0005269723478704691
0, 183, 377, 64, 53, 0.0005229547969065607
0, 277, 382, 20, 18, 0.0005221155588515103
0, 140, 475, 36, 22, 0.0005181733286008239
0, 138, 471, 17, 11, 0.000516647647600621
0, 225, 240, 24, 19, 0.0005150483921170235
0, 159, 237, 38, 53, 0.0005052643246017396
0, 319, 379, 24, 17, 0.0005051974439993501
0, 335, 391, 18, 11, 0.0005050406907685101
0, 192, 152, 24, 21, 0.000504370778799057
0, 213, 390, 227, 145, 0.0005029624444432557
0, 175, 227, 67, 71, 0.0004964843392372131
0, 278, 303, 33, 19, 0.0004947781562805176
0, 282, 180, 10, 9, 0.0004926773253828287
0, 235, 259, 49, 51, 0.0004766187921632081
0, 103, 456, 14, 11, 0.00046632857993245125
0, 145, 478, 22, 11, 0.0004374228010419756
0, 204, 360, 12, 10, 0.00043637928320094943
0, 165, 412, 106, 34, 0.00043420519796200097
0, 317, 232, 106, 63, 0.0004293396195862442
0, 173, 427, 28, 18, 0.00042621963075362146
0, 358, 252, 15, 12, 0.000385943305445835
0, 250, 394, 23, 16, 0.00038481209776364267
0, 301, 227, 25, 13, 0.0003813240909948945
0, 117, 465, 12, 8, 0.000372683338355273
0, 138, 452, 94, 64, 0.00036854465724900365
0, 186, 176, 33, 30, 0.000367793720215559
0, 190, 201, 67, 53, 0.000355337280780077
0, 190, 205, 17, 17, 0.0003520319296512753
0, 226, 161, 33, 37, 0.0003518445591907948
0, 154, 460, 42, 38, 0.00034038067678920925
0, 316, 118, 5, 6, 0.0003318960079923272
0, 319, 407, 33, 50, 0.00032862593070603907
0, 211, 419, 64, 39, 0.00032576516969129443
0, 230, 171, 16, 11, 0.0003179719496984035
0, 313, 379, 16, 13, 0.0003177828330080956
0, 222, 275, 11, 13, 0.0003109480021521449
0, 170, 297, 30, 36, 0.0003040002775378525
0, 179, 430, 43, 41, 0.0003028668579645455
0, 268, 323, 22, 17, 0.0002999862190335989
0, 131, 474, 13, 13, 0.00028930261032655835
0, 186, 117, 10, 12, 0.00028828001813963056
0, 125, 478, 13, 10, 0.00028636769275180995
0, 213, 277, 30, 18, 0.00028518549515865743
0, 306, 383, 33, 23, 0.00028181824018247426
0, 340, 246, 39, 23, 0.0002808574354276061
0, 353, 259, 24, 21, 0.00027119804872199893
0, 288, 218, 56, 31, 0.00026855681790038943
0, 235, 242, 18, 17, 0.0002683495113160461
0, 280, 241, 18, 19, 0.00026834645541384816
0, 274, 266, 21, 21, 0.0002669534005690366
0, 182, 297, 12, 11, 0.00026556759257800877
