0, 1269, 861, 162, 123, 0.3274943232536316
0, 957, 834, 54, 25, 0.23843860626220703
0, 1230, 1316, 102, 52, 0.2264651507139206
0, 189, 618, 59, 33, 0.16518929600715637
0, 1400, 1321, 99, 62, 0.13597185909748077
0, 572, 1045, 53, 32, 0.0857878178358078
0, 1017, 495, 37, 29, 0.07910613715648651
0, 1426, 1329, 46, 46, 0.0702299103140831
0, 1335, 1333, 243, 113, 0.0660616010427475
0, 1381, 1303, 39, 24, 0.059859924018383026
0, 1226, 903, 41, 28, 0.04570441320538521
0, 1330, 901, 26, 26, 0.043840181082487106
0, 1380, 1367, 32, 29, 0.034507278352975845
0, 1301, 866, 90, 81, 0.03386647254228592
0, 1454, 845, 28, 33, 0.031521011143922806
0, 678, 367, 44, 22, 0.03136816248297691
0, 1467, 846, 55, 50, 0.030433272942900658
0, 1353, 1314, 30, 30, 0.030058134347200394
0, 987, 532, 43, 29, 0.030032651498913765
0, 1508, 1320, 25, 21, 0.02931790240108967
0, 1367, 1360, 58, 42, 0.026569077745079994
0, 633, 1042, 29, 27, 0.025834014639258385
0, 687, 1030, 35, 26, 0.02560865506529808
0, 1325, 873, 40, 46, 0.024079369381070137
0, 1356, 1353, 51, 29, 0.023954853415489197
0, 1312, 853, 52, 50, 0.023205747827887535
0, 450, 725, 33, 48, 0.021550776436924934
0, 1271, 845, 43, 40, 0.02083701826632023
0, 1272, 898, 31, 31, 0.020819474011659622
0, 1460, 834, 41, 50, 0.019668983295559883
0, 1287, 852, 46, 48, 0.0194327961653471
0, 1235, 870, 45, 39, 0.018444282934069633
0, 436, 1077, 25, 24, 0.018034685403108597
0, 994, 523, 72, 50, 0.0179444570094347
0, 1247, 849, 77, 55, 0.016988366842269897
0, 1127, 632, 28, 29, 0.0167204849421978
0, 1226, 848, 28, 25, 0.01668877899646759
0, 1005, 505, 33, 29, 0.016324738040566444
0, 821, 448, 22, 23, 0.016117703169584274
0, 1361, 1313, 49, 39, 0.014404529705643654
0, 1219, 1287, 37, 29, 0.014348226599395275
0, 1276, 849, 125, 65, 0.014077551662921906
0, 1372, 1326, 159, 85, 0.013617209158837795
0, 65, 605, 23, 18, 0.013228198513388634
0, 1060, 1151, 38, 18, 0.012728310190141201
0, 1102, 607, 15, 17, 0.012703466229140759
0, 1051, 1629, 22, 18, 0.012664495967328548
0, 1338, 1354, 62, 35, 0.012653172947466373
0, 122, 582, 26, 21, 0.012159139849245548
0, 1221, 896, 56, 46, 0.012057515792548656
0, 1616, 817, 22, 20, 0.01177545078098774
0, 245, 639, 21, 14, 0.01112296711653471
0, 998, 504, 76, 72, 0.011040539480745792
0, 457, 1045, 31, 18, 0.010696840472519398
0, 1242, 817, 77, 38, 0.010438060387969017
0, 781, 415, 28, 23, 0.010357349179685116
0, 1229, 882, 52, 55, 0.009986398741602898
0, 984, 474, 28, 22, 0.009534168057143688
0, 1004, 488, 55, 37, 0.009346304461359978
0, 837, 1017, 18, 18, 0.00889542791992426
0, 1312, 1319, 33, 34, 0.008635931648314
0, 635, 1060, 31, 38, 0.008563009090721607
0, 1219, 815, 34, 24, 0.008143574930727482
0, 1228, 811, 55, 27, 0.007680510636419058
0, 446, 1072, 36, 29, 0.0068269092589616776
0, 1350, 1348, 91, 58, 0.006818989757448435
0, 646, 1044, 56, 42, 0.0068017467856407166
0, 1097, 1154, 27, 17, 0.0067911953665316105
0, 1011, 474, 41, 27, 0.0060808006674051285
0, 1164, 880, 34, 21, 0.0057395645417273045
0, 875, 382, 21, 21, 0.005071907304227352
0, 454, 1050, 38, 16, 0.004822025075554848
0, 1269, 1318, 76, 50, 0.004784851800650358
0, 1195, 848, 35, 20, 0.0044599734246730804
0, 1062, 1142, 41, 27, 0.00440917769446969
0, 1118, 868, 27, 18, 0.004397087264806032
0, 1645, 830, 25, 29, 0.00437188008800149
0, 1206, 816, 56, 29, 0.004143958445638418
0, 1410, 1340, 82, 76, 0.0038313292898237705
0, 268, 663, 20, 18, 0.0038184858858585358
0, 1170, 886, 30, 24, 0.003673507133498788
0, 1023, 471, 32, 21, 0.003609349951148033
0, 648, 1061, 57, 44, 0.0035759538877755404
0, 1275, 1283, 26, 22, 0.003527093445882201
0, 115, 633, 42, 26, 0.003316716756671667
0, 667, 1040, 83, 47, 0.0033129940275102854
0, 895, 1641, 30, 23, 0.0031433769036084414
0, 1288, 1335, 141, 78, 0.0031257772352546453
0, 647, 1075, 42, 25, 0.003122596303001046
0, 455, 1057, 37, 24, 0.002962235826998949
0, 1120, 1152, 23, 18, 0.002842657035216689
0, 1610, 852, 32, 36, 0.0027368601877242327
0, 906, 1637, 25, 19, 0.002410205779597163
0, 446, 1011, 22, 20, 0.002349829999729991
0, 657, 1072, 69, 32, 0.0021797202061861753
0, 127, 628, 42, 20, 0.0021061331499367952
0, 870, 777, 12, 17, 0.002059799851849675
0, 1108, 1179, 32, 22, 0.002047058194875717
0, 1283, 905, 44, 45, 0.0020453198812901974
0, 519, 1057, 25, 23, 0.0020298692397773266
0, 1713, 1339, 24, 19, 0.001970571931451559
0, 1116, 1140, 54, 36, 0.001950767356902361
0, 821, 755, 17, 14, 0.001938990200869739
0, 772, 408, 24, 28, 0.0019024197245016694
0, 1183, 1291, 18, 22, 0.0018814863869920373
0, 1043, 487, 49, 32, 0.001878027687780559
0, 131, 613, 31, 15, 0.0018500296864658594
0, 636, 245, 19, 14, 0.001834090449847281
0, 1090, 1144, 84, 28, 0.001779670943506062
0, 1194, 1319, 43, 45, 0.0016796906711533666
0, 816, 417, 21, 18, 0.0016723718727007508
0, 1438, 863, 13, 24, 0.0016446295194327831
0, 1115, 861, 27, 19, 0.0015668501146137714
0, 1083, 1135, 66, 29, 0.0015447792829945683
0, 150, 620, 101, 31, 0.0015154919819906354
0, 1254, 897, 74, 57, 0.001502233906649053
0, 1047, 568, 23, 22, 0.0014477298827841878
0, 1715, 1327, 23, 29, 0.0014451417373493314
0, 708, 993, 26, 20, 0.0014227817300707102
0, 798, 983, 18, 18, 0.0013571163872256875
0, 1118, 1181, 22, 21, 0.0013218384701758623
0, 675, 269, 24, 28, 0.001281657605431974
0, 1561, 1399, 19, 18, 0.00127947679720819
0, 1607, 861, 31, 25, 0.0012257384369149804
0, 1109, 796, 14, 16, 0.0011999249691143632
0, 453, 1006, 28, 18, 0.0011432840256020427
0, 1049, 472, 24, 19, 0.0011403054231777787
0, 410, 651, 21, 18, 0.001116063678637147
0, 1011, 1603, 15, 29, 0.0010765447514131665
0, 1257, 830, 126, 68, 0.0010718798730522394
0, 1105, 1606, 28, 24, 0.001063518924638629
0, 795, 435, 39, 33, 0.0010440676705911756
0, 979, 994, 30, 30, 0.0010318751446902752
0, 843, 359, 17, 22, 0.001020508585497737
0, 171, 654, 26, 19, 0.0010182230034843087
0, 529, 1052, 34, 37, 0.0009742800612002611
0, 878, 385, 29, 31, 0.0009521431638859212
0, 396, 1043, 17, 18, 0.0009136037551797926
0, 1331, 909, 26, 23, 0.000905209279153496
0, 1431, 1314, 67, 37, 0.0008993706433102489
0, 1141, 1131, 26, 19, 0.0008363759843632579
0, 1143, 1151, 34, 29, 0.0007837221492081881
0, 1303, 1360, 102, 35, 0.000768573023378849
0, 698, 1026, 65, 43, 0.0007585143321193755
0, 1118, 795, 25, 18, 0.0007291710935533047
0, 1312, 1298, 99, 66, 0.0007086698315106332
0, 791, 323, 19, 14, 0.0007057996117509902
0, 1492, 1317, 48, 22, 0.0007048349943943322
0, 1385, 1384, 25, 23, 0.0006953215342946351
0, 411, 1033, 21, 24, 0.0006749159656465054
0, 1440, 1307, 48, 34, 0.0006688390858471394
0, 1106, 1588, 27, 18, 0.0006030132644809783
0, 605, 995, 18, 22, 0.000594688521232456
0, 880, 766, 30, 24, 0.000592757947742939
0, 156, 593, 27, 24, 0.0005914481589570642
0, 660, 773, 18, 20, 0.000587132410146296
0, 605, 770, 22, 20, 0.0005839128862135112
0, 179, 608, 46, 46, 0.0005801874212920666
0, 819, 442, 42, 34, 0.0005785602843388915
0, 1208, 831, 72, 53, 0.000574424397200346
0, 838, 1626, 20, 20, 0.0005381720256991684
0, 828, 450, 34, 30, 0.0005279834731481969
0, 907, 756, 18, 17, 0.0005154656246304512
0, 587, 1012, 35, 38, 0.0005143144517205656
0, 506, 1019, 14, 13, 0.0004896036116406322
0, 536, 1053, 121, 48, 0.00048614811385050416
0, 921, 1423, 22, 27, 0.00047819357132539153
0, 869, 1669, 137, 6, 0.00047584070125594735
0, 1039, 1133, 18, 22, 0.00047307941713370383
0, 1062, 491, 25, 37, 0.0004717179399449378
0, 539, 749, 21, 19, 0.00046719267265871167
0, 86, 638, 21, 19, 0.0004668227047659457
0, 1030, 1605, 14, 29, 0.00045710979611612856
0, 869, 748, 13, 16, 0.0004542137321550399
0, 552, 1045, 53, 41, 0.0004447386600077152
0, 674, 371, 64, 37, 0.00043280902900733054
0, 873, 465, 19, 19, 0.0004308787756599486
0, 1321, 891, 49, 62, 0.00041410961421206594
0, 623, 986, 26, 23, 0.0004135537310503423
0, 1392, 1296, 101, 48, 0.0004105233820155263
0, 1123, 1258, 29, 18, 0.00040613868623040617
0, 442, 1070, 68, 40, 0.00038975506322458386
0, 1180, 865, 76, 47, 0.00038757125730626285
0, 1115, 1607, 39, 27, 0.00037696765502914786
0, 1108, 856, 30, 21, 0.00036813979386352
0, 1246, 1179, 22, 22, 0.0003452025121077895
0, 1383, 1279, 22, 15, 0.000335923075908795
0, 1124, 623, 29, 29, 0.0003352912899572402
0, 175, 640, 105, 86, 0.00033375760540366173
0, 1257, 1195, 42, 27, 0.00033248664112761617
0, 1153, 1266, 33, 23, 0.00032041798112913966
0, 1366, 920, 12, 15, 0.00031676501384936273
0, 1090, 604, 36, 21, 0.00031286865123547614
0, 563, 1083, 32, 18, 0.00031229472369886935
0, 1371, 1283, 39, 26, 0.0003117336891591549
0, 1167, 1155, 28, 19, 0.0003061248571611941
0, 896, 798, 20, 36, 0.00030107671045698225
0, 1042, 1625, 25, 22, 0.0002996786206495017
0, 579, 1029, 51, 41, 0.00029688916401937604
0, 1083, 1607, 21, 17, 0.00027056969702243805
0, 652, 1020, 109, 55, 0.0002688360691536218
0, 410, 1021, 25, 23, 0.0002681055339053273
0, 599, 1006, 20, 24, 0.00026347636594437063
0, 1583, 840, 15, 21, 0.0002590680669527501
0, 732, 354, 19, 18, 0.0002517701650504023
0, 182, 603, 79, 66, 0.00024829801986925304
0, 1636, 821, 31, 25, 0.0002482776762917638
0, 1201, 1334, 221, 132, 0.00023839506320655346
0, 796, 425, 62, 54, 0.00023559204419143498
0, 897, 780, 30, 37, 0.00023496952780988067
0, 1345, 1275, 28, 18, 0.00023021701781544834
0, 1516, 1323, 32, 23, 0.00022406895004678518
0, 1191, 1331, 39, 37, 0.00022182337124831975
0, 1094, 1172, 96, 56, 0.00021599656611215323
0, 781, 411, 39, 37, 0.00021331565221771598
0, 936, 997, 38, 26, 0.00021230659331195056
0, 1058, 1115, 29, 20, 0.00021126322099007666
0, 859, 1447, 20, 18, 0.00020778023463208228
0, 1072, 489, 19, 25, 0.0002065266016870737
0, 1261, 1359, 74, 36, 0.00019775758846662939
0, 570, 793, 40, 25, 0.0001950529112946242
0, 1023, 496, 85, 59, 0.00019044129294343293
0, 1015, 466, 68, 84, 0.0001866127277025953
0, 1173, 1283, 21, 27, 0.00018536265997681767
0, 517, 1047, 28, 43, 0.00018305788398720324
0, 466, 1078, 52, 35, 0.00017496106738690287
0, 768, 777, 18, 21, 0.00017355142335873097
0, 986, 1002, 26, 33, 0.0001732072269078344
0, 1140, 1262, 63, 27, 0.00017242977628484368
0, 865, 1640, 29, 26, 0.00017195905093103647
0, 820, 368, 34, 27, 0.00017152198415715247
0, 911, 415, 15, 19, 0.00017052024486474693
0, 1740, 1321, 41, 38, 0.00017040093371178955
0, 739, 354, 19, 18, 0.00016740434512030333
0, 968, 767, 32, 34, 0.00016590773884672672
0, 1235, 1221, 31, 21, 0.0001598294620634988
0, 1235, 1329, 121, 101, 0.0001536337222205475
0, 249, 652, 38, 29, 0.00015258869098033756
0, 469, 1068, 41, 37, 0.00015179936599452049
0, 254, 641, 48, 26, 0.00014844120596535504
0, 1671, 768, 454, 844, 0.00013887416571378708
0, 1706, 1326, 27, 34, 0.00013780158769804984
0, 1462, 1335, 84, 40, 0.00013586833665613085
0, 915, 499, 16, 22, 0.00013487014803104103
0, 1136, 624, 42, 31, 0.00013246634625829756
0, 823, 973, 24, 26, 0.00012808413885068148
0, 901, 1649, 31, 20, 0.00012744221021421254
0, 905, 771, 22, 33, 0.00012231820437591523
0, 1133, 1166, 62, 41, 0.00012025383330183104
0, 207, 624, 98, 51, 0.00011824472312582657
0, 1711, 1362, 29, 25, 0.00011702251504175365
0, 1074, 1166, 68, 46, 0.00011480566172394902
0, 1023, 528, 128, 96, 0.00011472379992483184
0, 1720, 1301, 26, 12, 0.00011452760372776538
0, 1114, 861, 47, 33, 0.00011421840463299304
0, 1598, 849, 33, 41, 0.00011350237036822364
0, 1102, 600, 18, 30, 0.00011134783562738448
0, 1690, 405, 416, 810, 0.00010996093624271452
0, 1017, 451, 44, 30, 0.00010958610073430464
0, 825, 978, 39, 33, 0.0001063721501850523
0, 1183, 1181, 25, 24, 0.00010576104250503704
0, 1062, 1629, 44, 22, 0.00010191223555011675
0, 399, 1099, 171, 110, 0.00010186492727370933
0, 1705, 1351, 42, 51, 0.00010173746704822406
0, 1283, 1196, 25, 20, 0.0001016706446534954
0, 794, 396, 83, 61, 0.0001004623991320841
0, 789, 373, 23, 21, 0.00010033727448899299
0, 1887, 688, 21, 37, 9.918119030771777e-05
0, 833, 984, 23, 18, 9.860030695563182e-05
0, 806, 451, 62, 51, 9.740979294292629e-05
0, 1003, 445, 48, 31, 9.604433580534533e-05
0, 993, 1667, 120, 11, 9.591628622729331e-05
0, 233, 648, 83, 37, 9.364350989926606e-05
0, 667, 1056, 98, 69, 9.074284025700763e-05
0, 414, 1053, 96, 48, 8.901070395950228e-05
0, 675, 357, 67, 52, 8.505790901836008e-05
0, 1110, 1593, 45, 31, 8.473416528431699e-05
0, 1051, 1617, 29, 29, 8.002242975635454e-05
0, 1073, 1122, 57, 34, 8.000496018212289e-05
0, 546, 755, 29, 21, 7.740342698525637e-05
0, 988, 484, 134, 132, 7.738704152870923e-05
0, 907, 397, 28, 28, 7.692132203374058e-05
0, 53, 628, 68, 57, 7.675909000681713e-05
0, 985, 441, 24, 23, 7.585606363136321e-05
0, 1120, 1143, 114, 32, 7.41557523724623e-05
0, 1586, 836, 22, 28, 7.08102379576303e-05
0, 1600, 894, 20, 29, 7.028194522717968e-05
0, 396, 1052, 23, 33, 6.855094397906214e-05
0, 1739, 1304, 39, 25, 6.733420741511509e-05
0, 888, 396, 64, 60, 6.608736293856055e-05
0, 1506, 1315, 33, 35, 6.530134123750031e-05
0, 1651, 1088, 494, 827, 6.266668060561642e-05
0, 571, 1075, 49, 29, 6.093733463785611e-05
0, 855, 761, 78, 30, 5.948426769464277e-05
0, 972, 996, 52, 44, 5.8951300161425024e-05
0, 719, 874, 29, 30, 5.760801650467329e-05
0, 956, 840, 62, 49, 5.700356268789619e-05
0, 1053, 547, 32, 27, 5.68317154829856e-05
0, 667, 333, 25, 20, 5.547559339902364e-05
0, 499, 1008, 40, 24, 5.540976781048812e-05
