0, 1005, 600, 91, 53, 0.5496041774749756
0, 1257, 651, 102, 77, 0.4118651747703552
0, 1245, 666, 74, 37, 0.20939819514751434
0, 502, 235, 47, 30, 0.2024093121290207
0, 1236, 581, 52, 34, 0.17146605253219604
0, 910, 463, 59, 51, 0.13100115954875946
0, 1537, 627, 38, 23, 0.11865974217653275
0, 1271, 630, 72, 42, 0.09897494316101074
0, 343, 282, 25, 24, 0.09605185687541962
0, 1104, 590, 22, 28, 0.09388664364814758
0, 1200, 342, 41, 30, 0.09329076111316681
0, 379, 240, 47, 33, 0.09144000709056854
0, 1436, 624, 33, 25, 0.08927460759878159
0, 1507, 594, 26, 31, 0.07607008516788483
0, 291, 279, 22, 22, 0.07186099886894226
0, 1431, 615, 44, 33, 0.055454954504966736
0, 1210, 575, 104, 53, 0.05420392379164696
0, 1559, 601, 22, 20, 0.051815133541822433
0, 589, 507, 21, 21, 0.047809191048145294
0, 1477, 599, 27, 33, 0.04733940213918686
0, 430, 236, 23, 30, 0.04731333255767822
0, 907, 745, 48, 28, 0.04571974650025368
0, 821, 205, 124, 94, 0.04556838423013687
0, 1353, 641, 36, 27, 0.044267814606428146
0, 230, 366, 18, 19, 0.04215629771351814
0, 1180, 562, 40, 24, 0.042021311819553375
0, 127, 353, 20, 25, 0.03699871152639389
0, 1126, 367, 29, 24, 0.03678179532289505
0, 1221, 636, 39, 24, 0.03634665906429291
0, 1636, 602, 20, 23, 0.034572772681713104
0, 1190, 566, 72, 24, 0.03220507502555847
0, 323, 259, 18, 21, 0.02960125356912613
0, 744, 477, 29, 22, 0.02898409031331539
0, 182, 327, 35, 28, 0.028776023536920547
0, 779, 226, 33, 45, 0.027574634179472923
0, 1629, 640, 31, 24, 0.02546854317188263
0, 793, 529, 34, 24, 0.02451658621430397
0, 733, 532, 52, 32, 0.024498209357261658
0, 1250, 335, 27, 26, 0.02414933778345585
0, 1228, 309, 28, 22, 0.022755546495318413
0, 601, 506, 44, 26, 0.02100379206240177
0, 1190, 307, 24, 22, 0.019092055037617683
0, 1012, 613, 101, 35, 0.017741093412041664
0, 1148, 694, 26, 20, 0.017554739490151405
0, 1158, 664, 14, 18, 0.016773564741015434
0, 1145, 376, 66, 43, 0.016621945425868034
0, 557, 548, 33, 31, 0.016319867223501205
0, 1552, 624, 34, 24, 0.015516811981797218
0, 331, 251, 23, 20, 0.015193485654890537
0, 1185, 337, 55, 26, 0.015119319781661034
0, 931, 565, 25, 16, 0.014807935804128647
0, 844, 195, 81, 71, 0.014426718465983868
0, 623, 212, 20, 28, 0.014188744127750397
0, 1120, 402, 35, 19, 0.013939538039267063
0, 1078, 358, 31, 18, 0.013140481896698475
0, 1175, 653, 19, 25, 0.013042434118688107
0, 244, 294, 32, 21, 0.01254650391638279
0, 1499, 597, 52, 29, 0.012498424388468266
0, 340, 246, 19, 18, 0.012331278994679451
0, 772, 182, 23, 25, 0.012091622687876225
0, 542, 192, 15, 15, 0.011387763544917107
0, 739, 146, 33, 20, 0.0106523297727108
0, 830, 505, 32, 21, 0.010634629987180233
0, 185, 379, 29, 18, 0.010448778048157692
0, 1155, 692, 27, 17, 0.010129068046808243
0, 1163, 331, 23, 17, 0.009873103350400925
0, 429, 238, 41, 46, 0.009669614024460316
0, 988, 426, 26, 21, 0.009576109237968922
0, 190, 317, 33, 33, 0.009369065053761005
0, 1549, 629, 59, 32, 0.009105256758630276
0, 737, 242, 30, 26, 0.008810234256088734
0, 1174, 522, 17, 14, 0.007721630856394768
0, 1534, 654, 40, 18, 0.007485301233828068
0, 240, 304, 30, 34, 0.007327351253479719
0, 654, 513, 27, 19, 0.006599533371627331
0, 566, 223, 40, 30, 0.006422625854611397
0, 1406, 639, 23, 22, 0.0064086164347827435
0, 1096, 586, 41, 36, 0.005925993900746107
0, 912, 503, 36, 26, 0.005853345151990652
0, 1369, 612, 16, 17, 0.005774796009063721
0, 1093, 546, 27, 20, 0.005658108275383711
0, 1068, 709, 24, 16, 0.005368335172533989
0, 875, 497, 26, 30, 0.0050323898904025555
0, 1506, 631, 51, 30, 0.005027113948017359
0, 1140, 565, 31, 23, 0.005010783672332764
0, 1149, 584, 111, 57, 0.0049793533980846405
0, 340, 277, 45, 49, 0.004819112829864025
0, 773, 197, 34, 55, 0.004726491402834654
0, 1178, 587, 90, 37, 0.004604538436979055
0, 1040, 605, 170, 55, 0.004512992221862078
0, 906, 491, 68, 52, 0.004487311001867056
0, 715, 525, 61, 34, 0.004352334421128035
0, 647, 518, 38, 22, 0.004308082163333893
0, 1027, 594, 122, 35, 0.0042442805133759975
0, 1060, 412, 29, 15, 0.004197234287858009
0, 636, 524, 27, 17, 0.004173431545495987
0, 714, 517, 37, 27, 0.003986281808465719
0, 706, 178, 23, 25, 0.003947815392166376
0, 1062, 624, 67, 22, 0.003941481001675129
0, 1172, 344, 46, 30, 0.003848599037155509
0, 1073, 577, 21, 18, 0.003710554912686348
0, 995, 424, 44, 29, 0.003676213324069977
0, 1492, 638, 37, 21, 0.003656556364148855
0, 331, 257, 33, 40, 0.003396793035790324
0, 1250, 533, 31, 19, 0.0032538690138608217
0, 1502, 622, 90, 74, 0.003161637345328927
0, 762, 225, 79, 66, 0.0028691510669887066
0, 1528, 639, 50, 34, 0.002746906131505966
0, 1074, 364, 45, 25, 0.002681284211575985
0, 294, 276, 30, 33, 0.0025183570105582476
0, 380, 233, 57, 55, 0.0024699994828552008
0, 1073, 545, 46, 21, 0.002380703343078494
0, 276, 288, 72, 33, 0.0023606005124747753
0, 244, 296, 40, 35, 0.0022190643940120935
0, 1165, 357, 124, 61, 0.002206970937550068
0, 1501, 605, 39, 37, 0.0021557575091719627
0, 1019, 730, 17, 17, 0.0020632471423596144
0, 1077, 709, 43, 24, 0.001993250334635377
0, 233, 326, 18, 16, 0.0019304464804008603
0, 1223, 649, 58, 56, 0.0018766839057207108
0, 1126, 618, 28, 18, 0.0018527427455410361
0, 94, 421, 18, 26, 0.0018475648248568177
0, 1012, 411, 32, 19, 0.0018346651922911406
0, 1559, 620, 30, 19, 0.0017971352208405733
0, 1585, 642, 27, 27, 0.0017544289585202932
0, 1163, 386, 31, 24, 0.0017386655090376735
0, 1042, 443, 22, 15, 0.0017130279447883368
0, 1493, 653, 43, 21, 0.0017066954169422388
0, 831, 183, 46, 47, 0.0017051565228030086
0, 1085, 623, 54, 20, 0.0016958573833107948
0, 1078, 694, 39, 23, 0.001640165806747973
0, 147, 399, 20, 16, 0.001610997598618269
0, 330, 267, 47, 52, 0.0015388809842988849
0, 295, 263, 55, 42, 0.0015377078671008348
0, 985, 169, 32, 26, 0.0014978195540606976
0, 1052, 376, 27, 19, 0.0014908703742548823
0, 211, 371, 50, 21, 0.0014455533819273114
0, 649, 190, 20, 20, 0.0014037021901458502
0, 1089, 580, 39, 27, 0.0013717375695705414
0, 242, 335, 43, 26, 0.001368788885883987
0, 192, 378, 29, 26, 0.0013190913014113903
0, 159, 343, 72, 30, 0.0012568100355565548
0, 1632, 607, 34, 35, 0.0012187538668513298
0, 646, 184, 19, 23, 0.001209700363688171
0, 1111, 621, 45, 19, 0.0012005806202068925
0, 232, 360, 19, 22, 0.0011628158390522003
0, 1070, 686, 23, 17, 0.001144547015428543
0, 433, 245, 23, 62, 0.0011388318380340934
0, 1039, 580, 163, 76, 0.0010080841602757573
0, 184, 322, 51, 47, 0.0010050088167190552
0, 821, 519, 63, 42, 0.0009817011887207627
0, 1129, 547, 21, 13, 0.0009714603656902909
0, 1163, 377, 40, 35, 0.0008904663263820112
0, 249, 330, 20, 14, 0.0008803998352959752
0, 583, 537, 17, 22, 0.0008613708196207881
0, 315, 308, 18, 13, 0.0008273972780443728
0, 248, 368, 44, 22, 0.0008243505144491792
0, 548, 213, 27, 25, 0.0007999433437362313
0, 1170, 605, 159, 54, 0.0007198844687081873
0, 1534, 279, 450, 559, 0.0007129268487915397
0, 1428, 630, 46, 45, 0.0007062911754474044
0, 1492, 586, 73, 64, 0.0007045932579785585
0, 1098, 400, 73, 23, 0.0007023618090897799
0, 284, 340, 27, 19, 0.0006773762288503349
0, 1052, 411, 51, 24, 0.0006517447181977332
0, 406, 233, 71, 48, 0.0006491349777206779
0, 1225, 630, 54, 35, 0.0006450059008784592
0, 123, 364, 22, 28, 0.0006243610987439752
0, 1089, 704, 57, 38, 0.0006223764503374696
0, 821, 506, 53, 27, 0.000603727821726352
0, 936, 187, 48, 25, 0.0006004651659168303
0, 1285, 373, 17, 19, 0.0006004491006024182
0, 1198, 324, 80, 62, 0.0005702179041691124
0, 821, 499, 224, 85, 0.0005674403510056436
0, 1248, 555, 32, 19, 0.0005476301303133368
0, 269, 277, 68, 36, 0.0005465144640766084
0, 1639, 624, 37, 68, 0.0005269422545097768
0, 1051, 393, 35, 22, 0.0005217387224547565
0, 567, 546, 52, 40, 0.0005096988752484322
0, 1530, 606, 55, 42, 0.00048616062849760056
0, 1247, 681, 88, 60, 0.0004754219844471663
0, 709, 185, 22, 33, 0.0004702144651673734
0, 1096, 378, 116, 52, 0.0004678074037656188
0, 1143, 578, 219, 70, 0.0004516777698881924
0, 367, 244, 61, 49, 0.0004492651205509901
0, 1087, 685, 45, 21, 0.00044606992742046714
0, 1189, 520, 61, 17, 0.0004026761744171381
0, 116, 303, 229, 142, 0.0003998030733782798
0, 205, 351, 24, 11, 0.0003940912429243326
0, 1515, 652, 84, 23, 0.00039206870133057237
0, 1176, 655, 42, 27, 0.00039062119321897626
0, 375, 272, 77, 77, 0.0003898284339811653
0, 959, 157, 14, 15, 0.00038506678538396955
0, 250, 291, 56, 66, 0.00038088232395239174
0, 1059, 544, 36, 20, 0.00037781617720611393
0, 840, 476, 17, 18, 0.00034876514109782875
0, 1178, 321, 57, 48, 0.00034620656515471637
0, 292, 344, 19, 20, 0.00033699197228997946
0, 1101, 715, 34, 24, 0.0003326242440380156
0, 946, 183, 30, 19, 0.0003143879002891481
0, 792, 533, 89, 42, 0.00030882906867191195
0, 1062, 402, 49, 23, 0.00030190713005140424
0, 1207, 701, 23, 17, 0.00030039745615795255
0, 341, 248, 133, 88, 0.0002950139460153878
0, 1042, 388, 105, 42, 0.00028993547311984
0, 750, 480, 53, 26, 0.00028606370324268937
0, 1062, 410, 131, 57, 0.0002830728190019727
0, 1095, 621, 250, 97, 0.0002712143468670547
0, 277, 346, 41, 22, 0.0002642184554133564
0, 1361, 630, 35, 53, 0.00025850083329714835
0, 813, 177, 28, 34, 0.00025074218865484
0, 1310, 330, 26, 18, 0.0002482554118614644
0, 172, 377, 40, 19, 0.00024386656878050417
0, 183, 386, 27, 20, 0.00024252980074379593
0, 1010, 431, 68, 34, 0.0002420553209958598
0, 731, 488, 53, 33, 0.00024025635502766818
0, 276, 508, 19, 20, 0.0002384123217780143
0, 205, 313, 90, 73, 0.00023761217016726732
0, 739, 174, 34, 23, 0.00023093986965250224
0, 1207, 777, 19, 20, 0.0002291494165547192
0, 379, 229, 125, 78, 0.00022273829381447285
0, 895, 469, 96, 69, 0.00022226053988561034
0, 642, 482, 62, 54, 0.0002218491572421044
0, 547, 224, 23, 23, 0.00021495248074643314
0, 854, 209, 213, 113, 0.00021253646991681308
0, 765, 526, 115, 46, 0.00021251660655252635
0, 661, 477, 25, 21, 0.0002077901444863528
0, 1167, 650, 47, 55, 0.00020739942556247115
0, 443, 266, 17, 20, 0.0001997918006964028
0, 542, 225, 94, 38, 0.0001986825664062053
0, 266, 272, 33, 34, 0.00019670223991852254
0, 1452, 618, 50, 52, 0.00019124358368571848
0, 607, 495, 37, 28, 0.00019080280617345124
0, 579, 525, 88, 63, 0.00018785131396725774
0, 400, 249, 81, 55, 0.00018761414685286582
0, 1252, 693, 55, 28, 0.000183261523488909
0, 1060, 435, 33, 20, 0.0001827960804803297
0, 183, 347, 47, 22, 0.000178094269358553
0, 136, 369, 35, 21, 0.0001768391957739368
0, 1199, 356, 45, 48, 0.00017467154248151928
0, 1103, 684, 23, 18, 0.00017408409621566534
0, 686, 521, 117, 39, 0.000172085827216506
0, 584, 544, 83, 50, 0.00016941575449891388
0, 298, 249, 31, 32, 0.00016356386186089367
0, 804, 518, 61, 53, 0.00016341794980689883
0, 1555, 648, 79, 31, 0.00016048872203100473
0, 1580, 626, 40, 27, 0.00015984057972673327
0, 491, 182, 17, 16, 0.00015806546434760094
0, 1604, 636, 46, 34, 0.00015523735783062875
0, 903, 237, 29, 19, 0.0001546999264974147
0, 1219, 620, 75, 49, 0.00015439502021763474
0, 1344, 651, 45, 29, 0.00015380638069473207
0, 779, 215, 126, 85, 0.00015330447058659047
0, 128, 349, 31, 44, 0.00015233572048600763
0, 359, 486, 20, 14, 0.0001412655255990103
0, 1132, 329, 19, 12, 0.0001392605627188459
0, 1116, 693, 83, 31, 0.0001392309641232714
0, 888, 189, 145, 55, 0.00013434697757475078
0, 247, 296, 100, 122, 0.00013248276081867516
0, 105, 423, 39, 32, 0.00013228457828518003
0, 424, 268, 113, 108, 0.00012487774074543267
0, 892, 224, 60, 47, 0.00012467084161471575
0, 614, 532, 114, 49, 0.00012049443466821685
0, 1090, 410, 96, 36, 0.00011801470100181177
0, 1611, 609, 76, 42, 0.00011716375593096018
0, 1297, 627, 85, 43, 0.00011576579709071666
0, 1567, 588, 74, 69, 0.00011317630560370162
0, 386, 480, 10, 15, 0.00011067363084293902
0, 1025, 708, 17, 17, 0.0001066322365659289
0, 1256, 578, 66, 36, 0.00010514263703953475
0, 979, 465, 62, 52, 0.0001027815233101137
0, 620, 492, 40, 23, 0.00010195685172220692
0, 158, 388, 43, 25, 0.00010103528620675206
0, 1579, 604, 47, 36, 9.919670992530882e-05
0, 147, 253, 294, 322, 9.828133624978364e-05
0, 1587, 652, 22, 17, 9.52184054767713e-05
0, 611, 208, 28, 35, 9.478565334575251e-05
0, 121, 389, 32, 30, 9.426564065506682e-05
0, 1022, 404, 31, 22, 9.32859256863594e-05
0, 1377, 637, 132, 45, 9.069716179510579e-05
0, 105, 393, 78, 60, 8.945325680542737e-05
0, 1076, 355, 72, 40, 8.72205855557695e-05
0, 636, 201, 46, 50, 8.587715274188668e-05
0, 689, 484, 70, 48, 8.335586608154699e-05
0, 542, 182, 53, 50, 8.138379052979872e-05
0, 1287, 328, 31, 18, 8.13669539638795e-05
0, 1136, 390, 82, 64, 8.124831947498024e-05
0, 518, 233, 79, 39, 8.098223042907193e-05
0, 1311, 351, 32, 24, 7.976210326887667e-05
0, 141, 371, 94, 52, 7.967574492795393e-05
0, 768, 153, 35, 17, 7.740424189250916e-05
0, 1387, 624, 87, 51, 7.739265129202977e-05
0, 1221, 528, 57, 22, 7.655309309484437e-05
0, 120, 362, 52, 42, 7.393523992504925e-05
0, 607, 493, 76, 64, 7.321859447984025e-05
0, 708, 499, 101, 58, 7.308305794140324e-05
0, 1222, 362, 115, 86, 7.229114271467552e-05
0, 240, 343, 55, 32, 6.945120549062267e-05
0, 709, 183, 41, 46, 6.874884275021031e-05
0, 953, 437, 27, 42, 6.868239870527759e-05
