0, 768, 1113, 86, 116, 0.6394350528717041
0, 637, 947, 111, 195, 0.5285849571228027
0, 550, 792, 95, 118, 0.43600231409072876
0, 456, 1102, 60, 78, 0.22710302472114563
0, 842, 536, 269, 532, 0.12291751056909561
0, 745, 815, 75, 79, 0.09649277478456497
0, 883, 371, 58, 60, 0.09566548466682434
0, 846, 455, 57, 62, 0.07891213893890381
0, 484, 938, 32, 29, 0.05820166692137718
0, 872, 319, 101, 84, 0.04268253967165947
0, 775, 581, 90, 133, 0.03947363421320915
0, 470, 989, 31, 31, 0.03676801174879074
0, 319, 744, 65, 44, 0.03568261116743088
0, 600, 450, 64, 55, 0.034175846725702286
0, 811, 474, 174, 346, 0.03217419236898422
0, 859, 360, 101, 76, 0.03194645419716835
0, 888, 309, 61, 56, 0.026248181238770485
0, 840, 352, 52, 60, 0.018169354647397995
0, 474, 982, 30, 24, 0.014619605615735054
0, 751, 958, 27, 37, 0.012455622665584087
0, 776, 1011, 42, 27, 0.011672423221170902
0, 481, 971, 41, 35, 0.01045204233378172
0, 472, 1005, 43, 56, 0.00916473288089037
0, 486, 946, 43, 44, 0.007783029228448868
0, 755, 974, 60, 75, 0.007578819524496794
0, 758, 693, 29, 23, 0.007425704505294561
0, 867, 386, 118, 219, 0.00741694075986743
0, 451, 629, 32, 61, 0.006600493099540472
0, 850, 336, 59, 44, 0.006456141825765371
0, 887, 355, 53, 32, 0.006126293446868658
0, 833, 493, 23, 20, 0.005557343363761902
0, 142, 781, 17, 18, 0.005307289306074381
0, 731, 861, 30, 22, 0.004850862082093954
0, 615, 1112, 24, 27, 0.004579623229801655
0, 498, 713, 28, 21, 0.0043195271864533424
0, 751, 706, 43, 47, 0.004291527904570103
0, 237, 755, 12, 13, 0.004220041912049055
0, 439, 714, 64, 26, 0.003872332628816366
0, 795, 486, 31, 34, 0.0038000638596713543
0, 483, 924, 31, 49, 0.003692610887810588
0, 873, 399, 58, 53, 0.0036117257550358772
0, 746, 964, 40, 57, 0.0035641139838844538
0, 807, 416, 22, 31, 0.003512450959533453
0, 467, 1046, 59, 143, 0.0034099905751645565
0, 783, 549, 72, 83, 0.0034066555090248585
0, 871, 390, 85, 97, 0.0033682608045637608
0, 842, 495, 35, 21, 0.003289434826001525
0, 861, 418, 37, 18, 0.003054039552807808
0, 755, 742, 21, 23, 0.0029014451429247856
0, 738, 796, 58, 46, 0.002899365732446313
0, 777, 511, 76, 77, 0.002767090452834964
0, 747, 1005, 63, 35, 0.002736074151471257
0, 787, 518, 55, 42, 0.0026397891342639923
0, 391, 753, 38, 23, 0.0025490652769804
0, 798, 478, 50, 61, 0.0024904771707952023
0, 490, 959, 60, 70, 0.002477730391547084
0, 423, 638, 14, 14, 0.0024563311599195004
0, 792, 536, 60, 52, 0.0024052958469837904
0, 667, 875, 54, 47, 0.002323845634236932
0, 345, 561, 118, 45, 0.002220847411081195
0, 731, 834, 109, 126, 0.0020075563807040453
0, 730, 845, 47, 69, 0.00198891619220376
0, 759, 1001, 72, 88, 0.0019348070491105318
0, 472, 566, 29, 27, 0.0018688490381464362
0, 867, 648, 348, 756, 0.0018057920970022678
0, 848, 250, 28, 23, 0.001800515572540462
0, 176, 758, 29, 22, 0.0017587048932909966
0, 340, 743, 104, 54, 0.0017126983730122447
0, 529, 809, 49, 61, 0.0017072854097932577
0, 768, 992, 36, 28, 0.0016940863570198417
0, 490, 906, 17, 21, 0.0016170279122889042
0, 789, 490, 48, 57, 0.001530841225758195
0, 850, 405, 71, 172, 0.0014998933766037226
0, 468, 548, 25, 17, 0.001374509185552597
0, 759, 1047, 31, 28, 0.0013635793002322316
0, 550, 562, 115, 44, 0.0012595802545547485
0, 628, 928, 84, 80, 0.0011950299376621842
0, 582, 755, 26, 32, 0.0011867553694173694
0, 378, 736, 23, 20, 0.001175992307253182
0, 500, 572, 49, 27, 0.0011680740863084793
0, 543, 1085, 19, 18, 0.0011616760166361928
0, 601, 729, 22, 21, 0.0011558259138837457
0, 618, 754, 25, 19, 0.0011466520372778177
0, 771, 1022, 54, 62, 0.0010375002166256309
0, 819, 500, 52, 51, 0.0009547753143124282
0, 599, 752, 32, 33, 0.0009395508095622063
0, 693, 840, 26, 23, 0.0008715773583389819
0, 642, 895, 96, 92, 0.000864803500007838
0, 520, 560, 51, 38, 0.0008620822918601334
0, 624, 963, 78, 89, 0.0008532160427421331
0, 761, 528, 44, 38, 0.0007802585605531931
0, 385, 739, 177, 68, 0.0007638821261934936
0, 726, 871, 39, 36, 0.00075767986709252
0, 570, 773, 42, 59, 0.0007203706772997975
0, 741, 1051, 44, 33, 0.0007190072210505605
0, 837, 435, 64, 74, 0.0006974708521738648
0, 490, 563, 72, 45, 0.0006948022055439651
0, 538, 794, 50, 74, 0.0006868911441415548
0, 579, 765, 30, 35, 0.0006723364349454641
0, 688, 871, 37, 40, 0.0006672833114862442
0, 781, 595, 72, 71, 0.000665780680719763
0, 758, 953, 40, 45, 0.0006627744878642261
0, 560, 533, 18, 15, 0.0006159277982078493
0, 722, 1011, 18, 16, 0.0006119699100963771
0, 611, 736, 40, 30, 0.000605255423579365
0, 310, 865, 11, 13, 0.0005904599674977362
0, 611, 945, 53, 50, 0.0004975218907929957
0, 697, 984, 173, 117, 0.0004899624036625028
0, 591, 742, 27, 40, 0.00048549703205935657
0, 740, 644, 31, 23, 0.00047097072820179164
0, 445, 654, 23, 25, 0.00046793470392003655
0, 777, 1001, 38, 30, 0.0004629136819858104
0, 562, 1108, 16, 18, 0.00045389687875285745
0, 472, 1038, 42, 47, 0.00042861621477641165
0, 480, 980, 61, 96, 0.00041708271601237357
0, 528, 554, 44, 26, 0.0004126533167436719
0, 188, 759, 57, 23, 0.00036219708272255957
0, 386, 561, 49, 25, 0.000351830298313871
0, 613, 902, 48, 41, 0.0003458679129835218
0, 419, 713, 45, 21, 0.0003391085483599454
0, 773, 1094, 63, 73, 0.00033387920120730996
0, 632, 1009, 76, 65, 0.0003320536343380809
0, 697, 837, 35, 38, 0.00033121072920039296
0, 587, 765, 49, 56, 0.00033054040977731347
0, 510, 916, 31, 46, 0.00032582483254373074
0, 755, 1103, 54, 61, 0.00032513003679923713
0, 535, 1125, 23, 17, 0.000322699430398643
0, 551, 530, 22, 13, 0.0003174646117258817
0, 765, 664, 23, 20, 0.0003102411574218422
0, 701, 910, 192, 274, 0.0003056637942790985
0, 705, 639, 25, 34, 0.00029896150226704776
0, 810, 1230, 13, 19, 0.00029715392156504095
0, 394, 742, 64, 48, 0.00029569200705736876
0, 502, 875, 27, 22, 0.0002781131479423493
0, 620, 884, 55, 58, 0.0002751820138655603
0, 742, 734, 48, 43, 0.000270953809376806
0, 907, 174, 22, 24, 0.0002647987275850028
0, 522, 826, 35, 46, 0.00025719444965943694
0, 727, 1029, 144, 197, 0.0002568609197624028
0, 854, 418, 375, 637, 0.0002436899085296318
0, 590, 460, 51, 34, 0.00023644627071917057
0, 805, 1246, 16, 16, 0.0002309951523784548
0, 891, 333, 63, 58, 0.00021495268447324634
0, 554, 633, 17, 26, 0.00020878951181657612
0, 689, 638, 63, 60, 0.0002051343908533454
0, 757, 661, 32, 19, 0.00019964746024925262
0, 802, 424, 32, 44, 0.00019507913384586573
0, 744, 719, 61, 64, 0.00018515263218432665
0, 757, 677, 36, 38, 0.0001847868406912312
0, 306, 566, 40, 28, 0.00017867598216980696
0, 597, 967, 38, 38, 0.00017497807857580483
0, 684, 743, 15, 18, 0.00017430899606551975
0, 441, 705, 58, 23, 0.00017032507457770407
0, 446, 1115, 38, 55, 0.00015824039292056113
0, 884, 170, 15, 18, 0.00015632869326509535
0, 192, 767, 51, 27, 0.00015438928676303476
0, 501, 661, 39, 34, 0.00015095857088454068
0, 862, 230, 20, 11, 0.00014687624934595078
0, 667, 884, 68, 89, 0.00014615048712585121
0, 840, 482, 59, 73, 0.0001451521966373548
0, 724, 748, 22, 16, 0.00014449404261540622
0, 662, 911, 55, 65, 0.0001441828499082476
0, 757, 735, 36, 40, 0.0001424314541509375
0, 725, 876, 48, 67, 0.0001415551669197157
0, 677, 657, 50, 46, 0.00014124720473773777
0, 987, 634, 108, 713, 0.0001392119738738984
0, 580, 781, 56, 105, 0.00013755819236394018
0, 255, 726, 16, 19, 0.0001332219544565305
0, 523, 907, 18, 26, 0.00013311338261701167
0, 241, 756, 23, 21, 0.0001327457866864279
0, 767, 372, 362, 745, 0.00013187702279537916
0, 730, 898, 32, 19, 0.00013065512757748365
0, 448, 721, 59, 39, 0.00012553403212223202
0, 388, 762, 208, 111, 0.00012507975043263286
0, 317, 560, 62, 41, 0.00011934612120967358
0, 279, 1391, 558, 184, 0.00011655211710603908
0, 288, 690, 13, 17, 0.00010769016080303118
0, 641, 649, 23, 23, 0.0001039416019921191
0, 511, 1005, 120, 112, 9.992631385102868e-05
0, 752, 578, 48, 70, 9.338997915619984e-05
0, 786, 1120, 57, 83, 9.24590349313803e-05
0, 322, 655, 30, 24, 9.239830978913233e-05
0, 379, 756, 56, 34, 8.407905988860875e-05
0, 739, 1407, 604, 153, 8.001556125236675e-05
0, 11, 65, 22, 130, 7.909986743470654e-05
0, 637, 834, 272, 198, 7.890406413935125e-05
0, 251, 720, 18, 23, 7.77471941546537e-05
0, 112, 687, 224, 217, 7.753234240226448e-05
0, 796, 1136, 37, 48, 7.661546260351315e-05
0, 756, 1129, 57, 75, 7.556669152108952e-05
0, 576, 745, 30, 34, 7.488177652703598e-05
0, 764, 1059, 88, 175, 7.445498340530321e-05
0, 986, 304, 111, 609, 7.31817344785668e-05
0, 460, 1079, 61, 76, 7.167500734794885e-05
0, 867, 432, 150, 352, 7.082820229697973e-05
0, 769, 613, 71, 79, 7.073856249917299e-05
0, 545, 1028, 35, 17, 6.977654993534088e-05
0, 488, 930, 51, 63, 6.883208698127419e-05
0, 777, 1054, 43, 36, 6.856427353341132e-05
0, 767, 552, 490, 599, 6.741534889442846e-05
0, 779, 1141, 69, 58, 6.63005921524018e-05
0, 755, 1231, 17, 16, 6.527214281959459e-05
0, 467, 1051, 121, 271, 6.418101111194119e-05
0, 852, 463, 78, 101, 6.382810533978045e-05
0, 668, 668, 35, 23, 6.342872802633792e-05
0, 735, 1038, 43, 51, 6.148749525891617e-05
0, 761, 627, 54, 52, 6.13116062595509e-05
0, 916, 802, 250, 709, 6.117302109487355e-05
0, 238, 716, 22, 22, 6.0595444665523246e-05
0, 787, 1066, 29, 27, 5.9921174397459254e-05
0, 509, 868, 23, 24, 5.939578841207549e-05
0, 357, 862, 16, 17, 5.8085013733943924e-05
0, 536, 493, 13, 13, 5.680522008333355e-05
0, 418, 629, 55, 53, 5.49761280126404e-05
0, 854, 238, 37, 20, 5.468670860864222e-05
0, 499, 932, 69, 93, 5.4252053814707324e-05
0, 578, 570, 178, 54, 5.3394036513054743e-05
0, 341, 572, 108, 32, 5.338334813131951e-05
0, 645, 569, 29, 22, 5.3045121603645384e-05
0, 671, 923, 307, 357, 5.2968240197515115e-05
0, 419, 726, 110, 66, 5.1635368436109275e-05
0, 654, 936, 66, 109, 5.1352515583857894e-05
0, 380, 643, 18, 21, 4.882606299361214e-05
0, 505, 1408, 481, 151, 4.8472225898876786e-05
0, 525, 1125, 33, 18, 4.761340096592903e-05
0, 995, 847, 92, 641, 4.7379278839798644e-05
0, 107, 785, 18, 24, 4.6153043513186276e-05
0, 539, 501, 39, 30, 4.596737562678754e-05
0, 814, 510, 93, 96, 4.455971429706551e-05
0, 924, 149, 234, 298, 4.309896030463278e-05
0, 391, 728, 41, 39, 4.260604691808112e-05
0, 581, 966, 386, 549, 4.239662303007208e-05
0, 442, 529, 26, 25, 4.211113628116436e-05
0, 747, 632, 45, 47, 4.1861330828396603e-05
0, 128, 733, 233, 96, 4.0698691009311005e-05
0, 535, 1091, 40, 38, 3.937490328098647e-05
0, 749, 1149, 42, 36, 3.907825885107741e-05
0, 121, 778, 44, 45, 3.893560278811492e-05
0, 516, 1210, 241, 546, 3.862793528242037e-05
0, 256, 259, 512, 519, 3.851229485007934e-05
0, 115, 769, 20, 23, 3.779873804887757e-05
0, 501, 709, 38, 34, 3.7491583498194814e-05
0, 163, 1330, 326, 304, 3.644585012807511e-05
0, 600, 990, 46, 47, 3.551091140252538e-05
0, 741, 687, 77, 78, 3.496535282465629e-05
0, 784, 957, 514, 735, 3.306042344775051e-05
0, 755, 469, 19, 16, 3.287756771896966e-05
0, 953, 1031, 176, 653, 3.2494695915374905e-05
0, 561, 631, 19, 23, 3.231173468520865e-05
0, 460, 638, 38, 64, 3.215474862372503e-05
0, 494, 420, 307, 229, 3.169875344610773e-05
0, 152, 143, 304, 286, 3.1068178941495717e-05
0, 820, 1242, 25, 27, 3.096034561167471e-05
0, 369, 883, 20, 12, 3.063603799091652e-05
0, 786, 463, 42, 27, 3.032278982573189e-05
0, 240, 726, 42, 38, 3.016482514794916e-05
0, 148, 785, 133, 75, 2.9717348297708668e-05
0, 540, 1122, 21, 11, 2.9322160116862506e-05
0, 912, 282, 259, 565, 2.8905620638397522e-05
0, 656, 570, 33, 23, 2.8485133952926844e-05
0, 811, 149, 461, 291, 2.7793257686425932e-05
0, 790, 1064, 246, 542, 2.7768832296715118e-05
0, 96, 640, 192, 139, 2.7458256226964295e-05
0, 108, 770, 17, 21, 2.7365324058337137e-05
0, 854, 251, 66, 41, 2.713399226195179e-05
0, 442, 538, 28, 23, 2.6005545805674046e-05
0, 516, 740, 104, 76, 2.5785882826312445e-05
0, 1004, 1059, 75, 618, 2.5676219593151473e-05
0, 524, 817, 44, 109, 2.481798583175987e-05
0, 456, 570, 70, 53, 2.4244733140221797e-05
0, 945, 150, 154, 83, 2.3569313270854764e-05
0, 251, 1271, 503, 422, 2.3489565137424506e-05
0, 141, 1215, 283, 536, 2.2712234567734413e-05
0, 760, 1146, 78, 75, 2.2433490812545642e-05
0, 462, 1023, 60, 70, 2.225409662059974e-05
0, 206, 488, 413, 300, 2.223339288320858e-05
0, 571, 570, 83, 30, 2.1664356609107926e-05
0, 743, 1178, 31, 17, 2.1439918782562017e-05
0, 355, 887, 553, 447, 2.1248399207252078e-05
0, 537, 1134, 22, 18, 2.0872172171948478e-05
0, 444, 1220, 518, 527, 2.0746929294546135e-05
0, 468, 1066, 55, 44, 2.043033055088017e-05
0, 762, 1000, 96, 132, 2.023701927100774e-05
0, 300, 578, 29, 17, 2.019437488343101e-05
0, 606, 148, 503, 290, 2.0128061805735342e-05
0, 579, 679, 43, 28, 2.0080859030713327e-05
0, 530, 817, 110, 111, 1.985978815355338e-05
0, 507, 529, 269, 123, 1.9852366676786914e-05
0, 541, 534, 52, 26, 1.98224006453529e-05
0, 324, 536, 260, 114, 1.9518996850820258e-05
0, 190, 49, 380, 98, 1.9447612430667505e-05
0, 602, 309, 596, 618, 1.9382770915399306e-05
0, 147, 466, 294, 677, 1.912660081870854e-05
0, 335, 765, 141, 98, 1.9046783563680947e-05
0, 500, 721, 94, 49, 1.9017110389540903e-05
0, 171, 574, 343, 306, 1.901184987218585e-05
0, 770, 825, 131, 103, 1.899490598589182e-05
0, 705, 723, 143, 80, 1.8944487237604335e-05
0, 510, 864, 53, 59, 1.8582912161946297e-05
0, 965, 1342, 153, 282, 1.8508577340980992e-05
