1, 42, 11, 22, 21, 0.8407557606697083
1, 211, 10, 16, 14, 0.8365182280540466
1, 229, 65, 17, 20, 0.8278720378875732
1, 518, 17, 17, 15, 0.7976002097129822
1, 144, 55, 19, 19, 0.7716496586799622
1, 80, 105, 20, 19, 0.7715309858322144
1, 644, 104, 16, 19, 0.7681905031204224
1, 329, 90, 18, 20, 0.7623535990715027
1, 873, 15, 15, 16, 0.754197895526886
1, 497, 122, 16, 18, 0.7504101395606995
1, 1242, 10, 17, 15, 0.7460862398147583
1, 845, 18, 25, 18, 0.7407668828964233
1, 723, 17, 16, 19, 0.7405899167060852
1, 1466, 9, 18, 15, 0.7357252836227417
1, 1451, 48, 15, 19, 0.7353485226631165
1, 926, 7, 23, 15, 0.734755277633667
1, 123, 70, 19, 17, 0.7341850399971008
1, 295, 47, 18, 16, 0.7336423397064209
1, 1270, 74, 16, 13, 0.732715904712677
1, 331, 72, 18, 15, 0.7311558127403259
1, 740, 86, 18, 19, 0.7310666441917419
1, 370, 74, 21, 22, 0.7287817001342773
1, 364, 15, 22, 13, 0.7270070314407349
1, 776, 94, 20, 22, 0.7237329483032227
1, 70, 76, 21, 20, 0.722643256187439
1, 1148, 47, 16, 18, 0.7219909429550171
1, 15, 13, 21, 17, 0.7204539179801941
1, 1192, 26, 19, 18, 0.7053031921386719
1, 1381, 20, 17, 19, 0.705283522605896
1, 151, 8, 18, 16, 0.7019742727279663
1, 1156, 21, 15, 19, 0.7016552090644836
1, 660, 8, 17, 15, 0.6997920274734497
1, 31, 101, 18, 17, 0.6987211108207703
1, 396, 71, 18, 17, 0.6984273195266724
1, 700, 37, 23, 17, 0.691001296043396
1, 1223, 30, 21, 16, 0.6908435225486755
1, 125, 30, 19, 19, 0.686582088470459
1, 666, 86, 16, 16, 0.6851176619529724
1, 472, 84, 18, 19, 0.6846082210540771
1, 115, 107, 18, 16, 0.6838791966438293
1, 779, 13, 20, 20, 0.6829168796539307
1, 1401, 35, 16, 17, 0.6827813386917114
1, 866, 64, 15, 17, 0.681440532207489
1, 1020, 8, 23, 16, 0.6807872653007507
1, 1405, 68, 20, 21, 0.6771532297134399
1, 416, 113, 17, 17, 0.6729339957237244
1, 117, 9, 23, 15, 0.6634979844093323
1, 1441, 8, 23, 15, 0.6613370180130005
1, 719, 58, 20, 20, 0.6609894037246704
1, 100, 28, 19, 19, 0.6600469946861267
1, 789, 70, 18, 21, 0.6563472747802734
1, 24, 33, 19, 19, 0.6541140675544739
1, 1364, 38, 18, 17, 0.6504250168800354
1, 1129, 36, 16, 16, 0.648399829864502
1, 125, 142, 20, 18, 0.64448082447052
1, 1178, 17, 17, 14, 0.6400938034057617
1, 609, 109, 16, 14, 0.6387569308280945
1, 305, 33, 16, 17, 0.6372485756874084
1, 446, 93, 16, 17, 0.6252316236495972
1, 220, 103, 16, 15, 0.6245500445365906
1, 274, 144, 15, 17, 0.6239418387413025
1, 552, 16, 21, 20, 0.6198095679283142
1, 1001, 109, 20, 22, 0.6154757142066956
1, 801, 114, 15, 22, 0.6148548126220703
1, 347, 121, 16, 16, 0.6136307120323181
1, 227, 149, 18, 16, 0.6129723191261292
1, 338, 20, 20, 16, 0.6125389933586121
1, 625, 127, 17, 17, 0.6110542416572571
1, 103, 85, 18, 22, 0.6107600331306458
1, 754, 75, 14, 18, 0.6105095148086548
1, 646, 144, 19, 16, 0.6051561236381531
1, 80, 58, 17, 22, 0.6006871461868286
1, 255, 44, 18, 19, 0.5999801158905029
1, 329, 126, 20, 21, 0.5982913374900818
1, 884, 34, 16, 19, 0.5979804992675781
1, 203, 124, 17, 15, 0.5925766229629517
1, 1189, 95, 17, 16, 0.5872306227684021
1, 346, 49, 19, 21, 0.5859944820404053
1, 827, 122, 18, 18, 0.5836080312728882
1, 1022, 122, 25, 17, 0.5812580585479736
1, 275, 28, 23, 27, 0.5739431381225586
1, 647, 71, 17, 18, 0.5734649896621704
1, 1226, 49, 20, 19, 0.5721144676208496
1, 1364, 10, 16, 14, 0.571923017501831
1, 348, 145, 17, 21, 0.5693345069885254
1, 689, 112, 16, 19, 0.5689702033996582
1, 297, 146, 17, 16, 0.5675232410430908
1, 1213, 54, 17, 16, 0.5663548707962036
1, 446, 25, 15, 18, 0.5647197961807251
1, 370, 110, 22, 26, 0.5647150874137878
1, 1383, 47, 16, 17, 0.5623412728309631
1, 164, 130, 17, 17, 0.5574077367782593
1, 14, 121, 19, 19, 0.5567705035209656
1, 588, 105, 17, 19, 0.5509589314460754
1, 679, 54, 16, 17, 0.548622727394104
1, 391, 16, 21, 17, 0.5480537414550781
1, 661, 28, 16, 19, 0.5448553562164307
1, 142, 126, 17, 14, 0.5409875512123108
1, 761, 108, 16, 21, 0.54061359167099
1, 1129, 123, 17, 17, 0.5394997596740723
1, 968, 8, 20, 17, 0.5380740761756897
1, 67, 19, 28, 20, 0.5371089577674866
1, 61, 150, 16, 15, 0.5304550528526306
1, 753, 149, 15, 16, 0.5242029428482056
1, 810, 72, 16, 21, 0.5232207775115967
1, 1032, 145, 18, 23, 0.5198917388916016
1, 391, 108, 18, 23, 0.5172603726387024
1, 987, 136, 17, 18, 0.5168009996414185
1, 154, 109, 15, 19, 0.513904333114624
1, 1314, 38, 17, 19, 0.5117104053497314
1, 1022, 28, 21, 19, 0.507914125919342
1, 432, 48, 19, 21, 0.5049217343330383
1, 815, 20, 20, 16, 0.4993472397327423
1, 369, 49, 17, 17, 0.4989125728607178
1, 1247, 49, 14, 17, 0.4986298084259033
1, 667, 64, 19, 18, 0.49375471472740173
1, 893, 63, 21, 19, 0.49197766184806824
1, 1301, 142, 12, 17, 0.49154365062713623
1, 1118, 148, 17, 14, 0.4912380576133728
1, 1344, 57, 20, 19, 0.48815444111824036
1, 190, 25, 22, 18, 0.4756966531276703
1, 1375, 133, 22, 16, 0.47452062368392944
1, 473, 10, 19, 17, 0.47375354170799255
1, 307, 128, 12, 19, 0.4720459580421448
1, 1073, 135, 16, 15, 0.46836769580841064
1, 1093, 9, 16, 14, 0.464275062084198
1, 833, 147, 13, 16, 0.4614039957523346
1, 847, 89, 17, 16, 0.4589923322200775
1, 614, 85, 16, 13, 0.4588961601257324
1, 929, 57, 19, 23, 0.45527708530426025
1, 1157, 91, 12, 16, 0.45329803228378296
1, 511, 39, 19, 18, 0.4498252272605896
1, 868, 112, 13, 16, 0.44571682810783386
1, 1148, 114, 19, 20, 0.44332200288772583
1, 717, 94, 18, 21, 0.44200649857521057
1, 44, 119, 20, 19, 0.44103553891181946
1, 741, 34, 17, 17, 0.44102075695991516
1, 601, 35, 19, 17, 0.4390040934085846
1, 835, 46, 19, 18, 0.4387022852897644
1, 640, 8, 21, 17, 0.4347282350063324
1, 741, 127, 13, 12, 0.4298032820224762
1, 669, 111, 17, 19, 0.4232291877269745
1, 503, 85, 16, 23, 0.41650643944740295
1, 538, 39, 14, 18, 0.40405911207199097
1, 1446, 102, 13, 15, 0.40314868092536926
1, 515, 134, 15, 21, 0.4015413224697113
1, 417, 149, 15, 14, 0.39930784702301025
1, 962, 100, 23, 14, 0.3987445831298828
1, 1017, 86, 14, 12, 0.3952018916606903
1, 830, 71, 19, 22, 0.3867283761501312
1, 147, 150, 15, 17, 0.3818478584289551
1, 1263, 7, 18, 15, 0.38135388493537903
1, 1089, 141, 18, 17, 0.3807976543903351
1, 1413, 46, 18, 16, 0.37953510880470276
1, 583, 61, 14, 16, 0.379297137260437
1, 308, 76, 20, 21, 0.37802714109420776
1, 1179, 23, 13, 14, 0.3755418360233307
1, 469, 133, 15, 14, 0.36592939496040344
1, 453, 10, 18, 11, 0.3646286129951477
1, 1451, 77, 16, 18, 0.3637080192565918
1, 1379, 66, 16, 16, 0.3636912405490875
1, 566, 130, 18, 17, 0.35833311080932617
1, 848, 71, 15, 17, 0.357456237077713
1, 1267, 39, 19, 18, 0.3561137616634369
1, 571, 77, 13, 20, 0.3557471036911011
1, 1213, 74, 22, 12, 0.3553061783313751
1, 571, 21, 15, 17, 0.3515891134738922
1, 373, 133, 20, 18, 0.3451443016529083
1, 991, 21, 20, 17, 0.3447079360485077
1, 697, 148, 16, 14, 0.34462693333625793
1, 177, 90, 14, 20, 0.3432118594646454
1, 585, 70, 15, 12, 0.34224575757980347
1, 106, 11, 11, 11, 0.34185323119163513
1, 1259, 137, 14, 15, 0.3349335193634033
1, 1175, 108, 13, 10, 0.33487677574157715
1, 1362, 54, 16, 12, 0.3323216140270233
1, 1292, 52, 27, 16, 0.3305722773075104
1, 1281, 141, 16, 18, 0.32997992634773254
1, 818, 45, 15, 17, 0.3289450705051422
1, 245, 9, 29, 18, 0.328064888715744
1, 5, 38, 11, 23, 0.3279606103897095
1, 404, 33, 21, 22, 0.3241666555404663
1, 772, 46, 24, 15, 0.323952317237854
1, 1494, 119, 10, 21, 0.3233262598514557
1, 1135, 139, 16, 16, 0.3228023648262024
1, 472, 110, 19, 12, 0.32201501727104187
1, 20, 131, 16, 18, 0.3135829269886017
1, 345, 104, 20, 18, 0.3134807050228119
1, 424, 8, 23, 14, 0.3121262788772583
1, 1027, 55, 22, 25, 0.3082868456840515
1, 104, 151, 18, 14, 0.3081394135951996
1, 619, 26, 18, 16, 0.3013094365596771
1, 1281, 27, 13, 15, 0.2968457043170929
1, 554, 150, 12, 16, 0.2959097921848297
1, 1270, 111, 22, 16, 0.29324832558631897
1, 135, 89, 18, 17, 0.28660640120506287
1, 34, 68, 15, 22, 0.2833663821220398
1, 1432, 70, 17, 18, 0.2829163372516632
1, 625, 148, 16, 16, 0.28217417001724243
1, 1493, 55, 12, 17, 0.28168049454689026
1, 565, 101, 21, 22, 0.281154990196228
1, 1215, 136, 16, 17, 0.2791609466075897
1, 57, 112, 19, 20, 0.27348077297210693
1, 747, 18, 21, 21, 0.2711073160171509
1, 1182, 96, 12, 13, 0.26793086528778076
1, 804, 96, 18, 17, 0.26748400926589966
1, 116, 126, 18, 16, 0.26370105147361755
1, 605, 53, 19, 13, 0.2630166709423065
1, 554, 35, 12, 10, 0.26019352674484253
1, 1428, 38, 19, 16, 0.2593666613101959
1, 605, 76, 23, 16, 0.2591606080532074
1, 1222, 106, 16, 23, 0.25900113582611084
1, 1241, 145, 14, 16, 0.25698167085647583
1, 912, 29, 17, 21, 0.25391754508018494
1, 1065, 13, 21, 21, 0.25379905104637146
1, 6, 106, 11, 16, 0.2523469626903534
1, 211, 86, 16, 32, 0.2514812648296356
1, 720, 66, 21, 14, 0.25121548771858215
1, 46, 38, 21, 20, 0.2467174381017685
1, 455, 47, 17, 19, 0.24642229080200195
1, 470, 127, 20, 18, 0.2456541508436203
1, 1083, 35, 19, 17, 0.24339593946933746
1, 995, 13, 21, 22, 0.2431454360485077
1, 249, 66, 21, 17, 0.239455446600914
1, 392, 132, 12, 14, 0.2387288212776184
1, 124, 52, 22, 17, 0.23728877305984497
1, 688, 82, 15, 19, 0.23511181771755219
1, 700, 131, 18, 17, 0.23424683511257172
1, 497, 27, 16, 18, 0.2319507896900177
1, 1065, 55, 28, 23, 0.23097023367881775
1, 240, 84, 17, 18, 0.22700195014476776
1, 1493, 111, 12, 30, 0.22630088031291962
1, 321, 48, 19, 20, 0.22571498155593872
1, 1130, 15, 17, 12, 0.22538115084171295
1, 1363, 62, 18, 17, 0.2228548526763916
1, 771, 96, 16, 18, 0.2184019684791565
1, 361, 33, 20, 10, 0.2160855084657669
1, 1108, 122, 19, 27, 0.21459834277629852
1, 1029, 138, 18, 13, 0.2119002491235733
1, 1172, 35, 19, 16, 0.20436112582683563
1, 1039, 111, 30, 29, 0.20388579368591309
1, 829, 92, 18, 23, 0.20238006114959717
1, 9, 67, 15, 15, 0.20116586983203888
1, 476, 148, 14, 12, 0.19568397104740143
1, 545, 118, 21, 19, 0.19410675764083862
1, 687, 9, 24, 18, 0.19252437353134155
1, 735, 111, 16, 15, 0.18947158753871918
1, 442, 72, 18, 17, 0.18837441504001617
1, 541, 99, 18, 17, 0.18745902180671692
1, 1295, 140, 13, 16, 0.18604393303394318
1, 403, 51, 15, 12, 0.18096278607845306
1, 90, 62, 15, 18, 0.1801506131887436
1, 50, 92, 16, 12, 0.18004034459590912
1, 904, 130, 15, 14, 0.178316131234169
1, 1046, 63, 15, 17, 0.17621207237243652
1, 866, 149, 21, 16, 0.1755310446023941
1, 1204, 113, 16, 20, 0.17468097805976868
1, 912, 145, 13, 21, 0.1723543256521225
1, 220, 44, 19, 20, 0.17233312129974365
1, 870, 38, 16, 21, 0.16909371316432953
1, 420, 73, 19, 19, 0.1635362207889557
1, 463, 65, 14, 18, 0.16234411299228668
1, 371, 142, 17, 14, 0.16079862415790558
1, 843, 95, 15, 21, 0.16036243736743927
1, 55, 99, 17, 16, 0.1570228934288025
1, 282, 101, 16, 22, 0.15482217073440552
1, 851, 47, 12, 16, 0.15275052189826965
1, 442, 147, 17, 17, 0.14992833137512207
0, 1376, 132, 22, 17, 0.14841148257255554
1, 987, 36, 19, 13, 0.14750391244888306
1, 539, 107, 22, 16, 0.1457028090953827
0, 964, 104, 28, 15, 0.14541612565517426
1, 570, 85, 14, 10, 0.1438782811164856
1, 420, 93, 21, 13, 0.14080874621868134
1, 200, 79, 32, 32, 0.1389974057674408
1, 437, 114, 18, 19, 0.137629896402359
1, 1096, 73, 18, 12, 0.13651184737682343
1, 578, 21, 17, 12, 0.13535642623901367
1, 473, 45, 18, 18, 0.13338148593902588
1, 1309, 86, 13, 13, 0.12353961914777756
1, 583, 17, 20, 15, 0.12092463672161102
1, 817, 95, 9, 20, 0.11977081745862961
1, 362, 22, 21, 13, 0.11849024891853333
1, 1139, 91, 13, 17, 0.11820968240499496
1, 517, 67, 15, 21, 0.114933080971241
1, 426, 31, 21, 18, 0.11102251708507538
1, 331, 144, 16, 22, 0.11031025648117065
1, 101, 69, 18, 14, 0.11004840582609177
1, 218, 124, 11, 17, 0.11003328114748001
1, 51, 111, 18, 22, 0.1095811128616333
1, 1110, 34, 18, 20, 0.10642583668231964
1, 88, 32, 12, 13, 0.10226831585168839
1, 1411, 136, 27, 20, 0.10221938788890839
1, 1047, 28, 17, 20, 0.1017448753118515
1, 827, 105, 20, 17, 0.10160794109106064
1, 1299, 9, 25, 11, 0.10076812654733658
1, 416, 127, 15, 10, 0.09799136221408844
1, 493, 50, 18, 15, 0.09652882069349289
1, 1068, 90, 23, 37, 0.09566306322813034
1, 696, 75, 19, 20, 0.09487471729516983
