0, 420, 304, 183, 416, 0.547126054763794
0, 255, 434, 511, 152, 0.5423187017440796
0, 255, 447, 511, 129, 0.5344336628913879
0, 258, 421, 511, 115, 0.5336356163024902
0, 455, 259, 117, 359, 0.5325005650520325
0, 455, 260, 117, 356, 0.5303389430046082
0, 256, 470, 511, 83, 0.5301718711853027
0, 355, 390, 308, 243, 0.5297352075576782
0, 418, 249, 145, 511, 0.5288898944854736
0, 255, 446, 511, 130, 0.5277031660079956
0, 404, 217, 75, 92, 0.5241096019744873
0, 446, 356, 130, 308, 0.5236092209815979
0, 417, 246, 134, 511, 0.523369550704956
0, 148, 469, 293, 85, 0.5225844383239746
0, 492, 271, 17, 18, 0.5196353793144226
0, 423, 249, 171, 442, 0.51901775598526
0, 433, 363, 155, 297, 0.5188002586364746
0, 504, 439, 14, 31, 0.518292248249054
0, 115, 375, 20, 22, 0.5176253318786621
0, 477, 299, 24, 42, 0.5173490047454834
0, 255, 464, 511, 95, 0.5169583559036255
0, 41, 220, 82, 173, 0.5164387226104736
0, 301, 264, 64, 42, 0.5156862735748291
0, 497, 356, 28, 82, 0.5152251124382019
0, 504, 439, 14, 31, 0.5150598883628845
0, 124, 435, 249, 153, 0.5143392086029053
0, 499, 351, 24, 75, 0.5141474008560181
0, 441, 232, 145, 174, 0.5137233734130859
0, 472, 361, 79, 147, 0.5134363174438477
0, 373, 438, 275, 147, 0.5128734111785889
0, 470, 361, 84, 158, 0.5126069784164429
0, 463, 333, 104, 126, 0.5124415755271912
0, 496, 294, 27, 56, 0.5124267339706421
0, 301, 264, 71, 54, 0.5119470953941345
0, 497, 355, 29, 81, 0.5119361877441406
0, 453, 443, 117, 135, 0.511898934841156
0, 488, 176, 47, 84, 0.511767566204071
0, 484, 358, 52, 77, 0.5116516351699829
0, 464, 318, 93, 296, 0.5114002823829651
0, 486, 267, 50, 106, 0.511372983455658
0, 480, 68, 23, 27, 0.5110409259796143
0, 336, 245, 47, 54, 0.5108867883682251
0, 32, 246, 64, 135, 0.510867714881897
0, 87, 435, 174, 152, 0.5103895664215088
0, 376, 466, 267, 91, 0.5103034973144531
0, 497, 330, 29, 130, 0.5100277662277222
0, 448, 407, 126, 207, 0.5099802017211914
0, 450, 223, 90, 431, 0.5098512172698975
0, 467, 409, 83, 59, 0.5097723007202148
0, 191, 45, 58, 21, 0.5093116164207458
0, 452, 378, 123, 201, 0.5091953277587891
0, 26, 361, 52, 144, 0.509109616279602
0, 373, 478, 278, 68, 0.5089855194091797
0, 499, 288, 25, 67, 0.5087544322013855
0, 445, 352, 132, 317, 0.5087138414382935
0, 497, 358, 29, 84, 0.5081257820129395
0, 489, 170, 42, 69, 0.50808185338974
0, 499, 288, 25, 67, 0.5080537796020508
0, 487, 171, 47, 76, 0.5077179670333862
0, 435, 220, 120, 107, 0.507634162902832
0, 83, 430, 167, 163, 0.5075085759162903
0, 444, 123, 78, 87, 0.5074454545974731
0, 490, 489, 42, 44, 0.5074362754821777
0, 434, 222, 90, 354, 0.5074227452278137
0, 454, 441, 114, 139, 0.5074219107627869
0, 497, 294, 26, 57, 0.5073005557060242
0, 463, 238, 98, 477, 0.5071954131126404
0, 486, 166, 47, 68, 0.5068957209587097
0, 486, 447, 50, 128, 0.506654679775238
0, 260, 62, 30, 25, 0.5066248178482056
0, 498, 291, 26, 62, 0.506609320640564
0, 498, 290, 26, 66, 0.5064736008644104
0, 501, 356, 21, 80, 0.505992591381073
0, 461, 110, 26, 21, 0.5057011246681213
0, 62, 430, 124, 161, 0.5050991177558899
0, 484, 444, 56, 133, 0.5050117373466492
0, 491, 161, 37, 50, 0.5048382878303528
0, 448, 399, 128, 223, 0.5048375725746155
0, 498, 370, 27, 109, 0.5043841600418091
0, 462, 158, 98, 317, 0.504002034664154
0, 468, 441, 87, 141, 0.5039796233177185
0, 38, 404, 76, 213, 0.503872811794281
0, 456, 220, 53, 72, 0.5036649107933044
0, 68, 202, 135, 401, 0.5035759210586548
0, 447, 362, 130, 296, 0.503491997718811
0, 92, 472, 182, 78, 0.5034806728363037
0, 459, 410, 46, 40, 0.5031191110610962
0, 415, 160, 193, 320, 0.5031036138534546
0, 467, 410, 87, 74, 0.503079354763031
0, 450, 441, 122, 141, 0.5028080940246582
0, 485, 265, 50, 106, 0.5027642846107483
0, 497, 364, 28, 98, 0.5024019479751587
0, 379, 219, 264, 443, 0.5020576119422913
0, 71, 237, 144, 467, 0.5020326972007751
0, 463, 443, 101, 135, 0.5019275546073914
0, 491, 159, 37, 52, 0.5019268989562988
0, 463, 136, 97, 102, 0.501908004283905
0, 353, 407, 152, 209, 0.5018267035484314
0, 414, 164, 194, 329, 0.5015501379966736
0, 478, 67, 25, 28, 0.5014976859092712
0, 485, 247, 52, 147, 0.5014966726303101
0, 501, 360, 21, 87, 0.5013784170150757
0, 472, 416, 77, 72, 0.501372218132019
0, 93, 488, 180, 47, 0.5013359785079956
0, 495, 360, 31, 65, 0.5012862682342529
0, 461, 99, 96, 62, 0.5008030533790588
0, 487, 257, 46, 86, 0.5006899833679199
0, 376, 160, 270, 319, 0.5004778504371643
0, 469, 415, 83, 86, 0.4999546408653259
0, 486, 443, 52, 133, 0.49994170665740967
0, 498, 288, 26, 68, 0.49982064962387085
0, 492, 157, 37, 49, 0.4997621774673462
0, 499, 337, 26, 100, 0.49956217408180237
0, 378, 491, 46, 40, 0.49955275654792786
0, 443, 102, 58, 59, 0.49948650598526
0, 35, 148, 69, 86, 0.49945199489593506
0, 496, 365, 30, 102, 0.49923834204673767
0, 211, 71, 109, 49, 0.4991225600242615
0, 478, 454, 57, 55, 0.498927503824234
0, 471, 443, 82, 136, 0.4989018142223358
0, 115, 82, 34, 20, 0.49881449341773987
0, 196, 96, 145, 84, 0.49869516491889954
0, 114, 188, 231, 376, 0.49838849902153015
0, 492, 158, 37, 47, 0.4983823299407959
0, 417, 218, 189, 429, 0.498329758644104
0, 485, 443, 49, 134, 0.4981987774372101
0, 468, 159, 87, 319, 0.4980550706386566
0, 473, 414, 78, 81, 0.49802982807159424
0, 446, 468, 129, 85, 0.4979366958141327
0, 502, 356, 19, 82, 0.4978010058403015
0, 130, 28, 247, 57, 0.4976317882537842
0, 91, 482, 181, 59, 0.4973578155040741
0, 17, 124, 33, 52, 0.49722060561180115
0, 477, 211, 12, 21, 0.4967721700668335
0, 404, 256, 214, 511, 0.4966879189014435
0, 489, 468, 45, 86, 0.4966411590576172
0, 503, 433, 16, 42, 0.4965488612651825
0, 485, 252, 51, 133, 0.4962167739868164
0, 230, 63, 71, 30, 0.4959008991718292
0, 466, 425, 92, 105, 0.49543672800064087
0, 449, 469, 125, 85, 0.4952745735645294
0, 477, 403, 68, 57, 0.49507826566696167
0, 214, 43, 358, 87, 0.4950614273548126
0, 445, 443, 132, 136, 0.4950515627861023
0, 499, 65, 24, 86, 0.4950489401817322
0, 473, 206, 20, 33, 0.49499452114105225
0, 463, 153, 94, 113, 0.49422788619995117
0, 63, 471, 126, 80, 0.4941447973251343
0, 480, 241, 58, 177, 0.4940984547138214
0, 501, 400, 21, 53, 0.49380040168762207
0, 498, 298, 25, 63, 0.49379202723503113
0, 500, 400, 23, 53, 0.49333134293556213
0, 492, 211, 41, 84, 0.49316856265068054
0, 260, 44, 508, 84, 0.49310073256492615
0, 25, 452, 50, 118, 0.49259665608406067
0, 500, 400, 23, 52, 0.49254658818244934
0, 43, 450, 85, 122, 0.49217575788497925
0, 492, 211, 41, 85, 0.492047518491745
0, 500, 399, 22, 50, 0.49181532859802246
0, 500, 257, 23, 84, 0.49175333976745605
0, 194, 94, 313, 190, 0.491584837436676
0, 493, 459, 33, 26, 0.49153217673301697
0, 485, 165, 54, 120, 0.4914090633392334
0, 70, 154, 138, 304, 0.49131205677986145
0, 154, 43, 67, 34, 0.49118611216545105
0, 496, 468, 30, 86, 0.4910062551498413
0, 207, 91, 139, 78, 0.49092113971710205
0, 503, 432, 17, 49, 0.4907777011394501
0, 502, 416, 20, 78, 0.49073973298072815
0, 494, 223, 35, 95, 0.49068859219551086
0, 501, 400, 21, 50, 0.4906831979751587
0, 376, 126, 269, 252, 0.490418404340744
0, 415, 97, 155, 108, 0.4900757074356079
0, 190, 44, 349, 89, 0.4900544583797455
0, 495, 84, 31, 93, 0.4900428354740143
0, 368, 90, 68, 65, 0.48983919620513916
0, 473, 205, 17, 30, 0.48969221115112305
0, 498, 74, 26, 61, 0.48968446254730225
0, 503, 289, 18, 70, 0.4896770119667053
0, 52, 256, 106, 511, 0.4896624982357025
0, 502, 384, 19, 21, 0.4895646572113037
0, 132, 34, 260, 69, 0.4892873764038086
0, 502, 288, 19, 67, 0.4891311526298523
0, 492, 159, 37, 52, 0.48906275629997253
0, 466, 146, 90, 117, 0.4889911413192749
0, 400, 140, 147, 159, 0.4889213740825653
0, 504, 195, 14, 28, 0.48836439847946167
0, 404, 115, 142, 114, 0.4883464276790619
0, 492, 377, 37, 150, 0.488298237323761
0, 495, 217, 34, 77, 0.4882315993309021
0, 110, 127, 224, 251, 0.4880518615245819
0, 186, 49, 168, 98, 0.487876832485199
0, 499, 324, 26, 68, 0.48724064230918884
0, 498, 460, 28, 100, 0.48713767528533936
0, 424, 79, 177, 156, 0.48698991537094116
0, 500, 476, 20, 22, 0.48696210980415344
0, 299, 77, 426, 156, 0.4869595766067505
0, 19, 487, 37, 49, 0.48690739274024963
0, 422, 106, 178, 172, 0.4864935278892517
0, 485, 226, 52, 166, 0.48643213510513306
0, 500, 279, 23, 52, 0.48626837134361267
0, 96, 45, 195, 91, 0.48620930314064026
0, 498, 235, 27, 61, 0.48618417978286743
0, 134, 61, 264, 124, 0.4861743748188019
0, 499, 500, 25, 23, 0.4859635829925537
0, 35, 475, 70, 72, 0.4859521985054016
0, 496, 227, 32, 53, 0.48592236638069153
0, 265, 40, 510, 82, 0.48588627576828003
0, 495, 396, 33, 43, 0.485629141330719
0, 500, 416, 22, 81, 0.48561495542526245
0, 331, 82, 130, 98, 0.4851421117782593
0, 392, 46, 229, 85, 0.4851357340812683
0, 497, 127, 28, 63, 0.4848226010799408
0, 360, 75, 302, 151, 0.48476722836494446
0, 379, 92, 263, 185, 0.4847124516963959
0, 499, 388, 24, 31, 0.48440444469451904
0, 492, 144, 38, 83, 0.48427513241767883
0, 22, 476, 45, 71, 0.48407426476478577
0, 43, 485, 85, 53, 0.48387768864631653
0, 499, 104, 25, 55, 0.4838603138923645
0, 394, 154, 121, 98, 0.4834575951099396
0, 423, 44, 178, 88, 0.48325395584106445
0, 483, 111, 51, 63, 0.4831337630748749
0, 416, 121, 190, 242, 0.4830365478992462
0, 500, 472, 22, 50, 0.48272958397865295
0, 339, 79, 343, 161, 0.48272189497947693
0, 412, 139, 199, 278, 0.48225024342536926
0, 401, 157, 127, 90, 0.48212939500808716
0, 502, 162, 18, 43, 0.482087105512619
0, 63, 51, 125, 103, 0.4818967580795288
0, 420, 84, 183, 169, 0.4817397892475128
0, 501, 461, 20, 30, 0.4816620945930481
0, 398, 160, 111, 94, 0.4812506139278412
0, 447, 177, 32, 41, 0.4812001883983612
0, 262, 39, 511, 79, 0.4810422360897064
0, 45, 55, 90, 110, 0.48008599877357483
0, 497, 224, 28, 75, 0.4800262749195099
0, 29, 57, 57, 113, 0.47981369495391846
0, 496, 134, 31, 72, 0.47946035861968994
0, 506, 214, 10, 29, 0.4794215261936188
0, 72, 90, 145, 180, 0.47934168577194214
0, 373, 86, 85, 79, 0.4793242812156677
0, 499, 490, 23, 43, 0.4790186882019043
0, 404, 107, 213, 213, 0.47886207699775696
0, 29, 31, 58, 63, 0.4787646532058716
0, 486, 206, 51, 132, 0.47852084040641785
0, 382, 84, 92, 71, 0.4784771203994751
0, 447, 172, 31, 32, 0.4783676862716675
0, 418, 106, 188, 213, 0.47820040583610535
0, 430, 172, 60, 69, 0.47780221700668335
0, 382, 106, 94, 85, 0.47770893573760986
0, 499, 268, 22, 36, 0.47741928696632385
0, 502, 156, 17, 37, 0.4773763418197632
0, 467, 105, 88, 211, 0.4773484766483307
0, 397, 121, 130, 130, 0.4771289825439453
0, 505, 220, 12, 72, 0.47702354192733765
0, 502, 388, 19, 27, 0.4770019054412842
0, 500, 489, 22, 43, 0.4769306480884552
0, 503, 469, 15, 24, 0.47666022181510925
0, 492, 141, 38, 81, 0.47638824582099915
0, 54, 86, 107, 170, 0.4763079583644867
0, 420, 107, 185, 196, 0.4762939512729645
0, 397, 130, 131, 133, 0.47627052664756775
0, 486, 206, 51, 111, 0.47604337334632874
0, 62, 31, 123, 64, 0.4760138988494873
0, 502, 161, 18, 42, 0.4750461280345917
0, 467, 98, 88, 197, 0.47485220432281494
0, 461, 92, 100, 185, 0.47429704666137695
0, 500, 265, 22, 46, 0.4731449782848358
0, 429, 39, 165, 81, 0.4718092381954193
0, 256, 87, 511, 173, 0.4712474048137665
0, 408, 135, 36, 27, 0.4693773090839386
0, 382, 99, 103, 105, 0.46900150179862976
0, 493, 82, 37, 165, 0.4676075279712677
0, 19, 32, 38, 65, 0.467381089925766
0, 379, 149, 94, 88, 0.4672744572162628
0, 479, 80, 65, 161, 0.4671671390533447
0, 440, 69, 137, 137, 0.46549591422080994
0, 256, 87, 511, 177, 0.4643559455871582
0, 466, 34, 44, 31, 0.46432286500930786
0, 468, 90, 86, 181, 0.4642750024795532
0, 466, 53, 90, 108, 0.4640212655067444
0, 393, 132, 63, 40, 0.46336448192596436
0, 505, 275, 12, 44, 0.4631383419036865
0, 467, 49, 88, 97, 0.46306875348091125
0, 467, 89, 85, 181, 0.46062740683555603
0, 465, 69, 91, 139, 0.46013370156288147
0, 466, 43, 90, 87, 0.45986583828926086
0, 505, 268, 12, 37, 0.45964905619621277
0, 400, 131, 51, 37, 0.45903265476226807
0, 477, 67, 68, 135, 0.4581291079521179
0, 471, 65, 81, 131, 0.45337921380996704
0, 400, 128, 15, 20, 0.4533548057079315
0, 361, 78, 61, 60, 0.4509027302265167
0, 501, 29, 19, 32, 0.4497241675853729
0, 487, 46, 49, 94, 0.4459668695926666
0, 490, 35, 41, 70, 0.4359762668609619
0, 8, 5, 16, 11, 0.43467438220977783
0, 489, 15, 46, 30, 0.43141376972198486
0, 492, 39, 39, 79, 0.4310988783836365
