0, 867.0, 566.0, 17.0, 19.0, 0.5466878414154053
0, 356.0, 277.0, 20.0, 23.0, 0.5379104614257812
0, 153.0, 418.0, 21.0, 23.0, 0.5151865482330322
0, 562.0, 277.0, 21.0, 19.0, 0.5099778175354004
0, 469.0, 271.0, 21.0, 18.0, 0.5091927647590637
0, 57.0, 902.0, 17.0, 20.0, 0.4825286567211151
0, 310.0, 193.0, 15.0, 16.0, 0.48235994577407837
0, 977.0, 21.0, 18.0, 21.0, 0.4628128111362457
0, 106.0, 190.0, 19.0, 19.0, 0.4624500572681427
0, 571.0, 226.0, 20.0, 19.0, 0.46079525351524353
0, 546.0, 319.0, 16.0, 19.0, 0.45489728450775146
0, 758.0, 706.0, 20.0, 17.0, 0.45232388377189636
0, 390.0, 943.0, 17.0, 18.0, 0.4456394910812378
0, 60.0, 447.0, 15.0, 20.0, 0.43583089113235474
0, 559.0, 257.0, 20.0, 17.0, 0.4295707941055298
0, 344.0, 444.0, 18.0, 24.0, 0.4265921711921692
0, 15.0, 877.0, 18.0, 17.0, 0.4244632124900818
0, 557.0, 366.0, 18.0, 18.0, 0.41782715916633606
0, 766.0, 690.0, 16.0, 16.0, 0.41635364294052124
0, 59.0, 157.0, 18.0, 19.0, 0.40105924010276794
