0, 183.0, 56.0, 23.0, 24.0, 0.5612726211547852
0, 879.0, 190.0, 16.0, 25.0, 0.5584142208099365
0, 193.0, 9.0, 23.0, 18.0, 0.5484408736228943
0, 200.0, 49.0, 21.0, 22.0, 0.5346488356590271
0, 510.0, 257.0, 19.0, 20.0, 0.5329709053039551
0, 883.0, 602.0, 21.0, 26.0, 0.5277208685874939
0, 429.0, 678.0, 35.0, 26.0, 0.5027965903282166
0, 409.0, 16.0, 22.0, 24.0, 0.5012504458427429
0, 212.0, 454.0, 20.0, 20.0, 0.47749611735343933
0, 876.0, 97.0, 23.0, 22.0, 0.47685131430625916
0, 553.0, 316.0, 21.0, 21.0, 0.4631666839122772
0, 637.0, 281.0, 22.0, 19.0, 0.45177796483039856
0, 302.0, 333.0, 22.0, 24.0, 0.448146253824234
0, 60.0, 51.0, 19.0, 18.0, 0.4301128685474396
0, 175.0, 616.0, 20.0, 25.0, 0.4255933463573456
0, 279.0, 346.0, 23.0, 24.0, 0.418057918548584
0, 118.0, 854.0, 25.0, 23.0, 0.41225165128707886
