1, 344.4513854980469, 427.0728454589844, 22.25811767578125, 22.021728515625, 0.9212883710861206
1, 312.5662841796875, 639.0093994140625, 22.512786865234375, 24.86956787109375, 0.8993613123893738
1, 338.401611328125, 383.95263671875, 16.452362060546875, 19.956695556640625, 0.8783327341079712
1, 260.2253112792969, 879.0528564453125, 20.941787719726562, 21.19134521484375, 0.8741737604141235
1, 52.666378021240234, 263.96099853515625, 21.397926330566406, 21.695785522460938, 0.8736447095870972
1, 262.3711242675781, 283.08905029296875, 19.649368286132812, 23.968963623046875, 0.8726024031639099
1, 35.38477325439453, 39.59785842895508, 17.501102447509766, 16.97052764892578, 0.8723723888397217
1, 270.52001953125, 832.820556640625, 18.310943603515625, 21.22650146484375, 0.8712276816368103
1, 305.03021240234375, 197.29202270507812, 21.076934814453125, 20.014511108398438, 0.8689005970954895
1, 88.76898193359375, 629.706298828125, 19.761199951171875, 21.4034423828125, 0.863905131816864
1, 390.89556884765625, 444.6727294921875, 17.323638916015625, 20.839111328125, 0.863305926322937
1, 18.89641571044922, 215.14492797851562, 17.733104705810547, 21.64874267578125, 0.8624802231788635
1, 9.36381721496582, 277.74591064453125, 18.297039031982422, 18.588287353515625, 0.8619559407234192
1, 156.47412109375, 233.66517639160156, 20.291122436523438, 23.83648681640625, 0.8617925643920898
1, 374.90570068359375, 46.87371826171875, 18.50653076171875, 20.14307403564453, 0.8614155054092407
1, 368.0965576171875, 308.58526611328125, 20.431304931640625, 22.281402587890625, 0.8612810373306274
1, 239.9424285888672, 837.100830078125, 17.555267333984375, 23.94110107421875, 0.8571999669075012
1, 138.53396606445312, 380.0, 20.667648315429688, 24.4453125, 0.8562063574790955
1, 32.637420654296875, 433.4130859375, 16.929916381835938, 21.510162353515625, 0.8553179502487183
1, 112.47836303710938, 782.2859497070312, 22.065528869628906, 19.6744384765625, 0.8517941832542419
1, 166.68283081054688, 178.51235961914062, 19.031906127929688, 19.179046630859375, 0.8511267900466919
1, 126.81781005859375, 137.2594757080078, 18.90186309814453, 21.658729553222656, 0.8498537540435791
1, 365.60546875, 619.6663818359375, 19.85089111328125, 17.64788818359375, 0.8486844301223755
1, 355.31134033203125, 594.54248046875, 17.137969970703125, 23.83203125, 0.8455570936203003
1, 69.98499298095703, 247.14053344726562, 20.254806518554688, 19.212905883789062, 0.8433500528335571
1, 26.49137306213379, 773.200439453125, 18.940135955810547, 17.22027587890625, 0.842738687992096
1, 306.1305236816406, 614.3876342773438, 19.35540771484375, 19.1119384765625, 0.841387152671814
1, 52.8336181640625, 933.3011474609375, 21.378284454345703, 18.0167236328125, 0.8389608263969421
1, 22.330150604248047, 378.1596984863281, 18.38372230529785, 19.17718505859375, 0.8347119688987732
1, 390.1279296875, 306.1463623046875, 19.376708984375, 22.516265869140625, 0.8325037360191345
1, 50.50201416015625, 445.5963134765625, 19.541812896728516, 22.96405029296875, 0.8304514288902283
1, 379.3958740234375, 332.8487243652344, 18.058502197265625, 23.44329833984375, 0.8293548226356506
1, 71.12030029296875, 278.1900634765625, 22.372161865234375, 23.979644775390625, 0.8286183476448059
1, 35.83364486694336, 732.6031494140625, 15.872108459472656, 20.04656982421875, 0.8279631733894348
1, 50.189727783203125, 752.810546875, 21.962486267089844, 17.45159912109375, 0.8275572061538696
1, 256.2646789550781, 592.6452026367188, 15.66558837890625, 22.9832763671875, 0.82667475938797
1, 305.34075927734375, 670.9368286132812, 17.129730224609375, 23.1630859375, 0.8265835642814636
1, 279.64080810546875, 254.9138946533203, 17.4471435546875, 23.613861083984375, 0.8209701180458069
1, 27.33011245727539, 250.6145477294922, 25.60685920715332, 20.990692138671875, 0.8201506733894348
1, 159.05514526367188, 589.3582763671875, 17.51873779296875, 16.61944580078125, 0.8194707036018372
1, 174.50228881835938, 870.2496337890625, 20.658676147460938, 18.5687255859375, 0.8158366084098816
1, 141.90185546875, 269.3287353515625, 18.885772705078125, 18.61175537109375, 0.8153828382492065
1, 129.41026306152344, 96.35234069824219, 18.394798278808594, 17.650596618652344, 0.8141252398490906
1, 302.5322265625, 231.94357299804688, 18.8897705078125, 20.43072509765625, 0.8136038780212402
1, 346.309814453125, 636.8527221679688, 22.418609619140625, 24.1591796875, 0.8134797215461731
1, 28.861539840698242, 484.9064636230469, 17.712047576904297, 16.2147216796875, 0.8127553462982178
1, 189.06350708007812, 105.37789916992188, 19.182205200195312, 17.456893920898438, 0.8125907182693481
1, 31.361042022705078, 150.80880737304688, 17.77616310119629, 19.847671508789062, 0.8120147585868835
1, 384.6118469238281, 274.86492919921875, 18.937255859375, 25.310943603515625, 0.8118794560432434
1, 224.9559326171875, 543.7862548828125, 16.108001708984375, 18.3360595703125, 0.8113104701042175
1, 332.68548583984375, 402.1074523925781, 21.869171142578125, 18.42236328125, 0.810295581817627
1, 13.912293434143066, 38.37668991088867, 16.340871810913086, 18.546525955200195, 0.8102076649665833
1, 115.71969604492188, 426.1327819824219, 19.594131469726562, 22.3763427734375, 0.8101279139518738
1, 15.863166809082031, 346.30694580078125, 16.611221313476562, 21.420806884765625, 0.8089895844459534
1, 355.501953125, 389.9330139160156, 15.984222412109375, 23.20404052734375, 0.8085734248161316
1, 291.42169189453125, 19.835243225097656, 18.11065673828125, 23.447235107421875, 0.8079274296760559
1, 66.23392486572266, 225.07394409179688, 16.01422119140625, 21.262863159179688, 0.8073819279670715
1, 67.47998046875, 15.523284912109375, 17.699874877929688, 20.44283676147461, 0.8066059350967407
1, 303.1268310546875, 560.348388671875, 20.65673828125, 20.6776123046875, 0.8055199980735779
1, 288.4757080078125, 112.83541870117188, 22.20648193359375, 24.26819610595703, 0.8041964173316956
1, 375.8133544921875, 676.7601928710938, 18.393768310546875, 17.32275390625, 0.8035019040107727
1, 322.73687744140625, 69.8738784790039, 17.835662841796875, 23.422992706298828, 0.8028711080551147
1, 126.90382385253906, 305.116943359375, 18.58623504638672, 22.492889404296875, 0.8025333285331726
1, 99.87071228027344, 681.3042602539062, 18.50214385986328, 17.3858642578125, 0.8018847703933716
1, 367.7222595214844, 271.26812744140625, 15.61224365234375, 28.3292236328125, 0.7965576648712158
1, 163.12332153320312, 325.57940673828125, 25.243804931640625, 21.389129638671875, 0.7957373857498169
1, 284.44866943359375, 44.90050506591797, 16.855377197265625, 20.175052642822266, 0.7946068644523621
1, 310.95501708984375, 320.02142333984375, 17.526885986328125, 17.653411865234375, 0.7908381819725037
1, 96.05583190917969, 826.1026611328125, 16.39116668701172, 19.2161865234375, 0.7897393107414246
1, 95.56948852539062, 403.73321533203125, 18.321792602539062, 18.162994384765625, 0.7889930605888367
1, 75.69725799560547, 916.5657958984375, 19.289703369140625, 19.61419677734375, 0.7889738082885742
1, 13.708001136779785, 445.80926513671875, 20.17377281188965, 19.006195068359375, 0.7883260250091553
1, 368.4625244140625, 150.82296752929688, 17.425933837890625, 20.735061645507812, 0.7851397395133972
1, 205.25448608398438, 165.15049743652344, 17.496475219726562, 20.56146240234375, 0.7844102382659912
1, 89.93292236328125, 788.919189453125, 17.391929626464844, 20.29473876953125, 0.7841311097145081
1, 330.89007568359375, 350.29913330078125, 17.552825927734375, 22.04705810546875, 0.7833407521247864
1, 242.1451873779297, 409.50323486328125, 17.696990966796875, 21.326324462890625, 0.7813843488693237
1, 38.27133560180664, 673.2950439453125, 21.73719596862793, 16.8922119140625, 0.7813833355903625
1, 294.9007263183594, 258.64556884765625, 15.638671875, 20.77642822265625, 0.7811675071716309
1, 20.006258010864258, 317.25079345703125, 28.289836883544922, 22.371551513671875, 0.7803687453269958
1, 252.2711944580078, 255.91073608398438, 24.779632568359375, 20.117996215820312, 0.780048668384552
1, 65.3065414428711, 565.516357421875, 16.991226196289062, 22.8798828125, 0.7783914804458618
1, 269.69171142578125, 714.9752197265625, 25.4859619140625, 21.33087158203125, 0.7783298492431641
1, 53.54572296142578, 40.67091751098633, 15.61361312866211, 18.12257957458496, 0.7774360179901123
1, 385.25897216796875, 750.6862182617188, 19.002044677734375, 20.8914794921875, 0.7754378318786621
1, 138.30963134765625, 322.5565185546875, 15.671539306640625, 18.435211181640625, 0.7753416895866394
1, 334.85687255859375, 875.0297241210938, 16.581024169921875, 18.0384521484375, 0.7753334045410156
1, 264.6720886230469, 401.399169921875, 16.817138671875, 20.789398193359375, 0.7731041312217712
1, 94.80609130859375, 208.94918823242188, 14.351272583007812, 22.139129638671875, 0.7715909481048584
1, 198.50039672851562, 127.89795684814453, 18.116683959960938, 24.782394409179688, 0.7715290188789368
1, 363.68939208984375, 414.80609130859375, 18.72515869140625, 18.537384033203125, 0.7709812521934509
1, 32.33255386352539, 456.2279357910156, 21.674484252929688, 18.39788818359375, 0.7709723711013794
1, 57.99059295654297, 355.44775390625, 21.28915786743164, 24.107177734375, 0.7703762054443359
1, 170.5641326904297, 158.3436279296875, 20.11395263671875, 17.90826416015625, 0.7698181867599487
1, 363.07110595703125, 761.93310546875, 19.39111328125, 17.48870849609375, 0.7697022557258606
1, 184.70680236816406, 446.2349853515625, 24.868255615234375, 25.298126220703125, 0.7680342197418213
1, 136.05506896972656, 113.05571746826172, 16.26093292236328, 18.006622314453125, 0.7649839520454407
1, 309.97369384765625, 404.41229248046875, 18.1341552734375, 17.401519775390625, 0.7646873593330383
1, 394.9434509277344, 219.4490203857422, 10.11309814453125, 19.94976806640625, 0.7638929486274719
1, 209.39292907714844, 514.8938598632812, 22.89501953125, 23.0538330078125, 0.7636276483535767
1, 248.46432495117188, 565.6746826171875, 17.0296630859375, 17.32403564453125, 0.763252317905426
1, 266.4911193847656, 103.35591125488281, 15.70849609375, 18.957420349121094, 0.7632291316986084
1, 110.18856811523438, 700.8424072265625, 16.996559143066406, 21.2698974609375, 0.7628564834594727
1, 220.32870483398438, 857.3458862304688, 19.839324951171875, 16.1016845703125, 0.7626003623008728
1, 392.405029296875, 959.2462158203125, 15.189971923828125, 17.67510986328125, 0.7624245882034302
1, 78.79501342773438, 468.18817138671875, 14.870307922363281, 15.63812255859375, 0.7611193060874939
1, 219.45205688476562, 834.2763671875, 16.051284790039062, 17.4718017578125, 0.7601610422134399
1, 335.7469482421875, 532.2969970703125, 17.789794921875, 21.09918212890625, 0.7591057419776917
1, 367.66357421875, 451.3369445800781, 17.73748779296875, 23.04595947265625, 0.759040892124176
1, 266.30316162109375, 235.21441650390625, 16.6829833984375, 20.696533203125, 0.7581390142440796
1, 364.14276123046875, 557.9669189453125, 19.478790283203125, 20.44952392578125, 0.756953775882721
1, 209.79383850097656, 283.29022216796875, 20.1788330078125, 21.8515625, 0.7565920352935791
1, 56.26300048828125, 475.98492431640625, 16.132991790771484, 15.907440185546875, 0.7565065622329712
1, 43.651634216308594, 910.167724609375, 15.427669525146484, 16.65325927734375, 0.756463348865509
1, 64.53467559814453, 847.3204345703125, 18.76806640625, 20.28009033203125, 0.7555789351463318
1, 269.99053955078125, 15.231415748596191, 19.175506591796875, 18.48771095275879, 0.7543784379959106
1, 234.43670654296875, 151.71102905273438, 16.608001708984375, 20.710952758789062, 0.7535302639007568
1, 45.091453552246094, 223.324462890625, 21.385879516601562, 25.093185424804688, 0.7527713179588318
1, 291.5963439941406, 583.486083984375, 18.571533203125, 20.85693359375, 0.7524500489234924
1, 224.32046508789062, 40.97306823730469, 17.32525634765625, 18.095651626586914, 0.7513990998268127
1, 220.43768310546875, 311.17779541015625, 19.777206420898438, 16.84393310546875, 0.750623345375061
1, 239.20730590820312, 28.949020385742188, 17.486831665039062, 22.125871658325195, 0.7500419020652771
1, 33.381629943847656, 233.42694091796875, 19.87893295288086, 19.2708740234375, 0.7477688193321228
1, 95.25639343261719, 481.43377685546875, 19.112625122070312, 14.100830078125, 0.7460693717002869
1, 32.700286865234375, 344.5180969238281, 17.336933135986328, 21.11151123046875, 0.7452247738838196
1, 388.8823547363281, 632.57275390625, 20.7891845703125, 17.36895751953125, 0.744083821773529
1, 250.9193115234375, 89.7733154296875, 15.96405029296875, 17.74310302734375, 0.7418537735939026
1, 251.0384521484375, 625.1868896484375, 18.048171997070312, 20.81683349609375, 0.7399960160255432
1, 13.547730445861816, 427.3660583496094, 18.10527229309082, 17.06195068359375, 0.7387120723724365
1, 81.50083923339844, 420.92999267578125, 14.859413146972656, 23.614105224609375, 0.7386621832847595
1, 106.18183898925781, 745.3974609375, 15.711189270019531, 18.4508056640625, 0.7386112809181213
1, 202.254638671875, 67.7547607421875, 17.818405151367188, 21.1290283203125, 0.7378993630409241
1, 311.8198547363281, 872.0682373046875, 24.584716796875, 27.01959228515625, 0.7352568507194519
1, 317.2298889160156, 584.704833984375, 20.69354248046875, 23.57183837890625, 0.7344952821731567
1, 147.5466766357422, 80.11076354980469, 17.1007080078125, 22.387672424316406, 0.7342716455459595
1, 131.10516357421875, 789.8384399414062, 16.505172729492188, 17.131103515625, 0.7333922386169434
1, 196.20553588867188, 820.4661865234375, 18.749710083007812, 20.22174072265625, 0.7331658601760864
1, 95.74345397949219, 449.7877197265625, 19.80426025390625, 28.951019287109375, 0.732391893863678
1, 394.3623046875, 59.06272888183594, 11.275390625, 23.886638641357422, 0.7320156693458557
1, 12.889779090881348, 470.4454345703125, 22.143938064575195, 18.453216552734375, 0.7319605946540833
1, 389.6636962890625, 85.38848876953125, 15.436920166015625, 17.435386657714844, 0.7317565083503723
1, 281.0472412109375, 672.6461181640625, 16.654693603515625, 19.16864013671875, 0.7313476204872131
1, 155.7518768310547, 298.66314697265625, 25.921966552734375, 27.922393798828125, 0.7310912013053894
1, 31.107927322387695, 409.26776123046875, 13.59628677368164, 18.045379638671875, 0.7310535907745361
1, 338.55517578125, 232.74542236328125, 20.81951904296875, 26.540679931640625, 0.7308129072189331
1, 103.7286148071289, 77.73428344726562, 14.87823486328125, 20.43433380126953, 0.7306311130523682
1, 212.66424560546875, 814.160888671875, 20.119125366210938, 20.69818115234375, 0.7304831147193909
1, 394.2651672363281, 380.6719665527344, 11.46966552734375, 21.637939453125, 0.7304292917251587
1, 179.63607788085938, 122.09407806396484, 16.443283081054688, 18.519149780273438, 0.7298705577850342
1, 289.95831298828125, 81.08424377441406, 16.720306396484375, 25.30059051513672, 0.7284640073776245
1, 229.89190673828125, 690.9052734375, 20.220626831054688, 24.51422119140625, 0.7278698086738586
1, 297.17315673828125, 156.83547973632812, 15.928009033203125, 17.778182983398438, 0.7263997197151184
1, 97.61561584472656, 151.06643676757812, 32.910247802734375, 25.541107177734375, 0.7263606190681458
1, 5.786045074462891, 137.13232421875, 11.572090148925781, 25.728500366210938, 0.7261356115341187
1, 101.78556060791016, 865.747802734375, 19.1900634765625, 19.3846435546875, 0.725476086139679
1, 337.96044921875, 452.4781799316406, 21.051177978515625, 21.00982666015625, 0.7253884077072144
1, 74.23497009277344, 371.9083251953125, 19.804824829101562, 20.366302490234375, 0.7252889275550842
1, 390.6966857910156, 588.4539794921875, 18.60662841796875, 19.51519775390625, 0.7251373529434204
1, 312.63690185546875, 174.84829711914062, 20.458404541015625, 19.234634399414062, 0.7242242097854614
1, 364.2675476074219, 241.59564208984375, 17.846923828125, 20.979904174804688, 0.723698616027832
1, 89.66070556640625, 992.0157470703125, 22.99359130859375, 15.96856689453125, 0.7219852209091187
1, 72.40447235107422, 441.5461730957031, 16.820159912109375, 21.55255126953125, 0.72111576795578
1, 131.90206909179688, 237.51806640625, 17.76001739501953, 19.246734619140625, 0.7203950881958008
1, 146.17271423339844, 881.0146484375, 23.837677001953125, 17.88299560546875, 0.7190609574317932
1, 297.186767578125, 521.83056640625, 22.300628662109375, 24.557830810546875, 0.7188383936882019
1, 148.26934814453125, 191.0034637451172, 16.410049438476562, 20.068145751953125, 0.7167648673057556
1, 144.66546630859375, 339.65826416015625, 17.199508666992188, 20.611053466796875, 0.7156416773796082
1, 214.8681640625, 245.7459716796875, 14.112045288085938, 11.758255004882812, 0.7136549353599548
1, 47.54045486450195, 612.7625732421875, 21.005897521972656, 22.91741943359375, 0.7125651240348816
1, 292.719970703125, 631.5772094726562, 16.852447509765625, 24.238037109375, 0.7096821665763855
1, 92.63264465332031, 55.419471740722656, 21.11614227294922, 32.70426559448242, 0.7091314196586609
1, 25.265201568603516, 657.771240234375, 17.181137084960938, 16.19879150390625, 0.7053792476654053
1, 214.6210479736328, 416.1225280761719, 19.904083251953125, 16.455322265625, 0.7030560970306396
1, 196.96029663085938, 234.32638549804688, 16.680709838867188, 20.397613525390625, 0.7018764615058899
1, 283.03607177734375, 569.2144775390625, 14.53277587890625, 13.466064453125, 0.701786994934082
1, 115.74832153320312, 801.0653076171875, 23.120521545410156, 19.11517333984375, 0.7016371488571167
1, 389.5728759765625, 819.765380859375, 19.05126953125, 18.78509521484375, 0.7015452980995178
1, 162.96139526367188, 433.92779541015625, 19.439132690429688, 21.6993408203125, 0.7015364170074463
1, 346.97149658203125, 677.0701904296875, 19.27130126953125, 17.3094482421875, 0.7010514736175537
1, 157.43052673339844, 253.7242431640625, 14.900054931640625, 12.825790405273438, 0.7007161974906921
1, 226.87319946289062, 172.196533203125, 19.105804443359375, 19.164306640625, 0.6965897679328918
1, 379.9766540527344, 430.3295593261719, 16.21221923828125, 18.986328125, 0.6960486173629761
1, 145.28976440429688, 976.5131225585938, 24.274063110351562, 20.07421875, 0.6958295702934265
1, 25.21405601501465, 716.7457275390625, 19.328426361083984, 14.89971923828125, 0.6947406530380249
1, 92.03458404541016, 656.8795166015625, 21.08306884765625, 29.3199462890625, 0.6932821869850159
1, 335.3590087890625, 613.3746948242188, 21.386566162109375, 23.135498046875, 0.6896252036094666
1, 262.1415710449219, 644.752197265625, 23.814804077148438, 16.72222900390625, 0.6879430413246155
1, 358.52349853515625, 27.13296890258789, 22.71221923828125, 27.84699249267578, 0.6869400143623352
1, 42.22521209716797, 67.60821533203125, 19.19039535522461, 19.410350799560547, 0.6858747005462646
1, 328.3108825683594, 441.54888916015625, 19.8619384765625, 24.214935302734375, 0.6857589483261108
1, 236.02984619140625, 969.7032470703125, 23.134231567382812, 19.84210205078125, 0.685584545135498
1, 174.8941192626953, 414.9971618652344, 26.966400146484375, 30.35992431640625, 0.6851449012756348
1, 304.07025146484375, 361.49456787109375, 18.658050537109375, 26.060699462890625, 0.6830978989601135
1, 140.95166015625, 908.3109130859375, 22.30218505859375, 19.218017578125, 0.6815072894096375
1, 48.38090133666992, 315.40533447265625, 19.02686309814453, 37.000213623046875, 0.6814057230949402
1, 187.72879028320312, 912.65869140625, 21.748428344726562, 18.92926025390625, 0.6775906682014465
1, 282.151123046875, 359.82452392578125, 20.21484375, 26.998779296875, 0.6773320436477661
1, 131.91822814941406, 286.4703369140625, 13.911231994628906, 15.16119384765625, 0.6769530773162842
1, 380.2340393066406, 228.41944885253906, 17.43328857421875, 21.077545166015625, 0.6759880185127258
1, 136.65093994140625, 581.6416015625, 18.8890380859375, 17.83673095703125, 0.6758793592453003
1, 394.97515869140625, 923.000244140625, 10.049713134765625, 16.33233642578125, 0.675815224647522
1, 246.82455444335938, 815.1004638671875, 14.339111328125, 17.71832275390625, 0.6757582426071167
1, 392.15252685546875, 658.9873046875, 15.694915771484375, 22.70428466796875, 0.6752795577049255
1, 125.98631286621094, 539.219482421875, 18.16362762451172, 26.22528076171875, 0.6751435995101929
1, 37.48119354248047, 107.92616271972656, 20.27224349975586, 22.67102813720703, 0.6741152405738831
1, 321.01123046875, 689.5203857421875, 13.7115478515625, 20.51617431640625, 0.6730714440345764
1, 389.48870849609375, 31.572402954101562, 18.175323486328125, 13.862310409545898, 0.672579824924469
1, 99.03597259521484, 369.9937744140625, 15.254608154296875, 18.566162109375, 0.6710920333862305
1, 90.34406280517578, 307.1232604980469, 16.570755004882812, 25.85113525390625, 0.6710671782493591
1, 390.975341796875, 173.1155548095703, 17.280029296875, 16.691650390625, 0.6696938872337341
1, 348.78631591796875, 691.5838623046875, 18.54498291015625, 16.80316162109375, 0.6695168614387512
1, 166.52337646484375, 850.77294921875, 16.102218627929688, 21.31048583984375, 0.6694692373275757
1, 167.5098419189453, 203.211669921875, 20.03326416015625, 21.99505615234375, 0.6685335040092468
1, 322.1112060546875, 835.4775390625, 18.740264892578125, 17.14263916015625, 0.6672245264053345
1, 232.55828857421875, 518.4407348632812, 24.625534057617188, 35.0848388671875, 0.666246235370636
1, 63.321266174316406, 640.8980712890625, 20.293228149414062, 22.18499755859375, 0.6648625731468201
1, 278.19171142578125, 691.6416625976562, 18.831573486328125, 19.8773193359375, 0.6642727851867676
1, 86.4314193725586, 258.8041687011719, 18.113983154296875, 19.943893432617188, 0.6631519198417664
1, 117.96281433105469, 592.2022705078125, 19.56189727783203, 24.56646728515625, 0.6612740755081177
1, 331.9900817871094, 819.49267578125, 15.4683837890625, 22.288818359375, 0.6591061353683472
1, 321.5289001464844, 663.0159912109375, 18.916259765625, 22.30413818359375, 0.6590445041656494
1, 393.18792724609375, 356.4396057128906, 13.498199462890625, 17.3131103515625, 0.6568992733955383
1, 72.11912536621094, 606.8861083984375, 23.48995590209961, 18.2537841796875, 0.6560351252555847
1, 311.893798828125, 136.41690063476562, 13.692779541015625, 16.537887573242188, 0.6551981568336487
1, 395.478515625, 246.3975830078125, 9.04296875, 27.7642822265625, 0.653461217880249
1, 75.10478973388672, 586.4237060546875, 16.763259887695312, 20.71405029296875, 0.6516596674919128
1, 391.3343505859375, 15.588054656982422, 17.331268310546875, 23.814517974853516, 0.6509725451469421
1, 282.1919250488281, 500.52239990234375, 18.8546142578125, 17.313873291015625, 0.6503794193267822
1, 40.484947204589844, 21.48302459716797, 23.167011260986328, 19.438995361328125, 0.648400068283081
1, 187.36175537109375, 251.07736206054688, 25.53173828125, 23.166976928710938, 0.6476532816886902
1, 269.89886474609375, 34.3608283996582, 16.862823486328125, 18.989656448364258, 0.6462359428405762
1, 71.66458129882812, 393.20574951171875, 19.960548400878906, 17.057647705078125, 0.6446112394332886
1, 45.612396240234375, 384.7989501953125, 19.738494873046875, 21.51654052734375, 0.6427979469299316
1, 395.0199890136719, 469.77752685546875, 9.96002197265625, 21.961517333984375, 0.6391775012016296
1, 386.3468017578125, 487.30926513671875, 23.6024169921875, 24.215362548828125, 0.6363159418106079
1, 28.777774810791016, 289.7808837890625, 17.722936630249023, 18.76885986328125, 0.6353966593742371
1, 24.390275955200195, 270.01934814453125, 18.876598358154297, 16.613037109375, 0.6328736543655396
1, 341.24407958984375, 825.8771362304688, 16.062103271484375, 23.005859375, 0.6327254772186279
1, 133.76898193359375, 442.7543029785156, 23.17688751220703, 28.56842041015625, 0.6286499500274658
1, 253.64804077148438, 697.3236694335938, 18.400405883789062, 32.0703125, 0.6282153129577637
1, 68.74815368652344, 142.5814208984375, 15.727348327636719, 14.25665283203125, 0.6280020475387573
1, 88.46328735351562, 17.554479598999023, 20.996360778808594, 24.998695373535156, 0.6275774240493774
1, 54.584808349609375, 579.03515625, 17.02191925048828, 19.46783447265625, 0.6275028586387634
1, 223.89134216308594, 716.6959838867188, 19.795013427734375, 16.16943359375, 0.6257482171058655
1, 381.533203125, 67.32833862304688, 16.54132080078125, 19.851024627685547, 0.6245195269584656
1, 95.85779571533203, 598.7400512695312, 16.7528076171875, 21.8043212890625, 0.6230137348175049
1, 352.1531066894531, 469.0833740234375, 20.1771240234375, 24.402862548828125, 0.6224085092544556
1, 216.1827392578125, 367.30181884765625, 22.2586669921875, 20.37225341796875, 0.6222977638244629
1, 195.97315979003906, 196.0105438232422, 16.054718017578125, 21.44476318359375, 0.6210293769836426
1, 354.8352966308594, 128.1310577392578, 23.4500732421875, 25.944236755371094, 0.6206997632980347
1, 12.193995475769043, 184.58856201171875, 17.923917770385742, 20.645553588867188, 0.6199980974197388
1, 76.82779693603516, 36.53083419799805, 20.404693603515625, 21.043304443359375, 0.6186667084693909
1, 225.30990600585938, 566.3209838867188, 16.289382934570312, 19.7794189453125, 0.6181272268295288
1, 292.3552551269531, 201.78811645507812, 14.04205322265625, 20.878463745117188, 0.6175510287284851
1, 117.22501373291016, 115.45858764648438, 15.288528442382812, 25.01428985595703, 0.6154700517654419
1, 80.13735961914062, 107.89530944824219, 34.9884033203125, 40.477073669433594, 0.6150122880935669
1, 16.626678466796875, 628.166259765625, 23.453027725219727, 23.54095458984375, 0.6133504509925842
1, 72.14939880371094, 660.384521484375, 14.887893676757812, 16.51275634765625, 0.6133148074150085
1, 239.11326599121094, 59.97475814819336, 19.2677001953125, 21.11560821533203, 0.6132512092590332
1, 61.39027404785156, 673.25830078125, 21.824443817138672, 15.99444580078125, 0.6132428646087646
1, 274.72418212890625, 470.6588134765625, 18.14495849609375, 23.67730712890625, 0.6128175854682922
1, 329.7034912109375, 943.003662109375, 18.62744140625, 19.81378173828125, 0.6123147010803223
1, 307.658203125, 809.982666015625, 20.9556884765625, 17.8997802734375, 0.6117783188819885
1, 120.32965850830078, 572.2529296875, 18.722091674804688, 16.82965087890625, 0.6073085069656372
1, 142.38404846191406, 9.584417343139648, 20.82867431640625, 18.71700668334961, 0.6066288948059082
1, 5.403437614440918, 233.94195556640625, 10.617143630981445, 25.5230712890625, 0.6062129139900208
1, 296.64263916015625, 858.95751953125, 17.595977783203125, 23.15313720703125, 0.6043776273727417
1, 293.42218017578125, 921.17724609375, 23.861419677734375, 16.32135009765625, 0.6041346788406372
1, 96.55742645263672, 562.158447265625, 18.635391235351562, 23.15509033203125, 0.6039549708366394
1, 125.20230865478516, 818.1360473632812, 23.515548706054688, 15.775146484375, 0.6037492752075195
1, 246.14935302734375, 131.89315795898438, 21.236434936523438, 21.1187744140625, 0.6021379828453064
1, 40.48499298095703, 592.5091552734375, 17.081804275512695, 22.59234619140625, 0.6000892519950867
1, 367.00408935546875, 96.76997375488281, 21.515228271484375, 24.4197998046875, 0.5990393757820129
1, 107.76067352294922, 271.8465270996094, 17.656982421875, 25.36663818359375, 0.5973677635192871
1, 265.122802734375, 983.8630981445312, 28.942855834960938, 30.4986572265625, 0.5969846844673157
1, 394.6280822753906, 333.3806457519531, 10.74383544921875, 24.01190185546875, 0.5959212183952332
1, 181.03948974609375, 78.79708862304688, 17.739151000976562, 21.285888671875, 0.5954778790473938
1, 165.5093536376953, 88.90864562988281, 17.614959716796875, 22.10338592529297, 0.5951327681541443
1, 345.26513671875, 266.77557373046875, 22.975006103515625, 22.286651611328125, 0.5947542786598206
1, 223.31468200683594, 716.5684814453125, 19.13836669921875, 16.88427734375, 0.5919279456138611
0, 146.69764709472656, 758.943115234375, 21.284271240234375, 34.30389404296875, 0.5912590026855469
1, 130.37020874023438, 353.5846252441406, 16.20580291748047, 16.99920654296875, 0.5904802680015564
1, 376.8385314941406, 803.4176025390625, 22.48809814453125, 24.30206298828125, 0.5898680686950684
1, 309.58453369140625, 339.166748046875, 19.99505615234375, 19.855438232421875, 0.5888954997062683
1, 342.93011474609375, 491.2100524902344, 15.624908447265625, 17.319580078125, 0.5861530900001526
1, 77.85575866699219, 896.978515625, 17.485702514648438, 18.04168701171875, 0.5858110189437866
1, 45.973365783691406, 640.5825805664062, 17.191112518310547, 19.883056640625, 0.585800290107727
1, 305.1280517578125, 698.7415771484375, 16.058624267578125, 17.38531494140625, 0.5857075452804565
1, 234.88792419433594, 272.16845703125, 18.194183349609375, 22.84423828125, 0.5822315216064453
1, 67.53115844726562, 195.1002197265625, 15.766319274902344, 20.525543212890625, 0.5807454586029053
1, 329.02215576171875, 151.09664916992188, 22.750701904296875, 30.604949951171875, 0.5785068869590759
1, 104.7080078125, 312.5350646972656, 17.59979248046875, 22.74761962890625, 0.5781947374343872
1, 274.87274169921875, 868.3414306640625, 16.5963134765625, 18.44219970703125, 0.5772643685340881
1, 331.2982177734375, 790.8504638671875, 13.26483154296875, 19.00335693359375, 0.5762837529182434
1, 227.01007080078125, 291.19866943359375, 14.086898803710938, 13.997802734375, 0.5752744078636169
1, 28.050487518310547, 937.7349243164062, 17.62101936340332, 24.62939453125, 0.575271487236023
1, 338.7149658203125, 508.5224304199219, 17.81622314453125, 21.82989501953125, 0.5750600695610046
1, 191.71624755859375, 40.21780776977539, 20.418167114257812, 25.29913902282715, 0.5705797672271729
1, 204.44515991210938, 25.217208862304688, 19.594070434570312, 23.188169479370117, 0.5700467228889465
1, 285.48931884765625, 882.1962890625, 16.953399658203125, 19.54632568359375, 0.5688658356666565
