2, 35.61531448364258, 96.12163543701172, 24.767911911010742, 28.838851928710938, 0.8911277651786804
2, 50.50823974609375, 127.74546813964844, 24.771121978759766, 27.63671875, 0.8624086976051331
2, 75.50157928466797, 17.062519073486328, 24.178821563720703, 25.19638442993164, 0.6730152368545532
2, 103.16405487060547, 23.210268020629883, 20.875839233398438, 21.989727020263672, 0.5365374684333801
2, 58.03916931152344, 32.8446044921875, 24.310840606689453, 24.795269012451172, 0.49977967143058777
1, 80.0986557006836, 72.14874267578125, 14.330245971679688, 15.51190185546875, 0.49553951621055603
2, 92.43037414550781, 134.41116333007812, 32.10126495361328, 15.177658081054688, 0.4343864917755127
2, 90.54736328125, 92.92170715332031, 24.94878387451172, 26.736427307128906, 0.29189902544021606
2, 26.14229965209961, 46.21116638183594, 25.67638397216797, 27.52176284790039, 0.2797081768512726
2, 90.47106170654297, 92.88301849365234, 25.161361694335938, 26.169525146484375, 0.2769199013710022
