2, 327.91748046875, 144.92007446289062, 27.39117431640625, 28.508224487304688, 0.843407928943634
2, 394.04913330078125, 155.04835510253906, 28.85357666015625, 28.405181884765625, 0.8344380855560303
1, 325.599853515625, 236.6016845703125, 20.962066650390625, 20.402542114257812, 0.8273913264274597
1, 420.3116149902344, 291.40887451171875, 17.29107666015625, 20.82666015625, 0.7196640968322754
2, 24.7449951171875, 54.073280334472656, 28.369293212890625, 25.497570037841797, 0.6649069786071777
1, 372.5489807128906, 14.873908996582031, 16.25811767578125, 18.48299789428711, 0.6613077521324158
2, 77.64828491210938, 248.34976196289062, 24.876930236816406, 23.598373413085938, 0.6339612603187561
1, 222.66212463378906, 46.09600067138672, 26.73779296875, 20.956951141357422, 0.6315890550613403
0, 94.79165649414062, 11.226934432983398, 23.969825744628906, 14.729266166687012, 0.46056538820266724
1, 364.6859130859375, 312.1976013183594, 16.353912353515625, 14.00006103515625, 0.4526509940624237
1, 137.09353637695312, 23.779386520385742, 19.402244567871094, 15.451007843017578, 0.4037737548351288
1, 320.5521545410156, 23.33768081665039, 19.25042724609375, 12.085920333862305, 0.4003944396972656
0, 313.38836669921875, 303.88232421875, 23.94696044921875, 15.64508056640625, 0.39431726932525635
0, 97.78300476074219, 267.9713134765625, 29.889358520507812, 20.87359619140625, 0.39057567715644836
0, 119.04234313964844, 53.570552825927734, 21.40898895263672, 16.111671447753906, 0.36319079995155334
2, 362.53668212890625, 265.2439270019531, 34.441650390625, 28.792236328125, 0.29779452085494995
1, 220.5914306640625, 257.48858642578125, 25.776016235351562, 25.410186767578125, 0.2591739296913147
0, 153.77716064453125, 61.32728576660156, 27.130462646484375, 18.337162017822266, 0.2519712746143341
