0, 131, 201, 17, 20, 0.9220731854438782
0, 119, 355, 19, 18, 0.9174708127975464
0, 228, 218, 20, 23, 0.8976125121116638
0, 263, 228, 20, 18, 0.8871555924415588
0, 104, 222, 26, 29, 0.886721134185791
0, 408, 61, 20, 23, 0.8821893334388733
0, 155, 341, 15, 18, 0.8724036812782288
0, 9, 141, 18, 28, 0.8646758794784546
0, 433, 28, 24, 21, 0.850770890712738
0, 58, 306, 25, 22, 0.8371769189834595
0, 482, 9, 22, 19, 0.8223387002944946
0, 252, 269, 15, 14, 0.8193989396095276
0, 186, 206, 25, 39, 0.8165222406387329
0, 415, 347, 24, 28, 0.815882682800293
0, 378, 309, 13, 17, 0.8042847514152527
0, 82, 160, 28, 35, 0.8026973009109497
0, 19, 116, 22, 28, 0.7888031005859375
0, 378, 201, 23, 16, 0.7730910778045654
0, 109, 174, 22, 27, 0.7566535472869873
0, 201, 350, 13, 15, 0.725277304649353
0, 224, 246, 15, 26, 0.7067577242851257
0, 125, 254, 46, 28, 0.6856452822685242
0, 70, 375, 12, 11, 0.6855010390281677
0, 158, 169, 13, 17, 0.6677821278572083
0, 145, 168, 12, 17, 0.663034975528717
0, 449, 5, 17, 10, 0.6527520418167114
0, 456, 71, 13, 17, 0.6383101344108582
0, 428, 113, 19, 28, 0.6216905117034912
0, 19, 504, 24, 14, 0.6198359727859497
0, 152, 69, 33, 19, 0.5642476677894592
0, 117, 253, 31, 26, 0.5387898087501526
0, 140, 140, 20, 19, 0.5158330798149109
0, 310, 410, 28, 33, 0.5087620615959167
0, 428, 63, 19, 18, 0.397299200296402
0, 503, 264, 16, 21, 0.30951541662216187
0, 388, 343, 22, 28, 0.414522260427475
0, 388, 343, 22, 28, 0.414522260427475
0, 242, 256, 16, 16, 0.4420810341835022
0, 242, 256, 16, 16, 0.4420810341835022
0, 242, 256, 16, 16, 0.4420810341835022
0, 242, 256, 16, 16, 0.4420810341835022
0, 242, 256, 16, 16, 0.4420810341835022
0, 242, 256, 16, 16, 0.4420810341835022
0, 242, 256, 16, 16, 0.4420810341835022
0, 242, 256, 16, 16, 0.4420810341835022
0, 242, 256, 16, 16, 0.4420810341835022
0, 242, 256, 16, 16, 0.4420810341835022
0, 242, 256, 16, 16, 0.4420810341835022
0, 242, 256, 16, 16, 0.4420810341835022
0, 242, 256, 16, 16, 0.4420810341835022
0, 242, 256, 16, 16, 0.4420810341835022
0, 242, 256, 16, 16, 0.4420810341835022
0, 242, 256, 16, 16, 0.4420810341835022
0, 242, 256, 16, 16, 0.4420810341835022
0, 242, 256, 16, 16, 0.4420810341835022
0, 242, 256, 16, 16, 0.4420810341835022
0, 242, 256, 16, 16, 0.4420810341835022
0, 242, 256, 16, 16, 0.4420810341835022
0, 242, 256, 16, 16, 0.4420810341835022
0, 242, 256, 16, 16, 0.4420810341835022
0, 242, 256, 16, 16, 0.4420810341835022
0, 242, 256, 16, 16, 0.4420810341835022
0, 242, 256, 16, 16, 0.4420810341835022
0, 242, 256, 16, 16, 0.4420810341835022
0, 242, 256, 16, 16, 0.4420810341835022
0, 242, 256, 16, 16, 0.4420810341835022
0, 242, 256, 16, 16, 0.4420810341835022
0, 242, 256, 16, 16, 0.4420810341835022
