0, 104.0, 66.0, 36.0, 36.0, 0.5590311288833618
0, 928.0, 315.0, 34.0, 26.0, 0.41679900884628296
0, 342.0, 138.0, 34.0, 32.0, 0.40144914388656616
0, 739.0, 201.0, 26.0, 28.0, 0.3830892741680145
0, 669.0, 470.0, 26.0, 26.0, 0.37564289569854736
0, 50.0, 119.0, 22.0, 27.0, 0.3585190176963806
0, 482.0, 392.0, 25.0, 27.0, 0.33714866638183594
0, 498.0, 180.0, 35.0, 29.0, 0.32291051745414734
0, 224.0, 565.0, 29.0, 26.0, 0.32290756702423096
0, 580.0, 479.0, 32.0, 29.0, 0.3190031051635742
0, 190.0, 740.0, 34.0, 29.0, 0.3159423768520355
0, 705.0, 153.0, 31.0, 40.0, 0.31405070424079895
0, 231.0, 242.0, 24.0, 30.0, 0.31349727511405945
0, 630.0, 495.0, 26.0, 24.0, 0.3133039176464081
0, 239.0, 118.0, 34.0, 26.0, 0.31219664216041565
0, 107.0, 177.0, 24.0, 28.0, 0.2922156751155853
0, 275.0, 224.0, 30.0, 30.0, 0.2842995822429657
0, 608.0, 529.0, 35.0, 24.0, 0.28347933292388916
0, 799.0, 681.0, 26.0, 27.0, 0.2747931182384491
0, 820.0, 63.0, 25.0, 23.0, 0.2739432454109192
0, 614.0, 801.0, 27.0, 29.0, 0.27290236949920654
0, 84.0, 540.0, 25.0, 25.0, 0.2678963840007782
0, 362.0, 976.0, 23.0, 27.0, 0.2581070065498352
