0, 370.0, 376.0, 21.0, 19.0, 0.7104862332344055
0, 945.0, 130.0, 18.0, 26.0, 0.6911339163780212
0, 218.0, 466.0, 22.0, 22.0, 0.6881150603294373
0, 372.0, 65.0, 17.0, 18.0, 0.6740874648094177
0, 335.0, 434.0, 18.0, 19.0, 0.6656929850578308
0, 733.0, 77.0, 20.0, 21.0, 0.6595094799995422
0, 335.0, 370.0, 17.0, 20.0, 0.6504955887794495
0, 360.0, 251.0, 19.0, 21.0, 0.6489754915237427
0, 754.0, 893.0, 18.0, 22.0, 0.6470765471458435
0, 313.0, 435.0, 15.0, 18.0, 0.646195650100708
0, 20.0, 122.0, 21.0, 20.0, 0.6423915028572083
0, 338.0, 43.0, 27.0, 30.0, 0.6423634886741638
0, 265.0, 442.0, 24.0, 24.0, 0.6356486082077026
0, 753.0, 112.0, 17.0, 18.0, 0.6332331299781799
0, 328.0, 58.0, 20.0, 19.0, 0.6326847076416016
0, 755.0, 479.0, 18.0, 21.0, 0.6313113570213318
0, 723.0, 494.0, 18.0, 28.0, 0.629317581653595
0, 742.0, 513.0, 26.0, 23.0, 0.6258510947227478
0, 363.0, 405.0, 18.0, 26.0, 0.624001681804657
0, 291.0, 433.0, 22.0, 24.0, 0.6219157576560974
0, 222.0, 401.0, 22.0, 21.0, 0.6108188033103943
0, 434.0, 405.0, 18.0, 25.0, 0.6076779961585999
0, 411.0, 283.0, 24.0, 23.0, 0.6067816019058228
0, 658.0, 773.0, 19.0, 26.0, 0.5984210968017578
0, 381.0, 425.0, 24.0, 26.0, 0.5938684940338135
0, 890.0, 145.0, 27.0, 21.0, 0.5934059023857117
0, 914.0, 150.0, 16.0, 21.0, 0.5731046795845032
0, 305.0, 347.0, 26.0, 20.0, 0.5729715824127197
0, 729.0, 892.0, 24.0, 19.0, 0.5655831098556519
0, 146.0, 478.0, 20.0, 23.0, 0.5653778314590454
0, 343.0, 263.0, 18.0, 22.0, 0.5637703537940979
0, 845.0, 78.0, 17.0, 18.0, 0.5504670143127441
0, 156.0, 28.0, 25.0, 21.0, 0.5501000881195068
0, 221.0, 916.0, 24.0, 21.0, 0.5434349179267883
0, 754.0, 861.0, 16.0, 22.0, 0.5432703495025635
0, 735.0, 114.0, 19.0, 20.0, 0.539699375629425
0, 927.0, 144.0, 13.0, 23.0, 0.5359224677085876
0, 465.0, 362.0, 17.0, 23.0, 0.5301228761672974
0, 743.0, 133.0, 17.0, 25.0, 0.5285245776176453
0, 115.0, 666.0, 15.0, 22.0, 0.5220087766647339
0, 502.0, 347.0, 20.0, 19.0, 0.5204468965530396
0, 216.0, 518.0, 18.0, 25.0, 0.5171560645103455
0, 471.0, 9.0, 23.0, 18.0, 0.516390860080719
0, 500.0, 298.0, 16.0, 19.0, 0.5099173784255981
0, 397.0, 414.0, 18.0, 24.0, 0.5077889561653137
0, 246.0, 377.0, 21.0, 20.0, 0.5049630403518677
0, 534.0, 308.0, 17.0, 18.0, 0.5034364461898804
0, 430.0, 375.0, 25.0, 19.0, 0.5029013156890869
0, 376.0, 755.0, 22.0, 21.0, 0.49724850058555603
0, 371.0, 441.0, 20.0, 21.0, 0.48785147070884705
0, 352.0, 93.0, 23.0, 18.0, 0.4861011207103729
0, 902.0, 131.0, 18.0, 20.0, 0.48602545261383057
0, 163.0, 506.0, 17.0, 19.0, 0.48360753059387207
0, 490.0, 249.0, 20.0, 24.0, 0.47729018330574036
0, 501.0, 933.0, 18.0, 23.0, 0.4770083725452423
0, 614.0, 295.0, 21.0, 18.0, 0.4694810211658478
0, 406.0, 381.0, 19.0, 27.0, 0.4673483669757843
0, 458.0, 325.0, 22.0, 21.0, 0.4637324810028076
0, 481.0, 275.0, 23.0, 19.0, 0.4632969796657562
0, 390.0, 272.0, 18.0, 20.0, 0.4625380039215088
0, 356.0, 306.0, 21.0, 18.0, 0.4623899757862091
0, 483.0, 357.0, 20.0, 20.0, 0.45961323380470276
0, 727.0, 597.0, 28.0, 23.0, 0.4592195749282837
0, 336.0, 337.0, 25.0, 22.0, 0.45849910378456116
0, 637.0, 314.0, 18.0, 20.0, 0.4558103680610657
0, 812.0, 167.0, 16.0, 21.0, 0.44591715931892395
0, 817.0, 485.0, 21.0, 21.0, 0.44422781467437744
0, 785.0, 95.0, 17.0, 20.0, 0.44095560908317566
0, 762.0, 73.0, 23.0, 20.0, 0.439964234828949
0, 39.0, 421.0, 19.0, 18.0, 0.4360993504524231
0, 345.0, 351.0, 19.0, 18.0, 0.43507495522499084
0, 63.0, 369.0, 24.0, 17.0, 0.4327777028083801
0, 277.0, 498.0, 16.0, 19.0, 0.43259209394454956
0, 709.0, 119.0, 16.0, 28.0, 0.4285118579864502
0, 420.0, 304.0, 19.0, 20.0, 0.42815905809402466
0, 850.0, 154.0, 18.0, 24.0, 0.4274669587612152
0, 821.0, 202.0, 17.0, 15.0, 0.4263317883014679
0, 796.0, 856.0, 17.0, 22.0, 0.4262206554412842
0, 70.0, 9.0, 18.0, 17.0, 0.42621859908103943
0, 426.0, 327.0, 19.0, 24.0, 0.42322060465812683
0, 325.0, 497.0, 17.0, 14.0, 0.419617623090744
0, 520.0, 300.0, 16.0, 17.0, 0.4173732399940491
0, 765.0, 212.0, 16.0, 19.0, 0.4110124409198761
0, 251.0, 406.0, 31.0, 30.0, 0.40880921483039856
0, 373.0, 733.0, 23.0, 18.0, 0.401276558637619
0, 755.0, 498.0, 18.0, 17.0, 0.401192843914032
0, 776.0, 887.0, 17.0, 19.0, 0.39991822838783264
0, 169.0, 10.0, 23.0, 20.0, 0.39644694328308105
0, 418.0, 413.0, 18.0, 23.0, 0.3964179456233978
0, 718.0, 528.0, 19.0, 16.0, 0.393589586019516
0, 4.0, 439.0, 9.0, 17.0, 0.3931838870048523
0, 821.0, 88.0, 23.0, 18.0, 0.3872166872024536
0, 370.0, 353.0, 20.0, 16.0, 0.3849338889122009
0, 391.0, 774.0, 16.0, 19.0, 0.3838171660900116
0, 464.0, 33.0, 20.0, 14.0, 0.3783031105995178
0, 187.0, 781.0, 21.0, 14.0, 0.3760881721973419
0, 692.0, 109.0, 18.0, 22.0, 0.3743148446083069
0, 633.0, 337.0, 16.0, 20.0, 0.3721214234828949
0, 226.0, 426.0, 22.0, 18.0, 0.3676331639289856
0, 853.0, 64.0, 15.0, 18.0, 0.3666490614414215
0, 552.0, 988.0, 19.0, 21.0, 0.36491659283638
0, 23.0, 431.0, 23.0, 27.0, 0.3516928553581238
0, 4.0, 396.0, 8.0, 21.0, 0.3504694998264313
0, 522.0, 331.0, 17.0, 15.0, 0.34770506620407104
0, 312.0, 467.0, 18.0, 24.0, 0.3464108109474182
0, 472.0, 294.0, 22.0, 20.0, 0.34595680236816406
0, 20.0, 385.0, 27.0, 22.0, 0.34542906284332275
0, 248.0, 515.0, 20.0, 20.0, 0.3383643329143524
0, 326.0, 480.0, 19.0, 21.0, 0.3371647000312805
0, 773.0, 857.0, 22.0, 22.0, 0.33705073595046997
0, 441.0, 243.0, 18.0, 18.0, 0.3354491591453552
0, 53.0, 9.0, 16.0, 18.0, 0.33281204104423523
0, 217.0, 946.0, 23.0, 25.0, 0.33219823241233826
0, 291.0, 379.0, 19.0, 16.0, 0.3313457667827606
0, 733.0, 572.0, 22.0, 17.0, 0.3308854401111603
0, 460.0, 385.0, 21.0, 19.0, 0.32774466276168823
0, 734.0, 138.0, 17.0, 23.0, 0.32352015376091003
0, 701.0, 746.0, 22.0, 17.0, 0.3226417601108551
0, 156.0, 672.0, 18.0, 17.0, 0.3190253674983978
0, 370.0, 30.0, 17.0, 18.0, 0.31714773178100586
0, 667.0, 307.0, 22.0, 19.0, 0.31671908497810364
0, 204.0, 925.0, 20.0, 17.0, 0.3160237967967987
0, 786.0, 94.0, 17.0, 20.0, 0.3154768645763397
0, 922.0, 481.0, 18.0, 19.0, 0.31199485063552856
0, 411.0, 322.0, 17.0, 19.0, 0.31175971031188965
0, 807.0, 210.0, 18.0, 19.0, 0.310373991727829
0, 606.0, 287.0, 17.0, 15.0, 0.3087439239025116
0, 229.0, 486.0, 20.0, 20.0, 0.30596378445625305
0, 738.0, 926.0, 17.0, 21.0, 0.3056396245956421
0, 10.0, 100.0, 20.0, 16.0, 0.3041882812976837
0, 182.0, 507.0, 16.0, 21.0, 0.30136457085609436
0, 599.0, 304.0, 15.0, 18.0, 0.29976382851600647
0, 460.0, 301.0, 17.0, 20.0, 0.2987009584903717
0, 167.0, 756.0, 23.0, 18.0, 0.2979574203491211
0, 311.0, 467.0, 20.0, 24.0, 0.29425299167633057
0, 738.0, 232.0, 23.0, 22.0, 0.29415491223335266
0, 303.0, 491.0, 28.0, 21.0, 0.29260385036468506
0, 380.0, 238.0, 19.0, 19.0, 0.28366073966026306
0, 511.0, 277.0, 23.0, 24.0, 0.2828671336174011
0, 51.0, 403.0, 17.0, 23.0, 0.27835074067115784
0, 762.0, 133.0, 17.0, 25.0, 0.2751908600330353
0, 336.0, 337.0, 24.0, 20.0, 0.27129870653152466
0, 105.0, 605.0, 15.0, 25.0, 0.27127188444137573
0, 495.0, 214.0, 17.0, 18.0, 0.27076515555381775
0, 627.0, 283.0, 21.0, 19.0, 0.2698015868663788
0, 286.0, 470.0, 24.0, 19.0, 0.26560908555984497
0, 403.0, 346.0, 17.0, 18.0, 0.25994476675987244
0, 400.0, 235.0, 19.0, 17.0, 0.2571938931941986
0, 618.0, 328.0, 15.0, 17.0, 0.25643807649612427
0, 792.0, 512.0, 22.0, 21.0, 0.2543662190437317
0, 484.0, 926.0, 18.0, 24.0, 0.2535209357738495
0, 254.0, 473.0, 24.0, 20.0, 0.2504769265651703
