0, 19, 22, 27, 27, 0.834016740322113
2, 220, 366, 38, 32, 0.5701494812965393
2, 438, 152, 15, 15, 0.26810115575790405
3, 321, 257, 68, 62, 0.9175359010696411
3, 288, 197, 67, 68, 0.9112705588340759
3, 193, 72, 47, 53, 0.9037586450576782
3, 187, 140, 83, 81, 0.8924152851104736
3, 245, 297, 76, 91, 0.874816358089447
3, 263, 65, 84, 75, 0.8695054650306702
3, 266, 138, 46, 45, 0.8578440546989441
3, 376, 198, 92, 92, 0.8538913130760193
3, 122, 347, 60, 67, 0.7726290225982666
3, 111, 295, 46, 40, 0.7093337774276733
3, 215, 192, 49, 37, 0.6633015871047974
3, 123, 205, 68, 68, 0.4441234767436981
3, 377, 104, 148, 83, 0.2648945152759552
3, 226, 97, 31, 33, 0.1531950831413269
3, 296, 352, 81, 63, 0.11394354701042175
3, 146, 224, 108, 102, 0.11362886428833008
3, 74, 313, 20, 17, 0.06220802664756775
3, 164, 243, 59, 70, 0.057384878396987915
3, 82, 321, 143, 124, 0.05503219738602638
3, 403, 342, 36, 53, 0.047071076929569244
3, 446, 192, 54, 80, 0.03942574933171272
3, 202, 192, 26, 32, 0.03603170067071915
3, 32, 52, 64, 93, 0.033093880861997604
3, 73, 309, 24, 29, 0.030379122123122215
3, 334, 301, 66, 65, 0.029020268470048904
3, 450, 339, 93, 89, 0.026714587584137917
3, 383, 33, 99, 67, 0.026296012103557587
3, 465, 246, 61, 80, 0.024062927812337875
3, 178, 328, 77, 87, 0.022084703668951988
3, 104, 75, 113, 140, 0.02116348035633564
3, 388, 352, 68, 62, 0.019534919410943985
3, 169, 262, 37, 35, 0.018972035497426987
3, 414, 99, 90, 70, 0.01785917393863201
