2, 182, 90, 26, 26, 0.8097348213195801
2, 36, 279, 39, 40, 0.8035626411437988
2, 257, 84, 53, 57, 0.4085218906402588
2, 183, 11, 44, 22, 0.21043822169303894
2, 85, 297, 28, 5, 0.20237509906291962
2, 195, 54, 26, 26, 0.18944552540779114
2, 242, 21, 45, 43, 0.1766379028558731
2, 273, 209, 26, 28, 0.1727738231420517
2, 14, 236, 28, 31, 0.11742579936981201
2, 222, 67, 36, 40, 0.06704980134963989
2, 103, 5, 46, 9, 0.06099824234843254
2, 91, 131, 38, 25, 0.05595022439956665
2, 167, 249, 50, 39, 0.0513971745967865
2, 155, 42, 30, 29, 0.03541950881481171
2, 236, 199, 20, 15, 0.01451217569410801
2, 86, 236, 115, 113, 0.010681536048650742
3, 33, 191, 60, 57, 0.8798276782035828
3, 271, 125, 57, 60, 0.7842221856117249
3, 96, 163, 55, 51, 0.7486022710800171
3, 152, 75, 55, 44, 0.7138275504112244
3, 30, 146, 61, 50, 0.7085967659950256
3, 105, 50, 71, 74, 0.6982729434967041
3, 89, 235, 122, 110, 0.6959455013275146
3, 167, 250, 51, 40, 0.6646324396133423
3, 20, 12, 41, 25, 0.598893404006958
3, 242, 21, 45, 43, 0.5492098927497864
3, 22, 105, 44, 58, 0.4564087390899658
3, 215, 192, 121, 129, 0.44343292713165283
3, 48, 55, 54, 58, 0.42007604241371155
3, 209, 117, 42, 38, 0.36472177505493164
3, 185, 178, 118, 104, 0.35621917247772217
3, 248, 180, 47, 54, 0.32035449147224426
3, 183, 11, 44, 22, 0.284280925989151
3, 285, 31, 29, 45, 0.28383544087409973
3, 257, 84, 52, 57, 0.2571660280227661
3, 273, 209, 26, 27, 0.24820584058761597
3, 222, 67, 35, 41, 0.16643325984477997
3, 66, 220, 72, 65, 0.1310272514820099
3, 211, 52, 72, 76, 0.1280706524848938
3, 91, 102, 33, 23, 0.1273394674062729
3, 226, 220, 79, 67, 0.10776501148939133
3, 215, 156, 77, 51, 0.07427407801151276
3, 14, 235, 28, 34, 0.0671740248799324
3, 199, 41, 52, 54, 0.05319122225046158
3, 86, 295, 28, 8, 0.047484587877988815
3, 105, 65, 57, 42, 0.044520676136016846
3, 288, 163, 23, 61, 0.0393310971558094
3, 294, 76, 11, 34, 0.03342053294181824
3, 59, 118, 23, 22, 0.033080074936151505
3, 103, 132, 26, 28, 0.029940538108348846
3, 244, 97, 27, 28, 0.027046749368309975
3, 262, 4, 37, 8, 0.025097686797380447
3, 26, 236, 52, 56, 0.02354372851550579
3, 95, 133, 49, 32, 0.02279634214937687
3, 151, 46, 48, 37, 0.021363280713558197
3, 61, 7, 41, 14, 0.020318718627095222
3, 47, 137, 34, 35, 0.020091461017727852
3, 161, 81, 34, 28, 0.019249385222792625
3, 291, 99, 17, 24, 0.018001722171902657
3, 119, 111, 58, 45, 0.017977016046643257
3, 88, 42, 35, 30, 0.017650531604886055
3, 34, 168, 67, 108, 0.016904259100556374
3, 210, 252, 36, 36, 0.016533084213733673
3, 98, 197, 52, 22, 0.016344957053661346
3, 120, 215, 61, 58, 0.015788672491908073
