1, 166, 178, 20, 20, 0.8593087196350098
1, 379, 430, 19, 19, 0.8395302295684814
1, 67, 15, 19, 21, 0.818993091583252
1, 169, 157, 20, 19, 0.7953199148178101
1, 381, 67, 17, 21, 0.7942503690719604
1, 270, 833, 19, 21, 0.7929366230964661
1, 344, 427, 24, 22, 0.7906115055084229
1, 379, 333, 19, 24, 0.7877295613288879
1, 393, 333, 12, 24, 0.7810901403427124
1, 100, 681, 19, 20, 0.7799229025840759
1, 99, 370, 15, 19, 0.7754001617431641
1, 9, 278, 19, 20, 0.7722194194793701
1, 374, 46, 19, 21, 0.7702099084854126
1, 72, 978, 22, 17, 0.7674226760864258
1, 18, 215, 19, 22, 0.7672080397605896
1, 130, 237, 20, 19, 0.7671666145324707
1, 174, 870, 21, 20, 0.7666913866996765
1, 294, 259, 17, 22, 0.7660777568817139
1, 342, 491, 17, 17, 0.7646687626838684
1, 367, 451, 20, 25, 0.7642121315002441
1, 115, 426, 20, 22, 0.763961136341095
1, 163, 434, 19, 22, 0.7634923458099365
1, 35, 39, 17, 18, 0.7594999074935913
1, 32, 343, 18, 23, 0.7581052780151367
1, 52, 933, 23, 19, 0.7577158212661743
1, 393, 380, 12, 22, 0.7545164227485657
1, 260, 879, 22, 23, 0.7536089420318604
1, 56, 476, 18, 16, 0.7535266876220703
1, 32, 434, 18, 22, 0.7520169019699097
1, 282, 500, 19, 18, 0.7519721984863281
1, 235, 969, 23, 21, 0.7515878677368164
1, 312, 174, 21, 18, 0.7490223050117493
1, 367, 309, 21, 23, 0.7486608028411865
1, 376, 598, 19, 21, 0.7473692297935486
1, 22, 378, 19, 20, 0.7469505071640015
1, 53, 42, 17, 21, 0.7466867566108704
1, 127, 137, 18, 22, 0.7465335726737976
1, 162, 325, 26, 22, 0.7457910180091858
1, 284, 283, 22, 26, 0.7427703738212585
1, 353, 61, 16, 19, 0.742562472820282
1, 95, 599, 18, 26, 0.7411556839942932
1, 389, 148, 18, 22, 0.7411243319511414
1, 138, 380, 21, 26, 0.7405059933662415
1, 52, 263, 21, 22, 0.7397029995918274
1, 355, 595, 19, 26, 0.7395337224006653
1, 156, 233, 21, 25, 0.739275336265564
1, 131, 790, 16, 19, 0.7389306426048279
1, 312, 638, 22, 25, 0.7380412220954895
1, 158, 590, 18, 18, 0.7376613616943359
1, 13, 39, 18, 20, 0.7366423606872559
1, 229, 691, 20, 25, 0.7366148233413696
1, 303, 559, 21, 21, 0.7365990281105042
1, 262, 282, 20, 24, 0.736581563949585
1, 13, 427, 19, 18, 0.7353795170783997
1, 94, 209, 16, 23, 0.7349743843078613
1, 337, 712, 18, 19, 0.7344080209732056
1, 304, 196, 21, 20, 0.7334974408149719
1, 46, 307, 17, 21, 0.7325770258903503
1, 90, 991, 23, 16, 0.7309731245040894
1, 213, 814, 19, 20, 0.7297546863555908
1, 282, 569, 14, 15, 0.7290548086166382
1, 306, 614, 20, 20, 0.7262957692146301
1, 255, 592, 17, 24, 0.7261103987693787
1, 155, 298, 28, 28, 0.7250989675521851
1, 303, 361, 18, 26, 0.7223542332649231
1, 390, 306, 19, 23, 0.7208492728322227
1, 390, 588, 18, 20, 0.6942175204387981
