0, 174, 48, 20, 20, 0.5496076345443726
0, 188, 30, 17, 22, 0.4443203806877136
0, 291, 719, 18, 24, 0.33281421661376953
0, 976, 543, 21, 18, 0.3289741277694702
0, 655, 586, 22, 22, 0.3511882722377777
0, 976, 543, 21, 18, 0.3289741277694702
0, 655, 586, 22, 22, 0.3511882722377777
0, 291, 719, 18, 24, 0.33281421661376953
0, 886, 44, 19, 16, 0.33751043677330017
0, 503, 713, 16, 23, 0.41533300280570984
0, 886, 44, 19, 16, 0.33751043677330017
0, 219, 613, 20, 20, 0.4034878611564636
0, 219, 613, 20, 20, 0.4034878611564636
0, 219, 613, 20, 20, 0.4034878611564636
0, 503, 713, 16, 23, 0.41533300280570984
0, 503, 713, 16, 23, 0.41533300280570984
