0, 45, 124, 17, 17, 0.6057343482971191
0, 749, 60, 16, 17, 0.3665044605731964
0, 550, 318, 16, 18, 0.3126084506511688
0, 410, 97, 20, 17, 0.3086170256137848
0, 550, 318, 16, 18, 0.3126084506511688
0, 181, 171, 14, 19, 0.3826609253883362
0, 17, 128, 15, 16, 0.4220001995563507
0, 527, 284, 14, 17, 0.34135594964027405
0, 69, 122, 16, 20, 0.39585554599761963
0, 454, 606, 16, 20, 0.33891987800598145
0, 69, 122, 16, 20, 0.39585554599761963
0, 52, 157, 18, 15, 0.33952510356903076
0, 548, 267, 16, 15, 0.36568284034729004
0, 399, 156, 17, 17, 0.3189848065376282
0, 232, 504, 17, 19, 0.3786763548851013
0, 241, 442, 18, 17, 0.33479785919189453
0, 454, 606, 16, 20, 0.33891987800598145
0, 145, 382, 17, 17, 0.35235005617141724
0, 734, 64, 14, 20, 0.30553507804870605
0, 913, 130, 19, 17, 0.42289671301841736
0, 913, 130, 19, 17, 0.42289671301841736
0, 52, 157, 18, 15, 0.33952510356903076
0, 241, 442, 18, 17, 0.33479785919189453
0, 241, 442, 18, 17, 0.33479785919189453
0, 673, 587, 17, 17, 0.3476932942867279
0, 211, 413, 19, 19, 0.36403486132621765
0, 208, 455, 18, 18, 0.3690214157104492
0, 232, 504, 17, 19, 0.3786763548851013
0, 221, 431, 16, 19, 0.3377681374549866
0, 142, 357, 17, 22, 0.3425896167755127
0, 548, 267, 16, 15, 0.36568284034729004
0, 596, 61, 18, 18, 0.3993492126464844
0, 221, 431, 16, 19, 0.3377681374549866
0, 221, 431, 16, 19, 0.3377681374549866
0, 145, 382, 17, 17, 0.35235005617141724
0, 142, 357, 17, 22, 0.3425896167755127
0, 232, 504, 17, 19, 0.3786763548851013
0, 182, 392, 15, 15, 0.33153045177459717
0, 673, 587, 17, 17, 0.3476932942867279
0, 913, 130, 19, 17, 0.42289671301841736
0, 673, 587, 17, 17, 0.3476932942867279
0, 596, 61, 18, 18, 0.3993492126464844
0, 591, 250, 15, 16, 0.32962140440940857
0, 591, 250, 15, 16, 0.32962140440940857
