0, 428, 112, 20, 28, 0.909298155283787
0, 104, 222, 26, 29, 0.950999332667944
0, 228, 218, 20, 23, 0.8738211963226027
0, 415, 347, 26, 29, 0.8801683428301115
0, 58, 306, 25, 22, 0.9286008897450482
0, 433, 28, 22, 21, 0.888404375156074
0, 186, 206, 25, 35, 0.9321224207671289
0, 20, 115, 23, 27, 0.8757996538127913
0, 481, 9, 22, 19, 0.8770089597881934
0, 428, 64, 20, 19, 0.8745056296253862
0, 131, 201, 16, 20, 0.9118028888974962
0, 110, 174, 22, 26, 0.8920208057176584
0, 9, 141, 18, 29, 0.9188973711822861
0, 263, 228, 19, 16, 0.852377241219239
0, 124, 254, 45, 28, 0.9249868272251803
0, 224, 246, 15, 24, 0.8970795882985312
0, 140, 141, 22, 19, 0.861363540292329
0, 242, 257, 17, 16, 0.918227964951404
0, 407, 61, 21, 24, 0.9394630187247562
0, 19, 504, 23, 14, 0.8448391238668409
0, 82, 161, 28, 33, 0.9203973596361821
0, 152, 70, 33, 19, 0.8429260585697648
0, 446, 140, 23, 14, 0.8426596237878714
0, 379, 310, 12, 17, 0.8443685572340957
0, 252, 269, 14, 12, 0.8494265749629399
0, 118, 354, 18, 16, 0.8564251097492257
0, 72, 374, 12, 16, 0.8530960225240634
0, 458, 70, 14, 20, 0.9019274060583303
0, 154, 339, 14, 19, 0.8372081917022095
0, 377, 201, 21, 14, 0.8531268434305568
0, 145, 168, 13, 18, 0.8749172853625933
0, 201, 349, 14, 18, 0.8542234687393407
0, 158, 169, 12, 16, 0.9278000736625401
0, 387, 342, 20, 27, 0.8964855799730717
0, 449, 4, 18, 9, 0.8304837346777815
0, 316, 84, 19, 17, 0.8588430161584629
0, 441, 446, 19, 15, 0.837320699431736
0, 442, 249, 18, 18, 0.8442972831188365
0, 504, 265, 14, 20, 0.8379813865114647
0, 317, 473, 20, 19, 0.8575343893750607
0, 462, 99, 23, 13, 0.8206505419155938
0, 416, 374, 16, 15, 0.8298084345977202
0, 163, 198, 16, 17, 0.8582796454397319
