0, 665, 1225, 36, 34, 0.9004263877868652
0, 385, 678, 33, 34, 0.8961896300315857
0, 1485, 1158, 36, 41, 0.8886326551437378
0, 1540, 1644, 31, 30, 0.8864009380340576
0, 21, 459, 36, 38, 0.8850952386856079
0, 1296, 640, 34, 32, 0.8849313855171204
0, 267, 982, 36, 38, 0.8833805322647095
0, 1251, 1724, 36, 36, 0.8816916942596436
0, 1156, 350, 35, 35, 0.8802215456962585
0, 1581, 1652, 31, 32, 0.8787238597869873
0, 1119, 1322, 33, 31, 0.8769638538360596
0, 1526, 1611, 33, 33, 0.8752189874649048
0, 163, 1178, 36, 34, 0.8752172589302063
0, 826, 740, 35, 35, 0.8745974898338318
0, 728, 1412, 37, 32, 0.8739066123962402
0, 1051, 1290, 36, 35, 0.8717374801635742
0, 1135, 243, 37, 40, 0.8702437877655029
0, 780, 346, 35, 32, 0.8692865967750549
0, 80, 1549, 33, 36, 0.8679531812667847
0, 941, 795, 33, 30, 0.863943874835968
0, 669, 1196, 36, 32, 0.8634483814239502
0, 990, 579, 34, 35, 0.8627320528030396
0, 144, 673, 36, 35, 0.8626951575279236
0, 496, 1451, 33, 32, 0.8603466749191284
0, 1674, 544, 39, 33, 0.8598455786705017
0, 1423, 1734, 28, 34, 0.8596076965332031
0, 1184, 136, 36, 34, 0.8587903380393982
0, 477, 1390, 35, 35, 0.8587611317634583
0, 971, 1049, 38, 39, 0.8587091565132141
0, 1157, 462, 36, 32, 0.8582180738449097
0, 69, 1424, 33, 34, 0.8581653833389282
0, 253, 1331, 31, 35, 0.8579151034355164
0, 210, 373, 33, 32, 0.8576290011405945
0, 116, 858, 30, 31, 0.8571546077728271
0, 76, 749, 34, 31, 0.85709547996521
0, 737, 600, 33, 33, 0.8565676212310791
0, 1508, 982, 36, 40, 0.8563990592956543
0, 1369, 1088, 34, 34, 0.8557774424552917
0, 1305, 1282, 31, 28, 0.854536235332489
0, 1155, 904, 31, 31, 0.8540380597114563
0, 97, 141, 34, 36, 0.8539638519287109
0, 535, 1036, 33, 29, 0.8529680371284485
0, 487, 1246, 37, 37, 0.8521883487701416
0, 342, 410, 35, 34, 0.8516180515289307
0, 706, 1224, 26, 33, 0.8505446314811707
0, 904, 939, 37, 34, 0.8504711985588074
0, 1527, 342, 30, 32, 0.8503760099411011
0, 1404, 897, 28, 28, 0.8497915863990784
0, 968, 1746, 32, 29, 0.8496741056442261
0, 1260, 1635, 34, 31, 0.8492881059646606
0, 1202, 1553, 35, 32, 0.8492556214332581
0, 1047, 1388, 34, 34, 0.8473663330078125
0, 1548, 1057, 33, 34, 0.8466211557388306
0, 1068, 395, 33, 31, 0.8465961217880249
0, 399, 93, 35, 32, 0.8460323810577393
0, 822, 1086, 32, 33, 0.8457881212234497
0, 1340, 1532, 34, 32, 0.8454058766365051
0, 934, 1333, 34, 33, 0.8444957733154297
0, 1547, 1366, 31, 35, 0.8443684577941895
0, 1102, 1460, 33, 34, 0.8423417806625366
0, 1177, 1719, 30, 27, 0.8409261107444763
0, 368, 1572, 31, 37, 0.8390761613845825
0, 499, 196, 32, 38, 0.8390756249427795
0, 1163, 97, 30, 36, 0.8389489650726318
0, 1413, 1228, 37, 34, 0.8382324576377869
0, 1536, 1097, 29, 30, 0.8380932807922363
0, 1044, 13, 32, 26, 0.837964653968811
0, 1449, 436, 32, 31, 0.836647093296051
0, 935, 828, 31, 29, 0.8366248607635498
0, 761, 121, 29, 37, 0.8357889652252197
0, 470, 1710, 32, 31, 0.8354435563087463
0, 1023, 578, 29, 34, 0.8354190587997437
0, 559, 1709, 34, 33, 0.8351700305938721
0, 1014, 1111, 35, 36, 0.834689199924469
0, 1159, 1170, 34, 30, 0.8345523476600647
0, 339, 497, 33, 31, 0.8344303369522095
0, 361, 939, 46, 32, 0.8344044089317322
0, 150, 870, 32, 36, 0.833592414855957
0, 698, 1272, 33, 32, 0.8333187103271484
0, 1154, 1124, 32, 39, 0.8329764008522034
0, 1274, 272, 38, 41, 0.8329057693481445
0, 1331, 1046, 35, 33, 0.8324646353721619
0, 100, 894, 28, 28, 0.8321483731269836
0, 1033, 1001, 34, 33, 0.831870436668396
0, 273, 100, 32, 33, 0.8311759829521179
0, 1356, 1248, 34, 30, 0.830568790435791
0, 715, 851, 31, 33, 0.8293316960334778
0, 209, 1320, 28, 34, 0.8292008638381958
0, 162, 1543, 30, 37, 0.8287895917892456
0, 1089, 1520, 33, 33, 0.8285267353057861
0, 1003, 1508, 30, 31, 0.8280094265937805
0, 1288, 448, 33, 33, 0.8266903758049011
0, 831, 1616, 31, 30, 0.8241549134254456
0, 915, 96, 34, 33, 0.8228133916854858
0, 726, 366, 32, 31, 0.8221173286437988
0, 1011, 1247, 33, 36, 0.8220546841621399
0, 1713, 1598, 35, 36, 0.8220133185386658
0, 317, 1228, 38, 28, 0.8206575512886047
0, 629, 587, 30, 30, 0.8204912543296814
0, 1074, 1065, 32, 35, 0.8203617930412292
0, 1603, 647, 31, 33, 0.8199737071990967
0, 11, 586, 23, 28, 0.8195814490318298
0, 1086, 785, 30, 29, 0.8188862204551697
0, 69, 1670, 32, 32, 0.8183484077453613
0, 1046, 655, 42, 33, 0.8173337578773499
0, 912, 1044, 31, 31, 0.8169644474983215
0, 1399, 848, 29, 32, 0.8166083097457886
0, 1069, 894, 30, 32, 0.8164793252944946
0, 1676, 774, 31, 30, 0.8154342770576477
0, 1248, 1473, 31, 30, 0.8153961300849915
0, 297, 1105, 31, 32, 0.8143395781517029
0, 1282, 1754, 37, 32, 0.8139315247535706
0, 50, 1721, 31, 30, 0.8130772113800049
0, 14, 1379, 28, 35, 0.8130746483802795
0, 1724, 322, 35, 33, 0.8128905892372131
0, 1080, 1116, 34, 33, 0.8127936720848083
0, 1309, 1346, 32, 31, 0.8125132918357849
0, 1320, 1488, 34, 32, 0.8118879199028015
0, 54, 137, 26, 30, 0.8114863634109497
0, 707, 992, 33, 40, 0.8095892667770386
0, 529, 1745, 34, 30, 0.8094121813774109
0, 589, 371, 30, 32, 0.8092042207717896
0, 446, 1408, 31, 28, 0.8085648417472839
0, 152, 1222, 38, 31, 0.8074182868003845
0, 405, 649, 31, 33, 0.8056075572967529
0, 1365, 802, 32, 31, 0.8035666346549988
0, 32, 1655, 28, 28, 0.8026608228683472
0, 808, 1030, 41, 38, 0.8019046783447266
0, 1448, 560, 27, 30, 0.8012979626655579
0, 1329, 790, 28, 28, 0.8002831339836121
0, 1118, 1595, 33, 31, 0.7993559241294861
0, 438, 1651, 33, 31, 0.7993247509002686
0, 1715, 812, 33, 30, 0.7988324761390686
0, 94, 1733, 42, 36, 0.7986725568771362
0, 791, 1640, 31, 32, 0.7984626889228821
0, 1433, 973, 30, 35, 0.797461748123169
0, 1214, 1474, 28, 32, 0.7969913482666016
0, 1175, 1685, 31, 31, 0.7965874671936035
0, 1486, 1474, 30, 32, 0.7964326739311218
0, 836, 1196, 35, 31, 0.7958076000213623
0, 279, 137, 29, 32, 0.7952021956443787
0, 740, 1218, 30, 31, 0.7950353026390076
0, 355, 1381, 29, 32, 0.7949021458625793
0, 376, 157, 29, 33, 0.7942256927490234
0, 1015, 1447, 30, 32, 0.7942106127738953
0, 994, 917, 32, 34, 0.7934995293617249
0, 1358, 295, 30, 34, 0.7916967272758484
0, 477, 1306, 28, 28, 0.7912307381629944
0, 1655, 1566, 31, 31, 0.790330171585083
0, 1406, 1062, 37, 35, 0.7875211834907532
0, 594, 573, 31, 33, 0.7874676585197449
0, 447, 76, 32, 31, 0.786349356174469
0, 240, 244, 30, 33, 0.7850563526153564
0, 247, 1695, 33, 28, 0.7850533127784729
0, 1069, 1445, 29, 32, 0.7836708426475525
0, 629, 1156, 26, 35, 0.7836008071899414
0, 1280, 1061, 30, 30, 0.7831083536148071
0, 689, 667, 35, 33, 0.7829980254173279
0, 728, 1738, 29, 28, 0.7824991345405579
0, 202, 1249, 33, 30, 0.782353937625885
0, 1710, 1373, 32, 29, 0.7822260856628418
0, 691, 416, 33, 28, 0.7820698022842407
0, 507, 579, 38, 29, 0.781283438205719
0, 1621, 512, 31, 28, 0.7808431386947632
0, 547, 660, 29, 29, 0.7791032195091248
0, 850, 1719, 33, 34, 0.779061496257782
0, 1239, 652, 31, 35, 0.7781065702438354
0, 1473, 1566, 32, 30, 0.7855690139817608
0, 920, 1439, 30, 30, 0.7886937831242216
0, 987, 431, 28, 29, 0.7933134172071377
0, 751, 198, 30, 29, 0.7884703707068426
0, 1714, 404, 35, 32, 0.7941361697121347
0, 866, 747, 36, 40, 0.7927611927546596
0, 162, 450, 30, 31, 0.7750226664893967
0, 901, 1292, 33, 30, 0.7925814192423446
0, 109, 1373, 29, 28, 0.767605465481748
0, 279, 711, 35, 36, 0.7677671204694618
0, 1533, 209, 30, 30, 0.7546471136174568
0, 1071, 299, 26, 26, 0.7518993298166279
0, 661, 774, 30, 35, 0.7814802085265693
0, 1099, 661, 31, 34, 0.764499126155627
0, 1224, 104, 33, 29, 0.7507489150448379
0, 646, 159, 27, 39, 0.7752936068913727
0, 1490, 374, 28, 25, 0.7423436606970102
0, 317, 1393, 31, 30, 0.7528411550135468
0, 1680, 474, 31, 33, 0.7404111334975594
0, 273, 321, 28, 28, 0.7611517837149075
0, 901, 352, 29, 39, 0.7640376925899096
0, 651, 445, 28, 29, 0.7440417805462265
0, 1685, 275, 32, 29, 0.7318947841314786
0, 1066, 263, 29, 27, 0.7414950198768621
0, 1136, 533, 28, 33, 0.7396999010440286
0, 785, 912, 34, 27, 0.726643517930768
0, 754, 672, 27, 31, 0.7491919377479368
0, 1327, 104, 30, 29, 0.7261186689597564
0, 222, 591, 36, 33, 0.7194241127540753
0, 981, 654, 30, 30, 0.7234543260836468
0, 1365, 1374, 42, 30, 0.7090110249254093
0, 612, 1229, 29, 31, 0.7367775904066767
0, 391, 200, 32, 30, 0.716150627168148
0, 13, 885, 26, 35, 0.7134452317378474
0, 157, 341, 27, 29, 0.7259952398095006
0, 1679, 925, 33, 28, 0.7575720734649154
0, 265, 917, 30, 29, 0.7250150642566588
0, 350, 57, 36, 32, 0.7511813705531942
0, 974, 1124, 28, 34, 0.7332552183738817
0, 905, 755, 27, 30, 0.7607289732712039
0, 1532, 145, 31, 31, 0.7149482600996826
0, 851, 1346, 27, 28, 0.7309274379881647
0, 569, 828, 28, 28, 0.774001422159784
0, 1377, 210, 31, 26, 0.6989089677760204
0, 581, 99, 24, 32, 0.6947881370148474
0, 349, 1659, 32, 32, 0.6969240921879594
0, 1270, 1435, 34, 31, 0.7166682545348121
0, 760, 1599, 29, 28, 0.6692385937572789
0, 324, 832, 30, 30, 0.7470201175515739
0, 1560, 1580, 25, 27, 0.7128238521571972
