0, 192, 1578, 48, 35, 0.8956685066223145
0, 299, 89, 45, 44, 0.8878889679908752
0, 390, 1067, 45, 45, 0.8821052312850952
0, 50, 1190, 46, 46, 0.8819507956504822
0, 173, 1095, 40, 50, 0.8781630992889404
0, 55, 137, 39, 39, 0.8719037771224976
0, 291, 838, 49, 59, 0.8696710467338562
0, 135, 577, 55, 45, 0.8680469989776611
0, 53, 1113, 47, 44, 0.86444091796875
0, 392, 1324, 54, 50, 0.8637610673904419
0, 190, 1143, 48, 41, 0.8616728782653809
0, 312, 752, 48, 39, 0.861129641532898
0, 148, 115, 52, 56, 0.8549512624740601
0, 394, 412, 45, 42, 0.848330557346344
0, 121, 1607, 42, 45, 0.8440753221511841
0, 290, 40, 39, 41, 0.8436983823776245
0, 327, 1346, 36, 49, 0.8427097797393799
0, 312, 1468, 41, 39, 0.8405581116676331
0, 307, 518, 58, 45, 0.8382567763328552
0, 170, 924, 47, 37, 0.8373112082481384
0, 369, 985, 47, 39, 0.8371213674545288
0, 398, 476, 46, 46, 0.8369233012199402
0, 286, 577, 49, 49, 0.8363409042358398
0, 257, 322, 52, 48, 0.8346377611160278
0, 128, 1502, 53, 48, 0.8328295946121216
0, 451, 1462, 46, 56, 0.8323672413825989
0, 361, 1161, 54, 42, 0.8320630192756653
0, 169, 307, 41, 41, 0.8314779996871948
0, 57, 1577, 40, 42, 0.8313950300216675
0, 316, 1577, 41, 43, 0.8313393592834473
0, 337, 1628, 61, 57, 0.8302554488182068
0, 26, 1603, 43, 40, 0.8299937844276428
0, 166, 700, 47, 47, 0.8279055953025818
0, 399, 1017, 42, 41, 0.8278151750564575
0, 253, 1255, 42, 34, 0.8268019556999207
0, 240, 809, 64, 50, 0.8259109258651733
0, 300, 657, 48, 40, 0.8257701992988586
0, 277, 1420, 57, 50, 0.8221099972724915
0, 404, 119, 40, 45, 0.8216241002082825
0, 379, 1525, 39, 41, 0.8211110830307007
0, 174, 487, 57, 45, 0.8198642134666443
0, 97, 170, 47, 40, 0.8194872736930847
0, 212, 599, 52, 47, 0.8189384937286377
0, 126, 1094, 38, 35, 0.8187212347984314
0, 229, 1083, 41, 43, 0.8179001212120056
0, 248, 1940, 45, 34, 0.8158836364746094
0, 127, 447, 46, 37, 0.8155837655067444
0, 353, 1463, 38, 38, 0.8127107620239258
0, 210, 1222, 50, 43, 0.8114486932754517
0, 418, 331, 50, 44, 0.8093627095222473
0, 15, 1100, 30, 38, 0.8070865869522095
0, 275, 1903, 63, 44, 0.8047528862953186
0, 449, 1971, 47, 52, 0.8032708168029785
0, 413, 1497, 49, 47, 0.8030123114585876
0, 214, 16, 40, 32, 0.7993290424346924
0, 185, 173, 38, 44, 0.7935013771057129
0, 437, 683, 43, 46, 0.7933639287948608
0, 405, 1198, 41, 47, 0.7930076718330383
0, 167, 1461, 41, 34, 0.7925573587417603
0, 449, 1262, 51, 47, 0.7922424077987671
0, 72, 1678, 43, 44, 0.7909647226333618
0, 60, 1450, 53, 48, 0.7907322645187378
0, 298, 1147, 48, 39, 0.7888146638870239
0, 36, 1351, 44, 46, 0.7872722744941711
0, 365, 591, 42, 54, 0.7870122790336609
0, 378, 645, 57, 48, 0.7865939736366272
0, 437, 620, 46, 37, 0.7856656312942505
0, 451, 809, 46, 44, 0.7855997085571289
0, 36, 208, 39, 32, 0.785567581653595
0, 117, 858, 52, 49, 0.7846440672874451
0, 296, 468, 42, 31, 0.7845613360404968
0, 297, 153, 38, 38, 0.7826535701751709
0, 304, 903, 51, 44, 0.794695938352594
0, 138, 756, 43, 37, 0.77024859234832
0, 230, 460, 42, 36, 0.7878592699075239
0, 247, 920, 48, 45, 0.7511317234961482
0, 357, 1374, 46, 48, 0.7473436568259071
0, 231, 674, 48, 47, 0.708599558587575
0, 139, 655, 38, 33, 0.6861546170199249
