2, 206, 36, 17, 18, 0.6608731150627136
3, 173, 77, 57, 63, 0.7255886197090149
3, 107, 80, 77, 73, 0.6583722829818726
3, 46, 120, 74, 62, 0.6431687474250793
3, 132, 25, 65, 46, 0.6261090636253357
3, 69, 42, 61, 54, 0.531714677810669
3, 173, 143, 70, 27, 0.4639906585216522
3, 138, 124, 66, 52, 0.22039276361465454
3, 21, 13, 41, 27, 0.2185610681772232
3, 170, 19, 33, 32, 0.16148461401462555
3, 200, 107, 37, 58, 0.13718245923519135
3, 105, 138, 70, 37, 0.09860307723283768
3, 130, 119, 87, 74, 0.09834415465593338
3, 135, 44, 72, 88, 0.09140613675117493
3, 118, 57, 60, 107, 0.07763245701789856
3, 209, 62, 18, 31, 0.07261423766613007
3, 148, 25, 31, 38, 0.06404134631156921
3, 70, 58, 66, 103, 0.05849739536643028
3, 99, 100, 44, 32, 0.051235124468803406
3, 189, 66, 25, 37, 0.05038351193070412
3, 120, 127, 88, 58, 0.04398486018180847
3, 7, 14, 14, 28, 0.03697627782821655
3, 212, 16, 13, 31, 0.03540588542819023
3, 135, 64, 25, 33, 0.03491990640759468
3, 155, 66, 89, 87, 0.03266684338450432
3, 120, 58, 54, 35, 0.03132614493370056
3, 110, 29, 17, 22, 0.02911272644996643
