0, 674, 181, 33, 40, 0.9176257848739624
0, 633, 151, 36, 31, 0.9086334109306335
0, 1424, 372, 34, 42, 0.8748525977134705
0, 168, 103, 37, 34, 0.8606181144714355
0, 491, 63, 34, 31, 0.857806921005249
0, 65, 375, 44, 36, 0.8540087938308716
0, 71, 170, 32, 33, 0.8535239100456238
0, 1548, 131, 42, 42, 0.8481445908546448
0, 781, 136, 35, 30, 0.8440863490104675
0, 781, 43, 34, 28, 0.8406860828399658
0, 1324, 390, 36, 37, 0.8364896178245544
0, 419, 143, 33, 41, 0.8326860070228577
0, 504, 100, 29, 29, 0.8321437239646912
0, 1226, 403, 30, 28, 0.8318401575088501
0, 526, 173, 33, 31, 0.83030766248703
0, 835, 57, 44, 27, 0.8302693963050842
0, 670, 143, 33, 31, 0.8236168622970581
0, 467, 305, 34, 38, 0.8214741349220276
0, 157, 365, 38, 37, 0.8211957216262817
0, 189, 44, 31, 31, 0.8202654719352722
0, 704, 167, 28, 29, 0.8172763586044312
0, 308, 72, 27, 27, 0.8158479332923889
0, 1106, 33, 37, 50, 0.8131610751152039
0, 44, 124, 25, 26, 0.8130702972412109
0, 899, 123, 42, 28, 0.8129794597625732
0, 1131, 106, 29, 33, 0.8128390312194824
0, 624, 122, 25, 30, 0.8121290802955627
0, 1668, 245, 31, 31, 0.8116158843040466
0, 679, 308, 33, 39, 0.8088111281394958
0, 143, 244, 46, 34, 0.8047162294387817
0, 1199, 187, 32, 35, 0.7981318235397339
0, 1523, 301, 29, 29, 0.7974196672439575
0, 1387, 153, 33, 24, 0.7958067655563354
0, 1480, 386, 35, 26, 0.7938851714134216
0, 634, 200, 31, 30, 0.7929810285568237
0, 1040, 355, 43, 43, 0.7919734120368958
0, 112, 234, 43, 39, 0.789095401763916
0, 391, 104, 34, 32, 0.7863775491714478
0, 1246, 164, 32, 34, 0.7854617834091187
0, 526, 73, 34, 39, 0.7838127017021179
0, 551, 102, 29, 32, 0.7818430066108704
