0, 510.0, 533.0, 23.0, 30.0, 0.47059041261672974
0, 804.0, 438.0, 23.0, 21.0, 0.4218197464942932
0, 12.0, 646.0, 22.0, 24.0, 0.3694397807121277
0, 776.0, 133.0, 22.0, 23.0, 0.35094207525253296
0, 272.0, 749.0, 22.0, 23.0, 0.3443911075592041
0, 775.0, 400.0, 23.0, 23.0, 0.3322751820087433
0, 81.0, 482.0, 31.0, 25.0, 0.3299553096294403
0, 461.0, 122.0, 24.0, 24.0, 0.32745715975761414
0, 931.0, 69.0, 24.0, 21.0, 0.3269699513912201
0, 853.0, 430.0, 20.0, 22.0, 0.3229840397834778
0, 627.0, 593.0, 24.0, 23.0, 0.3212383985519409
0, 59.0, 688.0, 22.0, 22.0, 0.3209654986858368
0, 35.0, 436.0, 25.0, 22.0, 0.3207840025424957
0, 419.0, 195.0, 23.0, 20.0, 0.3008287847042084
0, 628.0, 497.0, 23.0, 20.0, 0.29737693071365356
0, 506.0, 692.0, 21.0, 25.0, 0.2931707501411438
0, 677.0, 567.0, 20.0, 22.0, 0.2884862720966339
0, 466.0, 748.0, 23.0, 23.0, 0.28814443945884705
0, 868.0, 805.0, 24.0, 27.0, 0.2860275208950043
0, 514.0, 116.0, 29.0, 23.0, 0.2847853899002075
0, 151.0, 464.0, 19.0, 22.0, 0.28427040576934814
0, 988.0, 100.0, 22.0, 21.0, 0.2833450138568878
0, 61.0, 873.0, 23.0, 25.0, 0.2831091284751892
0, 801.0, 189.0, 24.0, 21.0, 0.2738170921802521
0, 104.0, 453.0, 28.0, 24.0, 0.2730586528778076
0, 530.0, 169.0, 22.0, 23.0, 0.26683124899864197
0, 919.0, 314.0, 20.0, 29.0, 0.26658380031585693
0, 595.0, 183.0, 22.0, 24.0, 0.264645516872406
0, 843.0, 452.0, 23.0, 18.0, 0.26156750321388245
0, 103.0, 597.0, 23.0, 26.0, 0.2607150673866272
0, 442.0, 343.0, 23.0, 25.0, 0.2571678161621094
0, 28.0, 798.0, 24.0, 22.0, 0.25429394841194153
0, 970.0, 32.0, 29.0, 24.0, 0.2536180913448334
0, 33.0, 685.0, 19.0, 21.0, 0.2498636692762375
0, 883.0, 791.0, 28.0, 26.0, 0.24580635130405426
0, 413.0, 126.0, 20.0, 25.0, 0.23890651762485504
0, 547.0, 180.0, 22.0, 21.0, 0.23517823219299316
0, 302.0, 70.0, 20.0, 24.0, 0.23480242490768433
0, 826.0, 101.0, 24.0, 20.0, 0.23374894261360168
0, 737.0, 264.0, 21.0, 21.0, 0.23058219254016876
0, 810.0, 721.0, 28.0, 31.0, 0.2262495905160904
0, 831.0, 730.0, 21.0, 20.0, 0.22485384345054626
0, 169.0, 783.0, 32.0, 25.0, 0.22397980093955994
0, 874.0, 203.0, 28.0, 21.0, 0.22286054491996765
0, 603.0, 10.0, 26.0, 20.0, 0.22085225582122803
0, 957.0, 312.0, 24.0, 22.0, 0.2208201140165329
0, 428.0, 300.0, 21.0, 20.0, 0.21877296268939972
0, 531.0, 551.0, 26.0, 24.0, 0.21799685060977936
0, 239.0, 841.0, 23.0, 22.0, 0.21776656806468964
0, 207.0, 718.0, 29.0, 25.0, 0.21745191514492035
0, 199.0, 660.0, 20.0, 22.0, 0.21591542661190033
0, 352.0, 233.0, 21.0, 23.0, 0.21289841830730438
0, 829.0, 292.0, 24.0, 25.0, 0.21250195801258087
0, 85.0, 168.0, 22.0, 21.0, 0.21120625734329224
0, 129.0, 86.0, 23.0, 21.0, 0.21049289405345917
0, 614.0, 542.0, 24.0, 19.0, 0.20759373903274536
0, 898.0, 153.0, 24.0, 21.0, 0.2048962414264679
0, 696.0, 550.0, 26.0, 25.0, 0.2033262848854065
0, 453.0, 425.0, 21.0, 19.0, 0.2027253657579422
0, 312.0, 137.0, 20.0, 21.0, 0.20236904919147491
0, 908.0, 263.0, 24.0, 18.0, 0.20131413638591766
0, 947.0, 258.0, 28.0, 24.0, 0.19997867941856384
0, 403.0, 230.0, 22.0, 18.0, 0.19985535740852356
0, 248.0, 441.0, 25.0, 23.0, 0.19900266826152802
0, 672.0, 648.0, 27.0, 27.0, 0.1989051252603531
0, 72.0, 14.0, 24.0, 22.0, 0.19881440699100494
0, 530.0, 576.0, 21.0, 19.0, 0.1985836774110794
0, 603.0, 523.0, 22.0, 25.0, 0.19834129512310028
0, 951.0, 362.0, 17.0, 23.0, 0.19714969396591187
0, 422.0, 744.0, 20.0, 25.0, 0.19467905163764954
0, 234.0, 160.0, 18.0, 20.0, 0.19463440775871277
0, 128.0, 177.0, 19.0, 19.0, 0.1939680427312851
0, 673.0, 671.0, 23.0, 21.0, 0.19314886629581451
0, 913.0, 32.0, 25.0, 23.0, 0.19252240657806396
0, 76.0, 632.0, 28.0, 24.0, 0.19060413539409637
0, 510.0, 421.0, 23.0, 26.0, 0.19005562365055084
0, 777.0, 703.0, 26.0, 21.0, 0.18784843385219574
0, 9.0, 729.0, 17.0, 23.0, 0.18639005720615387
0, 307.0, 99.0, 18.0, 24.0, 0.18394240736961365
0, 156.0, 228.0, 20.0, 20.0, 0.18360547721385956
0, 372.0, 324.0, 23.0, 21.0, 0.18355253338813782
0, 420.0, 251.0, 21.0, 22.0, 0.18322783708572388
0, 811.0, 226.0, 22.0, 23.0, 0.1830279678106308
0, 347.0, 252.0, 23.0, 20.0, 0.18267235159873962
0, 426.0, 88.0, 27.0, 20.0, 0.18257658183574677
0, 193.0, 847.0, 26.0, 20.0, 0.17911361157894135
0, 131.0, 761.0, 23.0, 21.0, 0.17855572700500488
0, 541.0, 654.0, 26.0, 21.0, 0.17808642983436584
0, 501.0, 771.0, 22.0, 26.0, 0.17804425954818726
0, 957.0, 601.0, 20.0, 23.0, 0.17757391929626465
0, 986.0, 81.0, 23.0, 21.0, 0.17706890404224396
0, 646.0, 578.0, 28.0, 24.0, 0.17669548094272614
0, 161.0, 131.0, 21.0, 20.0, 0.17625218629837036
0, 558.0, 581.0, 29.0, 28.0, 0.17511336505413055
0, 954.0, 12.0, 22.0, 24.0, 0.17281387746334076
0, 368.0, 24.0, 24.0, 24.0, 0.1714920848608017
0, 747.0, 288.0, 21.0, 22.0, 0.1693560928106308
0, 921.0, 623.0, 31.0, 30.0, 0.16855794191360474
0, 201.0, 575.0, 18.0, 20.0, 0.16523785889148712
0, 752.0, 237.0, 21.0, 24.0, 0.16463792324066162
0, 443.0, 517.0, 21.0, 23.0, 0.16447438299655914
0, 649.0, 524.0, 16.0, 22.0, 0.1635257601737976
0, 290.0, 945.0, 22.0, 25.0, 0.1624125987291336
0, 566.0, 603.0, 22.0, 23.0, 0.1614639312028885
0, 973.0, 331.0, 20.0, 19.0, 0.16095688939094543
0, 112.0, 621.0, 19.0, 21.0, 0.1594213843345642
0, 268.0, 709.0, 21.0, 20.0, 0.15915729105472565
0, 762.0, 376.0, 20.0, 22.0, 0.15913847088813782
0, 294.0, 725.0, 24.0, 21.0, 0.15779659152030945
0, 734.0, 147.0, 29.0, 25.0, 0.15753069519996643
0, 440.0, 746.0, 20.0, 23.0, 0.157138392329216
0, 216.0, 161.0, 21.0, 22.0, 0.1547757238149643
0, 475.0, 430.0, 23.0, 18.0, 0.1547688990831375
0, 167.0, 212.0, 19.0, 20.0, 0.15382593870162964
0, 150.0, 848.0, 20.0, 19.0, 0.1508922278881073
0, 450.0, 97.0, 22.0, 22.0, 0.1507701575756073
0, 858.0, 136.0, 21.0, 27.0, 0.1502654105424881
0, 128.0, 553.0, 25.0, 23.0, 0.149102121591568
0, 721.0, 87.0, 25.0, 24.0, 0.14766965806484222
0, 356.0, 304.0, 23.0, 22.0, 0.1469079554080963
0, 139.0, 489.0, 26.0, 22.0, 0.14654894173145294
0, 968.0, 583.0, 25.0, 18.0, 0.14621524512767792
0, 90.0, 740.0, 24.0, 22.0, 0.14592280983924866
0, 188.0, 609.0, 31.0, 28.0, 0.1455806940793991
0, 912.0, 281.0, 20.0, 17.0, 0.14476068317890167
0, 854.0, 472.0, 25.0, 23.0, 0.14403557777404785
0, 335.0, 80.0, 28.0, 27.0, 0.1428222507238388
0, 175.0, 513.0, 25.0, 23.0, 0.14274586737155914
0, 773.0, 610.0, 25.0, 25.0, 0.13972881436347961
0, 110.0, 151.0, 18.0, 19.0, 0.1392979472875595
0, 377.0, 830.0, 20.0, 22.0, 0.13921841979026794
0, 785.0, 356.0, 25.0, 24.0, 0.1386599987745285
0, 179.0, 240.0, 26.0, 23.0, 0.13821977376937866
0, 112.0, 524.0, 19.0, 20.0, 0.13779275119304657
0, 989.0, 359.0, 19.0, 19.0, 0.1365114152431488
0, 415.0, 274.0, 20.0, 21.0, 0.1358831375837326
0, 895.0, 813.0, 31.0, 21.0, 0.1355815976858139
0, 506.0, 801.0, 24.0, 22.0, 0.13551928102970123
0, 198.0, 682.0, 23.0, 21.0, 0.13486577570438385
0, 95.0, 567.0, 21.0, 22.0, 0.13213862478733063
0, 739.0, 415.0, 19.0, 23.0, 0.1317596733570099
0, 360.0, 171.0, 22.0, 23.0, 0.13131177425384521
0, 822.0, 316.0, 24.0, 24.0, 0.13025803864002228
0, 285.0, 612.0, 19.0, 17.0, 0.12904082238674164
0, 5.0, 280.0, 11.0, 18.0, 0.12749910354614258
0, 722.0, 701.0, 26.0, 19.0, 0.12731710076332092
0, 425.0, 456.0, 24.0, 26.0, 0.1263626217842102
0, 61.0, 717.0, 23.0, 23.0, 0.12529738247394562
0, 613.0, 199.0, 23.0, 22.0, 0.12529022991657257
0, 790.0, 220.0, 27.0, 21.0, 0.12484165281057358
0, 706.0, 632.0, 24.0, 22.0, 0.12280444800853729
0, 440.0, 39.0, 21.0, 25.0, 0.12048506736755371
0, 803.0, 331.0, 23.0, 17.0, 0.12006712704896927
0, 434.0, 235.0, 26.0, 20.0, 0.11984818428754807
0, 98.0, 8.0, 27.0, 17.0, 0.11755784600973129
0, 887.0, 418.0, 20.0, 23.0, 0.11739051342010498
0, 457.0, 28.0, 18.0, 22.0, 0.11688728630542755
0, 907.0, 478.0, 25.0, 22.0, 0.1168094351887703
0, 177.0, 291.0, 31.0, 26.0, 0.1152031421661377
0, 45.0, 655.0, 21.0, 24.0, 0.11423899978399277
0, 335.0, 309.0, 18.0, 19.0, 0.1142221987247467
0, 241.0, 672.0, 24.0, 20.0, 0.11418388783931732
0, 579.0, 750.0, 27.0, 22.0, 0.113356813788414
0, 208.0, 204.0, 21.0, 23.0, 0.11297421157360077
0, 494.0, 397.0, 25.0, 22.0, 0.11123622953891754
0, 230.0, 643.0, 21.0, 23.0, 0.11114396899938583
0, 403.0, 857.0, 19.0, 21.0, 0.1104130670428276
0, 136.0, 157.0, 23.0, 23.0, 0.10940071940422058
0, 204.0, 806.0, 19.0, 18.0, 0.10908499360084534
0, 454.0, 151.0, 22.0, 24.0, 0.10900963842868805
0, 260.0, 379.0, 23.0, 24.0, 0.10854168981313705
0, 21.0, 186.0, 23.0, 22.0, 0.1077125072479248
0, 776.0, 652.0, 25.0, 21.0, 0.10689317435026169
0, 698.0, 792.0, 25.0, 24.0, 0.10515542328357697
0, 898.0, 453.0, 22.0, 20.0, 0.10391417145729065
0, 228.0, 183.0, 21.0, 20.0, 0.1027282252907753
0, 382.0, 963.0, 23.0, 23.0, 0.1023302897810936
0, 175.0, 561.0, 20.0, 23.0, 0.10231856256723404
0, 852.0, 112.0, 15.0, 17.0, 0.10225483775138855
0, 428.0, 600.0, 18.0, 21.0, 0.10116371512413025
0, 481.0, 76.0, 16.0, 19.0, 0.10112621635198593
0, 787.0, 92.0, 25.0, 21.0, 0.10058766603469849
0, 927.0, 8.0, 20.0, 17.0, 0.10046464949846268
0, 821.0, 200.0, 23.0, 24.0, 0.10032593458890915
0, 6.0, 695.0, 12.0, 23.0, 0.10026655346155167
