0, 193.0, 9.0, 23.0, 19.0, 0.5883625745773315
0, 200.0, 49.0, 20.0, 22.0, 0.5777505040168762
0, 875.0, 97.0, 23.0, 23.0, 0.5557675957679749
0, 183.0, 56.0, 22.0, 24.0, 0.5394052863121033
0, 879.0, 190.0, 18.0, 24.0, 0.5137370824813843
0, 883.0, 601.0, 21.0, 25.0, 0.4792617857456207
0, 358.0, 250.0, 25.0, 22.0, 0.4776287376880646
0, 385.0, 735.0, 21.0, 25.0, 0.47557923197746277
0, 510.0, 257.0, 20.0, 22.0, 0.47413697838783264
0, 426.0, 524.0, 28.0, 30.0, 0.46760690212249756
0, 434.0, 472.0, 24.0, 22.0, 0.4525718688964844
0, 429.0, 678.0, 36.0, 26.0, 0.45034468173980713
0, 781.0, 480.0, 19.0, 20.0, 0.440769225358963
0, 173.0, 37.0, 18.0, 17.0, 0.4384925067424774
0, 625.0, 201.0, 21.0, 21.0, 0.43293604254722595
0, 894.0, 193.0, 17.0, 24.0, 0.4215754568576813
0, 673.0, 635.0, 25.0, 20.0, 0.42010194063186646
0, 60.0, 51.0, 17.0, 19.0, 0.41718536615371704
0, 409.0, 15.0, 22.0, 25.0, 0.4155222773551941
0, 872.0, 165.0, 24.0, 23.0, 0.4036930799484253
0, 284.0, 498.0, 23.0, 24.0, 0.4030058979988098
0, 302.0, 334.0, 22.0, 25.0, 0.4017493426799774
0, 391.0, 49.0, 23.0, 19.0, 0.38305896520614624
0, 345.0, 191.0, 20.0, 22.0, 0.3658808767795563
0, 639.0, 227.0, 20.0, 21.0, 0.3517756462097168
0, 416.0, 613.0, 25.0, 24.0, 0.35115885734558105
0, 79.0, 139.0, 21.0, 25.0, 0.35034438967704773
0, 6.0, 537.0, 12.0, 23.0, 0.32840821146965027
0, 118.0, 854.0, 25.0, 24.0, 0.3268275558948517
0, 552.0, 316.0, 23.0, 23.0, 0.32679659128189087
0, 43.0, 661.0, 26.0, 24.0, 0.3243498206138611
0, 669.0, 536.0, 23.0, 26.0, 0.31972092390060425
0, 371.0, 36.0, 20.0, 22.0, 0.31703463196754456
0, 229.0, 126.0, 21.0, 20.0, 0.3114328980445862
0, 52.0, 131.0, 27.0, 23.0, 0.3044029176235199
0, 992.0, 145.0, 14.0, 21.0, 0.3039732575416565
0, 278.0, 345.0, 22.0, 24.0, 0.3010648787021637
0, 923.0, 143.0, 21.0, 21.0, 0.2955402135848999
0, 106.0, 107.0, 28.0, 33.0, 0.29466772079467773
0, 515.0, 495.0, 31.0, 26.0, 0.29427844285964966
0, 318.0, 225.0, 19.0, 19.0, 0.2802094519138336
0, 319.0, 351.0, 22.0, 25.0, 0.2784639894962311
0, 265.0, 486.0, 24.0, 25.0, 0.2748839557170868
0, 987.0, 6.0, 20.0, 11.0, 0.27268874645233154
0, 252.0, 267.0, 22.0, 22.0, 0.2638899087905884
0, 32.0, 123.0, 17.0, 21.0, 0.2626335322856903
0, 13.0, 683.0, 20.0, 25.0, 0.26251140236854553
0, 99.0, 133.0, 21.0, 22.0, 0.2599911391735077
0, 366.0, 288.0, 17.0, 19.0, 0.2593240737915039
0, 727.0, 614.0, 18.0, 22.0, 0.25860273838043213
0, 884.0, 76.0, 23.0, 22.0, 0.25688350200653076
0, 262.0, 192.0, 19.0, 20.0, 0.24901233613491058
0, 491.0, 200.0, 20.0, 32.0, 0.24131950736045837
0, 840.0, 414.0, 17.0, 23.0, 0.24000184237957
0, 712.0, 910.0, 21.0, 20.0, 0.23840993642807007
0, 211.0, 454.0, 21.0, 19.0, 0.23667578399181366
0, 158.0, 50.0, 19.0, 21.0, 0.23359225690364838
0, 298.0, 238.0, 21.0, 18.0, 0.2330595701932907
0, 208.0, 30.0, 21.0, 25.0, 0.22662711143493652
0, 13.0, 95.0, 19.0, 20.0, 0.22659483551979065
0, 258.0, 555.0, 23.0, 24.0, 0.22110480070114136
0, 757.0, 371.0, 21.0, 29.0, 0.21557897329330444
0, 81.0, 506.0, 23.0, 23.0, 0.21298040449619293
0, 861.0, 134.0, 21.0, 19.0, 0.21054142713546753
0, 326.0, 140.0, 20.0, 22.0, 0.20766812562942505
0, 370.0, 710.0, 25.0, 25.0, 0.20562781393527985
0, 512.0, 235.0, 18.0, 20.0, 0.20147570967674255
0, 971.0, 244.0, 22.0, 29.0, 0.1996927559375763
0, 318.0, 443.0, 29.0, 20.0, 0.19943314790725708
0, 896.0, 871.0, 29.0, 25.0, 0.19882118701934814
0, 483.0, 990.0, 21.0, 19.0, 0.19766639173030853
0, 231.0, 89.0, 21.0, 18.0, 0.19646911323070526
0, 903.0, 677.0, 20.0, 19.0, 0.19476811587810516
0, 359.0, 327.0, 18.0, 20.0, 0.19447378814220428
0, 904.0, 694.0, 21.0, 17.0, 0.19431078433990479
0, 657.0, 587.0, 20.0, 21.0, 0.19338901340961456
0, 279.0, 585.0, 22.0, 21.0, 0.19161613285541534
0, 99.0, 72.0, 22.0, 19.0, 0.18469548225402832
0, 271.0, 210.0, 28.0, 24.0, 0.1840950846672058
0, 637.0, 281.0, 23.0, 19.0, 0.1818726807832718
0, 844.0, 865.0, 24.0, 22.0, 0.18011777102947235
0, 440.0, 574.0, 23.0, 23.0, 0.1758372038602829
0, 162.0, 954.0, 22.0, 25.0, 0.17434334754943848
0, 467.0, 741.0, 23.0, 23.0, 0.17188549041748047
0, 27.0, 88.0, 17.0, 20.0, 0.17007458209991455
0, 434.0, 698.0, 28.0, 20.0, 0.16890579462051392
0, 494.0, 320.0, 22.0, 24.0, 0.1656370908021927
0, 176.0, 616.0, 20.0, 24.0, 0.164580836892128
0, 964.0, 7.0, 22.0, 13.0, 0.16312314569950104
0, 93.0, 696.0, 21.0, 23.0, 0.16233260929584503
0, 939.0, 668.0, 27.0, 23.0, 0.160382479429245
0, 507.0, 736.0, 22.0, 23.0, 0.1596255898475647
0, 142.0, 19.0, 22.0, 22.0, 0.15811914205551147
0, 411.0, 41.0, 24.0, 23.0, 0.1577465534210205
0, 709.0, 587.0, 18.0, 22.0, 0.1541437953710556
0, 309.0, 417.0, 24.0, 21.0, 0.1526222676038742
0, 69.0, 25.0, 21.0, 18.0, 0.15251971781253815
0, 339.0, 154.0, 18.0, 26.0, 0.15247905254364014
0, 211.0, 602.0, 22.0, 22.0, 0.15138578414916992
0, 352.0, 33.0, 21.0, 18.0, 0.14650015532970428
0, 484.0, 762.0, 24.0, 23.0, 0.14543725550174713
0, 915.0, 596.0, 17.0, 20.0, 0.14417076110839844
0, 953.0, 149.0, 20.0, 23.0, 0.14287325739860535
0, 861.0, 414.0, 26.0, 24.0, 0.1417820304632187
0, 344.0, 20.0, 18.0, 17.0, 0.13862824440002441
0, 324.0, 542.0, 22.0, 25.0, 0.1377391666173935
0, 25.0, 108.0, 17.0, 19.0, 0.1341584026813507
0, 246.0, 187.0, 19.0, 21.0, 0.13150306046009064
0, 928.0, 612.0, 19.0, 18.0, 0.1297687590122223
0, 690.0, 541.0, 16.0, 24.0, 0.1291765421628952
0, 240.0, 312.0, 18.0, 21.0, 0.12287677824497223
0, 324.0, 115.0, 21.0, 19.0, 0.12150251865386963
0, 168.0, 545.0, 26.0, 21.0, 0.12147946655750275
0, 239.0, 438.0, 27.0, 29.0, 0.12076303362846375
0, 248.0, 340.0, 20.0, 23.0, 0.11884891986846924
0, 52.0, 29.0, 19.0, 18.0, 0.11850501596927643
0, 530.0, 238.0, 24.0, 23.0, 0.11643731594085693
0, 528.0, 254.0, 21.0, 18.0, 0.11597523838281631
0, 103.0, 989.0, 18.0, 19.0, 0.11420930922031403
0, 251.0, 533.0, 20.0, 21.0, 0.11366140097379684
0, 12.0, 503.0, 24.0, 19.0, 0.11165932565927505
0, 903.0, 688.0, 24.0, 23.0, 0.11079049855470657
0, 70.0, 712.0, 25.0, 18.0, 0.11053245514631271
0, 942.0, 592.0, 20.0, 21.0, 0.10972879827022552
0, 694.0, 599.0, 15.0, 20.0, 0.10936199873685837
0, 145.0, 127.0, 16.0, 18.0, 0.1090766042470932
0, 129.0, 6.0, 17.0, 12.0, 0.10728786140680313
0, 984.0, 285.0, 20.0, 21.0, 0.10684388875961304
0, 727.0, 627.0, 19.0, 18.0, 0.10382755845785141
0, 521.0, 341.0, 23.0, 20.0, 0.10359290987253189
0, 13.0, 64.0, 18.0, 18.0, 0.10180319845676422
0, 885.0, 633.0, 25.0, 24.0, 0.10164366662502289
0, 982.0, 120.0, 22.0, 24.0, 0.100066639482975
