0, 193.0, 9.0, 23.0, 19.0, 0.5883625745773315
0, 200.0, 49.0, 20.0, 22.0, 0.5777505040168762
0, 875.0, 97.0, 23.0, 23.0, 0.5557675957679749
0, 183.0, 56.0, 22.0, 24.0, 0.5394052863121033
0, 879.0, 190.0, 18.0, 24.0, 0.5137370824813843
0, 883.0, 601.0, 21.0, 25.0, 0.4792617857456207
0, 358.0, 250.0, 25.0, 22.0, 0.4776287376880646
0, 385.0, 735.0, 21.0, 25.0, 0.47557923197746277
0, 510.0, 257.0, 20.0, 22.0, 0.47413697838783264
0, 426.0, 524.0, 28.0, 30.0, 0.46760690212249756
0, 434.0, 472.0, 24.0, 22.0, 0.4525718688964844
0, 429.0, 678.0, 36.0, 26.0, 0.45034468173980713
0, 781.0, 480.0, 19.0, 20.0, 0.440769225358963
0, 173.0, 37.0, 18.0, 17.0, 0.4384925067424774
0, 625.0, 201.0, 21.0, 21.0, 0.43293604254722595
0, 894.0, 193.0, 17.0, 24.0, 0.4215754568576813
0, 673.0, 635.0, 25.0, 20.0, 0.42010194063186646
0, 60.0, 51.0, 17.0, 19.0, 0.41718536615371704
0, 409.0, 15.0, 22.0, 25.0, 0.4155222773551941
0, 872.0, 165.0, 24.0, 23.0, 0.4036930799484253
0, 284.0, 498.0, 23.0, 24.0, 0.4030058979988098
0, 302.0, 334.0, 22.0, 25.0, 0.4017493426799774
