0, 416.0, 166.0, 18.0, 17.0, 0.479382187128067
0, 45.0, 124.0, 18.0, 16.0, 0.4450468420982361
0, 210.0, 412.0, 18.0, 16.0, 0.43354010581970215
0, 377.0, 253.0, 15.0, 13.0, 0.40158209204673767
0, 39.0, 268.0, 14.0, 16.0, 0.38678398728370667
0, 928.0, 430.0, 16.0, 20.0, 0.376047819852829
0, 238.0, 380.0, 14.0, 16.0, 0.3752325475215912
0, 399.0, 157.0, 16.0, 17.0, 0.37107977271080017
0, 144.0, 382.0, 17.0, 16.0, 0.37096843123435974
0, 750.0, 60.0, 17.0, 17.0, 0.3528207540512085
0, 232.0, 504.0, 17.0, 18.0, 0.3499864935874939
0, 548.0, 267.0, 15.0, 15.0, 0.3409140110015869
0, 913.0, 131.0, 17.0, 17.0, 0.32835492491722107
0, 673.0, 588.0, 17.0, 16.0, 0.3254871666431427
0, 192.0, 410.0, 15.0, 16.0, 0.32329362630844116
0, 596.0, 61.0, 17.0, 18.0, 0.32321077585220337
0, 242.0, 442.0, 19.0, 17.0, 0.3227611780166626
0, 526.0, 285.0, 16.0, 14.0, 0.3202778398990631
0, 352.0, 433.0, 15.0, 14.0, 0.31953516602516174
0, 576.0, 552.0, 15.0, 16.0, 0.3178919851779938
0, 332.0, 396.0, 16.0, 17.0, 0.3146682381629944
0, 200.0, 396.0, 14.0, 13.0, 0.3121207654476166
0, 454.0, 606.0, 15.0, 19.0, 0.3111755847930908
0, 245.0, 466.0, 17.0, 16.0, 0.31032538414001465
0, 260.0, 44.0, 16.0, 16.0, 0.3072109520435333
0, 208.0, 455.0, 17.0, 15.0, 0.3030306100845337
0, 591.0, 547.0, 15.0, 14.0, 0.3025042414665222
0, 776.0, 848.0, 16.0, 15.0, 0.30154144763946533
0, 209.0, 254.0, 16.0, 20.0, 0.3005625009536743
0, 183.0, 393.0, 13.0, 15.0, 0.2993418276309967
0, 409.0, 97.0, 18.0, 16.0, 0.2982390522956848
0, 197.0, 335.0, 15.0, 14.0, 0.2976436913013458
0, 584.0, 237.0, 17.0, 15.0, 0.2968316376209259
0, 604.0, 463.0, 18.0, 14.0, 0.29562482237815857
0, 119.0, 401.0, 18.0, 16.0, 0.2947410047054291
0, 952.0, 345.0, 18.0, 18.0, 0.2924215495586395
0, 395.0, 311.0, 15.0, 14.0, 0.288662314414978
0, 533.0, 353.0, 18.0, 18.0, 0.2885703146457672
0, 18.0, 127.0, 13.0, 15.0, 0.28771117329597473
0, 196.0, 220.0, 17.0, 15.0, 0.2867065370082855
0, 142.0, 357.0, 17.0, 22.0, 0.2829608917236328
0, 528.0, 322.0, 15.0, 17.0, 0.27929672598838806
0, 27.0, 295.0, 16.0, 16.0, 0.2760217487812042
0, 221.0, 431.0, 16.0, 16.0, 0.2750435769557953
0, 191.0, 205.0, 15.0, 15.0, 0.2722717225551605
0, 6.0, 135.0, 12.0, 13.0, 0.2713012993335724
0, 181.0, 171.0, 14.0, 18.0, 0.2662102282047272
0, 542.0, 461.0, 16.0, 19.0, 0.26610827445983887
0, 382.0, 149.0, 13.0, 17.0, 0.26269450783729553
0, 608.0, 507.0, 16.0, 14.0, 0.26140841841697693
0, 532.0, 255.0, 14.0, 15.0, 0.26110541820526123
0, 11.0, 289.0, 15.0, 16.0, 0.26097360253334045
0, 486.0, 589.0, 17.0, 15.0, 0.2607227563858032
0, 188.0, 305.0, 15.0, 14.0, 0.2533841133117676
0, 252.0, 6.0, 14.0, 13.0, 0.2526770234107971
0, 388.0, 118.0, 14.0, 14.0, 0.24973143637180328
0, 94.0, 748.0, 18.0, 15.0, 0.24846118688583374
0, 270.0, 4.0, 16.0, 8.0, 0.24802933633327484
0, 183.0, 773.0, 17.0, 15.0, 0.24703200161457062
0, 519.0, 507.0, 16.0, 16.0, 0.24638164043426514
0, 283.0, 489.0, 19.0, 16.0, 0.24553537368774414
0, 786.0, 884.0, 16.0, 14.0, 0.24547818303108215
0, 371.0, 203.0, 15.0, 15.0, 0.24412469565868378
0, 562.0, 499.0, 15.0, 15.0, 0.24168679118156433
0, 34.0, 152.0, 15.0, 13.0, 0.24158824980258942
0, 155.0, 430.0, 16.0, 16.0, 0.24010363221168518
0, 250.0, 500.0, 16.0, 19.0, 0.23935462534427643
0, 575.0, 659.0, 16.0, 16.0, 0.23830698430538177
0, 235.0, 397.0, 16.0, 15.0, 0.2382229119539261
0, 801.0, 298.0, 14.0, 15.0, 0.2354382872581482
0, 53.0, 157.0, 17.0, 14.0, 0.2334246039390564
0, 247.0, 76.0, 18.0, 15.0, 0.23241807520389557
0, 94.0, 436.0, 17.0, 19.0, 0.23189499974250793
0, 250.0, 61.0, 19.0, 14.0, 0.22841776907444
0, 470.0, 600.0, 18.0, 14.0, 0.22816681861877441
0, 250.0, 394.0, 15.0, 16.0, 0.22801277041435242
0, 215.0, 473.0, 15.0, 13.0, 0.22726871073246002
0, 428.0, 557.0, 16.0, 17.0, 0.2264062613248825
0, 589.0, 509.0, 17.0, 14.0, 0.22570927441120148
0, 558.0, 555.0, 17.0, 13.0, 0.22396008670330048
0, 115.0, 35.0, 17.0, 15.0, 0.2224777638912201
0, 837.0, 207.0, 15.0, 14.0, 0.22128280997276306
0, 440.0, 161.0, 14.0, 15.0, 0.22045698761940002
0, 326.0, 516.0, 15.0, 14.0, 0.22043940424919128
0, 235.0, 86.0, 15.0, 14.0, 0.2201242595911026
0, 65.0, 746.0, 17.0, 16.0, 0.21928256750106812
0, 991.0, 267.0, 17.0, 16.0, 0.21791523694992065
0, 204.0, 339.0, 12.0, 14.0, 0.21720220148563385
0, 816.0, 919.0, 16.0, 13.0, 0.21563845872879028
0, 45.0, 182.0, 20.0, 14.0, 0.21466761827468872
0, 549.0, 319.0, 17.0, 18.0, 0.21382805705070496
0, 237.0, 485.0, 19.0, 15.0, 0.20907440781593323
0, 839.0, 858.0, 15.0, 16.0, 0.20906922221183777
0, 393.0, 745.0, 15.0, 18.0, 0.20894034206867218
0, 277.0, 55.0, 15.0, 15.0, 0.20858873426914215
0, 515.0, 276.0, 14.0, 14.0, 0.20835426449775696
0, 620.0, 591.0, 15.0, 17.0, 0.20767222344875336
0, 195.0, 382.0, 12.0, 13.0, 0.20762035250663757
0, 394.0, 259.0, 13.0, 15.0, 0.20590980350971222
0, 146.0, 336.0, 13.0, 15.0, 0.2047538161277771
0, 39.0, 194.0, 12.0, 10.0, 0.2046526074409485
0, 813.0, 313.0, 15.0, 14.0, 0.20457033812999725
0, 53.0, 59.0, 13.0, 13.0, 0.20380347967147827
0, 174.0, 193.0, 15.0, 18.0, 0.2037321925163269
0, 420.0, 673.0, 16.0, 18.0, 0.20345734059810638
0, 121.0, 489.0, 13.0, 16.0, 0.20324867963790894
0, 714.0, 86.0, 15.0, 16.0, 0.20279356837272644
0, 508.0, 641.0, 13.0, 16.0, 0.2021326720714569
0, 421.0, 538.0, 17.0, 15.0, 0.20129555463790894
0, 399.0, 716.0, 15.0, 17.0, 0.201225146651268
0, 578.0, 952.0, 16.0, 13.0, 0.20028792321681976
0, 100.0, 417.0, 15.0, 15.0, 0.19963297247886658
0, 676.0, 147.0, 16.0, 15.0, 0.19889655709266663
0, 551.0, 231.0, 16.0, 17.0, 0.19774888455867767
0, 259.0, 111.0, 14.0, 15.0, 0.19632606208324432
0, 117.0, 812.0, 14.0, 14.0, 0.19615697860717773
0, 113.0, 433.0, 13.0, 16.0, 0.19613662362098694
0, 13.0, 358.0, 15.0, 15.0, 0.1956729292869568
0, 991.0, 248.0, 16.0, 18.0, 0.19530431926250458
0, 534.0, 523.0, 16.0, 13.0, 0.19464167952537537
0, 80.0, 536.0, 15.0, 14.0, 0.19251689314842224
0, 452.0, 360.0, 15.0, 18.0, 0.19227968156337738
0, 69.0, 122.0, 16.0, 16.0, 0.19079667329788208
0, 364.0, 741.0, 14.0, 15.0, 0.19036749005317688
0, 828.0, 189.0, 16.0, 16.0, 0.18990358710289001
0, 613.0, 573.0, 18.0, 16.0, 0.18896670639514923
0, 178.0, 483.0, 15.0, 14.0, 0.18867841362953186
0, 35.0, 217.0, 20.0, 12.0, 0.1885593682527542
0, 636.0, 515.0, 17.0, 17.0, 0.18819071352481842
0, 507.0, 334.0, 17.0, 17.0, 0.18756718933582306
0, 963.0, 427.0, 16.0, 14.0, 0.18748994171619415
0, 669.0, 36.0, 15.0, 16.0, 0.1871284544467926
0, 533.0, 649.0, 15.0, 15.0, 0.186507910490036
0, 141.0, 416.0, 13.0, 14.0, 0.18629834055900574
0, 307.0, 986.0, 17.0, 13.0, 0.1850583255290985
0, 747.0, 871.0, 14.0, 14.0, 0.18504029512405396
0, 13.0, 267.0, 15.0, 13.0, 0.18467889726161957
0, 513.0, 317.0, 14.0, 14.0, 0.18411493301391602
0, 803.0, 329.0, 18.0, 20.0, 0.183844193816185
0, 613.0, 67.0, 14.0, 14.0, 0.18383799493312836
0, 192.0, 463.0, 15.0, 16.0, 0.1832619309425354
0, 734.0, 64.0, 14.0, 19.0, 0.18302713334560394
0, 505.0, 967.0, 18.0, 15.0, 0.1825876533985138
0, 959.0, 989.0, 13.0, 15.0, 0.18201643228530884
0, 331.0, 355.0, 15.0, 14.0, 0.18191224336624146
0, 984.0, 683.0, 15.0, 17.0, 0.1818060725927353
0, 389.0, 780.0, 15.0, 13.0, 0.18135447800159454
0, 522.0, 369.0, 17.0, 17.0, 0.18114003539085388
0, 591.0, 250.0, 13.0, 15.0, 0.18111854791641235
0, 940.0, 407.0, 15.0, 16.0, 0.17831657826900482
0, 6.0, 254.0, 13.0, 14.0, 0.17548948526382446
0, 406.0, 132.0, 14.0, 16.0, 0.17508846521377563
0, 533.0, 237.0, 14.0, 16.0, 0.17437458038330078
0, 22.0, 315.0, 14.0, 18.0, 0.1742623895406723
0, 384.0, 717.0, 16.0, 14.0, 0.17338784039020538
0, 372.0, 172.0, 12.0, 14.0, 0.17328223586082458
0, 13.0, 219.0, 16.0, 17.0, 0.17324577271938324
0, 883.0, 170.0, 16.0, 16.0, 0.17140823602676392
0, 562.0, 481.0, 15.0, 15.0, 0.17013145983219147
0, 365.0, 488.0, 16.0, 14.0, 0.16931919753551483
0, 399.0, 680.0, 19.0, 17.0, 0.16823682188987732
0, 368.0, 589.0, 15.0, 15.0, 0.1676785945892334
0, 324.0, 368.0, 15.0, 14.0, 0.167578786611557
0, 982.0, 708.0, 17.0, 19.0, 0.1675289422273636
0, 176.0, 354.0, 15.0, 14.0, 0.16745249927043915
0, 848.0, 236.0, 15.0, 17.0, 0.16697628796100616
0, 151.0, 499.0, 15.0, 16.0, 0.1666204035282135
0, 363.0, 220.0, 15.0, 16.0, 0.1661297231912613
0, 167.0, 724.0, 16.0, 16.0, 0.1659766137599945
0, 732.0, 28.0, 17.0, 19.0, 0.1657625287771225
0, 176.0, 450.0, 13.0, 15.0, 0.16550441086292267
0, 53.0, 271.0, 14.0, 18.0, 0.16527783870697021
0, 151.0, 767.0, 18.0, 17.0, 0.16437114775180817
0, 833.0, 924.0, 15.0, 16.0, 0.16381604969501495
0, 169.0, 414.0, 12.0, 14.0, 0.16340695321559906
0, 867.0, 994.0, 17.0, 10.0, 0.16284991800785065
0, 9.0, 177.0, 17.0, 18.0, 0.16192616522312164
0, 988.0, 533.0, 15.0, 17.0, 0.16177599132061005
0, 260.0, 513.0, 17.0, 15.0, 0.16153335571289062
0, 75.0, 61.0, 13.0, 14.0, 0.16132542490959167
0, 418.0, 230.0, 15.0, 14.0, 0.16125914454460144
0, 167.0, 683.0, 16.0, 14.0, 0.16117867827415466
0, 915.0, 795.0, 14.0, 12.0, 0.16106896102428436
0, 177.0, 154.0, 12.0, 18.0, 0.16104336082935333
0, 104.0, 137.0, 12.0, 16.0, 0.1607070118188858
0, 190.0, 716.0, 17.0, 17.0, 0.1602267622947693
0, 262.0, 160.0, 14.0, 16.0, 0.1602133959531784
0, 638.0, 926.0, 14.0, 15.0, 0.1601131558418274
0, 173.0, 319.0, 14.0, 16.0, 0.1595998853445053
0, 648.0, 134.0, 14.0, 14.0, 0.15925876796245575
0, 80.0, 801.0, 15.0, 14.0, 0.1592359095811844
0, 676.0, 995.0, 21.0, 8.0, 0.15919440984725952
0, 70.0, 572.0, 15.0, 15.0, 0.15880641341209412
0, 885.0, 133.0, 16.0, 15.0, 0.15869542956352234
0, 107.0, 386.0, 13.0, 14.0, 0.15797847509384155
0, 241.0, 179.0, 14.0, 15.0, 0.15722408890724182
0, 514.0, 539.0, 19.0, 13.0, 0.1568499505519867
0, 507.0, 517.0, 17.0, 15.0, 0.1555711328983307
0, 489.0, 605.0, 18.0, 14.0, 0.15492884814739227
0, 993.0, 407.0, 13.0, 12.0, 0.15465953946113586
0, 102.0, 716.0, 15.0, 16.0, 0.1546112596988678
0, 690.0, 64.0, 14.0, 16.0, 0.1545645296573639
0, 392.0, 328.0, 14.0, 15.0, 0.15429212152957916
0, 805.0, 934.0, 14.0, 16.0, 0.15297986567020416
0, 957.0, 413.0, 13.0, 14.0, 0.15246108174324036
0, 290.0, 622.0, 14.0, 17.0, 0.150945782661438
0, 487.0, 541.0, 16.0, 15.0, 0.15093646943569183
0, 339.0, 370.0, 16.0, 14.0, 0.150406613945961
0, 607.0, 543.0, 15.0, 15.0, 0.14990611374378204
0, 464.0, 74.0, 21.0, 22.0, 0.14896756410598755
0, 490.0, 699.0, 17.0, 15.0, 0.14848782122135162
0, 234.0, 535.0, 19.0, 18.0, 0.1471811980009079
0, 95.0, 598.0, 16.0, 14.0, 0.14684723317623138
0, 134.0, 849.0, 15.0, 16.0, 0.1460239440202713
0, 89.0, 848.0, 14.0, 14.0, 0.1451709270477295
0, 600.0, 447.0, 17.0, 15.0, 0.14466993510723114
0, 97.0, 770.0, 17.0, 14.0, 0.14362597465515137
0, 614.0, 330.0, 14.0, 17.0, 0.1434999704360962
0, 44.0, 143.0, 15.0, 15.0, 0.14270643889904022
0, 306.0, 953.0, 15.0, 15.0, 0.14269328117370605
0, 827.0, 303.0, 17.0, 15.0, 0.14244568347930908
0, 588.0, 463.0, 16.0, 19.0, 0.14239664375782013
0, 26.0, 334.0, 14.0, 18.0, 0.14239385724067688
0, 501.0, 285.0, 14.0, 14.0, 0.14226999878883362
0, 93.0, 614.0, 13.0, 15.0, 0.14182442426681519
0, 447.0, 218.0, 13.0, 16.0, 0.14134515821933746
0, 364.0, 330.0, 14.0, 17.0, 0.1410013735294342
0, 370.0, 289.0, 12.0, 13.0, 0.13958881795406342
0, 173.0, 338.0, 15.0, 14.0, 0.1389671266078949
0, 444.0, 554.0, 15.0, 16.0, 0.13797275722026825
0, 435.0, 656.0, 14.0, 16.0, 0.13743038475513458
0, 467.0, 107.0, 18.0, 15.0, 0.13673587143421173
0, 905.0, 167.0, 15.0, 15.0, 0.13638190925121307
0, 5.0, 676.0, 10.0, 17.0, 0.13571253418922424
0, 576.0, 48.0, 19.0, 20.0, 0.1348487138748169
0, 64.0, 770.0, 20.0, 14.0, 0.13463646173477173
0, 456.0, 567.0, 14.0, 15.0, 0.13432687520980835
0, 175.0, 372.0, 15.0, 17.0, 0.1342976987361908
0, 71.0, 708.0, 17.0, 15.0, 0.13423027098178864
0, 173.0, 214.0, 14.0, 16.0, 0.1338924765586853
0, 91.0, 571.0, 18.0, 16.0, 0.13368621468544006
0, 576.0, 491.0, 15.0, 15.0, 0.13357356190681458
0, 564.0, 355.0, 13.0, 17.0, 0.13351373374462128
0, 406.0, 264.0, 13.0, 13.0, 0.13338391482830048
0, 932.0, 411.0, 17.0, 16.0, 0.13315480947494507
0, 118.0, 385.0, 14.0, 14.0, 0.13262787461280823
0, 618.0, 530.0, 16.0, 15.0, 0.1323956549167633
0, 553.0, 361.0, 12.0, 15.0, 0.1322202831506729
0, 517.0, 807.0, 17.0, 19.0, 0.13159163296222687
0, 622.0, 514.0, 15.0, 14.0, 0.13097606599330902
0, 540.0, 698.0, 16.0, 14.0, 0.13059091567993164
0, 981.0, 375.0, 14.0, 14.0, 0.13057741522789001
0, 201.0, 426.0, 15.0, 16.0, 0.13053326308727264
0, 932.0, 177.0, 14.0, 16.0, 0.13043856620788574
0, 388.0, 173.0, 14.0, 16.0, 0.1302291452884674
0, 609.0, 602.0, 16.0, 19.0, 0.13001199066638947
0, 607.0, 343.0, 14.0, 16.0, 0.12984316051006317
0, 34.0, 555.0, 14.0, 18.0, 0.12961459159851074
0, 484.0, 559.0, 15.0, 14.0, 0.1288696974515915
0, 75.0, 446.0, 16.0, 20.0, 0.12886498868465424
0, 506.0, 606.0, 14.0, 14.0, 0.12858130037784576
0, 81.0, 91.0, 11.0, 16.0, 0.12853527069091797
0, 414.0, 612.0, 16.0, 16.0, 0.12826810777187347
0, 481.0, 713.0, 16.0, 14.0, 0.12775789201259613
0, 591.0, 599.0, 14.0, 14.0, 0.127602219581604
0, 216.0, 322.0, 17.0, 15.0, 0.12754598259925842
0, 468.0, 544.0, 15.0, 14.0, 0.12645243108272552
0, 178.0, 321.0, 16.0, 18.0, 0.12550310790538788
0, 283.0, 526.0, 12.0, 15.0, 0.12525293231010437
0, 193.0, 155.0, 14.0, 19.0, 0.12496335059404373
0, 631.0, 4.0, 17.0, 8.0, 0.12486531585454941
0, 995.0, 806.0, 9.0, 15.0, 0.12477356940507889
0, 744.0, 906.0, 15.0, 13.0, 0.12455600500106812
0, 158.0, 259.0, 13.0, 16.0, 0.12448730319738388
0, 156.0, 709.0, 18.0, 14.0, 0.12421540170907974
0, 639.0, 97.0, 17.0, 14.0, 0.12386257946491241
0, 350.0, 954.0, 14.0, 15.0, 0.1238027960062027
0, 800.0, 869.0, 15.0, 17.0, 0.12366124242544174
0, 216.0, 387.0, 15.0, 14.0, 0.12350232899188995
0, 569.0, 532.0, 17.0, 14.0, 0.12349657714366913
0, 111.0, 623.0, 15.0, 13.0, 0.12339161336421967
0, 602.0, 649.0, 18.0, 14.0, 0.12262634187936783
0, 95.0, 159.0, 15.0, 16.0, 0.12237068265676498
0, 577.0, 721.0, 16.0, 14.0, 0.12224717438220978
0, 68.0, 105.0, 15.0, 12.0, 0.12193472683429718
0, 521.0, 403.0, 15.0, 21.0, 0.1217959001660347
0, 591.0, 273.0, 14.0, 14.0, 0.12176235765218735
0, 44.0, 298.0, 13.0, 17.0, 0.12173090130090714
0, 63.0, 247.0, 13.0, 16.0, 0.12081028521060944
0, 555.0, 968.0, 15.0, 14.0, 0.12079011648893356
0, 639.0, 49.0, 19.0, 15.0, 0.12070854008197784
0, 972.0, 630.0, 13.0, 17.0, 0.12063975632190704
0, 433.0, 722.0, 16.0, 15.0, 0.12062907963991165
0, 961.0, 920.0, 14.0, 16.0, 0.11971426010131836
0, 163.0, 486.0, 13.0, 15.0, 0.11964541673660278
0, 816.0, 290.0, 16.0, 20.0, 0.11959423869848251
0, 496.0, 679.0, 15.0, 16.0, 0.11940978467464447
0, 394.0, 376.0, 15.0, 17.0, 0.11936861276626587
0, 315.0, 395.0, 14.0, 16.0, 0.11894115805625916
0, 276.0, 19.0, 13.0, 13.0, 0.11803420633077621
