0, 122.0, 990.0, 25.0, 18.0, 0.26440685987472534
0, 126.0, 165.0, 18.0, 19.0, 0.24253316223621368
0, 222.0, 136.0, 20.0, 20.0, 0.24097023904323578
0, 723.0, 38.0, 19.0, 21.0, 0.23245960474014282
0, 149.0, 114.0, 16.0, 17.0, 0.23092909157276154
0, 653.0, 473.0, 18.0, 19.0, 0.21883611381053925
0, 392.0, 708.0, 18.0, 19.0, 0.21847285330295563
0, 236.0, 27.0, 18.0, 18.0, 0.213896244764328
0, 605.0, 7.0, 19.0, 14.0, 0.21232645213603973
0, 907.0, 724.0, 16.0, 16.0, 0.1998271346092224
0, 850.0, 251.0, 17.0, 17.0, 0.19084124267101288
0, 938.0, 757.0, 18.0, 17.0, 0.18465182185173035
0, 384.0, 811.0, 17.0, 19.0, 0.17945687472820282
0, 380.0, 36.0, 20.0, 17.0, 0.17791154980659485
0, 440.0, 432.0, 18.0, 16.0, 0.17605553567409515
0, 546.0, 493.0, 21.0, 18.0, 0.17548082768917084
0, 558.0, 431.0, 24.0, 24.0, 0.1727897822856903
0, 856.0, 297.0, 17.0, 17.0, 0.16509422659873962
0, 911.0, 774.0, 20.0, 19.0, 0.1633627861738205
0, 510.0, 855.0, 17.0, 18.0, 0.16256803274154663
0, 714.0, 783.0, 19.0, 22.0, 0.16225764155387878
0, 758.0, 16.0, 18.0, 15.0, 0.1577998697757721
0, 992.0, 23.0, 14.0, 15.0, 0.15742197632789612
0, 129.0, 67.0, 15.0, 16.0, 0.14609333872795105
0, 562.0, 833.0, 21.0, 19.0, 0.14490972459316254
0, 524.0, 175.0, 18.0, 18.0, 0.14032630622386932
0, 115.0, 239.0, 18.0, 18.0, 0.13960804045200348
0, 118.0, 264.0, 24.0, 22.0, 0.13935592770576477
0, 181.0, 595.0, 20.0, 18.0, 0.13619816303253174
0, 35.0, 507.0, 22.0, 19.0, 0.13427673280239105
0, 908.0, 170.0, 21.0, 18.0, 0.13208748400211334
0, 289.0, 491.0, 17.0, 20.0, 0.12969151139259338
0, 643.0, 354.0, 22.0, 24.0, 0.12862323224544525
0, 81.0, 124.0, 15.0, 16.0, 0.1252089887857437
0, 811.0, 388.0, 15.0, 19.0, 0.12470919638872147
0, 139.0, 55.0, 16.0, 15.0, 0.11814453452825546
0, 586.0, 254.0, 17.0, 16.0, 0.11798359453678131
0, 273.0, 257.0, 18.0, 18.0, 0.11634669452905655
0, 903.0, 453.0, 17.0, 18.0, 0.11621181666851044
0, 394.0, 656.0, 22.0, 18.0, 0.11570810526609421
0, 975.0, 604.0, 21.0, 19.0, 0.11530926823616028
0, 635.0, 890.0, 21.0, 19.0, 0.11526133865118027
0, 631.0, 906.0, 21.0, 18.0, 0.1140371561050415
0, 147.0, 969.0, 22.0, 20.0, 0.11229095607995987
0, 479.0, 500.0, 21.0, 19.0, 0.11216557025909424
0, 612.0, 46.0, 18.0, 17.0, 0.11115769296884537
0, 329.0, 450.0, 18.0, 15.0, 0.11045178771018982
0, 102.0, 284.0, 19.0, 17.0, 0.10995429754257202
0, 546.0, 184.0, 20.0, 17.0, 0.10993964970111847
0, 213.0, 480.0, 17.0, 15.0, 0.10920228809118271
0, 277.0, 377.0, 14.0, 17.0, 0.1072361096739769
0, 675.0, 794.0, 18.0, 17.0, 0.10652667284011841
0, 599.0, 267.0, 17.0, 16.0, 0.10649259388446808
0, 303.0, 612.0, 16.0, 15.0, 0.10637306421995163
0, 878.0, 744.0, 17.0, 18.0, 0.10618417710065842
0, 789.0, 4.0, 18.0, 8.0, 0.1055762767791748
0, 660.0, 173.0, 17.0, 18.0, 0.10440856963396072
0, 140.0, 211.0, 16.0, 15.0, 0.10324519872665405
0, 166.0, 182.0, 16.0, 18.0, 0.10290064662694931
0, 552.0, 737.0, 20.0, 19.0, 0.10197608172893524
0, 717.0, 20.0, 14.0, 16.0, 0.10115697234869003
