0, 420, 304, 183, 416, 0.547126054763794
0, 255, 434, 511, 152, 0.5423184037208557
0, 255, 447, 511, 129, 0.5344338417053223
0, 258, 421, 511, 115, 0.5336356163024902
0, 455, 259, 117, 359, 0.5325005650520325
0, 455, 260, 117, 356, 0.5303393006324768
0, 256, 470, 511, 83, 0.5301717519760132
0, 355, 390, 308, 243, 0.5297350883483887
0, 418, 249, 145, 511, 0.5288897156715393
0, 255, 446, 511, 130, 0.5277033448219299
0, 404, 217, 75, 92, 0.5241098999977112
0, 446, 356, 130, 308, 0.5236092805862427
0, 417, 246, 134, 511, 0.5233698487281799
0, 148, 469, 293, 85, 0.5225843787193298
0, 492, 271, 17, 18, 0.5196353197097778
0, 423, 249, 171, 442, 0.5190176367759705
0, 433, 363, 155, 297, 0.5188001990318298
0, 504, 439, 14, 31, 0.5182923078536987
0, 115, 375, 20, 22, 0.5176253914833069
0, 477, 299, 24, 42, 0.5173490643501282
0, 255, 464, 511, 95, 0.5169583559036255
0, 41, 220, 82, 173, 0.5164387822151184
0, 301, 264, 64, 42, 0.5156864523887634
0, 497, 356, 28, 82, 0.5152251124382019
0, 504, 439, 14, 31, 0.5150598883628845
0, 124, 435, 249, 153, 0.5143392086029053
0, 499, 351, 24, 75, 0.5141474008560181
0, 441, 232, 145, 174, 0.5137234926223755
0, 447, 362, 130, 296, 0.503491997718811
0, 503, 433, 16, 42, 0.4965490400791168
0, 115, 82, 34, 20, 0.49881455302238464
0, 445, 352, 132, 317, 0.5087138414382935
0, 501, 360, 21, 87, 0.5013784766197205
0, 498, 291, 26, 62, 0.506609320640564
0, 498, 290, 26, 66, 0.5015110363061328
0, 498, 288, 26, 68, 0.49744175228223686
0, 499, 288, 25, 67, 0.5005101255606589
0, 499, 288, 25, 67, 0.5001598290633139
0, 503, 432, 17, 49, 0.4862040728236201
0, 501, 356, 21, 80, 0.4957473236679914
0, 502, 356, 19, 82, 0.48997820707367834
0, 498, 298, 25, 63, 0.483930497972191
0, 498, 298, 25, 63, 0.483930497972191
0, 497, 294, 26, 57, 0.4968516953010545
0, 496, 294, 27, 56, 0.4987988110152143
0, 502, 288, 19, 67, 0.48430767603669755
0, 503, 289, 18, 70, 0.48277177866003684
0, 500, 279, 23, 52, 0.48042173560586704
0, 499, 324, 26, 68, 0.47209201909984305
0, 498, 235, 27, 61, 0.4644489411477615
0, 500, 257, 23, 84, 0.4741930753514928
0, 448, 399, 128, 223, 0.48928045304967427
0, 496, 365, 30, 102, 0.485407945090076
0, 445, 443, 132, 136, 0.4804984305753175
0, 502, 416, 20, 78, 0.480852711554565
0, 497, 364, 28, 98, 0.4838432750022606
0, 497, 224, 28, 75, 0.465457440688929
0, 499, 337, 26, 100, 0.479697680813743
0, 450, 441, 122, 141, 0.49211327131329236
0, 448, 407, 126, 207, 0.4814178036615053
0, 498, 370, 27, 109, 0.4832638052918178
0, 448, 407, 126, 207, 0.4814178036615053
0, 260, 62, 30, 25, 0.48029254084669815
0, 453, 443, 117, 135, 0.47043188664623903
0, 93, 488, 180, 47, 0.4874729405993937
0, 62, 430, 124, 161, 0.49084188760836067
0, 495, 396, 33, 43, 0.4791383346032097
0, 68, 202, 135, 401, 0.5035758018493652
0, 467, 409, 83, 59, 0.49188554702509757
0, 91, 482, 181, 59, 0.4973578155040741
0, 498, 235, 27, 61, 0.4644489411477615
0, 83, 430, 167, 163, 0.4890704889790186
0, 93, 488, 180, 47, 0.4874729405993937
0, 404, 256, 214, 511, 0.4832707800671449
0, 445, 443, 132, 136, 0.4804984305753175
0, 497, 330, 29, 130, 0.4812271557826879
0, 154, 43, 67, 34, 0.49118611216545105
0, 17, 124, 33, 52, 0.4972204267978668
0, 230, 63, 71, 30, 0.4959008991718292
0, 83, 430, 167, 163, 0.4890704889790186
0, 494, 223, 35, 95, 0.4747320563106133
0, 87, 435, 174, 152, 0.5103896260261536
0, 63, 471, 126, 80, 0.49414485692977905
0, 353, 407, 152, 209, 0.45829368571599455
0, 487, 257, 46, 86, 0.47737893717844815
0, 110, 127, 224, 251, 0.48805174231529236
0, 22, 476, 45, 71, 0.48407426476478577
0, 478, 454, 57, 55, 0.4713269940716862
0, 38, 404, 76, 213, 0.5038728713989258
0, 87, 435, 174, 152, 0.5103896260261536
0, 467, 410, 87, 74, 0.4836567659968555
0, 499, 490, 23, 43, 0.459303218411219
0, 92, 472, 182, 78, 0.5034809112548828
0, 492, 211, 41, 85, 0.4625485806646104
0, 485, 265, 50, 106, 0.449122067950538
0, 469, 415, 83, 86, 0.48036881776915263
0, 485, 265, 50, 106, 0.449122067950538
0, 492, 211, 41, 85, 0.4625485806646104
0, 485, 265, 50, 106, 0.449122067950538
0, 492, 211, 41, 84, 0.4741164766223601
0, 260, 62, 30, 25, 0.48029254084669815
0, 68, 202, 135, 401, 0.5035758018493652
0, 52, 256, 106, 511, 0.4896624982357025
0, 496, 468, 30, 86, 0.46814393818387967
0, 486, 267, 50, 106, 0.46425190553876644
0, 486, 267, 50, 106, 0.46425190553876644
0, 485, 226, 52, 166, 0.4484944654181836
0, 32, 246, 64, 135, 0.510867714881897
0, 490, 489, 42, 44, 0.47127473452032986
0, 485, 252, 51, 133, 0.4645991397507785
0, 489, 468, 45, 86, 0.47255872234390706
0, 486, 166, 47, 68, 0.48057963749838656
0, 485, 247, 52, 147, 0.46613785335837493
0, 485, 226, 52, 166, 0.4484944654181836
0, 70, 154, 138, 304, 0.49131205677986145
0, 376, 126, 269, 252, 0.46884046247841615
0, 454, 441, 114, 139, 0.47719365555710863
0, 489, 170, 42, 69, 0.4783227175087186
0, 453, 443, 117, 135, 0.47043188664623903
0, 480, 241, 58, 177, 0.4428749388432256
0, 480, 241, 58, 177, 0.4428749388432256
0, 462, 158, 98, 317, 0.45450678657998733
0, 449, 469, 125, 85, 0.4619958089688334
0, 416, 121, 190, 242, 0.449205314374627
0, 468, 441, 87, 141, 0.47194951687230746
0, 446, 468, 129, 85, 0.4454663183415582
0, 71, 237, 144, 467, 0.5020328760147095
0, 462, 158, 98, 317, 0.45450678657998733
0, 459, 410, 46, 40, 0.47374697885728556
0, 463, 443, 101, 135, 0.4491509169212591
0, 415, 160, 193, 320, 0.46171497036364795
0, 468, 159, 87, 319, 0.4382789341660659
0, 446, 468, 129, 85, 0.4454663183415582
0, 468, 159, 87, 319, 0.4382789341660659
0, 463, 443, 101, 135, 0.4491509169212591
0, 353, 407, 152, 209, 0.45829368571599455
0, 412, 139, 199, 278, 0.4553878246724096
0, 416, 121, 190, 242, 0.449205314374627
0, 435, 220, 120, 107, 0.46772581655731055
0, 63, 51, 125, 103, 0.45338491988529794
0, 262, 39, 511, 79, 0.45325689096739313
0, 134, 61, 264, 124, 0.4556227063488191
0, 456, 220, 53, 72, 0.43906319284001505
0, 473, 205, 17, 30, 0.4534910475928704
0, 456, 220, 53, 72, 0.43906319284001505
0, 473, 206, 20, 33, 0.45541926624732754
0, 400, 140, 147, 159, 0.4505793564872358
0, 114, 188, 231, 376, 0.4447722955856944
