0, 255, 446, 511, 130, 0.5527918338775635
0, 420, 420, 181, 181, 0.5462486743927002
0, 346, 457, 325, 109, 0.5415820479393005
0, 201, 474, 230, 75, 0.5377904176712036
0, 255, 470, 511, 81, 0.5377565622329712
0, 430, 289, 159, 92, 0.5373086333274841
0, 429, 264, 165, 152, 0.5370746850967407
0, 378, 465, 264, 92, 0.5358368158340454
0, 147, 436, 293, 151, 0.5347626805305481
0, 406, 290, 107, 56, 0.5347204208374023
0, 476, 428, 37, 28, 0.5347005128860474
0, 476, 428, 36, 26, 0.5344000458717346
0, 440, 208, 145, 262, 0.5340790748596191
0, 476, 428, 37, 28, 0.5340015292167664
0, 419, 407, 184, 208, 0.5335137844085693
0, 451, 326, 36, 23, 0.532624363899231
0, 255, 464, 511, 95, 0.5321900844573975
0, 422, 259, 180, 363, 0.5320614576339722
0, 377, 435, 266, 152, 0.531954824924469
0, 255, 453, 511, 116, 0.53144371509552
0, 60, 376, 121, 271, 0.530375599861145
0, 417, 218, 189, 286, 0.5303648710250854
0, 75, 416, 150, 190, 0.5301733016967773
0, 447, 280, 109, 56, 0.5299227833747864
0, 434, 277, 157, 129, 0.5296807885169983
0, 446, 240, 134, 178, 0.5296149253845215
0, 50, 351, 101, 318, 0.5292760133743286
0, 439, 278, 88, 42, 0.5291653275489807
0, 164, 41, 34, 38, 0.5286989808082581
0, 425, 397, 173, 227, 0.5283865332603455
0, 462, 392, 74, 32, 0.5282132029533386
0, 429, 298, 164, 107, 0.5277035236358643
0, 447, 275, 133, 82, 0.5274907350540161
0, 437, 285, 149, 106, 0.5272789001464844
0, 428, 281, 166, 125, 0.526016354560852
0, 436, 237, 152, 149, 0.5246784090995789
0, 99, 411, 200, 200, 0.524629533290863
0, 169, 444, 53, 62, 0.5243104100227356
0, 454, 424, 85, 34, 0.5242989659309387
0, 438, 286, 149, 102, 0.5237954258918762
0, 436, 439, 29, 21, 0.523637592792511
0, 434, 220, 153, 182, 0.523627519607544
0, 145, 479, 287, 65, 0.5234639048576355
0, 443, 301, 51, 24, 0.5227991938591003
0, 255, 429, 511, 163, 0.5226409435272217
0, 76, 228, 153, 446, 0.5226309895515442
0, 162, 484, 160, 54, 0.5224416255950928
0, 439, 304, 151, 102, 0.5221896171569824
0, 440, 207, 143, 161, 0.5221863389015198
0, 127, 437, 255, 148, 0.5220544338226318
0, 481, 387, 56, 33, 0.5220481753349304
0, 436, 437, 36, 24, 0.5212492346763611
0, 485, 341, 42, 27, 0.5208021998405457
0, 451, 295, 126, 178, 0.5200033187866211
0, 437, 250, 147, 118, 0.5198180675506592
0, 439, 214, 148, 175, 0.519491970539093
0, 469, 392, 82, 36, 0.5191996693611145
0, 478, 483, 67, 56, 0.5188460350036621
0, 482, 345, 55, 39, 0.5187947154045105
0, 464, 273, 98, 76, 0.5187208652496338
0, 438, 213, 147, 173, 0.5185813307762146
0, 436, 223, 149, 146, 0.5181291699409485
0, 479, 73, 61, 69, 0.5180548429489136
0, 53, 415, 105, 193, 0.5177680253982544
0, 438, 462, 147, 99, 0.517436683177948
0, 114, 472, 227, 79, 0.5172809362411499
0, 460, 459, 101, 102, 0.517147421836853
0, 92, 438, 184, 147, 0.5168284773826599
0, 420, 459, 183, 105, 0.5168206095695496
0, 487, 341, 43, 31, 0.5167257785797119
0, 454, 255, 116, 510, 0.5163935422897339
0, 68, 224, 136, 190, 0.5161743760108948
0, 462, 353, 99, 109, 0.5146188139915466
0, 440, 214, 144, 173, 0.5142448544502258
0, 429, 356, 173, 206, 0.5141966342926025
0, 110, 187, 219, 365, 0.5138934254646301
0, 454, 189, 115, 167, 0.5137469172477722
0, 480, 74, 61, 67, 0.5137002468109131
0, 478, 72, 58, 67, 0.5134997367858887
0, 424, 353, 184, 214, 0.5134484171867371
0, 423, 444, 176, 134, 0.5134286284446716
0, 496, 342, 29, 33, 0.5133740305900574
0, 481, 461, 60, 99, 0.5132617354393005
0, 446, 174, 74, 45, 0.5131974816322327
0, 460, 321, 109, 99, 0.5131052136421204
0, 83, 483, 166, 56, 0.5127680897712708
0, 58, 444, 115, 134, 0.5127049684524536
0, 472, 392, 86, 52, 0.5125689506530762
0, 442, 344, 143, 110, 0.5124652981758118
0, 494, 328, 34, 63, 0.5124080777168274
0, 463, 325, 88, 52, 0.5123766660690308
0, 428, 326, 176, 154, 0.5123573541641235
0, 489, 344, 40, 31, 0.511880099773407
0, 473, 272, 78, 78, 0.5115516185760498
0, 415, 380, 192, 263, 0.5113058686256409
0, 41, 163, 82, 156, 0.5111052393913269
0, 415, 66, 190, 130, 0.5104864239692688
0, 448, 368, 129, 136, 0.5103950500488281
0, 43, 233, 86, 271, 0.5103920102119446
0, 482, 430, 52, 35, 0.510391116142273
0, 494, 327, 35, 62, 0.5102378726005554
0, 423, 345, 188, 189, 0.509848415851593
0, 83, 473, 165, 76, 0.5096160769462585
0, 496, 343, 31, 35, 0.5094850063323975
0, 457, 176, 60, 36, 0.5088943243026733
0, 482, 391, 54, 34, 0.5088475346565247
0, 480, 331, 63, 121, 0.5086507797241211
0, 483, 381, 56, 55, 0.5082374215126038
0, 474, 266, 69, 53, 0.5082110166549683
0, 452, 326, 38, 25, 0.5080673098564148
0, 409, 89, 205, 177, 0.507885217666626
0, 475, 271, 71, 65, 0.5076736807823181
0, 25, 204, 50, 75, 0.5076649785041809
0, 478, 326, 69, 112, 0.5073642134666443
0, 477, 148, 69, 53, 0.5072677135467529
0, 64, 255, 122, 507, 0.5072335600852966
0, 462, 114, 99, 118, 0.5072273015975952
0, 480, 329, 63, 115, 0.507026195526123
0, 498, 393, 26, 41, 0.5067774057388306
0, 495, 326, 33, 64, 0.5066878795623779
0, 435, 153, 154, 305, 0.5064447522163391
0, 478, 372, 64, 81, 0.5062796473503113
0, 459, 409, 106, 62, 0.5062227249145508
0, 479, 387, 62, 106, 0.5060734748840332
0, 473, 265, 71, 56, 0.5059350728988647
0, 78, 189, 155, 365, 0.5057646632194519
0, 502, 393, 19, 37, 0.5057404041290283
0, 491, 489, 41, 45, 0.5054435133934021
0, 481, 384, 59, 92, 0.5048667192459106
0, 500, 384, 23, 53, 0.504591703414917
0, 488, 116, 47, 51, 0.5045339465141296
0, 501, 394, 20, 34, 0.5044218897819519
0, 481, 341, 60, 107, 0.5037366151809692
0, 31, 228, 64, 116, 0.5037358403205872
0, 498, 116, 26, 50, 0.5036008358001709
0, 499, 372, 24, 73, 0.5034991502761841
0, 459, 185, 98, 98, 0.5034000873565674
0, 458, 434, 105, 99, 0.5032138824462891
0, 496, 469, 32, 84, 0.5031901001930237
0, 493, 219, 37, 79, 0.5030763149261475
0, 414, 59, 191, 117, 0.50306236743927
0, 492, 64, 40, 83, 0.5027210116386414
0, 492, 358, 40, 58, 0.5026652216911316
0, 503, 122, 15, 40, 0.5021732449531555
0, 479, 411, 61, 50, 0.5016120076179504
0, 153, 60, 304, 121, 0.5015459656715393
0, 490, 83, 43, 89, 0.49696052074432373
0, 480, 64, 61, 82, 0.500670313835144
0, 498, 375, 27, 75, 0.5009913444519043
0, 494, 118, 35, 49, 0.49916157126426697
0, 500, 458, 22, 65, 0.48902055621147156
0, 496, 285, 31, 47, 0.4918951690196991
0, 493, 255, 35, 35, 0.4942658543586731
0, 497, 408, 28, 60, 0.4983693063259125
0, 500, 386, 23, 54, 0.5001296401023865
0, 490, 62, 43, 73, 0.49862146377563477
0, 499, 458, 24, 62, 0.4936424791812897
0, 487, 77, 49, 85, 0.4992635250091553
0, 493, 290, 37, 58, 0.4980613887310028
0, 500, 400, 23, 58, 0.48878875374794006
0, 469, 207, 84, 93, 0.5006164908409119
0, 498, 461, 27, 65, 0.4993259608745575
0, 494, 254, 33, 34, 0.48618874920848726
0, 494, 253, 32, 32, 0.4879589606434463
0, 497, 378, 28, 69, 0.49667306065830186
0, 500, 419, 23, 55, 0.48365173918634363
0, 498, 427, 26, 46, 0.4895804337551518
0, 499, 392, 23, 44, 0.49615221767620554
0, 494, 56, 34, 69, 0.489458674381248
0, 498, 280, 27, 43, 0.4839948908530088
0, 488, 125, 48, 61, 0.49535693104409834
0, 493, 367, 34, 80, 0.4909626024740509
0, 497, 427, 28, 65, 0.4843518986362261
0, 493, 367, 34, 80, 0.4909626024740509
0, 499, 109, 23, 41, 0.49379137921502503
0, 493, 265, 35, 55, 0.487634009063423
0, 497, 124, 28, 48, 0.4914887590647519
0, 500, 276, 23, 36, 0.4788944305077923
0, 498, 225, 27, 61, 0.4907199756956471
0, 495, 419, 34, 87, 0.47773834801609716
0, 493, 238, 36, 76, 0.49109104784972085
0, 499, 153, 24, 48, 0.47386336511610133
0, 494, 94, 34, 87, 0.48841518392525923
0, 495, 310, 34, 62, 0.4843843952352893
0, 494, 322, 34, 61, 0.4851531491546683
0, 495, 310, 34, 62, 0.4843843952352893
0, 494, 322, 34, 61, 0.4851531491546683
0, 492, 469, 38, 84, 0.49061311212326164
0, 492, 299, 39, 74, 0.4902747666383199
0, 497, 475, 26, 36, 0.4831139545315436
0, 492, 500, 38, 23, 0.48839480287237863
0, 218, 48, 46, 44, 0.49061235785484314
0, 497, 475, 26, 36, 0.4831139545315436
0, 480, 53, 62, 105, 0.4826979236928139
0, 492, 499, 35, 24, 0.4901237582106093
0, 480, 53, 62, 105, 0.4826979236928139
0, 55, 257, 113, 510, 0.5013178586959839
0, 499, 153, 24, 48, 0.47386336511610133
0, 454, 426, 89, 50, 0.4806821447149353
0, 34, 466, 84, 90, 0.4941427707672119
0, 454, 426, 89, 50, 0.4806821447149353
0, 36, 490, 72, 42, 0.48303890228271484
0, 41, 457, 82, 109, 0.49152976274490356
0, 442, 88, 137, 175, 0.4819522001249131
0, 51, 67, 103, 134, 0.4863736033439636
0, 39, 479, 79, 63, 0.48564696311950684
0, 66, 69, 131, 137, 0.4793393909931183
0, 39, 479, 79, 63, 0.48564696311950684
0, 34, 466, 84, 90, 0.4941427707672119
0, 88, 105, 175, 206, 0.4937385320663452
0, 419, 33, 184, 64, 0.48480869151295614
0, 55, 257, 113, 510, 0.5013178586959839
0, 98, 35, 135, 71, 0.48708221316337585
0, 68, 114, 135, 222, 0.4905361831188202
0, 50, 23, 96, 46, 0.4975951313972473
0, 58, 37, 116, 74, 0.49460235238075256
0, 66, 69, 131, 137, 0.4793393909931183
0, 31, 38, 62, 77, 0.49124300479888916
0, 50, 23, 96, 46, 0.4975951313972473
0, 188, 35, 165, 72, 0.48071983456611633
0, 22, 54, 44, 106, 0.4791492223739624
0, 405, 65, 212, 131, 0.47864880189717235
0, 34, 95, 67, 147, 0.4985660910606384
0, 34, 95, 67, 147, 0.4985660910606384
0, 256, 324, 60, 85, 0.4756650435344582
