0, 673, 88, 19, 20, 0.6768707633018494
0, 573, 121, 18, 18, 0.666343629360199
0, 310, 252, 24, 21, 0.6579869389533997
0, 921, 12, 16, 20, 0.6122351884841919
0, 291, 297, 19, 20, 0.6113291382789612
0, 270, 201, 18, 18, 0.6097909212112427
0, 684, 144, 20, 21, 0.6047450304031372
0, 605, 122, 18, 18, 0.6034092903137207
0, 644, 47, 16, 17, 0.5921216607093811
0, 619, 164, 14, 16, 0.5910329222679138
0, 279, 227, 19, 23, 0.5836024880409241
0, 565, 39, 18, 22, 0.5827556848526001
0, 954, 11, 17, 21, 0.5796369314193726
0, 19, 333, 17, 16, 0.5792059302330017
0, 92, 292, 19, 20, 0.576549768447876
0, 648, 147, 16, 17, 0.5758503079414368
0, 881, 39, 18, 18, 0.5734127163887024
0, 675, 160, 21, 15, 0.5723749399185181
0, 650, 108, 20, 21, 0.5701799392700195
0, 32, 232, 17, 19, 0.5696335434913635
0, 658, 190, 18, 19, 0.569589376449585
0, 25, 449, 19, 23, 0.5664337277412415
0, 346, 217, 20, 17, 0.5662948489189148
0, 597, 182, 19, 15, 0.5645791292190552
0, 73, 307, 15, 20, 0.559878945350647
0, 87, 316, 17, 18, 0.5595381855964661
0, 245, 195, 20, 17, 0.5590815544128418
0, 561, 173, 21, 17, 0.5520839095115662
0, 43, 415, 18, 22, 0.5497053861618042
0, 604, 10, 15, 19, 0.5488502383232117
0, 872, 100, 19, 17, 0.5438624024391174
0, 323, 196, 16, 15, 0.5346823334693909
0, 292, 212, 16, 16, 0.5338170528411865
0, 293, 187, 18, 19, 0.5336560010910034
0, 710, 9, 16, 18, 0.5334410667419434
0, 342, 135, 22, 20, 0.5309193730354309
0, 359, 60, 20, 16, 0.5257947444915771
0, 635, 9, 16, 18, 0.5245003700256348
0, 656, 129, 18, 17, 0.5240911841392517
0, 338, 156, 19, 18, 0.5215001702308655
0, 276, 163, 18, 20, 0.5199458599090576
0, 267, 332, 20, 20, 0.5186012983322144
0, 54, 371, 17, 17, 0.5171632170677185
0, 271, 355, 23, 20, 0.5156791806221008
0, 548, 97, 22, 20, 0.5150588154792786
0, 307, 73, 16, 15, 0.513220489025116
0, 573, 19, 16, 20, 0.5121285319328308
0, 735, 5, 17, 11, 0.5065340399742126
0, 282, 316, 21, 20, 0.5017672181129456
0, 632, 219, 17, 16, 0.49992239475250244
0, 44, 315, 16, 17, 0.4983263313770294
0, 648, 243, 20, 16, 0.49491655826568604
0, 303, 201, 16, 16, 0.4942823350429535
0, 917, 50, 21, 20, 0.49388086795806885
0, 603, 39, 17, 17, 0.49098894000053406
0, 594, 25, 15, 16, 0.48660552501678467
0, 688, 25, 16, 17, 0.4860634207725525
0, 581, 172, 17, 19, 0.48576080799102783
0, 51, 233, 18, 19, 0.48574644327163696
0, 777, 42, 17, 19, 0.4848982095718384
0, 854, 93, 18, 18, 0.48386847972869873
0, 112, 277, 17, 21, 0.4823123514652252
0, 72, 227, 21, 22, 0.4790482521057129
0, 79, 343, 19, 15, 0.4750618636608124
0, 936, 9, 16, 19, 0.4737049639225006
0, 669, 224, 18, 14, 0.47001078724861145
0, 645, 65, 17, 15, 0.4683070480823517
0, 730, 72, 16, 24, 0.46771499514579773
0, 260, 228, 16, 20, 0.4632195234298706
0, 587, 107, 20, 16, 0.46134963631629944
0, 236, 329, 19, 24, 0.4572768211364746
0, 576, 86, 20, 19, 0.45601630210876465
0, 616, 97, 17, 18, 0.4544462561607361
0, 569, 156, 19, 16, 0.45368507504463196
0, 351, 40, 21, 19, 0.45022788643836975
0, 120, 256, 17, 23, 0.44921767711639404
0, 747, 25, 16, 17, 0.4486972689628601
0, 6, 356, 12, 19, 0.4476417303085327
0, 564, 529, 22, 19, 0.4450010359287262
0, 764, 88, 17, 16, 0.44422242045402527
0, 545, 151, 17, 14, 0.44259604811668396
0, 299, 152, 20, 19, 0.4405004680156708
0, 252, 319, 21, 16, 0.43809187412261963
0, 28, 278, 17, 17, 0.43446415662765503
0, 247, 303, 16, 18, 0.43409448862075806
0, 58, 315, 15, 18, 0.4296857416629791
0, 302, 278, 23, 19, 0.4252479672431946
0, 620, 43, 19, 18, 0.42119157314300537
0, 226, 160, 18, 15, 0.42099666595458984
0, 6, 450, 12, 17, 0.4178984761238098
0, 826, 104, 16, 19, 0.4178529679775238
0, 837, 78, 19, 24, 0.4168223440647125
0, 600, 58, 17, 17, 0.41603249311447144
0, 871, 23, 17, 14, 0.4140266180038452
0, 320, 181, 19, 15, 0.41143038868904114
0, 258, 162, 17, 18, 0.41090551018714905
0, 329, 244, 22, 17, 0.40875211358070374
0, 105, 329, 18, 24, 0.4061286449432373
0, 46, 358, 17, 19, 0.4052591621875763
0, 634, 258, 23, 22, 0.4026051163673401
0, 89, 240, 17, 19, 0.40244898200035095
0, 287, 267, 21, 20, 0.40231233835220337
0, 382, 20, 17, 20, 0.4020111858844757
0, 879, 62, 17, 23, 0.4018046259880066
0, 766, 53, 16, 20, 0.4008612334728241
0, 389, 103, 18, 23, 0.39928004145622253
0, 693, 244, 18, 17, 0.3976633548736572
0, 667, 66, 16, 18, 0.39666947722435
0, 342, 68, 19, 15, 0.3936120867729187
0, 862, 55, 17, 21, 0.3932725787162781
0, 630, 143, 18, 17, 0.39290106296539307
0, 760, 29, 18, 17, 0.38988006114959717
0, 903, 5, 24, 11, 0.38505250215530396
0, 297, 351, 18, 17, 0.38335004448890686
0, 588, 152, 19, 15, 0.38147470355033875
0, 253, 246, 22, 18, 0.37799420952796936
0, 341, 198, 16, 15, 0.37650007009506226
0, 650, 219, 18, 23, 0.3751911520957947
0, 660, 35, 16, 18, 0.37476634979248047
0, 906, 880, 18, 15, 0.3742171823978424
0, 825, 64, 16, 17, 0.373848021030426
0, 319, 134, 17, 20, 0.373393177986145
0, 318, 230, 21, 16, 0.37328746914863586
0, 110, 234, 16, 16, 0.37154221534729004
0, 312, 359, 19, 18, 0.3713572323322296
0, 871, 914, 19, 17, 0.37058231234550476
0, 305, 335, 19, 19, 0.36930274963378906
0, 947, 921, 18, 19, 0.36702483892440796
0, 284, 105, 17, 21, 0.3650347590446472
0, 253, 111, 15, 16, 0.36284637451171875
0, 691, 87, 17, 19, 0.3625994026660919
0, 45, 270, 19, 16, 0.36067575216293335
0, 923, 858, 15, 16, 0.3603436350822449
0, 385, 82, 19, 18, 0.35949039459228516
0, 267, 284, 21, 18, 0.35821962356567383
0, 86, 208, 20, 22, 0.35744455456733704
0, 217, 145, 21, 12, 0.3564136326313019
0, 330, 283, 19, 15, 0.35599711537361145
0, 73, 358, 22, 19, 0.3549633026123047
0, 803, 89, 20, 19, 0.3465231657028198
0, 323, 298, 16, 17, 0.34573954343795776
0, 559, 143, 16, 16, 0.34499549865722656
0, 630, 61, 14, 17, 0.34263136982917786
0, 616, 60, 18, 18, 0.3414478898048401
0, 937, 33, 19, 18, 0.3412632346153259
0, 6, 498, 12, 17, 0.34124937653541565
0, 585, 7, 21, 15, 0.34114861488342285
0, 326, 99, 14, 17, 0.34086835384368896
0, 238, 174, 18, 23, 0.3379548192024231
0, 896, 49, 18, 21, 0.337002158164978
0, 306, 129, 18, 21, 0.3362424671649933
0, 322, 269, 20, 18, 0.33578598499298096
0, 711, 68, 18, 18, 0.33488062024116516
0, 652, 88, 14, 18, 0.3348013758659363
0, 585, 43, 19, 25, 0.3337745666503906
0, 102, 254, 19, 23, 0.3328903615474701
0, 973, 7, 22, 15, 0.33213329315185547
0, 248, 345, 19, 18, 0.32942602038383484
0, 681, 74, 17, 16, 0.32681024074554443
0, 208, 167, 21, 18, 0.324530690908432
0, 237, 232, 16, 18, 0.32187411189079285
0, 197, 69, 19, 18, 0.3212988078594208
0, 926, 951, 15, 18, 0.31918272376060486
0, 273, 126, 17, 19, 0.31179261207580566
0, 774, 14, 17, 20, 0.31125399470329285
0, 616, 5, 15, 10, 0.31118690967559814
0, 692, 187, 23, 19, 0.3105623424053192
0, 361, 184, 20, 18, 0.3104866147041321
0, 861, 876, 17, 13, 0.30911803245544434
0, 712, 43, 15, 19, 0.30762937664985657
0, 799, 109, 24, 22, 0.30365440249443054
0, 39, 386, 16, 17, 0.3032386302947998
0, 310, 88, 16, 18, 0.30188366770744324
0, 4, 211, 9, 23, 0.30145907402038574
0, 201, 48, 19, 17, 0.29734501242637634
0, 302, 109, 18, 16, 0.29445526003837585
0, 197, 10, 23, 17, 0.2943476140499115
0, 7, 245, 14, 21, 0.29395535588264465
0, 939, 846, 18, 16, 0.29162463545799255
0, 584, 212, 26, 22, 0.29071515798568726
0, 756, 99, 19, 18, 0.2892589569091797
0, 18, 476, 18, 23, 0.2884202301502228
0, 619, 498, 19, 17, 0.28660064935684204
0, 325, 84, 15, 16, 0.2862406373023987
0, 604, 84, 17, 18, 0.2858756482601166
0, 710, 86, 22, 22, 0.2750142216682434
0, 639, 192, 17, 16, 0.27412888407707214
0, 839, 901, 18, 21, 0.27101796865463257
0, 359, 151, 22, 15, 0.26910096406936646
0, 676, 180, 22, 21, 0.2679041028022766
0, 327, 167, 16, 15, 0.2663920223712921
0, 677, 38, 21, 15, 0.2657109498977661
0, 369, 13, 16, 16, 0.2656300663948059
0, 921, 34, 16, 14, 0.2642996609210968
0, 602, 259, 21, 19, 0.26202893257141113
0, 268, 110, 13, 15, 0.26194241642951965
0, 619, 74, 15, 15, 0.261638879776001
0, 992, 7, 14, 15, 0.260140985250473
0, 567, 508, 26, 15, 0.25784289836883545
0, 977, 20, 23, 19, 0.2575623393058777
0, 228, 270, 17, 18, 0.25644510984420776
0, 46, 194, 18, 23, 0.25338608026504517
0, 612, 147, 16, 17, 0.2531699240207672
0, 123, 318, 15, 20, 0.25082308053970337
0, 361, 130, 17, 19, 0.25072723627090454
