0, 153.0, 418.0, 20.0, 23.0, 0.5760521292686462
0, 867.0, 566.0, 18.0, 20.0, 0.5746010541915894
0, 985.0, 860.0, 17.0, 16.0, 0.5734931230545044
0, 562.0, 277.0, 21.0, 20.0, 0.5311330556869507
0, 958.0, 11.0, 23.0, 22.0, 0.5257088541984558
0, 546.0, 319.0, 16.0, 19.0, 0.5210733413696289
0, 475.0, 408.0, 20.0, 20.0, 0.5188927054405212
0, 60.0, 195.0, 18.0, 18.0, 0.5139939785003662
0, 468.0, 272.0, 22.0, 17.0, 0.5112341642379761
0, 532.0, 306.0, 19.0, 18.0, 0.5029854774475098
0, 559.0, 257.0, 20.0, 16.0, 0.5028204917907715
0, 556.0, 367.0, 18.0, 18.0, 0.49663427472114563
0, 7.0, 304.0, 15.0, 19.0, 0.49410316348075867
0, 347.0, 876.0, 20.0, 19.0, 0.4857850968837738
0, 482.0, 526.0, 18.0, 20.0, 0.4812999665737152
0, 349.0, 114.0, 16.0, 17.0, 0.48063570261001587
0, 106.0, 190.0, 18.0, 18.0, 0.4763716757297516
0, 61.0, 926.0, 25.0, 22.0, 0.4752781093120575
0, 825.0, 661.0, 17.0, 16.0, 0.47369951009750366
0, 344.0, 444.0, 19.0, 24.0, 0.4715256989002228
0, 390.0, 943.0, 18.0, 18.0, 0.4682360589504242
0, 374.0, 87.0, 20.0, 17.0, 0.46765705943107605
0, 966.0, 859.0, 17.0, 19.0, 0.4651464819908142
0, 59.0, 157.0, 19.0, 19.0, 0.45926985144615173
0, 310.0, 193.0, 15.0, 15.0, 0.44992849230766296
0, 356.0, 276.0, 18.0, 21.0, 0.4337741434574127
0, 574.0, 243.0, 16.0, 16.0, 0.4334771931171417
0, 259.0, 498.0, 17.0, 14.0, 0.4301876723766327
0, 522.0, 373.0, 19.0, 22.0, 0.42957887053489685
0, 428.0, 548.0, 18.0, 16.0, 0.42652782797813416
0, 283.0, 430.0, 18.0, 22.0, 0.4260002076625824
0, 106.0, 529.0, 18.0, 18.0, 0.4249119758605957
0, 393.0, 586.0, 19.0, 20.0, 0.42337766289711
0, 315.0, 561.0, 17.0, 17.0, 0.42272239923477173
0, 520.0, 528.0, 19.0, 19.0, 0.4210647642612457
0, 490.0, 244.0, 17.0, 21.0, 0.4210081994533539
0, 180.0, 886.0, 14.0, 24.0, 0.42032426595687866
0, 758.0, 705.0, 21.0, 17.0, 0.41672128438949585
0, 461.0, 432.0, 15.0, 17.0, 0.41616788506507874
0, 327.0, 899.0, 16.0, 15.0, 0.40677905082702637
0, 271.0, 360.0, 29.0, 20.0, 0.4066494107246399
0, 881.0, 545.0, 20.0, 17.0, 0.4063338041305542
0, 56.0, 286.0, 18.0, 16.0, 0.4054391086101532
0, 17.0, 345.0, 17.0, 17.0, 0.4047434329986572
0, 478.0, 253.0, 18.0, 23.0, 0.40411826968193054
0, 521.0, 501.0, 16.0, 14.0, 0.4039507210254669
0, 127.0, 227.0, 19.0, 16.0, 0.40367209911346436
0, 111.0, 6.0, 16.0, 12.0, 0.4031713008880615
0, 900.0, 60.0, 19.0, 23.0, 0.40000835061073303
