0, 306.7405090332031, 408.4035949707031, 35.7518310546875, 42.35003662109375, 0.9283100366592407
0, 384.6160888671875, 436.23773193359375, 42.745941162109375, 45.734161376953125, 0.9193103909492493
0, 211.89698791503906, 576.148681640625, 42.623992919921875, 43.137451171875, 0.9176391959190369
0, 480.88397216796875, 109.98220825195312, 42.082244873046875, 35.499847412109375, 0.9112728238105774
0, 488.74530029296875, 629.6599731445312, 40.474090576171875, 36.44140625, 0.9087474942207336
0, 522.107421875, 440.14593505859375, 43.602020263671875, 38.52972412109375, 0.9067533016204834
0, 275.4012451171875, 507.0724792480469, 35.04156494140625, 38.29290771484375, 0.9061271548271179
0, 55.76729965209961, 486.41302490234375, 38.587379455566406, 44.167724609375, 0.8999708890914917
0, 71.11660766601562, 590.5599365234375, 37.100059509277344, 40.462158203125, 0.8969351053237915
0, 582.4085083007812, 615.7149658203125, 39.8497314453125, 36.85809326171875, 0.8958796858787537
0, 229.37496948242188, 510.883056640625, 37.54460144042969, 34.892608642578125, 0.8942832946777344
0, 94.35843658447266, 448.7938537597656, 37.28981018066406, 33.72735595703125, 0.8936300277709961
0, 534.4005737304688, 480.7044982910156, 40.494384765625, 37.61834716796875, 0.8921726942062378
0, 616.0242309570312, 337.9012756347656, 34.874267578125, 39.61004638671875, 0.8880661725997925
0, 450.28753662109375, 397.3370361328125, 35.928680419921875, 39.9368896484375, 0.8871998190879822
0, 12.160737991333008, 599.0823364257812, 24.321475982666016, 35.5723876953125, 0.8861379623413086
0, 497.8510437011719, 383.80145263671875, 37.07025146484375, 34.026397705078125, 0.8859968781471252
0, 551.0924072265625, 530.4097900390625, 38.75225830078125, 38.68084716796875, 0.8842537999153137
0, 625.2772216796875, 424.3199462890625, 40.54962158203125, 39.7003173828125, 0.8807825446128845
0, 141.52883911132812, 520.0633544921875, 35.82293701171875, 30.73443603515625, 0.8785621523857117
0, 302.3922119140625, 458.10601806640625, 33.387359619140625, 32.635162353515625, 0.8772431015968323
0, 220.8116455078125, 541.2357177734375, 36.72137451171875, 26.97222900390625, 0.876470148563385
0, 262.566162109375, 382.79644775390625, 32.144134521484375, 35.3486328125, 0.8747445940971375
0, 357.2867431640625, 581.1187744140625, 31.66766357421875, 28.68170166015625, 0.8703458309173584
0, 541.9100341796875, 582.35107421875, 36.8541259765625, 38.22259521484375, 0.8695482611656189
0, 373.24395751953125, 558.0809936523438, 37.061004638671875, 38.9671630859375, 0.869467556476593
0, 461.93341064453125, 351.56658935546875, 47.00872802734375, 36.073394775390625, 0.8652777075767517
0, 46.05247497558594, 405.7527160644531, 28.911754608154297, 32.2933349609375, 0.8648081421852112
0, 492.7847900390625, 513.9611206054688, 46.595550537109375, 36.7913818359375, 0.861412763595581
0, 170.403564453125, 459.19512939453125, 32.36677551269531, 33.14111328125, 0.8610553741455078
0, 117.43950653076172, 608.2943725585938, 30.871749877929688, 33.5328369140625, 0.8608070015907288
0, 443.31207275390625, 536.189697265625, 32.75506591796875, 32.2462158203125, 0.8573924899101257
0, 536.3624267578125, 191.82888793945312, 36.252685546875, 35.25733947753906, 0.8496653437614441
0, 150.01217651367188, 570.8782958984375, 30.344650268554688, 27.74652099609375, 0.8444451093673706
0, 276.982421875, 405.14691162109375, 30.674560546875, 28.95184326171875, 0.8398292660713196
0, 119.65678405761719, 269.7420349121094, 37.42284393310547, 25.1690673828125, 0.8370833396911621
0, 422.76812744140625, 502.50982666015625, 30.0269775390625, 35.806304931640625, 0.8359094262123108
0, 120.71614074707031, 192.6724853515625, 34.74932861328125, 34.57621765136719, 0.8351795077323914
0, 114.86319732666016, 356.6737976074219, 33.62443542480469, 30.466064453125, 0.8351439237594604
0, 336.7349853515625, 618.448486328125, 30.308868408203125, 30.34735107421875, 0.8314350843429565
0, 208.78652954101562, 250.81210327148438, 27.415679931640625, 23.738418579101562, 0.8312514424324036
0, 351.36395263671875, 479.54730224609375, 31.43408203125, 23.218109130859375, 0.8307830095291138
0, 151.6795654296875, 605.2523193359375, 36.167816162109375, 34.688720703125, 0.8305565714836121
0, 125.33726501464844, 431.33038330078125, 31.92613983154297, 29.81591796875, 0.8285216689109802
0, 513.3327026367188, 608.8709106445312, 34.5186767578125, 40.3043212890625, 0.8269882798194885
0, 40.03029251098633, 541.4556274414062, 32.98011779785156, 38.063232421875, 0.8238763213157654
0, 422.2076416015625, 308.8780517578125, 36.301605224609375, 33.533477783203125, 0.8140477538108826
0, 223.12307739257812, 268.9902038574219, 33.20240783691406, 21.73126220703125, 0.8117614388465881
0, 485.37213134765625, 585.09912109375, 30.69952392578125, 32.5743408203125, 0.8111148476600647
0, 28.86013412475586, 393.54290771484375, 28.999147415161133, 27.106964111328125, 0.8102372884750366
0, 310.12567138671875, 77.78824615478516, 24.89520263671875, 25.084716796875, 0.8086175322532654
0, 589.2984008789062, 36.62137985229492, 32.034912109375, 30.57784080505371, 0.8085395097732544
0, 89.62980651855469, 326.94049072265625, 32.013404846191406, 25.185394287109375, 0.8078239560127258
0, 585.3284301757812, 548.3168334960938, 28.918701171875, 30.2896728515625, 0.8072484135627747
0, 33.632328033447266, 17.859556198120117, 31.945615768432617, 25.515865325927734, 0.8065130114555359
0, 147.4036865234375, 405.71923828125, 41.54139709472656, 35.113006591796875, 0.8025170564651489
0, 330.91436767578125, 548.6544799804688, 25.3402099609375, 28.781494140625, 0.8016151785850525
0, 566.728759765625, 592.8496704101562, 25.76849365234375, 29.2335205078125, 0.8005269765853882
0, 124.2669677734375, 543.5523681640625, 28.507896423339844, 30.15509033203125, 0.8004291653633118
0, 568.0535278320312, 172.7049560546875, 38.873779296875, 33.95124816894531, 0.7974243760108948
0, 243.76087951660156, 249.3535919189453, 30.347381591796875, 28.753509521484375, 0.7968700528144836
0, 449.0017395019531, 171.2495880126953, 24.5123291015625, 27.1197509765625, 0.7949231863021851
0, 315.5069580078125, 373.7746276855469, 31.148040771484375, 26.08544921875, 0.7946770191192627
0, 352.8663330078125, 100.40408325195312, 35.312408447265625, 21.489051818847656, 0.7924098372459412
0, 228.8157501220703, 621.6795654296875, 29.91668701171875, 33.4423828125, 0.7923479080200195
0, 441.59820556640625, 460.03204345703125, 33.9320068359375, 29.33062744140625, 0.7911713719367981
0, 58.485992431640625, 364.5527648925781, 39.3593635559082, 23.28955078125, 0.7909113168716431
0, 466.22418212890625, 598.733154296875, 32.230255126953125, 39.68463134765625, 0.7896618843078613
0, 465.4205627441406, 290.4111328125, 36.82794189453125, 25.508026123046875, 0.7867912650108337
0, 191.69540405273438, 385.7903747558594, 26.244491577148438, 23.85870361328125, 0.7859811186790466
0, 119.0822982788086, 391.3889465332031, 26.224349975585938, 31.47393798828125, 0.7815368175506592
0, 408.04156494140625, 239.18626403808594, 32.025726318359375, 25.470489501953125, 0.778043270111084
0, 377.6600341796875, 355.56048583984375, 35.481048583984375, 24.561859130859375, 0.7772383093833923
0, 193.47265625, 445.8637390136719, 30.683197021484375, 27.9466552734375, 0.7745690941810608
0, 372.5985107421875, 240.81439208984375, 31.985595703125, 29.801620483398438, 0.7743569016456604
0, 245.44503784179688, 77.153564453125, 28.478561401367188, 27.621631622314453, 0.7722359895706177
0, 186.257568359375, 304.5422668457031, 37.27923583984375, 25.18408203125, 0.7699037790298462
0, 436.6009521484375, 118.49620056152344, 32.940704345703125, 24.18804931640625, 0.765340268611908
0, 57.963863372802734, 189.37075805664062, 25.015586853027344, 19.825592041015625, 0.7648152112960815
0, 575.5703125, 104.76033020019531, 30.06915283203125, 21.962844848632812, 0.7601988911628723
0, 254.1251220703125, 306.843505859375, 37.89537048339844, 23.827178955078125, 0.7585606575012207
0, 133.54110717773438, 226.90618896484375, 30.820083618164062, 38.19139099121094, 0.7575145959854126
0, 126.32615661621094, 317.0009460449219, 31.481422424316406, 28.39642333984375, 0.7556250095367432
0, 103.91162109375, 497.96453857421875, 26.38782501220703, 21.790008544921875, 0.7549750804901123
0, 82.05668640136719, 252.0238037109375, 28.485496520996094, 26.902786254882812, 0.7548443078994751
0, 309.1518859863281, 538.6697998046875, 21.80572509765625, 29.12701416015625, 0.7540386915206909
0, 214.13809204101562, 320.54827880859375, 40.09736633300781, 21.930206298828125, 0.7525818347930908
0, 39.769371032714844, 212.9180908203125, 31.8250732421875, 23.498077392578125, 0.7495754957199097
0, 480.5786437988281, 41.498191833496094, 33.6326904296875, 25.956409454345703, 0.7476682066917419
0, 397.192138671875, 71.62371063232422, 26.4779052734375, 25.822708129882812, 0.7475774884223938
0, 415.46142578125, 390.19110107421875, 23.227996826171875, 33.812957763671875, 0.7429107427597046
0, 208.13739013671875, 474.39642333984375, 35.70237731933594, 25.03802490234375, 0.7416101694107056
0, 103.00259399414062, 553.4404296875, 29.01781463623047, 31.74761962890625, 0.7392590641975403
0, 108.78019714355469, 298.94189453125, 29.39220428466797, 24.705078125, 0.7382389307022095
0, 407.90289306640625, 99.64248657226562, 28.60357666015625, 25.306129455566406, 0.7368091940879822
0, 368.8572692871094, 155.34510803222656, 27.01019287109375, 22.959564208984375, 0.7353556752204895
0, 402.15179443359375, 41.56413269042969, 32.928741455078125, 25.849132537841797, 0.7342079877853394
0, 655.2698974609375, 429.32049560546875, 17.36444091796875, 40.754302978515625, 0.7331655025482178
0, 377.1097106933594, 604.63525390625, 21.9110107421875, 35.84881591796875, 0.7327343225479126
0, 556.224853515625, 276.80401611328125, 27.8670654296875, 27.390228271484375, 0.7301711440086365
0, 217.20608520507812, 415.7415771484375, 23.936904907226562, 27.5557861328125, 0.7286822199821472
0, 283.1828308105469, 277.10894775390625, 35.75946044921875, 29.462493896484375, 0.7277722358703613
0, 447.7083435058594, 495.2303161621094, 32.37249755859375, 33.63970947265625, 0.7237220406532288
0, 348.6054382324219, 221.04229736328125, 30.78863525390625, 29.518844604492188, 0.7219867706298828
0, 536.4427490234375, 87.00033569335938, 37.65875244140625, 25.48535919189453, 0.7205196022987366
0, 325.8020935058594, 453.668212890625, 19.01641845703125, 20.805206298828125, 0.7164493799209595
0, 186.27456665039062, 246.56381225585938, 23.822433471679688, 26.624343872070312, 0.712767481803894
0, 619.9500732421875, 87.49006652832031, 25.36907958984375, 28.689369201660156, 0.7102351188659668
0, 502.3458251953125, 173.08755493164062, 30.509857177734375, 28.633041381835938, 0.7095953822135925
0, 295.150390625, 175.28445434570312, 28.162261962890625, 26.701431274414062, 0.7072365880012512
0, 86.27877807617188, 187.6819305419922, 28.92578887939453, 24.344451904296875, 0.7049053907394409
0, 625.6920166015625, 288.01318359375, 24.9136962890625, 22.537750244140625, 0.7046703100204468
0, 294.8425598144531, 249.49008178710938, 33.08892822265625, 21.052047729492188, 0.7031868100166321
1, 600.7598876953125, 389.9423828125, 26.03582763671875, 20.622344970703125, 0.7023312449455261
0, 24.842124938964844, 259.9774169921875, 34.274314880371094, 21.761337280273438, 0.7006163001060486
0, 283.693359375, 91.20924377441406, 23.44805908203125, 31.27216339111328, 0.7004896402359009
0, 485.80712890625, 266.2857666015625, 30.851165771484375, 24.9290771484375, 0.7004203200340271
0, 194.80032348632812, 218.53952026367188, 26.067092895507812, 21.578460693359375, 0.6987001299858093
0, 505.3108215332031, 74.95489501953125, 26.25640869140625, 28.141727447509766, 0.6972759962081909
0, 316.807373046875, 183.77516174316406, 27.637420654296875, 20.064208984375, 0.6931672692298889
0, 535.0971069335938, 247.9466552734375, 28.5953369140625, 24.319686889648438, 0.689617931842804
0, 431.4382629394531, 429.11846923828125, 27.2850341796875, 27.586944580078125, 0.6876703500747681
0, 190.8496856689453, 417.1119384765625, 24.731903076171875, 24.756591796875, 0.6849331259727478
0, 11.765164375305176, 557.3194580078125, 23.49864387512207, 28.86077880859375, 0.6813324093818665
0, 23.034475326538086, 279.04534912109375, 31.372547149658203, 23.290557861328125, 0.6794220209121704
0, 32.89679718017578, 79.63165283203125, 28.53636360168457, 17.596878051757812, 0.6760040521621704
0, 380.1845397949219, 293.70489501953125, 32.92974853515625, 27.290985107421875, 0.6739487051963806
0, 346.70343017578125, 143.8074188232422, 21.148040771484375, 26.623870849609375, 0.6710503101348877
0, 250.45571899414062, 361.25958251953125, 26.36767578125, 22.05535888671875, 0.6683793663978577
0, 241.7987060546875, 601.327880859375, 28.124008178710938, 31.99407958984375, 0.6675295829772949
0, 274.18817138671875, 441.92877197265625, 27.73956298828125, 31.876007080078125, 0.6666963696479797
0, 298.02532958984375, 137.98634338378906, 25.601898193359375, 24.9716796875, 0.6650410294532776
0, 329.09722900390625, 503.91180419921875, 31.161102294921875, 27.29150390625, 0.6624910831451416
0, 459.27667236328125, 249.99937438964844, 33.107421875, 24.683807373046875, 0.6613073348999023
0, 94.5803451538086, 222.8697967529297, 31.708587646484375, 24.081787109375, 0.6588786244392395
0, 191.17959594726562, 135.61758422851562, 30.440689086914062, 28.61609649658203, 0.6574766635894775
0, 381.35797119140625, 176.29421997070312, 24.007904052734375, 23.921829223632812, 0.6569797992706299
0, 351.36944580078125, 33.533447265625, 26.394073486328125, 23.764995574951172, 0.6560627222061157
0, 315.2107849121094, 216.67581176757812, 22.67706298828125, 19.178329467773438, 0.654528021812439
0, 227.5007781982422, 388.6167907714844, 29.631195068359375, 20.87286376953125, 0.6524144411087036
0, 595.7874145507812, 495.92840576171875, 41.05419921875, 52.5126953125, 0.6459062099456787
0, 70.79753112792969, 307.71075439453125, 30.379817962646484, 21.631103515625, 0.6437326669692993
0, 141.77108764648438, 371.1097412109375, 24.039703369140625, 24.013214111328125, 0.6435745358467102
0, 163.6092987060547, 323.1794128417969, 29.742034912109375, 21.40985107421875, 0.642008900642395
0, 280.4346923828125, 126.13922882080078, 32.614776611328125, 20.831588745117188, 0.641542375087738
0, 204.24771118164062, 357.9252014160156, 30.104095458984375, 23.546875, 0.6414059996604919
0, 406.5661315917969, 360.61236572265625, 31.56903076171875, 31.826751708984375, 0.6384384632110596
0, 156.43621826171875, 546.451904296875, 24.480056762695312, 18.90765380859375, 0.6383463740348816
0, 356.20208740234375, 269.6448059082031, 29.499481201171875, 28.363327026367188, 0.6379366517066956
0, 616.0231323242188, 21.70058822631836, 27.07861328125, 29.918899536132812, 0.6327196359634399
0, 582.6715087890625, 148.61944580078125, 31.17974853515625, 23.916641235351562, 0.6319237947463989
0, 506.57196044921875, 217.20318603515625, 28.8958740234375, 23.756942749023438, 0.6303114891052246
0, 643.5379638671875, 36.207740783691406, 21.9495849609375, 29.268592834472656, 0.629282534122467
0, 121.16191864013672, 46.18873596191406, 27.299789428710938, 19.44710922241211, 0.6288368701934814
0, 333.239013671875, 250.75814819335938, 32.042938232421875, 27.59234619140625, 0.6249496340751648
0, 610.78759765625, 449.133056640625, 20.47747802734375, 21.084991455078125, 0.6241965293884277
0, 186.24337768554688, 511.232666015625, 22.905548095703125, 21.704620361328125, 0.6233034729957581
0, 466.86566162109375, 80.7662124633789, 29.066070556640625, 22.904022216796875, 0.6228088736534119
0, 23.715091705322266, 483.5504150390625, 23.359481811523438, 31.735565185546875, 0.6225471496582031
0, 84.77230072021484, 568.12939453125, 23.334640502929688, 30.3785400390625, 0.6218071579933167
0, 152.13055419921875, 184.40972900390625, 28.395095825195312, 23.490341186523438, 0.6186975240707397
0, 572.9141845703125, 80.28715515136719, 27.21295166015625, 23.66197967529297, 0.6176591515541077
0, 16.357830047607422, 328.62481689453125, 27.36159324645996, 21.39691162109375, 0.6152437329292297
0, 109.27520751953125, 516.8330688476562, 24.208824157714844, 17.393463134765625, 0.6148491501808167
0, 35.57323455810547, 45.807334899902344, 32.512752532958984, 22.364158630371094, 0.614833414554596
0, 256.8130798339844, 225.52853393554688, 30.297531127929688, 24.62353515625, 0.6105880737304688
1, 316.76324462890625, 157.79486083984375, 23.428619384765625, 23.463424682617188, 0.6075677871704102
1, 485.67352294921875, 208.93572998046875, 22.229888916015625, 17.910354614257812, 0.6072214841842651
0, 258.24554443359375, 265.10784912109375, 30.524856567382812, 27.788406372070312, 0.6051592826843262
0, 343.2027282714844, 180.80474853515625, 28.27685546875, 30.297134399414062, 0.5980382561683655
0, 188.9069366455078, 200.08612060546875, 26.3599853515625, 17.470855712890625, 0.5925596952438354
0, 112.53297424316406, 158.39797973632812, 30.036155700683594, 26.195541381835938, 0.5607802271842957
0, 286.21441650390625, 538.4334716796875, 20.17742919921875, 21.979736328125, 0.5568714737892151
0, 83.56791687011719, 167.40579223632812, 20.63465118408203, 17.538803100585938, 0.5539905428886414
0, 63.80305480957031, 423.1875, 22.26953125, 29.46160888671875, 0.5499479174613953
0, 495.744384765625, 17.8824520111084, 25.0675048828125, 24.232376098632812, 0.5445122122764587
0, 329.4695129394531, 130.4550018310547, 23.90625, 23.68408203125, 0.5384234189987183
0, 162.6065673828125, 56.185028076171875, 22.275650024414062, 21.5709228515625, 0.5358399748802185
0, 38.13664245605469, 440.92572021484375, 22.668292999267578, 20.197174072265625, 0.5344009399414062
0, 518.0181884765625, 122.70869445800781, 28.381622314453125, 23.076927185058594, 0.5334153175354004
0, 647.0617065429688, 257.42962646484375, 21.008056640625, 34.33319091796875, 0.5332592725753784
0, 455.22540283203125, 202.56182861328125, 24.24774169921875, 22.12115478515625, 0.5316415429115295
0, 487.35406494140625, 237.5701141357422, 34.445953369140625, 21.093536376953125, 0.5302793383598328
0, 388.17120361328125, 466.1507568359375, 31.014495849609375, 20.254486083984375, 0.5266774892807007
0, 179.40362548828125, 68.23417663574219, 38.15092468261719, 33.140602111816406, 0.520839512348175
0, 603.0049438476562, 130.50747680664062, 32.909423828125, 28.816268920898438, 0.5202457308769226
0, 5.0271220207214355, 520.8197021484375, 10.054244041442871, 35.23699951171875, 0.5187054872512817
0, 396.889892578125, 328.2677307128906, 30.623199462890625, 27.2413330078125, 0.5178740620613098
0, 418.52288818359375, 177.92684936523438, 25.79058837890625, 24.354598999023438, 0.5166134834289551
1, 554.5362548828125, 38.64427947998047, 27.44970703125, 21.61898422241211, 0.5095254182815552
0, 654.9757080078125, 353.8265075683594, 17.81024169921875, 30.864990234375, 0.5057687759399414
0, 455.4103088378906, 222.4584503173828, 32.42413330078125, 18.565826416015625, 0.5026533603668213
0, 237.59146118164062, 346.8497314453125, 27.863235473632812, 22.224456787109375, 0.4980372190475464
0, 358.7843933105469, 311.74652099609375, 28.759521484375, 21.864013671875, 0.49489378929138184
0, 417.4093017578125, 214.21884155273438, 32.612091064453125, 22.7293701171875, 0.49157020449638367
0, 335.64044189453125, 9.660555839538574, 23.600067138671875, 18.427148818969727, 0.49155688285827637
0, 180.36529541015625, 546.1329345703125, 25.25860595703125, 24.8944091796875, 0.4913734793663025
0, 168.94647216796875, 375.9479675292969, 26.746841430664062, 22.20233154296875, 0.48989224433898926
0, 168.35128784179688, 355.5650634765625, 29.687576293945312, 21.234039306640625, 0.48788970708847046
0, 539.6298828125, 58.65464782714844, 27.227783203125, 23.174198150634766, 0.486118346452713
0, 537.898193359375, 110.72494506835938, 37.48309326171875, 20.086898803710938, 0.48478835821151733
0, 212.6961669921875, 638.9927978515625, 36.48359680175781, 28.01446533203125, 0.4724884331226349
0, 441.0792236328125, 50.72730255126953, 23.294891357421875, 17.582653045654297, 0.47007906436920166
0, 36.04657745361328, 301.740966796875, 28.171905517578125, 19.117889404296875, 0.4613647162914276
0, 278.55853271484375, 66.0689468383789, 27.268707275390625, 28.990856170654297, 0.4568933844566345
0, 166.12086486816406, 225.54629516601562, 26.951324462890625, 31.270675659179688, 0.44672736525535583
0, 372.2989196777344, 378.4485778808594, 40.211669921875, 25.4713134765625, 0.44655486941337585
0, 434.7583312988281, 195.20120239257812, 23.7493896484375, 22.832656860351562, 0.4398917853832245
0, 458.93756103515625, 564.4395141601562, 19.906707763671875, 24.3338623046875, 0.4378185272216797
0, 111.17646789550781, 7.772083759307861, 23.97679901123047, 15.544167518615723, 0.43240290880203247
0, 49.28704833984375, 334.2734375, 26.365062713623047, 18.658538818359375, 0.4312649965286255
0, 372.7843017578125, 531.6419677734375, 23.48370361328125, 19.62432861328125, 0.42722368240356445
0, 374.74847412109375, 202.9078369140625, 22.131072998046875, 21.308837890625, 0.4031839072704315
0, 400.601806640625, 16.720565795898438, 31.1590576171875, 23.072668075561523, 0.39893731474876404
0, 595.78857421875, 209.21417236328125, 33.50421142578125, 24.052093505859375, 0.3971234858036041
0, 373.48211669921875, 496.39508056640625, 27.280731201171875, 23.59722900390625, 0.3919275403022766
0, 372.1248474121094, 332.9084777832031, 27.22637939453125, 22.25286865234375, 0.38443514704704285
1, 602.9998779296875, 130.21353149414062, 33.050048828125, 28.868392944335938, 0.3826495409011841
0, 600.7025146484375, 389.9525146484375, 25.82098388671875, 20.715423583984375, 0.38261449337005615
0, 646.007080078125, 634.3668823242188, 35.38800048828125, 35.66455078125, 0.38183772563934326
0, 135.134033203125, 494.07391357421875, 20.751937866210938, 21.220001220703125, 0.37995627522468567
1, 554.8475341796875, 229.7130584716797, 18.01544189453125, 12.46221923828125, 0.37981706857681274
0, 316.36846923828125, 157.7113037109375, 23.6400146484375, 23.731094360351562, 0.3765846788883209
0, 631.2095947265625, 50.29402542114258, 21.20513916015625, 25.69921875, 0.37522903084754944
0, 247.803955078125, 29.508747100830078, 39.47694396972656, 21.223615646362305, 0.3750137686729431
0, 538.842041015625, 293.23260498046875, 21.09271240234375, 21.32244873046875, 0.3742113411426544
0, 313.6820068359375, 111.29920959472656, 29.5950927734375, 15.615409851074219, 0.36413607001304626
0, 276.6997985839844, 640.4989013671875, 28.77557373046875, 21.97833251953125, 0.36154940724372864
0, 514.23388671875, 304.4996337890625, 42.7879638671875, 40.301910400390625, 0.3605774939060211
1, 549.125732421875, 17.246871948242188, 28.773681640625, 23.629192352294922, 0.35433053970336914
0, 215.71707153320312, 7.889026641845703, 25.9744873046875, 14.945249557495117, 0.35400786995887756
0, 565.432861328125, 128.63522338867188, 28.6923828125, 22.113677978515625, 0.35218361020088196
0, 290.474609375, 234.1210174560547, 23.702239990234375, 16.394317626953125, 0.3494797348976135
0, 9.975483894348145, 29.117252349853516, 19.771638870239258, 18.258089065551758, 0.3476775288581848
0, 277.8730163574219, 193.79977416992188, 28.39117431640625, 18.55364990234375, 0.34599000215530396
0, 658.4674682617188, 510.183349609375, 11.0650634765625, 29.9931640625, 0.34040358662605286
1, 594.2835693359375, 370.84710693359375, 16.97918701171875, 14.428192138671875, 0.3391355872154236
1, 539.108154296875, 292.95697021484375, 20.91998291015625, 21.759246826171875, 0.338592529296875
0, 554.190673828125, 38.805484771728516, 26.54364013671875, 21.632863998413086, 0.338008314371109
0, 510.02001953125, 465.7491455078125, 27.141265869140625, 26.581878662109375, 0.33710119128227234
0, 420.3542785644531, 275.4251708984375, 37.4468994140625, 34.42962646484375, 0.3316546082496643
0, 123.31055450439453, 151.16419982910156, 53.72178649902344, 42.7496337890625, 0.3246704936027527
0, 526.0584716796875, 8.003993034362793, 25.54388427734375, 14.843849182128906, 0.32360556721687317
0, 180.54818725585938, 491.09783935546875, 27.383880615234375, 24.241546630859375, 0.3189854025840759
0, 218.62396240234375, 132.11947631835938, 20.869613647460938, 14.852157592773438, 0.31749191880226135
0, 485.2008056640625, 208.3629608154297, 22.877532958984375, 18.51617431640625, 0.31378936767578125
0, 134.1482696533203, 59.97551727294922, 24.68932342529297, 12.853099822998047, 0.3033181130886078
0, 152.7091522216797, 636.916259765625, 21.765777587890625, 24.158447265625, 0.30328845977783203
0, 463.68487548828125, 153.74993896484375, 21.10125732421875, 18.855224609375, 0.2995654344558716
0, 12.24555778503418, 479.723876953125, 24.49111557006836, 37.668121337890625, 0.29430896043777466
0, 19.746381759643555, 356.643798828125, 25.383037567138672, 16.519439697265625, 0.29275938868522644
1, 218.8303680419922, 132.40744018554688, 21.06585693359375, 14.723831176757812, 0.2912110388278961
0, 480.27728271484375, 191.76907348632812, 24.38555908203125, 21.941696166992188, 0.288308322429657
0, 636.3218994140625, 375.82763671875, 45.1832275390625, 38.085052490234375, 0.2824181020259857
0, 390.33209228515625, 272.5250244140625, 26.498443603515625, 30.191986083984375, 0.2823825776576996
0, 631.1964721679688, 582.5194091796875, 27.0931396484375, 23.18096923828125, 0.2805729806423187
1, 335.5070495605469, 9.378664016723633, 23.4349365234375, 18.757328033447266, 0.27782198786735535
0, 507.7088623046875, 546.463134765625, 32.663787841796875, 34.43560791015625, 0.27317968010902405
0, 412.3060607910156, 532.7215576171875, 20.01318359375, 16.74713134765625, 0.27202972769737244
1, 565.0376586914062, 128.58731079101562, 28.552490234375, 22.453224182128906, 0.2707414925098419
0, 273.7799072265625, 5.971786022186279, 20.431732177734375, 11.07666301727295, 0.2623293399810791
0, 321.08319091796875, 55.981788635253906, 27.24169921875, 20.576431274414062, 0.25992271304130554
0, 507.51568603515625, 296.835693359375, 28.678253173828125, 25.319061279296875, 0.25693944096565247
0, 66.274658203125, 5.8422932624816895, 31.501300811767578, 11.684586524963379, 0.2533235549926758
1, 595.7818603515625, 209.15501403808594, 33.51861572265625, 23.992401123046875, 0.2507422864437103
