0, 391.0, 74.0, 29.0, 19.0, 0.9930676221847534
0, 31.0, 356.0, 25.0, 23.0, 0.9926571249961853
0, 262.0, 286.0, 25.0, 23.0, 0.9925221800804138
0, 202.0, 247.0, 25.0, 21.0, 0.9925178289413452
0, 299.0, 113.0, 25.0, 25.0, 0.992483913898468
0, 299.0, 155.0, 26.0, 18.0, 0.9923475980758667
0, 292.0, 422.0, 24.0, 19.0, 0.9921104311943054
0, 285.0, 77.0, 23.0, 19.0, 0.992095947265625
0, 425.0, 269.0, 25.0, 20.0, 0.9920856356620789
0, 476.0, 280.0, 27.0, 20.0, 0.9915042519569397
0, 93.0, 406.0, 18.0, 21.0, 0.9907510876655579
0, 170.0, 355.0, 26.0, 20.0, 0.9907476902008057
0, 377.0, 361.0, 19.0, 20.0, 0.9906931519508362
0, 50.0, 248.0, 20.0, 20.0, 0.9904630780220032
0, 63.0, 101.0, 23.0, 19.0, 0.990324854850769
0, 179.0, 477.0, 28.0, 24.0, 0.9901754260063171
0, 286.0, 332.0, 22.0, 19.0, 0.9900912046432495
0, 133.0, 299.0, 27.0, 21.0, 0.9893501400947571
0, 324.0, 239.0, 24.0, 19.0, 0.9892963767051697
0, 272.0, 356.0, 24.0, 25.0, 0.9891107678413391
0, 444.0, 388.0, 25.0, 24.0, 0.9887463450431824
0, 203.0, 99.0, 26.0, 21.0, 0.9883765578269958
0, 124.0, 147.0, 25.0, 19.0, 0.9882736206054688
0, 184.0, 203.0, 26.0, 21.0, 0.9882296323776245
0, 350.0, 379.0, 22.0, 19.0, 0.988143265247345
0, 71.0, 175.0, 20.0, 25.0, 0.9881224036216736
0, 291.0, 8.0, 26.0, 16.0, 0.9880742430686951
0, 45.0, 273.0, 26.0, 23.0, 0.9877930283546448
0, 187.0, 8.0, 23.0, 15.0, 0.9877086877822876
0, 289.0, 448.0, 27.0, 18.0, 0.9871156215667725
0, 158.0, 309.0, 22.0, 26.0, 0.9863734245300293
0, 99.0, 304.0, 21.0, 22.0, 0.9863389730453491
0, 97.0, 78.0, 28.0, 21.0, 0.9863385558128357
0, 274.0, 239.0, 25.0, 22.0, 0.9862869381904602
0, 71.0, 471.0, 21.0, 28.0, 0.9862107634544373
0, 487.0, 330.0, 23.0, 23.0, 0.9861985445022583
0, 322.0, 63.0, 23.0, 18.0, 0.9859762191772461
0, 219.0, 389.0, 22.0, 22.0, 0.9856476783752441
0, 27.0, 434.0, 25.0, 21.0, 0.9856006503105164
0, 114.0, 322.0, 28.0, 28.0, 0.9855602383613586
0, 231.0, 497.0, 22.0, 25.0, 0.9852868318557739
0, 210.0, 504.0, 21.0, 15.0, 0.9850749969482422
0, 38.0, 324.0, 25.0, 22.0, 0.9845677614212036
0, 161.0, 85.0, 23.0, 19.0, 0.9841138124465942
0, 227.0, 81.0, 25.0, 22.0, 0.9837684035301208
0, 124.0, 383.0, 20.0, 21.0, 0.9835098385810852
0, 17.0, 239.0, 23.0, 25.0, 0.9833734035491943
0, 479.0, 354.0, 27.0, 16.0, 0.9832505583763123
0, 408.0, 42.0, 25.0, 27.0, 0.9832023978233337
0, 29.0, 192.0, 26.0, 25.0, 0.9830259680747986
0, 461.0, 412.0, 23.0, 18.0, 0.9825786352157593
0, 460.0, 122.0, 27.0, 30.0, 0.9815196990966797
0, 351.0, 103.0, 20.0, 20.0, 0.9807886481285095
0, 120.0, 18.0, 28.0, 22.0, 0.9804098010063171
0, 459.0, 234.0, 35.0, 24.0, 0.9798833727836609
0, 111.0, 457.0, 21.0, 18.0, 0.9793242812156677
0, 284.0, 473.0, 19.0, 19.0, 0.9793152809143066
0, 13.0, 500.0, 27.0, 22.0, 0.9788401126861572
0, 433.0, 468.0, 16.0, 10.0, 0.978663444519043
0, 501.0, 118.0, 19.0, 21.0, 0.9769920110702515
0, 497.0, 495.0, 25.0, 25.0, 0.9769047498703003
0, 429.0, 304.0, 18.0, 13.0, 0.9766572713851929
0, 86.0, 491.0, 19.0, 20.0, 0.9765731692314148
0, 460.0, 326.0, 30.0, 22.0, 0.976559042930603
0, 458.0, 185.0, 23.0, 19.0, 0.9765204787254333
0, 454.0, 350.0, 18.0, 27.0, 0.9760511517524719
0, 219.0, 10.0, 23.0, 20.0, 0.9759680032730103
0, 493.0, 178.0, 37.0, 31.0, 0.9750612378120422
0, 126.0, 58.0, 28.0, 22.0, 0.9746929407119751
0, 407.0, 86.0, 26.0, 26.0, 0.9726973176002502
0, 137.0, 163.0, 27.0, 23.0, 0.9719659090042114
0, 91.0, 241.0, 20.0, 23.0, 0.9704350829124451
0, 257.0, 461.0, 19.0, 20.0, 0.9698277711868286
0, 127.0, 88.0, 30.0, 22.0, 0.9683634042739868
0, 413.0, 500.0, 13.0, 15.0, 0.9672520160675049
0, 481.0, 79.0, 22.0, 16.0, 0.9666247367858887
0, 31.0, 402.0, 25.0, 22.0, 0.9654880166053772
0, 70.0, 24.0, 28.0, 26.0, 0.9651366472244263
0, 138.0, 211.0, 26.0, 20.0, 0.9649909138679504
0, 8.0, 110.0, 16.0, 20.0, 0.9645876884460449
0, 432.0, 333.0, 22.0, 20.0, 0.9645820260047913
0, 158.0, 24.0, 28.0, 20.0, 0.9643765091896057
0, 100.0, 502.0, 23.0, 19.0, 0.9632470011711121
0, 221.0, 185.0, 24.0, 23.0, 0.9631174802780151
0, 167.0, 143.0, 19.0, 15.0, 0.9627293944358826
0, 115.0, 226.0, 24.0, 20.0, 0.9617764949798584
0, 392.0, 195.0, 20.0, 16.0, 0.9610334038734436
0, 182.0, 291.0, 27.0, 21.0, 0.9606659412384033
0, 141.0, 436.0, 27.0, 21.0, 0.9605074524879456
0, 233.0, 448.0, 22.0, 18.0, 0.9603002667427063
0, 324.0, 300.0, 24.0, 22.0, 0.9598361253738403
0, 316.0, 322.0, 24.0, 20.0, 0.9593179225921631
0, 98.0, 208.0, 27.0, 19.0, 0.9589372873306274
0, 473.0, 62.0, 28.0, 30.0, 0.9572571516036987
0, 19.0, 78.0, 24.0, 21.0, 0.9559545516967773
0, 423.0, 199.0, 13.0, 12.0, 0.9557675123214722
0, 76.0, 379.0, 19.0, 21.0, 0.9554088115692139
0, 93.0, 106.0, 24.0, 23.0, 0.9550848603248596
0, 409.0, 328.0, 19.0, 16.0, 0.9539129137992859
0, 114.0, 5.0, 25.0, 10.0, 0.9537965059280396
0, 37.0, 457.0, 26.0, 20.0, 0.9528164267539978
0, 474.0, 19.0, 28.0, 29.0, 0.9512790441513062
0, 495.0, 99.0, 27.0, 26.0, 0.9508978724479675
0, 262.0, 10.0, 25.0, 19.0, 0.9490276575088501
0, 116.0, 481.0, 28.0, 21.0, 0.9477307796478271
0, 394.0, 14.0, 30.0, 28.0, 0.9475839138031006
0, 328.0, 95.0, 22.0, 20.0, 0.9456799626350403
0, 489.0, 260.0, 29.0, 15.0, 0.9441380500793457
0, 69.0, 309.0, 23.0, 21.0, 0.9430741667747498
0, 129.0, 245.0, 23.0, 24.0, 0.9422487616539001
0, 503.0, 381.0, 15.0, 23.0, 0.9416939616203308
0, 264.0, 404.0, 13.0, 16.0, 0.9412399530410767
0, 90.0, 55.0, 28.0, 19.0, 0.9402886033058167
0, 54.0, 391.0, 32.0, 36.0, 0.9395541548728943
0, 101.0, 437.0, 20.0, 15.0, 0.9395438432693481
0, 23.0, 383.0, 12.0, 12.0, 0.9392487406730652
0, 4.0, 29.0, 9.0, 26.0, 0.9376331567764282
0, 192.0, 429.0, 18.0, 16.0, 0.9353193640708923
0, 315.0, 83.0, 26.0, 21.0, 0.9349137544631958
0, 260.0, 201.0, 9.0, 14.0, 0.9346954226493835
0, 302.0, 267.0, 28.0, 27.0, 0.9346427321434021
0, 2.0, 128.0, 3.0, 17.0, 0.9337944388389587
0, 214.0, 484.0, 21.0, 21.0, 0.9337134957313538
0, 10.0, 6.0, 21.0, 12.0, 0.9331750273704529
0, 458.0, 52.0, 22.0, 24.0, 0.9324625134468079
0, 366.0, 219.0, 9.0, 13.0, 0.9302606582641602
0, 397.0, 387.0, 30.0, 33.0, 0.9290671944618225
0, 481.0, 222.0, 19.0, 12.0, 0.9290422797203064
0, 60.0, 124.0, 20.0, 21.0, 0.9280012845993042
0, 293.0, 26.0, 26.0, 21.0, 0.9275991916656494
0, 363.0, 279.0, 21.0, 21.0, 0.9267746210098267
0, 427.0, 140.0, 32.0, 25.0, 0.9196807742118835
0, 453.0, 96.0, 19.0, 18.0, 0.9193178415298462
0, 421.0, 233.0, 27.0, 20.0, 0.918276846408844
0, 507.0, 407.0, 9.0, 22.0, 0.9180607199668884
0, 178.0, 62.0, 13.0, 9.0, 0.9180412292480469
0, 174.0, 66.0, 22.0, 17.0, 0.917256236076355
0, 259.0, 152.0, 25.0, 19.0, 0.9158368110656738
0, 252.0, 235.0, 19.0, 12.0, 0.913112461566925
0, 492.0, 146.0, 38.0, 24.0, 0.9129499793052673
0, 89.0, 188.0, 15.0, 16.0, 0.9101882576942444
0, 369.0, 162.0, 26.0, 15.0, 0.9087913632392883
0, 232.0, 475.0, 5.0, 7.0, 0.9047107100486755
0, 113.0, 257.0, 9.0, 9.0, 0.9023585915565491
0, 5.0, 211.0, 9.0, 20.0, 0.902346670627594
0, 97.0, 188.0, 26.0, 17.0, 0.9019568562507629
0, 220.0, 360.0, 22.0, 20.0, 0.901242733001709
0, 500.0, 109.0, 22.0, 37.0, 0.8985017538070679
0, 92.0, 354.0, 25.0, 17.0, 0.8983829617500305
0, 358.0, 181.0, 17.0, 18.0, 0.8977165222167969
0, 340.0, 273.0, 11.0, 10.0, 0.8972497582435608
0, 160.0, 340.0, 21.0, 25.0, 0.8940591216087341
0, 84.0, 3.0, 20.0, 6.0, 0.8934588432312012
0, 247.0, 227.0, 5.0, 6.0, 0.8933377861976624
0, 158.0, 192.0, 27.0, 23.0, 0.8920091986656189
0, 5.0, 191.0, 9.0, 23.0, 0.8919097185134888
0, 313.0, 171.0, 25.0, 19.0, 0.8904054760932922
0, 91.0, 127.0, 9.0, 7.0, 0.8897832036018372
0, 238.0, 295.0, 14.0, 15.0, 0.8885592222213745
0, 7.0, 66.0, 12.0, 15.0, 0.8882010579109192
0, 445.0, 204.0, 25.0, 18.0, 0.8879773020744324
0, 392.0, 471.0, 26.0, 30.0, 0.8841161131858826
0, 162.0, 4.0, 25.0, 9.0, 0.883659303188324
0, 61.0, 423.0, 21.0, 21.0, 0.8822476267814636
0, 201.0, 29.0, 26.0, 21.0, 0.8808463215827942
0, 189.0, 76.0, 11.0, 18.0, 0.880679726600647
0, 468.0, 497.0, 20.0, 13.0, 0.8803483843803406
0, 362.0, 318.0, 39.0, 33.0, 0.8803000450134277
0, 8.0, 264.0, 16.0, 20.0, 0.8782472014427185
0, 349.0, 256.0, 26.0, 20.0, 0.8767033219337463
0, 34.0, 211.0, 33.0, 20.0, 0.8765983581542969
0, 442.0, 76.0, 19.0, 18.0, 0.8760236501693726
0, 152.0, 408.0, 14.0, 23.0, 0.8759230971336365
0, 263.0, 201.0, 17.0, 18.0, 0.8757381439208984
0, 221.0, 110.0, 7.0, 12.0, 0.8734573125839233
0, 346.0, 263.0, 24.0, 31.0, 0.873192548751831
0, 54.0, 489.0, 24.0, 27.0, 0.869441032409668
0, 247.0, 203.0, 6.0, 10.0, 0.8688379526138306
0, 69.0, 144.0, 23.0, 17.0, 0.8687443733215332
0, 506.0, 305.0, 10.0, 23.0, 0.868273913860321
0, 221.0, 367.0, 25.0, 14.0, 0.8672649264335632
0, 246.0, 334.0, 31.0, 25.0, 0.8667362332344055
0, 249.0, 43.0, 19.0, 21.0, 0.866547167301178
0, 14.0, 161.0, 25.0, 28.0, 0.865114152431488
0, 430.0, 15.0, 35.0, 30.0, 0.8638764023780823
0, 422.0, 103.0, 32.0, 26.0, 0.8634392023086548
0, 231.0, 218.0, 17.0, 19.0, 0.8626546263694763
0, 116.0, 9.0, 28.0, 14.0, 0.8620443344116211
0, 359.0, 237.0, 25.0, 19.0, 0.8618756532669067
0, 455.0, 467.0, 21.0, 19.0, 0.8613115549087524
0, 261.0, 51.0, 10.0, 11.0, 0.8609742522239685
0, 198.0, 408.0, 20.0, 25.0, 0.860181450843811
0, 150.0, 410.0, 26.0, 29.0, 0.8594633340835571
0, 51.0, 185.0, 16.0, 25.0, 0.859096884727478
0, 253.0, 86.0, 14.0, 16.0, 0.8574122190475464
0, 363.0, 413.0, 36.0, 44.0, 0.8563919067382812
0, 314.0, 210.0, 24.0, 18.0, 0.8563697934150696
0, 187.0, 272.0, 47.0, 20.0, 0.8556807637214661
0, 165.0, 506.0, 10.0, 9.0, 0.8554722666740417
0, 9.0, 52.0, 19.0, 20.0, 0.8546375632286072
0, 313.0, 507.0, 15.0, 7.0, 0.8513010144233704
0, 278.0, 406.0, 12.0, 12.0, 0.8494395613670349
0, 54.0, 502.0, 21.0, 18.0, 0.8481868505477905
0, 167.0, 234.0, 10.0, 11.0, 0.8480743765830994
0, 314.0, 376.0, 20.0, 21.0, 0.8471101522445679
0, 111.0, 118.0, 23.0, 21.0, 0.8465290069580078
0, 199.0, 125.0, 16.0, 14.0, 0.8447594046592712
0, 470.0, 386.0, 27.0, 29.0, 0.844576895236969
0, 186.0, 322.0, 12.0, 20.0, 0.8440523147583008
0, 487.0, 421.0, 28.0, 46.0, 0.8438979983329773
0, 78.0, 127.0, 10.0, 8.0, 0.8426638841629028
0, 274.0, 308.0, 26.0, 16.0, 0.8425332307815552
0, 303.0, 507.0, 13.0, 8.0, 0.8417093753814697
0, 259.0, 268.0, 13.0, 9.0, 0.8413930535316467
0, 74.0, 144.0, 6.0, 8.0, 0.8398148417472839
0, 318.0, 449.0, 23.0, 18.0, 0.8386203646659851
0, 489.0, 440.0, 24.0, 19.0, 0.8382799625396729
0, 229.0, 101.0, 12.0, 9.0, 0.8380109667778015
0, 175.0, 508.0, 11.0, 6.0, 0.8369307518005371
0, 467.0, 475.0, 28.0, 28.0, 0.8311268091201782
0, 338.0, 165.0, 8.0, 8.0, 0.8309375047683716
0, 13.0, 313.0, 27.0, 33.0, 0.8288366794586182
0, 317.0, 482.0, 23.0, 26.0, 0.8284522294998169
0, 55.0, 44.0, 24.0, 21.0, 0.826280415058136
0, 143.0, 107.0, 24.0, 16.0, 0.8251882791519165
0, 223.0, 258.0, 6.0, 6.0, 0.8227272033691406
0, 432.0, 63.0, 25.0, 23.0, 0.8222503662109375
0, 157.0, 407.0, 11.0, 21.0, 0.8198818564414978
0, 429.0, 92.0, 42.0, 47.0, 0.8196126222610474
0, 307.0, 374.0, 26.0, 27.0, 0.8195978999137878
0, 211.0, 411.0, 7.0, 10.0, 0.8188823461532593
0, 160.0, 507.0, 20.0, 9.0, 0.8166764378547668
0, 192.0, 75.0, 20.0, 22.0, 0.8145224452018738
0, 320.0, 484.0, 15.0, 17.0, 0.813816487789154
0, 467.0, 481.0, 24.0, 16.0, 0.8092662692070007
0, 201.0, 180.0, 18.0, 19.0, 0.8089993596076965
0, 200.0, 363.0, 13.0, 16.0, 0.8089794516563416
0, 492.0, 24.0, 20.0, 31.0, 0.8069875240325928
0, 229.0, 112.0, 8.0, 9.0, 0.8047864437103271
0, 239.0, 105.0, 4.0, 7.0, 0.8040277361869812
0, 255.0, 142.0, 23.0, 17.0, 0.8018262982368469
0, 353.0, 185.0, 7.0, 9.0, 0.8002771139144897
0, 320.0, 88.0, 36.0, 34.0, 0.7989456653594971
0, 276.0, 404.0, 19.0, 17.0, 0.7986643314361572
0, 153.0, 223.0, 9.0, 10.0, 0.7984165549278259
0, 507.0, 228.0, 8.0, 21.0, 0.7973222136497498
0, 197.0, 127.0, 10.0, 10.0, 0.7968664169311523
0, 469.0, 492.0, 27.0, 24.0, 0.7966171503067017
0, 407.0, 292.0, 9.0, 11.0, 0.7944472432136536
0, 84.0, 292.0, 13.0, 10.0, 0.7939695119857788
0, 184.0, 80.0, 5.0, 12.0, 0.7913854122161865
0, 506.0, 316.0, 11.0, 43.0, 0.7899391055107117
0, 106.0, 266.0, 25.0, 26.0, 0.7897618412971497
0, 436.0, 480.0, 10.0, 9.0, 0.7895704507827759
0, 169.0, 167.0, 22.0, 24.0, 0.7890897989273071
0, 203.0, 165.0, 12.0, 8.0, 0.7872173190116882
0, 364.0, 180.0, 30.0, 22.0, 0.7863637208938599
0, 220.0, 157.0, 12.0, 13.0, 0.785123884677887
0, 117.0, 196.0, 17.0, 12.0, 0.7845613360404968
0, 177.0, 253.0, 15.0, 11.0, 0.7835049033164978
0, 323.0, 487.0, 7.0, 8.0, 0.7825731039047241
0, 234.0, 414.0, 7.0, 6.0, 0.7811673879623413
0, 218.0, 213.0, 7.0, 9.0, 0.7803462147712708
0, 506.0, 47.0, 10.0, 15.0, 0.7802366018295288
0, 274.0, 315.0, 31.0, 31.0, 0.7797918915748596
0, 2.0, 349.0, 5.0, 27.0, 0.7794567346572876
0, 74.0, 293.0, 5.0, 9.0, 0.7787746787071228
0, 213.0, 326.0, 18.0, 20.0, 0.7782554030418396
0, 145.0, 410.0, 15.0, 24.0, 0.775737464427948
0, 162.0, 165.0, 12.0, 22.0, 0.7731110453605652
0, 474.0, 157.0, 30.0, 23.0, 0.7727780938148499
0, 299.0, 23.0, 14.0, 16.0, 0.771995484828949
0, 236.0, 335.0, 11.0, 19.0, 0.7719036340713501
0, 92.0, 48.0, 33.0, 34.0, 0.7714296579360962
0, 188.0, 297.0, 14.0, 9.0, 0.7702744603157043
0, 95.0, 100.0, 20.0, 12.0, 0.7700297832489014
0, 339.0, 462.0, 31.0, 42.0, 0.7700055241584778
0, 41.0, 154.0, 24.0, 20.0, 0.7692683339118958
0, 72.0, 118.0, 4.0, 9.0, 0.7682068347930908
0, 107.0, 126.0, 14.0, 9.0, 0.7674436569213867
0, 507.0, 246.0, 9.0, 15.0, 0.7673546075820923
0, 285.0, 499.0, 16.0, 15.0, 0.7671346068382263
0, 246.0, 218.0, 7.0, 7.0, 0.7654612064361572
0, 318.0, 367.0, 46.0, 43.0, 0.7653425335884094
0, 11.0, 346.0, 18.0, 29.0, 0.7623514533042908
0, 375.0, 4.0, 20.0, 8.0, 0.7617582678794861
0, 181.0, 132.0, 15.0, 18.0, 0.7608665227890015
0, 135.0, 504.0, 24.0, 14.0, 0.7608024477958679
0, 78.0, 125.0, 13.0, 14.0, 0.760457456111908
0, 176.0, 273.0, 25.0, 18.0, 0.7583017945289612
0, 344.0, 451.0, 19.0, 22.0, 0.7577635645866394
0, 8.0, 310.0, 9.0, 10.0, 0.7572299242019653
0, 64.0, 22.0, 17.0, 21.0, 0.7570667266845703
0, 155.0, 31.0, 33.0, 33.0, 0.7552979588508606
0, 481.0, 201.0, 24.0, 16.0, 0.7545006275177002
0, 188.0, 319.0, 19.0, 26.0, 0.7540273666381836
0, 406.0, 175.0, 12.0, 13.0, 0.7520684599876404
0, 451.0, 194.0, 38.0, 39.0, 0.7519899010658264
0, 87.0, 160.0, 19.0, 16.0, 0.7497833371162415
0, 207.0, 358.0, 6.0, 10.0, 0.7483772039413452
