0, 495.0, 254.0, 33.0, 26.0, 0.9478864073753357
0, 477.0, 428.0, 36.0, 25.0, 0.9333680272102356
0, 152.0, 101.0, 28.0, 27.0, 0.9295720458030701
0, 372.0, 452.0, 31.0, 33.0, 0.9290265440940857
0, 208.0, 481.0, 34.0, 38.0, 0.9233797788619995
0, 365.0, 156.0, 33.0, 36.0, 0.9187847971916199
0, 212.0, 386.0, 25.0, 34.0, 0.918589174747467
0, 368.0, 331.0, 49.0, 35.0, 0.9181877970695496
0, 140.0, 9.0, 29.0, 18.0, 0.9143415093421936
0, 486.0, 345.0, 33.0, 24.0, 0.9130690097808838
0, 466.0, 141.0, 49.0, 30.0, 0.9109858274459839
0, 81.0, 451.0, 29.0, 30.0, 0.909308671951294
0, 159.0, 157.0, 25.0, 29.0, 0.9051412343978882
0, 486.0, 112.0, 36.0, 22.0, 0.9047365784645081
0, 399.0, 202.0, 29.0, 24.0, 0.9043169021606445
0, 373.0, 359.0, 30.0, 20.0, 0.9036054015159607
0, 488.0, 199.0, 36.0, 26.0, 0.9032595157623291
0, 431.0, 370.0, 28.0, 25.0, 0.9001933336257935
0, 32.0, 481.0, 30.0, 24.0, 0.8992218971252441
0, 116.0, 152.0, 24.0, 25.0, 0.8981168270111084
0, 162.0, 483.0, 28.0, 23.0, 0.8977823257446289
0, 167.0, 460.0, 26.0, 21.0, 0.895729124546051
0, 139.0, 316.0, 33.0, 51.0, 0.8939163684844971
0, 55.0, 465.0, 30.0, 26.0, 0.8926391005516052
0, 98.0, 222.0, 21.0, 24.0, 0.8911529183387756
0, 232.0, 18.0, 27.0, 35.0, 0.8906733989715576
0, 42.0, 152.0, 21.0, 31.0, 0.8855801820755005
0, 26.0, 20.0, 29.0, 28.0, 0.8840633034706116
0, 108.0, 434.0, 32.0, 22.0, 0.8827614784240723
0, 382.0, 383.0, 49.0, 30.0, 0.8814894556999207
0, 327.0, 149.0, 29.0, 27.0, 0.8804798722267151
0, 302.0, 61.0, 21.0, 28.0, 0.8795649409294128
0, 61.0, 90.0, 21.0, 26.0, 0.8776070475578308
0, 179.0, 82.0, 23.0, 25.0, 0.8710798025131226
0, 235.0, 194.0, 22.0, 22.0, 0.8698049187660217
0, 33.0, 420.0, 37.0, 29.0, 0.8695325255393982
0, 448.0, 182.0, 36.0, 26.0, 0.8684139847755432
0, 39.0, 257.0, 22.0, 31.0, 0.8664312362670898
0, 413.0, 322.0, 35.0, 24.0, 0.865516185760498
0, 388.0, 86.0, 32.0, 34.0, 0.8638073801994324
0, 192.0, 15.0, 23.0, 31.0, 0.8630029559135437
0, 25.0, 64.0, 19.0, 18.0, 0.8625767230987549
0, 151.0, 263.0, 26.0, 43.0, 0.8617702126502991
0, 213.0, 42.0, 26.0, 27.0, 0.8578184843063354
0, 476.0, 272.0, 38.0, 28.0, 0.857576310634613
0, 238.0, 238.0, 23.0, 29.0, 0.8552182912826538
0, 130.0, 484.0, 20.0, 18.0, 0.8518219590187073
0, 29.0, 210.0, 17.0, 21.0, 0.8511581420898438
0, 140.0, 174.0, 23.0, 29.0, 0.8508171439170837
0, 25.0, 381.0, 19.0, 18.0, 0.8497450351715088
0, 466.0, 362.0, 28.0, 30.0, 0.8425089716911316
0, 287.0, 460.0, 24.0, 15.0, 0.8397425413131714
0, 164.0, 406.0, 44.0, 42.0, 0.8346981406211853
0, 335.0, 477.0, 27.0, 42.0, 0.8324242234230042
0, 42.0, 226.0, 28.0, 18.0, 0.8323444724082947
0, 467.0, 27.0, 27.0, 28.0, 0.8290669322013855
0, 488.0, 56.0, 22.0, 29.0, 0.828346848487854
0, 383.0, 483.0, 36.0, 31.0, 0.8268998861312866
0, 324.0, 441.0, 9.0, 12.0, 0.8218949437141418
0, 11.0, 90.0, 21.0, 30.0, 0.8201121091842651
0, 284.0, 308.0, 36.0, 34.0, 0.8149126172065735
0, 35.0, 334.0, 27.0, 30.0, 0.8118439316749573
0, 180.0, 362.0, 26.0, 36.0, 0.8082011938095093
0, 431.0, 93.0, 26.0, 25.0, 0.8059725761413574
0, 16.0, 249.0, 15.0, 26.0, 0.8026779890060425
0, 474.0, 392.0, 34.0, 23.0, 0.8006446957588196
0, 323.0, 215.0, 21.0, 26.0, 0.7978631854057312
0, 239.0, 110.0, 15.0, 28.0, 0.7959787249565125
0, 451.0, 327.0, 33.0, 22.0, 0.7952805161476135
0, 256.0, 358.0, 22.0, 23.0, 0.7935198545455933
0, 13.0, 191.0, 26.0, 20.0, 0.7917762398719788
0, 271.0, 501.0, 26.0, 19.0, 0.7917199730873108
0, 434.0, 421.0, 40.0, 16.0, 0.7895075678825378
0, 372.0, 14.0, 39.0, 29.0, 0.7874106764793396
0, 400.0, 164.0, 17.0, 22.0, 0.7845276594161987
0, 463.0, 83.0, 24.0, 46.0, 0.7837271690368652
0, 303.0, 191.0, 24.0, 40.0, 0.7758747935295105
0, 182.0, 185.0, 23.0, 49.0, 0.7716736197471619
0, 26.0, 134.0, 11.0, 13.0, 0.7688578367233276
0, 414.0, 349.0, 46.0, 27.0, 0.7686767578125
0, 504.0, 371.0, 15.0, 24.0, 0.7683801054954529
0, 436.0, 223.0, 59.0, 31.0, 0.762561023235321
0, 103.0, 11.0, 35.0, 21.0, 0.7565536499023438
0, 306.0, 443.0, 22.0, 29.0, 0.7528010606765747
0, 366.0, 61.0, 35.0, 35.0, 0.7464247941970825
0, 421.0, 174.0, 25.0, 17.0, 0.7438065409660339
0, 443.0, 61.0, 37.0, 37.0, 0.7416288256645203
0, 137.0, 362.0, 14.0, 15.0, 0.7356853485107422
0, 78.0, 281.0, 36.0, 44.0, 0.7344884276390076
0, 60.0, 496.0, 18.0, 17.0, 0.7328159213066101
0, 89.0, 85.0, 17.0, 15.0, 0.7302209734916687
0, 247.0, 49.0, 10.0, 16.0, 0.7292113304138184
0, 402.0, 434.0, 32.0, 21.0, 0.7288156151771545
0, 490.0, 504.0, 28.0, 15.0, 0.7274999022483826
0, 287.0, 203.0, 10.0, 15.0, 0.7250760793685913
0, 408.0, 248.0, 64.0, 32.0, 0.7250493764877319
0, 6.0, 426.0, 12.0, 19.0, 0.7194954752922058
0, 99.0, 254.0, 34.0, 39.0, 0.7190491557121277
0, 389.0, 308.0, 28.0, 17.0, 0.713308572769165
0, 92.0, 133.0, 48.0, 34.0, 0.7125259637832642
0, 127.0, 405.0, 19.0, 18.0, 0.7104325890541077
0, 9.0, 334.0, 19.0, 25.0, 0.7086857557296753
0, 314.0, 287.0, 7.0, 13.0, 0.7074402570724487
0, 163.0, 51.0, 26.0, 21.0, 0.7062636017799377
0, 435.0, 277.0, 73.0, 30.0, 0.702034056186676
0, 130.0, 131.0, 15.0, 18.0, 0.6999620795249939
0, 388.0, 415.0, 49.0, 20.0, 0.6984440684318542
0, 110.0, 455.0, 20.0, 16.0, 0.6974471807479858
0, 84.0, 501.0, 30.0, 20.0, 0.6872662305831909
0, 508.0, 42.0, 6.0, 25.0, 0.6868051290512085
0, 174.0, 232.0, 22.0, 38.0, 0.6723477840423584
0, 208.0, 329.0, 25.0, 29.0, 0.6660218834877014
0, 277.0, 98.0, 17.0, 26.0, 0.66566401720047
0, 433.0, 494.0, 44.0, 35.0, 0.6643752455711365
0, 210.0, 433.0, 44.0, 29.0, 0.663658082485199
0, 203.0, 304.0, 31.0, 19.0, 0.6571170687675476
0, 429.0, 117.0, 12.0, 17.0, 0.6566946506500244
0, 451.0, 301.0, 34.0, 20.0, 0.6549879908561707
0, 83.0, 64.0, 26.0, 23.0, 0.6546433568000793
0, 434.0, 202.0, 33.0, 16.0, 0.6529654264450073
0, 66.0, 233.0, 24.0, 32.0, 0.6510099172592163
0, 505.0, 191.0, 12.0, 16.0, 0.649220883846283
0, 262.0, 477.0, 25.0, 22.0, 0.647972583770752
0, 5.0, 277.0, 10.0, 23.0, 0.6464729905128479
0, 36.0, 121.0, 11.0, 16.0, 0.6446622610092163
0, 277.0, 22.0, 16.0, 44.0, 0.6419199109077454
0, 219.0, 247.0, 16.0, 19.0, 0.6410776972770691
0, 138.0, 463.0, 13.0, 15.0, 0.6404532790184021
0, 4.0, 490.0, 9.0, 29.0, 0.6313631534576416
0, 49.0, 302.0, 22.0, 22.0, 0.6301994323730469
0, 142.0, 60.0, 16.0, 13.0, 0.6284229755401611
0, 154.0, 218.0, 20.0, 43.0, 0.6278519630432129
0, 306.0, 494.0, 23.0, 27.0, 0.6258052587509155
0, 502.0, 107.0, 18.0, 21.0, 0.6136131882667542
0, 129.0, 37.0, 42.0, 38.0, 0.6135338544845581
0, 9.0, 161.0, 18.0, 20.0, 0.61309415102005
0, 491.0, 323.0, 40.0, 26.0, 0.6128405928611755
0, 277.0, 438.0, 29.0, 28.0, 0.6117700338363647
0, 103.0, 382.0, 8.0, 7.0, 0.6063661575317383
0, 420.0, 14.0, 57.0, 28.0, 0.60532546043396
0, 89.0, 492.0, 14.0, 11.0, 0.5984472632408142
0, 30.0, 291.0, 20.0, 17.0, 0.5943425297737122
0, 6.0, 21.0, 12.0, 37.0, 0.592799186706543
0, 355.0, 411.0, 20.0, 15.0, 0.5923126935958862
0, 471.0, 2.0, 26.0, 4.0, 0.5837828516960144
0, 115.0, 70.0, 31.0, 26.0, 0.5816879272460938
0, 84.0, 477.0, 26.0, 15.0, 0.572787344455719
0, 246.0, 3.0, 21.0, 6.0, 0.5681242346763611
0, 80.0, 26.0, 38.0, 25.0, 0.563369870185852
0, 94.0, 348.0, 53.0, 53.0, 0.558991014957428
0, 493.0, 6.0, 20.0, 13.0, 0.5584827065467834
0, 44.0, 359.0, 31.0, 30.0, 0.5552565455436707
0, 227.0, 72.0, 18.0, 10.0, 0.5548791289329529
0, 201.0, 352.0, 11.0, 13.0, 0.5526927709579468
0, 120.0, 39.0, 25.0, 27.0, 0.5463181138038635
0, 4.0, 309.0, 9.0, 17.0, 0.5409638285636902
0, 2.0, 212.0, 4.0, 23.0, 0.5405759811401367
0, 507.0, 307.0, 8.0, 11.0, 0.5367317199707031
0, 80.0, 377.0, 30.0, 21.0, 0.5363203287124634
0, 497.0, 16.0, 29.0, 31.0, 0.5309262275695801
0, 146.0, 509.0, 16.0, 5.0, 0.529895544052124
0, 408.0, 47.0, 46.0, 37.0, 0.5249953866004944
0, 196.0, 210.0, 24.0, 49.0, 0.5194951295852661
0, 207.0, 101.0, 39.0, 42.0, 0.5184659361839294
0, 2.0, 111.0, 4.0, 18.0, 0.5085535049438477
0, 276.0, 323.0, 9.0, 9.0, 0.5063329339027405
0, 246.0, 509.0, 16.0, 5.0, 0.5022249817848206
0, 168.0, 269.0, 10.0, 21.0, 0.5016468167304993
