0, 707.0, 990.0, 18.0, 18.0, 0.3233577609062195
0, 780.0, 851.0, 23.0, 20.0, 0.29154565930366516
0, 152.0, 922.0, 21.0, 20.0, 0.23175598680973053
0, 797.0, 674.0, 18.0, 22.0, 0.21856006979942322
0, 138.0, 30.0, 23.0, 22.0, 0.21037204563617706
0, 836.0, 112.0, 19.0, 19.0, 0.20205742120742798
0, 777.0, 831.0, 22.0, 18.0, 0.20129111409187317
0, 772.0, 77.0, 17.0, 19.0, 0.1988261491060257
0, 959.0, 255.0, 20.0, 19.0, 0.19208814203739166
0, 928.0, 835.0, 18.0, 20.0, 0.18301156163215637
0, 903.0, 253.0, 16.0, 20.0, 0.1818872094154358
0, 756.0, 86.0, 17.0, 16.0, 0.17981800436973572
0, 48.0, 409.0, 22.0, 19.0, 0.1783706396818161
0, 792.0, 988.0, 19.0, 16.0, 0.1773836761713028
0, 945.0, 101.0, 18.0, 17.0, 0.17196710407733917
0, 63.0, 591.0, 19.0, 20.0, 0.17088370025157928
0, 537.0, 196.0, 18.0, 19.0, 0.16597019135951996
0, 975.0, 169.0, 17.0, 17.0, 0.16567100584506989
0, 728.0, 181.0, 20.0, 19.0, 0.16543886065483093
0, 413.0, 28.0, 21.0, 19.0, 0.16495265066623688
0, 179.0, 450.0, 22.0, 24.0, 0.16254989802837372
0, 909.0, 143.0, 17.0, 18.0, 0.16231857240200043
0, 83.0, 325.0, 23.0, 22.0, 0.16081520915031433
0, 222.0, 31.0, 25.0, 19.0, 0.1593340039253235
0, 703.0, 674.0, 16.0, 16.0, 0.15782380104064941
0, 645.0, 11.0, 16.0, 18.0, 0.153470978140831
0, 523.0, 222.0, 17.0, 20.0, 0.1524418592453003
0, 260.0, 110.0, 22.0, 21.0, 0.15144279599189758
0, 529.0, 176.0, 18.0, 17.0, 0.14950306713581085
0, 128.0, 379.0, 23.0, 22.0, 0.14559237658977509
0, 954.0, 233.0, 24.0, 20.0, 0.14556273818016052
0, 948.0, 215.0, 19.0, 17.0, 0.14505703747272491
0, 724.0, 671.0, 17.0, 19.0, 0.14428403973579407
0, 555.0, 150.0, 22.0, 17.0, 0.14287641644477844
0, 922.0, 164.0, 15.0, 16.0, 0.1412154883146286
0, 822.0, 794.0, 23.0, 18.0, 0.13989858329296112
0, 455.0, 978.0, 22.0, 18.0, 0.1396305114030838
0, 400.0, 105.0, 21.0, 22.0, 0.13924406468868256
0, 885.0, 76.0, 18.0, 21.0, 0.13759277760982513
0, 109.0, 19.0, 15.0, 21.0, 0.13698655366897583
0, 437.0, 915.0, 22.0, 19.0, 0.1369008868932724
0, 779.0, 671.0, 18.0, 20.0, 0.13654951751232147
0, 275.0, 657.0, 21.0, 21.0, 0.13574481010437012
0, 515.0, 199.0, 17.0, 24.0, 0.13533103466033936
0, 11.0, 422.0, 17.0, 19.0, 0.13456186652183533
0, 415.0, 7.0, 20.0, 15.0, 0.13382287323474884
0, 68.0, 393.0, 17.0, 19.0, 0.13370132446289062
0, 903.0, 814.0, 20.0, 17.0, 0.13369260728359222
0, 700.0, 719.0, 23.0, 16.0, 0.13173425197601318
0, 801.0, 112.0, 20.0, 19.0, 0.13143455982208252
0, 894.0, 837.0, 16.0, 18.0, 0.13084100186824799
0, 442.0, 32.0, 27.0, 16.0, 0.1306978464126587
0, 206.0, 231.0, 21.0, 21.0, 0.13059766590595245
0, 773.0, 128.0, 19.0, 20.0, 0.12998951971530914
0, 961.0, 194.0, 18.0, 22.0, 0.12959587574005127
0, 6.0, 33.0, 13.0, 22.0, 0.12793128192424774
0, 722.0, 648.0, 16.0, 22.0, 0.12761333584785461
0, 988.0, 665.0, 17.0, 17.0, 0.1267337203025818
0, 921.0, 258.0, 15.0, 19.0, 0.12629781663417816
0, 737.0, 635.0, 19.0, 17.0, 0.12534062564373016
0, 254.0, 405.0, 20.0, 18.0, 0.12502802908420563
0, 54.0, 558.0, 21.0, 18.0, 0.12447202950716019
0, 422.0, 644.0, 19.0, 18.0, 0.12438490986824036
0, 701.0, 629.0, 22.0, 18.0, 0.12438195943832397
0, 773.0, 786.0, 17.0, 17.0, 0.12280170619487762
0, 721.0, 697.0, 17.0, 17.0, 0.12000946700572968
0, 863.0, 198.0, 17.0, 20.0, 0.11956587433815002
0, 966.0, 91.0, 21.0, 16.0, 0.11874169856309891
0, 829.0, 811.0, 23.0, 18.0, 0.11871674656867981
0, 888.0, 963.0, 21.0, 18.0, 0.11821712553501129
0, 11.0, 309.0, 17.0, 16.0, 0.1175522580742836
0, 777.0, 725.0, 26.0, 21.0, 0.11698874831199646
0, 167.0, 194.0, 16.0, 18.0, 0.11585351079702377
0, 754.0, 740.0, 21.0, 20.0, 0.1147017627954483
0, 275.0, 377.0, 17.0, 15.0, 0.11441083252429962
0, 921.0, 441.0, 16.0, 21.0, 0.11440055072307587
0, 923.0, 488.0, 17.0, 19.0, 0.11330738663673401
0, 636.0, 204.0, 16.0, 18.0, 0.11320748925209045
0, 798.0, 863.0, 17.0, 22.0, 0.11281711608171463
0, 326.0, 724.0, 16.0, 18.0, 0.11260633170604706
0, 890.0, 13.0, 18.0, 19.0, 0.11192003637552261
0, 808.0, 132.0, 18.0, 18.0, 0.11120524257421494
0, 140.0, 435.0, 24.0, 21.0, 0.1110188364982605
0, 154.0, 357.0, 16.0, 16.0, 0.11077942699193954
0, 444.0, 819.0, 21.0, 21.0, 0.11005079746246338
0, 262.0, 458.0, 20.0, 20.0, 0.1095275729894638
0, 578.0, 950.0, 18.0, 18.0, 0.10461235791444778
0, 932.0, 90.0, 16.0, 18.0, 0.10449602454900742
0, 90.0, 299.0, 19.0, 18.0, 0.10427998006343842
0, 385.0, 661.0, 17.0, 17.0, 0.10401855409145355
0, 251.0, 351.0, 19.0, 21.0, 0.10366769134998322
0, 844.0, 837.0, 21.0, 24.0, 0.10342565923929214
0, 604.0, 994.0, 15.0, 11.0, 0.10226491093635559
0, 224.0, 103.0, 15.0, 21.0, 0.10209762305021286
0, 991.0, 556.0, 16.0, 21.0, 0.10140376538038254
0, 775.0, 151.0, 17.0, 19.0, 0.10122887790203094
0, 314.0, 843.0, 19.0, 21.0, 0.09963879734277725
0, 784.0, 108.0, 17.0, 19.0, 0.09863968938589096
0, 872.0, 950.0, 16.0, 19.0, 0.09823267161846161
0, 596.0, 901.0, 16.0, 19.0, 0.09803614020347595
0, 501.0, 555.0, 19.0, 20.0, 0.09734077751636505
0, 724.0, 74.0, 18.0, 22.0, 0.09670037776231766
0, 768.0, 111.0, 16.0, 16.0, 0.09654641896486282
0, 636.0, 989.0, 19.0, 16.0, 0.09486506134271622
0, 968.0, 510.0, 16.0, 21.0, 0.09427527338266373
0, 435.0, 138.0, 16.0, 19.0, 0.09370092302560806
0, 269.0, 199.0, 18.0, 21.0, 0.09319428354501724
0, 570.0, 76.0, 19.0, 19.0, 0.09297163784503937
0, 237.0, 43.0, 18.0, 17.0, 0.09266287833452225
0, 710.0, 732.0, 18.0, 17.0, 0.09193329513072968
0, 112.0, 115.0, 21.0, 18.0, 0.09117189049720764
0, 577.0, 50.0, 19.0, 18.0, 0.09082498401403427
0, 182.0, 202.0, 16.0, 22.0, 0.09068377315998077
0, 814.0, 332.0, 19.0, 19.0, 0.09035033732652664
0, 974.0, 418.0, 18.0, 17.0, 0.09016764163970947
0, 906.0, 644.0, 21.0, 18.0, 0.08855507522821426
0, 790.0, 778.0, 16.0, 24.0, 0.08832602947950363
0, 947.0, 135.0, 22.0, 16.0, 0.08791481703519821
0, 923.0, 75.0, 19.0, 20.0, 0.08763030916452408
0, 30.0, 525.0, 24.0, 14.0, 0.08736179023981094
0, 760.0, 520.0, 15.0, 23.0, 0.08720236271619797
0, 721.0, 486.0, 18.0, 18.0, 0.08630339801311493
0, 475.0, 869.0, 18.0, 26.0, 0.08620932698249817
0, 533.0, 51.0, 19.0, 16.0, 0.08592763543128967
0, 812.0, 300.0, 19.0, 16.0, 0.08554594218730927
0, 104.0, 959.0, 18.0, 19.0, 0.08547017723321915
0, 829.0, 308.0, 18.0, 18.0, 0.08495299518108368
0, 931.0, 341.0, 18.0, 22.0, 0.08474753797054291
0, 915.0, 302.0, 17.0, 19.0, 0.08429673314094543
0, 217.0, 198.0, 17.0, 21.0, 0.08413925766944885
0, 754.0, 138.0, 15.0, 15.0, 0.08322495222091675
0, 166.0, 110.0, 19.0, 22.0, 0.08312474191188812
0, 884.0, 817.0, 16.0, 18.0, 0.08287834376096725
0, 593.0, 76.0, 19.0, 21.0, 0.08217885345220566
0, 924.0, 280.0, 19.0, 20.0, 0.08212441951036453
0, 547.0, 20.0, 17.0, 20.0, 0.08177600055932999
0, 285.0, 392.0, 16.0, 17.0, 0.08170527964830399
0, 473.0, 118.0, 20.0, 18.0, 0.08161527663469315
0, 737.0, 935.0, 15.0, 21.0, 0.08135557174682617
0, 359.0, 659.0, 16.0, 19.0, 0.08122935891151428
0, 538.0, 702.0, 22.0, 16.0, 0.0809885784983635
0, 115.0, 879.0, 21.0, 19.0, 0.08079377561807632
0, 347.0, 140.0, 17.0, 24.0, 0.08075224608182907
0, 718.0, 283.0, 16.0, 20.0, 0.08050987124443054
0, 466.0, 5.0, 16.0, 10.0, 0.08016626536846161
0, 299.0, 75.0, 15.0, 18.0, 0.07901446521282196
0, 8.0, 650.0, 15.0, 16.0, 0.07863105088472366
0, 695.0, 936.0, 17.0, 21.0, 0.07808468490839005
0, 815.0, 547.0, 19.0, 18.0, 0.07800792902708054
0, 253.0, 69.0, 17.0, 16.0, 0.07741744071245193
0, 80.0, 601.0, 19.0, 18.0, 0.07692067325115204
0, 129.0, 342.0, 19.0, 17.0, 0.07630138099193573
0, 90.0, 526.0, 27.0, 18.0, 0.07606867700815201
0, 792.0, 694.0, 18.0, 16.0, 0.07571627199649811
0, 589.0, 989.0, 16.0, 16.0, 0.0752909928560257
0, 875.0, 131.0, 23.0, 20.0, 0.07523822039365768
0, 307.0, 715.0, 18.0, 18.0, 0.07410566508769989
0, 740.0, 208.0, 17.0, 17.0, 0.07403731346130371
0, 177.0, 311.0, 22.0, 18.0, 0.07327451556921005
0, 947.0, 432.0, 18.0, 18.0, 0.07232390344142914
0, 207.0, 660.0, 17.0, 23.0, 0.07220715284347534
0, 918.0, 361.0, 16.0, 21.0, 0.07216649502515793
0, 979.0, 150.0, 18.0, 16.0, 0.07178197056055069
0, 320.0, 649.0, 19.0, 18.0, 0.07124757766723633
0, 965.0, 313.0, 21.0, 20.0, 0.07116656750440598
0, 968.0, 672.0, 17.0, 15.0, 0.07085175812244415
0, 145.0, 884.0, 18.0, 17.0, 0.07052724063396454
0, 936.0, 400.0, 20.0, 19.0, 0.07030210644006729
0, 970.0, 898.0, 19.0, 19.0, 0.06975667178630829
0, 701.0, 151.0, 17.0, 19.0, 0.06956358999013901
0, 33.0, 495.0, 16.0, 18.0, 0.06935688108205795
0, 19.0, 296.0, 17.0, 16.0, 0.06935428828001022
0, 770.0, 170.0, 21.0, 16.0, 0.06905564665794373
0, 801.0, 563.0, 18.0, 18.0, 0.06896845251321793
0, 892.0, 627.0, 20.0, 20.0, 0.06890084594488144
0, 23.0, 728.0, 16.0, 19.0, 0.06888062506914139
0, 309.0, 398.0, 18.0, 17.0, 0.06876395642757416
0, 454.0, 941.0, 23.0, 20.0, 0.06844552606344223
0, 11.0, 197.0, 19.0, 20.0, 0.06830759346485138
0, 632.0, 224.0, 15.0, 18.0, 0.06811272352933884
0, 882.0, 255.0, 15.0, 17.0, 0.06793659925460815
0, 272.0, 403.0, 16.0, 21.0, 0.06780438125133514
0, 279.0, 532.0, 19.0, 16.0, 0.06747710704803467
0, 45.0, 235.0, 18.0, 21.0, 0.067172572016716
0, 589.0, 143.0, 18.0, 17.0, 0.0669403076171875
0, 813.0, 710.0, 16.0, 18.0, 0.06689290702342987
0, 8.0, 9.0, 17.0, 18.0, 0.06688237935304642
0, 989.0, 928.0, 19.0, 20.0, 0.06657363474369049
0, 652.0, 680.0, 21.0, 24.0, 0.06653278321027756
0, 557.0, 61.0, 19.0, 18.0, 0.06632019579410553
0, 41.0, 108.0, 19.0, 17.0, 0.06597645580768585
0, 448.0, 331.0, 17.0, 17.0, 0.06552382558584213
0, 783.0, 398.0, 18.0, 19.0, 0.06535917520523071
0, 961.0, 59.0, 20.0, 18.0, 0.06487822532653809
0, 934.0, 985.0, 15.0, 17.0, 0.06449864059686661
0, 398.0, 876.0, 18.0, 17.0, 0.06440191715955734
0, 730.0, 915.0, 18.0, 19.0, 0.06436578184366226
0, 53.0, 122.0, 17.0, 16.0, 0.06403855979442596
0, 850.0, 347.0, 20.0, 19.0, 0.06389934569597244
0, 884.0, 282.0, 19.0, 17.0, 0.0638614147901535
0, 618.0, 33.0, 18.0, 20.0, 0.06341016292572021
0, 169.0, 374.0, 18.0, 17.0, 0.06327889114618301
0, 904.0, 283.0, 15.0, 17.0, 0.06323394179344177
0, 561.0, 555.0, 18.0, 18.0, 0.06313303858041763
0, 96.0, 942.0, 14.0, 18.0, 0.06311874091625214
0, 884.0, 445.0, 19.0, 19.0, 0.0629463866353035
0, 342.0, 105.0, 23.0, 20.0, 0.06290441006422043
0, 815.0, 84.0, 15.0, 17.0, 0.0627300813794136
0, 719.0, 970.0, 18.0, 15.0, 0.06271000951528549
0, 665.0, 867.0, 17.0, 25.0, 0.06136661395430565
0, 676.0, 680.0, 16.0, 18.0, 0.061350688338279724
0, 426.0, 662.0, 22.0, 16.0, 0.061172083020210266
0, 770.0, 484.0, 15.0, 21.0, 0.05998598411679268
0, 345.0, 686.0, 17.0, 18.0, 0.05972091481089592
0, 889.0, 994.0, 23.0, 10.0, 0.0595880001783371
0, 220.0, 354.0, 14.0, 18.0, 0.05913335084915161
0, 400.0, 993.0, 16.0, 13.0, 0.05849303677678108
0, 82.0, 408.0, 21.0, 16.0, 0.05843070149421692
0, 59.0, 760.0, 18.0, 20.0, 0.058352865278720856
0, 170.0, 24.0, 21.0, 19.0, 0.05755007266998291
0, 714.0, 132.0, 21.0, 17.0, 0.05726498365402222
0, 152.0, 183.0, 17.0, 19.0, 0.05720379576086998
0, 571.0, 837.0, 20.0, 18.0, 0.056820496916770935
0, 690.0, 108.0, 21.0, 21.0, 0.056288328021764755
0, 597.0, 207.0, 15.0, 18.0, 0.0562732070684433
0, 656.0, 158.0, 19.0, 15.0, 0.05608297511935234
0, 757.0, 221.0, 18.0, 21.0, 0.056064680218696594
0, 572.0, 398.0, 21.0, 24.0, 0.056000612676143646
0, 489.0, 184.0, 17.0, 17.0, 0.055996380746364594
0, 934.0, 671.0, 22.0, 19.0, 0.05562282353639603
0, 272.0, 132.0, 20.0, 18.0, 0.05546960607171059
0, 930.0, 204.0, 20.0, 19.0, 0.05546238273382187
