0, 726, 455, 19, 15, 0.8387997348653744
0, 398, 352, 17, 17, 0.8637454412501031
0, 328, 258, 19, 19, 0.8264706565176179
0, 224, 85, 19, 18, 0.8504192056896197
0, 249, 922, 22, 20, 0.89039058090793
0, 370, 372, 21, 19, 0.8556335646124363
0, 322, 287, 19, 17, 0.8639894192084038
0, 229, 959, 18, 19, 0.87757381860814
0, 924, 103, 18, 18, 0.8930117090445677
0, 909, 113, 21, 17, 0.8607756892103204
0, 959, 111, 18, 15, 0.8769332921135722
0, 352, 262, 20, 19, 0.8803504316753773
0, 382, 559, 21, 21, 0.888983060381715
0, 389, 319, 20, 17, 0.8380737262548786
0, 371, 861, 20, 20, 0.8531733500260449
0, 40, 645, 19, 17, 0.8718350659908765
0, 238, 147, 17, 17, 0.8596940211012067
0, 75, 375, 18, 21, 0.8505440978659703
0, 420, 386, 20, 18, 0.8688478458587188
0, 919, 814, 18, 15, 0.8461171139548688
0, 569, 186, 21, 16, 0.8567028642646994
0, 986, 93, 18, 16, 0.8540013962740391
0, 312, 274, 16, 17, 0.8404543328528724
0, 201, 85, 20, 18, 0.8629305015128286
0, 205, 759, 20, 18, 0.8486336141803791
0, 22, 862, 20, 19, 0.8933959886359113
0, 363, 105, 19, 17, 0.8615993903461526
0, 308, 236, 18, 17, 0.8777987498550417
0, 369, 134, 23, 19, 0.8735175845870427
0, 984, 76, 17, 17, 0.8346582592751111
0, 988, 127, 19, 18, 0.827973013597579
0, 701, 449, 17, 19, 0.8599910556708624
0, 164, 7, 19, 13, 0.8448588452008643
0, 418, 358, 18, 13, 0.862151179939108
0, 458, 351, 20, 18, 0.837411976894482
0, 192, 119, 17, 17, 0.8318309317709582
0, 477, 390, 17, 18, 0.8668007189117107
0, 366, 84, 19, 19, 0.8637491162876476
0, 344, 313, 19, 19, 0.86588412017881
0, 610, 633, 17, 16, 0.8948872911542717
0, 461, 148, 20, 18, 0.8520394853117904
0, 235, 127, 16, 18, 0.8747282216263939
0, 664, 470, 18, 17, 0.8383762512407471
0, 12, 269, 18, 19, 0.8676892606143887
0, 170, 945, 21, 21, 0.8554597270195822
0, 23, 288, 17, 18, 0.8524378944052134
0, 152, 557, 21, 17, 0.8737893917139721
0, 345, 100, 16, 16, 0.8778751305803824
0, 193, 64, 17, 17, 0.8532836226731744
0, 221, 140, 18, 18, 0.8732591362090116
0, 227, 8, 18, 16, 0.8443905271787362
0, 8, 970, 17, 17, 0.8656521917657504
0, 323, 135, 21, 18, 0.8388720361305834
0, 28, 895, 19, 17, 0.8526968600705331
0, 492, 129, 19, 17, 0.863753680849191
0, 237, 105, 17, 20, 0.8578265666622774
0, 176, 142, 20, 19, 0.8499608654739501
0, 184, 578, 19, 19, 0.8495696118294146
0, 966, 131, 17, 16, 0.8364859182682557
0, 331, 122, 18, 14, 0.8358317080226655
0, 637, 766, 17, 19, 0.8937678286629703
0, 602, 654, 25, 23, 0.8793364274141008
0, 640, 786, 18, 18, 0.8333717858676597
0, 363, 308, 19, 15, 0.8558705141832726
0, 411, 558, 20, 17, 0.8247145430201682
0, 735, 498, 16, 15, 0.8670791535637149
0, 514, 141, 22, 19, 0.8944796213754305
0, 393, 294, 20, 20, 0.8590916373812196
0, 85, 401, 19, 26, 0.8624972596037804
0, 151, 98, 17, 15, 0.8712310588432985
0, 43, 289, 21, 18, 0.8459720209994634
0, 23, 970, 15, 16, 0.8741414758769936
0, 348, 76, 18, 16, 0.8567594588316465
0, 158, 130, 18, 15, 0.8750193513745758
0, 716, 121, 17, 18, 0.8352099807962219
0, 883, 337, 18, 16, 0.8487195188765901
0, 274, 15, 16, 21, 0.8681395155971214
0, 904, 93, 18, 20, 0.8913071691858655
0, 674, 740, 17, 17, 0.8456295555266908
0, 219, 929, 16, 19, 0.8642149294318855
0, 220, 724, 17, 17, 0.8939185296379646
0, 644, 861, 20, 15, 0.8735754396829529
0, 454, 132, 18, 20, 0.8496190478761279
0, 701, 748, 20, 19, 0.8516743824872991
0, 179, 83, 17, 16, 0.8516826822008776
0, 624, 718, 25, 18, 0.8640053262530585
0, 931, 60, 23, 16, 0.8473989634874401
0, 950, 358, 20, 18, 0.8381966359952129
0, 966, 82, 17, 17, 0.8857306993390766
0, 303, 323, 18, 17, 0.835638998750495
0, 341, 295, 18, 16, 0.8592173175395734
0, 185, 169, 24, 20, 0.8401912586415643
0, 676, 20, 17, 15, 0.8489489988808073
