0, 289, 41, 36, 38, 0.8443263173103333
0, 55, 137, 36, 34, 0.8225852251052856
0, 169, 308, 36, 36, 0.8214375972747803
0, 192, 1577, 42, 32, 0.8155488967895508
0, 135, 577, 53, 45, 0.8039915561676025
0, 173, 1095, 34, 44, 0.801539421081543
0, 298, 88, 42, 42, 0.7997702956199646
0, 190, 1143, 42, 37, 0.7986515164375305
0, 389, 1068, 40, 41, 0.7979437112808228
0, 48, 1189, 41, 45, 0.7956506609916687
0, 291, 838, 46, 59, 0.7921764254570007
0, 307, 518, 53, 39, 0.7917811870574951
0, 453, 1462, 42, 54, 0.7882379293441772
0, 437, 620, 43, 36, 0.7788755297660828
0, 121, 1607, 38, 40, 0.7772784233093262
0, 126, 1095, 32, 32, 0.7741289138793945
0, 168, 1460, 37, 30, 0.7735685706138611
0, 393, 413, 42, 39, 0.7686862945556641
0, 316, 1577, 38, 39, 0.7590836882591248
0, 326, 1346, 33, 44, 0.7568183541297913
0, 413, 1496, 42, 39, 0.7509504556655884
0, 174, 487, 50, 43, 0.7461211681365967
0, 313, 753, 41, 34, 0.7444397807121277
0, 53, 1111, 43, 39, 0.7433577179908752
0, 391, 1326, 49, 47, 0.7433323860168457
0, 149, 115, 47, 52, 0.7406348586082458
0, 254, 1254, 39, 31, 0.7398727536201477
0, 450, 809, 40, 41, 0.7357692122459412
0, 96, 508, 37, 48, 0.7329574227333069
0, 288, 579, 43, 43, 0.7322826981544495
0, 211, 599, 47, 45, 0.7315691709518433
0, 273, 1905, 58, 40, 0.728997528553009
0, 298, 152, 37, 33, 0.7244651317596436
0, 377, 644, 49, 45, 0.7240724563598633
0, 447, 1971, 41, 45, 0.723146378993988
0, 127, 1503, 49, 41, 0.7190334796905518
0, 18, 632, 34, 36, 0.7182740569114685
0, 182, 812, 43, 37, 0.7166469693183899
0, 438, 1810, 45, 40, 0.7143383622169495
0, 276, 1420, 55, 47, 0.7094631195068359
0, 228, 1083, 37, 38, 0.7089125514030457
0, 310, 1468, 36, 37, 0.7053291201591492
0, 365, 589, 38, 54, 0.7048926949501038
0, 438, 682, 38, 42, 0.7047697901725769
0, 35, 208, 34, 31, 0.7041488289833069
0, 25, 1603, 38, 36, 0.7034939527511597
0, 406, 1973, 36, 42, 0.703365683555603
0, 209, 1222, 42, 39, 0.698244571685791
0, 240, 808, 60, 41, 0.6980211138725281
0, 303, 905, 44, 41, 0.6963983178138733
0, 257, 323, 45, 46, 0.6946927309036255
0, 57, 1577, 39, 39, 0.6925291419029236
0, 246, 1941, 39, 34, 0.6894155144691467
0, 354, 1463, 33, 34, 0.6862040162086487
0, 294, 1985, 36, 28, 0.684097409248352
0, 406, 1197, 38, 46, 0.6785471439361572
0, 22, 690, 41, 35, 0.6770731806755066
0, 166, 702, 44, 45, 0.6770663261413574
0, 449, 1260, 46, 42, 0.6737523078918457
0, 96, 169, 41, 39, 0.6707495450973511
0, 137, 758, 38, 36, 0.6697341799736023
0, 171, 924, 42, 37, 0.6692396998405457
0, 363, 1161, 45, 36, 0.6673206686973572
0, 302, 657, 41, 34, 0.6656597256660461
0, 396, 475, 41, 41, 0.663090705871582
0, 212, 14, 37, 29, 0.6623472571372986
0, 405, 119, 38, 39, 0.6619663238525391
0, 370, 985, 40, 33, 0.660825788974762
0, 215, 767, 40, 29, 0.6554829478263855
0, 127, 448, 40, 32, 0.6450128555297852
0, 296, 467, 39, 28, 0.6324432492256165
0, 378, 1524, 32, 34, 0.6272335648536682
0, 239, 67, 37, 43, 0.6259934902191162
0, 356, 1377, 42, 44, 0.6241987347602844
0, 59, 1451, 50, 44, 0.6225769519805908
0, 15, 1102, 28, 28, 0.621246337890625
0, 186, 733, 51, 36, 0.6208011507987976
0, 119, 1467, 35, 33, 0.618252694606781
0, 335, 1631, 55, 49, 0.6170300245285034
0, 61, 1524, 38, 35, 0.6068230867385864
0, 293, 1940, 46, 35, 0.6014289855957031
0, 36, 336, 55, 43, 0.5993593335151672
0, 185, 173, 32, 38, 0.5903798937797546
0, 139, 654, 36, 30, 0.584935188293457
0, 121, 1396, 39, 34, 0.5843545198440552
0, 68, 10, 40, 21, 0.5842145681381226
0, 92, 935, 31, 35, 0.580936849117279
0, 269, 723, 53, 47, 0.5770599246025085
0, 224, 544, 49, 56, 0.5757469534873962
0, 450, 1208, 40, 34, 0.5729499459266663
0, 437, 1538, 40, 50, 0.5684800744056702
0, 353, 365, 48, 49, 0.5643779039382935
0, 230, 864, 40, 37, 0.5632919073104858
0, 210, 1744, 28, 40, 0.5579992532730103
0, 106, 327, 32, 37, 0.5446364283561707
0, 36, 1353, 35, 36, 0.5442185401916504
0, 22, 94, 30, 35, 0.5439656376838684
0, 229, 657, 60, 79, 0.5437260866165161
0, 117, 859, 49, 48, 0.5370994210243225
0, 416, 332, 43, 42, 0.5207752585411072
0, 78, 1164, 26, 38, 0.5198700428009033
0, 391, 1441, 33, 33, 0.5184191465377808
0, 251, 1570, 49, 49, 0.5167872309684753
0, 122, 1694, 52, 42, 0.511518120765686
0, 322, 712, 40, 37, 0.4874304533004761
0, 298, 1146, 42, 31, 0.4752543568611145
0, 72, 1681, 36, 38, 0.38544565439224243
0, 59, 734, 30, 39, 0.4325462877750397
0, 169, 1661, 34, 35, 0.3769771158695221
0, 398, 1017, 37, 37, 0.35753610730171204
1, 369, 832, 19, 21, 0.32900840044021606
0, 326, 785, 30, 24, 0.3423258364200592
0, 125, 1154, 41, 34, 0.4464380145072937
0, 324, 1198, 46, 36, 0.4468863010406494
0, 336, 205, 37, 26, 0.44836169481277466
0, 37, 1065, 31, 34, 0.30551525950431824
0, 245, 920, 45, 41, 0.34049078822135925
0, 230, 461, 38, 34, 0.3596529960632324
0, 17, 1431, 29, 35, 0.35993826389312744
0, 432, 1851, 33, 32, 0.30569660663604736
0, 399, 892, 52, 40, 0.3726958930492401
0, 241, 1143, 34, 45, 0.3709137737751007
0, 103, 357, 29, 36, 0.39182522892951965
0, 173, 1388, 29, 31, 0.4182960093021393
0, 20, 504, 30, 36, 0.44907909631729126
0, 306, 336, 36, 33, 0.357892245054245
0, 48, 1734, 35, 38, 0.31688961386680603
0, 48, 1734, 35, 38, 0.31688961386680603
0, 139, 1294, 32, 38, 0.42866599559783936
0, 46, 305, 51, 37, 0.3903343379497528
0, 87, 1292, 34, 37, 0.37577787041664124
0, 26, 985, 52, 34, 0.34145987033843994
0, 62, 819, 45, 40, 0.4783138930797577
0, 139, 1294, 32, 38, 0.42866599559783936
0, 139, 1294, 32, 38, 0.42866599559783936
0, 437, 1054, 36, 35, 0.41604331135749817
0, 437, 1054, 36, 35, 0.41604331135749817
0, 242, 234, 46, 62, 0.3391560912132263
0, 457, 745, 29, 30, 0.34413936734199524
0, 242, 234, 46, 62, 0.3391560912132263
0, 455, 569, 31, 28, 0.4219017028808594
0, 460, 860, 27, 32, 0.4872927963733673
