3, 127, 231, 59, 62, 0.8534672856330872
3, 324, 503, 46, 50, 0.7830774188041687
3, 294, 615, 56, 59, 0.7796884775161743
3, 53, 307, 51, 57, 0.760694146156311
3, 107, 459, 56, 59, 0.675370454788208
3, 76, 516, 48, 44, 0.6374270915985107
2, 336, 456, 38, 31, 0.6261228322982788
3, 71, 395, 49, 53, 0.6149563789367676
3, 213, 453, 46, 45, 0.6015794277191162
3, 337, 159, 49, 57, 0.5878390669822693
3, 124, 301, 59, 60, 0.5799633860588074
3, 136, 573, 69, 67, 0.5567713379859924
1, 195, 331, 24, 26, 0.5523716807365417
3, 261, 133, 76, 76, 0.5483200550079346
1, 225, 175, 22, 22, 0.483699232339859
1, 191, 277, 23, 22, 0.3643493056297302
1, 191, 277, 23, 22, 0.3643493056297302
1, 191, 277, 23, 22, 0.3643493056297302
3, 308, 116, 30, 35, 0.3492989242076874
2, 342, 283, 37, 37, 0.4047090411186218
3, 193, 91, 46, 36, 0.33892807364463806
3, 193, 91, 46, 36, 0.33892807364463806
1, 310, 185, 30, 29, 0.3089134693145752
2, 342, 283, 37, 37, 0.4047090411186218
3, 330, 242, 41, 42, 0.4444907307624817
3, 290, 481, 39, 39, 0.37400713562965393
3, 290, 481, 39, 39, 0.37400713562965393
1, 250, 327, 25, 25, 0.3411043882369995
3, 83, 345, 55, 49, 0.3641127347946167
3, 330, 242, 41, 42, 0.4444907307624817
1, 310, 185, 30, 29, 0.3089134693145752
1, 310, 185, 30, 29, 0.3089134693145752
2, 192, 240, 33, 31, 0.31819719076156616
3, 83, 345, 55, 49, 0.3641127347946167
1, 250, 327, 25, 25, 0.3411043882369995
2, 192, 240, 33, 31, 0.31819719076156616
2, 130, 352, 32, 38, 0.45256543159484863
3, 205, 570, 45, 42, 0.4042421281337738
3, 342, 413, 53, 47, 0.3135318160057068
3, 342, 413, 53, 47, 0.3135318160057068
3, 266, 650, 45, 40, 0.3769005537033081
