0, 77, 13, 28, 27, 0.8768509030342102
3, 257, 184, 86, 110, 0.8728209733963013
0, 8, 51, 17, 25, 0.8359944224357605
0, 29, 225, 25, 36, 0.8344144821166992
3, 175, 37, 46, 44, 0.8249287605285645
3, 243, 297, 69, 75, 0.8204132914543152
0, 160, 301, 38, 25, 0.7964719533920288
0, 47, 23, 33, 25, 0.7845442891120911
0, 93, 287, 32, 29, 0.7806506752967834
0, 104, 228, 27, 27, 0.7800223231315613
3, 173, 328, 51, 34, 0.7685397267341614
0, 10, 135, 21, 30, 0.7521079778671265
0, 155, 270, 32, 29, 0.7477632761001587
0, 52, 87, 34, 24, 0.7322186231613159
0, 162, 124, 26, 21, 0.7006415128707886
3, 198, 230, 62, 86, 0.6771449446678162
0, 11, 112, 22, 19, 0.6722860336303711
0, 147, 212, 19, 18, 0.6496943831443787
0, 5, 89, 11, 20, 0.6381871104240417
0, 207, 282, 14, 19, 0.6328762769699097
0, 6, 216, 13, 27, 0.6323432922363281
0, 54, 57, 28, 34, 0.5751880407333374
0, 37, 4, 21, 9, 0.5700898170471191
0, 302, 226, 25, 27, 0.5306786298751831
0, 338, 165, 19, 29, 0.5116398334503174
3, 335, 171, 24, 45, 0.4923015534877777
3, 338, 115, 19, 35, 0.4825247526168823
0, 26, 8, 17, 15, 0.4397164583206177
0, 49, 172, 21, 20, 0.32395055890083313
0, 100, 9, 21, 19, 0.4088350236415863
0, 213, 22, 22, 24, 0.33013203740119934
0, 213, 22, 22, 24, 0.33013203740119934
3, 338, 115, 19, 35, 0.4825247526168823
0, 56, 285, 27, 25, 0.3358607292175293
3, 225, 62, 58, 59, 0.4074346423149109
3, 138, 78, 67, 58, 0.4671611785888672
0, 98, 181, 22, 25, 0.35991567373275757
0, 98, 181, 22, 25, 0.35991567373275757
3, 105, 183, 48, 55, 0.3483310341835022
3, 225, 62, 58, 59, 0.4074346423149109
0, 98, 181, 22, 25, 0.35991567373275757
3, 102, 124, 59, 70, 0.49829190969467163
0, 98, 181, 22, 25, 0.35991567373275757
3, 102, 124, 59, 70, 0.49829190969467163
3, 306, 226, 50, 50, 0.44380730390548706
3, 18, 132, 37, 65, 0.4630865454673767
3, 18, 132, 37, 65, 0.4630865454673767
3, 179, 129, 103, 91, 0.4086925685405731
3, 201, 18, 61, 36, 0.357683390378952
3, 201, 18, 61, 36, 0.357683390378952
3, 138, 78, 67, 58, 0.4671611785888672
3, 296, 27, 52, 55, 0.33049502968788147
3, 296, 27, 52, 55, 0.33049502968788147
