0, 511, 886, 16, 17, 0.9984269142150879
0, 714, 425, 16, 14, 0.9966526627540588
0, 689, 203, 20, 20, 0.9958449006080627
0, 342, 702, 18, 19, 0.9951367974281311
0, 764, 109, 23, 16, 0.9944962859153748
0, 761, 446, 17, 15, 0.9940913319587708
0, 818, 372, 17, 15, 0.9940134882926941
0, 674, 222, 17, 19, 0.9932286739349365
0, 216, 682, 19, 19, 0.9930283427238464
0, 276, 577, 14, 15, 0.9927099943161011
0, 840, 266, 21, 22, 0.9926391839981079
0, 326, 224, 17, 15, 0.9924235343933105
0, 835, 377, 17, 16, 0.9917771816253662
0, 659, 661, 20, 18, 0.9916296601295471
0, 826, 419, 18, 14, 0.991523027420044
0, 598, 562, 16, 14, 0.9913526177406311
0, 208, 666, 17, 19, 0.990610659122467
0, 442, 607, 19, 19, 0.9905017614364624
0, 454, 196, 18, 15, 0.9903976917266846
0, 686, 365, 15, 18, 0.9903498888015747
0, 153, 659, 19, 13, 0.990116536617279
0, 542, 900, 17, 18, 0.9898599982261658
0, 987, 776, 15, 15, 0.9896542429924011
0, 890, 721, 21, 15, 0.9891267418861389
0, 429, 145, 21, 22, 0.988732099533081
0, 530, 878, 16, 17, 0.9882161021232605
0, 723, 853, 15, 18, 0.966440737247467
0, 532, 474, 13, 15, 0.978268027305603
0, 382, 40, 16, 17, 0.9701078534126282
0, 440, 831, 18, 15, 0.9551376104354858
0, 944, 823, 16, 17, 0.966776430606842
0, 262, 642, 17, 15, 0.9738255143165588
0, 549, 752, 15, 18, 0.9803988337516785
0, 543, 487, 16, 14, 0.9624946713447571
0, 335, 643, 15, 24, 0.9857185482978821
0, 234, 658, 18, 14, 0.9707517027854919
0, 181, 619, 16, 14, 0.9419955990828865
0, 342, 799, 16, 13, 0.9361549545577827
0, 138, 708, 15, 12, 0.9326021882942515
0, 518, 622, 17, 15, 0.9330154364504928
0, 294, 925, 14, 13, 0.9744128584861755
0, 157, 684, 16, 16, 0.9167822995423884
0, 411, 767, 14, 16, 0.9307240397789456
0, 763, 210, 21, 18, 0.9391709647595661
0, 371, 311, 14, 13, 0.8853976374178344
0, 157, 684, 16, 16, 0.9167822995423884
0, 344, 26, 14, 15, 0.9140363019613074
0, 357, 15, 14, 17, 0.9254848124639112
0, 271, 124, 16, 14, 0.9114983754968717
0, 657, 613, 15, 15, 0.9385724145937915
0, 408, 187, 15, 16, 0.911999164463998
0, 174, 776, 17, 16, 0.9038427490331018
0, 901, 658, 16, 13, 0.9429715123006995
0, 789, 362, 17, 15, 0.956796400667216
0, 345, 131, 18, 18, 0.9265048403787992
0, 418, 799, 14, 14, 0.921978918156001
0, 754, 72, 17, 13, 0.929888175074479
0, 927, 373, 17, 20, 0.9365905305179667
0, 759, 35, 18, 15, 0.9190945283103913
0, 271, 124, 16, 14, 0.9114983754968717
0, 684, 312, 17, 17, 0.9320904908843141
0, 704, 663, 17, 15, 0.9182784630636268
0, 768, 88, 16, 13, 0.9540598767562286
0, 157, 684, 16, 16, 0.9167822995423884
0, 243, 196, 15, 14, 0.9269059363758795
0, 411, 842, 18, 14, 0.9302928885654216
0, 895, 177, 18, 17, 0.9338950260567234
0, 180, 297, 15, 17, 0.928224614397601
0, 265, 86, 16, 13, 0.918217617994134
0, 369, 858, 16, 19, 0.9229594022030134
0, 734, 84, 17, 15, 0.9184393494906425
0, 241, 181, 17, 17, 0.9480838748744187
0, 349, 818, 16, 15, 0.9387931416402407
0, 389, 162, 18, 12, 0.9159395501662941
0, 196, 464, 16, 14, 0.9360184210445103
0, 373, 24, 15, 13, 0.9251571183731376
0, 752, 342, 17, 17, 0.9305607638715807
0, 734, 84, 17, 15, 0.9184393494906425
0, 778, 525, 12, 13, 0.9260115157471864
0, 768, 429, 15, 17, 0.9318768947542502
0, 379, 774, 17, 14, 0.9361790650107035
0, 871, 544, 16, 15, 0.8928508672618884
0, 508, 673, 14, 13, 0.9059692659924421
0, 320, 23, 14, 13, 0.9108865344763523
0, 624, 574, 17, 14, 0.9454668551562376
0, 947, 851, 16, 21, 0.9403612870246905
0, 710, 110, 17, 16, 0.9353911714166203
0, 896, 563, 17, 16, 0.9243388353034423
0, 782, 438, 17, 14, 0.9200111279531954
0, 16, 678, 13, 18, 0.9132712212704609
0, 174, 776, 17, 16, 0.9038427490331018
0, 271, 197, 18, 14, 0.9187543037617134
0, 357, 35, 15, 21, 0.9128277085032432
0, 356, 877, 16, 18, 0.9102134295406091
0, 714, 107, 22, 18, 0.9100795472940721
0, 371, 311, 14, 13, 0.8853976374178344
0, 561, 776, 14, 15, 0.9383960860431542
0, 88, 654, 17, 17, 0.8889249570475577
0, 871, 544, 16, 15, 0.8928508672618884
0, 68, 713, 15, 14, 0.9122163738319973
0, 757, 469, 16, 19, 0.9295277195698353
0, 508, 673, 14, 13, 0.9059692659924421
0, 834, 403, 19, 16, 0.9170201025013738
0, 657, 223, 15, 14, 0.891978921726089
0, 377, 86, 20, 13, 0.9124521346031956
0, 931, 641, 15, 20, 0.9384883885388737
0, 447, 177, 12, 16, 0.9332665677036323
0, 499, 266, 15, 16, 0.883007253764994
0, 519, 866, 14, 18, 0.9429674234376461
0, 472, 191, 17, 18, 0.912112795301023
0, 231, 183, 21, 17, 0.9151903510046764
0, 231, 183, 21, 17, 0.9151903510046764
0, 436, 122, 13, 16, 0.9108013773025637
0, 922, 354, 16, 16, 0.9377869802167478
0, 444, 75, 14, 13, 0.8873590035757566
0, 398, 14, 14, 14, 0.9069348049652539
0, 327, 736, 14, 13, 0.9383478323140491
0, 371, 311, 14, 13, 0.8853976374178344
0, 665, 253, 20, 17, 0.9352132238470479
0, 269, 626, 13, 15, 0.9218214283080779
0, 209, 754, 18, 14, 0.914008234861996
0, 918, 172, 16, 14, 0.9270167305577516
0, 569, 352, 16, 18, 0.9360934967856939
0, 340, 734, 12, 16, 0.9175646316289723
0, 809, 259, 16, 15, 0.9014163912872248
0, 406, 701, 17, 16, 0.9126098993414082
0, 88, 654, 17, 17, 0.8889249570475577
0, 170, 662, 16, 15, 0.9442905851711871
0, 17, 730, 19, 21, 0.9394739637299587
0, 545, 116, 20, 20, 0.9451592229906447
0, 535, 313, 16, 16, 0.9179318721254968
0, 282, 636, 14, 12, 0.9115101813069375
0, 595, 449, 16, 16, 0.9177361637369683
0, 508, 673, 14, 13, 0.9059692659924421
0, 30, 679, 13, 18, 0.914822919778744
0, 802, 534, 19, 15, 0.9183312864966556
0, 795, 422, 16, 18, 0.9298529017336259
0, 95, 722, 15, 19, 0.8921505169366744
0, 759, 214, 17, 15, 0.9297735209745581
0, 454, 93, 16, 14, 0.9014790971327602
0, 444, 75, 14, 13, 0.8873590035757566
0, 344, 681, 18, 15, 0.9132835576285318
0, 607, 104, 15, 14, 0.9198553865851502
0, 342, 353, 22, 20, 0.9237491690609756
0, 409, 72, 17, 15, 0.8896072836632467
0, 454, 93, 16, 14, 0.9014790971327602
0, 304, 842, 17, 16, 0.911627455938613
0, 684, 185, 15, 14, 0.9218053398557562
0, 223, 926, 17, 16, 0.9276625344889645
0, 189, 761, 18, 15, 0.9428658287654943
0, 394, 597, 15, 15, 0.9274844832138139
0, 499, 266, 15, 16, 0.883007253764994
0, 419, 724, 18, 14, 0.9435584212289567
0, 331, 693, 15, 14, 0.9324895058021541
0, 650, 244, 15, 13, 0.9156946819012433
0, 604, 647, 18, 18, 0.9230404216508401
0, 768, 429, 15, 17, 0.9318768947542502
0, 471, 664, 18, 15, 0.9092544411528368
0, 431, 742, 15, 17, 0.9439001459819245
0, 409, 72, 17, 15, 0.8896072836632467
0, 698, 472, 20, 17, 0.9364013793851373
0, 772, 541, 16, 16, 0.9231539201646604
0, 780, 96, 20, 17, 0.9380147707237978
0, 304, 501, 20, 20, 0.9373116038412961
0, 406, 701, 17, 16, 0.9126098993414082
0, 291, 586, 17, 13, 0.9103507370368406
0, 563, 824, 15, 12, 0.9233772619458043
0, 774, 367, 14, 16, 0.9185959757621569
0, 558, 321, 13, 14, 0.8760929346204394
0, 304, 842, 17, 16, 0.911627455938613
0, 641, 637, 20, 14, 0.9099946102567456
0, 355, 716, 17, 18, 0.9288979681235678
0, 95, 722, 15, 19, 0.8921505169366744
0, 528, 906, 13, 15, 0.9110868142294481
0, 755, 202, 14, 12, 0.9157426232873722
0, 607, 202, 20, 24, 0.9067389819157565
0, 329, 431, 22, 17, 0.8674720784193715
0, 329, 431, 22, 17, 0.8674720784193715
0, 556, 86, 19, 15, 0.902875722627991
0, 244, 921, 14, 17, 0.9283441706658906
0, 728, 433, 14, 13, 0.9133994003999995
0, 211, 470, 18, 16, 0.8958298036946715
0, 469, 538, 16, 16, 0.912964743149262
0, 534, 79, 19, 21, 0.9204062081786306
0, 730, 284, 21, 16, 0.9301973609334382
0, 349, 425, 13, 15, 0.9127733962954865
0, 707, 260, 14, 18, 0.9146657876524389
0, 607, 202, 20, 24, 0.9067389819157565
0, 319, 728, 10, 18, 0.9176273513043534
0, 366, 636, 17, 13, 0.9083037064818555
0, 558, 321, 13, 14, 0.8760929346204394
0, 732, 266, 15, 16, 0.903577924473264
0, 362, 620, 17, 15, 0.9339362104095753
0, 230, 810, 17, 16, 0.903480017187072
0, 316, 859, 16, 17, 0.921417678150924
0, 595, 185, 15, 10, 0.9018079663178515
0, 536, 37, 14, 14, 0.8898023122072412
0, 410, 578, 17, 18, 0.8832296505074386
0, 668, 201, 19, 15, 0.9261111524747658
0, 657, 223, 15, 14, 0.891978921726089
0, 714, 707, 19, 17, 0.9253802369857655
0, 170, 642, 16, 19, 0.9079240106623923
0, 291, 796, 20, 16, 0.9132556676478091
0, 683, 390, 17, 16, 0.8960181425821494
0, 529, 103, 22, 20, 0.8654888557163043
0, 346, 561, 14, 13, 0.9001765103548396
0, 674, 230, 18, 17, 0.9143634628286901
0, 611, 88, 14, 14, 0.8802132733182856
0, 233, 901, 16, 18, 0.9233061085234342
0, 683, 408, 15, 16, 0.856920775447993
0, 570, 158, 14, 18, 0.9036888936480321
0, 301, 685, 18, 15, 0.9160777603825134
0, 410, 578, 17, 18, 0.8832296505074386
0, 433, 592, 17, 18, 0.9229619535357074
0, 764, 352, 14, 15, 0.9018559451324102
0, 582, 173, 13, 13, 0.8861630373574216
0, 683, 408, 15, 16, 0.856920775447993
0, 611, 88, 14, 14, 0.8802132733182856
0, 361, 604, 19, 14, 0.8963782169111923
0, 529, 103, 22, 20, 0.8654888557163043
0, 574, 208, 22, 14, 0.8877557882367254
0, 668, 375, 16, 15, 0.8996120004495392
