0, 673, 587, 17, 14, 0.9989615678787231
0, 775, 848, 16, 16, 0.9988609552383423
0, 209, 412, 19, 15, 0.9985936284065247
0, 472, 652, 19, 17, 0.9975651502609253
0, 574, 47, 25, 23, 0.9975138902664185
0, 592, 547, 18, 16, 0.997501790523529
0, 216, 473, 19, 15, 0.9971745014190674
0, 750, 60, 17, 16, 0.9970114231109619
0, 221, 429, 18, 19, 0.9968072175979614
0, 400, 680, 17, 20, 0.9967801570892334
0, 209, 707, 18, 16, 0.9965928196907043
0, 562, 500, 16, 15, 0.9964996576309204
0, 352, 433, 17, 17, 0.9964497089385986
0, 793, 840, 16, 18, 0.9964409470558167
0, 377, 254, 18, 18, 0.9963755011558533
0, 312, 710, 16, 15, 0.9957683086395264
0, 463, 74, 22, 18, 0.9957587122917175
0, 175, 450, 14, 14, 0.9957250356674194
0, 639, 49, 22, 16, 0.9956549406051636
0, 400, 156, 17, 17, 0.9956542253494263
0, 182, 171, 15, 18, 0.9956270456314087
0, 575, 658, 17, 16, 0.9954245686531067
0, 193, 409, 15, 16, 0.9953951239585876
0, 852, 913, 16, 16, 0.9953627586364746
0, 801, 298, 15, 14, 0.9953481554985046
0, 536, 413, 15, 14, 0.9953212141990662
0, 681, 59, 14, 15, 0.9951403141021729
0, 463, 634, 22, 17, 0.9951226115226746
0, 369, 589, 16, 16, 0.9950996041297913
0, 549, 318, 17, 20, 0.9950961470603943
0, 587, 463, 14, 15, 0.9949829578399658
0, 249, 499, 15, 14, 0.9949727058410645
0, 436, 618, 17, 22, 0.9949510097503662
0, 596, 62, 18, 16, 0.9948934316635132
0, 788, 834, 17, 22, 0.9948258996009827
0, 173, 704, 15, 19, 0.9946966171264648
0, 786, 826, 15, 14, 0.9946637153625488
0, 654, 284, 17, 17, 0.9945677518844604
0, 372, 608, 19, 19, 0.9944942593574524
0, 602, 525, 16, 15, 0.9944815635681152
0, 249, 689, 16, 18, 0.9943907856941223
0, 509, 333, 18, 19, 0.9942149519920349
0, 554, 361, 16, 13, 0.9942049384117126
0, 455, 605, 17, 21, 0.9941476583480835
0, 238, 484, 22, 15, 0.9941056966781616
0, 421, 630, 18, 21, 0.9940502047538757
0, 82, 733, 18, 18, 0.9938574433326721
0, 576, 550, 15, 14, 0.993808925151825
0, 913, 131, 19, 15, 0.9936158657073975
0, 541, 461, 19, 17, 0.993535041809082
0, 398, 715, 14, 19, 0.9935065507888794
0, 422, 592, 20, 19, 0.9933961033821106
0, 366, 488, 18, 15, 0.9933803081512451
0, 484, 522, 18, 18, 0.9932762384414673
0, 771, 825, 18, 14, 0.9932574033737183
0, 334, 686, 17, 14, 0.993243396282196
0, 386, 210, 18, 17, 0.9932328462600708
0, 500, 284, 15, 13, 0.9931609630584717
0, 457, 52, 13, 17, 0.9931105375289917
0, 77, 474, 19, 19, 0.9929867386817932
0, 192, 465, 16, 17, 0.9928372502326965
0, 670, 37, 15, 14, 0.9927905797958374
0, 427, 599, 18, 14, 0.9927843809127808
0, 210, 105, 18, 23, 0.9927829504013062
0, 636, 514, 15, 17, 0.9927046895027161
0, 352, 376, 20, 22, 0.992417573928833
0, 983, 708, 18, 20, 0.9924008846282959
0, 557, 340, 16, 18, 0.9923535585403442
0, 474, 525, 15, 14, 0.9923292994499207
0, 922, 800, 17, 16, 0.9922524094581604
0, 848, 235, 16, 16, 0.9921872615814209
0, 252, 638, 15, 14, 0.9921242594718933
0, 106, 475, 15, 14, 0.9920360445976257
0, 200, 395, 15, 16, 0.9919929504394531
0, 547, 268, 18, 20, 0.9919014573097229
0, 486, 589, 16, 16, 0.9918830394744873
0, 113, 431, 15, 16, 0.991868257522583
0, 143, 356, 21, 24, 0.9918183088302612
0, 517, 278, 18, 20, 0.9917570948600769
0, 411, 611, 19, 19, 0.9916476011276245
0, 323, 452, 15, 19, 0.9915224313735962
0, 178, 353, 18, 17, 0.9915156364440918
0, 209, 455, 17, 19, 0.9915127158164978
0, 251, 394, 16, 16, 0.9914460182189941
0, 420, 673, 15, 16, 0.99143385887146
0, 389, 780, 18, 16, 0.9914060831069946
0, 535, 374, 17, 14, 0.9913430213928223
0, 786, 884, 14, 16, 0.9912554025650024
0, 749, 25, 15, 15, 0.991195559501648
0, 409, 97, 18, 17, 0.9911931157112122
0, 471, 600, 18, 15, 0.9911265969276428
0, 527, 284, 15, 15, 0.9909492135047913
0, 415, 580, 20, 14, 0.9908430576324463
0, 872, 721, 16, 17, 0.9907729625701904
0, 716, 14, 16, 17, 0.990665078163147
0, 331, 707, 22, 22, 0.9906271696090698
0, 93, 434, 22, 19, 0.9904879927635193
0, 517, 623, 16, 14, 0.9904476404190063
0, 586, 509, 20, 16, 0.990314781665802
0, 242, 442, 22, 19, 0.9902336597442627
0, 648, 135, 14, 15, 0.9901703000068665
0, 837, 205, 16, 15, 0.9900730848312378
0, 641, 97, 17, 15, 0.9898147583007812
0, 591, 272, 21, 16, 0.9897778630256653
0, 437, 71, 20, 17, 0.9896926283836365
0, 185, 305, 15, 18, 0.9896726608276367
0, 669, 284, 16, 17, 0.9896463751792908
0, 75, 446, 16, 21, 0.9895820617675781
0, 101, 416, 18, 18, 0.9895278811454773
0, 66, 745, 19, 17, 0.9894641637802124
0, 636, 639, 14, 16, 0.9894039630889893
0, 386, 274, 15, 14, 0.9893542528152466
0, 203, 310, 19, 14, 0.9892613887786865
0, 578, 370, 15, 15, 0.9892346858978271
0, 224, 453, 14, 18, 0.9892233610153198
0, 613, 65, 15, 17, 0.9890672564506531
0, 591, 250, 17, 14, 0.9887964725494385
0, 503, 262, 16, 15, 0.9887951612472534
0, 828, 190, 19, 18, 0.9887561202049255
0, 629, 76, 15, 14, 0.9887039065361023
0, 308, 450, 17, 18, 0.9886347055435181
0, 621, 513, 17, 14, 0.9886065125465393
0, 217, 322, 21, 17, 0.9884729981422424
0, 259, 513, 18, 15, 0.9884604215621948
0, 371, 425, 17, 14, 0.9883663058280945
0, 179, 482, 17, 14, 0.9882912039756775
0, 405, 283, 18, 18, 0.9882148504257202
0, 315, 395, 14, 16, 0.9788550734519958
0, 800, 870, 18, 17, 0.9820156097412109
0, 844, 180, 15, 19, 0.9877964854240417
0, 234, 398, 17, 14, 0.9861767888069153
0, 219, 388, 16, 17, 0.9857361912727356
0, 321, 475, 17, 15, 0.9800446629524231
0, 72, 708, 17, 15, 0.9879525303840637
0, 169, 792, 16, 17, 0.9803874492645264
0, 198, 427, 16, 17, 0.9829661846160889
0, 367, 365, 14, 18, 0.9861456751823425
0, 757, 837, 15, 13, 0.980230987071991
0, 635, 558, 16, 17, 0.9799413681030273
0, 54, 726, 19, 17, 0.9868758916854858
0, 586, 238, 16, 15, 0.9812303781509399
0, 251, 735, 17, 20, 0.9874186515808105
0, 350, 598, 17, 17, 0.9602920176829302
0, 723, 431, 16, 15, 0.9556878549068744
0, 496, 526, 18, 14, 0.9524318072101683
0, 206, 338, 14, 14, 0.9589340240082648
0, 234, 86, 16, 14, 0.9451288471174186
0, 215, 79, 18, 16, 0.9371156189623717
0, 351, 199, 15, 14, 0.943038645967387
0, 521, 368, 16, 16, 0.9359356960117041
0, 356, 397, 16, 16, 0.9347544415974254
0, 392, 345, 17, 14, 0.937241863330365
0, 478, 298, 16, 14, 0.9365798237394966
0, 260, 44, 16, 17, 0.9400367767598781
0, 173, 193, 16, 16, 0.9510717703518539
0, 193, 267, 16, 21, 0.9414106999705557
0, 861, 796, 14, 17, 0.9862632751464844
0, 978, 784, 17, 15, 0.9812890291213989
0, 772, 12, 18, 17, 0.9837089776992798
0, 246, 77, 18, 18, 0.9339263814038873
0, 388, 171, 14, 15, 0.9298978501744497
0, 250, 61, 18, 14, 0.931679791078089
0, 207, 357, 13, 19, 0.9283824267514611
0, 808, 227, 17, 16, 0.9297609022243384
0, 417, 165, 18, 17, 0.9318461952573455
0, 156, 711, 17, 13, 0.9310763630228145
0, 158, 337, 14, 14, 0.9271641748396171
0, 594, 600, 14, 14, 0.9171331321201267
0, 612, 573, 17, 14, 0.9151659550752105
0, 173, 337, 19, 14, 0.9555084586249314
0, 835, 876, 15, 16, 0.9322477492123726
0, 396, 698, 18, 13, 0.9284729073703561
0, 682, 42, 15, 16, 0.9352230880214671
0, 788, 816, 15, 15, 0.9511365131800702
0, 594, 600, 14, 14, 0.9171331321201267
0, 816, 289, 18, 18, 0.9236372305170234
0, 837, 857, 17, 15, 0.9517297327437785
0, 196, 134, 19, 17, 0.9309502630713586
0, 980, 835, 15, 16, 0.9492875098866936
0, 239, 198, 17, 14, 0.9193434932732956
0, 97, 768, 18, 16, 0.9380718126854963
0, 198, 487, 15, 15, 0.9510455244907109
0, 111, 739, 14, 16, 0.9320617054877836
0, 364, 741, 16, 19, 0.9486862153009714
0, 967, 770, 13, 16, 0.9422886871063108
0, 183, 774, 16, 14, 0.9226911924568499
0, 204, 524, 17, 14, 0.8935568016787263
0, 515, 336, 18, 19, 0.906291774044168
0, 578, 314, 19, 16, 0.9310838653758176
0, 835, 876, 15, 16, 0.9322477492123726
0, 195, 155, 17, 23, 0.9261636986306577
0, 208, 254, 18, 21, 0.9284348499470189
0, 111, 739, 14, 16, 0.9320617054877836
0, 204, 524, 17, 14, 0.8935568016787263
0, 193, 81, 24, 21, 0.9008171886735175
0, 193, 81, 24, 21, 0.9008171886735175
0, 882, 171, 16, 17, 0.9518613466151461
0, 489, 698, 21, 14, 0.9377554433445997
0, 970, 740, 17, 18, 0.9400020676976288
0, 392, 329, 17, 18, 0.9273768196447345
0, 533, 237, 16, 13, 0.9332773945113666
0, 143, 382, 22, 18, 0.9489713967062066
0, 489, 606, 18, 17, 0.9450973222830262
0, 405, 131, 16, 17, 0.8953856627176403
0, 72, 59, 18, 15, 0.9179347611407827
0, 119, 402, 18, 17, 0.9423473129537051
0, 405, 131, 16, 17, 0.8953856627176403
0, 383, 150, 16, 16, 0.9497928559756708
0, 406, 201, 15, 14, 0.9037159406426403
0, 581, 568, 15, 17, 0.9285219002798404
0, 475, 374, 16, 13, 0.9437931085784276
0, 453, 359, 18, 19, 0.921400835268518
0, 602, 287, 14, 13, 0.9470379383374803
0, 484, 668, 17, 13, 0.9454251101954728
0, 673, 489, 20, 23, 0.9334123237851695
0, 379, 128, 22, 17, 0.8880406953601612
0, 515, 336, 18, 19, 0.906291774044168
0, 441, 336, 20, 17, 0.9488173193688907
0, 566, 354, 15, 19, 0.9037182034465775
0, 292, 698, 18, 15, 0.930321424841936
0, 379, 128, 22, 17, 0.8880406953601612
0, 525, 600, 18, 13, 0.9093914634293592
0, 988, 533, 17, 18, 0.9792301058769226
0, 143, 415, 15, 17, 0.9353492213279335
0, 625, 634, 19, 17, 0.9131365521025928
0, 657, 264, 18, 17, 0.8926455149140349
0, 157, 429, 18, 20, 0.9335875511354919
0, 676, 147, 16, 15, 0.9110290532531495
0, 45, 124, 18, 15, 0.948420629474736
0, 821, 257, 18, 20, 0.9345021858208489
0, 347, 488, 17, 16, 0.9316753199731258
0, 407, 263, 15, 14, 0.9110059581594312
0, 308, 689, 17, 19, 0.943528925552656
0, 533, 353, 18, 20, 0.9289823758245189
0, 612, 573, 17, 14, 0.9151659550752105
0, 379, 128, 22, 17, 0.8880406953601612
0, 53, 156, 19, 15, 0.9428491608519969
0, 406, 201, 15, 14, 0.9037159406426403
0, 120, 488, 16, 15, 0.8800788999938809
0, 263, 717, 14, 20, 0.9132901010173835
0, 105, 498, 17, 15, 0.8948587275834624
0, 434, 656, 17, 20, 0.9145005388076095
0, 608, 543, 16, 16, 0.9256828290310056
0, 566, 354, 15, 19, 0.9037182034465775
0, 973, 816, 20, 18, 0.9367952174661693
0, 429, 152, 12, 16, 0.9051610653863881
0, 581, 608, 16, 18, 0.8938558498607383
0, 680, 465, 19, 19, 0.9436786151722509
0, 105, 498, 17, 15, 0.8948587275834624
0, 429, 152, 12, 16, 0.9051610653863881
0, 429, 554, 17, 19, 0.9442865443037134
0, 437, 511, 20, 23, 0.9440441587782517
0, 379, 327, 15, 19, 0.8849338256045736
0, 676, 147, 16, 15, 0.9110290532531495
0, 633, 72, 19, 22, 0.937335444834883
0, 98, 814, 15, 15, 0.9465805658334714
0, 447, 143, 14, 16, 0.9177112182633105
0, 379, 327, 15, 19, 0.8849338256045736
0, 438, 260, 15, 14, 0.8901229103598367
0, 581, 608, 16, 18, 0.8938558498607383
0, 205, 730, 15, 17, 0.9134612644731546
0, 232, 355, 17, 23, 0.9304301229696246
0, 853, 890, 18, 18, 0.9429045741313876
0, 482, 341, 16, 22, 0.93667926625565
0, 263, 717, 14, 20, 0.9132901010173835
0, 676, 147, 16, 15, 0.9110290532531495
0, 284, 489, 18, 15, 0.9227786043358563
0, 194, 378, 13, 18, 0.9095537820121914
0, 495, 502, 16, 17, 0.9431315314615507
0, 190, 716, 19, 19, 0.9386682178090386
0, 581, 608, 16, 18, 0.8938558498607383
0, 99, 552, 16, 16, 0.9263823946146066
0, 233, 534, 17, 19, 0.9410681016737441
0, 695, 457, 17, 14, 0.9192223142480633
0, 395, 312, 16, 13, 0.9402539874338514
0, 109, 663, 18, 14, 0.9412647112431546
0, 158, 744, 18, 16, 0.904883765097095
0, 606, 391, 14, 18, 0.93590123140014
0, 598, 23, 16, 15, 0.9374128840745811
0, 438, 260, 15, 14, 0.8901229103598367
0, 152, 763, 18, 15, 0.9146376591457226
0, 496, 281, 19, 22, 0.9393737993896829
0, 634, 117, 20, 22, 0.9368605519728787
0, 550, 437, 14, 15, 0.933135038744514
0, 180, 152, 14, 18, 0.9380854406598101
0, 521, 153, 18, 19, 0.8682252040691167
0, 619, 398, 14, 14, 0.9106506274294455
0, 117, 812, 16, 14, 0.9397449086960913
0, 239, 381, 17, 19, 0.929697480295973
0, 440, 162, 15, 15, 0.9371480761470967
0, 529, 321, 18, 18, 0.9215840218120384
0, 356, 268, 22, 20, 0.9119508115530544
0, 194, 378, 13, 18, 0.9095537820121914
0, 521, 401, 16, 23, 0.8866363401439574
0, 487, 541, 15, 15, 0.9080805266715324
0, 18, 127, 15, 18, 0.9058503428299571
0, 668, 109, 17, 15, 0.9281961550141726
0, 158, 744, 18, 16, 0.904883765097095
0, 470, 544, 16, 17, 0.901416850950624
0, 521, 401, 16, 23, 0.8866363401439574
0, 120, 488, 16, 15, 0.8800788999938809
0, 533, 524, 17, 13, 0.9165886901291842
0, 515, 539, 24, 16, 0.9224081420651699
0, 487, 541, 15, 15, 0.9080805266715324
0, 419, 538, 17, 16, 0.9301755863325734
0, 114, 35, 21, 16, 0.8933707388211569
0, 205, 730, 15, 17, 0.9134612644731546
0, 430, 322, 19, 17, 0.8729059641185278
0, 657, 264, 18, 17, 0.8926455149140349
0, 640, 266, 16, 15, 0.9218118307529782
0, 114, 35, 21, 16, 0.8933707388211569
0, 18, 127, 15, 18, 0.9058503428299571
0, 597, 304, 18, 19, 0.914725153515054
0, 535, 616, 17, 17, 0.9124075650552708
0, 577, 491, 18, 20, 0.9115505435116658
0, 470, 544, 16, 17, 0.901416850950624
0, 520, 251, 15, 16, 0.9196882620890521
0, 320, 691, 16, 19, 0.9283100626401297
0, 625, 634, 19, 17, 0.9131365521025928
0, 430, 322, 19, 17, 0.8729059641185278
0, 543, 200, 16, 15, 0.9325518441713635
0, 266, 649, 18, 19, 0.9313749586560731
0, 290, 622, 17, 17, 0.9318331405349235
0, 521, 153, 18, 19, 0.8682252040691167
0, 631, 302, 18, 21, 0.9080886219592558
0, 525, 600, 18, 13, 0.9093914634293592
0, 231, 503, 17, 20, 0.9035560927837207
0, 562, 479, 15, 19, 0.9044256446765768
0, 340, 420, 21, 17, 0.9109023394369534
