0, 260, 227, 16, 19, 0.5251192828961317
0, 565, 39, 19, 20, 0.5533880343714146
0, 710, 9, 17, 18, 0.5126329651378924
0, 245, 195, 20, 17, 0.5256408904724117
0, 87, 316, 16, 18, 0.5790619419761134
0, 352, 40, 21, 19, 0.5242066589633725
0, 246, 303, 18, 18, 0.5205183478893096
0, 92, 292, 20, 19, 0.5277368890214762
0, 619, 165, 14, 16, 0.6031297801132138
0, 42, 416, 19, 22, 0.5218083961272664
0, 267, 332, 18, 20, 0.6181499834098219
0, 236, 329, 19, 24, 0.5422959827903646
0, 291, 212, 16, 17, 0.5904713587288739
0, 79, 342, 19, 15, 0.5144380639800223
0, 573, 121, 18, 19, 0.5786440567893596
0, 603, 39, 16, 17, 0.5303887858699379
0, 89, 239, 18, 19, 0.5136158180607202
0, 253, 319, 20, 16, 0.539085572722759
0, 598, 182, 17, 16, 0.5506943026126292
0, 648, 147, 16, 17, 0.6123684815048638
0, 226, 160, 17, 15, 0.5150146818934965
0, 573, 19, 16, 21, 0.5529625850189677
0, 922, 857, 16, 18, 0.5426724895869799
0, 5, 356, 11, 18, 0.563007070669969
0, 320, 230, 21, 17, 0.5651810120577283
0, 329, 244, 21, 17, 0.5043931939355568
0, 861, 876, 17, 13, 0.5586235343742676
0, 569, 156, 19, 17, 0.5527391767087138
0, 72, 308, 15, 19, 0.5125826475497669
0, 271, 355, 21, 20, 0.5185179938315223
0, 688, 24, 16, 17, 0.6066264492674294
0, 228, 270, 18, 17, 0.5070716917024731
0, 54, 370, 16, 16, 0.511954012185339
0, 687, 25, 16, 17, 0.5880915463036405
0, 560, 142, 17, 16, 0.5142951775995981
0, 548, 97, 22, 20, 0.5860822266854309
0, 955, 11, 16, 21, 0.5050540387719562
0, 561, 173, 22, 18, 0.5030846478473234
0, 299, 152, 19, 19, 0.5582773983054341
0, 238, 173, 18, 23, 0.5159899840872237
0, 890, 854, 12, 16, 0.5310379144975785
0, 839, 78, 17, 23, 0.6063720546707436
0, 312, 357, 18, 19, 0.5142455449071353
0, 598, 182, 16, 16, 0.5431645885886169
0, 621, 44, 20, 18, 0.5869412632372659
0, 338, 156, 18, 18, 0.5863520458657878
0, 648, 243, 19, 16, 0.5533092160950872
0, 940, 845, 17, 16, 0.5069919863713137
0, 580, 173, 16, 20, 0.52128406839473
0, 604, 10, 15, 19, 0.5267893690338077
0, 320, 135, 18, 20, 0.5528147045107802
0, 102, 254, 20, 23, 0.5134358164190644
0, 44, 315, 17, 16, 0.5927593541427256
0, 676, 160, 22, 15, 0.5340760877503281
0, 667, 65, 16, 17, 0.5394594744562213
0, 766, 53, 16, 19, 0.5753933496515882
0, 630, 143, 18, 16, 0.5714379582931856
0, 648, 243, 19, 15, 0.5310389755137934
0, 604, 85, 16, 18, 0.5111264537213509
0, 589, 126, 17, 22, 0.5475277221265238
0, 274, 126, 18, 19, 0.537610856959875
0, 593, 166, 16, 16, 0.5681793965417137
0, 545, 151, 17, 15, 0.5025393485846252
0, 876, 845, 14, 12, 0.5157103287705612
