0, 776, 133, 22, 23, 0.870770163962185
0, 59, 688, 22, 22, 0.8743164547987455
0, 627, 594, 25, 24, 0.8504077602196558
0, 80, 482, 30, 23, 0.8675835731935309
0, 558, 580, 28, 29, 0.877469318473715
0, 510, 533, 22, 29, 0.8762104378501161
0, 930, 69, 24, 20, 0.8540699397295387
0, 800, 189, 25, 21, 0.8331442573193671
0, 413, 128, 19, 23, 0.8640054468980585
0, 128, 554, 25, 25, 0.8549266990363296
0, 813, 227, 25, 23, 0.8511215670151459
0, 677, 567, 19, 21, 0.8728102608646423
0, 13, 647, 20, 22, 0.8698557160921354
0, 531, 552, 25, 24, 0.8614879801796077
0, 104, 453, 28, 24, 0.854061675623331
0, 501, 770, 22, 25, 0.8634968625555821
0, 103, 597, 23, 25, 0.8681844703652261
0, 196, 683, 24, 22, 0.8598609196714054
0, 302, 70, 20, 23, 0.8585784751399019
0, 234, 160, 19, 20, 0.8631519116708437
0, 76, 632, 28, 24, 0.8591724238218672
0, 853, 430, 19, 20, 0.87081917392289
0, 804, 438, 24, 22, 0.8859757093054997
0, 789, 220, 23, 20, 0.8700155729464472
0, 788, 356, 20, 19, 0.8436782429261949
0, 239, 841, 22, 22, 0.8747612196131438
0, 124, 329, 28, 27, 0.8564238444518278
0, 147, 518, 24, 28, 0.8470203113698823
0, 947, 258, 27, 23, 0.8543339873367883
0, 422, 744, 20, 23, 0.8591898824594943
0, 672, 671, 23, 20, 0.867662329820412
0, 137, 489, 24, 23, 0.8529677081754754
0, 513, 117, 28, 24, 0.8545019342522893
0, 628, 497, 23, 21, 0.8613883171019507
0, 603, 9, 24, 19, 0.8662952312610988
0, 420, 251, 21, 21, 0.8671973321955088
0, 737, 265, 22, 21, 0.8595320261497836
0, 109, 152, 18, 20, 0.8593786120970163
0, 931, 279, 20, 18, 0.8463860712311988
0, 34, 685, 18, 20, 0.8514554827381736
0, 312, 137, 21, 21, 0.8544007875495971
0, 928, 8, 19, 16, 0.8576952463544224
0, 842, 453, 23, 18, 0.8460583717445553
0, 566, 604, 21, 22, 0.866183806262652
0, 418, 194, 22, 20, 0.8597528742955157
0, 530, 575, 21, 18, 0.8367544798768412
0, 832, 731, 19, 17, 0.877775102673694
0, 919, 314, 20, 28, 0.8492822496425574
0, 129, 176, 19, 17, 0.8439819696229699
0, 460, 122, 23, 26, 0.8596696638556167
0, 440, 746, 19, 23, 0.8505455172770175
0, 151, 464, 20, 23, 0.8593119485695643
0, 595, 183, 22, 22, 0.8701669374547705
0, 429, 300, 21, 20, 0.8637335269223131
0, 481, 76, 17, 19, 0.8567825749359257
0, 168, 782, 35, 25, 0.8595196612499665
0, 828, 292, 22, 23, 0.8574180472465176
0, 208, 718, 29, 23, 0.8887920813718541
0, 9, 729, 18, 23, 0.8587129702901601
0, 229, 644, 23, 28, 0.849809788079279
0, 199, 660, 20, 22, 0.8596398142807551
0, 443, 342, 21, 24, 0.8720042173239467
0, 866, 805, 20, 24, 0.8537681518829547
0, 775, 400, 24, 24, 0.8539469495419494
0, 59, 717, 23, 22, 0.8583662137395218
0, 461, 122, 24, 24, 0.8525233883464897
0, 131, 629, 16, 17, 0.8521603334351641
0, 474, 430, 23, 18, 0.8480098168249035
0, 874, 203, 27, 22, 0.8300795165061882
0, 540, 654, 24, 21, 0.8470806778350298
0, 294, 725, 24, 20, 0.8385272687329876
0, 4, 772, 8, 19, 0.8980329396221889
0, 369, 24, 24, 23, 0.8609037257121666
0, 457, 28, 19, 22, 0.8504692126422649
0, 780, 371, 21, 20, 0.8553372741428055
0, 352, 233, 21, 22, 0.8671369716476945
0, 334, 79, 28, 26, 0.8513376798015132
0, 812, 719, 25, 30, 0.8500795019910498
0, 242, 672, 22, 20, 0.8495795797019651
0, 531, 168, 19, 20, 0.8611304720825919
0, 95, 568, 22, 25, 0.8586939593286543
