0, 776, 133, 22, 23, 0.48661160469055176
0, 59, 688, 22, 22, 0.4733358919620514
0, 627, 594, 25, 24, 0.44758927822113037
0, 80, 482, 30, 23, 0.43380075693130493
0, 558, 580, 28, 29, 0.42726194858551025
0, 510, 533, 22, 29, 0.38586875796318054
0, 930, 69, 24, 20, 0.37006470561027527
0, 800, 189, 25, 21, 0.368741512298584
0, 413, 128, 19, 23, 0.36272159218788147
0, 128, 554, 25, 25, 0.355735719203949
0, 813, 227, 25, 23, 0.3528226315975189
0, 677, 567, 19, 21, 0.34695252776145935
0, 13, 647, 20, 22, 0.3454262316226959
0, 531, 552, 25, 24, 0.3441583514213562
0, 104, 453, 28, 24, 0.33769363164901733
0, 501, 770, 22, 25, 0.3359535336494446
0, 103, 597, 23, 25, 0.3270585238933563
0, 196, 683, 24, 22, 0.3201903998851776
0, 302, 70, 20, 23, 0.31254956126213074
0, 234, 160, 19, 20, 0.31156131625175476
0, 76, 632, 28, 24, 0.3098464906215668
0, 853, 430, 19, 20, 0.30973300337791443
0, 804, 438, 24, 22, 0.30217593908309937
0, 789, 220, 23, 20, 0.298088401556015
0, 788, 356, 20, 19, 0.2867630422115326
0, 239, 841, 22, 22, 0.28628596663475037
0, 124, 329, 28, 27, 0.2842821478843689
0, 147, 518, 24, 28, 0.28323373198509216
0, 947, 258, 27, 23, 0.2829895317554474
0, 422, 744, 20, 23, 0.27671119570732117
0, 672, 671, 23, 20, 0.2766917645931244
0, 137, 489, 24, 23, 0.27665823698043823
0, 513, 117, 28, 24, 0.27634698152542114
0, 628, 497, 23, 21, 0.2762785851955414
0, 603, 9, 24, 19, 0.27512118220329285
0, 420, 251, 21, 21, 0.2665548026561737
0, 737, 265, 22, 21, 0.26590219140052795
0, 109, 152, 18, 20, 0.26483771204948425
0, 931, 279, 20, 18, 0.26392364501953125
0, 34, 685, 18, 20, 0.259591281414032
0, 312, 137, 21, 21, 0.2572283446788788
0, 928, 8, 19, 16, 0.25703877210617065
0, 842, 453, 23, 18, 0.25525975227355957
0, 566, 604, 21, 22, 0.25473105907440186
0, 418, 194, 22, 20, 0.2534978687763214
0, 530, 575, 21, 18, 0.2521953582763672
0, 832, 731, 19, 17, 0.24816307425498962
0, 919, 314, 20, 28, 0.24683763086795807
0, 129, 176, 19, 17, 0.2452079802751541
0, 460, 122, 23, 26, 0.24161338806152344
0, 440, 746, 19, 23, 0.23851421475410461
0, 151, 464, 20, 23, 0.23771807551383972
0, 595, 183, 22, 22, 0.23400595784187317
0, 429, 300, 21, 20, 0.2339577078819275
0, 481, 76, 17, 19, 0.23215831816196442
0, 168, 782, 35, 25, 0.23114444315433502
0, 828, 292, 22, 23, 0.2294027954339981
0, 208, 718, 29, 23, 0.22878657281398773
0, 9, 729, 18, 23, 0.2248801290988922
0, 229, 644, 23, 28, 0.2228802889585495
0, 461, 122, 24, 24, 0.22519705209108382
