0, 681, 925, 20, 18, 0.42780324816703796
0, 217, 915, 20, 18, 0.3954091966152191
0, 752, 828, 20, 18, 0.36673760414123535
0, 915, 476, 19, 18, 0.3257538974285126
0, 159, 914, 17, 18, 0.2919156551361084
0, 706, 935, 18, 19, 0.28795045614242554
0, 637, 969, 15, 20, 0.2826105058193207
0, 668, 983, 21, 19, 0.26112931966781616
0, 691, 694, 17, 19, 0.2559749186038971
0, 905, 523, 17, 18, 0.2497490793466568
0, 181, 981, 19, 18, 0.22633150219917297
0, 29, 684, 15, 16, 0.22394636273384094
0, 745, 959, 20, 15, 0.22235576808452606
0, 904, 523, 17, 19, 0.15793469152971973
