0, 59, 177, 21, 20, 0.6141390204429626
0, 20, 82, 24, 19, 0.39898768067359924
0, 382, 213, 23, 19, 0.3667595684528351
0, 117, 885, 19, 17, 0.3577028512954712
0, 23, 44, 16, 15, 0.3530343770980835
0, 267, 447, 16, 17, 0.33548682928085327
0, 441, 26, 17, 16, 0.31726980209350586
0, 77, 4, 19, 8, 0.2953453063964844
0, 392, 243, 18, 17, 0.2858322560787201
0, 144, 465, 18, 18, 0.27620425820350647
0, 22, 929, 19, 20, 0.27579665184020996
0, 339, 244, 15, 14, 0.27465081214904785
0, 489, 345, 18, 16, 0.2720002233982086
0, 576, 6, 13, 13, 0.27157068252563477
0, 76, 114, 17, 16, 0.2700333893299103
0, 15, 154, 16, 15, 0.26019543409347534
0, 508, 134, 20, 16, 0.2586345374584198
0, 601, 46, 13, 16, 0.25451263785362244
0, 204, 799, 19, 18, 0.2544346749782562
0, 107, 623, 20, 18, 0.25329136848449707
0, 371, 240, 17, 18, 0.25191909074783325
0, 240, 718, 18, 16, 0.2517409324645996
0, 25, 347, 19, 18, 0.24749572575092316
0, 628, 571, 19, 17, 0.24367015063762665
0, 207, 185, 18, 16, 0.24118474125862122
0, 967, 544, 18, 16, 0.2374013215303421
0, 908, 457, 19, 16, 0.23724909126758575
0, 948, 538, 20, 18, 0.23679225146770477
0, 640, 968, 18, 17, 0.23644113540649414
0, 393, 5, 20, 10, 0.23242828249931335
0, 94, 15, 17, 14, 0.22941580414772034
0, 11, 134, 16, 15, 0.22865881025791168
0, 223, 793, 19, 18, 0.2277030646800995
0, 834, 371, 16, 21, 0.22663262486457825
0, 128, 156, 16, 14, 0.22512277960777283
0, 158, 447, 16, 20, 0.22447621822357178
0, 914, 243, 14, 14, 0.22353874146938324
0, 139, 103, 19, 17, 0.22298546135425568
0, 266, 167, 16, 17, 0.2228853851556778
0, 65, 40, 16, 12, 0.22276754677295685
0, 476, 526, 22, 17, 0.22180058062076569
0, 197, 282, 16, 17, 0.22143729031085968
0, 278, 918, 21, 18, 0.2208012342453003
0, 245, 120, 16, 15, 0.22063378989696503
0, 993, 778, 13, 21, 0.22054293751716614
0, 11, 135, 16, 14, 0.20499411168162565
