2, 85, 92, 20, 25, 0.5563342571258545
2, 65, 86, 20, 24, 0.3524150848388672
2, 61, 53, 25, 25, 0.19664573669433594
2, 44, 41, 23, 19, 0.12192674726247787
2, 65, 86, 20, 25, 0.04692287743091583
2, 83, 66, 20, 19, 0.035967521369457245
2, 87, 93, 24, 28, 0.02723555825650692
3, 76, 88, 44, 41, 0.044970087707042694
3, 57, 116, 52, 22, 0.01976383663713932
3, 83, 68, 27, 25, 0.017908897250890732
3, 15, 61, 30, 44, 0.016579512506723404
3, 27, 75, 53, 54, 0.015668140724301338
3, 56, 115, 54, 24, 0.015300254337489605
