2, 602, 264, 26, 23, 0.43023255467414856
2, 602, 265, 25, 25, 0.41117703914642334
2, 315, 145, 26, 29, 0.23776473104953766
2, 315, 147, 28, 26, 0.21751034259796143
2, 488, 15, 29, 25, 0.18877063691616058
2, 488, 14, 26, 23, 0.17083096504211426
2, 613, 111, 26, 21, 0.15102240443229675
2, 33, 341, 22, 17, 0.09103132784366608
2, 487, 13, 28, 23, 0.07454423606395721
2, 33, 340, 19, 16, 0.04359479621052742
2, 601, 264, 25, 25, 0.03770004212856293
2, 316, 145, 27, 29, 0.02873006835579872
3, 118, 201, 233, 314, 0.09343517571687698
3, 82, 82, 164, 164, 0.0711277425289154
3, 612, 34, 75, 69, 0.033727485686540604
3, 614, 35, 73, 70, 0.018643084399089935
