0, 1275, 507, 47, 38, 0.9330201745033264
0, 697, 228, 40, 39, 0.9323727488517761
0, 1459, 162, 54, 54, 0.9271901249885559
0, 1097, 1369, 48, 44, 0.9200448989868164
0, 1285, 473, 48, 39, 0.9168345332145691
0, 184, 982, 43, 44, 0.9143730998039246
0, 714, 174, 46, 37, 0.9142621755599976
0, 1315, 586, 48, 45, 0.914039671421051
0, 818, 863, 44, 42, 0.9108049273490906
0, 555, 743, 54, 45, 0.9082581996917725
0, 378, 903, 66, 54, 0.9023489952087402
0, 79, 528, 47, 46, 0.9023479223251343
0, 26, 528, 39, 39, 0.9011524319648743
0, 453, 221, 46, 36, 0.8970024585723877
0, 1306, 815, 45, 44, 0.8969298601150513
0, 1179, 735, 38, 35, 0.8966853618621826
0, 378, 394, 44, 47, 0.8966139554977417
0, 1420, 201, 41, 44, 0.8955677151679993
0, 982, 816, 43, 40, 0.8954857587814331
0, 644, 846, 43, 49, 0.8945716619491577
0, 1312, 763, 37, 42, 0.8941463828086853
0, 260, 677, 42, 46, 0.8925079107284546
0, 1019, 741, 50, 45, 0.8905601501464844
0, 948, 843, 44, 40, 0.8887194991111755
0, 1077, 528, 48, 45, 0.8885480761528015
0, 425, 416, 43, 42, 0.8884994983673096
0, 131, 781, 37, 42, 0.8883427381515503
0, 871, 154, 51, 44, 0.8854037523269653
0, 302, 1193, 42, 35, 0.8848050832748413
0, 1186, 1407, 50, 44, 0.8829046487808228
0, 1457, 694, 37, 42, 0.8821746706962585
0, 884, 395, 48, 40, 0.8819268941879272
0, 195, 1361, 36, 40, 0.8814953565597534
0, 101, 622, 42, 34, 0.8812329769134521
0, 717, 85, 44, 45, 0.8806203603744507
0, 681, 751, 45, 48, 0.8804523348808289
0, 1015, 341, 48, 39, 0.8800852298736572
0, 1148, 1400, 41, 48, 0.8793643116950989
0, 792, 505, 43, 43, 0.878654420375824
0, 1296, 669, 35, 37, 0.8786172866821289
0, 741, 1144, 41, 37, 0.8771440386772156
0, 364, 265, 40, 34, 0.8748816251754761
0, 775, 815, 45, 49, 0.8744064569473267
0, 165, 789, 40, 38, 0.8743227124214172
0, 213, 1200, 42, 42, 0.8742234706878662
0, 751, 583, 40, 43, 0.8742089867591858
0, 1413, 567, 40, 44, 0.8740221858024597
0, 50, 461, 44, 41, 0.8726390600204468
0, 281, 1218, 34, 36, 0.8725703954696655
0, 28, 621, 49, 37, 0.8721246123313904
0, 389, 501, 40, 36, 0.8708692789077759
0, 112, 1204, 48, 47, 0.870793879032135
0, 722, 256, 38, 46, 0.8685521483421326
0, 620, 229, 35, 37, 0.8675499558448792
0, 818, 933, 36, 41, 0.8672807216644287
0, 1046, 663, 43, 46, 0.8671295642852783
0, 725, 903, 50, 49, 0.8665099143981934
0, 201, 21, 46, 41, 0.8657429814338684
0, 939, 1069, 41, 44, 0.8657090067863464
0, 1244, 591, 44, 34, 0.8654782176017761
0, 1130, 576, 45, 40, 0.8654478788375854
0, 1195, 779, 31, 39, 0.8628509640693665
0, 576, 178, 36, 40, 0.8627733588218689
0, 507, 741, 54, 55, 0.8626078963279724
0, 607, 835, 44, 50, 0.8620333075523376
0, 498, 393, 35, 38, 0.8616775274276733
0, 1115, 763, 37, 39, 0.8607663512229919
0, 1240, 1412, 38, 36, 0.8596839904785156
0, 905, 329, 34, 42, 0.8591247797012329
0, 600, 543, 33, 36, 0.8585329651832581
0, 434, 891, 34, 41, 0.8576936721801758
0, 866, 346, 38, 43, 0.8568856716156006
0, 215, 1032, 43, 45, 0.8558061718940735
0, 583, 667, 47, 43, 0.8554337024688721
0, 1119, 660, 37, 38, 0.8542808890342712
0, 981, 1316, 41, 43, 0.8540714979171753
0, 700, 675, 45, 38, 0.8537791967391968
0, 48, 572, 47, 43, 0.8536500334739685
0, 944, 170, 35, 42, 0.8504094481468201
0, 1414, 60, 59, 38, 0.8500096201896667
0, 328, 70, 34, 43, 0.8494287133216858
0, 1450, 333, 34, 33, 0.8493306636810303
0, 796, 406, 35, 39, 0.8467281460762024
0, 312, 330, 40, 33, 0.8452075719833374
0, 1188, 75, 54, 70, 0.8449146151542664
0, 1243, 817, 45, 51, 0.8443523645401001
0, 323, 931, 46, 51, 0.8432750105857849
0, 646, 406, 34, 41, 0.8431183099746704
0, 273, 1301, 46, 54, 0.842738687992096
0, 534, 177, 41, 38, 0.8409519195556641
0, 992, 1017, 37, 46, 0.8407297134399414
0, 99, 30, 43, 45, 0.8404068946838379
0, 418, 172, 40, 35, 0.8402867913246155
0, 57, 60, 46, 40, 0.839196503162384
0, 933, 1363, 44, 37, 0.8376149535179138
0, 1362, 885, 33, 44, 0.8369560837745667
0, 493, 231, 32, 48, 0.836950957775116
0, 1268, 1483, 38, 32, 0.8335832357406616
0, 1285, 719, 32, 33, 0.8332465291023254
0, 983, 194, 46, 43, 0.8332297205924988
0, 965, 542, 37, 44, 0.833197832107544
0, 667, 472, 44, 37, 0.8331354260444641
0, 582, 706, 39, 40, 0.8328133821487427
0, 566, 838, 42, 56, 0.8326420187950134
0, 98, 779, 31, 35, 0.8323046565055847
0, 281, 52, 34, 49, 0.8315752148628235
0, 276, 938, 49, 49, 0.8309321403503418
0, 21, 779, 40, 41, 0.8254843354225159
0, 472, 869, 39, 44, 0.8247959613800049
0, 37, 104, 41, 44, 0.8239557147026062
0, 867, 885, 41, 44, 0.8224656581878662
0, 1012, 570, 35, 41, 0.8222383260726929
0, 625, 349, 40, 33, 0.8207501173019409
0, 209, 948, 40, 38, 0.8197069764137268
0, 675, 377, 37, 36, 0.8187043070793152
0, 616, 788, 53, 42, 0.8171418309211731
0, 1117, 1314, 44, 31, 0.8155596852302551
0, 1025, 784, 46, 42, 0.8149012923240662
0, 1174, 521, 40, 47, 0.8144940733909607
0, 667, 213, 42, 44, 0.8079597353935242
0, 153, 307, 46, 60, 0.8069760203361511
0, 1191, 877, 43, 35, 0.805545449256897
0, 1136, 1082, 45, 31, 0.8022959232330322
0, 858, 1162, 41, 44, 0.7998643517494202
0, 1107, 855, 37, 38, 0.7996706962585449
0, 462, 574, 43, 41, 0.7994743585586548
0, 1449, 1344, 44, 33, 0.7988646626472473
0, 1242, 684, 28, 44, 0.7975627779960632
0, 400, 964, 44, 46, 0.796318531036377
0, 1406, 418, 41, 44, 0.795783519744873
0, 805, 212, 46, 41, 0.7931526899337769
0, 1388, 788, 33, 34, 0.7916671633720398
0, 835, 411, 33, 39, 0.7909386157989502
0, 290, 174, 44, 41, 0.7886019349098206
0, 1324, 891, 38, 49, 0.7842473983764648
0, 462, 124, 36, 27, 0.7823386192321777
0, 419, 339, 44, 46, 0.7806951403617859
0, 158, 550, 40, 47, 0.7779861688613892
0, 669, 991, 45, 42, 0.7718573212623596
0, 558, 634, 42, 40, 0.7715521454811096
0, 1381, 721, 39, 44, 0.767702043056488
0, 1357, 667, 42, 42, 0.7662169933319092
0, 1038, 289, 35, 37, 0.7661769390106201
0, 961, 682, 44, 33, 0.762245237827301
0, 1247, 909, 46, 42, 0.7601528763771057
0, 629, 286, 41, 37, 0.7592672109603882
0, 1048, 11, 34, 23, 0.7571457624435425
0, 897, 847, 44, 43, 0.7563365697860718
0, 954, 246, 51, 37, 0.7545433044433594
0, 1182, 629, 31, 40, 0.7493331432342529
0, 965, 609, 42, 43, 0.7480146884918213
0, 1408, 1035, 37, 38, 0.7434409260749817
0, 1474, 103, 46, 43, 0.7433812022209167
0, 177, 508, 41, 41, 0.7426614761352539
0, 929, 987, 37, 41, 0.7381685972213745
0, 306, 759, 57, 48, 0.7368099689483643
0, 1174, 572, 36, 47, 0.7349281907081604
0, 234, 611, 42, 49, 0.7334575653076172
0, 539, 352, 45, 33, 0.7331472635269165
0, 1390, 15, 40, 31, 0.7327296137809753
0, 943, 1153, 46, 41, 0.727489173412323
0, 680, 962, 46, 38, 0.7253110408782959
0, 877, 104, 44, 36, 0.7228817343711853
0, 474, 713, 41, 35, 0.7204962372779846
0, 1479, 67, 41, 43, 0.7169093489646912
0, 1040, 614, 44, 38, 0.7149955630302429
0, 753, 13, 41, 27, 0.7142437696456909
0, 412, 101, 52, 50, 0.7142294049263
0, 10, 370, 21, 49, 0.7098031044006348
0, 1217, 938, 39, 33, 0.7091512680053711
0, 1484, 1339, 30, 50, 0.7072851061820984
0, 163, 1179, 41, 51, 0.7054263353347778
0, 1136, 625, 46, 35, 0.7017287015914917
0, 148, 599, 42, 38, 0.6981020569801331
0, 786, 1064, 38, 38, 0.6978480219841003
0, 1220, 1023, 32, 43, 0.7433454253479944
0, 902, 251, 28, 40, 0.7023008802534745
0, 1217, 547, 40, 38, 0.703547599352532
0, 556, 562, 39, 44, 0.7307106035093722
0, 515, 829, 41, 38, 0.6654211100101562
0, 750, 517, 40, 38, 0.6259634737173556
0, 182, 223, 43, 39, 0.5841730948050674
0, 1259, 1003, 38, 38, 0.6221843411618189
0, 254, 333, 36, 36, 0.5217238527770828
