2, 35, 96, 24, 28, 0.8911277651786804
2, 50, 127, 24, 27, 0.8624085187911987
2, 75, 17, 24, 25, 0.6730152368545532
2, 103, 23, 20, 21, 0.5365374684333801
2, 58, 32, 24, 24, 0.49977967143058777
2, 92, 134, 32, 15, 0.43438613414764404
2, 90, 92, 24, 26, 0.2918987274169922
2, 26, 46, 25, 27, 0.2797073721885681
2, 90, 92, 25, 26, 0.2769198715686798
2, 26, 46, 26, 28, 0.19924035668373108
2, 36, 17, 26, 24, 0.15828365087509155
2, 50, 127, 24, 27, 0.03291048854589462
2, 93, 134, 31, 15, 0.22275116225426236
2, 58, 32, 24, 24, 0.25376663566567004
3, 13, 5, 26, 11, 0.20850661396980286
3, 7, 66, 14, 27, 0.0622730478644371
3, 38, 14, 32, 29, 0.03907487168908119
3, 48, 74, 27, 29, 0.016832945868372917
3, 58, 5, 24, 10, 0.012369131669402122
