0, 217.0, 914.0, 19.0, 18.0, 0.5708088874816895
0, 751.0, 828.0, 21.0, 17.0, 0.46453288197517395
0, 706.0, 935.0, 18.0, 19.0, 0.44336816668510437
0, 859.0, 490.0, 19.0, 16.0, 0.31718310713768005
0, 431.0, 225.0, 22.0, 20.0, 0.31374800205230713
0, 898.0, 300.0, 19.0, 20.0, 0.29475879669189453
0, 681.0, 924.0, 20.0, 18.0, 0.2929077446460724
0, 97.0, 580.0, 18.0, 15.0, 0.2905291020870209
0, 375.0, 415.0, 16.0, 17.0, 0.27526015043258667
0, 160.0, 914.0, 18.0, 18.0, 0.26005566120147705
0, 637.0, 970.0, 16.0, 19.0, 0.2576760947704315
0, 48.0, 436.0, 20.0, 16.0, 0.2461579442024231
0, 304.0, 148.0, 19.0, 16.0, 0.24507524073123932
0, 280.0, 158.0, 16.0, 20.0, 0.24179300665855408
0, 400.0, 322.0, 17.0, 19.0, 0.24095205962657928
0, 67.0, 472.0, 18.0, 15.0, 0.23470108211040497
0, 735.0, 858.0, 20.0, 16.0, 0.23319613933563232
0, 939.0, 4.0, 20.0, 9.0, 0.2318815141916275
0, 435.0, 159.0, 20.0, 17.0, 0.22386574745178223
0, 904.0, 523.0, 17.0, 17.0, 0.22224636375904083
0, 681.0, 954.0, 16.0, 18.0, 0.2205178588628769
0, 728.0, 901.0, 17.0, 14.0, 0.21488866209983826
0, 363.0, 681.0, 16.0, 13.0, 0.2127850502729416
0, 297.0, 223.0, 19.0, 19.0, 0.21174101531505585
0, 241.0, 489.0, 16.0, 19.0, 0.2026699334383011
0, 433.0, 323.0, 18.0, 16.0, 0.20179879665374756
0, 417.0, 313.0, 16.0, 15.0, 0.20145972073078156
