0, 726.0, 455.0, 19.0, 15.0, 0.5713278651237488
0, 398.0, 352.0, 17.0, 17.0, 0.5678070783615112
0, 328.0, 258.0, 19.0, 19.0, 0.5020678043365479
0, 224.0, 85.0, 19.0, 18.0, 0.4829687476158142
0, 249.0, 922.0, 22.0, 20.0, 0.4805971384048462
0, 370.0, 372.0, 21.0, 19.0, 0.45502978563308716
0, 322.0, 287.0, 19.0, 17.0, 0.44359251856803894
0, 229.0, 959.0, 18.0, 19.0, 0.4335249364376068
0, 924.0, 103.0, 18.0, 18.0, 0.43291303515434265
0, 909.0, 113.0, 21.0, 17.0, 0.4316439926624298
0, 959.0, 111.0, 18.0, 15.0, 0.42133399844169617
0, 352.0, 262.0, 20.0, 19.0, 0.42009082436561584
0, 382.0, 559.0, 21.0, 21.0, 0.40250661969184875
0, 389.0, 319.0, 20.0, 17.0, 0.3958882689476013
0, 371.0, 861.0, 20.0, 20.0, 0.391537070274353
0, 40.0, 645.0, 19.0, 17.0, 0.3902129828929901
0, 238.0, 147.0, 17.0, 17.0, 0.3855409026145935
0, 75.0, 375.0, 18.0, 21.0, 0.38114774227142334
0, 420.0, 386.0, 20.0, 18.0, 0.37780430912971497
0, 919.0, 814.0, 18.0, 15.0, 0.3735213279724121
0, 569.0, 186.0, 21.0, 16.0, 0.3722749650478363
0, 986.0, 93.0, 18.0, 16.0, 0.3707651197910309
0, 312.0, 274.0, 16.0, 17.0, 0.3687945306301117
0, 201.0, 85.0, 20.0, 18.0, 0.36856216192245483
0, 205.0, 759.0, 20.0, 18.0, 0.36276739835739136
0, 22.0, 862.0, 20.0, 19.0, 0.3621766269207001
0, 363.0, 105.0, 19.0, 17.0, 0.36209166049957275
0, 308.0, 236.0, 18.0, 17.0, 0.3600006103515625
0, 369.0, 134.0, 23.0, 19.0, 0.35995638370513916
0, 984.0, 76.0, 17.0, 17.0, 0.3574292063713074
0, 988.0, 127.0, 19.0, 18.0, 0.35014060139656067
0, 701.0, 449.0, 17.0, 19.0, 0.34559425711631775
0, 164.0, 7.0, 19.0, 13.0, 0.34419184923171997
0, 418.0, 358.0, 18.0, 13.0, 0.3402416706085205
0, 458.0, 351.0, 20.0, 18.0, 0.33262890577316284
0, 192.0, 119.0, 17.0, 17.0, 0.3300211727619171
0, 477.0, 390.0, 17.0, 18.0, 0.3299024701118469
0, 366.0, 84.0, 19.0, 19.0, 0.32970038056373596
0, 344.0, 313.0, 19.0, 19.0, 0.3258797824382782
0, 610.0, 633.0, 17.0, 16.0, 0.3257863521575928
0, 461.0, 148.0, 20.0, 18.0, 0.32524585723876953
0, 235.0, 127.0, 16.0, 18.0, 0.32230111956596375
0, 664.0, 470.0, 18.0, 17.0, 0.3217420279979706
0, 12.0, 269.0, 18.0, 19.0, 0.3211868703365326
0, 170.0, 945.0, 21.0, 21.0, 0.31694021821022034
0, 23.0, 288.0, 17.0, 18.0, 0.31014490127563477
0, 152.0, 557.0, 21.0, 17.0, 0.30383074283599854
0, 345.0, 100.0, 16.0, 16.0, 0.3028634488582611
0, 193.0, 64.0, 17.0, 17.0, 0.30079323053359985
0, 221.0, 140.0, 18.0, 18.0, 0.29932722449302673
0, 227.0, 8.0, 18.0, 16.0, 0.2966117858886719
0, 8.0, 970.0, 17.0, 17.0, 0.29598814249038696
0, 323.0, 135.0, 21.0, 18.0, 0.29179197549819946
0, 28.0, 895.0, 19.0, 17.0, 0.29146820306777954
0, 492.0, 129.0, 19.0, 17.0, 0.2910156548023224
0, 237.0, 105.0, 17.0, 20.0, 0.2840757966041565
0, 176.0, 142.0, 20.0, 19.0, 0.281865656375885
0, 184.0, 578.0, 19.0, 19.0, 0.28012406826019287
0, 966.0, 131.0, 17.0, 16.0, 0.2793668210506439
0, 331.0, 122.0, 18.0, 14.0, 0.2783318758010864
0, 637.0, 766.0, 17.0, 19.0, 0.2764463424682617
0, 602.0, 654.0, 25.0, 23.0, 0.2681489884853363
0, 640.0, 786.0, 18.0, 18.0, 0.2668304145336151
0, 363.0, 308.0, 19.0, 15.0, 0.266029417514801
0, 411.0, 558.0, 20.0, 17.0, 0.265907347202301
0, 735.0, 498.0, 16.0, 15.0, 0.26558417081832886
0, 514.0, 141.0, 22.0, 19.0, 0.2631591558456421
0, 393.0, 294.0, 20.0, 20.0, 0.2616270184516907
0, 85.0, 401.0, 19.0, 26.0, 0.2593865692615509
0, 151.0, 98.0, 17.0, 15.0, 0.25680914521217346
0, 43.0, 289.0, 21.0, 18.0, 0.2535519301891327
0, 23.0, 970.0, 15.0, 16.0, 0.25295835733413696
0, 348.0, 76.0, 18.0, 16.0, 0.2524821162223816
0, 158.0, 130.0, 18.0, 15.0, 0.2522498071193695
0, 716.0, 121.0, 17.0, 18.0, 0.25148412585258484
0, 883.0, 337.0, 18.0, 16.0, 0.2506864368915558
0, 274.0, 15.0, 16.0, 21.0, 0.2501216232776642
0, 904.0, 93.0, 18.0, 20.0, 0.24925194680690765
0, 674.0, 740.0, 17.0, 17.0, 0.2476532757282257
0, 219.0, 929.0, 16.0, 19.0, 0.2463156282901764
0, 220.0, 724.0, 17.0, 17.0, 0.24311719834804535
0, 644.0, 861.0, 20.0, 15.0, 0.2422899752855301
0, 454.0, 132.0, 18.0, 20.0, 0.2358914613723755
0, 701.0, 748.0, 20.0, 19.0, 0.23511618375778198
0, 179.0, 83.0, 17.0, 16.0, 0.23394998908042908
0, 624.0, 718.0, 25.0, 18.0, 0.233184814453125
0, 931.0, 60.0, 23.0, 16.0, 0.23214146494865417
0, 950.0, 358.0, 20.0, 18.0, 0.228865846991539
0, 966.0, 82.0, 17.0, 17.0, 0.22812063992023468
0, 303.0, 323.0, 18.0, 17.0, 0.22768345475196838
0, 341.0, 295.0, 18.0, 16.0, 0.22714181244373322
0, 185.0, 169.0, 24.0, 20.0, 0.22205722332000732
0, 676.0, 20.0, 17.0, 15.0, 0.2210049331188202
0, 386.0, 336.0, 19.0, 16.0, 0.2209106832742691
0, 663.0, 39.0, 21.0, 19.0, 0.22028252482414246
0, 747.0, 400.0, 19.0, 16.0, 0.22014112770557404
0, 588.0, 183.0, 17.0, 20.0, 0.2189754992723465
0, 403.0, 258.0, 18.0, 17.0, 0.2173870950937271
0, 81.0, 868.0, 18.0, 17.0, 0.21694834530353546
0, 682.0, 720.0, 21.0, 20.0, 0.2160516083240509
0, 945.0, 77.0, 25.0, 19.0, 0.21515458822250366
0, 720.0, 761.0, 21.0, 20.0, 0.21412190794944763
0, 41.0, 380.0, 22.0, 18.0, 0.2136528640985489
0, 926.0, 355.0, 22.0, 18.0, 0.21283428370952606
0, 886.0, 301.0, 20.0, 16.0, 0.21206051111221313
0, 261.0, 898.0, 22.0, 18.0, 0.21184808015823364
0, 6.0, 663.0, 13.0, 19.0, 0.2096264809370041
0, 385.0, 583.0, 19.0, 17.0, 0.20914912223815918
0, 464.0, 406.0, 17.0, 18.0, 0.20872125029563904
0, 921.0, 226.0, 18.0, 18.0, 0.20871317386627197
0, 565.0, 646.0, 18.0, 18.0, 0.20638340711593628
0, 448.0, 334.0, 19.0, 17.0, 0.20268002152442932
0, 654.0, 648.0, 21.0, 19.0, 0.2016395777463913
0, 628.0, 641.0, 19.0, 16.0, 0.20100101828575134
0, 551.0, 698.0, 20.0, 17.0, 0.20043708384037018
