0, 200, 274, 40, 38, 0.8673379421234131
0, 244, 508, 32, 35, 0.8645704388618469
0, 85, 404, 38, 36, 0.8637676239013672
0, 332, 368, 44, 37, 0.8620350360870361
0, 49, 312, 37, 35, 0.8593987226486206
0, 411, 192, 33, 30, 0.8591365218162537
0, 53, 531, 38, 35, 0.8500858545303345
0, 112, 490, 40, 44, 0.8454434275627136
0, 332, 252, 38, 37, 0.8392382860183716
0, 85, 468, 39, 38, 0.8346047401428223
0, 194, 550, 38, 34, 0.8342783451080322
0, 270, 190, 31, 26, 0.8327466249465942
0, 123, 269, 34, 33, 0.8282448649406433
0, 42, 466, 33, 34, 0.8218829035758972
0, 141, 385, 33, 35, 0.8217233419418335
0, 287, 230, 39, 34, 0.8199872970581055
0, 193, 326, 49, 42, 0.8176816701889038
0, 324, 212, 27, 37, 0.8118054270744324
0, 567, 559, 31, 30, 0.8046027421951294
0, 66, 374, 27, 27, 0.8034442067146301
0, 434, 239, 33, 33, 0.8025791645050049
0, 44, 502, 33, 36, 0.801470160484314
0, 164, 441, 36, 33, 0.7975874543190002
0, 381, 211, 33, 26, 0.7961476445198059
0, 42, 40, 36, 32, 0.7958351373672485
0, 18, 57, 32, 32, 0.7906096577644348
0, 140, 326, 46, 47, 0.7903755903244019
0, 334, 407, 40, 35, 0.7665520906448364
0, 276, 267, 32, 33, 0.7538357973098755
0, 201, 428, 34, 34, 0.7432023882865906
0, 167, 149, 29, 25, 0.73429936170578
0, 310, 313, 35, 37, 0.733224093914032
0, 513, 207, 22, 25, 0.7309976816177368
0, 230, 385, 33, 36, 0.7299654483795166
0, 514, 183, 25, 23, 0.7277505993843079
0, 303, 251, 28, 30, 0.7237361669540405
0, 209, 529, 38, 34, 0.719688892364502
0, 140, 555, 30, 29, 0.7145986557006836
0, 512, 500, 31, 30, 0.6997110843658447
0, 464, 534, 19, 26, 0.6882733106613159
0, 497, 535, 34, 36, 0.683661162853241
0, 5, 440, 10, 26, 0.6803063154220581
0, 109, 416, 34, 34, 0.6612995862960815
0, 227, 565, 32, 29, 0.6592715978622437
0, 351, 304, 21, 21, 0.6561821103096008
0, 337, 183, 27, 31, 0.6511977910995483
0, 245, 150, 27, 23, 0.6471623182296753
0, 563, 451, 22, 23, 0.6377917528152466
0, 202, 221, 28, 32, 0.6445311058371803
3, 496, 338, 79, 73, 0.9022613763809204
3, 516, 84, 112, 119, 0.8835382461547852
3, 436, 377, 76, 65, 0.8700675368309021
3, 526, 396, 81, 67, 0.8492783308029175
3, 557, 499, 51, 58, 0.7000822424888611
3, 370, 495, 209, 149, 0.6475670337677002
3, 556, 28, 51, 54, 0.5669501423835754
3, 409, 111, 137, 134, 0.4532335698604584
3, 96, 116, 123, 114, 0.4476936161518097
3, 214, 78, 100, 93, 0.4169562757015228
3, 558, 345, 48, 69, 0.3622063100337982
3, 411, 328, 53, 43, 0.22650809586048126
3, 486, 436, 88, 78, 0.2195439636707306
3, 569, 421, 26, 45, 0.10521482676267624
3, 40, 175, 77, 80, 0.07347959280014038
3, 434, 427, 54, 55, 0.06276200711727142
3, 521, 13, 35, 26, 0.059691112488508224
3, 75, 24, 60, 46, 0.04649338126182556
3, 548, 293, 67, 73, 0.041972965002059937
3, 474, 12, 46, 25, 0.041448090225458145
3, 513, 562, 59, 38, 0.03610878810286522
3, 562, 213, 41, 59, 0.0356084406375885
3, 161, 17, 176, 35, 0.032200586050748825
3, 42, 41, 85, 81, 0.03176000714302063
3, 512, 515, 72, 79, 0.026083683595061302
3, 574, 28, 16, 56, 0.02565915137529373
3, 568, 537, 29, 86, 0.02486548200249672
3, 565, 557, 32, 46, 0.023189961910247803
3, 516, 287, 132, 93, 0.021642154082655907
3, 566, 435, 33, 71, 0.017522260546684265
3, 352, 562, 176, 39, 0.016572516411542892
3, 538, 24, 72, 48, 0.015958057716488838
3, 476, 279, 83, 57, 0.014337784610688686
3, 127, 15, 88, 31, 0.013956733979284763
3, 16, 98, 32, 86, 0.012089156545698643
3, 510, 14, 72, 29, 0.012013579718768597
3, 576, 152, 13, 33, 0.011871179565787315
3, 473, 555, 62, 53, 0.011590881273150444
3, 457, 432, 102, 80, 0.011277297511696815
3, 385, 394, 58, 69, 0.011056799441576004
3, 357, 389, 101, 95, 0.009739386849105358
3, 93, 16, 58, 33, 0.009527771733701229
3, 572, 71, 21, 124, 0.00815827026963234
3, 513, 391, 53, 50, 0.007653449662029743
3, 397, 453, 91, 54, 0.007623824756592512
3, 524, 538, 91, 87, 0.007597610354423523
3, 198, 17, 95, 32, 0.007270985282957554
3, 451, 46, 47, 44, 0.006886346731334925
3, 572, 524, 21, 70, 0.0061129434034228325
