2, 14, 48, 28, 29, 0.5061174035072327
2, 17, 21, 28, 25, 0.3481784760951996
2, 11, 79, 19, 5, 0.23456166684627533
2, 14, 16, 18, 15, 0.08267368376255035
2, 30, 80, 8, 3, 0.039840180426836014
2, 12, 55, 24, 16, 0.03155762702226639
3, 16, 21, 28, 25, 0.17096956074237823
3, 7, 5, 15, 10, 0.13304094970226288
3, 17, 17, 34, 34, 0.0670858696103096
3, 14, 47, 28, 34, 0.026557469740509987
3, 25, 16, 18, 33, 0.009706367738544941
3, 13, 56, 26, 17, 0.009033404290676117
3, 8, 2, 14, 4, 0.006639090366661549
3, 28, 69, 13, 24, 0.006586959585547447
3, 28, 80, 13, 3, 0.005776301492005587
