0, 384, 110, 30, 32, 0.8296189308166504
0, 83, 336, 40, 34, 0.8145272731781006
0, 344, 155, 27, 25, 0.8144735097885132
0, 538, 436, 41, 42, 0.8068295121192932
0, 231, 921, 30, 32, 0.80474454164505
0, 273, 375, 34, 38, 0.8010388612747192
0, 521, 162, 37, 42, 0.7974095344543457
0, 158, 834, 37, 31, 0.791155219078064
0, 489, 473, 39, 34, 0.785522997379303
0, 103, 42, 33, 27, 0.7763381004333496
0, 537, 273, 35, 28, 0.776273787021637
0, 625, 1005, 40, 37, 0.7759830355644226
0, 345, 1286, 35, 32, 0.7740508913993835
0, 126, 738, 38, 31, 0.7726397514343262
0, 228, 877, 30, 34, 0.7723591327667236
0, 315, 444, 36, 29, 0.7715006470680237
0, 633, 271, 30, 33, 0.7671344876289368
0, 701, 610, 29, 39, 0.763867199420929
0, 390, 252, 32, 35, 0.7611443996429443
0, 617, 1393, 51, 36, 0.7585789561271667
0, 97, 13, 41, 26, 0.7568645477294922
0, 707, 449, 32, 33, 0.7515931725502014
0, 534, 779, 41, 41, 0.7508679628372192
0, 282, 25, 31, 32, 0.7460395693778992
0, 383, 194, 26, 25, 0.7453528642654419
0, 663, 654, 40, 53, 0.74448561668396
0, 288, 114, 35, 29, 0.7437752485275269
0, 727, 1183, 37, 40, 0.7384117245674133
0, 196, 343, 49, 41, 0.7376002073287964
0, 234, 1097, 39, 41, 0.7369818091392517
0, 536, 1339, 46, 52, 0.7343066930770874
0, 381, 153, 28, 38, 0.7313136458396912
0, 477, 1140, 34, 25, 0.731082558631897
0, 596, 924, 32, 39, 0.7277526259422302
0, 95, 408, 45, 49, 0.7261426448822021
0, 552, 67, 28, 32, 0.7236270308494568
0, 173, 470, 31, 34, 0.7229564785957336
0, 38, 593, 43, 35, 0.7227599620819092
0, 660, 788, 54, 48, 0.7198635339736938
0, 422, 1055, 41, 49, 0.7192306518554688
0, 406, 417, 36, 37, 0.717887818813324
0, 712, 74, 32, 25, 0.7169249653816223
0, 214, 108, 29, 41, 0.715491533279419
0, 410, 143, 24, 30, 0.7140476107597351
0, 326, 90, 41, 28, 0.7102125883102417
0, 369, 1202, 25, 39, 0.7094282507896423
0, 414, 169, 26, 27, 0.7092207670211792
0, 489, 1006, 47, 38, 0.706455409526825
0, 248, 241, 31, 25, 0.7059350609779358
0, 384, 1278, 27, 48, 0.7055278420448303
0, 271, 695, 25, 25, 0.7035919427871704
0, 524, 500, 43, 28, 0.702119767665863
0, 340, 118, 30, 32, 0.7017068862915039
0, 592, 787, 46, 52, 0.7010934948921204
0, 448, 1174, 35, 36, 0.69868004322052
0, 237, 329, 39, 45, 0.696984052658081
0, 593, 418, 38, 47, 0.6968287825584412
0, 68, 35, 35, 32, 0.6953741908073425
0, 695, 1031, 36, 35, 0.6928045153617859
0, 34, 13, 22, 25, 0.6921178102493286
0, 144, 460, 35, 48, 0.6910245418548584
0, 434, 202, 28, 38, 0.688808798789978
0, 415, 750, 36, 27, 0.6884633898735046
0, 470, 218, 30, 35, 0.6879054307937622
0, 505, 677, 51, 37, 0.6873822212219238
0, 151, 36, 38, 35, 0.6828275322914124
0, 341, 1194, 33, 37, 0.6816285252571106
0, 571, 900, 24, 23, 0.6799936294555664
0, 182, 383, 30, 27, 0.6790884137153625
0, 445, 1274, 34, 38, 0.6777931451797485
0, 509, 1162, 42, 24, 0.6763774752616882
0, 508, 845, 51, 34, 0.6753206849098206
0, 553, 876, 39, 24, 0.6749951839447021
0, 279, 461, 41, 25, 0.6744201183319092
0, 501, 389, 24, 25, 0.6743658185005188
0, 149, 71, 29, 24, 0.6739064455032349
0, 596, 611, 41, 71, 0.6738156676292419
0, 445, 1353, 53, 44, 0.6735754609107971
0, 114, 1121, 45, 40, 0.6725138425827026
0, 723, 665, 24, 22, 0.6718520522117615
0, 345, 414, 30, 30, 0.6689906716346741
0, 234, 648, 50, 55, 0.6688759922981262
0, 674, 610, 23, 38, 0.6668862700462341
0, 47, 546, 31, 28, 0.6659783720970154
0, 160, 319, 29, 40, 0.6651967167854309
0, 437, 624, 33, 28, 0.6615415811538696
0, 547, 535, 36, 44, 0.660636842250824
0, 617, 1208, 30, 29, 0.6603111028671265
0, 206, 852, 30, 26, 0.6544406414031982
0, 322, 11, 33, 23, 0.6542080044746399
0, 171, 746, 31, 36, 0.6530384421348572
0, 54, 721, 24, 23, 0.6512959003448486
0, 343, 290, 41, 34, 0.6505909562110901
0, 641, 756, 27, 42, 0.6503391861915588
0, 600, 892, 32, 31, 0.6498523950576782
0, 152, 646, 39, 40, 0.6495762467384338
0, 465, 116, 33, 37, 0.6488786339759827
0, 259, 539, 26, 32, 0.6482860445976257
0, 486, 16, 34, 32, 0.6461609601974487
0, 108, 670, 30, 32, 0.6460244655609131
0, 734, 932, 40, 29, 0.6451352834701538
0, 210, 220, 35, 27, 0.6440513730049133
0, 285, 493, 37, 26, 0.643344521522522
0, 58, 150, 35, 40, 0.6398359537124634
0, 87, 215, 42, 36, 0.6372995376586914
0, 714, 23, 52, 29, 0.636532187461853
0, 46, 275, 32, 30, 0.6364840865135193
0, 713, 537, 34, 36, 0.6349371671676636
0, 346, 1159, 39, 30, 0.634775698184967
0, 183, 948, 21, 24, 0.6642451791242708
0, 226, 775, 38, 39, 0.605779361102578
0, 493, 1199, 47, 42, 0.6010452901332588
