2, 50, 127, 26, 28, 0.8649251461029053
2, 27, 47, 28, 31, 0.8070341944694519
2, 35, 96, 25, 29, 0.789416491985321
2, 75, 17, 26, 27, 0.7545958161354065
2, 90, 92, 26, 28, 0.7155733108520508
2, 58, 32, 25, 26, 0.6232538819313049
2, 103, 23, 22, 23, 0.6109908223152161
2, 92, 133, 35, 16, 0.5087147951126099
2, 39, 15, 29, 27, 0.4262011647224426
2, 42, 4, 17, 8, 0.1514749377965927
2, 80, 72, 22, 22, 0.13680242002010345
2, 22, 137, 28, 9, 0.10302317142486572
2, 92, 138, 40, 7, 0.02843783237040043
3, 13, 5, 25, 11, 0.16740921139717102
3, 35, 96, 25, 30, 0.15453624725341797
3, 59, 4, 24, 9, 0.07418829202651978
3, 39, 17, 27, 25, 0.04930513724684715
3, 18, 137, 37, 9, 0.034089669585227966
3, 38, 3, 29, 7, 0.02190270461142063
3, 67, 60, 28, 27, 0.013208966702222824
3, 51, 6, 43, 12, 0.012131942436099052
3, 33, 123, 61, 36, 0.010844985023140907
3, 86, 25, 57, 49, 0.010037943720817566
3, 12, 98, 18, 23, 0.00855814479291439
3, 18, 130, 37, 23, 0.007566126063466072
3, 58, 2, 23, 4, 0.006957510020583868
3, 95, 6, 38, 12, 0.00594518193975091
