0, 292.0, 720.0, 18.0, 22.0, 0.3737870752811432
0, 219.0, 613.0, 20.0, 19.0, 0.3436109721660614
0, 649.0, 690.0, 21.0, 18.0, 0.3174201548099518
0, 73.0, 787.0, 16.0, 16.0, 0.3043782711029053
0, 430.0, 265.0, 18.0, 18.0, 0.28756171464920044
0, 817.0, 540.0, 17.0, 16.0, 0.28682416677474976
0, 204.0, 626.0, 19.0, 19.0, 0.28478240966796875
0, 18.0, 406.0, 20.0, 19.0, 0.27486178278923035
0, 494.0, 443.0, 14.0, 16.0, 0.27148348093032837
0, 613.0, 716.0, 17.0, 21.0, 0.268917053937912
0, 655.0, 586.0, 21.0, 22.0, 0.2684210240840912
0, 12.0, 603.0, 21.0, 19.0, 0.24457088112831116
0, 634.0, 627.0, 19.0, 23.0, 0.24298708140850067
0, 75.0, 641.0, 15.0, 15.0, 0.24156005680561066
0, 156.0, 809.0, 18.0, 17.0, 0.23842830955982208
0, 312.0, 459.0, 21.0, 21.0, 0.2320868968963623
0, 359.0, 474.0, 18.0, 30.0, 0.23062565922737122
0, 330.0, 970.0, 21.0, 16.0, 0.2275422215461731
0, 542.0, 477.0, 18.0, 17.0, 0.21932213008403778
0, 976.0, 543.0, 22.0, 16.0, 0.21752053499221802
0, 850.0, 416.0, 17.0, 18.0, 0.21489804983139038
0, 889.0, 456.0, 21.0, 22.0, 0.21362857520580292
0, 8.0, 390.0, 17.0, 21.0, 0.21246539056301117
0, 745.0, 116.0, 23.0, 17.0, 0.20951777696609497
0, 415.0, 313.0, 18.0, 20.0, 0.2085845023393631
0, 188.0, 30.0, 17.0, 21.0, 0.19334593415260315
0, 285.0, 347.0, 19.0, 17.0, 0.19137082993984222
0, 547.0, 391.0, 19.0, 20.0, 0.18876318633556366
0, 331.0, 464.0, 18.0, 22.0, 0.18430215120315552
0, 951.0, 567.0, 18.0, 19.0, 0.18371596932411194
0, 502.0, 713.0, 16.0, 21.0, 0.18227247893810272
0, 972.0, 516.0, 18.0, 17.0, 0.17773444950580597
0, 235.0, 82.0, 18.0, 15.0, 0.174372598528862
0, 124.0, 799.0, 28.0, 18.0, 0.17326633632183075
0, 967.0, 363.0, 19.0, 19.0, 0.16787078976631165
0, 947.0, 138.0, 21.0, 16.0, 0.16511881351470947
0, 668.0, 468.0, 20.0, 21.0, 0.16076138615608215
0, 826.0, 552.0, 14.0, 17.0, 0.16010665893554688
0, 228.0, 569.0, 18.0, 21.0, 0.1593281328678131
0, 810.0, 764.0, 17.0, 20.0, 0.15732218325138092
0, 240.0, 615.0, 18.0, 18.0, 0.15500745177268982
0, 980.0, 571.0, 18.0, 18.0, 0.15397942066192627
0, 442.0, 312.0, 21.0, 18.0, 0.15395069122314453
0, 156.0, 852.0, 18.0, 19.0, 0.15168429911136627
0, 142.0, 498.0, 17.0, 16.0, 0.15164755284786224
0, 291.0, 293.0, 22.0, 19.0, 0.15106171369552612
0, 801.0, 4.0, 20.0, 9.0, 0.14871524274349213
0, 457.0, 468.0, 18.0, 17.0, 0.14365729689598083
0, 471.0, 479.0, 17.0, 20.0, 0.14279891550540924
0, 359.0, 472.0, 16.0, 27.0, 0.1421307623386383
0, 871.0, 456.0, 16.0, 18.0, 0.13540197908878326
0, 80.0, 816.0, 25.0, 18.0, 0.13184773921966553
0, 625.0, 700.0, 21.0, 20.0, 0.12375523149967194
0, 442.0, 984.0, 23.0, 17.0, 0.12236588448286057
0, 488.0, 721.0, 17.0, 20.0, 0.12201716750860214
0, 306.0, 668.0, 16.0, 18.0, 0.12071312218904495
0, 886.0, 44.0, 18.0, 16.0, 0.1200941726565361
0, 96.0, 757.0, 16.0, 13.0, 0.12004987895488739
0, 192.0, 868.0, 18.0, 24.0, 0.11813536286354065
0, 963.0, 155.0, 20.0, 24.0, 0.11772118508815765
0, 532.0, 375.0, 15.0, 25.0, 0.11633151769638062
0, 991.0, 906.0, 16.0, 17.0, 0.11583676189184189
0, 764.0, 681.0, 23.0, 20.0, 0.11462808400392532
0, 664.0, 116.0, 16.0, 17.0, 0.11457013338804245
0, 174.0, 48.0, 19.0, 20.0, 0.11336056888103485
0, 908.0, 447.0, 17.0, 17.0, 0.11282027512788773
0, 208.0, 72.0, 18.0, 18.0, 0.11280027031898499
0, 329.0, 302.0, 21.0, 20.0, 0.11168651282787323
0, 268.0, 708.0, 33.0, 24.0, 0.10780901461839676
0, 127.0, 509.0, 21.0, 19.0, 0.10770689696073532
0, 796.0, 349.0, 23.0, 21.0, 0.1071215271949768
0, 608.0, 638.0, 15.0, 17.0, 0.10705318301916122
0, 55.0, 248.0, 21.0, 18.0, 0.1035461276769638
0, 653.0, 623.0, 16.0, 18.0, 0.09942512214183807
0, 929.0, 408.0, 20.0, 17.0, 0.09894406050443649
0, 28.0, 233.0, 16.0, 14.0, 0.09828907996416092
0, 130.0, 522.0, 23.0, 19.0, 0.09650677442550659
0, 56.0, 249.0, 22.0, 19.0, 0.09640007466077805
0, 106.0, 766.0, 16.0, 16.0, 0.09553279727697372
0, 706.0, 789.0, 27.0, 23.0, 0.0944652184844017
0, 121.0, 781.0, 21.0, 19.0, 0.0938379243016243
0, 165.0, 830.0, 18.0, 18.0, 0.09360343217849731
0, 253.0, 980.0, 20.0, 20.0, 0.0935206487774849
0, 53.0, 26.0, 16.0, 14.0, 0.09132114797830582
0, 212.0, 33.0, 15.0, 18.0, 0.0911795124411583
0, 475.0, 302.0, 21.0, 21.0, 0.09044057875871658
0, 284.0, 25.0, 19.0, 21.0, 0.08935726433992386
0, 777.0, 517.0, 22.0, 20.0, 0.089323490858078
0, 624.0, 414.0, 18.0, 20.0, 0.08854829519987106
0, 548.0, 454.0, 20.0, 22.0, 0.08850087225437164
0, 619.0, 654.0, 19.0, 18.0, 0.08796300739049911
0, 219.0, 21.0, 15.0, 16.0, 0.08782453089952469
0, 801.0, 554.0, 20.0, 18.0, 0.08709195256233215
0, 74.0, 773.0, 14.0, 14.0, 0.08625449240207672
0, 575.0, 499.0, 16.0, 15.0, 0.08545660972595215
0, 677.0, 892.0, 17.0, 18.0, 0.08523563295602798
0, 479.0, 623.0, 23.0, 21.0, 0.08374729007482529
0, 4.0, 586.0, 9.0, 15.0, 0.08332239836454391
0, 556.0, 494.0, 19.0, 17.0, 0.08273431658744812
0, 644.0, 904.0, 25.0, 20.0, 0.08239970356225967
0, 97.0, 784.0, 13.0, 13.0, 0.08192486315965652
0, 651.0, 158.0, 14.0, 18.0, 0.0794009417295456
0, 347.0, 306.0, 16.0, 18.0, 0.07925809174776077
0, 281.0, 602.0, 18.0, 20.0, 0.0781155675649643
0, 825.0, 773.0, 16.0, 23.0, 0.07744013518095016
0, 578.0, 372.0, 26.0, 19.0, 0.07700515538454056
0, 234.0, 266.0, 24.0, 17.0, 0.07442400604486465
0, 208.0, 586.0, 19.0, 15.0, 0.07267595082521439
0, 861.0, 433.0, 18.0, 19.0, 0.07148345559835434
0, 968.0, 258.0, 21.0, 20.0, 0.07117967307567596
0, 845.0, 353.0, 21.0, 20.0, 0.07108286023139954
0, 176.0, 65.0, 16.0, 17.0, 0.0708172544836998
0, 369.0, 994.0, 26.0, 11.0, 0.0707554817199707
0, 466.0, 324.0, 25.0, 21.0, 0.0695403665304184
0, 487.0, 704.0, 20.0, 25.0, 0.06912090629339218
0, 8.0, 68.0, 17.0, 19.0, 0.06907393038272858
0, 295.0, 335.0, 19.0, 16.0, 0.068504199385643
0, 856.0, 848.0, 19.0, 18.0, 0.06801284849643707
0, 257.0, 618.0, 18.0, 16.0, 0.06765388697385788
0, 958.0, 516.0, 18.0, 17.0, 0.06754909455776215
0, 880.0, 740.0, 14.0, 21.0, 0.06732813268899918
0, 11.0, 226.0, 21.0, 16.0, 0.0670047476887703
0, 134.0, 784.0, 21.0, 16.0, 0.06695332378149033
0, 576.0, 4.0, 18.0, 9.0, 0.06636976450681686
0, 834.0, 838.0, 13.0, 14.0, 0.0659966915845871
0, 326.0, 330.0, 19.0, 14.0, 0.06595560908317566
0, 434.0, 437.0, 16.0, 18.0, 0.06586369127035141
0, 434.0, 437.0, 16.0, 16.0, 0.06559047102928162
0, 799.0, 24.0, 17.0, 16.0, 0.06534912437200546
0, 251.0, 274.0, 14.0, 18.0, 0.06502032279968262
0, 959.0, 528.0, 21.0, 16.0, 0.06475301831960678
0, 251.0, 82.0, 16.0, 20.0, 0.06472231447696686
0, 267.0, 621.0, 16.0, 17.0, 0.06464949250221252
0, 163.0, 756.0, 17.0, 16.0, 0.06282336264848709
0, 238.0, 23.0, 16.0, 22.0, 0.06166877970099449
0, 981.0, 873.0, 17.0, 14.0, 0.061528149992227554
0, 302.0, 18.0, 21.0, 23.0, 0.06047540158033371
0, 28.0, 791.0, 19.0, 20.0, 0.060020506381988525
0, 311.0, 709.0, 21.0, 20.0, 0.059215787798166275
0, 85.0, 796.0, 17.0, 17.0, 0.05893790349364281
0, 252.0, 22.0, 14.0, 20.0, 0.058921679854393005
0, 399.0, 314.0, 18.0, 19.0, 0.058861423283815384
0, 992.0, 537.0, 14.0, 16.0, 0.05870036408305168
0, 254.0, 995.0, 22.0, 9.0, 0.05862726643681526
0, 852.0, 708.0, 17.0, 22.0, 0.058406662195920944
0, 780.0, 532.0, 18.0, 17.0, 0.05817655473947525
0, 955.0, 899.0, 33.0, 16.0, 0.0572635643184185
0, 202.0, 21.0, 15.0, 17.0, 0.056172121316194534
0, 34.0, 721.0, 19.0, 19.0, 0.055409450083971024
0, 126.0, 798.0, 28.0, 19.0, 0.05500391125679016
0, 93.0, 56.0, 20.0, 19.0, 0.054634395986795425
0, 992.0, 202.0, 14.0, 25.0, 0.05440119653940201
0, 40.0, 238.0, 17.0, 16.0, 0.05262601003050804
0, 816.0, 368.0, 17.0, 18.0, 0.052625857293605804
0, 88.0, 670.0, 14.0, 14.0, 0.05208577215671539
0, 138.0, 850.0, 16.0, 16.0, 0.05189681053161621
0, 654.0, 890.0, 17.0, 19.0, 0.051691748201847076
0, 100.0, 528.0, 27.0, 22.0, 0.051138363778591156
0, 770.0, 113.0, 16.0, 16.0, 0.050438132137060165
0, 865.0, 777.0, 19.0, 23.0, 0.050166692584753036
0, 796.0, 740.0, 16.0, 17.0, 0.05010606348514557
0, 633.0, 306.0, 19.0, 16.0, 0.049646325409412384
0, 943.0, 847.0, 25.0, 17.0, 0.04957958683371544
0, 333.0, 446.0, 23.0, 17.0, 0.0493733212351799
0, 163.0, 733.0, 15.0, 16.0, 0.04935046657919884
0, 947.0, 188.0, 16.0, 16.0, 0.04924805089831352
0, 495.0, 309.0, 21.0, 17.0, 0.049045175313949585
0, 77.0, 432.0, 28.0, 23.0, 0.0489780530333519
0, 138.0, 850.0, 18.0, 18.0, 0.04815148934721947
0, 136.0, 785.0, 18.0, 17.0, 0.048108767718076706
0, 803.0, 568.0, 15.0, 15.0, 0.0480252280831337
0, 590.0, 15.0, 17.0, 13.0, 0.04742533341050148
0, 554.0, 353.0, 21.0, 17.0, 0.0473441556096077
0, 129.0, 527.0, 23.0, 23.0, 0.046723973006010056
0, 933.0, 329.0, 21.0, 18.0, 0.046545594930648804
0, 881.0, 851.0, 21.0, 17.0, 0.046013835817575455
0, 934.0, 271.0, 20.0, 19.0, 0.045899540185928345
0, 466.0, 324.0, 24.0, 20.0, 0.04488338530063629
0, 944.0, 534.0, 18.0, 18.0, 0.04446803033351898
0, 963.0, 122.0, 21.0, 15.0, 0.04430936276912689
0, 912.0, 406.0, 15.0, 15.0, 0.04399958997964859
0, 213.0, 257.0, 20.0, 18.0, 0.04398433119058609
0, 226.0, 69.0, 16.0, 16.0, 0.043619122356176376
0, 785.0, 6.0, 15.0, 12.0, 0.043486807495355606
0, 713.0, 116.0, 18.0, 19.0, 0.043358173221349716
0, 461.0, 623.0, 15.0, 17.0, 0.04325387626886368
0, 63.0, 266.0, 17.0, 18.0, 0.04255720227956772
0, 239.0, 23.0, 17.0, 23.0, 0.04238284379243851
0, 68.0, 671.0, 23.0, 18.0, 0.041756127029657364
0, 298.0, 957.0, 20.0, 18.0, 0.041494883596897125
0, 604.0, 507.0, 30.0, 18.0, 0.04141794890165329
0, 664.0, 159.0, 15.0, 19.0, 0.04136199504137039
0, 576.0, 499.0, 17.0, 15.0, 0.04131731390953064
0, 26.0, 631.0, 19.0, 15.0, 0.040935151278972626
0, 546.0, 332.0, 19.0, 17.0, 0.04077097401022911
0, 886.0, 44.0, 19.0, 17.0, 0.04053996130824089
0, 442.0, 156.0, 26.0, 17.0, 0.040526773780584335
0, 551.0, 455.0, 27.0, 26.0, 0.040312156081199646
0, 664.0, 143.0, 17.0, 18.0, 0.04011522978544235
0, 312.0, 709.0, 23.0, 25.0, 0.03916645050048828
0, 21.0, 621.0, 26.0, 15.0, 0.038433462381362915
0, 310.0, 686.0, 20.0, 18.0, 0.03843095153570175
0, 270.0, 281.0, 22.0, 17.0, 0.03822263330221176
0, 237.0, 268.0, 19.0, 20.0, 0.03815200924873352
0, 147.0, 793.0, 18.0, 16.0, 0.03772154077887535
0, 933.0, 387.0, 16.0, 16.0, 0.037679340690374374
0, 594.0, 976.0, 19.0, 20.0, 0.037543974816799164
0, 862.0, 434.0, 20.0, 22.0, 0.03713368996977806
0, 866.0, 251.0, 19.0, 18.0, 0.03701882064342499
0, 265.0, 24.0, 16.0, 19.0, 0.036990419030189514
0, 756.0, 103.0, 20.0, 16.0, 0.03666374087333679
0, 610.0, 396.0, 22.0, 20.0, 0.03653775900602341
0, 895.0, 833.0, 20.0, 22.0, 0.0361451655626297
0, 427.0, 422.0, 13.0, 15.0, 0.03612147644162178
0, 73.0, 787.0, 16.0, 15.0, 0.03593217954039574
0, 967.0, 558.0, 22.0, 20.0, 0.035843994468450546
0, 74.0, 772.0, 16.0, 16.0, 0.035756759345531464
0, 158.0, 492.0, 16.0, 16.0, 0.03561481833457947
0, 828.0, 361.0, 15.0, 19.0, 0.03531879931688309
0, 966.0, 992.0, 18.0, 14.0, 0.03508894890546799
0, 829.0, 120.0, 35.0, 18.0, 0.03502078726887703
0, 190.0, 553.0, 17.0, 17.0, 0.03495471552014351
0, 298.0, 238.0, 22.0, 14.0, 0.034621626138687134
0, 882.0, 871.0, 17.0, 20.0, 0.034478891640901566
0, 124.0, 799.0, 28.0, 16.0, 0.03446777164936066
0, 431.0, 138.0, 17.0, 15.0, 0.03434932604432106
0, 799.0, 23.0, 16.0, 17.0, 0.03419006988406181
0, 80.0, 793.0, 26.0, 24.0, 0.034104760736227036
0, 856.0, 789.0, 18.0, 18.0, 0.03401505947113037
0, 875.0, 436.0, 16.0, 21.0, 0.0337468758225441
0, 842.0, 49.0, 18.0, 18.0, 0.03370172902941704
0, 67.0, 32.0, 16.0, 15.0, 0.03361756354570389
0, 492.0, 485.0, 17.0, 19.0, 0.03346742317080498
0, 343.0, 478.0, 20.0, 22.0, 0.033336348831653595
0, 553.0, 641.0, 23.0, 22.0, 0.03332820534706116
0, 944.0, 341.0, 22.0, 20.0, 0.033270206302404404
0, 76.0, 43.0, 17.0, 17.0, 0.033070843666791916
0, 479.0, 624.0, 23.0, 22.0, 0.03298117220401764
0, 495.0, 337.0, 15.0, 16.0, 0.03293481096625328
0, 82.0, 800.0, 21.0, 18.0, 0.032762713730335236
0, 122.0, 849.0, 15.0, 15.0, 0.03273610398173332
0, 631.0, 685.0, 18.0, 16.0, 0.03265649080276489
0, 85.0, 259.0, 21.0, 15.0, 0.032576654106378555
0, 658.0, 571.0, 20.0, 17.0, 0.03249317407608032
0, 467.0, 701.0, 17.0, 22.0, 0.03214827552437782
0, 772.0, 972.0, 19.0, 19.0, 0.032104432582855225
0, 917.0, 883.0, 20.0, 14.0, 0.03199680522084236
0, 991.0, 994.0, 14.0, 11.0, 0.03196844831109047
0, 123.0, 799.0, 28.0, 17.0, 0.03195764124393463
0, 877.0, 12.0, 18.0, 17.0, 0.03189132362604141
0, 423.0, 402.0, 19.0, 17.0, 0.03165176510810852
0, 895.0, 824.0, 19.0, 15.0, 0.03164316713809967
0, 804.0, 698.0, 15.0, 15.0, 0.0311123076826334
0, 298.0, 958.0, 19.0, 19.0, 0.030986333265900612
0, 672.0, 684.0, 24.0, 22.0, 0.03096740134060383
0, 456.0, 396.0, 18.0, 14.0, 0.030957043170928955
0, 628.0, 451.0, 25.0, 20.0, 0.030416768044233322
0, 869.0, 865.0, 19.0, 19.0, 0.03027978539466858
0, 475.0, 415.0, 14.0, 15.0, 0.03023737110197544
0, 595.0, 990.0, 19.0, 16.0, 0.029927829280495644
0, 312.0, 711.0, 17.0, 18.0, 0.029915323480963707
0, 621.0, 698.0, 25.0, 21.0, 0.02991379424929619
0, 200.0, 37.0, 14.0, 18.0, 0.029698025435209274
0, 103.0, 837.0, 15.0, 14.0, 0.0296589657664299
0, 196.0, 535.0, 19.0, 18.0, 0.02954687736928463
0, 976.0, 860.0, 14.0, 16.0, 0.02919522114098072
0, 443.0, 274.0, 19.0, 18.0, 0.029184389859437943
0, 301.0, 652.0, 23.0, 24.0, 0.029081081971526146
0, 881.0, 833.0, 21.0, 19.0, 0.02897091582417488
0, 782.0, 106.0, 21.0, 18.0, 0.02891957201063633
0, 211.0, 36.0, 15.0, 16.0, 0.028832541778683662
0, 376.0, 311.0, 17.0, 18.0, 0.028755219653248787
0, 66.0, 955.0, 21.0, 18.0, 0.028689280152320862
0, 11.0, 227.0, 20.0, 16.0, 0.028672808781266212
0, 84.0, 310.0, 14.0, 19.0, 0.028445854783058167
0, 83.0, 272.0, 19.0, 15.0, 0.028094753623008728
0, 656.0, 832.0, 19.0, 19.0, 0.02806837484240532
0, 618.0, 735.0, 21.0, 17.0, 0.027852563187479973
0, 366.0, 310.0, 21.0, 19.0, 0.027822675183415413
0, 125.0, 771.0, 19.0, 18.0, 0.02774091809988022
0, 503.0, 649.0, 19.0, 16.0, 0.027673110365867615
0, 482.0, 332.0, 13.0, 17.0, 0.027640562504529953
0, 268.0, 104.0, 19.0, 15.0, 0.02759561873972416
0, 635.0, 658.0, 16.0, 16.0, 0.027337219566106796
0, 94.0, 934.0, 29.0, 26.0, 0.027174580842256546
0, 657.0, 995.0, 17.0, 9.0, 0.027167417109012604
0, 26.0, 269.0, 17.0, 15.0, 0.026754874736070633
0, 993.0, 250.0, 12.0, 19.0, 0.02638758160173893
0, 286.0, 80.0, 16.0, 19.0, 0.026168014854192734
0, 100.0, 811.0, 16.0, 14.0, 0.026080206036567688
0, 982.0, 258.0, 17.0, 18.0, 0.025975549593567848
0, 272.0, 84.0, 18.0, 19.0, 0.025848262012004852
0, 948.0, 138.0, 22.0, 17.0, 0.025778133422136307
0, 104.0, 840.0, 17.0, 20.0, 0.025749295949935913
0, 851.0, 817.0, 18.0, 13.0, 0.0253237783908844
0, 788.0, 545.0, 18.0, 19.0, 0.025300415232777596
0, 9.0, 274.0, 18.0, 15.0, 0.025176534429192543
0, 676.0, 581.0, 14.0, 16.0, 0.024921637028455734
0, 482.0, 465.0, 16.0, 18.0, 0.024759624153375626
0, 987.0, 227.0, 23.0, 23.0, 0.024670930579304695
