0, 576.0, 330.0, 1.0, 3.0, 0.00045497078099288046
0, 544.0, 253.0, 1.0, 3.0, 0.00045468308962881565
0, 565.0, 304.0, 1.0, 3.0, 0.0004546551499515772
0, 494.0, 227.0, 1.0, 3.0, 0.0004544850962702185
0, 493.0, 243.0, 1.0, 3.0, 0.0004544685943983495
0, 547.0, 269.0, 1.0, 4.0, 0.0004543467075563967
0, 616.0, 255.0, 0.0, 3.0, 0.0004543352115433663
0, 545.0, 264.0, 1.0, 3.0, 0.0004543075046967715
0, 590.0, 353.0, 1.0, 3.0, 0.00045422889525070786
0, 494.0, 252.0, 1.0, 3.0, 0.0004538830544333905
0, 515.0, 269.0, 1.0, 3.0, 0.00045380822848528624
0, 668.0, 290.0, 1.0, 3.0, 0.00045371954911388457
0, 540.0, 345.0, 1.0, 3.0, 0.00045348171261139214
0, 475.0, 218.0, 1.0, 4.0, 0.00045345319085754454
0, 968.0, 767.0, 1.0, 3.0, 0.0004534443432930857
0, 777.0, 283.0, 1.0, 3.0, 0.00045318095362745225
0, 791.0, 242.0, 1.0, 3.0, 0.00045292809954844415
0, 669.0, 244.0, 0.0, 3.0, 0.0004528430581558496
0, 806.0, 278.0, 1.0, 3.0, 0.0004526775155682117
0, 613.0, 231.0, 1.0, 3.0, 0.0004525739932432771
0, 866.0, 195.0, 1.0, 3.0, 0.0004525472177192569
0, 857.0, 239.0, 1.0, 3.0, 0.00045244715875014663
0, 678.0, 316.0, 1.0, 3.0, 0.0004521444789133966
0, 602.0, 383.0, 1.0, 3.0, 0.00045212855911813676
0, 789.0, 206.0, 1.0, 4.0, 0.0004521191003732383
0, 793.0, 304.0, 1.0, 3.0, 0.00045209299423731863
0, 581.0, 390.0, 1.0, 3.0, 0.0004520860966295004
0, 869.0, 289.0, 1.0, 3.0, 0.00045206715003587306
0, 804.0, 343.0, 1.0, 3.0, 0.00045204817433841527
0, 968.0, 193.0, 1.0, 3.0, 0.00045196828432381153
0, 930.0, 829.0, 1.0, 3.0, 0.00045195556594990194
0, 766.0, 320.0, 1.0, 3.0, 0.0004519232315942645
0, 968.0, 292.0, 1.0, 4.0, 0.0004518868518061936
0, 801.0, 131.0, 1.0, 4.0, 0.00045177032006904483
0, 981.0, 231.0, 1.0, 3.0, 0.00045176045387052
0, 968.0, 204.0, 1.0, 4.0, 0.0004517212510108948
0, 741.0, 294.0, 1.0, 3.0, 0.0004517139168456197
0, 794.0, 130.0, 1.0, 3.0, 0.0004516719200182706
0, 980.0, 257.0, 1.0, 3.0, 0.0004516179033089429
0, 382.0, 802.0, 1.0, 4.0, 0.00045130247599445283
0, 955.0, 343.0, 1.0, 3.0, 0.00045124738244339824
0, 968.0, 316.0, 1.0, 3.0, 0.00045122738811187446
0, 377.0, 795.0, 1.0, 3.0, 0.00045121446601115167
0, 931.0, 280.0, 1.0, 3.0, 0.0004511832958087325
0, 929.0, 804.0, 1.0, 4.0, 0.00045117168338038027
0, 457.0, 305.0, 0.0, 3.0, 0.0004511704028118402
0, 842.0, 303.0, 1.0, 3.0, 0.0004511633305810392
0, 268.0, 753.0, 1.0, 3.0, 0.00045114976819604635
0, 844.0, 330.0, 1.0, 3.0, 0.000451107625849545
0, 788.0, 380.0, 1.0, 3.0, 0.0004510155995376408
0, 802.0, 104.0, 1.0, 4.0, 0.00045098032569512725
0, 893.0, 104.0, 1.0, 3.0, 0.0004509315767791122
0, 828.0, 105.0, 1.0, 4.0, 0.00045090666390024126
0, 881.0, 330.0, 0.0, 3.0, 0.0004508827696554363
0, 288.0, 191.0, 1.0, 4.0, 0.0004508488345891237
0, 266.0, 716.0, 1.0, 3.0, 0.00045084540033712983
0, 893.0, 780.0, 1.0, 3.0, 0.00045080328709445894
0, 784.0, 377.0, 0.0, 3.0, 0.00045080005656927824
0, 918.0, 792.0, 1.0, 3.0, 0.0004507620178628713
0, 692.0, 357.0, 1.0, 3.0, 0.00045059059630148113
0, 431.0, 228.0, 1.0, 3.0, 0.00045057557872496545
0, 855.0, 105.0, 0.0, 3.0, 0.0004505249089561403
0, 943.0, 130.0, 1.0, 3.0, 0.0004505195247475058
0, 956.0, 179.0, 1.0, 3.0, 0.00045048343599773943
0, 695.0, 355.0, 1.0, 4.0, 0.0004504381795413792
0, 542.0, 190.0, 1.0, 3.0, 0.00045038730604574084
0, 880.0, 668.0, 1.0, 3.0, 0.00045036987285129726
0, 892.0, 130.0, 1.0, 4.0, 0.00045033960486762226
0, 712.0, 442.0, 1.0, 4.0, 0.000450323976110667
0, 869.0, 840.0, 1.0, 3.0, 0.00045032051275484264
0, 917.0, 168.0, 1.0, 3.0, 0.0004503123927861452
0, 968.0, 143.0, 1.0, 3.0, 0.0004502982192207128
0, 956.0, 377.0, 1.0, 3.0, 0.00045024367864243686
0, 741.0, 165.0, 1.0, 3.0, 0.00045023145503364503
0, 595.0, 216.0, 1.0, 3.0, 0.00045022310223430395
0, 227.0, 708.0, 1.0, 3.0, 0.000450216670287773
0, 928.0, 768.0, 2.0, 7.0, 0.00045016963849775493
0, 315.0, 179.0, 1.0, 4.0, 0.0004501649527810514
0, 956.0, 240.0, 1.0, 3.0, 0.00045012953341938555
0, 693.0, 381.0, 1.0, 3.0, 0.00045011943439021707
0, 653.0, 868.0, 1.0, 3.0, 0.0004500896029639989
0, 267.0, 843.0, 1.0, 4.0, 0.0004500765644479543
0, 805.0, 179.0, 1.0, 4.0, 0.00044988570152781904
0, 698.0, 384.0, 1.0, 4.0, 0.00044988375157117844
0, 419.0, 204.0, 0.0, 3.0, 0.00044981276732869446
0, 905.0, 68.0, 1.0, 3.0, 0.000449808721896261
0, 356.0, 715.0, 1.0, 3.0, 0.00044977565994486213
0, 341.0, 777.0, 1.0, 3.0, 0.0004497589834500104
0, 708.0, 440.0, 1.0, 3.0, 0.00044969399459660053
0, 457.0, 179.0, 0.0, 3.0, 0.0004496877663768828
0, 880.0, 643.0, 1.0, 3.0, 0.0004496667825151235
0, 841.0, 407.0, 1.0, 3.0, 0.0004495819448493421
0, 981.0, 439.0, 1.0, 4.0, 0.0004495795874390751
0, 955.0, 143.0, 1.0, 3.0, 0.00044953759061172605
0, 780.0, 93.0, 0.0, 3.0, 0.0004495037137530744
0, 513.0, 397.0, 1.0, 3.0, 0.00044946453999727964
0, 317.0, 817.0, 1.0, 3.0, 0.0004494242602959275
0, 721.0, 189.0, 1.0, 3.0, 0.00044940304360352457
0, 332.0, 765.0, 1.0, 3.0, 0.00044937734492123127
0, 890.0, 644.0, 1.0, 4.0, 0.000449361716164276
0, 816.0, 817.0, 1.0, 3.0, 0.0004493595624808222
0, 879.0, 396.0, 1.0, 3.0, 0.0004493516171351075
0, 615.0, 119.0, 1.0, 3.0, 0.00044919850188307464
0, 404.0, 703.0, 1.0, 3.0, 0.00044919189531356096
0, 662.0, 220.0, 1.0, 4.0, 0.00044915551552549005
0, 719.0, 140.0, 1.0, 3.0, 0.00044914500904269516
0, 452.0, 755.0, 1.0, 3.0, 0.00044910088763572276
0, 270.0, 215.0, 1.0, 3.0, 0.0004490041465032846
0, 244.0, 777.0, 1.0, 4.0, 0.00044896668987348676
0, 365.0, 678.0, 1.0, 3.0, 0.00044890682329423726
0, 453.0, 718.0, 1.0, 3.0, 0.00044890318531543016
0, 930.0, 406.0, 1.0, 3.0, 0.0004488879640121013
0, 597.0, 194.0, 1.0, 4.0, 0.00044888287084177136
0, 281.0, 156.0, 0.0, 3.0, 0.0004488798731472343
0, 694.0, 425.0, 1.0, 3.0, 0.0004488725680857897
0, 906.0, 43.0, 1.0, 3.0, 0.0004488263512030244
0, 793.0, 432.0, 1.0, 3.0, 0.0004488094709813595
0, 488.0, 380.0, 1.0, 3.0, 0.00044876497122459114
0, 254.0, 204.0, 1.0, 3.0, 0.0004487474216148257
0, 353.0, 706.0, 1.0, 3.0, 0.00044872367288917303
0, 956.0, 30.0, 1.0, 3.0, 0.0004486969846766442
0, 169.0, 879.0, 1.0, 3.0, 0.00044860842172056437
0, 453.0, 854.0, 1.0, 3.0, 0.00044856825843453407
0, 829.0, 420.0, 0.0, 3.0, 0.0004485524259507656
0, 867.0, 866.0, 1.0, 3.0, 0.00044841645285487175
0, 303.0, 153.0, 1.0, 4.0, 0.00044838141184300184
0, 956.0, 431.0, 1.0, 3.0, 0.0004483662487473339
0, 432.0, 777.0, 1.0, 3.0, 0.0004483540542423725
0, 942.0, 430.0, 1.0, 4.0, 0.00044823865755461156
0, 206.0, 879.0, 1.0, 4.0, 0.00044818123569712043
0, 330.0, 179.0, 1.0, 3.0, 0.0004481667128857225
0, 254.0, 179.0, 1.0, 4.0, 0.00044815088040195405
0, 316.0, 154.0, 1.0, 4.0, 0.0004480951465666294
0, 291.0, 129.0, 1.0, 4.0, 0.0004480178467929363
0, 601.0, 432.0, 1.0, 3.0, 0.0004479793715290725
0, 68.0, 194.0, 1.0, 4.0, 0.00044797491864301264
0, 192.0, 792.0, 1.0, 4.0, 0.00044796805013902485
0, 141.0, 769.0, 1.0, 3.0, 0.0004479601630009711
0, 577.0, 180.0, 1.0, 3.0, 0.00044786176295019686
0, 69.0, 201.0, 1.0, 3.0, 0.0004477704060263932
0, 77.0, 194.0, 1.0, 4.0, 0.0004477255861274898
0, 182.0, 792.0, 1.0, 3.0, 0.0004476764879655093
0, 81.0, 217.0, 1.0, 3.0, 0.0004474868765100837
0, 464.0, 705.0, 1.0, 3.0, 0.0004474585293792188
0, 929.0, 432.0, 1.0, 4.0, 0.0004474162997212261
0, 954.0, 907.0, 1.0, 3.0, 0.0004473248263821006
0, 142.0, 820.0, 1.0, 3.0, 0.00044729941873811185
0, 955.0, 666.0, 1.0, 4.0, 0.0004472314321901649
0, 253.0, 117.0, 1.0, 4.0, 0.0004472301807254553
0, 256.0, 153.0, 1.0, 3.0, 0.00044721097219735384
0, 854.0, 743.0, 1.0, 3.0, 0.00044716900447383523
0, 168.0, 727.0, 1.0, 3.0, 0.0004471127176657319
0, 232.0, 215.0, 1.0, 3.0, 0.00044704985339194536
0, 392.0, 205.0, 1.0, 3.0, 0.00044703384628519416
0, 30.0, 780.0, 1.0, 4.0, 0.00044702086597681046
0, 117.0, 192.0, 1.0, 4.0, 0.00044696847908198833
0, 894.0, 893.0, 1.0, 3.0, 0.0004469463019631803
0, 637.0, 433.0, 1.0, 3.0, 0.00044688922935165465
0, 840.0, 432.0, 1.0, 4.0, 0.00044681617873720825
0, 515.0, 434.0, 0.0, 3.0, 0.00044679807615466416
0, 156.0, 216.0, 1.0, 3.0, 0.0004467757244128734
0, 453.0, 382.0, 1.0, 4.0, 0.00044677400728687644
0, 129.0, 803.0, 1.0, 3.0, 0.0004467695252969861
0, 163.0, 216.0, 1.0, 4.0, 0.0004466450191102922
0, 415.0, 318.0, 1.0, 4.0, 0.00044658646220341325
0, 337.0, 144.0, 1.0, 4.0, 0.00044657409307546914
0, 366.0, 179.0, 1.0, 3.0, 0.0004464908561203629
0, 131.0, 715.0, 1.0, 3.0, 0.00044639111729338765
0, 54.0, 845.0, 1.0, 3.0, 0.00044638809049502015
0, 379.0, 206.0, 0.0, 3.0, 0.00044614076614379883
0, 18.0, 345.0, 1.0, 3.0, 0.0004460852069314569
0, 18.0, 682.0, 1.0, 3.0, 0.0004460152704268694
0, 568.0, 840.0, 1.0, 3.0, 0.0004460082855075598
0, 752.0, 831.0, 1.0, 3.0, 0.00044579149107448757
0, 523.0, 169.0, 1.0, 4.0, 0.00044578450615517795
0, 242.0, 143.0, 1.0, 3.0, 0.0004456364258658141
0, 43.0, 819.0, 1.0, 3.0, 0.000445601181127131
0, 43.0, 258.0, 0.0, 3.0, 0.00044554215855896473
0, 415.0, 143.0, 1.0, 4.0, 0.00044540074304677546
0, 354.0, 142.0, 1.0, 3.0, 0.0004453682340681553
0, 374.0, 154.0, 1.0, 4.0, 0.00044524643453769386
0, 421.0, 144.0, 1.0, 4.0, 0.00044524046825245023
0, 43.0, 279.0, 1.0, 3.0, 0.0004450976848602295
0, 42.0, 793.0, 1.0, 4.0, 0.00044508048449642956
0, 401.0, 257.0, 1.0, 3.0, 0.0004450732667464763
0, 683.0, 891.0, 1.0, 3.0, 0.00044505353434942663
0, 42.0, 403.0, 1.0, 4.0, 0.0004449131665751338
0, 119.0, 830.0, 0.0, 3.0, 0.00044488281127996743
0, 132.0, 878.0, 1.0, 3.0, 0.0004447367391549051
0, 437.0, 432.0, 1.0, 3.0, 0.0004446087696123868
0, 43.0, 316.0, 1.0, 3.0, 0.00044458647607825696
0, 90.0, 340.0, 1.0, 4.0, 0.0004445837112143636
0, 66.0, 366.0, 1.0, 4.0, 0.00044450361747294664
0, 444.0, 664.0, 1.0, 3.0, 0.00044446869287639856
0, 918.0, 905.0, 1.0, 4.0, 0.00044441825593821704
0, 80.0, 820.0, 1.0, 3.0, 0.0004444138321559876
0, 79.0, 339.0, 1.0, 4.0, 0.0004443426732905209
0, 30.0, 684.0, 1.0, 3.0, 0.0004443388606887311
0, 142.0, 154.0, 1.0, 4.0, 0.0004443087673280388
0, 531.0, 580.0, 0.0, 3.0, 0.00044428862747736275
0, 167.0, 704.0, 1.0, 3.0, 0.00044397663441486657
0, 918.0, 18.0, 1.0, 3.0, 0.0004439421172719449
0, 68.0, 393.0, 1.0, 3.0, 0.00044388588867150247
0, 217.0, 154.0, 1.0, 4.0, 0.0004437891475390643
0, 681.0, 477.0, 1.0, 3.0, 0.00044356207945384085
0, 818.0, 715.0, 1.0, 3.0, 0.00044346906361170113
0, 662.0, 155.0, 1.0, 4.0, 0.0004433336143847555
0, 118.0, 365.0, 1.0, 4.0, 0.0004433126887306571
0, 466.0, 444.0, 1.0, 3.0, 0.00044330928358249366
0, 278.0, 292.0, 1.0, 3.0, 0.0004432645218912512
0, 805.0, 867.0, 1.0, 3.0, 0.00044324423652142286
0, 805.0, 677.0, 1.0, 3.0, 0.00044318466098047793
0, 240.0, 671.0, 1.0, 4.0, 0.000442962278611958
0, 168.0, 142.0, 1.0, 3.0, 0.0004428354150149971
0, 18.0, 469.0, 1.0, 3.0, 0.00044274632818996906
0, 178.0, 142.0, 1.0, 4.0, 0.0004427169915288687
0, 397.0, 321.0, 1.0, 4.0, 0.0004424883518368006
0, 852.0, 893.0, 1.0, 3.0, 0.0004421415214892477
0, 380.0, 257.0, 1.0, 3.0, 0.00044210211490280926
0, 91.0, 117.0, 1.0, 4.0, 0.0004420992045197636
0, 502.0, 581.0, 1.0, 3.0, 0.0004419607575982809
0, 702.0, 831.0, 1.0, 4.0, 0.0004415646835695952
0, 357.0, 904.0, 1.0, 3.0, 0.0004415147996041924
0, 378.0, 417.0, 1.0, 3.0, 0.0004412697453517467
0, 466.0, 141.0, 1.0, 4.0, 0.00044078120845369995
0, 364.0, 293.0, 1.0, 3.0, 0.0004403557686600834
0, 130.0, 290.0, 1.0, 4.0, 0.0004403121129143983
0, 918.0, 918.0, 1.0, 3.0, 0.000440242700278759
0, 383.0, 656.0, 1.0, 4.0, 0.00044022902147844434
0, 843.0, 891.0, 1.0, 4.0, 0.00044006877578794956
0, 390.0, 403.0, 1.0, 3.0, 0.00043982782517559826
0, 782.0, 765.0, 1.0, 3.0, 0.00043979534530080855
0, 570.0, 904.0, 1.0, 3.0, 0.0004395384166855365
0, 649.0, 906.0, 1.0, 4.0, 0.00043952689156867564
0, 954.0, 931.0, 1.0, 4.0, 0.000439480587374419
0, 581.0, 566.0, 1.0, 3.0, 0.00043940666364505887
0, 327.0, 433.0, 1.0, 3.0, 0.0004387940571177751
0, 380.0, 654.0, 1.0, 3.0, 0.0004382855258882046
0, 608.0, 508.0, 1.0, 4.0, 0.0004382533661555499
0, 342.0, 416.0, 1.0, 3.0, 0.0004382487677503377
0, 92.0, 55.0, 1.0, 4.0, 0.00043820179416798055
0, 416.0, 469.0, 1.0, 3.0, 0.00043811468640342355
0, 603.0, 506.0, 1.0, 3.0, 0.0004379017627798021
0, 655.0, 542.0, 1.0, 3.0, 0.0004378643643576652
0, 765.0, 753.0, 1.0, 3.0, 0.00043777175596915185
0, 479.0, 904.0, 1.0, 4.0, 0.00043777006794698536
0, 489.0, 544.0, 1.0, 3.0, 0.0004376177676022053
0, 243.0, 339.0, 1.0, 3.0, 0.000437584996689111
0, 484.0, 905.0, 1.0, 4.0, 0.000437583978055045
0, 631.0, 512.0, 1.0, 3.0, 0.0004375424759928137
0, 856.0, 489.0, 1.0, 3.0, 0.00043746971641667187
0, 219.0, 917.0, 1.0, 3.0, 0.0004374421841930598
0, 341.0, 406.0, 1.0, 3.0, 0.00043711872422136366
0, 705.0, 905.0, 1.0, 3.0, 0.0004367163637652993
0, 930.0, 930.0, 1.0, 4.0, 0.0004364566702861339
0, 252.0, 919.0, 1.0, 4.0, 0.00043618737254291773
0, 43.0, 507.0, 0.0, 3.0, 0.0004361100436653942
0, 904.0, 520.0, 1.0, 3.0, 0.0004357177531346679
0, 327.0, 678.0, 1.0, 4.0, 0.0004354600969236344
0, 920.0, 562.0, 0.0, 2.0, 0.0004352424293756485
0, 757.0, 754.0, 0.0, 3.0, 0.0004352015967015177
0, 330.0, 918.0, 1.0, 3.0, 0.00043508733506314456
0, 918.0, 930.0, 1.0, 4.0, 0.0004349913215264678
0, 473.0, 561.0, 1.0, 3.0, 0.00043477656436152756
0, 726.0, 906.0, 1.0, 4.0, 0.0004345807828940451
0, 905.0, 527.0, 1.0, 4.0, 0.00043424201430752873
0, 120.0, 904.0, 1.0, 3.0, 0.00043339942931197584
0, 158.0, 917.0, 1.0, 3.0, 0.0004330019874032587
0, 127.0, 680.0, 1.0, 4.0, 0.00043293117778375745
0, 127.0, 906.0, 1.0, 4.0, 0.0004328262002673
0, 865.0, 932.0, 1.0, 4.0, 0.00043049099622294307
0, 668.0, 917.0, 1.0, 3.0, 0.00043016939889639616
0, 649.0, 818.0, 1.0, 4.0, 0.00042995906551368535
0, 614.0, 918.0, 1.0, 3.0, 0.0004296874103602022
0, 18.0, 931.0, 1.0, 4.0, 0.00042883239802904427
0, 703.0, 603.0, 1.0, 4.0, 0.000428398692747578
0, 178.0, 931.0, 1.0, 4.0, 0.00042751507135108113
0, 643.0, 816.0, 1.0, 3.0, 0.0004274571838323027
0, 43.0, 919.0, 1.0, 4.0, 0.0004261079302523285
0, 130.0, 625.0, 1.0, 4.0, 0.00042503426084294915
0, 494.0, 931.0, 1.0, 4.0, 0.00042455364018678665
0, 489.0, 931.0, 1.0, 3.0, 0.000424102385295555
0, 704.0, 931.0, 0.0, 3.0, 0.000422758050262928
0, 393.0, 942.0, 1.0, 4.0, 0.0004219303373247385
0, 641.0, 931.0, 1.0, 4.0, 0.0004219109832774848
0, 527.0, 943.0, 1.0, 3.0, 0.00042188121005892754
0, 681.0, 930.0, 1.0, 3.0, 0.000421870790887624
0, 714.0, 656.0, 1.0, 3.0, 0.0004218643589410931
0, 433.0, 546.0, 1.0, 3.0, 0.0004217039095237851
0, 181.0, 942.0, 1.0, 3.0, 0.0004207701131235808
0, 43.0, 930.0, 1.0, 4.0, 0.0004195684741716832
0, 130.0, 931.0, 1.0, 3.0, 0.0004184269637335092
0, 142.0, 602.0, 1.0, 3.0, 0.0004168231680523604
0, 93.0, 577.0, 1.0, 3.0, 0.00041632025386206806
0, 455.0, 955.0, 1.0, 3.0, 0.00041561873513273895
0, 153.0, 944.0, 1.0, 3.0, 0.0004142426769249141
0, 241.0, 490.0, 1.0, 3.0, 0.0004116441705264151
0, 130.0, 943.0, 1.0, 3.0, 0.0004092513700015843
0, 689.0, 694.0, 1.0, 3.0, 0.0004065738758072257
0, 202.0, 519.0, 1.0, 3.0, 0.00040444007026962936
