0, 288.0, 43.0, 35.0, 38.0, 0.9190790057182312
0, 286.0, 579.0, 42.0, 43.0, 0.9094868302345276
0, 190.0, 1144.0, 42.0, 37.0, 0.9036718606948853
0, 311.0, 752.0, 42.0, 33.0, 0.9026936292648315
0, 290.0, 838.0, 47.0, 56.0, 0.890826940536499
0, 192.0, 1577.0, 45.0, 32.0, 0.8836669325828552
0, 56.0, 137.0, 34.0, 35.0, 0.8731021881103516
0, 389.0, 1069.0, 41.0, 40.0, 0.8695384860038757
0, 253.0, 1255.0, 39.0, 31.0, 0.8673269152641296
0, 243.0, 1943.0, 35.0, 33.0, 0.8669025897979736
0, 127.0, 1504.0, 46.0, 39.0, 0.8665353655815125
0, 274.0, 1904.0, 59.0, 43.0, 0.865894615650177
0, 315.0, 1577.0, 39.0, 40.0, 0.8635138869285583
0, 134.0, 578.0, 53.0, 45.0, 0.8623586893081665
0, 57.0, 1578.0, 37.0, 37.0, 0.8485448956489563
0, 53.0, 1112.0, 43.0, 39.0, 0.8475176095962524
0, 227.0, 1083.0, 36.0, 39.0, 0.8294486999511719
0, 392.0, 413.0, 40.0, 39.0, 0.8286399245262146
0, 298.0, 89.0, 43.0, 41.0, 0.8275552988052368
0, 172.0, 1095.0, 33.0, 45.0, 0.8209284543991089
0, 238.0, 810.0, 59.0, 39.0, 0.8167465925216675
0, 49.0, 1191.0, 41.0, 43.0, 0.8026487231254578
0, 126.0, 1095.0, 33.0, 30.0, 0.7998748421669006
0, 391.0, 1325.0, 51.0, 46.0, 0.7997887134552002
0, 25.0, 1604.0, 38.0, 36.0, 0.7957727313041687
0, 436.0, 683.0, 37.0, 41.0, 0.7950227856636047
0, 21.0, 692.0, 43.0, 34.0, 0.7934946417808533
0, 356.0, 1464.0, 33.0, 34.0, 0.7908015251159668
0, 379.0, 1526.0, 35.0, 37.0, 0.7899548411369324
0, 453.0, 1460.0, 42.0, 55.0, 0.7828413248062134
0, 169.0, 307.0, 35.0, 37.0, 0.7816153764724731
0, 369.0, 985.0, 41.0, 36.0, 0.7783944010734558
0, 167.0, 1461.0, 38.0, 28.0, 0.7722662687301636
0, 148.0, 115.0, 47.0, 53.0, 0.7719008922576904
0, 185.0, 733.0, 48.0, 29.0, 0.7701836824417114
0, 174.0, 487.0, 52.0, 43.0, 0.7656357884407043
0, 395.0, 474.0, 44.0, 45.0, 0.7625895738601685
0, 297.0, 154.0, 37.0, 34.0, 0.7614648342132568
0, 300.0, 658.0, 44.0, 34.0, 0.7571592330932617
0, 437.0, 620.0, 42.0, 35.0, 0.7526938915252686
0, 232.0, 865.0, 38.0, 37.0, 0.75127112865448
0, 182.0, 812.0, 41.0, 35.0, 0.7488189935684204
0, 362.0, 1163.0, 49.0, 37.0, 0.7420499324798584
0, 18.0, 635.0, 31.0, 38.0, 0.7372943758964539
0, 294.0, 468.0, 40.0, 27.0, 0.7171216607093811
0, 72.0, 1680.0, 38.0, 41.0, 0.7124208807945251
0, 337.0, 1628.0, 57.0, 51.0, 0.712127149105072
0, 96.0, 508.0, 33.0, 45.0, 0.7116665244102478
0, 117.0, 1471.0, 34.0, 32.0, 0.7112451791763306
0, 223.0, 545.0, 53.0, 55.0, 0.7010781764984131
0, 122.0, 1608.0, 37.0, 41.0, 0.6952403783798218
0, 127.0, 1154.0, 41.0, 35.0, 0.6907103061676025
0, 214.0, 768.0, 39.0, 28.0, 0.6870052218437195
0, 312.0, 1469.0, 39.0, 38.0, 0.6869058012962341
0, 139.0, 756.0, 44.0, 37.0, 0.6866047978401184
0, 165.0, 702.0, 42.0, 42.0, 0.6855223178863525
0, 450.0, 809.0, 42.0, 39.0, 0.6773363351821899
0, 303.0, 905.0, 45.0, 36.0, 0.6729698181152344
0, 68.0, 11.0, 36.0, 23.0, 0.6670228242874146
0, 327.0, 1198.0, 43.0, 30.0, 0.666350245475769
0, 266.0, 725.0, 54.0, 45.0, 0.6630328297615051
0, 377.0, 646.0, 49.0, 42.0, 0.6622479557991028
0, 36.0, 208.0, 36.0, 30.0, 0.661084771156311
0, 121.0, 1695.0, 50.0, 40.0, 0.6582714319229126
0, 448.0, 1260.0, 47.0, 40.0, 0.6458998918533325
0, 64.0, 819.0, 39.0, 37.0, 0.6442888975143433
0, 347.0, 933.0, 53.0, 42.0, 0.6438608765602112
0, 295.0, 1986.0, 37.0, 26.0, 0.6255332827568054
0, 113.0, 861.0, 57.0, 51.0, 0.6182997226715088
0, 138.0, 654.0, 32.0, 26.0, 0.6112217903137207
0, 367.0, 590.0, 35.0, 49.0, 0.6075262427330017
0, 95.0, 168.0, 39.0, 35.0, 0.60056072473526
0, 404.0, 120.0, 33.0, 38.0, 0.5892840623855591
0, 459.0, 745.0, 31.0, 32.0, 0.5840536952018738
0, 241.0, 231.0, 49.0, 64.0, 0.5733886957168579
0, 356.0, 1378.0, 42.0, 42.0, 0.5727957487106323
0, 292.0, 1941.0, 43.0, 37.0, 0.5698966383934021
0, 35.0, 1351.0, 35.0, 41.0, 0.569819986820221
0, 327.0, 1347.0, 30.0, 43.0, 0.5573813915252686
0, 308.0, 518.0, 51.0, 38.0, 0.5549156069755554
0, 407.0, 1197.0, 37.0, 45.0, 0.5511137843132019
0, 127.0, 449.0, 40.0, 34.0, 0.5460934042930603
0, 393.0, 1442.0, 31.0, 31.0, 0.5438493490219116
0, 437.0, 1539.0, 42.0, 54.0, 0.5424322485923767
0, 59.0, 1452.0, 50.0, 42.0, 0.5404257774353027
0, 22.0, 95.0, 31.0, 33.0, 0.5339921712875366
0, 14.0, 1436.0, 27.0, 29.0, 0.5334572196006775
0, 257.0, 324.0, 46.0, 47.0, 0.5330063104629517
0, 227.0, 655.0, 58.0, 79.0, 0.529330849647522
0, 275.0, 1421.0, 55.0, 46.0, 0.5277548432350159
0, 417.0, 333.0, 43.0, 40.0, 0.5238183736801147
0, 334.0, 207.0, 42.0, 26.0, 0.5224469900131226
0, 77.0, 1166.0, 24.0, 35.0, 0.5190381407737732
0, 381.0, 1241.0, 36.0, 37.0, 0.5187615752220154
0, 62.0, 1523.0, 36.0, 37.0, 0.5184307098388672
0, 352.0, 366.0, 51.0, 46.0, 0.5178754329681396
0, 376.0, 760.0, 27.0, 27.0, 0.5172580480575562
0, 399.0, 892.0, 50.0, 43.0, 0.515419065952301
0, 449.0, 1207.0, 37.0, 34.0, 0.5129351019859314
0, 105.0, 329.0, 31.0, 41.0, 0.5109106302261353
0, 29.0, 1277.0, 31.0, 36.0, 0.5071543455123901
0, 238.0, 68.0, 39.0, 46.0, 0.5062094330787659
0, 448.0, 1973.0, 46.0, 50.0, 0.5057040452957153
1, 293.0, 1819.0, 20.0, 24.0, 0.5012794733047485
