1, 448.0, 323.0, 23.0, 20.0, 0.9111831188201904
1, 14.0, 210.0, 23.0, 23.0, 0.9036334156990051
1, 641.0, 51.0, 25.0, 19.0, 0.8974640369415283
1, 767.0, 186.0, 19.0, 20.0, 0.8942567110061646
1, 250.0, 179.0, 19.0, 19.0, 0.8925093412399292
1, 651.0, 82.0, 25.0, 19.0, 0.8903328776359558
1, 630.0, 289.0, 21.0, 22.0, 0.8899375200271606
1, 426.0, 131.0, 20.0, 22.0, 0.8887743949890137
1, 99.0, 432.0, 26.0, 21.0, 0.8881751894950867
1, 650.0, 465.0, 24.0, 24.0, 0.8867285251617432
1, 176.0, 554.0, 23.0, 21.0, 0.8857294321060181
1, 30.0, 442.0, 20.0, 21.0, 0.8851219415664673
1, 592.0, 48.0, 18.0, 20.0, 0.8849399089813232
1, 476.0, 163.0, 24.0, 20.0, 0.8831348419189453
1, 640.0, 397.0, 19.0, 24.0, 0.8818905353546143
1, 744.0, 585.0, 21.0, 19.0, 0.8809904456138611
1, 353.0, 176.0, 20.0, 22.0, 0.8800379633903503
1, 320.0, 300.0, 23.0, 20.0, 0.8792755603790283
1, 771.0, 352.0, 23.0, 18.0, 0.8788489699363708
1, 19.0, 238.0, 22.0, 22.0, 0.8775730729103088
1, 689.0, 172.0, 17.0, 21.0, 0.8763183951377869
1, 566.0, 481.0, 19.0, 20.0, 0.8756459951400757
1, 152.0, 501.0, 22.0, 21.0, 0.8728699088096619
1, 650.0, 607.0, 19.0, 20.0, 0.8726710677146912
1, 596.0, 293.0, 20.0, 19.0, 0.8724687099456787
1, 438.0, 270.0, 21.0, 20.0, 0.8714591264724731
1, 168.0, 121.0, 22.0, 21.0, 0.8710973262786865
1, 91.0, 317.0, 21.0, 20.0, 0.8706362247467041
1, 26.0, 556.0, 23.0, 23.0, 0.8693459033966064
1, 560.0, 410.0, 21.0, 20.0, 0.8690794706344604
1, 721.0, 432.0, 22.0, 19.0, 0.8689785599708557
1, 596.0, 603.0, 18.0, 20.0, 0.8675050139427185
1, 158.0, 64.0, 21.0, 19.0, 0.8660663962364197
1, 705.0, 368.0, 16.0, 18.0, 0.8648940324783325
1, 545.0, 62.0, 19.0, 23.0, 0.8643032908439636
1, 128.0, 614.0, 19.0, 18.0, 0.8640799522399902
1, 245.0, 17.0, 21.0, 20.0, 0.8639029264450073
1, 439.0, 43.0, 20.0, 21.0, 0.8634017705917358
1, 587.0, 362.0, 18.0, 18.0, 0.8627839088439941
1, 45.0, 305.0, 20.0, 24.0, 0.8626283407211304
1, 248.0, 132.0, 25.0, 19.0, 0.861404538154602
1, 187.0, 402.0, 20.0, 18.0, 0.8599599003791809
1, 21.0, 86.0, 20.0, 20.0, 0.8592183589935303
1, 334.0, 100.0, 19.0, 21.0, 0.8592126369476318
1, 665.0, 251.0, 20.0, 22.0, 0.8591024279594421
1, 629.0, 594.0, 21.0, 20.0, 0.8569645285606384
1, 621.0, 466.0, 21.0, 19.0, 0.8569639921188354
1, 517.0, 287.0, 24.0, 21.0, 0.8562867641448975
1, 443.0, 297.0, 21.0, 19.0, 0.8549033403396606
1, 388.0, 333.0, 22.0, 23.0, 0.8540768027305603
1, 534.0, 203.0, 21.0, 20.0, 0.8540732264518738
1, 714.0, 387.0, 21.0, 18.0, 0.8540696501731873
1, 472.0, 126.0, 18.0, 26.0, 0.8520369529724121
1, 412.0, 284.0, 19.0, 19.0, 0.8514297604560852
1, 198.0, 133.0, 21.0, 20.0, 0.8514232039451599
1, 547.0, 230.0, 21.0, 20.0, 0.8508878350257874
1, 551.0, 253.0, 24.0, 21.0, 0.8497966527938843
1, 170.0, 226.0, 23.0, 21.0, 0.8471848368644714
1, 247.0, 153.0, 25.0, 20.0, 0.8465461730957031
1, 774.0, 7.0, 17.0, 14.0, 0.8456000685691833
1, 701.0, 87.0, 22.0, 22.0, 0.8450727462768555
1, 148.0, 96.0, 20.0, 21.0, 0.8448123335838318
1, 188.0, 438.0, 21.0, 20.0, 0.8447542190551758
1, 429.0, 244.0, 23.0, 21.0, 0.8445627093315125
1, 391.0, 416.0, 21.0, 17.0, 0.8443588614463806
1, 364.0, 203.0, 22.0, 19.0, 0.843518853187561
1, 499.0, 39.0, 19.0, 26.0, 0.8433440327644348
1, 640.0, 547.0, 22.0, 23.0, 0.8430540561676025
1, 679.0, 471.0, 22.0, 20.0, 0.84275221824646
1, 561.0, 189.0, 20.0, 21.0, 0.8425541520118713
1, 558.0, 332.0, 22.0, 23.0, 0.8406355381011963
1, 50.0, 378.0, 21.0, 19.0, 0.8401996493339539
1, 410.0, 150.0, 22.0, 23.0, 0.8386925458908081
1, 357.0, 530.0, 23.0, 20.0, 0.83758944272995
1, 282.0, 332.0, 19.0, 20.0, 0.8374242186546326
1, 80.0, 60.0, 29.0, 21.0, 0.8363572359085083
1, 601.0, 450.0, 20.0, 18.0, 0.83575838804245
1, 281.0, 270.0, 25.0, 24.0, 0.8354253768920898
1, 403.0, 226.0, 19.0, 20.0, 0.8339949250221252
1, 80.0, 34.0, 21.0, 23.0, 0.8337278962135315
1, 566.0, 609.0, 20.0, 15.0, 0.8325989842414856
1, 269.0, 246.0, 20.0, 21.0, 0.8324241638183594
1, 383.0, 498.0, 20.0, 25.0, 0.8323186635971069
1, 779.0, 39.0, 15.0, 17.0, 0.8321582674980164
1, 510.0, 338.0, 18.0, 19.0, 0.8320125937461853
1, 345.0, 565.0, 27.0, 26.0, 0.8309785723686218
1, 102.0, 27.0, 20.0, 22.0, 0.8303400278091431
1, 414.0, 352.0, 19.0, 20.0, 0.8302896618843079
1, 80.0, 446.0, 20.0, 18.0, 0.8299217820167542
1, 203.0, 101.0, 17.0, 22.0, 0.8297730684280396
1, 444.0, 141.0, 19.0, 17.0, 0.8294309973716736
1, 492.0, 181.0, 20.0, 28.0, 0.8292585015296936
1, 715.0, 112.0, 18.0, 18.0, 0.8292220830917358
1, 739.0, 367.0, 19.0, 16.0, 0.8276299238204956
1, 522.0, 72.0, 19.0, 20.0, 0.8274227380752563
1, 180.0, 606.0, 18.0, 22.0, 0.8271874189376831
1, 431.0, 340.0, 22.0, 23.0, 0.8266556262969971
1, 286.0, 127.0, 21.0, 23.0, 0.8253495097160339
1, 94.0, 256.0, 23.0, 21.0, 0.8249516487121582
1, 546.0, 108.0, 19.0, 16.0, 0.8240267634391785
1, 476.0, 466.0, 21.0, 17.0, 0.8236199617385864
1, 381.0, 275.0, 22.0, 21.0, 0.822689414024353
1, 92.0, 90.0, 20.0, 20.0, 0.8222773671150208
1, 360.0, 102.0, 20.0, 17.0, 0.8211080431938171
1, 404.0, 444.0, 20.0, 24.0, 0.8210837841033936
1, 430.0, 210.0, 21.0, 20.0, 0.8196367025375366
1, 415.0, 55.0, 21.0, 21.0, 0.819476306438446
1, 283.0, 213.0, 21.0, 20.0, 0.8185648918151855
1, 140.0, 546.0, 21.0, 20.0, 0.8175274133682251
1, 447.0, 596.0, 20.0, 18.0, 0.8172414302825928
1, 751.0, 171.0, 17.0, 21.0, 0.8170301914215088
1, 21.0, 185.0, 21.0, 22.0, 0.8169271349906921
1, 602.0, 551.0, 21.0, 21.0, 0.8168687224388123
1, 414.0, 580.0, 20.0, 17.0, 0.8168423771858215
1, 342.0, 126.0, 19.0, 22.0, 0.816808819770813
1, 121.0, 37.0, 18.0, 21.0, 0.8161618709564209
1, 727.0, 91.0, 18.0, 19.0, 0.815963625907898
1, 40.0, 11.0, 22.0, 23.0, 0.8158940076828003
1, 11.0, 461.0, 18.0, 22.0, 0.8155714869499207
1, 653.0, 322.0, 22.0, 19.0, 0.8148581981658936
1, 248.0, 546.0, 19.0, 15.0, 0.8144062757492065
1, 505.0, 364.0, 22.0, 19.0, 0.813885509967804
1, 221.0, 107.0, 20.0, 21.0, 0.8131210207939148
1, 432.0, 13.0, 20.0, 17.0, 0.8126170039176941
1, 239.0, 217.0, 20.0, 21.0, 0.8124125599861145
1, 525.0, 427.0, 19.0, 18.0, 0.8122738599777222
1, 288.0, 18.0, 20.0, 24.0, 0.8114357590675354
1, 368.0, 400.0, 20.0, 20.0, 0.810840368270874
1, 64.0, 162.0, 18.0, 20.0, 0.8108000755310059
1, 46.0, 584.0, 21.0, 19.0, 0.8104063272476196
1, 610.0, 32.0, 19.0, 17.0, 0.8101341724395752
1, 41.0, 408.0, 19.0, 18.0, 0.8096787333488464
1, 714.0, 593.0, 23.0, 18.0, 0.8091805577278137
1, 670.0, 181.0, 18.0, 21.0, 0.8091753125190735
1, 523.0, 610.0, 15.0, 19.0, 0.8086652159690857
1, 110.0, 64.0, 22.0, 25.0, 0.8084465265274048
1, 385.0, 366.0, 21.0, 20.0, 0.8050550818443298
1, 203.0, 17.0, 20.0, 20.0, 0.8040323853492737
1, 191.0, 335.0, 19.0, 20.0, 0.8021115660667419
1, 300.0, 290.0, 19.0, 20.0, 0.8010733127593994
1, 201.0, 66.0, 19.0, 26.0, 0.7996500134468079
1, 228.0, 372.0, 23.0, 19.0, 0.7994617223739624
1, 418.0, 526.0, 20.0, 21.0, 0.7985622882843018
1, 390.0, 163.0, 21.0, 21.0, 0.7978001236915588
1, 52.0, 56.0, 18.0, 20.0, 0.7977354526519775
1, 367.0, 144.0, 20.0, 23.0, 0.7971423268318176
1, 20.0, 113.0, 22.0, 19.0, 0.7968308329582214
1, 740.0, 390.0, 21.0, 19.0, 0.796021044254303
1, 295.0, 496.0, 17.0, 22.0, 0.794037401676178
1, 615.0, 136.0, 19.0, 18.0, 0.792131781578064
1, 703.0, 613.0, 22.0, 17.0, 0.7907096147537231
1, 261.0, 309.0, 23.0, 18.0, 0.7903451323509216
1, 563.0, 37.0, 19.0, 21.0, 0.7898880839347839
1, 712.0, 343.0, 17.0, 16.0, 0.788785457611084
1, 356.0, 227.0, 18.0, 17.0, 0.7886839509010315
1, 319.0, 439.0, 20.0, 19.0, 0.7875367403030396
1, 460.0, 353.0, 21.0, 20.0, 0.787325382232666
1, 12.0, 366.0, 18.0, 21.0, 0.7871261239051819
1, 293.0, 229.0, 21.0, 20.0, 0.7863562107086182
1, 486.0, 509.0, 21.0, 19.0, 0.7861692905426025
1, 694.0, 250.0, 18.0, 17.0, 0.7854709029197693
1, 262.0, 115.0, 20.0, 19.0, 0.7850735783576965
1, 584.0, 199.0, 20.0, 20.0, 0.784704864025116
1, 361.0, 349.0, 17.0, 20.0, 0.784242570400238
1, 114.0, 361.0, 21.0, 19.0, 0.7840989232063293
1, 754.0, 432.0, 17.0, 19.0, 0.7830569744110107
1, 720.0, 213.0, 20.0, 21.0, 0.7830331921577454
1, 13.0, 599.0, 24.0, 20.0, 0.7829901576042175
1, 476.0, 378.0, 18.0, 19.0, 0.7822785973548889
1, 562.0, 211.0, 21.0, 19.0, 0.7817898988723755
1, 590.0, 17.0, 19.0, 21.0, 0.7802001237869263
1, 458.0, 53.0, 16.0, 22.0, 0.7798654437065125
1, 165.0, 177.0, 18.0, 25.0, 0.7785817384719849
1, 324.0, 145.0, 22.0, 20.0, 0.7774720191955566
1, 59.0, 329.0, 19.0, 18.0, 0.7772524952888489
1, 201.0, 232.0, 18.0, 22.0, 0.7769639492034912
1, 646.0, 28.0, 21.0, 21.0, 0.7755662202835083
1, 380.0, 219.0, 19.0, 17.0, 0.7750315070152283
1, 537.0, 494.0, 25.0, 18.0, 0.774840772151947
1, 348.0, 319.0, 22.0, 22.0, 0.7745869159698486
1, 612.0, 356.0, 20.0, 18.0, 0.7743944525718689
1, 46.0, 350.0, 19.0, 19.0, 0.7724822759628296
1, 701.0, 634.0, 20.0, 18.0, 0.7722209095954895
1, 664.0, 593.0, 16.0, 14.0, 0.7719538807868958
1, 32.0, 64.0, 17.0, 19.0, 0.7717795968055725
1, 780.0, 202.0, 13.0, 20.0, 0.7692610025405884
1, 130.0, 145.0, 20.0, 21.0, 0.7691971063613892
1, 694.0, 214.0, 19.0, 20.0, 0.7687782049179077
1, 334.0, 167.0, 17.0, 20.0, 0.7680944204330444
1, 682.0, 547.0, 18.0, 19.0, 0.7663711905479431
1, 31.0, 266.0, 22.0, 21.0, 0.7656646370887756
1, 21.0, 319.0, 19.0, 31.0, 0.765466570854187
1, 464.0, 515.0, 20.0, 19.0, 0.7652912139892578
1, 708.0, 194.0, 22.0, 20.0, 0.7628707885742188
1, 645.0, 361.0, 24.0, 17.0, 0.7616730332374573
1, 250.0, 374.0, 17.0, 21.0, 0.7579941153526306
1, 556.0, 138.0, 22.0, 19.0, 0.7578780651092529
1, 121.0, 564.0, 17.0, 20.0, 0.7577367424964905
1, 92.0, 222.0, 18.0, 20.0, 0.7574989199638367
1, 480.0, 56.0, 17.0, 22.0, 0.757492184638977
1, 711.0, 65.0, 18.0, 16.0, 0.7573367953300476
1, 221.0, 139.0, 22.0, 22.0, 0.756449282169342
1, 19.0, 410.0, 19.0, 19.0, 0.7562922835350037
1, 480.0, 297.0, 18.0, 21.0, 0.7562288641929626
1, 439.0, 369.0, 18.0, 20.0, 0.7561371326446533
1, 782.0, 408.0, 9.0, 20.0, 0.7544869184494019
1, 757.0, 271.0, 19.0, 21.0, 0.7525585293769836
1, 374.0, 313.0, 20.0, 22.0, 0.7523838877677917
1, 662.0, 432.0, 19.0, 21.0, 0.7506676316261292
1, 395.0, 128.0, 19.0, 21.0, 0.7493307590484619
1, 493.0, 134.0, 21.0, 24.0, 0.749321699142456
1, 159.0, 614.0, 21.0, 25.0, 0.7488272190093994
1, 583.0, 95.0, 17.0, 22.0, 0.7479876279830933
1, 481.0, 620.0, 23.0, 18.0, 0.7458794116973877
1, 374.0, 113.0, 19.0, 17.0, 0.7454912662506104
1, 227.0, 403.0, 21.0, 19.0, 0.743051290512085
1, 220.0, 328.0, 24.0, 25.0, 0.7425928711891174
1, 86.0, 134.0, 21.0, 17.0, 0.742496907711029
1, 701.0, 133.0, 17.0, 23.0, 0.7422888278961182
1, 685.0, 369.0, 18.0, 17.0, 0.7416513562202454
1, 229.0, 433.0, 20.0, 21.0, 0.740700364112854
1, 766.0, 68.0, 21.0, 21.0, 0.7400333881378174
1, 252.0, 402.0, 19.0, 21.0, 0.7373251914978027
1, 776.0, 165.0, 18.0, 16.0, 0.7358913421630859
1, 333.0, 8.0, 21.0, 17.0, 0.7347972393035889
1, 41.0, 139.0, 21.0, 23.0, 0.7342721223831177
1, 595.0, 320.0, 18.0, 17.0, 0.7329565286636353
1, 609.0, 632.0, 18.0, 14.0, 0.7316191792488098
1, 83.0, 470.0, 18.0, 18.0, 0.730790913105011
1, 518.0, 9.0, 18.0, 18.0, 0.7279231548309326
1, 318.0, 327.0, 22.0, 23.0, 0.7254528999328613
1, 155.0, 242.0, 15.0, 16.0, 0.7254099249839783
1, 331.0, 529.0, 19.0, 22.0, 0.7252877354621887
1, 111.0, 553.0, 20.0, 21.0, 0.7252691984176636
1, 661.0, 571.0, 25.0, 20.0, 0.7249534130096436
1, 566.0, 87.0, 17.0, 23.0, 0.7243211269378662
1, 534.0, 622.0, 17.0, 20.0, 0.7237175703048706
1, 124.0, 101.0, 29.0, 40.0, 0.7236625552177429
1, 506.0, 538.0, 22.0, 20.0, 0.7230451703071594
1, 690.0, 30.0, 20.0, 21.0, 0.7226113080978394
1, 687.0, 523.0, 20.0, 19.0, 0.7188863158226013
1, 537.0, 181.0, 19.0, 18.0, 0.7186427116394043
1, 735.0, 118.0, 15.0, 20.0, 0.7182714939117432
1, 679.0, 453.0, 17.0, 19.0, 0.7174577116966248
1, 409.0, 376.0, 21.0, 21.0, 0.717324435710907
1, 481.0, 81.0, 19.0, 18.0, 0.7172135710716248
1, 418.0, 26.0, 21.0, 26.0, 0.7138248085975647
1, 208.0, 419.0, 18.0, 20.0, 0.71322101354599
1, 183.0, 155.0, 23.0, 15.0, 0.7129891514778137
1, 719.0, 407.0, 22.0, 18.0, 0.7128462195396423
1, 619.0, 59.0, 17.0, 17.0, 0.7114611268043518
1, 515.0, 37.0, 14.0, 21.0, 0.7094192504882812
1, 171.0, 428.0, 20.0, 20.0, 0.7088150382041931
1, 168.0, 354.0, 21.0, 19.0, 0.7083556652069092
1, 663.0, 379.0, 19.0, 22.0, 0.7069028615951538
1, 324.0, 60.0, 19.0, 20.0, 0.7041594982147217
1, 471.0, 540.0, 21.0, 23.0, 0.7040128111839294
1, 474.0, 195.0, 20.0, 23.0, 0.7036288976669312
1, 72.0, 114.0, 24.0, 24.0, 0.7035667300224304
1, 40.0, 329.0, 22.0, 23.0, 0.7028651833534241
1, 289.0, 605.0, 24.0, 25.0, 0.7006849050521851
1, 573.0, 299.0, 19.0, 18.0, 0.6997864246368408
1, 197.0, 382.0, 20.0, 18.0, 0.6964402794837952
1, 732.0, 13.0, 20.0, 18.0, 0.6964023113250732
1, 107.0, 388.0, 20.0, 16.0, 0.6962665915489197
1, 467.0, 29.0, 19.0, 20.0, 0.6960331797599792
1, 108.0, 204.0, 24.0, 21.0, 0.695848822593689
1, 706.0, 292.0, 24.0, 19.0, 0.6915240287780762
1, 28.0, 392.0, 18.0, 18.0, 0.6893625855445862
1, 87.0, 160.0, 19.0, 20.0, 0.6889729499816895
1, 602.0, 249.0, 20.0, 16.0, 0.685528039932251
1, 570.0, 377.0, 19.0, 24.0, 0.6854416728019714
1, 46.0, 632.0, 24.0, 17.0, 0.6851763129234314
1, 754.0, 16.0, 19.0, 22.0, 0.6847301721572876
1, 376.0, 524.0, 19.0, 19.0, 0.6803150177001953
1, 440.0, 396.0, 20.0, 17.0, 0.6802825927734375
1, 437.0, 68.0, 22.0, 22.0, 0.6791419982910156
1, 733.0, 313.0, 19.0, 17.0, 0.6777147650718689
1, 231.0, 180.0, 16.0, 17.0, 0.6773940324783325
1, 248.0, 529.0, 24.0, 17.0, 0.6758956909179688
1, 126.0, 223.0, 19.0, 20.0, 0.6728516817092896
1, 671.0, 15.0, 17.0, 20.0, 0.6728460788726807
1, 593.0, 479.0, 21.0, 20.0, 0.6725981831550598
1, 723.0, 33.0, 14.0, 19.0, 0.6714696288108826
1, 457.0, 190.0, 18.0, 23.0, 0.6663292050361633
1, 737.0, 55.0, 23.0, 23.0, 0.665400505065918
1, 438.0, 96.0, 19.0, 26.0, 0.665191650390625
1, 641.0, 426.0, 16.0, 14.0, 0.6581969261169434
1, 582.0, 422.0, 17.0, 22.0, 0.6563830375671387
1, 594.0, 383.0, 15.0, 24.0, 0.6556258201599121
1, 252.0, 46.0, 18.0, 24.0, 0.6555012464523315
1, 546.0, 593.0, 23.0, 17.0, 0.6532456874847412
1, 410.0, 110.0, 24.0, 36.0, 0.6529452800750732
1, 576.0, 549.0, 18.0, 19.0, 0.6527238488197327
1, 606.0, 109.0, 23.0, 31.0, 0.6516630053520203
1, 23.0, 132.0, 16.0, 18.0, 0.6509220600128174
1, 7.0, 342.0, 14.0, 22.0, 0.6494210362434387
1, 312.0, 15.0, 19.0, 22.0, 0.6482435464859009
1, 100.0, 144.0, 15.0, 20.0, 0.64715176820755
1, 21.0, 582.0, 19.0, 19.0, 0.6468378901481628
