3, 262.0, 64.0, 87.0, 73.0, 0.9707708954811096
3, 266.0, 136.0, 48.0, 47.0, 0.9638028144836426
3, 245.0, 297.0, 77.0, 91.0, 0.959673285484314
3, 193.0, 72.0, 50.0, 54.0, 0.9550126791000366
3, 376.0, 197.0, 95.0, 93.0, 0.9532585144042969
3, 287.0, 197.0, 69.0, 69.0, 0.9151789546012878
3, 322.0, 257.0, 69.0, 65.0, 0.9136318564414978
3, 186.0, 140.0, 84.0, 80.0, 0.8470772504806519
3, 123.0, 205.0, 72.0, 71.0, 0.8307209610939026
3, 177.0, 327.0, 83.0, 98.0, 0.7846872210502625
3, 109.0, 347.0, 85.0, 72.0, 0.7255160808563232
3, 111.0, 291.0, 48.0, 43.0, 0.6751468777656555
3, 205.0, 29.0, 55.0, 58.0, 0.6730165481567383
3, 157.0, 240.0, 78.0, 72.0, 0.6557545065879822
3, 294.0, 353.0, 84.0, 61.0, 0.6226381063461304
3, 218.0, 191.0, 43.0, 37.0, 0.5725578665733337
