3, 89.0, 233.0, 127.0, 128.0, 0.9281287789344788
3, 96.0, 162.0, 55.0, 46.0, 0.8665131330490112
3, 270.0, 128.0, 59.0, 56.0, 0.8592256307601929
1, 153.0, 20.0, 16.0, 17.0, 0.8114205002784729
2, 182.0, 90.0, 26.0, 25.0, 0.7900097370147705
3, 167.0, 248.0, 52.0, 40.0, 0.7780870795249939
3, 29.0, 145.0, 59.0, 50.0, 0.7668633460998535
1, 141.0, 6.0, 19.0, 12.0, 0.6996378302574158
1, 14.0, 236.0, 26.0, 27.0, 0.6604467630386353
3, 151.0, 74.0, 52.0, 42.0, 0.63604336977005
3, 20.0, 11.0, 41.0, 23.0, 0.6225878000259399
3, 34.0, 192.0, 60.0, 56.0, 0.5995538234710693
1, 153.0, 40.0, 20.0, 21.0, 0.5048670172691345
