1, 178.0, 59.0, 18.0, 19.0, 0.9150101542472839
1, 555.0, 357.0, 19.0, 16.0, 0.9122746586799622
1, 546.0, 173.0, 17.0, 22.0, 0.9090415239334106
1, 385.0, 338.0, 16.0, 18.0, 0.9049426317214966
1, 44.0, 435.0, 18.0, 19.0, 0.9019737839698792
1, 798.0, 122.0, 18.0, 19.0, 0.9018665552139282
1, 189.0, 331.0, 18.0, 20.0, 0.897592306137085
1, 398.0, 558.0, 19.0, 18.0, 0.8972748517990112
1, 344.0, 567.0, 20.0, 22.0, 0.8946642279624939
1, 821.0, 477.0, 19.0, 22.0, 0.8944683074951172
1, 321.0, 351.0, 19.0, 21.0, 0.8943732976913452
1, 273.0, 546.0, 17.0, 19.0, 0.8935821652412415
1, 23.0, 492.0, 20.0, 18.0, 0.8931909203529358
1, 403.0, 320.0, 16.0, 21.0, 0.891309380531311
1, 147.0, 189.0, 18.0, 22.0, 0.8895888924598694
1, 787.0, 51.0, 18.0, 18.0, 0.8879169821739197
1, 335.0, 114.0, 20.0, 21.0, 0.8875105977058411
1, 584.0, 527.0, 19.0, 21.0, 0.8874438405036926
1, 201.0, 158.0, 18.0, 17.0, 0.8860280513763428
1, 451.0, 199.0, 18.0, 18.0, 0.8854416012763977
1, 485.0, 534.0, 18.0, 18.0, 0.8848141431808472
1, 267.0, 79.0, 16.0, 18.0, 0.8830410242080688
1, 641.0, 79.0, 17.0, 18.0, 0.882249116897583
1, 268.0, 209.0, 19.0, 20.0, 0.8818733096122742
1, 457.0, 299.0, 19.0, 18.0, 0.8809555172920227
1, 651.0, 208.0, 16.0, 19.0, 0.8800688982009888
1, 809.0, 220.0, 17.0, 18.0, 0.8795433640480042
1, 253.0, 516.0, 18.0, 19.0, 0.8792733550071716
1, 189.0, 78.0, 18.0, 17.0, 0.8789889216423035
1, 790.0, 281.0, 18.0, 20.0, 0.8789483308792114
1, 588.0, 337.0, 19.0, 24.0, 0.8786846399307251
1, 335.0, 200.0, 20.0, 23.0, 0.8781938552856445
1, 119.0, 361.0, 20.0, 20.0, 0.8778252601623535
1, 492.0, 557.0, 19.0, 17.0, 0.8767254948616028
1, 493.0, 10.0, 18.0, 20.0, 0.875977635383606
1, 358.0, 90.0, 20.0, 25.0, 0.8755220770835876
1, 344.0, 30.0, 24.0, 28.0, 0.8751131296157837
1, 547.0, 69.0, 17.0, 18.0, 0.8740084171295166
1, 128.0, 106.0, 17.0, 22.0, 0.8739964962005615
1, 774.0, 475.0, 16.0, 19.0, 0.8739745020866394
1, 442.0, 105.0, 16.0, 20.0, 0.873656690120697
1, 158.0, 536.0, 17.0, 20.0, 0.8728464841842651
1, 160.0, 494.0, 19.0, 18.0, 0.872646152973175
1, 733.0, 273.0, 18.0, 18.0, 0.8726032376289368
1, 66.0, 363.0, 19.0, 19.0, 0.8713582754135132
1, 455.0, 168.0, 19.0, 18.0, 0.8713129162788391
1, 661.0, 250.0, 18.0, 24.0, 0.8709905743598938
1, 588.0, 257.0, 16.0, 17.0, 0.8707011342048645
1, 241.0, 377.0, 18.0, 21.0, 0.8705892562866211
1, 566.0, 562.0, 18.0, 21.0, 0.8704096078872681
1, 100.0, 100.0, 18.0, 20.0, 0.8703965544700623
1, 254.0, 310.0, 19.0, 15.0, 0.8693890571594238
1, 250.0, 205.0, 19.0, 19.0, 0.8668500185012817
1, 221.0, 234.0, 20.0, 20.0, 0.8665263652801514
1, 217.0, 472.0, 17.0, 18.0, 0.8663991093635559
1, 157.0, 293.0, 18.0, 21.0, 0.8662710189819336
1, 185.0, 544.0, 18.0, 24.0, 0.8648041486740112
1, 305.0, 52.0, 22.0, 19.0, 0.864558756351471
1, 665.0, 555.0, 19.0, 19.0, 0.8645218014717102
1, 385.0, 534.0, 18.0, 21.0, 0.8635208606719971
1, 694.0, 225.0, 20.0, 17.0, 0.8634661436080933
1, 352.0, 173.0, 21.0, 18.0, 0.8617598414421082
1, 169.0, 337.0, 17.0, 20.0, 0.8608387112617493
1, 830.0, 128.0, 16.0, 20.0, 0.8603417873382568
1, 527.0, 544.0, 20.0, 18.0, 0.8598981499671936
1, 28.0, 274.0, 18.0, 20.0, 0.8590180277824402
1, 232.0, 297.0, 21.0, 21.0, 0.8585799932479858
1, 664.0, 94.0, 21.0, 21.0, 0.8579794764518738
1, 83.0, 339.0, 22.0, 34.0, 0.8565226197242737
1, 762.0, 361.0, 20.0, 18.0, 0.8564249873161316
1, 410.0, 535.0, 20.0, 21.0, 0.8557640314102173
1, 775.0, 298.0, 21.0, 18.0, 0.8555077910423279
1, 153.0, 258.0, 18.0, 22.0, 0.8554176688194275
1, 650.0, 177.0, 17.0, 17.0, 0.854657769203186
1, 506.0, 132.0, 25.0, 22.0, 0.8543359637260437
1, 573.0, 483.0, 19.0, 18.0, 0.8542906641960144
1, 217.0, 444.0, 17.0, 23.0, 0.8541722893714905
1, 243.0, 97.0, 19.0, 20.0, 0.8539677262306213
1, 634.0, 188.0, 17.0, 20.0, 0.8537519574165344
1, 691.0, 147.0, 16.0, 19.0, 0.8533045053482056
1, 712.0, 30.0, 17.0, 18.0, 0.8532537221908569
1, 731.0, 361.0, 18.0, 18.0, 0.8530133962631226
1, 828.0, 430.0, 19.0, 18.0, 0.8528174161911011
1, 684.0, 535.0, 22.0, 18.0, 0.8524225950241089
1, 629.0, 146.0, 18.0, 19.0, 0.8524210453033447
1, 555.0, 240.0, 18.0, 19.0, 0.852132260799408
1, 554.0, 22.0, 22.0, 21.0, 0.8516493439674377
1, 537.0, 284.0, 17.0, 23.0, 0.8515430688858032
1, 232.0, 53.0, 20.0, 20.0, 0.8504976630210876
1, 676.0, 220.0, 19.0, 18.0, 0.8503862619400024
1, 27.0, 325.0, 21.0, 20.0, 0.850303590297699
1, 79.0, 529.0, 15.0, 18.0, 0.8501798510551453
1, 683.0, 269.0, 18.0, 16.0, 0.850114107131958
1, 634.0, 332.0, 17.0, 19.0, 0.84969562292099
1, 350.0, 544.0, 17.0, 18.0, 0.8492803573608398
1, 558.0, 84.0, 17.0, 18.0, 0.8492047786712646
1, 45.0, 58.0, 20.0, 21.0, 0.8485727310180664
1, 307.0, 184.0, 16.0, 17.0, 0.8484970331192017
1, 706.0, 361.0, 20.0, 19.0, 0.8484892845153809
1, 71.0, 110.0, 20.0, 18.0, 0.848095715045929
1, 425.0, 47.0, 20.0, 19.0, 0.8473654389381409
1, 16.0, 466.0, 17.0, 18.0, 0.8471713662147522
1, 402.0, 510.0, 19.0, 18.0, 0.8464593887329102
1, 673.0, 433.0, 18.0, 21.0, 0.84602290391922
1, 577.0, 162.0, 19.0, 19.0, 0.8456934690475464
1, 254.0, 152.0, 17.0, 18.0, 0.8454693555831909
1, 543.0, 216.0, 18.0, 20.0, 0.8453624844551086
1, 29.0, 547.0, 18.0, 18.0, 0.8444284796714783
1, 269.0, 475.0, 19.0, 19.0, 0.8439355492591858
1, 269.0, 148.0, 16.0, 20.0, 0.843838095664978
1, 256.0, 226.0, 18.0, 18.0, 0.8435685634613037
1, 808.0, 491.0, 18.0, 20.0, 0.8432854413986206
1, 577.0, 188.0, 22.0, 25.0, 0.8431802988052368
1, 209.0, 317.0, 20.0, 19.0, 0.8425278067588806
1, 603.0, 176.0, 18.0, 20.0, 0.8423982262611389
1, 694.0, 99.0, 18.0, 19.0, 0.8421972393989563
1, 656.0, 415.0, 20.0, 21.0, 0.8419402241706848
1, 190.0, 274.0, 17.0, 17.0, 0.8415699601173401
1, 118.0, 172.0, 22.0, 19.0, 0.8410294651985168
1, 547.0, 101.0, 17.0, 18.0, 0.8408345580101013
1, 700.0, 499.0, 22.0, 22.0, 0.8402926325798035
1, 678.0, 501.0, 19.0, 21.0, 0.8401070237159729
1, 821.0, 362.0, 18.0, 22.0, 0.8389925956726074
1, 105.0, 549.0, 16.0, 22.0, 0.8388293385505676
1, 640.0, 35.0, 18.0, 20.0, 0.8376659750938416
1, 143.0, 305.0, 20.0, 22.0, 0.836738646030426
1, 171.0, 12.0, 20.0, 18.0, 0.8364648222923279
1, 33.0, 169.0, 20.0, 22.0, 0.8363097310066223
1, 160.0, 240.0, 18.0, 21.0, 0.835983157157898
1, 184.0, 248.0, 20.0, 20.0, 0.8358615040779114
1, 453.0, 23.0, 20.0, 16.0, 0.8357434868812561
1, 444.0, 83.0, 17.0, 16.0, 0.8355360627174377
1, 722.0, 55.0, 19.0, 18.0, 0.835149884223938
1, 557.0, 198.0, 22.0, 21.0, 0.8346009850502014
1, 310.0, 100.0, 18.0, 22.0, 0.834237277507782
1, 238.0, 536.0, 20.0, 16.0, 0.8341294527053833
1, 468.0, 268.0, 19.0, 21.0, 0.8335601687431335
1, 793.0, 403.0, 17.0, 16.0, 0.833180844783783
1, 327.0, 439.0, 19.0, 17.0, 0.8327157497406006
1, 347.0, 469.0, 23.0, 23.0, 0.8324770331382751
1, 88.0, 159.0, 29.0, 20.0, 0.8322372436523438
1, 77.0, 510.0, 17.0, 19.0, 0.8298891186714172
1, 796.0, 199.0, 17.0, 18.0, 0.8294275403022766
1, 453.0, 272.0, 17.0, 19.0, 0.8279861807823181
1, 583.0, 116.0, 19.0, 21.0, 0.8276089429855347
1, 772.0, 444.0, 17.0, 21.0, 0.8255271911621094
1, 624.0, 64.0, 18.0, 18.0, 0.8252226710319519
1, 158.0, 474.0, 17.0, 20.0, 0.8249781727790833
1, 820.0, 63.0, 17.0, 19.0, 0.8248449563980103
1, 181.0, 477.0, 16.0, 21.0, 0.8245179653167725
1, 720.0, 263.0, 18.0, 16.0, 0.8240917325019836
1, 74.0, 434.0, 22.0, 21.0, 0.8240410685539246
1, 153.0, 451.0, 17.0, 20.0, 0.8238570690155029
1, 33.0, 568.0, 20.0, 21.0, 0.823822021484375
1, 435.0, 369.0, 22.0, 23.0, 0.822616696357727
1, 640.0, 290.0, 19.0, 15.0, 0.8207299113273621
1, 185.0, 575.0, 21.0, 18.0, 0.8203395009040833
1, 12.0, 198.0, 19.0, 18.0, 0.8198330402374268
1, 210.0, 513.0, 22.0, 21.0, 0.8192940354347229
1, 687.0, 54.0, 20.0, 17.0, 0.8187247514724731
1, 667.0, 272.0, 15.0, 17.0, 0.8179904222488403
1, 184.0, 411.0, 19.0, 23.0, 0.817919909954071
1, 442.0, 402.0, 19.0, 18.0, 0.8173152804374695
1, 311.0, 426.0, 20.0, 20.0, 0.8167064189910889
1, 759.0, 494.0, 20.0, 19.0, 0.8145703077316284
1, 570.0, 297.0, 15.0, 17.0, 0.8144322037696838
1, 183.0, 178.0, 18.0, 21.0, 0.8142654299736023
1, 63.0, 171.0, 17.0, 21.0, 0.814174234867096
1, 436.0, 307.0, 18.0, 17.0, 0.8138666152954102
1, 410.0, 379.0, 19.0, 21.0, 0.8132264614105225
1, 99.0, 495.0, 18.0, 20.0, 0.8131726980209351
1, 25.0, 11.0, 21.0, 17.0, 0.8127611875534058
1, 162.0, 369.0, 18.0, 19.0, 0.8127315640449524
1, 599.0, 504.0, 20.0, 21.0, 0.8124582767486572
1, 680.0, 131.0, 24.0, 21.0, 0.8121823668479919
1, 269.0, 276.0, 18.0, 19.0, 0.8120168447494507
1, 634.0, 528.0, 20.0, 20.0, 0.811570942401886
1, 309.0, 335.0, 22.0, 22.0, 0.8113649487495422
1, 534.0, 253.0, 20.0, 17.0, 0.8097822666168213
1, 652.0, 12.0, 20.0, 21.0, 0.808697521686554
1, 211.0, 114.0, 17.0, 22.0, 0.8085672855377197
1, 730.0, 383.0, 21.0, 21.0, 0.8081793785095215
1, 123.0, 469.0, 15.0, 15.0, 0.8078727126121521
1, 121.0, 422.0, 21.0, 25.0, 0.8076990246772766
1, 508.0, 30.0, 19.0, 22.0, 0.8074017763137817
1, 454.0, 475.0, 18.0, 19.0, 0.8072386980056763
1, 712.0, 75.0, 18.0, 16.0, 0.8070651888847351
1, 615.0, 30.0, 20.0, 21.0, 0.8065743446350098
1, 789.0, 317.0, 19.0, 20.0, 0.8043949007987976
1, 489.0, 169.0, 20.0, 22.0, 0.8042833209037781
1, 278.0, 118.0, 18.0, 20.0, 0.804080069065094
1, 603.0, 524.0, 16.0, 16.0, 0.8032529354095459
1, 339.0, 326.0, 17.0, 17.0, 0.8030268549919128
1, 640.0, 260.0, 20.0, 17.0, 0.8024562001228333
1, 559.0, 509.0, 20.0, 24.0, 0.8012556433677673
1, 119.0, 389.0, 19.0, 20.0, 0.8007926344871521
1, 329.0, 517.0, 19.0, 21.0, 0.8002597689628601
1, 159.0, 559.0, 17.0, 20.0, 0.7994304895401001
1, 815.0, 388.0, 18.0, 23.0, 0.799248218536377
1, 725.0, 177.0, 20.0, 19.0, 0.7974452972412109
1, 630.0, 576.0, 18.0, 17.0, 0.7974117398262024
1, 549.0, 47.0, 17.0, 21.0, 0.7972931265830994
1, 324.0, 267.0, 17.0, 22.0, 0.7969725728034973
1, 207.0, 494.0, 15.0, 16.0, 0.7969307899475098
1, 778.0, 264.0, 14.0, 15.0, 0.7967820763587952
1, 66.0, 266.0, 18.0, 17.0, 0.7960655689239502
1, 702.0, 281.0, 17.0, 19.0, 0.7941527962684631
1, 31.0, 352.0, 23.0, 20.0, 0.7941495180130005
1, 518.0, 269.0, 21.0, 18.0, 0.7938354015350342
1, 79.0, 183.0, 21.0, 20.0, 0.7936697006225586
1, 323.0, 174.0, 22.0, 26.0, 0.7931044101715088
1, 809.0, 28.0, 17.0, 22.0, 0.7929887771606445
1, 664.0, 40.0, 20.0, 18.0, 0.7929518222808838
1, 624.0, 116.0, 16.0, 20.0, 0.7922152280807495
1, 219.0, 93.0, 19.0, 20.0, 0.7917190194129944
1, 234.0, 398.0, 21.0, 18.0, 0.7905715703964233
1, 564.0, 330.0, 19.0, 20.0, 0.7903128266334534
1, 552.0, 260.0, 18.0, 19.0, 0.7898879647254944
1, 364.0, 487.0, 19.0, 20.0, 0.7895946502685547
1, 271.0, 60.0, 19.0, 20.0, 0.789245069026947
1, 135.0, 44.0, 18.0, 17.0, 0.7891722917556763
1, 458.0, 492.0, 17.0, 15.0, 0.7885521054267883
1, 574.0, 421.0, 20.0, 25.0, 0.7884529232978821
1, 464.0, 116.0, 17.0, 22.0, 0.7876487970352173
1, 578.0, 275.0, 22.0, 22.0, 0.7871179580688477
1, 817.0, 177.0, 24.0, 23.0, 0.7861457467079163
1, 309.0, 309.0, 21.0, 22.0, 0.7855940461158752
1, 454.0, 357.0, 12.0, 15.0, 0.7838296890258789
1, 542.0, 395.0, 20.0, 18.0, 0.7832071781158447
1, 616.0, 277.0, 18.0, 21.0, 0.7810982465744019
1, 93.0, 129.0, 18.0, 21.0, 0.7804988622665405
1, 99.0, 410.0, 17.0, 26.0, 0.7800263166427612
1, 367.0, 229.0, 17.0, 17.0, 0.779862642288208
1, 487.0, 330.0, 15.0, 17.0, 0.7790753841400146
1, 556.0, 148.0, 12.0, 19.0, 0.778005063533783
1, 231.0, 514.0, 17.0, 20.0, 0.7778682112693787
1, 821.0, 9.0, 16.0, 18.0, 0.7772415280342102
1, 327.0, 45.0, 21.0, 20.0, 0.7771815061569214
1, 375.0, 306.0, 18.0, 22.0, 0.776776134967804
1, 163.0, 82.0, 16.0, 18.0, 0.7767629027366638
1, 441.0, 135.0, 19.0, 23.0, 0.7767518758773804
1, 35.0, 84.0, 16.0, 19.0, 0.7765607237815857
1, 707.0, 337.0, 20.0, 22.0, 0.7764502167701721
1, 169.0, 191.0, 15.0, 15.0, 0.7755339741706848
1, 613.0, 340.0, 23.0, 20.0, 0.7747071981430054
1, 50.0, 456.0, 17.0, 19.0, 0.774106502532959
1, 314.0, 134.0, 19.0, 23.0, 0.7739233374595642
1, 611.0, 295.0, 18.0, 17.0, 0.7738832235336304
1, 315.0, 527.0, 20.0, 20.0, 0.773759126663208
1, 206.0, 180.0, 17.0, 19.0, 0.7729654908180237
1, 414.0, 262.0, 17.0, 19.0, 0.7727442383766174
1, 121.0, 148.0, 21.0, 20.0, 0.772574245929718
1, 246.0, 475.0, 20.0, 21.0, 0.7717158198356628
1, 161.0, 212.0, 20.0, 19.0, 0.7716325521469116
1, 89.0, 45.0, 16.0, 17.0, 0.770767331123352
1, 663.0, 114.0, 16.0, 17.0, 0.7704694867134094
1, 625.0, 92.0, 19.0, 21.0, 0.7704256772994995
1, 626.0, 506.0, 18.0, 17.0, 0.7696747183799744
1, 814.0, 142.0, 17.0, 15.0, 0.7692947387695312
1, 364.0, 120.0, 21.0, 23.0, 0.7690766453742981
1, 282.0, 252.0, 18.0, 20.0, 0.7680681943893433
1, 316.0, 199.0, 19.0, 19.0, 0.7675875425338745
1, 383.0, 509.0, 21.0, 20.0, 0.7672175765037537
1, 567.0, 392.0, 18.0, 17.0, 0.7666690945625305
1, 767.0, 394.0, 23.0, 21.0, 0.7662784457206726
1, 497.0, 258.0, 22.0, 23.0, 0.7658953070640564
1, 14.0, 221.0, 19.0, 18.0, 0.7657754421234131
1, 407.0, 280.0, 21.0, 19.0, 0.7651782035827637
1, 150.0, 224.0, 16.0, 18.0, 0.7642488479614258
1, 170.0, 30.0, 14.0, 16.0, 0.7641423344612122
1, 328.0, 67.0, 19.0, 21.0, 0.7640443444252014
1, 645.0, 240.0, 18.0, 18.0, 0.7626016736030579
1, 350.0, 234.0, 18.0, 21.0, 0.7616817951202393
1, 72.0, 411.0, 20.0, 20.0, 0.7613637447357178
1, 466.0, 328.0, 18.0, 20.0, 0.7612617611885071
1, 675.0, 160.0, 20.0, 21.0, 0.7599102258682251
1, 160.0, 170.0, 19.0, 18.0, 0.759147584438324
1, 112.0, 336.0, 19.0, 19.0, 0.7589284777641296
1, 518.0, 298.0, 21.0, 17.0, 0.7588751912117004
1, 822.0, 244.0, 20.0, 22.0, 0.7579882740974426
1, 283.0, 94.0, 16.0, 17.0, 0.7575801610946655
1, 731.0, 335.0, 18.0, 25.0, 0.7571079730987549
1, 143.0, 114.0, 16.0, 18.0, 0.7565868496894836
1, 826.0, 91.0, 17.0, 18.0, 0.7557002305984497
1, 759.0, 180.0, 20.0, 20.0, 0.7555694580078125
1, 761.0, 529.0, 18.0, 15.0, 0.7554858326911926
1, 309.0, 260.0, 17.0, 20.0, 0.7542583346366882
1, 129.0, 486.0, 19.0, 19.0, 0.7539995312690735
1, 326.0, 219.0, 17.0, 18.0, 0.7535300850868225
1, 581.0, 243.0, 19.0, 13.0, 0.7530648708343506
1, 406.0, 169.0, 16.0, 19.0, 0.7525545358657837
1, 133.0, 324.0, 25.0, 19.0, 0.7517984509468079
1, 396.0, 293.0, 21.0, 21.0, 0.7516185641288757
1, 395.0, 383.0, 20.0, 20.0, 0.7509865164756775
1, 569.0, 257.0, 12.0, 12.0, 0.7490692138671875
1, 230.0, 212.0, 22.0, 23.0, 0.7482772469520569
1, 391.0, 261.0, 14.0, 16.0, 0.748058021068573
1, 757.0, 7.0, 21.0, 14.0, 0.7475197315216064
1, 473.0, 41.0, 16.0, 18.0, 0.7468234300613403
1, 376.0, 214.0, 15.0, 21.0, 0.7455229759216309
