0, 365, 422, 39, 40, 0.7511375063256277
0, 77, 53, 28, 29, 0.8396079046518705
0, 60, 24, 30, 29, 0.8563584467979748
0, 97, 71, 31, 29, 0.8177068040598148
0, 435, 231, 40, 39, 0.7243701007528479
0, 464, 57, 33, 27, 0.823391535199559
0, 338, 33, 28, 29, 0.7793878094407767
0, 244, 203, 31, 33, 0.7925555185673622
0, 486, 306, 32, 34, 0.7738070125169022
0, 66, 483, 22, 33, 0.7388380508403096
0, 271, 161, 30, 36, 0.8179841371778335
0, 417, 421, 34, 36, 0.8021023772724041
0, 370, 472, 39, 38, 0.7223952095145628
0, 260, 37, 29, 28, 0.7948926028508625
0, 392, 269, 34, 30, 0.7733296936709492
0, 22, 42, 38, 26, 0.7081349018344909
0, 221, 76, 36, 34, 0.7556029356853615
0, 412, 173, 28, 34, 0.8179785236046715
0, 326, 462, 31, 37, 0.8091384120135678
0, 432, 268, 32, 36, 0.8240828472541002
0, 193, 113, 38, 42, 0.6613587576359218
0, 259, 82, 32, 38, 0.7643894212432775
0, 451, 174, 41, 43, 0.6372601804864803
0, 160, 35, 32, 35, 0.805732752251002
0, 193, 495, 33, 32, 0.5097598140591354
0, 292, 53, 29, 27, 0.7874296654069312
0, 184, 465, 28, 29, 0.839463769461264
0, 257, 247, 29, 34, 0.844702207488267
0, 35, 484, 23, 29, 0.7853213939449766
0, 88, 448, 26, 28, 0.8024047084614014
0, 264, 314, 28, 35, 0.8144582041418543
0, 215, 252, 29, 40, 0.8462953162053117
0, 273, 394, 20, 32, 0.7628744145763605
0, 10, 215, 21, 33, 0.7618796443637366
0, 75, 419, 26, 36, 0.7985105652781641
0, 288, 136, 33, 37, 0.7531676401849371
0, 485, 86, 28, 29, 0.7861931200250379
0, 448, 316, 35, 33, 0.7500236138746975
0, 235, 297, 41, 29, 0.7593837093135213
0, 123, 261, 44, 31, 0.773242384054028
0, 235, 38, 24, 31, 0.7859423123787709
0, 344, 182, 26, 29, 0.8098084737787901
0, 352, 309, 36, 38, 0.7934841683364184
0, 400, 390, 29, 32, 0.8088741485479953
0, 449, 488, 32, 34, 0.5277827440266036
0, 360, 375, 39, 40, 0.6956052937960076
0, 44, 394, 38, 30, 0.8202002673218346
0, 490, 430, 32, 38, 0.624674235283379
0, 89, 497, 21, 29, 0.577003838630932
0, 274, 273, 26, 30, 0.7441755680407687
0, 486, 503, 30, 17, 0.5152338195680867
0, 314, 179, 30, 39, 0.787258421990502
0, 380, 186, 31, 25, 0.8167095764317086
0, 20, 459, 20, 29, 0.8254871984292839
0, 411, 82, 37, 27, 0.7718356476238795
0, 243, 138, 38, 31, 0.7431023206817665
0, 348, 234, 34, 33, 0.7641171001956151
0, 392, 333, 30, 36, 0.827830878691728
0, 496, 219, 30, 37, 0.5931589370522643
0, 166, 87, 26, 50, 0.8123671290346266
0, 373, 34, 23, 23, 0.7790772341519393
0, 133, 419, 28, 26, 0.8158375363323342
0, 325, 329, 21, 36, 0.7759296962153247
0, 196, 315, 31, 28, 0.8225943350773808
0, 235, 416, 31, 33, 0.8168221236707074
0, 18, 241, 36, 25, 0.7608121307437801
0, 125, 69, 25, 31, 0.8255753940885437
0, 471, 223, 32, 36, 0.7959552898812517
0, 121, 503, 15, 16, 0.5700501812421441
0, 115, 445, 25, 21, 0.7806907013818154
0, 195, 166, 28, 30, 0.7761321446267648
0, 71, 298, 31, 27, 0.7764054588827597
0, 488, 5, 26, 11, 0.6202442977799787
0, 103, 183, 36, 19, 0.7269426248445461
0, 238, 464, 29, 31, 0.812647088066736
0, 404, 12, 29, 25, 0.8316968134665037
0, 5, 466, 11, 33, 0.7059253038175283
0, 26, 418, 19, 21, 0.7411965080474093
0, 169, 312, 22, 26, 0.7822401752175496
0, 505, 324, 11, 14, 0.6232801325836099
0, 31, 7, 35, 14, 0.6425796501176355
0, 186, 372, 28, 25, 0.7494224197683771
0, 374, 141, 28, 37, 0.7898432141838125
0, 156, 413, 23, 30, 0.8223121389962064
0, 302, 296, 24, 16, 0.7094678888756812
0, 99, 36, 29, 33, 0.8205260643374472
0, 137, 88, 32, 36, 0.7586683174816955
0, 133, 241, 40, 24, 0.6896844620960949
0, 35, 447, 26, 25, 0.7974954282383434
0, 289, 197, 25, 28, 0.7910584752587321
0, 182, 284, 25, 25, 0.7984826202558285
0, 235, 264, 23, 28, 0.7904139921434628
0, 27, 272, 22, 28, 0.7499590594459358
0, 38, 182, 34, 15, 0.681102716943335
0, 118, 8, 21, 16, 0.701873947311993
0, 188, 5, 33, 10, 0.6143320104320249
0, 180, 214, 22, 16, 0.7608678816558745
0, 313, 314, 14, 13, 0.7376098560097286
0, 190, 38, 29, 48, 0.7319698405322101
0, 312, 391, 20, 27, 0.7443208518481287
0, 247, 6, 23, 13, 0.6888244251424542
0, 360, 99, 35, 30, 0.7802073081428564
0, 506, 141, 10, 26, 0.6192680365033296
0, 450, 352, 28, 30, 0.7834880336946445
0, 252, 430, 29, 29, 0.8193049475762763
0, 256, 113, 27, 26, 0.8135306478290747
0, 313, 9, 27, 19, 0.7986116841587003
0, 152, 370, 31, 32, 0.8099053347401617
0, 160, 502, 23, 18, 0.5328644288043662
0, 139, 301, 25, 21, 0.7680509532023517
0, 340, 390, 24, 35, 0.8251489521256935
0, 68, 271, 35, 31, 0.7639931723348755
0, 216, 383, 30, 28, 0.8070123514481963
0, 21, 385, 13, 19, 0.7927208802553372
0, 389, 153, 21, 22, 0.7968940149950171
0, 462, 279, 26, 33, 0.7979011792056186
0, 188, 346, 22, 27, 0.78526534058551
0, 209, 154, 22, 30, 0.7882003874763305
0, 502, 188, 18, 29, 0.6284777143015042
0, 114, 408, 31, 34, 0.824538949068331
0, 267, 351, 21, 19, 0.7348608091521129
0, 99, 288, 30, 31, 0.794990458516471
0, 436, 21, 22, 21, 0.734036935078848
0, 159, 469, 23, 20, 0.7674329543286597
0, 320, 59, 22, 22, 0.743925098648058
0, 69, 330, 25, 15, 0.7203892367952549
0, 297, 331, 14, 14, 0.7617846734605708
0, 117, 401, 24, 20, 0.7989738936570251
0, 9, 322, 18, 15, 0.7352368023803283
0, 390, 215, 28, 27, 0.8030835984127116
0, 22, 307, 35, 25, 0.6637519964758407
0, 438, 451, 24, 23, 0.8229925717640547
0, 454, 401, 11, 14, 0.7198451045206884
0, 415, 492, 29, 29, 0.5823250826460726
0, 212, 339, 19, 21, 0.7155004701932305
0, 459, 436, 22, 28, 0.8018811069873074
0, 468, 393, 16, 19, 0.7926579604866125
0, 211, 47, 26, 20, 0.8110995121316453
0, 328, 209, 31, 23, 0.8030288936938312
0, 168, 356, 23, 19, 0.7684727637279423
0, 109, 201, 27, 17, 0.6645857175962788
0, 146, 201, 21, 13, 0.7278053962520669
0, 132, 472, 15, 25, 0.7594014881334753
0, 107, 416, 20, 19, 0.7607487920802651
0, 430, 113, 28, 25, 0.80235252398311
0, 171, 348, 19, 31, 0.7654892825262024
0, 4, 378, 8, 20, 0.6110206129382347
0, 295, 89, 24, 22, 0.7144153566970324
0, 462, 286, 23, 18, 0.7227766122135609
0, 172, 338, 11, 11, 0.6943692041066256
0, 126, 13, 37, 27, 0.702513613693217
0, 357, 164, 13, 21, 0.7310320723204056
0, 499, 364, 16, 24, 0.6411680090926808
0, 368, 2, 26, 5, 0.5705805024155668
0, 400, 120, 22, 26, 0.7348944499205231
0, 59, 2, 19, 5, 0.5621659065616491
0, 432, 28, 32, 36, 0.7735704688750775
0, 158, 360, 44, 50, 0.6372509470052656
0, 234, 356, 34, 26, 0.6978550075516081
0, 488, 441, 26, 18, 0.752270020370913
0, 63, 115, 17, 15, 0.6764927693408803
0, 369, 5, 27, 11, 0.6225742863527691
0, 156, 386, 24, 16, 0.7391799631967082
0, 143, 200, 32, 18, 0.7364423282359315
0, 8, 59, 17, 21, 0.7243971583617121
0, 313, 131, 18, 27, 0.7432932208077085
0, 372, 504, 27, 14, 0.5233697825565311
0, 190, 340, 16, 15, 0.7318910818517517
0, 502, 358, 18, 29, 0.6161392155666088
0, 242, 422, 48, 44, 0.659330839919692
0, 485, 123, 32, 26, 0.6766871299184227
0, 85, 256, 32, 20, 0.7417306728403773
0, 169, 369, 62, 38, 0.6515634332605033
0, 4, 478, 8, 61, 0.5100625983694189
0, 508, 350, 6, 20, 0.5694882573085314
0, 428, 37, 24, 19, 0.7144980052502291
0, 505, 332, 12, 28, 0.6329736364699776
0, 209, 2, 45, 5, 0.5830309191913252
0, 508, 359, 6, 24, 0.5348506413400318
0, 508, 279, 7, 26, 0.5662067035796743
0, 499, 226, 25, 22, 0.6123824678386447
0, 306, 308, 31, 26, 0.7229300249204399
0, 505, 313, 12, 37, 0.600685797382398
0, 223, 114, 18, 24, 0.8213562127537175
0, 135, 16, 23, 26, 0.7707718247645722
0, 226, 344, 49, 34, 0.6675382697557193
0, 300, 330, 21, 20, 0.7862581389331971
0, 508, 153, 7, 36, 0.5679494961842838
0, 509, 343, 4, 18, 0.504848765973983
0, 132, 149, 34, 22, 0.6314899884577219
0, 406, 2, 30, 5, 0.5843940439178795
0, 29, 309, 23, 23, 0.6881888721823998
0, 361, 407, 23, 9, 0.639932825256252
0, 126, 5, 34, 11, 0.5990598705618717
0, 474, 258, 27, 18, 0.7372632294908087
0, 167, 75, 19, 25, 0.7935485166978639
0, 4, 374, 9, 34, 0.6436816469211706
0, 495, 424, 20, 25, 0.7642470923391231
0, 163, 100, 23, 23, 0.7681214800404188
0, 448, 163, 31, 22, 0.6929421778106665
0, 313, 320, 16, 27, 0.762376008536339
0, 18, 381, 21, 28, 0.8269035078955648
0, 14, 313, 29, 34, 0.6469426409898094
0, 468, 273, 39, 45, 0.7347645628871392
0, 496, 209, 28, 18, 0.619354652007031
0, 441, 497, 15, 16, 0.7527189019672847
0, 168, 150, 26, 34, 0.8251421972903845
0, 233, 5, 48, 11, 0.5903641666248665
0, 131, 502, 34, 18, 0.5018771334310299
0, 305, 316, 32, 22, 0.7118484127661342
0, 380, 149, 18, 23, 0.7683508569513551
0, 188, 51, 24, 24, 0.7902045128508042
0, 190, 20, 25, 12, 0.5064481883349855
0, 139, 195, 41, 28, 0.5815540892642579
0, 141, 153, 15, 14, 0.5022411352487918
0, 165, 352, 32, 31, 0.6197373844673408
0, 8, 417, 13, 29, 0.5440020509022798
0, 70, 427, 14, 17, 0.5566638363311065
0, 428, 221, 23, 18, 0.530953576366236
0, 461, 396, 28, 22, 0.5489107779573482
0, 487, 332, 21, 21, 0.5250489211305858
0, 130, 95, 19, 21, 0.586040347826122
0, 154, 392, 24, 17, 0.5600236373647441
0, 466, 214, 23, 20, 0.5196567153071436
0, 109, 254, 15, 15, 0.5382604686945718
0, 247, 295, 17, 24, 0.6208339658121348
0, 142, 82, 22, 25, 0.580652434153813
0, 158, 359, 39, 24, 0.5670474746686528
0, 231, 140, 14, 22, 0.5370430181764736
0, 359, 366, 33, 23, 0.5463690300884647
0, 399, 133, 27, 52, 0.5493980556915761
