0, 655, 587, 22, 22, 0.8881478223079855
0, 430, 265, 20, 20, 0.8402743799334262
0, 55, 249, 22, 19, 0.8278798683557536
0, 208, 72, 18, 19, 0.8499549208889295
0, 330, 970, 21, 17, 0.8417973597953312
0, 314, 459, 18, 20, 0.8562339401121911
0, 947, 139, 21, 18, 0.8573519026833634
0, 219, 613, 19, 19, 0.8449653962431366
0, 502, 712, 17, 23, 0.8479334540801599
0, 174, 48, 20, 20, 0.8363270177594528
0, 291, 719, 21, 24, 0.8667297248532149
0, 291, 292, 23, 19, 0.8429911371229699
0, 614, 717, 18, 22, 0.8266883308144357
0, 488, 721, 19, 20, 0.8641872955572472
0, 13, 603, 21, 18, 0.863913300337455
0, 359, 474, 18, 29, 0.8853568135684092
0, 75, 642, 15, 14, 0.879706876211224
0, 798, 23, 19, 18, 0.8662711163483748
0, 886, 44, 19, 17, 0.8661848511744565
0, 188, 31, 18, 21, 0.8382912018632919
0, 204, 626, 18, 19, 0.8523598670074191
0, 625, 700, 21, 20, 0.8361253699641121
