0, 162, 672, 93, 67, 0.1713208556175232
0, 1325, 732, 227, 139, 0.10690715909004211
0, 1501, 266, 90, 86, 0.09585124254226685
0, 1046, 696, 266, 113, 0.09273330122232437
0, 1288, 714, 155, 93, 0.05906316265463829
0, 211, 734, 57, 41, 0.055838774889707565
0, 1719, 584, 30, 33, 0.054757583886384964
0, 584, 403, 142, 93, 0.051923368126153946
0, 1640, 545, 84, 62, 0.05149431154131889
0, 322, 774, 33, 27, 0.050191331654787064
0, 981, 202, 196, 110, 0.04778607562184334
0, 1362, 744, 140, 109, 0.04605839028954506
0, 1600, 533, 177, 104, 0.0438203439116478
0, 264, 755, 41, 29, 0.043120890855789185
0, 262, 694, 75, 58, 0.03798259422183037
0, 1021, 218, 125, 81, 0.03690199553966522
0, 283, 707, 34, 32, 0.0364309586584568
0, 1065, 242, 43, 47, 0.0347471609711647
0, 1626, 535, 50, 35, 0.03451479971408844
0, 1110, 704, 150, 84, 0.0342639721930027
0, 584, 406, 85, 66, 0.0341508612036705
0, 1321, 250, 51, 30, 0.033285997807979584
0, 1288, 731, 51, 46, 0.032320089638233185
0, 242, 744, 114, 68, 0.030100127682089806
0, 998, 706, 164, 91, 0.030032170936465263
0, 310, 347, 179, 119, 0.02869878150522709
0, 1326, 737, 92, 94, 0.028613068163394928
0, 1435, 486, 47, 45, 0.02837628498673439
0, 575, 419, 45, 38, 0.02759234607219696
0, 166, 301, 23, 28, 0.02727688103914261
0, 1399, 750, 78, 87, 0.027155622839927673
0, 209, 681, 196, 100, 0.025164764374494553
0, 981, 712, 90, 63, 0.024523166939616203
0, 601, 773, 32, 38, 0.024511810392141342
0, 722, 709, 38, 46, 0.024451658129692078
0, 592, 386, 70, 56, 0.023843349888920784
0, 1767, 885, 44, 26, 0.023674223572015762
0, 369, 783, 33, 23, 0.023610766977071762
0, 1349, 241, 148, 88, 0.023156939074397087
0, 784, 428, 55, 48, 0.02273009531199932
0, 1097, 702, 88, 61, 0.022422097623348236
0, 549, 377, 46, 35, 0.022371137514710426
0, 632, 764, 40, 40, 0.022352196276187897
0, 824, 746, 50, 43, 0.021525343880057335
0, 1408, 737, 59, 48, 0.021211465820670128
0, 315, 771, 55, 38, 0.020952049642801285
0, 624, 398, 65, 44, 0.02090945653617382
0, 989, 215, 85, 65, 0.020623834803700447
0, 1568, 522, 61, 32, 0.020351434126496315
0, 769, 183, 139, 95, 0.019960837438702583
0, 1709, 578, 33, 31, 0.019916346296668053
0, 1240, 698, 57, 71, 0.019416695460677147
0, 364, 396, 35, 25, 0.019305160269141197
0, 1769, 871, 50, 57, 0.019276149570941925
0, 1328, 719, 73, 61, 0.019234925508499146
0, 1606, 534, 127, 66, 0.01915508136153221
0, 1114, 252, 46, 36, 0.018604667857289314
0, 939, 192, 108, 90, 0.017024103552103043
0, 281, 349, 105, 96, 0.016903577372431755
0, 426, 369, 38, 37, 0.016805002465844154
0, 293, 766, 41, 37, 0.016494145616889
0, 1118, 223, 79, 78, 0.01635761186480522
0, 1162, 688, 53, 74, 0.016085168346762657
0, 908, 174, 46, 47, 0.015914566814899445
0, 1734, 536, 29, 30, 0.01557184662669897
0, 1360, 222, 62, 37, 0.015543356537818909
0, 536, 399, 43, 53, 0.014988875016570091
0, 1251, 715, 68, 65, 0.014864758588373661
0, 1694, 608, 18, 16, 0.014765257015824318
0, 443, 368, 65, 45, 0.01472796406596899
0, 597, 732, 40, 25, 0.014589349739253521
0, 270, 375, 53, 40, 0.014480609446763992
0, 1504, 781, 41, 25, 0.0143476203083992
0, 964, 217, 58, 55, 0.014280798844993114
0, 1471, 481, 45, 44, 0.014093172736465931
0, 290, 738, 34, 26, 0.014035191386938095
0, 713, 758, 41, 41, 0.0139507120475173
0, 1554, 514, 70, 49, 0.013832872733473778
0, 766, 730, 40, 49, 0.01352661196142435
0, 609, 766, 87, 58, 0.013173617422580719
0, 353, 354, 64, 57, 0.012912052683532238
0, 1064, 212, 202, 114, 0.012792794965207577
0, 500, 204, 31, 34, 0.012767286039888859
0, 1397, 777, 56, 41, 0.01268770545721054
0, 1166, 462, 61, 52, 0.01222587376832962
0, 806, 193, 59, 49, 0.01219035405665636
0, 1485, 498, 35, 30, 0.012171759270131588
0, 1375, 233, 92, 61, 0.012088495306670666
0, 1370, 272, 33, 27, 0.011867420747876167
0, 1329, 750, 60, 43, 0.011645122431218624
0, 1157, 253, 35, 29, 0.0114199323579669
0, 315, 377, 43, 35, 0.011270052753388882
0, 793, 416, 42, 68, 0.011243182234466076
0, 960, 183, 70, 61, 0.011199592612683773
0, 716, 774, 36, 26, 0.011105206795036793
0, 775, 721, 48, 54, 0.01099621132016182
0, 599, 749, 68, 54, 0.01079120859503746
0, 246, 351, 50, 47, 0.010740582831203938
0, 1547, 515, 100, 79, 0.010690015740692616
0, 912, 210, 63, 53, 0.010679783299565315
0, 774, 721, 155, 96, 0.010619108565151691
0, 1114, 203, 61, 52, 0.010432856157422066
0, 220, 318, 25, 52, 0.010315361432731152
0, 570, 197, 47, 37, 0.010288592427968979
0, 537, 416, 46, 46, 0.010268432088196278
0, 555, 194, 47, 31, 0.010242658667266369
0, 765, 731, 83, 70, 0.010228119790554047
0, 1289, 224, 61, 36, 0.01007423922419548
0, 492, 788, 34, 30, 0.010047899559140205
0, 227, 306, 23, 33, 0.010033988393843174
0, 1305, 465, 109, 69, 0.010030124336481094
0, 1288, 465, 62, 56, 0.009944622404873371
0, 312, 740, 58, 32, 0.009944584220647812
0, 1495, 503, 147, 89, 0.009626062586903572
0, 389, 396, 72, 38, 0.009466556832194328
0, 1188, 472, 50, 47, 0.009455251507461071
0, 861, 190, 29, 32, 0.009436963126063347
0, 784, 182, 56, 51, 0.009282933548092842
0, 591, 728, 58, 39, 0.009223408065736294
0, 184, 691, 56, 46, 0.00916283205151558
0, 1448, 478, 103, 75, 0.009162676520645618
0, 798, 739, 89, 56, 0.009099097922444344
0, 396, 380, 45, 38, 0.009033109992742538
0, 1211, 220, 27, 35, 0.008952022530138493
0, 734, 179, 57, 50, 0.008808210492134094
0, 354, 376, 98, 72, 0.008523705415427685
0, 1304, 241, 90, 60, 0.008508221246302128
0, 1527, 507, 49, 48, 0.008426468819379807
0, 776, 419, 85, 75, 0.00823940522968769
0, 310, 265, 29, 21, 0.008018954657018185
0, 338, 382, 70, 40, 0.007951696403324604
0, 1131, 251, 84, 39, 0.007891927845776081
0, 197, 282, 35, 46, 0.00761267077177763
0, 249, 333, 64, 83, 0.0075895823538303375
0, 412, 401, 43, 26, 0.007533064112067223
0, 942, 716, 60, 53, 0.007503113709390163
0, 1559, 517, 167, 111, 0.007456442341208458
0, 1275, 227, 38, 31, 0.007259767036885023
0, 1266, 243, 52, 40, 0.007255170028656721
0, 816, 148, 44, 31, 0.007081261835992336
0, 718, 728, 45, 81, 0.007047269027680159
0, 199, 303, 33, 46, 0.006970010697841644
0, 201, 317, 34, 48, 0.006912779062986374
0, 1141, 214, 65, 46, 0.00690159946680069
0, 290, 377, 81, 54, 0.006899429019540548
0, 399, 359, 94, 81, 0.00689513748511672
0, 1684, 609, 34, 23, 0.006666483357548714
0, 285, 759, 103, 59, 0.006557066924870014
0, 396, 253, 44, 24, 0.006472734734416008
0, 1302, 245, 136, 81, 0.006450500804930925
0, 370, 331, 53, 38, 0.006440375465899706
0, 1320, 259, 57, 55, 0.006394983269274235
0, 214, 330, 52, 73, 0.006221212912350893
0, 915, 455, 39, 36, 0.00613445695489645
0, 1378, 253, 76, 79, 0.006105207838118076
0, 1766, 557, 25, 44, 0.0060220458544790745
0, 1320, 479, 44, 32, 0.006004745606333017
0, 1241, 242, 39, 29, 0.005975184962153435
0, 1337, 479, 38, 28, 0.005914101377129555
0, 606, 178, 36, 41, 0.005796651355922222
0, 1158, 203, 32, 48, 0.005776534788310528
0, 600, 745, 80, 93, 0.005699702072888613
0, 601, 190, 45, 51, 0.005649385042488575
0, 1670, 305, 39, 35, 0.005584046244621277
0, 1402, 241, 66, 48, 0.00556919863447547
0, 1057, 179, 51, 39, 0.005563795100897551
0, 793, 700, 69, 62, 0.0054634446278214455
0, 800, 699, 51, 37, 0.005457902792841196
0, 1338, 256, 100, 73, 0.00544852577149868
0, 1273, 471, 49, 49, 0.005442843772470951
0, 234, 304, 26, 26, 0.0054208883084356785
0, 579, 183, 91, 74, 0.005305109545588493
0, 428, 378, 78, 65, 0.005176681559532881
0, 1017, 446, 50, 42, 0.005172042641788721
0, 1662, 281, 38, 59, 0.005155737511813641
0, 1161, 471, 108, 76, 0.005044071469455957
0, 837, 450, 41, 30, 0.0049880738370120525
0, 446, 181, 22, 33, 0.004984468221664429
0, 591, 427, 73, 51, 0.0048684291541576385
0, 1101, 198, 116, 80, 0.0048660640604794025
0, 1656, 295, 41, 40, 0.0048400117084383965
0, 926, 452, 48, 45, 0.004777387250214815
0, 721, 168, 65, 56, 0.004692562390118837
0, 956, 426, 39, 28, 0.004582260735332966
0, 858, 179, 41, 61, 0.004546636249870062
0, 201, 341, 34, 36, 0.004207429010421038
0, 941, 443, 61, 56, 0.004131648223847151
0, 581, 375, 121, 74, 0.004056019242852926
0, 618, 413, 92, 75, 0.003980673849582672
0, 761, 424, 134, 95, 0.003924827091395855
0, 404, 353, 161, 96, 0.0038911374285817146
0, 644, 173, 30, 43, 0.0038894833996891975
0, 553, 170, 39, 36, 0.0038656380493193865
0, 1419, 483, 87, 69, 0.003851543413475156
0, 1368, 249, 329, 122, 0.0038469124119728804
0, 558, 199, 75, 53, 0.003811874659731984
0, 412, 247, 34, 23, 0.003796413540840149
0, 682, 203, 42, 29, 0.003788839792832732
0, 1547, 519, 284, 132, 0.003653050633147359
0, 1387, 471, 35, 25, 0.003590655280277133
0, 1275, 460, 188, 90, 0.003549268003553152
0, 1145, 460, 198, 97, 0.003518760437145829
0, 900, 213, 46, 34, 0.003474067896604538
0, 716, 177, 106, 84, 0.0033864390570670366
0, 910, 431, 39, 53, 0.003303882200270891
0, 1269, 233, 118, 68, 0.0032377648167312145
0, 1260, 467, 89, 67, 0.003099623369053006
0, 517, 198, 41, 44, 0.0030926985200494528
0, 1060, 451, 132, 72, 0.003083520568907261
0, 1406, 260, 83, 69, 0.003078725188970566
0, 231, 341, 115, 104, 0.0030700338538736105
0, 1591, 227, 22, 40, 0.003042182419449091
0, 723, 447, 47, 31, 0.0029595696832984686
0, 1187, 733, 580, 255, 0.0029344954527914524
0, 323, 705, 20, 28, 0.0029338328167796135
0, 683, 166, 44, 40, 0.002890164963901043
0, 833, 684, 37, 30, 0.002829375909641385
0, 312, 758, 71, 66, 0.0027484006714075804
0, 1029, 457, 65, 57, 0.0027314797043800354
0, 260, 313, 49, 54, 0.002710790140554309
0, 800, 440, 127, 91, 0.002689837012439966
0, 1236, 232, 69, 59, 0.0026627457700669765
0, 227, 716, 253, 154, 0.002650968497619033
0, 390, 754, 17, 21, 0.002629275666549802
0, 851, 197, 57, 60, 0.0026033895555883646
0, 928, 171, 88, 65, 0.0025952488649636507
0, 606, 182, 69, 72, 0.00252445787191391
0, 208, 739, 114, 70, 0.0025134722236543894
0, 1507, 790, 48, 32, 0.0024829143658280373
0, 276, 711, 123, 115, 0.0024766239803284407
0, 1087, 242, 110, 68, 0.0024113331455737352
0, 1111, 456, 54, 43, 0.00239172182045877
0, 1640, 288, 53, 46, 0.00236072507686913
0, 1647, 560, 109, 108, 0.0023423077072948217
0, 328, 740, 40, 35, 0.0023377547040581703
0, 1710, 566, 37, 60, 0.0023321451153606176
0, 206, 293, 50, 65, 0.0023009246215224266
0, 618, 186, 170, 83, 0.0022874865680933
0, 906, 185, 60, 73, 0.002276571234688163
0, 1330, 478, 103, 56, 0.0022328703198581934
0, 1347, 462, 89, 57, 0.002228846773505211
0, 1361, 474, 62, 33, 0.002222885610535741
0, 1407, 465, 109, 59, 0.0021911279764026403
0, 620, 713, 25, 30, 0.002186091151088476
0, 1497, 494, 219, 142, 0.002184866229072213
0, 1625, 272, 27, 33, 0.0021585924550890923
0, 850, 434, 51, 65, 0.002156137255951762
0, 699, 197, 81, 57, 0.0020929796155542135
0, 527, 783, 24, 26, 0.0020280906464904547
0, 1661, 292, 64, 69, 0.002017579972743988
0, 325, 332, 98, 91, 0.002010555472224951
0, 1466, 255, 162, 97, 0.001965425442904234
0, 625, 174, 35, 58, 0.0019497019238770008
0, 504, 420, 38, 32, 0.0018521070014685392
0, 1230, 671, 52, 46, 0.001843286445364356
0, 551, 152, 40, 42, 0.0017633320530876517
0, 1365, 476, 147, 74, 0.0017190409125760198
0, 456, 387, 68, 60, 0.0016942821675911546
0, 827, 401, 26, 52, 0.001615817309357226
0, 651, 444, 29, 23, 0.0015901036094874144
0, 419, 219, 32, 21, 0.0015721815871074796
0, 1637, 220, 35, 32, 0.001567332772538066
0, 496, 184, 32, 61, 0.0015534808626398444
0, 1462, 279, 82, 58, 0.0015504388138651848
0, 624, 153, 19, 44, 0.001548569300211966
0, 879, 703, 48, 30, 0.001540056779049337
0, 1315, 288, 33, 22, 0.0015333411283791065
0, 728, 404, 48, 49, 0.001506899599917233
0, 1368, 275, 97, 54, 0.0014911949401721358
0, 1438, 270, 34, 47, 0.0014587936457246542
0, 378, 770, 38, 49, 0.001426288508810103
0, 744, 707, 92, 62, 0.0014064788119867444
0, 477, 214, 25, 27, 0.0014007877325639129
0, 365, 402, 86, 60, 0.0013989306753501296
0, 888, 434, 89, 80, 0.001394681865349412
0, 411, 398, 138, 73, 0.0013797021238133311
0, 652, 172, 91, 89, 0.001310941530391574
0, 202, 323, 95, 93, 0.0012680835789069533
0, 225, 305, 28, 70, 0.0012495784321799874
0, 277, 220, 27, 35, 0.0012293480103835464
0, 460, 395, 115, 90, 0.0012204801896587014
0, 480, 195, 24, 50, 0.0012166313827037811
0, 924, 216, 101, 78, 0.0012086499482393265
0, 668, 188, 81, 75, 0.0011983521981164813
0, 1024, 225, 323, 165, 0.0011822578962892294
0, 323, 386, 152, 106, 0.0011559493141248822
0, 709, 748, 59, 64, 0.0011421164963394403
0, 864, 701, 41, 36, 0.0011281343176960945
0, 354, 365, 305, 185, 0.001126196701079607
0, 864, 397, 36, 32, 0.0011250708485022187
0, 528, 367, 41, 58, 0.0011057800147682428
0, 485, 420, 67, 37, 0.001096798456273973
0, 914, 416, 44, 53, 0.001090091303922236
0, 961, 467, 38, 29, 0.0010855663567781448
0, 1223, 212, 68, 66, 0.0010369685478508472
0, 1425, 286, 48, 39, 0.0010241888230666518
0, 509, 403, 77, 66, 0.0010175189236178994
0, 170, 709, 96, 83, 0.0010007350938394666
0, 855, 452, 76, 61, 0.0009953513508662581
0, 440, 781, 41, 26, 0.000989749445579946
