0, 822, 466, 66, 65, 0.6961089968681335
0, 848, 168, 44, 52, 0.5913181304931641
0, 698, 202, 75, 61, 0.4455980956554413
0, 686, 510, 58, 61, 0.4153033494949341
0, 88, 622, 68, 109, 0.3764505088329315
0, 626, 230, 32, 29, 0.35559284687042236
0, 213, 530, 40, 36, 0.3506973385810852
0, 684, 213, 45, 38, 0.3391546308994293
0, 714, 187, 39, 29, 0.31937485933303833
0, 87, 587, 61, 41, 0.28530603647232056
0, 990, 472, 63, 59, 0.28527024388313293
0, 929, 459, 33, 28, 0.2789548635482788
0, 784, 180, 66, 53, 0.26891404390335083
