0, 260, 520, 78, 87, 0.4170832335948944
0, 389, 768, 114, 92, 0.3033658564090729
0, 223, 366, 50, 55, 0.2478473037481308
0, 237, 454, 34, 24, 0.22403554618358612
0, 289, 600, 106, 76, 0.15186117589473724
0, 356, 679, 71, 91, 0.1473999172449112
0, 217, 375, 33, 38, 0.14423523843288422
0, 415, 832, 23, 17, 0.0708191841840744
0, 411, 784, 72, 66, 0.07027462124824524
0, 450, 818, 16, 12, 0.06835224479436874
0, 269, 415, 29, 17, 0.06579213589429855
0, 310, 601, 66, 61, 0.05152672156691551
0, 375, 753, 84, 57, 0.05063588544726372
0, 347, 776, 21, 26, 0.04999880492687225
0, 317, 359, 23, 33, 0.048786960542201996
0, 324, 654, 68, 43, 0.03908667340874672
0, 290, 341, 27, 35, 0.03717905655503273
0, 260, 376, 42, 25, 0.03704078868031502
0, 354, 684, 49, 30, 0.0370342917740345
0, 251, 590, 36, 25, 0.036659881472587585
0, 420, 870, 18, 33, 0.03593764826655388
0, 384, 728, 129, 184, 0.035656459629535675
0, 376, 734, 26, 16, 0.034012313932180405
0, 424, 779, 45, 47, 0.03385145962238312
0, 305, 652, 30, 23, 0.033569417893886566
0, 352, 743, 37, 23, 0.03290187940001488
0, 326, 677, 127, 99, 0.03156588599085808
0, 447, 854, 20, 16, 0.029949316754937172
0, 350, 767, 33, 41, 0.029753265902400017
0, 314, 652, 51, 29, 0.029327673837542534
0, 240, 379, 81, 41, 0.029202856123447418
0, 259, 600, 33, 39, 0.02887919545173645
0, 285, 553, 28, 20, 0.02790004573762417
0, 271, 538, 52, 49, 0.027289357036352158
0, 311, 639, 167, 182, 0.027288738638162613
0, 360, 375, 23, 19, 0.027237284928560257
0, 395, 792, 38, 37, 0.02722604013979435
0, 191, 405, 18, 13, 0.026541734114289284
0, 251, 384, 28, 31, 0.025163477286696434
0, 402, 738, 23, 23, 0.023736367002129555
0, 475, 826, 18, 13, 0.023137973621487617
0, 333, 659, 240, 325, 0.02303757518529892
0, 303, 350, 53, 59, 0.021658696234226227
0, 386, 742, 53, 35, 0.021133940666913986
0, 293, 583, 44, 35, 0.020884713158011436
0, 369, 702, 40, 56, 0.020137444138526917
0, 318, 669, 31, 26, 0.01955282874405384
0, 258, 601, 53, 51, 0.019467221572995186
0, 351, 754, 49, 52, 0.019055258482694626
0, 306, 655, 49, 52, 0.01848640665411949
0, 339, 687, 33, 23, 0.016423793509602547
0, 414, 828, 38, 26, 0.01613926887512207
0, 320, 670, 69, 67, 0.015852434560656548
0, 311, 304, 30, 26, 0.01571839675307274
0, 289, 636, 33, 21, 0.01534540019929409
0, 278, 615, 32, 28, 0.015108723193407059
0, 264, 611, 18, 20, 0.01497658807784319
0, 302, 641, 56, 36, 0.014902681112289429
0, 350, 693, 61, 44, 0.014524278230965137
0, 277, 547, 42, 31, 0.01384168304502964
0, 294, 365, 75, 73, 0.013838037848472595
0, 330, 683, 54, 40, 0.01344294287264347
0, 302, 646, 73, 75, 0.013132970780134201
0, 237, 503, 32, 35, 0.01302386075258255
0, 367, 697, 55, 82, 0.012646741233766079
0, 251, 395, 18, 14, 0.012327122502028942
0, 326, 616, 28, 28, 0.012312982231378555
0, 356, 650, 25, 32, 0.01214126031845808
0, 393, 818, 20, 21, 0.012101519852876663
0, 269, 380, 59, 42, 0.011940266005694866
0, 264, 362, 138, 82, 0.011251051910221577
0, 265, 578, 40, 29, 0.01061978004872799
0, 193, 429, 25, 22, 0.010560868307948112
0, 355, 705, 88, 149, 0.010524949058890343
0, 327, 321, 76, 67, 0.01049133762717247
0, 408, 758, 60, 67, 0.010098149068653584
0, 441, 857, 28, 21, 0.010010276921093464
0, 234, 516, 59, 66, 0.009990581311285496
0, 404, 823, 51, 36, 0.00962982326745987
0, 347, 723, 28, 17, 0.00927517469972372
0, 291, 677, 16, 17, 0.00903772097080946
0, 213, 501, 30, 29, 0.008682049810886383
0, 219, 499, 45, 39, 0.007855759002268314
0, 283, 566, 120, 153, 0.007345406338572502
0, 426, 867, 36, 34, 0.007117875851690769
0, 243, 492, 29, 27, 0.006900602485984564
0, 279, 613, 70, 74, 0.006357247941195965
0, 360, 331, 90, 68, 0.006037681829184294
0, 277, 355, 66, 73, 0.0059169079177081585
0, 345, 328, 34, 35, 0.005860199686139822
0, 389, 345, 22, 15, 0.005717659834772348
0, 312, 678, 58, 38, 0.005345129407942295
0, 239, 513, 33, 20, 0.005287928972393274
0, 325, 620, 50, 33, 0.005207709968090057
0, 253, 494, 33, 31, 0.005192133132368326
0, 396, 812, 48, 45, 0.005158335901796818
0, 306, 300, 47, 40, 0.005118420347571373
0, 333, 310, 18, 17, 0.004951492417603731
0, 345, 326, 52, 52, 0.004853116348385811
0, 349, 336, 31, 26, 0.004605237860232592
0, 390, 354, 24, 29, 0.004548505414277315
0, 374, 344, 61, 66, 0.004463980905711651
0, 190, 409, 22, 23, 0.004355308599770069
0, 316, 762, 21, 26, 0.004346461966633797
0, 193, 418, 32, 42, 0.0043313950300216675
0, 357, 341, 25, 23, 0.00390367372892797
0, 362, 377, 32, 28, 0.003709535812959075
0, 343, 403, 16, 17, 0.003446861868724227
0, 439, 862, 35, 34, 0.003430586773902178
0, 472, 818, 25, 31, 0.0034180146176368
0, 281, 557, 48, 29, 0.0033875382505357265
0, 393, 366, 16, 10, 0.00317033426836133
0, 262, 326, 20, 15, 0.0030974699184298515
0, 316, 360, 35, 45, 0.003068048506975174
0, 420, 820, 41, 29, 0.003014336107298732
0, 496, 898, 15, 13, 0.0027914242818951607
0, 265, 419, 39, 26, 0.0027281942311674356
0, 331, 768, 50, 41, 0.002711504464969039
0, 452, 830, 17, 21, 0.0026799796614795923
0, 379, 725, 71, 90, 0.002238504821434617
0, 262, 586, 66, 43, 0.0020619435235857964
0, 331, 640, 92, 106, 0.0018403349677100778
0, 497, 869, 17, 16, 0.0018227830296382308
0, 315, 413, 25, 18, 0.0017096756491810083
0, 425, 769, 61, 82, 0.0016994242323562503
0, 319, 378, 74, 79, 0.001684041228145361
0, 333, 405, 36, 27, 0.0016761075239628553
0, 317, 404, 36, 30, 0.0016540595097467303
0, 357, 386, 37, 45, 0.001435666112229228
0, 310, 396, 35, 24, 0.00139048439450562
0, 475, 832, 19, 22, 0.0013487295946106315
0, 439, 272, 361, 532, 0.0013298442354425788
0, 334, 344, 120, 97, 0.0012620552442967892
0, 311, 419, 28, 29, 0.0012576141161844134
0, 325, 412, 47, 37, 0.0012509169755503535
0, 397, 344, 28, 39, 0.0012179897166788578
0, 528, 298, 182, 503, 0.0012057957937940955
0, 477, 919, 16, 17, 0.0011873822659254074
0, 246, 416, 69, 30, 0.0011431374587118626
0, 442, 811, 26, 30, 0.0011195861734449863
0, 341, 409, 18, 26, 0.0010505333775654435
0, 404, 353, 12, 25, 0.0010009792167693377
0, 248, 428, 25, 22, 0.0009553327108733356
0, 378, 805, 56, 36, 0.0009152021375484765
0, 243, 442, 48, 47, 0.0008623176836408675
0, 232, 356, 81, 73, 0.0007837931043468416
0, 404, 330, 17, 20, 0.0007791440584696829
0, 0, 15, 1, 29, 0.0007546623237431049
0, 306, 365, 230, 145, 0.000734337663743645
0, 383, 682, 78, 110, 0.0007079633651301265
0, 511, 554, 216, 505, 0.0006408905610442162
0, 1, 1145, 2, 32, 0.0006299542728811502
0, 339, 745, 65, 80, 0.0006280452362261713
0, 617, 31, 4, 61, 0.000603731838054955
0, 219, 411, 23, 22, 0.0006004179012961686
0, 417, 545, 404, 578, 0.0005882761906832457
0, 619, 1129, 1, 65, 0.0005512270145118237
0, 1, 784, 2, 74, 0.000504082185216248
0, 292, 700, 19, 21, 0.0005032511544413865
0, 249, 454, 63, 34, 0.00048175075789913535
0, 439, 1143, 13, 17, 0.0004811802937183529
0, 192, 394, 20, 22, 0.00046421613660641015
0, 465, 807, 43, 56, 0.0004470890562515706
0, 281, 653, 50, 51, 0.0004410937544889748
0, 330, 714, 42, 30, 0.0004364978813100606
0, 341, 601, 95, 87, 0.00041432224679738283
0, 511, 1007, 15, 9, 0.00041323984623886645
0, 314, 306, 64, 72, 0.00039679359178990126
0, 448, 856, 41, 31, 0.0003942011680919677
0, 0, 702, 1, 82, 0.0003786996239796281
0, 1, 1113, 2, 92, 0.0003779428079724312
0, 249, 433, 67, 55, 0.00036212182021699846
0, 1, 672, 2, 91, 0.00035483375540934503
0, 1, 741, 2, 111, 0.00035223772283643484
0, 196, 437, 31, 56, 0.0003417002153582871
0, 451, 705, 336, 489, 0.0003371671191416681
0, 565, 554, 109, 179, 0.0003350340703036636
0, 494, 991, 11, 10, 0.00032753776758909225
0, 1, 816, 2, 98, 0.00032106382423080504
0, 351, 806, 21, 18, 0.00031362511799670756
0, 407, 723, 41, 60, 0.00031005044002085924
0, 441, 775, 101, 108, 0.00030915343086235225
0, 467, 968, 14, 14, 0.00029055282357148826
0, 560, 324, 119, 244, 0.00028325829771347344
0, 1, 32, 3, 62, 0.0002827674907166511
0, 558, 616, 122, 314, 0.00027977212448604405
0, 1, 634, 3, 111, 0.00027450412744656205
0, 285, 517, 100, 102, 0.00027443974977359176
0, 65, 855, 130, 558, 0.0002686029183678329
0, 560, 1074, 119, 175, 0.00026515923673287034
0, 422, 1146, 23, 30, 0.0002534978848416358
0, 468, 927, 303, 470, 0.0002523842267692089
0, 1, 403, 3, 113, 0.00024793087504804134
0, 577, 451, 85, 298, 0.00024713834864087403
0, 1, 475, 3, 112, 0.00024327484425157309
0, 1, 359, 3, 114, 0.0002408655418548733
0, 1, 591, 3, 112, 0.00024064905301202089
0, 1, 520, 3, 112, 0.0002393920294707641
0, 1, 314, 3, 115, 0.00023164841695688665
0, 257, 347, 40, 57, 0.00021574874699581414
0, 239, 417, 61, 83, 0.00021560645836871117
0, 1, 269, 3, 116, 0.00021280940563883632
0, 1, 1079, 3, 106, 0.0002118045522365719
0, 394, 385, 17, 19, 0.00020657900313381106
0, 1, 855, 3, 107, 0.00020349545229692012
0, 505, 1025, 228, 266, 0.00020275059796404094
0, 9, 724, 18, 262, 0.00020214736287016422
0, 260, 532, 128, 117, 0.0001926217955769971
0, 458, 833, 49, 46, 0.00019219433306716383
0, 363, 779, 234, 215, 0.00018596119480207562
0, 2, 225, 4, 116, 0.0001851943088695407
0, 419, 795, 184, 168, 0.0001817503507481888
0, 265, 478, 41, 33, 0.00017829374701250345
0, 561, 246, 117, 206, 0.00017709974781610072
0, 325, 562, 99, 109, 0.00017642304010223597
0, 1, 1033, 3, 105, 0.00017240857414435595
0, 291, 418, 101, 35, 0.00017003234825097024
0, 2, 140, 4, 115, 0.0001682048459770158
0, 1, 901, 3, 103, 0.00016806872736196965
0, 340, 394, 69, 63, 0.00016788677021395415
0, 475, 845, 12, 14, 0.0001665712770773098
0, 46, 724, 92, 525, 0.00016096259059850127
0, 2, 182, 4, 114, 0.00015783307026140392
0, 472, 969, 18, 13, 0.0001574732013978064
0, 1, 988, 3, 106, 0.00015695033653173596
0, 2, 100, 4, 110, 0.00014840993389952928
0, 430, 717, 287, 272, 0.00014626103802584112
0, 154, 842, 309, 594, 0.00014601230213884264
0, 16, 1134, 32, 57, 0.00014366875984705985
0, 219, 433, 86, 67, 0.00014274782733991742
0, 1, 945, 3, 103, 0.00013979087816551328
0, 471, 922, 23, 24, 0.00013779225992038846
0, 346, 312, 133, 108, 0.0001367284421576187
0, 376, 1133, 182, 59, 0.0001363637566100806
0, 246, 475, 47, 25, 0.00013520957145374268
0, 427, 1142, 67, 39, 0.0001279088610317558
0, 395, 329, 44, 61, 0.00012596942542586476
0, 494, 984, 14, 13, 0.0001220884150825441
0, 618, 1100, 3, 118, 0.0001177670419565402
0, 482, 917, 33, 27, 0.00011459237430244684
0, 426, 1060, 387, 200, 0.00011444321717135608
0, 616, 55, 7, 110, 0.00011405853001633659
0, 439, 1118, 331, 88, 0.00011298447498120368
0, 193, 424, 49, 57, 0.00011276070290477946
0, 227, 472, 27, 20, 0.00011225765047129244
0, 243, 720, 486, 416, 0.00011167545017087832
0, 618, 868, 2, 137, 0.0001092736711143516
0, 318, 710, 44, 42, 0.0001085246549337171
0, 577, 1007, 85, 306, 0.00010840870527317747
0, 549, 402, 141, 215, 0.00010718988778535277
0, 222, 448, 52, 20, 0.00010703514271881431
0, 376, 309, 206, 158, 0.00010664993897080421
0, 511, 999, 17, 19, 0.00010502048098715022
0, 618, 927, 2, 135, 0.00010380679304944351
0, 8, 622, 17, 227, 0.00010376443242421374
0, 9, 395, 19, 243, 0.00010335834667785093
0, 618, 810, 2, 137, 0.00010239148832624778
0, 618, 1046, 3, 132, 0.00010079336061608046
0, 464, 796, 87, 84, 0.00010055700113298371
0, 499, 900, 22, 23, 9.826793393585831e-05
0, 338, 551, 282, 304, 9.657774353399873e-05
0, 614, 479, 10, 134, 9.618584590498358e-05
0, 618, 972, 2, 133, 9.568424866301939e-05
0, 618, 752, 2, 139, 9.355505608255044e-05
0, 9, 484, 18, 243, 9.178359323414043e-05
0, 72, 268, 144, 499, 9.141603368334472e-05
0, 8, 820, 16, 227, 8.610716758994386e-05
0, 205, 481, 22, 30, 8.595891267759725e-05
0, 278, 319, 57, 58, 8.521865674993023e-05
0, 372, 614, 99, 93, 8.507315942551941e-05
0, 548, 493, 21, 18, 8.47712581162341e-05
0, 479, 937, 20, 21, 8.427154534729198e-05
0, 618, 692, 2, 142, 8.350312418770045e-05
0, 9, 307, 19, 243, 8.212267857743427e-05
0, 282, 483, 66, 80, 8.131428330671042e-05
0, 560, 1135, 119, 54, 8.052896009758115e-05
0, 47, 828, 94, 156, 7.816207653377205e-05
0, 607, 1127, 25, 70, 7.790779636707157e-05
0, 402, 663, 76, 90, 7.760120206512511e-05
0, 618, 635, 3, 143, 7.591272151330486e-05
0, 617, 515, 5, 148, 7.539530633948743e-05
0, 324, 1137, 115, 51, 7.532617746619508e-05
0, 571, 715, 96, 260, 7.522869418608025e-05
0, 66, 1136, 132, 52, 7.459839980583638e-05
0, 487, 947, 14, 14, 7.45660436223261e-05
0, 134, 1137, 115, 51, 7.419593021040782e-05
0, 571, 1028, 80, 85, 7.397649460472167e-05
0, 222, 1137, 115, 51, 7.392924453597516e-05
0, 475, 973, 31, 27, 7.382321928162128e-05
0, 472, 914, 34, 35, 7.31997424736619e-05
0, 467, 931, 18, 19, 7.202450069598854e-05
0, 280, 1137, 115, 51, 7.127620483515784e-05
0, 178, 1137, 115, 51, 7.125071715563536e-05
0, 412, 703, 62, 81, 7.124963303795084e-05
0, 616, 435, 7, 139, 7.124372496036813e-05
0, 471, 862, 21, 17, 7.107522833393887e-05
0, 591, 53, 56, 107, 7.080045179463923e-05
0, 606, 37, 26, 75, 6.953609408810735e-05
0, 357, 785, 66, 66, 6.914319237694144e-05
0, 361, 302, 73, 87, 6.78524374961853e-05
