0, 493, 385, 121, 157, 0.6771188378334045
0, 578, 449, 101, 123, 0.38001111149787903
0, 415, 283, 52, 57, 0.3229881525039673
0, 652, 691, 47, 31, 0.22588855028152466
0, 760, 884, 76, 109, 0.22138948738574982
0, 262, 222, 45, 79, 0.2116503119468689
0, 669, 653, 35, 33, 0.20102153718471527
0, 661, 657, 60, 42, 0.14621208608150482
0, 768, 861, 56, 66, 0.14576822519302368
0, 721, 714, 22, 25, 0.13875465095043182
0, 211, 223, 40, 34, 0.11961065232753754
0, 485, 363, 93, 72, 0.10934174060821533
0, 645, 536, 64, 38, 0.10885976254940033
0, 708, 813, 27, 16, 0.10588759928941727
0, 138, 167, 23, 19, 0.07742846757173538
0, 706, 624, 21, 20, 0.07712151855230331
0, 669, 709, 98, 74, 0.07223130762577057
0, 609, 556, 18, 22, 0.07043333351612091
0, 165, 168, 42, 57, 0.06671719253063202
0, 678, 610, 27, 18, 0.061911486089229584
0, 389, 228, 35, 29, 0.058213576674461365
0, 647, 606, 28, 18, 0.056178897619247437
0, 656, 701, 58, 56, 0.055889781564474106
0, 461, 272, 21, 22, 0.055558133870363235
0, 718, 815, 49, 24, 0.054381318390369415
0, 521, 424, 58, 75, 0.05155450850725174
0, 616, 432, 38, 48, 0.04740937426686287
0, 169, 179, 31, 34, 0.04719247296452522
0, 636, 547, 74, 54, 0.04710153862833977
0, 160, 147, 33, 22, 0.04343342408537865
0, 724, 687, 22, 14, 0.04327335208654404
0, 637, 590, 67, 58, 0.04240208864212036
0, 734, 712, 50, 62, 0.042179353535175323
0, 485, 280, 18, 22, 0.04161924123764038
0, 662, 717, 29, 22, 0.04002353549003601
0, 140, 166, 38, 39, 0.03870057687163353
0, 690, 719, 34, 34, 0.03791045770049095
0, 574, 481, 66, 57, 0.037127476185560226
0, 327, 188, 28, 18, 0.03541136533021927
0, 767, 909, 36, 55, 0.03520245477557182
0, 601, 430, 60, 70, 0.034787070006132126
0, 368, 229, 88, 69, 0.03458497300744057
0, 639, 603, 35, 25, 0.03354441374540329
0, 574, 433, 60, 80, 0.03344480320811272
0, 606, 550, 26, 39, 0.03314419463276863
0, 688, 617, 53, 38, 0.031039459630846977
0, 616, 472, 29, 18, 0.03096446767449379
0, 748, 729, 22, 27, 0.029823122546076775
0, 233, 205, 19, 13, 0.029107769951224327
0, 634, 590, 20, 32, 0.028576234355568886
0, 113, 157, 22, 32, 0.028521288186311722
0, 356, 222, 25, 31, 0.027210690081119537
0, 738, 877, 28, 34, 0.026978304609656334
0, 623, 590, 35, 38, 0.025865454226732254
0, 644, 594, 41, 44, 0.025446482002735138
0, 679, 567, 25, 41, 0.025020740926265717
0, 583, 489, 47, 39, 0.02483312413096428
0, 482, 374, 50, 40, 0.02419285848736763
0, 729, 695, 33, 30, 0.024143164977431297
0, 694, 710, 140, 111, 0.023259805515408516
0, 603, 535, 21, 16, 0.022942541167140007
0, 365, 220, 44, 49, 0.021944917738437653
0, 636, 582, 17, 22, 0.021655768156051636
0, 515, 403, 74, 116, 0.021557806059718132
0, 702, 722, 48, 42, 0.02043771557509899
0, 141, 163, 80, 56, 0.020082661882042885
0, 750, 863, 58, 56, 0.01995166949927807
0, 735, 749, 24, 21, 0.01970537193119526
0, 737, 812, 21, 18, 0.01952800713479519
0, 658, 675, 61, 64, 0.01951522007584572
0, 755, 849, 30, 42, 0.019179994240403175
0, 122, 166, 18, 21, 0.019153110682964325
0, 323, 240, 24, 26, 0.019138380885124207
0, 669, 717, 42, 31, 0.017039230093359947
0, 578, 418, 36, 49, 0.016421830281615257
0, 426, 259, 20, 18, 0.016386693343520164
0, 710, 649, 16, 14, 0.01625458523631096
0, 493, 345, 31, 30, 0.015855329111218452
0, 585, 530, 11, 13, 0.01570148393511772
0, 728, 733, 48, 60, 0.015591293573379517
0, 346, 227, 57, 57, 0.015269292518496513
0, 156, 184, 68, 72, 0.014605551026761532
0, 370, 254, 26, 21, 0.014599218033254147
0, 711, 719, 92, 82, 0.014407753013074398
0, 602, 480, 58, 40, 0.014365089125931263
0, 646, 603, 91, 39, 0.014190959744155407
0, 197, 171, 23, 19, 0.013528845272958279
0, 376, 250, 129, 121, 0.012984061613678932
0, 663, 610, 54, 33, 0.012885581701993942
0, 512, 314, 48, 45, 0.012577100656926632
0, 444, 268, 57, 39, 0.012511956505477428
0, 614, 513, 21, 13, 0.01201194990426302
0, 408, 271, 42, 47, 0.010942012071609497
0, 660, 535, 34, 33, 0.010927191004157066
0, 244, 200, 43, 31, 0.010263476520776749
0, 730, 860, 21, 37, 0.010178695432841778
0, 136, 174, 58, 52, 0.010024103336036205
0, 169, 196, 31, 46, 0.009988860227167606
0, 475, 362, 70, 34, 0.009802298620343208
0, 306, 207, 20, 15, 0.008878938853740692
0, 499, 309, 84, 83, 0.008860540576279163
0, 504, 303, 25, 21, 0.00878684688359499
0, 639, 564, 89, 95, 0.008632388897240162
0, 689, 719, 62, 63, 0.008582535199820995
0, 739, 882, 39, 59, 0.00855073519051075
0, 451, 360, 24, 20, 0.008302081376314163
0, 654, 581, 51, 24, 0.00810813345015049
0, 514, 323, 64, 71, 0.008000136353075504
0, 713, 658, 24, 30, 0.007972706109285355
0, 238, 234, 95, 62, 0.00797240436077118
0, 544, 480, 22, 21, 0.007775038480758667
0, 773, 921, 31, 37, 0.007650705985724926
0, 619, 573, 36, 46, 0.007472201716154814
0, 676, 586, 36, 63, 0.007443262729793787
0, 577, 501, 55, 69, 0.007406687363982201
0, 559, 470, 55, 54, 0.007362629286944866
0, 574, 509, 34, 33, 0.006795017514377832
0, 757, 730, 27, 25, 0.006330844014883041
0, 689, 740, 23, 14, 0.006287122145295143
0, 729, 751, 32, 29, 0.006249560043215752
0, 747, 723, 52, 68, 0.006194490008056164
0, 664, 516, 20, 14, 0.006124560255557299
0, 466, 284, 39, 48, 0.006100877653807402
0, 703, 628, 29, 33, 0.0058073014952242374
0, 579, 402, 30, 26, 0.005467884708195925
0, 755, 1003, 15, 11, 0.0053352913819253445
0, 769, 985, 24, 18, 0.0046213362365961075
0, 779, 971, 27, 14, 0.004565784242004156
0, 719, 701, 38, 47, 0.004523382987827063
0, 526, 372, 53, 97, 0.004500351380556822
0, 774, 979, 36, 34, 0.004473645705729723
0, 503, 382, 76, 66, 0.004383670631796122
0, 718, 664, 20, 25, 0.004125889856368303
0, 476, 279, 42, 30, 0.003967578522861004
0, 319, 199, 41, 31, 0.0038269751239567995
0, 741, 751, 42, 43, 0.003637721762061119
0, 831, 371, 33, 14, 0.0036204622592777014
0, 594, 507, 60, 66, 0.003326994366943836
0, 202, 169, 36, 26, 0.003312279237434268
0, 574, 520, 26, 28, 0.0029852604493498802
0, 578, 399, 32, 53, 0.002934636315330863
0, 750, 832, 23, 28, 0.002919471589848399
0, 671, 563, 51, 72, 0.0028849230147898197
0, 263, 242, 35, 55, 0.0028459460008889437
0, 604, 546, 52, 54, 0.002562136622145772
0, 525, 329, 22, 24, 0.0025142233353108168
0, 726, 914, 14, 10, 0.0025026986841112375
0, 510, 353, 83, 100, 0.0024857278913259506
0, 395, 250, 68, 100, 0.0023836190812289715
0, 532, 335, 26, 26, 0.0019885520450770855
0, 751, 735, 39, 37, 0.0019106068648397923
0, 699, 596, 22, 22, 0.001870255800895393
0, 363, 198, 19, 17, 0.0018601453630253673
0, 186, 167, 95, 63, 0.0018302012467756867
0, 295, 247, 15, 16, 0.0017868560971692204
0, 707, 857, 11, 16, 0.0016839227173477411
0, 327, 215, 35, 61, 0.0016633255872875452
0, 442, 262, 71, 74, 0.0016414038836956024
0, 532, 408, 214, 220, 0.001406156807206571
0, 621, 433, 62, 68, 0.0013746197801083326
0, 360, 205, 28, 32, 0.0012739537050947547
0, 767, 808, 11, 12, 0.0012598213506862521
0, 312, 280, 14, 10, 0.0012328980956226587
0, 228, 175, 13, 16, 0.0012307052966207266
0, 466, 279, 108, 81, 0.0012128939852118492
0, 427, 248, 20, 31, 0.0011985164601355791
0, 392, 227, 52, 59, 0.0011833428870886564
0, 778, 941, 22, 29, 0.0011813854798674583
0, 629, 533, 103, 79, 0.001178620383143425
0, 579, 386, 24, 26, 0.0011679872404783964
0, 357, 245, 75, 61, 0.0011634445982053876
0, 879, 390, 30, 23, 0.001108290278352797
0, 656, 647, 104, 119, 0.0010725172469392419
0, 724, 692, 64, 78, 0.0010335781844332814
0, 729, 851, 36, 44, 0.0009790223557502031
0, 760, 995, 21, 18, 0.0009710685117170215
0, 209, 202, 72, 78, 0.0009102711919695139
0, 601, 480, 163, 180, 0.0008897883235476911
0, 581, 362, 10, 12, 0.0008758035255596042
0, 217, 215, 122, 71, 0.0008642836473882198
0, 160, 153, 47, 54, 0.000834947801195085
0, 794, 809, 11, 11, 0.000818579166661948
0, 164, 185, 128, 115, 0.0008171238587237895
0, 751, 770, 25, 17, 0.0008140970603562891
0, 741, 699, 83, 105, 0.0008049311581999063
0, 728, 761, 60, 44, 0.0007637255475856364
0, 648, 587, 131, 123, 0.0007570635061711073
0, 631, 421, 91, 85, 0.0007031725253909826
0, 454, 311, 21, 32, 0.0006697422359138727
0, 533, 341, 44, 79, 0.0006520917522720993
0, 652, 608, 85, 84, 0.0006446777260862291
0, 393, 282, 68, 57, 0.0006309953168965876
0, 702, 645, 47, 70, 0.0006162490462884307
0, 639, 513, 38, 37, 0.000601754174567759
0, 781, 971, 42, 22, 0.0005347199039533734
0, 738, 865, 85, 88, 0.0005314851296134293
0, 779, 793, 12, 15, 0.0005215370911173522
0, 275, 211, 52, 59, 0.0005089674959890544
0, 51, 700, 16, 58, 0.00047859575715847313
0, 712, 863, 22, 30, 0.00046616571489721537
0, 609, 554, 65, 91, 0.00045601651072502136
0, 215, 211, 188, 125, 0.00041406165109947324
0, 712, 739, 140, 182, 0.00039713529986329377
0, 4, 1189, 8, 78, 0.00038944161497056484
0, 2, 25, 5, 50, 0.00038818304892629385
0, 269, 223, 92, 89, 0.00038669162313453853
0, 656, 515, 35, 40, 0.000379903765860945
0, 4, 74, 9, 149, 0.0003790528862737119
0, 668, 734, 58, 40, 0.0003506721986923367
0, 939, 393, 118, 300, 0.00034620342194102705
0, 956, 617, 16, 25, 0.00034198325010947883
0, 866, 270, 264, 539, 0.0003231800510548055
0, 871, 992, 255, 472, 0.00032021704828366637
0, 585, 415, 47, 89, 0.0003085406788159162
0, 689, 610, 74, 79, 0.0002984565799124539
0, 412, 227, 112, 101, 0.00029795276350341737
0, 592, 536, 68, 85, 0.00029526380239985883
0, 766, 991, 38, 41, 0.0002951925853267312
0, 547, 446, 111, 94, 0.00029496161732822657
0, 829, 370, 44, 24, 0.00029326992807909846
0, 575, 368, 21, 27, 0.0002926127635873854
0, 323, 188, 46, 35, 0.00027579793822951615
0, 405, 228, 225, 189, 0.0002695225994102657
0, 958, 789, 13, 24, 0.0002675516880117357
0, 814, 942, 7, 8, 0.00026648142375051975
0, 540, 318, 112, 92, 0.0002544847084209323
0, 717, 828, 39, 35, 0.0002505555748939514
0, 727, 806, 69, 44, 0.0002478384703863412
0, 467, 341, 53, 40, 0.00024471880169585347
0, 787, 852, 29, 56, 0.00023827009135857224
0, 997, 1196, 3, 64, 0.00022685748990625143
0, 737, 920, 39, 30, 0.00022635732602793723
0, 350, 209, 102, 93, 0.00021065173496026546
0, 789, 806, 19, 19, 0.0002104925224557519
0, 3, 299, 7, 132, 0.00020905105338897556
0, 998, 34, 1, 69, 0.00020298792514950037
0, 30, 591, 16, 59, 0.00020279486489016563
0, 452, 319, 18, 15, 0.00020151307398919016
0, 148, 118, 296, 237, 0.00019885864458046854
0, 3, 381, 7, 15, 0.00019366838387213647
0, 303, 240, 32, 29, 0.000193547282833606
0, 20, 508, 17, 71, 0.00019046525994781405
0, 772, 909, 59, 84, 0.00018983412883244455
0, 690, 561, 64, 93, 0.00018675137835089117
0, 166, 184, 239, 149, 0.00018344999989494681
0, 33, 300, 67, 553, 0.00018289424770046026
0, 3, 135, 6, 149, 0.000181671348400414
0, 579, 512, 75, 115, 0.00018060517322737724
0, 943, 1026, 111, 138, 0.00017682350880932063
0, 618, 486, 69, 49, 0.00017419351206626743
0, 3, 197, 6, 149, 0.00017373138689436018
0, 95, 74, 191, 149, 0.00016439537284895778
0, 908, 1079, 181, 247, 0.0001580083480803296
0, 316, 225, 78, 65, 0.00015528486983384937
0, 560, 283, 347, 496, 0.00014725979417562485
0, 794, 963, 17, 17, 0.00014676398131996393
0, 692, 740, 64, 61, 0.00014655406994279474
0, 55, 38, 111, 76, 0.00014548086619470268
0, 612, 323, 599, 646, 0.00014528734027408063
0, 878, 551, 241, 510, 0.00014374549209605902
0, 605, 408, 73, 106, 0.00014324320363812149
0, 974, 564, 33, 41, 0.00013354653492569923
0, 3, 768, 6, 139, 0.00013027171371504664
0, 672, 513, 15, 43, 0.00013015660806559026
0, 3, 940, 6, 139, 0.00012885540490970016
0, 775, 795, 17, 20, 0.00012737188080791384
0, 850, 381, 91, 44, 0.00012578362657222897
0, 971, 583, 51, 92, 0.00012372719356790185
0, 3, 1046, 6, 139, 0.00012029387289658189
0, 448, 295, 211, 122, 0.00011936125520151109
0, 836, 422, 324, 613, 0.00011879034718731418
0, 327, 1201, 121, 54, 0.00011820514919236302
0, 326, 170, 102, 86, 0.0001179507962660864
0, 40, 647, 15, 29, 0.00011643325706245378
0, 246, 192, 58, 42, 0.00011422570969443768
0, 356, 212, 148, 147, 0.00011269642709521577
0, 3, 878, 6, 139, 0.00011261972395004705
0, 373, 1201, 121, 54, 0.00011185918265255168
0, 922, 241, 153, 295, 0.00011068513413192704
0, 3, 830, 6, 138, 0.00011058765812776983
0, 280, 1201, 121, 54, 0.00010951275180559605
0, 443, 339, 293, 305, 0.00010883763752644882
0, 261, 199, 40, 51, 0.00010854473657673225
0, 3, 1142, 6, 147, 0.00010835393914021552
0, 939, 1201, 118, 54, 0.00010782682511489838
0, 53, 442, 107, 563, 0.00010739185381680727
0, 200, 139, 75, 92, 0.00010691375791793689
0, 828, 386, 56, 45, 0.00010568121069809422
0, 420, 1202, 121, 53, 0.00010476142779225484
0, 294, 188, 30, 38, 0.0001045711906044744
0, 905, 392, 85, 50, 0.0001030246785376221
0, 961, 435, 75, 237, 0.00010161239333683625
0, 703, 592, 47, 56, 0.00010051864956039935
0, 339, 282, 45, 21, 9.982440678868443e-05
0, 234, 1201, 122, 54, 9.68751119216904e-05
0, 466, 1201, 122, 54, 9.664315439295024e-05
0, 897, 1201, 122, 54, 9.659505303716287e-05
0, 850, 1202, 123, 53, 9.601979400031269e-05
0, 893, 326, 211, 281, 9.528725786367431e-05
0, 3, 353, 7, 117, 9.507985669188201e-05
