0, 426, 616, 30, 20, 0.32405927777290344
0, 395, 649, 58, 60, 0.20920071005821228
0, 393, 219, 33, 58, 0.19770224392414093
0, 411, 469, 19, 10, 0.1905265599489212
0, 388, 636, 33, 30, 0.17121648788452148
0, 432, 514, 35, 21, 0.14560182392597198
0, 410, 652, 25, 30, 0.13524390757083893
0, 434, 477, 23, 14, 0.13493280112743378
0, 398, 635, 13, 15, 0.09882055968046188
0, 395, 205, 26, 30, 0.09469994157552719
0, 446, 574, 20, 20, 0.07388884574174881
0, 436, 657, 25, 18, 0.06308592110872269
0, 406, 647, 38, 41, 0.053388625383377075
0, 413, 567, 15, 16, 0.05140025541186333
0, 400, 588, 17, 14, 0.04600924253463745
0, 381, 666, 16, 23, 0.042384468019008636
0, 389, 233, 17, 27, 0.03883742168545723
0, 423, 476, 48, 25, 0.03589810058474541
0, 390, 258, 19, 11, 0.03361886739730835
0, 471, 558, 19, 30, 0.0329895094037056
0, 403, 591, 29, 36, 0.03222064673900604
0, 389, 238, 23, 44, 0.031025877222418785
0, 404, 601, 17, 19, 0.03007202036678791
0, 178, 328, 28, 38, 0.028129657730460167
0, 369, 472, 10, 16, 0.02763264812529087
0, 432, 654, 36, 26, 0.02075820602476597
0, 400, 511, 16, 9, 0.020627032965421677
0, 367, 641, 66, 37, 0.019826991483569145
0, 403, 578, 32, 40, 0.019448772072792053
0, 467, 599, 11, 10, 0.019226623699069023
0, 449, 566, 35, 35, 0.018815506249666214
0, 188, 316, 11, 13, 0.017775993794202805
0, 350, 641, 34, 34, 0.017302779480814934
0, 414, 570, 21, 23, 0.01729755662381649
0, 411, 589, 54, 62, 0.01624133251607418
0, 348, 646, 27, 18, 0.015541204251348972
0, 380, 485, 11, 7, 0.015520468354225159
0, 410, 427, 31, 15, 0.012946886010468006
0, 433, 619, 43, 30, 0.01219231728464365
0, 175, 339, 20, 19, 0.011848436668515205
0, 545, 263, 17, 10, 0.01121374312788248
0, 326, 710, 14, 15, 0.011167294345796108
0, 454, 559, 55, 53, 0.010811087675392628
0, 405, 566, 15, 15, 0.010807585902512074
0, 344, 699, 14, 14, 0.010542170144617558
0, 383, 664, 27, 30, 0.009834925644099712
0, 464, 568, 31, 45, 0.009425750002264977
0, 404, 420, 50, 38, 0.009201820008456707
0, 398, 715, 21, 15, 0.008777893148362637
0, 328, 291, 19, 12, 0.008114424534142017
0, 431, 678, 18, 15, 0.007891547866165638
0, 459, 633, 16, 20, 0.007573659997433424
0, 335, 706, 27, 24, 0.007478613406419754
0, 417, 434, 66, 47, 0.0074676694348454475
0, 357, 668, 15, 10, 0.007447671145200729
0, 338, 681, 18, 19, 0.007411621045321226
0, 390, 254, 24, 18, 0.007167402189224958
0, 435, 557, 13, 14, 0.00705551914870739
0, 439, 567, 108, 118, 0.006914052180945873
0, 377, 657, 107, 85, 0.00690230168402195
0, 389, 510, 7, 6, 0.006391987670212984
0, 473, 549, 25, 48, 0.006095057353377342
0, 410, 608, 28, 36, 0.0059147491119802
0, 185, 349, 58, 78, 0.005879491101950407
0, 536, 279, 19, 9, 0.005874281749129295
0, 473, 582, 18, 17, 0.005872454959899187
0, 342, 676, 18, 28, 0.005845256615430117
0, 440, 584, 31, 41, 0.005833812523633242
0, 337, 683, 34, 52, 0.00563599169254303
0, 462, 628, 23, 22, 0.005605447106063366
0, 279, 258, 20, 17, 0.0055534448474645615
0, 288, 251, 36, 35, 0.005475707817822695
0, 424, 633, 41, 38, 0.004866237286478281
0, 281, 257, 27, 28, 0.00471574068069458
0, 187, 333, 44, 47, 0.0046738190576434135
0, 374, 476, 20, 27, 0.004586146678775549
0, 387, 486, 23, 9, 0.0042840177193284035
0, 309, 699, 14, 20, 0.0041617779061198235
0, 432, 684, 17, 17, 0.004156417213380337
0, 303, 252, 70, 57, 0.003921158146113157
0, 336, 712, 22, 16, 0.0038662604056298733
0, 400, 433, 64, 63, 0.0037597939372062683
0, 470, 589, 19, 32, 0.0036835612263530493
0, 437, 587, 76, 84, 0.003589462721720338
0, 310, 228, 110, 110, 0.0034947809763252735
0, 187, 364, 47, 47, 0.0034689675085246563
0, 347, 672, 38, 36, 0.003380333771929145
0, 184, 317, 21, 22, 0.003324751276522875
0, 444, 520, 22, 13, 0.0033172273542732
0, 427, 682, 29, 32, 0.0032010816503316164
0, 416, 431, 47, 32, 0.0030837920494377613
0, 408, 561, 31, 36, 0.0029180063866078854
0, 287, 244, 25, 23, 0.002805025316774845
0, 191, 370, 31, 32, 0.002797260181978345
0, 199, 318, 10, 12, 0.0027787741273641586
0, 182, 364, 27, 22, 0.0027239175979048014
0, 474, 531, 15, 15, 0.002659862395375967
0, 446, 553, 70, 90, 0.002639974933117628
0, 404, 512, 23, 14, 0.002514299936592579
0, 243, 290, 9, 7, 0.002490584971383214
0, 540, 317, 8, 6, 0.002483697608113289
0, 357, 674, 33, 30, 0.0024272361770272255
0, 387, 635, 134, 91, 0.0024181504268199205
0, 388, 407, 15, 11, 0.002411868888884783
0, 387, 718, 44, 26, 0.0023794465232640505
0, 387, 411, 17, 20, 0.00232980540022254
0, 415, 464, 39, 24, 0.0022955932654440403
0, 403, 550, 17, 13, 0.002232080325484276
0, 195, 350, 26, 29, 0.0022082438226789236
0, 197, 343, 18, 18, 0.002130004344508052
0, 171, 360, 17, 15, 0.0021257884800434113
0, 297, 389, 53, 49, 0.0021224915981292725
0, 395, 457, 22, 11, 0.0020952566992491484
0, 423, 459, 57, 54, 0.002093121176585555
0, 456, 643, 10, 10, 0.0020887136925011873
0, 539, 271, 31, 26, 0.002076864242553711
0, 400, 567, 29, 24, 0.002070019720122218
0, 182, 370, 80, 128, 0.002061318838968873
0, 307, 383, 74, 73, 0.0020213336683809757
0, 382, 416, 30, 30, 0.0019085456151515245
0, 422, 560, 39, 37, 0.0018674131715670228
0, 461, 199, 177, 175, 0.001831839676015079
0, 393, 614, 29, 50, 0.0017914114287123084
0, 214, 312, 45, 47, 0.001720417640171945
0, 184, 380, 51, 57, 0.0016965840477496386
0, 424, 664, 48, 52, 0.0016921365167945623
0, 332, 673, 23, 30, 0.0016495222225785255
0, 326, 709, 23, 19, 0.0016479697078466415
0, 295, 395, 33, 32, 0.001595976878888905
0, 369, 464, 11, 21, 0.0015947881620377302
0, 460, 617, 30, 45, 0.001581363845616579
0, 367, 684, 14, 13, 0.0015446417964994907
0, 431, 437, 50, 36, 0.001513837487436831
0, 178, 344, 32, 30, 0.0014434864278882742
0, 277, 252, 59, 44, 0.0014406683621928096
0, 445, 445, 17, 14, 0.0013596584321931005
0, 343, 649, 37, 28, 0.0013544234680011868
0, 485, 141, 236, 274, 0.0013479244662448764
0, 470, 529, 20, 20, 0.001339938142336905
0, 304, 244, 49, 38, 0.0013271770440042019
0, 169, 385, 17, 18, 0.0013118351344019175
0, 393, 417, 33, 35, 0.001296606264077127
0, 171, 335, 30, 28, 0.0012804321013391018
0, 383, 600, 11, 23, 0.001267704414203763
0, 208, 232, 11, 12, 0.0012645658571273088
0, 444, 521, 69, 51, 0.0012455038959160447
0, 385, 258, 33, 33, 0.001241284771822393
0, 371, 720, 23, 19, 0.0012226367834955454
0, 430, 500, 38, 28, 0.0012137404410168529
0, 389, 625, 31, 31, 0.0011961807031184435
0, 376, 711, 13, 12, 0.0011954637011513114
0, 551, 229, 14, 10, 0.0011901287361979485
0, 198, 313, 27, 31, 0.001176095916889608
0, 432, 495, 38, 56, 0.0011364850215613842
0, 349, 676, 54, 53, 0.0011266598012298346
0, 453, 526, 24, 21, 0.0011118788970634341
0, 438, 661, 42, 42, 0.0010911556892096996
0, 340, 240, 18, 20, 0.0010837027803063393
0, 386, 224, 55, 78, 0.0010680243140086532
0, 293, 161, 250, 252, 0.0010377735598012805
0, 342, 214, 170, 143, 0.0010373523691669106
0, 334, 246, 59, 43, 0.0010144965490326285
0, 424, 440, 104, 75, 0.0009872039081528783
0, 445, 235, 14, 16, 0.0009837084216997027
0, 458, 523, 23, 20, 0.0009736040374264121
0, 539, 275, 25, 16, 0.0009168293909169734
0, 189, 317, 59, 79, 0.0009059120784513652
0, 268, 238, 83, 78, 0.0008812848245725036
0, 189, 285, 11, 11, 0.0008691188995726407
0, 391, 443, 41, 37, 0.0008418004726991057
0, 282, 386, 20, 18, 0.0008213615510612726
0, 209, 328, 23, 26, 0.0008066795417107642
0, 363, 723, 18, 17, 0.000799192872364074
0, 168, 359, 26, 26, 0.0007819791208021343
0, 167, 391, 22, 26, 0.0007536138291470706
0, 459, 214, 88, 89, 0.0007315221591852605
0, 391, 488, 30, 13, 0.0007283904706127942
0, 294, 380, 32, 33, 0.00072677485877648
0, 359, 727, 15, 10, 0.000700246833730489
0, 153, 401, 39, 29, 0.0006990566034801304
0, 176, 402, 67, 75, 0.0006983940256759524
0, 450, 448, 45, 42, 0.0006960976170375943
0, 297, 405, 74, 63, 0.0006935921846888959
0, 162, 403, 15, 13, 0.0006849343189969659
0, 444, 180, 10, 11, 0.0006798130925744772
0, 318, 241, 33, 28, 0.0006772071355953813
0, 419, 504, 49, 27, 0.0006760831456631422
0, 416, 230, 81, 82, 0.0006688865250907838
0, 457, 268, 188, 189, 0.0006640010396949947
0, 399, 465, 39, 21, 0.0006560832844115794
0, 382, 594, 7, 16, 0.0006554657593369484
0, 434, 549, 34, 33, 0.0006551466067321599
0, 149, 402, 19, 18, 0.0006468589417636395
0, 205, 303, 23, 27, 0.0006454652757383883
0, 213, 312, 107, 100, 0.00064426742028445
0, 444, 232, 23, 23, 0.0006418937118723989
0, 334, 226, 76, 76, 0.0006392484065145254
0, 159, 391, 58, 71, 0.0006341828848235309
0, 349, 730, 16, 11, 0.0006257237982936203
0, 286, 158, 403, 317, 0.0006243339739739895
0, 438, 480, 36, 23, 0.0006180412601679564
0, 241, 165, 84, 64, 0.0006168225081637502
0, 139, 399, 31, 21, 0.0006019885768182576
0, 473, 588, 169, 158, 0.0005930481711402535
0, 320, 248, 22, 20, 0.0005916894879192114
0, 392, 513, 20, 10, 0.0005892483750358224
0, 415, 694, 14, 15, 0.0005844705156050622
0, 441, 221, 38, 50, 0.0005781212239526212
0, 266, 288, 8, 11, 0.0005692756967619061
0, 350, 714, 51, 35, 0.0005675306892953813
0, 212, 302, 29, 24, 0.0005496693192981184
0, 162, 418, 79, 61, 0.0005483182612806559
0, 382, 196, 135, 128, 0.0005481436965055764
0, 220, 293, 69, 79, 0.0005457375664263964
0, 420, 539, 17, 18, 0.0005403012037277222
0, 422, 616, 103, 151, 0.0005401024245657027
0, 424, 238, 10, 13, 0.0005373952444642782
0, 159, 411, 37, 35, 0.0005319850752130151
0, 131, 400, 24, 12, 0.0005306954262778163
0, 442, 613, 73, 57, 0.0005297210300341249
0, 293, 354, 18, 13, 0.0005263375933282077
0, 380, 480, 41, 38, 0.0005230113747529685
0, 412, 542, 23, 20, 0.0005131747457198799
0, 410, 248, 48, 41, 0.000508202996570617
0, 405, 709, 45, 40, 0.0005056746304035187
0, 350, 241, 43, 33, 0.000495788233820349
0, 436, 248, 56, 51, 0.0004945860127918422
0, 472, 519, 25, 32, 0.0004930463619530201
0, 245, 283, 16, 20, 0.0004749686049763113
0, 183, 299, 20, 29, 0.0004652643110603094
0, 257, 356, 80, 76, 0.0004598804807756096
0, 284, 80, 289, 161, 0.0004591139731928706
0, 244, 376, 68, 89, 0.0004480936622712761
0, 366, 694, 15, 15, 0.0004357775906100869
0, 340, 628, 45, 61, 0.00043301229015924037
0, 453, 249, 56, 57, 0.0004328233189880848
0, 189, 403, 29, 23, 0.00042254652362316847
0, 167, 403, 14, 12, 0.00042246299562975764
0, 387, 458, 22, 14, 0.00042183781624771655
0, 403, 543, 24, 19, 0.0004205886216368526
0, 387, 239, 42, 57, 0.000419129355577752
0, 463, 630, 29, 43, 0.0004162656550761312
0, 151, 418, 41, 50, 0.0004110064182896167
0, 286, 262, 49, 45, 0.00040222788811661303
0, 446, 241, 39, 36, 0.0004016489256173372
0, 442, 472, 71, 48, 0.0003978909517172724
0, 198, 393, 19, 18, 0.0003978391468990594
0, 508, 251, 314, 435, 0.00039578622090630233
0, 290, 357, 30, 19, 0.0003945515782106668
0, 545, 236, 24, 28, 0.0003944921481888741
0, 373, 671, 34, 40, 0.0003881700977217406
0, 326, 705, 48, 37, 0.0003805902961175889
0, 406, 671, 159, 116, 0.0003791287890635431
0, 399, 576, 47, 64, 0.00037835590774193406
0, 223, 326, 70, 74, 0.0003778388781938702
0, 206, 345, 99, 113, 0.00037263944977894425
0, 159, 193, 318, 386, 0.0003647553676273674
0, 261, 256, 48, 38, 0.0003619425115175545
0, 291, 177, 151, 99, 0.000359945377567783
0, 216, 288, 235, 214, 0.00035934263723902404
0, 455, 434, 30, 34, 0.0003573005669750273
0, 455, 399, 23, 20, 0.00035686889896169305
0, 385, 328, 263, 180, 0.00035295370616950095
0, 662, 821, 7, 33, 0.0003498979494906962
0, 461, 391, 19, 18, 0.0003482236061245203
0, 177, 414, 48, 46, 0.00034768489422276616
0, 336, 195, 12, 12, 0.0003413301892578602
0, 156, 362, 51, 50, 0.0003402273578103632
0, 422, 246, 22, 26, 0.00033797009382396936
0, 198, 373, 36, 44, 0.00033666478702798486
0, 280, 241, 201, 158, 0.00033662671921774745
0, 349, 165, 89, 68, 0.0003358351532369852
0, 490, 211, 101, 90, 0.0003355022054165602
0, 315, 384, 19, 16, 0.00033486387110315263
0, 308, 219, 70, 76, 0.0003248954890295863
0, 228, 316, 52, 41, 0.0003242763050366193
0, 202, 295, 33, 37, 0.0003155632293783128
0, 147, 385, 46, 43, 0.0003151480632368475
0, 244, 186, 73, 68, 0.000311685842461884
0, 373, 269, 9, 12, 0.00030989115475676954
0, 298, 279, 15, 12, 0.0003070772218052298
0, 193, 298, 383, 289, 0.00030414346838369966
0, 211, 311, 75, 67, 0.0003033688117284328
0, 273, 127, 222, 147, 0.0003013650421053171
0, 475, 405, 14, 15, 0.0003011280787177384
0, 342, 731, 12, 10, 0.0002905306755565107
0, 385, 509, 16, 9, 0.00028823825414292514
0, 221, 360, 148, 163, 0.00028691699844785035
0, 254, 172, 47, 42, 0.0002860315144062042
0, 547, 266, 26, 20, 0.0002857717627193779
0, 462, 398, 36, 33, 0.0002855481579899788
0, 289, 356, 166, 152, 0.00028414142434485257
0, 464, 455, 69, 54, 0.0002823194954544306
0, 139, 408, 41, 34, 0.00028168095741420984
0, 307, 192, 48, 44, 0.0002815467305481434
0, 436, 164, 458, 328, 0.0002781738876365125
0, 252, 206, 14, 13, 0.0002775222237687558
0, 124, 383, 248, 200, 0.0002760086499620229
0, 324, 378, 44, 50, 0.000275939964922145
0, 331, 184, 66, 73, 0.000272497592959553
