0, 197, 227, 13, 15, 0.22652436792850494
0, 397, 308, 41, 34, 0.21046285331249237
0, 450, 296, 40, 39, 0.14733783900737762
0, 449, 350, 47, 59, 0.14021456241607666
0, 147, 182, 51, 59, 0.1188058853149414
0, 166, 187, 85, 79, 0.09710560739040375
0, 487, 321, 46, 15, 0.08575035631656647
0, 331, 202, 53, 36, 0.08136401325464249
0, 568, 423, 25, 22, 0.07527638226747513
0, 562, 458, 31, 34, 0.071244016289711
0, 545, 401, 15, 11, 0.06976691633462906
0, 486, 317, 49, 32, 0.0681341215968132
0, 137, 160, 13, 11, 0.06774653494358063
0, 456, 344, 37, 31, 0.06259399652481079
0, 556, 456, 49, 49, 0.06176431477069855
0, 299, 253, 16, 13, 0.06077650189399719
0, 442, 337, 30, 31, 0.05904503911733627
0, 496, 416, 26, 22, 0.058467596769332886
0, 442, 329, 21, 16, 0.05776812136173248
0, 452, 309, 13, 11, 0.05559547245502472
0, 560, 457, 24, 22, 0.05159663036465645
0, 549, 463, 13, 11, 0.051431138068437576
0, 453, 374, 29, 21, 0.04844252020120621
0, 148, 195, 32, 27, 0.04834308847784996
0, 247, 223, 16, 24, 0.04715023189783096
0, 477, 374, 16, 17, 0.04712986201047897
0, 555, 477, 13, 12, 0.046052586287260056
0, 530, 370, 17, 11, 0.04571620002388954
0, 299, 250, 21, 20, 0.0436866395175457
0, 474, 319, 22, 10, 0.04363212734460831
0, 496, 411, 20, 12, 0.0435672253370285
0, 556, 446, 34, 30, 0.04074525460600853
0, 228, 198, 16, 28, 0.04011000692844391
0, 498, 321, 26, 14, 0.03998293727636337
0, 453, 308, 23, 13, 0.03888959065079689
0, 174, 203, 19, 21, 0.038511984050273895
0, 401, 247, 69, 68, 0.038328442722558975
0, 367, 238, 164, 130, 0.03813151270151138
0, 569, 464, 18, 21, 0.03803069889545441
0, 523, 342, 51, 31, 0.03712838143110275
0, 559, 425, 44, 26, 0.03685137629508972
0, 497, 426, 38, 46, 0.036288633942604065
0, 381, 225, 20, 17, 0.03621341288089752
0, 479, 309, 26, 18, 0.03580771014094353
0, 432, 339, 10, 11, 0.035807181149721146
0, 228, 222, 15, 14, 0.0350457988679409
0, 308, 241, 14, 12, 0.034857023507356644
0, 153, 172, 36, 37, 0.034769829362630844
0, 316, 252, 57, 49, 0.03429771959781647
0, 179, 202, 32, 33, 0.03298034891486168
0, 551, 468, 20, 23, 0.03241124376654625
0, 520, 343, 32, 18, 0.0323941707611084
0, 395, 234, 54, 41, 0.03236883133649826
0, 345, 213, 23, 13, 0.03193793073296547
0, 162, 178, 17, 17, 0.03123261220753193
0, 461, 365, 48, 41, 0.03076460212469101
0, 346, 206, 34, 29, 0.030561333522200584
0, 551, 438, 32, 31, 0.030491042882204056
0, 247, 229, 14, 14, 0.029743080958724022
0, 159, 175, 24, 28, 0.0292688999325037
0, 282, 260, 9, 10, 0.029199451208114624
0, 454, 399, 12, 11, 0.029192475602030754
0, 328, 240, 20, 16, 0.02891738899052143
0, 548, 465, 33, 38, 0.028910452499985695
0, 586, 415, 18, 17, 0.028011467307806015
0, 545, 457, 22, 22, 0.027568455785512924
0, 542, 401, 21, 15, 0.026979368180036545
0, 465, 339, 23, 14, 0.026974987238645554
0, 553, 476, 18, 18, 0.025945687666535378
0, 155, 200, 18, 20, 0.025935521349310875
0, 554, 437, 45, 49, 0.025735415518283844
0, 502, 333, 89, 51, 0.025727681815624237
0, 239, 180, 35, 37, 0.025721587240695953
0, 579, 449, 12, 11, 0.0255503561347723
0, 273, 194, 30, 22, 0.025304237380623817
0, 179, 188, 48, 45, 0.025225769728422165
0, 573, 458, 21, 32, 0.02519427053630352
0, 237, 225, 33, 27, 0.02457910031080246
0, 518, 373, 43, 20, 0.02416766621172428
0, 382, 255, 25, 23, 0.024129463359713554
0, 540, 352, 11, 9, 0.02388904057443142
0, 270, 198, 41, 34, 0.023647885769605637
0, 137, 188, 15, 13, 0.023226957768201828
0, 479, 399, 17, 16, 0.02306552603840828
0, 512, 354, 11, 5, 0.022113526239991188
0, 565, 378, 7, 8, 0.021864833310246468
0, 443, 285, 14, 13, 0.02180038020014763
0, 361, 269, 21, 14, 0.02164485864341259
0, 457, 300, 25, 21, 0.021540725603699684
0, 555, 440, 62, 87, 0.02132205106317997
0, 174, 216, 16, 18, 0.021223239600658417
0, 377, 221, 31, 28, 0.021190201863646507
0, 502, 375, 24, 20, 0.021163376048207283
0, 319, 199, 29, 27, 0.02078182063996792
0, 550, 380, 13, 10, 0.020719431340694427
0, 521, 465, 9, 12, 0.020645922049880028
0, 467, 392, 38, 30, 0.020359089598059654
0, 515, 403, 35, 25, 0.020271409302949905
0, 191, 193, 18, 15, 0.020080391317605972
0, 574, 420, 36, 30, 0.020001063123345375
0, 532, 459, 9, 15, 0.019350877031683922
0, 463, 389, 14, 18, 0.019304756075143814
0, 288, 232, 10, 10, 0.019185412675142288
0, 336, 259, 17, 10, 0.01825263723731041
0, 535, 458, 15, 19, 0.01817230135202408
0, 536, 439, 125, 93, 0.017992915585637093
0, 273, 243, 13, 13, 0.017985275015234947
0, 245, 174, 13, 19, 0.01796123757958412
0, 289, 240, 12, 24, 0.017752928659319878
0, 189, 212, 7, 8, 0.017624884843826294
0, 383, 228, 32, 33, 0.017372986301779747
0, 414, 258, 58, 46, 0.017302462831139565
0, 419, 267, 46, 25, 0.017059896141290665
0, 569, 448, 25, 19, 0.016818802803754807
0, 137, 178, 14, 13, 0.016264203935861588
0, 428, 268, 27, 20, 0.016195453703403473
0, 343, 199, 21, 19, 0.01617123745381832
0, 362, 232, 16, 17, 0.01609429530799389
0, 460, 295, 18, 18, 0.01598302833735943
0, 161, 199, 46, 39, 0.015876518562436104
0, 371, 268, 50, 55, 0.01583678275346756
0, 494, 327, 44, 27, 0.015810100361704826
0, 490, 379, 123, 129, 0.015798449516296387
0, 431, 272, 21, 13, 0.015774734318256378
0, 309, 248, 36, 36, 0.015522648580372334
0, 127, 178, 7, 10, 0.015349730849266052
0, 312, 195, 14, 17, 0.015125585719943047
0, 245, 170, 9, 10, 0.014562125317752361
0, 144, 159, 18, 13, 0.014532185159623623
0, 403, 246, 35, 28, 0.014301267452538013
0, 228, 191, 15, 16, 0.014191939495503902
0, 362, 215, 66, 49, 0.013797998428344727
0, 175, 210, 25, 31, 0.013787095434963703
0, 495, 401, 51, 48, 0.013538146391510963
0, 295, 195, 15, 10, 0.013253636658191681
0, 263, 195, 89, 82, 0.0131266750395298
0, 368, 243, 60, 58, 0.013007646426558495
0, 180, 174, 16, 13, 0.01290340069681406
0, 350, 302, 11, 12, 0.012535732239484787
0, 381, 316, 11, 10, 0.01250603049993515
0, 364, 274, 26, 26, 0.012444700114428997
0, 373, 223, 105, 68, 0.01237887516617775
0, 406, 265, 21, 17, 0.012370117008686066
0, 490, 345, 13, 13, 0.012308917008340359
0, 242, 201, 51, 70, 0.012205235660076141
0, 368, 283, 28, 28, 0.012158521451056004
0, 310, 261, 30, 29, 0.01211725827306509
0, 370, 293, 17, 10, 0.012096880935132504
0, 550, 425, 25, 23, 0.01209633331745863
0, 257, 201, 18, 16, 0.011941356584429741
0, 409, 259, 122, 122, 0.011841966770589352
0, 421, 391, 13, 15, 0.01175749208778143
0, 541, 396, 24, 24, 0.011748098768293858
0, 275, 229, 10, 10, 0.01148201059550047
0, 491, 301, 11, 11, 0.011442434042692184
0, 406, 256, 34, 34, 0.011437834240496159
0, 276, 205, 27, 23, 0.01136688981205225
0, 255, 228, 41, 36, 0.011097715236246586
0, 410, 245, 24, 21, 0.011075528338551521
0, 412, 272, 17, 13, 0.010996340773999691
0, 486, 343, 127, 73, 0.01094021089375019
0, 500, 434, 29, 29, 0.010936879552900791
0, 260, 166, 13, 14, 0.010339422151446342
0, 236, 212, 35, 46, 0.010300335474312305
0, 513, 371, 55, 32, 0.01026525441557169
0, 512, 392, 53, 50, 0.009979908354580402
0, 286, 188, 34, 33, 0.009959365241229534
0, 309, 185, 14, 21, 0.00991812627762556
0, 297, 205, 171, 137, 0.009809127077460289
0, 258, 161, 21, 23, 0.009801756590604782
0, 287, 174, 11, 13, 0.009775951504707336
0, 494, 362, 20, 13, 0.009768153540790081
0, 340, 279, 17, 12, 0.009692521765828133
0, 505, 334, 20, 15, 0.009606757201254368
0, 397, 263, 13, 12, 0.009562866762280464
0, 432, 254, 18, 14, 0.009502425789833069
0, 290, 193, 21, 15, 0.009483867324888706
0, 312, 191, 24, 30, 0.009352417662739754
0, 179, 150, 11, 9, 0.009233706630766392
0, 354, 238, 31, 29, 0.0091491574421525
0, 196, 187, 18, 13, 0.009143656119704247
0, 187, 180, 39, 39, 0.009089772589504719
0, 489, 364, 18, 18, 0.009029639884829521
0, 273, 238, 18, 23, 0.008817536756396294
0, 262, 239, 13, 12, 0.008755761198699474
0, 413, 249, 38, 32, 0.008742846548557281
0, 388, 283, 9, 9, 0.008736435323953629
0, 479, 387, 43, 45, 0.0086760139092803
0, 508, 419, 168, 138, 0.008636731654405594
0, 406, 314, 19, 18, 0.008483418263494968
0, 170, 175, 38, 30, 0.008454600349068642
0, 491, 318, 63, 60, 0.008439723402261734
0, 337, 245, 51, 30, 0.0082000233232975
0, 528, 460, 21, 25, 0.00818566419184208
0, 157, 205, 13, 15, 0.008122741244733334
0, 320, 239, 40, 26, 0.008027167059481144
0, 338, 241, 26, 18, 0.008019842207431793
0, 506, 433, 19, 20, 0.007959486916661263
0, 412, 241, 16, 13, 0.007949568331241608
0, 202, 167, 13, 11, 0.007908395491540432
0, 467, 361, 86, 89, 0.007823524996638298
0, 524, 406, 56, 34, 0.007765201386064291
0, 296, 197, 34, 25, 0.007732577621936798
0, 405, 266, 30, 27, 0.007706316187977791
0, 269, 214, 37, 39, 0.007408082485198975
0, 198, 152, 42, 45, 0.00736644584685564
0, 503, 440, 16, 12, 0.007013753987848759
0, 510, 416, 67, 63, 0.006761630997061729
0, 305, 236, 23, 26, 0.006751679349690676
0, 335, 257, 94, 59, 0.006748551968485117
0, 335, 264, 30, 26, 0.006529155652970076
0, 471, 286, 15, 13, 0.0064756665378808975
0, 298, 234, 35, 42, 0.006468283943831921
0, 317, 266, 49, 36, 0.006318644154816866
0, 458, 403, 23, 23, 0.006226958241313696
0, 305, 221, 22, 19, 0.006085304077714682
0, 248, 158, 21, 15, 0.005915192421525717
0, 182, 173, 74, 79, 0.005903088953346014
0, 582, 409, 27, 33, 0.005755927879363298
0, 428, 302, 11, 26, 0.005604216363281012
0, 394, 281, 72, 88, 0.00559527100995183
0, 281, 160, 17, 13, 0.005478637758642435
0, 502, 365, 81, 38, 0.00510743772611022
0, 439, 286, 24, 27, 0.0050141699612140656
0, 440, 255, 15, 14, 0.004972261842340231
0, 450, 273, 7, 9, 0.00487416610121727
0, 306, 270, 15, 10, 0.004823954310268164
0, 434, 285, 75, 69, 0.004777171649038792
0, 463, 415, 13, 16, 0.0047293007373809814
0, 307, 213, 21, 21, 0.004605648573487997
0, 196, 168, 28, 30, 0.004557891748845577
0, 303, 180, 23, 27, 0.004482856951653957
0, 197, 189, 35, 25, 0.004432691726833582
0, 166, 140, 15, 10, 0.004428478889167309
0, 519, 459, 10, 23, 0.00441947765648365
0, 341, 222, 100, 82, 0.004378003068268299
0, 339, 229, 235, 188, 0.004372913856059313
0, 458, 386, 30, 40, 0.004318647552281618
0, 548, 405, 36, 20, 0.004251813981682062
0, 194, 161, 17, 19, 0.004251493141055107
0, 194, 137, 24, 16, 0.004009011667221785
0, 491, 359, 28, 22, 0.003977155312895775
0, 199, 228, 20, 21, 0.003954293671995401
0, 247, 144, 13, 9, 0.00393634382635355
0, 17, 521, 10, 9, 0.0038092737086117268
0, 253, 160, 40, 28, 0.003651905572041869
0, 543, 425, 27, 38, 0.0036399534437805414
0, 398, 299, 25, 17, 0.003565663704648614
0, 187, 220, 36, 34, 0.0034733039792627096
0, 204, 166, 21, 16, 0.0034223494585603476
0, 444, 264, 26, 29, 0.0034110895358026028
0, 473, 320, 38, 20, 0.0033983944449573755
0, 263, 154, 25, 14, 0.00339333713054657
0, 345, 231, 55, 49, 0.00331689789891243
0, 252, 173, 38, 47, 0.0033049548510462046
0, 535, 419, 71, 63, 0.0032941848039627075
0, 295, 253, 35, 33, 0.003293184330686927
0, 277, 160, 19, 21, 0.0032640593126416206
0, 421, 348, 9, 17, 0.0031393631361424923
0, 467, 295, 24, 28, 0.003079551039263606
0, 287, 158, 11, 10, 0.0030270435381680727
0, 204, 153, 29, 30, 0.0030263038352131844
0, 548, 378, 17, 16, 0.0029389928095042706
0, 559, 399, 18, 16, 0.0029145190492272377
0, 514, 356, 30, 13, 0.0028586480766534805
0, 493, 308, 30, 27, 0.002837980166077614
0, 346, 299, 26, 21, 0.002799017820507288
0, 171, 163, 29, 35, 0.002740551019087434
0, 138, 149, 17, 15, 0.002727293875068426
0, 557, 488, 14, 13, 0.0027124120388180017
0, 554, 477, 23, 30, 0.002624645596370101
0, 368, 295, 23, 19, 0.0025810538791120052
0, 595, 432, 10, 11, 0.0025031333789229393
0, 238, 144, 14, 9, 0.002499037655070424
0, 178, 158, 16, 25, 0.0023908757138997316
0, 566, 419, 56, 49, 0.002352656563743949
0, 273, 186, 46, 46, 0.002344464650377631
0, 271, 151, 10, 7, 0.0022908865939825773
0, 419, 243, 276, 175, 0.002244214992970228
0, 301, 265, 40, 37, 0.0021500159054994583
0, 550, 391, 34, 33, 0.002100014826282859
0, 559, 493, 9, 8, 0.002085493877530098
0, 471, 307, 82, 57, 0.002074375282973051
0, 411, 343, 12, 9, 0.0020362797658890486
0, 298, 167, 12, 11, 0.0018852466018870473
0, 339, 196, 23, 30, 0.0018610699335113168
0, 193, 142, 31, 27, 0.0018079704605042934
0, 227, 203, 22, 45, 0.0018059080466628075
0, 320, 194, 135, 73, 0.001804844127036631
0, 393, 286, 27, 17, 0.0017562872963026166
0, 564, 378, 9, 14, 0.0017258805455639958
0, 596, 471, 10, 10, 0.0017189736245200038
0, 308, 273, 28, 27, 0.0017063787672668695
0, 358, 299, 27, 19, 0.0017017744248732924
0, 203, 176, 46, 61, 0.0016805264167487621
0, 315, 191, 51, 50, 0.0016804937040433288
0, 485, 302, 26, 27, 0.001662067836150527
0, 389, 296, 18, 14, 0.0016418790910393
0, 431, 373, 13, 25, 0.0016368982614949346
0, 271, 245, 29, 29, 0.001543317106552422
