0, 942, 170, 89, 55, 0.14810338616371155
0, 154, 989, 25, 24, 0.14426760375499725
0, 555, 487, 78, 85, 0.14003324508666992
0, 859, 249, 120, 104, 0.12273333966732025
0, 307, 656, 24, 31, 0.10090483725070953
0, 251, 922, 16, 19, 0.09642142057418823
0, 388, 591, 29, 44, 0.08027660101652145
0, 475, 577, 15, 14, 0.07452571392059326
0, 311, 654, 35, 49, 0.07187651842832565
0, 800, 321, 62, 67, 0.0708938017487526
0, 414, 608, 21, 29, 0.06952955573797226
0, 883, 232, 58, 46, 0.06676946580410004
0, 542, 505, 105, 129, 0.0648171529173851
0, 871, 236, 83, 73, 0.06417714804410934
0, 265, 706, 47, 42, 0.06373661756515503
0, 222, 1052, 16, 18, 0.06185207515954971
0, 416, 615, 16, 16, 0.061828501522541046
0, 388, 579, 25, 19, 0.058897990733385086
0, 377, 617, 90, 102, 0.05884930118918419
0, 395, 597, 55, 61, 0.05795121565461159
0, 953, 170, 63, 37, 0.05545860901474953
0, 855, 280, 177, 180, 0.05344309285283089
0, 257, 710, 32, 30, 0.053324028849601746
0, 965, 227, 30, 18, 0.05203688517212868
0, 217, 882, 22, 16, 0.05000939965248108
0, 444, 522, 25, 21, 0.049014169722795486
0, 846, 281, 97, 80, 0.04899357259273529
0, 505, 513, 27, 25, 0.04777544364333153
0, 851, 303, 84, 61, 0.04707114025950432
0, 475, 566, 22, 38, 0.046820733696222305
0, 280, 699, 25, 25, 0.045980826020240784
0, 830, 265, 63, 44, 0.045857615768909454
0, 860, 305, 62, 41, 0.04557017982006073
0, 358, 635, 21, 24, 0.04547729343175888
0, 846, 256, 31, 22, 0.04523849114775658
0, 549, 500, 61, 46, 0.04518962278962135
0, 357, 583, 20, 18, 0.045035768300294876
0, 872, 270, 41, 31, 0.04233769699931145
0, 314, 675, 43, 85, 0.04080486297607422
0, 816, 270, 35, 29, 0.0399818941950798
0, 209, 888, 39, 34, 0.03856663405895233
0, 752, 391, 27, 23, 0.03815047815442085
0, 857, 270, 73, 48, 0.03734728321433067
0, 662, 423, 21, 19, 0.036222368478775024
0, 511, 534, 24, 19, 0.03606707975268364
0, 360, 641, 152, 170, 0.035357411950826645
0, 504, 522, 34, 44, 0.03522006422281265
0, 869, 302, 43, 27, 0.03506959229707718
0, 956, 226, 49, 33, 0.033366985619068146
0, 323, 642, 18, 28, 0.03298943117260933
0, 494, 547, 65, 68, 0.032758042216300964
0, 897, 235, 97, 60, 0.031161144375801086
0, 940, 230, 81, 60, 0.031039400026202202
0, 934, 207, 32, 20, 0.03075101040303707
0, 372, 597, 62, 57, 0.0306008979678154
0, 542, 508, 40, 30, 0.03027837909758091
0, 471, 531, 19, 19, 0.029389122501015663
0, 674, 404, 22, 16, 0.029128221794962883
0, 386, 610, 35, 59, 0.028981808573007584
0, 621, 488, 25, 22, 0.02896665222942829
0, 463, 586, 24, 34, 0.028277534991502762
0, 375, 645, 42, 48, 0.02800496481359005
0, 288, 726, 14, 21, 0.02755148522555828
0, 366, 618, 58, 58, 0.026774276047945023
0, 446, 580, 45, 43, 0.026519566774368286
0, 928, 242, 33, 28, 0.02571796625852585
0, 394, 626, 19, 21, 0.025142397731542587
0, 323, 754, 20, 13, 0.024853883311152458
0, 367, 637, 45, 41, 0.024362720549106598
0, 494, 558, 20, 22, 0.024099040776491165
0, 350, 603, 30, 21, 0.023650208488106728
0, 867, 258, 76, 31, 0.02361871674656868
0, 431, 581, 69, 70, 0.02331145666539669
0, 628, 478, 43, 44, 0.023152397945523262
0, 345, 604, 20, 15, 0.023106101900339127
0, 145, 1043, 13, 12, 0.02282063290476799
0, 479, 498, 21, 22, 0.022671498358249664
0, 513, 519, 189, 162, 0.022390177473425865
0, 581, 489, 23, 23, 0.022371387109160423
0, 920, 183, 33, 21, 0.0218923632055521
0, 285, 709, 22, 43, 0.021635400131344795
0, 465, 511, 69, 57, 0.021220862865447998
0, 381, 630, 39, 28, 0.021031171083450317
0, 913, 239, 61, 38, 0.02090613543987274
0, 324, 620, 15, 23, 0.020514965057373047
0, 838, 248, 82, 79, 0.02028627321124077
0, 318, 697, 24, 38, 0.020170144736766815
0, 683, 405, 33, 18, 0.02008899673819542
0, 567, 514, 40, 21, 0.019463052973151207
0, 327, 709, 18, 28, 0.019432300701737404
0, 872, 256, 62, 66, 0.019225940108299255
0, 566, 468, 22, 25, 0.01916281320154667
0, 295, 753, 14, 13, 0.019070424139499664
0, 799, 306, 39, 34, 0.018928103148937225
0, 663, 456, 22, 21, 0.018722491338849068
0, 292, 682, 16, 32, 0.018517864868044853
0, 947, 211, 29, 17, 0.0183270126581192
0, 371, 659, 26, 22, 0.018169570714235306
0, 576, 514, 25, 15, 0.017948919907212257
0, 395, 580, 46, 63, 0.016183560714125633
0, 673, 416, 45, 40, 0.015657056123018265
0, 286, 836, 16, 18, 0.015257811173796654
0, 328, 664, 62, 99, 0.015237048268318176
0, 797, 351, 41, 33, 0.01518414169549942
0, 530, 527, 61, 49, 0.014790826477110386
0, 925, 177, 56, 36, 0.014599780552089214
0, 475, 515, 39, 54, 0.01451392937451601
0, 643, 395, 30, 31, 0.014107238501310349
0, 472, 573, 40, 53, 0.014106993563473225
0, 307, 640, 29, 54, 0.013968314044177532
0, 964, 159, 44, 44, 0.013670388609170914
0, 427, 573, 45, 43, 0.013498866930603981
0, 186, 927, 24, 22, 0.01334021519869566
0, 326, 691, 29, 51, 0.012774471193552017
0, 367, 581, 18, 21, 0.012714660726487637
0, 788, 357, 21, 21, 0.012672040611505508
0, 272, 695, 52, 49, 0.012316305190324783
0, 918, 271, 29, 18, 0.012277860194444656
0, 644, 483, 27, 18, 0.012228269129991531
0, 666, 425, 32, 29, 0.012006479315459728
0, 485, 515, 104, 84, 0.011658756993710995
0, 560, 464, 26, 32, 0.011644946411252022
0, 292, 676, 90, 104, 0.011537977494299412
0, 400, 569, 31, 40, 0.01135394535958767
0, 345, 643, 56, 68, 0.011224660091102123
0, 171, 1016, 28, 24, 0.011179253458976746
0, 819, 328, 93, 86, 0.011105080135166645
0, 551, 472, 57, 58, 0.01054200530052185
0, 808, 286, 27, 18, 0.01023219432681799
0, 166, 935, 18, 17, 0.010121292434632778
0, 526, 537, 49, 33, 0.009935086593031883
0, 754, 354, 51, 41, 0.009844500571489334
0, 351, 594, 35, 39, 0.00972981657832861
0, 763, 363, 33, 19, 0.009581388905644417
0, 316, 755, 20, 14, 0.009503538720309734
0, 253, 880, 18, 16, 0.009378647431731224
0, 485, 505, 43, 46, 0.009309080429375172
0, 669, 460, 19, 18, 0.009298479184508324
0, 415, 564, 25, 23, 0.009240997955203056
0, 178, 930, 42, 30, 0.009064652025699615
0, 891, 205, 24, 15, 0.009001429192721844
0, 807, 345, 56, 46, 0.008749667555093765
0, 219, 960, 20, 15, 0.008694428019225597
0, 758, 357, 29, 27, 0.00863489881157875
0, 468, 526, 20, 25, 0.008450635708868504
0, 170, 1006, 30, 21, 0.007870817556977272
0, 516, 547, 75, 60, 0.007638941518962383
0, 927, 269, 31, 18, 0.007627968210726976
0, 530, 487, 25, 24, 0.0075373719446361065
0, 752, 350, 32, 26, 0.007298213429749012
0, 472, 542, 131, 133, 0.007219976279884577
0, 241, 925, 34, 24, 0.007114237640053034
0, 255, 777, 13, 11, 0.006848439574241638
0, 839, 325, 35, 27, 0.006747554987668991
0, 548, 522, 85, 77, 0.006440955214202404
0, 129, 1095, 17, 23, 0.006352072115987539
0, 317, 660, 124, 162, 0.006129934918135405
0, 652, 432, 75, 68, 0.005877994466573
0, 140, 1039, 24, 20, 0.005847343243658543
0, 294, 739, 17, 42, 0.005788752809166908
0, 624, 430, 20, 17, 0.005783212371170521
0, 419, 598, 42, 55, 0.005587462801486254
0, 265, 896, 13, 25, 0.0055554755963385105
0, 362, 663, 40, 60, 0.00535281328484416
0, 916, 273, 44, 30, 0.0052108801901340485
0, 782, 309, 39, 46, 0.005197951570153236
0, 787, 329, 93, 91, 0.005168853793293238
0, 1086, 35, 8, 70, 0.00495543610304594
0, 897, 208, 57, 28, 0.004908863455057144
0, 497, 565, 37, 37, 0.00483544310554862
0, 678, 358, 22, 15, 0.004669484682381153
0, 287, 828, 24, 35, 0.0046572559513151646
0, 450, 531, 41, 47, 0.0044841826893389225
0, 741, 315, 23, 23, 0.004380566533654928
0, 226, 863, 13, 11, 0.00437543261796236
0, 241, 954, 20, 16, 0.004365705419331789
0, 303, 711, 49, 73, 0.004364775028079748
0, 652, 454, 28, 28, 0.004362819250673056
0, 392, 611, 151, 133, 0.0042623733170330524
0, 890, 198, 27, 21, 0.004243039526045322
0, 874, 281, 95, 104, 0.0041710068471729755
0, 444, 519, 31, 34, 0.004113946110010147
0, 763, 332, 81, 69, 0.004074700176715851
0, 208, 1051, 25, 23, 0.0038508831057697535
0, 642, 481, 39, 29, 0.0037972666323184967
0, 967, 145, 37, 38, 0.0037647306453436613
0, 754, 326, 27, 23, 0.0037420771550387144
0, 655, 376, 15, 12, 0.0036858965177088976
0, 626, 425, 27, 27, 0.003594338661059737
0, 251, 891, 23, 26, 0.0032982768025249243
0, 636, 453, 56, 69, 0.0032286369241774082
0, 486, 487, 18, 16, 0.0032179690897464752
0, 166, 1006, 47, 49, 0.0030839780811220407
0, 424, 547, 24, 21, 0.002977889496833086
0, 671, 453, 46, 34, 0.0029398256447166204
0, 790, 357, 69, 49, 0.0028433098923414946
0, 189, 1051, 14, 19, 0.0028367293998599052
0, 919, 250, 76, 63, 0.0028309286572039127
0, 255, 918, 20, 28, 0.0027580722235143185
0, 219, 875, 25, 31, 0.002737616188824177
0, 646, 454, 82, 120, 0.0026602977886795998
0, 771, 363, 42, 36, 0.0026461114175617695
0, 353, 698, 20, 20, 0.0025993736926466227
0, 756, 386, 39, 31, 0.0025353911332786083
0, 483, 585, 32, 31, 0.0025071941781789064
0, 731, 380, 21, 16, 0.0024108251091092825
0, 707, 335, 29, 21, 0.0023981062695384026
0, 220, 946, 26, 35, 0.002332296222448349
0, 900, 221, 186, 159, 0.002310293959453702
0, 573, 431, 15, 20, 0.002303095068782568
0, 234, 941, 56, 53, 0.002270591678097844
0, 976, 140, 19, 27, 0.002264942741021514
0, 433, 570, 181, 135, 0.002249194076284766
0, 141, 1022, 18, 17, 0.002206141361966729
0, 211, 1053, 41, 30, 0.002126024104654789
0, 726, 329, 70, 57, 0.0020464814733713865
0, 233, 937, 36, 34, 0.002032382180914283
0, 510, 497, 38, 57, 0.0020154649391770363
0, 376, 575, 66, 49, 0.0019614065531641245
0, 812, 291, 99, 103, 0.0019415738061070442
0, 569, 475, 45, 68, 0.0019348191563040018
0, 1088, 128, 5, 147, 0.0019151953747496009
0, 716, 338, 24, 20, 0.0018679216736927629
0, 1088, 62, 5, 124, 0.0018326201243326068
0, 329, 615, 25, 36, 0.0017410384025424719
0, 273, 722, 52, 69, 0.0017384893726557493
0, 1073, 40, 35, 80, 0.0017330179689452052
0, 130, 1090, 25, 33, 0.001724463072605431
0, 274, 691, 64, 84, 0.00168402842245996
0, 1088, 191, 5, 144, 0.0016531281871721148
0, 673, 402, 52, 36, 0.0016291103092953563
0, 577, 497, 49, 52, 0.0015813237987458706
0, 319, 751, 33, 28, 0.0015494883991777897
0, 749, 393, 40, 37, 0.001508524757809937
0, 922, 184, 97, 72, 0.0014822290977463126
0, 881, 205, 48, 41, 0.0014741317136213183
0, 1088, 312, 5, 145, 0.001465861452743411
0, 576, 519, 53, 42, 0.0014484733110293746
0, 1088, 251, 5, 147, 0.0014293274143710732
0, 260, 720, 28, 56, 0.0014219005824998021
0, 325, 706, 31, 47, 0.0014074991922825575
0, 135, 1085, 24, 25, 0.0013999788789078593
0, 689, 428, 58, 24, 0.001370550598949194
0, 308, 748, 21, 28, 0.001358827343210578
0, 199, 1083, 27, 16, 0.001356469001621008
0, 492, 577, 47, 47, 0.001327399630099535
0, 203, 1088, 22, 19, 0.0013020444894209504
0, 611, 454, 24, 42, 0.0012937678257003427
0, 129, 1035, 11, 15, 0.0011598505079746246
0, 411, 567, 54, 70, 0.0011073442874476314
0, 316, 762, 28, 29, 0.001098194275982678
0, 445, 594, 68, 64, 0.0010764817707240582
0, 541, 441, 12, 13, 0.001058205496519804
0, 966, 161, 248, 316, 0.0010404700879007578
0, 903, 281, 96, 77, 0.0010393416741862893
0, 938, 158, 110, 96, 0.0010248222388327122
0, 279, 715, 81, 90, 0.0010149552254006267
0, 186, 920, 31, 39, 0.0009704007534310222
0, 350, 602, 68, 58, 0.0009298915974795818
0, 505, 471, 10, 14, 0.0009252222371287644
0, 399, 642, 246, 223, 0.0009034412214532495
0, 392, 653, 64, 46, 0.0008730472764000297
0, 522, 455, 12, 16, 0.0008349184063263237
0, 920, 271, 69, 44, 0.0008111714851111174
0, 1049, 28, 83, 56, 0.0008100306731648743
0, 1088, 376, 5, 147, 0.0008095283410511911
0, 224, 958, 32, 31, 0.0007872866117395461
0, 320, 631, 52, 78, 0.0007813962874934077
0, 287, 811, 21, 24, 0.0007727944757789373
0, 765, 378, 62, 48, 0.0007425697986036539
0, 192, 1082, 18, 14, 0.0007410484249703586
0, 613, 481, 66, 61, 0.0007409051177091897
0, 794, 322, 176, 121, 0.0007233924698084593
0, 132, 1028, 13, 18, 0.0007179511012509465
0, 374, 657, 69, 83, 0.0007040710770525038
0, 419, 530, 22, 28, 0.000687680090777576
0, 200, 985, 16, 13, 0.000677547708619386
0, 898, 203, 384, 407, 0.0006623198860324919
0, 153, 1078, 28, 28, 0.00065944017842412
0, 272, 645, 82, 105, 0.0006391280912794173
0, 633, 409, 48, 57, 0.0006389164482243359
0, 357, 698, 33, 44, 0.0006358917453326285
0, 655, 467, 53, 47, 0.0006327046430669725
0, 2, 16, 4, 32, 0.00061888771597296
0, 2, 1106, 4, 79, 0.000590817944612354
0, 156, 1092, 16, 17, 0.0005876588984392583
0, 281, 801, 17, 20, 0.0005872278125025332
0, 688, 350, 48, 38, 0.0005866046412847936
0, 2, 1010, 4, 77, 0.0005421903915703297
0, 401, 623, 68, 62, 0.0005360047798603773
0, 2, 1205, 5, 36, 0.0005342236836440861
0, 251, 914, 28, 68, 0.0005276800948195159
0, 2, 1075, 4, 87, 0.0005264703067950904
0, 2, 1138, 4, 71, 0.0005264241481199861
0, 138, 1185, 105, 77, 0.0005122420261614025
0, 703, 344, 46, 41, 0.0005104515585117042
0, 921, 322, 339, 306, 0.0005075772642157972
0, 403, 647, 80, 70, 0.0005053652566857636
0, 681, 435, 69, 74, 0.000495676533319056
0, 2, 1179, 4, 84, 0.0004913784214295447
