0, 427, 439, 72, 87, 0.2777900993824005
0, 186, 612, 46, 39, 0.22371840476989746
0, 386, 584, 29, 40, 0.20655092597007751
0, 363, 649, 87, 80, 0.20445354282855988
0, 312, 185, 28, 36, 0.15764452517032623
0, 443, 431, 112, 115, 0.14499495923519135
0, 261, 825, 67, 83, 0.13570241630077362
0, 389, 256, 75, 90, 0.11385577917098999
0, 250, 846, 27, 31, 0.08176963031291962
0, 373, 567, 59, 77, 0.08052359521389008
0, 261, 809, 27, 17, 0.07237990945577621
0, 429, 424, 49, 49, 0.06932438164949417
0, 222, 169, 32, 27, 0.06528906524181366
0, 290, 158, 18, 21, 0.05867081135511398
0, 446, 288, 34, 44, 0.0565180741250515
0, 382, 241, 48, 50, 0.056312594562768936
0, 257, 810, 35, 27, 0.05248137563467026
0, 259, 846, 50, 36, 0.04897666350007057
0, 279, 786, 23, 20, 0.0478912889957428
0, 345, 636, 45, 45, 0.04710837081074715
0, 225, 582, 26, 25, 0.04688478633761406
0, 160, 642, 25, 18, 0.04687671363353729
0, 233, 163, 64, 69, 0.04499601945281029
0, 378, 232, 37, 32, 0.04495465010404587
0, 385, 637, 32, 38, 0.04390477389097214
0, 334, 148, 15, 15, 0.04360739886760712
0, 323, 182, 54, 42, 0.042474616318941116
0, 352, 656, 44, 42, 0.04149918630719185
0, 332, 183, 34, 32, 0.040665674954652786
0, 286, 788, 39, 25, 0.037375375628471375
0, 375, 255, 16, 16, 0.034301117062568665
0, 176, 581, 23, 22, 0.03375393524765968
0, 141, 473, 40, 40, 0.033651724457740784
0, 224, 171, 42, 48, 0.03305907920002937
0, 312, 151, 14, 15, 0.033004965633153915
0, 276, 831, 21, 17, 0.03224846348166466
0, 219, 515, 40, 32, 0.029509466141462326
0, 447, 408, 85, 65, 0.029379667714238167
0, 269, 844, 29, 24, 0.02813296765089035
0, 274, 824, 32, 29, 0.027786578983068466
0, 272, 836, 38, 48, 0.027698233723640442
0, 398, 264, 42, 43, 0.027547789737582207
0, 460, 493, 49, 61, 0.026092424988746643
0, 436, 262, 22, 30, 0.02577141486108303
0, 236, 237, 27, 28, 0.024087054654955864
0, 241, 821, 19, 20, 0.023016400635242462
0, 401, 243, 54, 57, 0.021288175135850906
0, 371, 251, 24, 25, 0.02118714526295662
0, 294, 713, 47, 40, 0.020434899255633354
0, 466, 481, 36, 37, 0.020277736708521843
0, 329, 696, 31, 35, 0.02015048824250698
0, 240, 485, 18, 23, 0.020014088600873947
0, 371, 236, 111, 127, 0.019951017573475838
0, 371, 570, 41, 46, 0.019728420302271843
0, 314, 711, 87, 58, 0.01960604451596737
0, 430, 461, 58, 48, 0.019364580512046814
0, 137, 618, 18, 14, 0.019117427989840508
0, 371, 176, 32, 26, 0.019043851643800735
0, 470, 475, 26, 24, 0.018780194222927094
0, 246, 237, 66, 43, 0.018158389255404472
0, 367, 174, 25, 13, 0.018153518438339233
0, 474, 301, 20, 18, 0.01810317113995552
0, 147, 481, 25, 22, 0.018054498359560966
0, 258, 808, 54, 45, 0.017936434596776962
0, 377, 163, 14, 15, 0.017352988943457603
0, 366, 615, 103, 158, 0.01657065935432911
0, 442, 447, 39, 48, 0.01633046753704548
0, 347, 756, 16, 22, 0.016228049993515015
0, 230, 158, 33, 29, 0.016103606671094894
0, 425, 470, 32, 24, 0.015584473498165607
0, 272, 803, 53, 56, 0.015507141128182411
0, 451, 282, 64, 73, 0.015271480195224285
0, 331, 150, 24, 20, 0.01523511577397585
0, 226, 508, 14, 11, 0.01517710741609335
0, 402, 275, 33, 43, 0.015102558769285679
0, 461, 503, 34, 37, 0.015064476057887077
0, 368, 235, 60, 59, 0.01496280636638403
0, 328, 692, 21, 23, 0.014792709611356258
0, 284, 221, 11, 17, 0.014778047800064087
0, 234, 373, 19, 13, 0.014524320140480995
0, 453, 497, 18, 12, 0.014268245548009872
0, 367, 180, 43, 42, 0.01336690317839384
0, 318, 698, 38, 31, 0.013122049160301685
0, 354, 162, 17, 17, 0.013015552423894405
0, 351, 728, 20, 20, 0.013011540286242962
0, 133, 629, 20, 21, 0.012821726500988007
0, 374, 200, 70, 84, 0.01281782891601324
0, 416, 461, 44, 35, 0.012651927769184113
0, 346, 624, 35, 27, 0.012580565176904202
0, 231, 233, 41, 37, 0.012372481636703014
0, 364, 165, 28, 21, 0.012213711626827717
0, 306, 133, 28, 24, 0.011983819305896759
0, 420, 437, 52, 47, 0.011665456928312778
0, 411, 260, 151, 120, 0.01142030954360962
0, 209, 245, 14, 18, 0.01129887718707323
0, 355, 204, 29, 24, 0.011130533181130886
0, 330, 710, 44, 55, 0.011009681969881058
0, 474, 403, 47, 51, 0.010844964534044266
0, 317, 657, 17, 20, 0.01082008145749569
0, 322, 161, 44, 38, 0.01068815402686596
0, 332, 680, 23, 31, 0.010471191257238388
0, 459, 405, 43, 42, 0.010343331843614578
0, 304, 704, 63, 38, 0.010248384438455105
0, 333, 158, 25, 35, 0.009542353451251984
0, 330, 682, 14, 19, 0.009475369937717915
0, 343, 721, 40, 34, 0.009436147287487984
0, 281, 183, 19, 22, 0.009342672303318977
0, 257, 152, 58, 51, 0.009219182655215263
0, 441, 477, 34, 24, 0.009180160239338875
0, 342, 183, 89, 64, 0.009100474417209625
0, 127, 633, 13, 14, 0.009061851538717747
0, 264, 242, 28, 24, 0.008987599052488804
0, 322, 663, 18, 29, 0.00881793349981308
0, 272, 795, 34, 39, 0.008789654821157455
0, 358, 564, 31, 35, 0.008662855252623558
0, 421, 256, 69, 68, 0.008302010595798492
0, 398, 199, 18, 23, 0.008003524504601955
0, 163, 614, 17, 15, 0.00798407755792141
0, 260, 137, 26, 18, 0.007973913103342056
0, 336, 720, 27, 24, 0.0076609826646745205
0, 461, 394, 36, 38, 0.007529827766120434
0, 232, 368, 32, 24, 0.007496373262256384
0, 218, 360, 61, 38, 0.007464849855750799
0, 330, 697, 60, 41, 0.0074476501904428005
0, 340, 758, 30, 28, 0.007348441984504461
0, 414, 229, 20, 25, 0.007234770338982344
0, 174, 313, 12, 12, 0.007226452697068453
0, 449, 437, 61, 79, 0.006591241806745529
0, 384, 577, 44, 56, 0.006551618222147226
0, 296, 153, 40, 29, 0.0064368220046162605
0, 321, 167, 64, 79, 0.006353417877107859
0, 308, 805, 13, 12, 0.006291660480201244
0, 476, 399, 21, 24, 0.006179001182317734
0, 362, 556, 26, 21, 0.006124943494796753
0, 317, 141, 54, 44, 0.006030786316841841
0, 135, 571, 20, 32, 0.005507988855242729
0, 136, 467, 27, 26, 0.005425911396741867
0, 469, 385, 22, 20, 0.005424863658845425
0, 289, 798, 54, 47, 0.005349453072994947
0, 236, 358, 24, 13, 0.005257477052509785
0, 447, 461, 70, 70, 0.005015597678720951
0, 355, 674, 32, 41, 0.004971532616764307
0, 323, 766, 13, 18, 0.004964178428053856
0, 273, 145, 65, 46, 0.004784193355590105
0, 363, 165, 44, 44, 0.004563336260616779
0, 438, 495, 37, 23, 0.004251216538250446
0, 327, 739, 19, 17, 0.004244061186909676
0, 235, 478, 22, 14, 0.004055306315422058
0, 388, 225, 46, 39, 0.004047020338475704
0, 342, 684, 49, 47, 0.003944155294448137
0, 208, 224, 14, 13, 0.003921789582818747
0, 483, 412, 37, 33, 0.00392049690708518
0, 312, 113, 18, 13, 0.003878156654536724
0, 399, 284, 46, 57, 0.0037963739596307278
0, 385, 225, 186, 187, 0.00378765189088881
0, 336, 736, 47, 55, 0.0037444615736603737
0, 470, 301, 31, 39, 0.003741495544090867
0, 283, 149, 36, 43, 0.0037404773756861687
0, 477, 384, 20, 22, 0.0036931002978235483
0, 299, 796, 36, 35, 0.0035714730620384216
0, 209, 353, 25, 23, 0.0032922611571848392
0, 208, 347, 25, 13, 0.003227504435926676
0, 355, 600, 29, 18, 0.0032027100678533316
0, 223, 497, 47, 51, 0.0031408630311489105
0, 262, 770, 8, 9, 0.003034860361367464
0, 425, 573, 27, 41, 0.003004079917445779
0, 365, 536, 21, 21, 0.002984759397804737
0, 107, 23, 13, 12, 0.002964678918942809
0, 217, 244, 31, 23, 0.0029616723768413067
0, 424, 560, 20, 21, 0.0029455183539539576
0, 234, 485, 32, 32, 0.0029194229282438755
0, 335, 641, 61, 67, 0.0028722193092107773
0, 337, 690, 65, 105, 0.0027450728230178356
0, 324, 735, 41, 38, 0.002576560014858842
0, 353, 201, 42, 50, 0.0025759143754839897
0, 331, 753, 46, 51, 0.002510066144168377
0, 362, 542, 32, 33, 0.0024031491484493017
0, 292, 822, 33, 31, 0.002382551087066531
0, 372, 534, 18, 19, 0.0023646363988518715
0, 292, 831, 29, 23, 0.0023569536861032248
0, 205, 247, 21, 28, 0.0023449533618986607
0, 161, 650, 29, 34, 0.0023377882316708565
0, 169, 623, 33, 32, 0.0023338121827691793
0, 445, 395, 58, 40, 0.0022265752777457237
0, 345, 155, 29, 30, 0.002225488657131791
0, 289, 170, 37, 48, 0.0021491956431418657
0, 187, 587, 46, 41, 0.0020984725560992956
0, 391, 636, 59, 70, 0.0019849638920277357
0, 302, 748, 24, 25, 0.0019259315449744463
0, 260, 209, 24, 14, 0.0018926322227343917
0, 422, 586, 19, 19, 0.0018786381697282195
0, 301, 744, 17, 16, 0.001865941914729774
0, 249, 201, 12, 14, 0.0018595815636217594
0, 402, 230, 42, 42, 0.0017879350343719125
0, 270, 234, 37, 46, 0.0017481169197708368
0, 242, 191, 82, 135, 0.0017422910314053297
0, 427, 486, 43, 37, 0.0016560874646529555
0, 462, 471, 52, 53, 0.0016062954673543572
0, 346, 207, 99, 98, 0.0015813419595360756
0, 311, 124, 29, 37, 0.0015589568065479398
0, 348, 664, 138, 150, 0.0015190736157819629
0, 306, 812, 18, 26, 0.0014837781200185418
0, 388, 474, 9, 13, 0.0014250889653339982
0, 283, 284, 15, 18, 0.0013754474930465221
0, 242, 866, 20, 15, 0.0013208941090852022
0, 368, 528, 17, 14, 0.0013131026644259691
0, 292, 143, 56, 58, 0.0012850458733737469
0, 386, 537, 22, 17, 0.0012744537089020014
0, 314, 734, 101, 109, 0.0012367364251986146
0, 424, 588, 25, 37, 0.001221874263137579
0, 176, 625, 64, 51, 0.0012026288313791156
0, 238, 197, 16, 12, 0.001201519276946783
0, 472, 443, 32, 33, 0.0011063151760026813
0, 247, 177, 73, 50, 0.00102132314350456
0, 437, 496, 61, 44, 0.0010018788743764162
0, 315, 761, 60, 62, 0.0009914354886859655
0, 432, 353, 16, 16, 0.0009826022433117032
0, 432, 339, 18, 16, 0.000975481525529176
0, 386, 553, 56, 59, 0.0009517019498161972
0, 286, 186, 29, 36, 0.0008633885881863534
0, 398, 191, 411, 375, 0.0008493686327710748
0, 257, 205, 28, 16, 0.0008368382696062326
0, 610, 999, 5, 63, 0.0008261292241513729
0, 160, 45, 13, 12, 0.0007980570662766695
0, 132, 44, 27, 16, 0.0007910233689472079
0, 265, 134, 38, 29, 0.0007762445602566004
0, 114, 62, 48, 26, 0.0007731649675406516
0, 68, 33, 17, 13, 0.0007669429760426283
0, 104, 61, 21, 17, 0.0007465239614248276
0, 440, 328, 30, 28, 0.0007460829801857471
0, 434, 332, 23, 28, 0.0007177581428550184
0, 160, 69, 22, 11, 0.0006874107639305294
0, 404, 300, 26, 39, 0.0006803730502724648
0, 126, 60, 64, 35, 0.0006790186162106693
0, 226, 224, 51, 38, 0.000677314936183393
0, 369, 173, 68, 70, 0.0006627340335398912
0, 143, 69, 30, 12, 0.0006604641675949097
0, 610, 239, 5, 126, 0.0006530676037073135
0, 305, 694, 49, 38, 0.0006510975654236972
0, 134, 69, 30, 12, 0.0006190912681631744
0, 285, 782, 61, 46, 0.0005977645050734282
0, 610, 189, 5, 124, 0.0005969759658910334
0, 346, 157, 82, 73, 0.0005763361696153879
0, 500, 105, 223, 208, 0.0005756672471761703
0, 281, 845, 45, 36, 0.0005750732962042093
0, 437, 344, 25, 33, 0.0005724033690057695
0, 398, 614, 22, 24, 0.0005663828924298286
0, 280, 219, 21, 24, 0.0005570501671172678
0, 80, 48, 14, 15, 0.000548311450984329
0, 610, 448, 4, 117, 0.0005469631869345903
0, 610, 317, 4, 123, 0.0005341401556506753
0, 610, 382, 4, 121, 0.0005175917758606374
0, 142, 37, 48, 35, 0.0005081015406176448
0, 275, 780, 35, 33, 0.000507789256516844
0, 609, 95, 6, 131, 0.0005035538924857974
0, 148, 56, 54, 40, 0.0005013279151171446
0, 418, 552, 44, 51, 0.0004921985673718154
0, 183, 604, 46, 71, 0.000489495403598994
0, 397, 207, 47, 52, 0.0004883749643340707
0, 400, 558, 119, 89, 0.0004770471714437008
0, 610, 526, 4, 119, 0.00047513796016573906
0, 610, 137, 5, 122, 0.00046827783808112144
0, 132, 33, 35, 25, 0.000465581746539101
0, 133, 626, 33, 33, 0.0004623639688361436
0, 329, 773, 22, 20, 0.00046014360850676894
0, 454, 313, 58, 54, 0.00045941167627461255
0, 247, 840, 55, 57, 0.0004559845838230103
0, 296, 823, 39, 50, 0.0004518286732491106
0, 42, 65, 84, 130, 0.00045151225640438497
0, 276, 153, 106, 89, 0.00045134464744478464
0, 110, 51, 79, 47, 0.00044947434798814356
0, 436, 512, 29, 28, 0.0004479290219023824
0, 429, 402, 53, 54, 0.0004386336950119585
0, 117, 24, 40, 23, 0.0004356907738838345
0, 123, 66, 23, 16, 0.00043185229878872633
0, 98, 22, 28, 15, 0.00043040115269832313
0, 285, 47, 22, 19, 0.00041409084224142134
0, 148, 780, 297, 224, 0.00041384241194464266
0, 386, 617, 45, 75, 0.0004090848087798804
0, 194, 212, 8, 7, 0.00039671341073699296
0, 192, 48, 13, 12, 0.0003925526689272374
0, 412, 613, 25, 23, 0.0003837429394479841
0, 415, 591, 39, 65, 0.0003825318126473576
0, 68, 41, 41, 36, 0.00037800855352543294
0, 370, 662, 55, 72, 0.00037746192538179457
0, 387, 524, 21, 13, 0.00037603211239911616
0, 54, 23, 55, 39, 0.0003754212521016598
0, 314, 685, 37, 80, 0.00037478419835679233
0, 158, 123, 11, 9, 0.0003706278221216053
0, 452, 247, 70, 84, 0.00037014656118117273
0, 129, 25, 58, 36, 0.00036573433317244053
0, 78, 5, 22, 10, 0.00035366660449653864
0, 2, 13, 5, 26, 0.000353556708432734
0, 360, 558, 49, 65, 0.00035184287116862833
0, 133, 38, 93, 76, 0.0003477397549431771
0, 76, 24, 93, 48, 0.00034089392283931375
0, 91, 42, 181, 84, 0.0003396498505026102
0, 124, 648, 12, 15, 0.0003332803607918322
0, 144, 21, 32, 23, 0.0003300966927781701
0, 166, 46, 28, 20, 0.00032517994986847043
