0, 282, 211, 77, 110, 0.744596540927887
0, 240, 849, 24, 20, 0.3711613118648529
0, 242, 353, 32, 29, 0.23285722732543945
0, 256, 314, 30, 29, 0.19804584980010986
0, 192, 337, 24, 17, 0.18631573021411896
0, 247, 981, 28, 45, 0.17236319184303284
0, 163, 907, 23, 25, 0.1711965948343277
0, 199, 761, 69, 63, 0.169662743806839
0, 244, 957, 38, 91, 0.16489920020103455
0, 213, 762, 37, 56, 0.1613701730966568
0, 166, 795, 27, 22, 0.15902677178382874
0, 212, 594, 29, 22, 0.1454283446073532
0, 193, 846, 49, 40, 0.14337512850761414
0, 239, 881, 17, 20, 0.14235247671604156
0, 199, 812, 39, 33, 0.13987575471401215
0, 197, 686, 49, 38, 0.12900659441947937
0, 207, 912, 31, 58, 0.12820865213871002
0, 208, 946, 119, 131, 0.1258695125579834
0, 202, 924, 48, 77, 0.10567586869001389
0, 235, 928, 22, 30, 0.1046295091509819
0, 193, 775, 92, 103, 0.10127805173397064
0, 221, 748, 22, 33, 0.10034521669149399
0, 168, 593, 43, 32, 0.09455115348100662
0, 254, 808, 12, 15, 0.09109226614236832
0, 209, 901, 25, 36, 0.08664025366306305
0, 196, 431, 15, 17, 0.0812239870429039
0, 192, 452, 63, 63, 0.08106929063796997
0, 162, 820, 26, 21, 0.07941150665283203
0, 235, 406, 37, 50, 0.07804594188928604
0, 184, 741, 39, 32, 0.0767669603228569
0, 245, 789, 20, 18, 0.0742955282330513
0, 237, 393, 29, 27, 0.07038941979408264
0, 162, 863, 26, 19, 0.06725804507732391
0, 171, 360, 17, 21, 0.06711268424987793
0, 237, 419, 25, 20, 0.06344690918922424
0, 230, 415, 32, 29, 0.0608043298125267
0, 195, 509, 22, 17, 0.060663316398859024
0, 242, 934, 32, 43, 0.06028106063604355
0, 172, 454, 21, 20, 0.05951199680566788
0, 239, 809, 17, 14, 0.05822554975748062
0, 266, 243, 37, 46, 0.05448697507381439
0, 155, 498, 23, 30, 0.0539083257317543
0, 237, 622, 22, 14, 0.052521269768476486
0, 167, 954, 28, 49, 0.051545362919569016
0, 164, 807, 34, 45, 0.051112376153469086
0, 218, 1031, 33, 18, 0.05008864030241966
0, 161, 606, 18, 16, 0.048639751970767975
0, 179, 448, 37, 36, 0.04791753739118576
0, 168, 942, 23, 28, 0.04642646014690399
0, 192, 950, 24, 25, 0.045456018298864365
0, 234, 575, 22, 26, 0.043874483555555344
0, 235, 297, 16, 22, 0.04383743181824684
0, 229, 500, 31, 21, 0.04305874556303024
0, 200, 447, 112, 134, 0.04261133447289467
0, 187, 437, 36, 32, 0.04047216847538948
0, 192, 942, 74, 91, 0.039418429136276245
0, 174, 722, 16, 18, 0.038220617920160294
0, 178, 878, 23, 16, 0.03688017651438713
0, 242, 882, 27, 26, 0.03635121509432793
0, 187, 841, 74, 62, 0.03625066205859184
0, 246, 791, 27, 37, 0.036246880888938904
0, 208, 453, 26, 19, 0.03614642098546028
0, 171, 856, 47, 36, 0.03581131622195244
0, 204, 446, 35, 33, 0.035546328872442245
0, 230, 583, 41, 47, 0.03345898538827896
0, 157, 490, 21, 21, 0.03311103582382202
0, 171, 962, 40, 74, 0.03295458108186722
0, 251, 311, 38, 47, 0.03273546323180199
0, 163, 406, 22, 37, 0.032669637352228165
0, 200, 822, 115, 85, 0.032273177057504654
0, 205, 957, 49, 65, 0.03130505979061127
0, 222, 563, 22, 16, 0.031139252707362175
0, 165, 788, 41, 37, 0.03028743900358677
0, 188, 345, 34, 41, 0.029633836820721626
0, 162, 600, 32, 32, 0.028863754123449326
0, 152, 576, 23, 19, 0.02845166251063347
0, 203, 465, 37, 38, 0.028289133682847023
0, 186, 942, 50, 43, 0.028288504108786583
0, 146, 534, 23, 30, 0.026930805295705795
0, 144, 542, 20, 24, 0.02432923950254917
0, 221, 593, 51, 43, 0.022610876709222794
0, 212, 1009, 18, 18, 0.021884776651859283
0, 227, 493, 39, 36, 0.020658671855926514
0, 234, 597, 28, 21, 0.01957586780190468
0, 240, 532, 14, 24, 0.01850423775613308
0, 168, 932, 37, 93, 0.01816965639591217
0, 178, 427, 53, 76, 0.018115922808647156
0, 234, 422, 40, 51, 0.01799258589744568
0, 160, 539, 54, 46, 0.01758277229964733
0, 183, 490, 13, 13, 0.017167849466204643
0, 178, 544, 24, 25, 0.01711774617433548
0, 185, 688, 52, 29, 0.01698550209403038
0, 241, 783, 21, 34, 0.0161962378770113
0, 211, 435, 25, 27, 0.01611119508743286
0, 224, 959, 80, 87, 0.01599300466477871
0, 149, 446, 21, 39, 0.014934348873794079
0, 245, 666, 19, 17, 0.014428595080971718
0, 209, 981, 28, 22, 0.014397106133401394
0, 171, 880, 36, 29, 0.013931072317063808
0, 167, 909, 33, 38, 0.013924379833042622
0, 237, 432, 28, 36, 0.013856537640094757
0, 169, 408, 37, 68, 0.013442646712064743
0, 153, 765, 16, 13, 0.013363092206418514
0, 215, 1019, 39, 42, 0.013274755328893661
0, 168, 836, 44, 53, 0.012943152338266373
0, 192, 500, 30, 35, 0.012852986343204975
0, 215, 476, 37, 31, 0.012743382714688778
0, 196, 903, 100, 170, 0.012194609269499779
0, 222, 431, 57, 64, 0.01206514798104763
0, 193, 383, 17, 12, 0.012012285180389881
0, 197, 491, 61, 54, 0.011704151518642902
0, 183, 428, 51, 44, 0.010840709321200848
0, 220, 566, 34, 26, 0.01047343946993351
0, 225, 395, 56, 50, 0.009649629704654217
0, 238, 357, 46, 44, 0.009586037136614323
0, 193, 409, 75, 73, 0.009412020444869995
0, 147, 718, 15, 14, 0.009280776605010033
0, 237, 623, 33, 21, 0.009193790145218372
0, 251, 736, 9, 9, 0.009105373173952103
0, 177, 998, 17, 16, 0.009012137539684772
0, 162, 591, 57, 50, 0.008640076965093613
0, 175, 464, 52, 58, 0.008523995988070965
0, 243, 817, 27, 34, 0.00835455022752285
0, 156, 429, 27, 53, 0.008225821889936924
0, 233, 1029, 30, 20, 0.008045747876167297
0, 155, 510, 35, 66, 0.007962890900671482
0, 296, 168, 25, 24, 0.007493017707020044
0, 231, 515, 35, 53, 0.007203868590295315
0, 194, 563, 118, 102, 0.0070291743613779545
0, 283, 240, 57, 49, 0.006821873597800732
0, 216, 682, 27, 32, 0.006527865771204233
0, 176, 334, 28, 28, 0.006483764853328466
0, 245, 439, 19, 20, 0.005996901076287031
0, 226, 199, 20, 24, 0.005980157293379307
0, 203, 1011, 26, 15, 0.005915727932006121
0, 185, 551, 53, 41, 0.00572323938831687
0, 234, 709, 14, 13, 0.005444059148430824
0, 225, 847, 55, 33, 0.005417891312390566
0, 251, 334, 37, 72, 0.005376774352043867
0, 215, 374, 26, 25, 0.005373202729970217
0, 214, 977, 39, 81, 0.004984236788004637
0, 186, 868, 66, 75, 0.004945596680045128
0, 227, 886, 21, 28, 0.004937090445309877
0, 155, 463, 28, 74, 0.004878273233771324
0, 226, 554, 48, 72, 0.004815366119146347
0, 246, 1029, 20, 20, 0.004535033367574215
0, 196, 589, 118, 55, 0.004487451631575823
0, 228, 206, 27, 32, 0.004432218614965677
0, 182, 598, 73, 48, 0.004380090162158012
0, 292, 191, 45, 52, 0.00427244184538722
0, 197, 789, 145, 164, 0.004197880160063505
0, 240, 858, 33, 45, 0.004008006304502487
0, 304, 191, 24, 33, 0.003979433793574572
0, 235, 387, 58, 90, 0.0038309074006974697
0, 193, 976, 62, 81, 0.003774920478463173
0, 203, 562, 91, 63, 0.0037028277292847633
0, 238, 210, 21, 28, 0.003661208087578416
0, 195, 645, 14, 11, 0.0035504770930856466
0, 250, 1037, 12, 13, 0.0030483549926429987
0, 205, 875, 136, 297, 0.0029951005708426237
0, 236, 200, 26, 28, 0.0029427497647702694
0, 279, 177, 42, 41, 0.0028077675960958004
0, 296, 160, 23, 20, 0.002638428471982479
0, 212, 696, 31, 30, 0.00252658617682755
0, 173, 748, 62, 77, 0.0024961151648312807
0, 221, 359, 79, 59, 0.0023932219482958317
0, 242, 994, 31, 55, 0.00232203328050673
0, 189, 321, 45, 67, 0.0021655878517776728
0, 157, 688, 43, 38, 0.002122152131050825
0, 148, 675, 20, 18, 0.0020957922097295523
0, 199, 677, 95, 82, 0.0020957603119313717
0, 167, 697, 30, 29, 0.002062322339043021
0, 206, 602, 44, 43, 0.0020467638969421387
0, 233, 662, 39, 48, 0.001986242365092039
0, 195, 296, 28, 28, 0.0019193480256944895
0, 225, 612, 59, 61, 0.0019017037702724338
0, 181, 527, 44, 37, 0.0018857689574360847
0, 187, 653, 101, 109, 0.0017234727274626493
0, 195, 736, 65, 51, 0.0017159079434350133
0, 251, 295, 40, 29, 0.001701989909633994
0, 168, 667, 16, 21, 0.001672366401180625
0, 243, 646, 17, 15, 0.0015881048748269677
0, 207, 226, 20, 20, 0.0015702374512329698
0, 194, 618, 117, 93, 0.0015521892346441746
0, 199, 514, 137, 292, 0.0015412126667797565
0, 228, 211, 40, 50, 0.0015217880718410015
0, 242, 335, 48, 40, 0.001519062789157033
0, 191, 301, 41, 41, 0.001441129599697888
0, 244, 195, 42, 58, 0.0014193117385730147
0, 182, 319, 26, 24, 0.001380493282340467
0, 251, 754, 12, 48, 0.0013316756812855601
0, 207, 256, 19, 13, 0.0013284037122502923
0, 290, 165, 41, 31, 0.0013221809640526772
0, 231, 292, 20, 21, 0.0013147697318345308
0, 167, 734, 53, 46, 0.0013132584281265736
0, 145, 630, 16, 18, 0.0013074439484626055
0, 255, 170, 11, 21, 0.001243561040610075
0, 252, 799, 32, 35, 0.0012352037010714412
0, 236, 219, 19, 31, 0.001213253359310329
0, 204, 531, 79, 65, 0.001126878778450191
0, 206, 298, 30, 35, 0.0011257221922278404
0, 191, 266, 20, 16, 0.0010805323254317045
0, 233, 196, 39, 46, 0.0010624945862218738
0, 178, 1003, 15, 21, 0.0010613109916448593
0, 196, 288, 33, 26, 0.0010500806383788586
0, 217, 640, 61, 57, 0.0010296066757291555
0, 209, 319, 64, 87, 0.0009895717957988381
0, 208, 288, 19, 18, 0.0009823631262406707
0, 223, 687, 55, 58, 0.0009554788121022284
0, 189, 724, 102, 43, 0.0009468866046518087
0, 154, 609, 31, 35, 0.0009284442057833076
0, 152, 664, 27, 36, 0.0009026010520756245
0, 240, 652, 29, 51, 0.00089261558605358
0, 255, 229, 48, 69, 0.0008919251849874854
0, 150, 446, 32, 53, 0.0008899799431674182
0, 233, 648, 33, 28, 0.0008868976728990674
0, 3, 1126, 6, 74, 0.0008624322363175452
0, 164, 651, 18, 27, 0.0008554086089134216
0, 214, 737, 46, 68, 0.0008261954062618315
0, 197, 636, 25, 25, 0.0008236698340624571
0, 249, 793, 43, 56, 0.0007974359905347228
0, 234, 226, 52, 73, 0.0007728264899924397
0, 199, 228, 13, 17, 0.0007710422505624592
0, 188, 284, 28, 26, 0.0007635942311026156
0, 239, 545, 32, 64, 0.0007630137843079865
0, 210, 235, 29, 35, 0.0007545494590885937
0, 156, 704, 35, 36, 0.0006379532278515399
0, 197, 256, 29, 29, 0.0006322733825072646
0, 185, 268, 19, 19, 0.0006251861341297626
0, 240, 451, 30, 46, 0.0006244631367735565
0, 204, 264, 32, 28, 0.0006030325312167406
0, 150, 643, 26, 42, 0.0005749757401645184
0, 199, 237, 12, 19, 0.0005720916669815779
0, 241, 712, 30, 36, 0.000562518194783479
0, 277, 201, 62, 66, 0.0005553234950639307
0, 230, 251, 28, 25, 0.0005519278347492218
0, 206, 1004, 72, 80, 0.0005292728310450912
0, 156, 461, 48, 89, 0.0004934492753818631
0, 140, 967, 280, 198, 0.0004873602883890271
0, 3, 613, 6, 153, 0.00047867244575172663
0, 241, 530, 26, 43, 0.000467322941403836
0, 164, 390, 39, 84, 0.0004647084861062467
0, 195, 1050, 12, 11, 0.00045074548688717186
0, 173, 318, 20, 28, 0.0004374459385871887
0, 253, 932, 44, 71, 0.00043115386506542563
0, 3, 52, 6, 105, 0.00042995763942599297
0, 2, 902, 5, 150, 0.0004284640308469534
0, 2, 1048, 5, 150, 0.0004235313390381634
0, 2, 989, 5, 149, 0.0004230860504321754
0, 2, 481, 5, 149, 0.00041906783008016646
0, 2, 408, 5, 149, 0.0004138536751270294
0, 3, 743, 6, 151, 0.00040947573143057525
0, 3, 670, 6, 151, 0.0004072067094966769
0, 3, 801, 6, 152, 0.00040363447624258697
0, 3, 335, 6, 149, 0.00039939393172971904
0, 233, 484, 45, 64, 0.0003917679423466325
0, 247, 725, 19, 36, 0.0003907202335540205
0, 142, 693, 16, 21, 0.00038783904165029526
0, 2, 276, 5, 148, 0.00037893583066761494
0, 163, 634, 19, 23, 0.0003775166114792228
0, 3, 541, 6, 151, 0.0003763835702557117
0, 143, 674, 16, 15, 0.0003721179673448205
0, 242, 260, 22, 25, 0.00036562554305419326
0, 298, 198, 66, 85, 0.00036258381442166865
0, 3, 218, 6, 149, 0.0003605408710427582
0, 260, 287, 31, 23, 0.00035559976822696626
0, 194, 324, 69, 140, 0.0003386322350706905
0, 184, 634, 65, 41, 0.0003347230958752334
0, 3, 160, 6, 150, 0.00033183812047354877
0, 258, 165, 22, 38, 0.0003297856019344181
0, 183, 258, 15, 25, 0.00031367744668386877
0, 245, 176, 27, 33, 0.0003112994600087404
0, 220, 290, 88, 80, 0.0003110630204901099
0, 3, 99, 6, 149, 0.0002973803784698248
0, 143, 623, 18, 22, 0.0002896788064390421
0, 255, 949, 92, 123, 0.000279398140264675
0, 221, 264, 31, 29, 0.0002748545375652611
0, 214, 215, 49, 54, 0.000272646255325526
0, 218, 589, 105, 101, 0.0002648891240824014
0, 55, 249, 106, 113, 0.0002623813634272665
0, 293, 130, 274, 261, 0.0002457489899825305
0, 241, 690, 31, 64, 0.0002452282060403377
0, 143, 722, 16, 21, 0.00024407102318946272
0, 266, 179, 116, 179, 0.00023330975091084838
0, 248, 410, 71, 70, 0.00021424719307105988
0, 331, 201, 198, 280, 0.00021382697741501033
0, 142, 663, 15, 36, 0.0002060961996903643
0, 261, 318, 53, 38, 0.00020462472457438707
0, 139, 646, 9, 21, 0.00020245522318873554
0, 157, 427, 62, 108, 0.0001991461031138897
0, 199, 687, 139, 468, 0.00019873809651471674
0, 233, 1132, 144, 63, 0.0001926221593748778
0, 323, 199, 119, 113, 0.00018598957103677094
0, 291, 262, 37, 23, 0.00018536567222326994
0, 429, 29, 3, 59, 0.00018183962674811482
0, 365, 60, 131, 120, 0.00017219399160239846
0, 221, 193, 80, 94, 0.00016906074597500265
0, 256, 227, 147, 147, 0.00016208707529585809
0, 208, 422, 140, 229, 0.00016120942018460482
0, 257, 782, 32, 65, 0.00016046653036028147
