0, 551, 207, 124, 138, 0.39756008982658386
0, 334, 216, 80, 75, 0.10444033890962601
0, 634, 144, 96, 81, 0.10142939537763596
0, 141, 297, 62, 52, 0.07774265855550766
0, 376, 285, 58, 46, 0.07245296984910965
0, 412, 269, 94, 70, 0.06896104663610458
0, 495, 229, 307, 181, 0.06323286890983582
0, 388, 197, 43, 48, 0.03621401637792587
0, 367, 290, 34, 35, 0.03452736884355545
0, 189, 237, 47, 50, 0.03443953022360802
0, 220, 308, 100, 53, 0.02083188109099865
0, 419, 281, 70, 45, 0.019959205761551857
0, 342, 200, 55, 43, 0.018539058044552803
0, 471, 227, 25, 21, 0.016861259937286377
0, 347, 215, 141, 101, 0.015439910814166069
0, 147, 290, 43, 36, 0.015428072772920132
0, 559, 198, 89, 87, 0.015063492581248283
0, 331, 335, 75, 39, 0.014595994725823402
0, 195, 242, 31, 31, 0.014100694097578526
0, 199, 311, 189, 131, 0.01349421963095665
0, 172, 300, 96, 56, 0.01334317121654749
0, 592, 162, 219, 257, 0.01202434953302145
0, 599, 135, 26, 35, 0.01107962429523468
0, 289, 256, 33, 28, 0.010479855351150036
0, 313, 334, 61, 23, 0.010393090546131134
0, 333, 335, 59, 24, 0.009469441138207912
0, 340, 327, 51, 32, 0.008644423447549343
0, 216, 348, 75, 43, 0.00799053069204092
0, 545, 224, 90, 93, 0.007962123490869999
0, 329, 335, 30, 15, 0.0078803775832057
0, 202, 243, 20, 23, 0.007879005745053291
0, 450, 273, 98, 51, 0.007868691347539425
0, 576, 188, 62, 63, 0.007618931587785482
0, 585, 143, 15, 17, 0.007022783160209656
0, 525, 233, 59, 85, 0.006963795516639948
0, 808, 390, 7, 33, 0.006901065818965435
0, 296, 255, 20, 20, 0.006853488273918629
0, 246, 321, 54, 27, 0.006748082581907511
0, 189, 334, 15, 14, 0.0067113228142261505
0, 392, 275, 26, 32, 0.006555914878845215
0, 400, 281, 38, 36, 0.006439103279262781
0, 219, 339, 26, 24, 0.00642166193574667
0, 640, 141, 61, 53, 0.006406479515135288
0, 328, 233, 47, 40, 0.006356923375278711
0, 340, 318, 39, 17, 0.005699391011148691
0, 197, 249, 63, 51, 0.005674140993505716
0, 127, 309, 18, 21, 0.005667062010616064
0, 358, 211, 87, 69, 0.005665509030222893
0, 626, 154, 61, 40, 0.005578173790127039
0, 239, 330, 76, 53, 0.005563755985349417
0, 289, 218, 246, 119, 0.0055515882559120655
0, 199, 304, 57, 44, 0.0054937694221735
0, 329, 348, 21, 11, 0.0054557183757424355
0, 246, 350, 35, 29, 0.005317614879459143
0, 481, 220, 50, 42, 0.005254864227026701
0, 313, 219, 58, 67, 0.005198568105697632
0, 467, 260, 55, 64, 0.005105914082378149
0, 622, 164, 19, 16, 0.0050130924209952354
0, 433, 285, 44, 35, 0.004986796528100967
0, 629, 162, 39, 27, 0.004922139458358288
0, 600, 127, 19, 12, 0.0048250784166157246
0, 277, 327, 105, 41, 0.004750756546854973
0, 232, 227, 74, 72, 0.004590086173266172
0, 359, 318, 21, 14, 0.00452290428802371
0, 237, 355, 18, 15, 0.004411168396472931
0, 197, 315, 78, 60, 0.004293468315154314
0, 195, 342, 41, 39, 0.004239201080054045
0, 249, 237, 54, 51, 0.004218747839331627
0, 273, 328, 54, 24, 0.004053914453834295
0, 310, 211, 19, 16, 0.004021217580884695
0, 157, 312, 28, 22, 0.003954451065510511
0, 418, 254, 54, 38, 0.003934906329959631
0, 563, 212, 67, 55, 0.003913857042789459
0, 427, 252, 32, 30, 0.0038907346315681934
0, 623, 169, 54, 48, 0.0038653698284178972
0, 353, 334, 23, 18, 0.003846612526103854
0, 175, 308, 58, 37, 0.0038387144450098276
0, 348, 302, 11, 13, 0.00380539963953197
0, 234, 354, 61, 35, 0.0037911729887127876
0, 460, 260, 26, 29, 0.0036950872745364904
0, 468, 236, 51, 45, 0.0036849561147391796
0, 348, 339, 40, 29, 0.0036737669724971056
0, 293, 205, 13, 15, 0.00363898859359324
0, 187, 317, 26, 13, 0.003630994353443384
0, 320, 241, 19, 25, 0.0035780679900199175
0, 322, 199, 24, 26, 0.0035760197788476944
0, 260, 326, 28, 19, 0.0035723198670893908
0, 442, 291, 31, 24, 0.0034828996285796165
0, 312, 207, 27, 23, 0.0034725251607596874
0, 206, 348, 44, 36, 0.003457728773355484
0, 527, 249, 46, 50, 0.0034168779384344816
0, 362, 233, 59, 33, 0.003406824078410864
0, 454, 238, 19, 19, 0.0033344689290970564
0, 247, 230, 24, 28, 0.003288768930360675
0, 271, 311, 206, 92, 0.003271503373980522
0, 301, 369, 20, 20, 0.0032173481304198503
0, 236, 325, 26, 16, 0.003197412472218275
0, 146, 221, 17, 14, 0.0031637195497751236
0, 298, 333, 45, 19, 0.0031429212540388107
0, 807, 394, 8, 64, 0.0031285344157367945
0, 379, 238, 24, 22, 0.0030707973055541515
0, 601, 185, 66, 75, 0.0030707770492881536
0, 604, 139, 48, 40, 0.0029909356962889433
0, 664, 144, 70, 52, 0.0029658388812094927
0, 187, 329, 24, 24, 0.0029354512225836515
0, 224, 214, 40, 41, 0.0029325929936021566
0, 254, 316, 81, 52, 0.0029232592787593603
0, 458, 242, 27, 28, 0.002918445970863104
0, 309, 368, 30, 21, 0.0028630378656089306
0, 138, 335, 17, 21, 0.002758047077804804
0, 189, 222, 25, 57, 0.002713350113481283
0, 181, 243, 34, 32, 0.0026538458187133074
0, 354, 326, 37, 29, 0.0026435316540300846
0, 203, 300, 40, 27, 0.0026367639657109976
0, 231, 212, 15, 22, 0.0026073348708450794
0, 293, 336, 81, 37, 0.00260549527592957
0, 496, 211, 76, 61, 0.0025896746665239334
0, 206, 235, 70, 82, 0.0025644968263804913
0, 183, 348, 57, 45, 0.002556454623118043
0, 587, 138, 24, 26, 0.002550330013036728
0, 142, 218, 27, 17, 0.002544618444517255
0, 182, 327, 38, 31, 0.002506901975721121
0, 438, 251, 67, 42, 0.0024683692026883364
0, 305, 202, 36, 29, 0.0024595593567937613
0, 124, 305, 24, 33, 0.002413154346868396
0, 294, 207, 22, 24, 0.0024088534992188215
0, 688, 134, 14, 14, 0.0023779314942657948
0, 531, 256, 32, 35, 0.00235836673527956
0, 189, 355, 15, 11, 0.0023497382644563913
0, 152, 210, 49, 38, 0.0023438616190105677
0, 585, 205, 78, 64, 0.0023140867706388235
0, 424, 244, 152, 133, 0.0022806755732744932
0, 301, 372, 13, 12, 0.0022767651826143265
0, 368, 225, 19, 17, 0.0022740394342690706
0, 237, 228, 141, 92, 0.002205673372372985
0, 209, 358, 40, 28, 0.002201638650149107
0, 161, 319, 35, 25, 0.002179020317271352
0, 276, 233, 75, 79, 0.0021005102898925543
0, 647, 157, 51, 35, 0.0020956334192305803
0, 198, 211, 11, 13, 0.0020920876413583755
0, 584, 178, 37, 48, 0.002071363851428032
0, 656, 106, 25, 22, 0.002065013162791729
0, 171, 338, 45, 34, 0.001987589756026864
0, 604, 123, 41, 30, 0.001972686732187867
0, 146, 258, 16, 13, 0.0019412938272580504
0, 338, 240, 23, 24, 0.0018571013351902366
0, 347, 235, 34, 20, 0.0018495541298761964
0, 292, 237, 17, 24, 0.0018167314119637012
0, 559, 230, 83, 60, 0.0018120419699698687
0, 631, 184, 13, 14, 0.001780121005140245
0, 523, 207, 58, 65, 0.0017751372652128339
0, 481, 275, 47, 33, 0.0017474688356742263
0, 480, 259, 23, 19, 0.0017373632872477174
0, 607, 167, 164, 131, 0.001725125010125339
0, 318, 366, 15, 12, 0.001687434152700007
0, 625, 182, 23, 22, 0.0016830780077725649
0, 167, 344, 24, 18, 0.001630149781703949
0, 288, 203, 51, 44, 0.0016086441464722157
0, 493, 214, 16, 17, 0.0016057342290878296
0, 184, 203, 11, 21, 0.001599381328560412
0, 491, 243, 96, 98, 0.0015838977415114641
0, 677, 138, 31, 32, 0.0015828318428248167
0, 613, 187, 26, 26, 0.00155495700892061
0, 299, 319, 138, 65, 0.0015466536860913038
0, 514, 245, 32, 40, 0.0015450536739081144
0, 312, 190, 33, 23, 0.001542382757179439
0, 175, 227, 75, 75, 0.0015384831931442022
0, 512, 256, 69, 53, 0.0015359839890152216
0, 491, 273, 23, 21, 0.0015220504719763994
0, 354, 192, 29, 24, 0.0014988054754212499
0, 612, 194, 21, 20, 0.001458025653846562
0, 198, 359, 25, 24, 0.0014431070303544402
0, 218, 264, 23, 19, 0.0014232220128178596
0, 228, 363, 21, 15, 0.0014140959829092026
0, 582, 168, 23, 22, 0.0014091985067352653
0, 148, 207, 19, 19, 0.001391132129356265
0, 290, 201, 37, 28, 0.0013687941245734692
0, 464, 284, 39, 34, 0.0013500840868800879
0, 609, 162, 48, 45, 0.0013112088199704885
0, 380, 220, 54, 59, 0.0012441084254533052
0, 219, 257, 28, 33, 0.0012275992194190621
0, 608, 200, 30, 28, 0.0012237458722665906
0, 158, 204, 32, 28, 0.001205550623126328
0, 593, 200, 46, 44, 0.001198421698063612
0, 198, 274, 18, 12, 0.0011758478358387947
0, 615, 113, 10, 11, 0.0011723584029823542
0, 211, 214, 33, 35, 0.001161078573204577
0, 261, 223, 43, 36, 0.0011600571451708674
0, 584, 150, 21, 31, 0.0011561167193576694
0, 159, 339, 23, 21, 0.0011484321439638734
0, 152, 335, 45, 32, 0.0011382142547518015
0, 278, 197, 43, 36, 0.0011330011766403913
0, 162, 307, 104, 107, 0.0011237164726480842
0, 296, 198, 98, 48, 0.0011132503859698772
0, 177, 249, 24, 21, 0.0011130933417007327
0, 588, 157, 35, 48, 0.0011105028679594398
0, 281, 197, 20, 16, 0.0011033907067030668
0, 340, 310, 28, 26, 0.0010858533205464482
0, 509, 238, 22, 26, 0.001082502887584269
0, 255, 358, 26, 28, 0.0010542233940213919
0, 520, 215, 34, 24, 0.0010467695537954569
0, 546, 248, 73, 59, 0.0010389754315838218
0, 666, 128, 53, 66, 0.001030478160828352
0, 627, 112, 12, 11, 0.0010277231922373176
0, 164, 287, 54, 64, 0.0010100939543917775
0, 378, 186, 20, 21, 0.0009913259418681264
0, 501, 265, 40, 31, 0.0009871944785118103
0, 259, 218, 24, 20, 0.000986664672382176
0, 514, 205, 50, 41, 0.0009330146131105721
0, 286, 245, 44, 54, 0.0009191152639687061
0, 498, 208, 26, 29, 0.0008984412415884435
0, 213, 266, 35, 27, 0.0008978726109489799
0, 682, 130, 28, 26, 0.0008625370683148503
0, 149, 261, 25, 21, 0.0008573184604756534
0, 273, 210, 46, 42, 0.0008513278444297612
0, 574, 171, 43, 65, 0.0008433643961325288
0, 279, 343, 99, 56, 0.000819891516584903
0, 135, 227, 21, 14, 0.0008052138146013021
0, 691, 140, 17, 24, 0.0007840508478693664
0, 676, 124, 14, 16, 0.0007574759656563401
0, 641, 134, 33, 40, 0.0007571086171083152
0, 298, 250, 48, 39, 0.0006849297787994146
0, 228, 247, 62, 55, 0.0006810802151449025
0, 141, 220, 32, 31, 0.000670895678922534
0, 179, 204, 6, 16, 0.0006468730862252414
0, 625, 129, 32, 36, 0.0006372097413986921
0, 519, 230, 129, 128, 0.0006310166791081429
0, 804, 405, 12, 50, 0.0006298714433796704
0, 309, 364, 51, 32, 0.0006126246880739927
0, 159, 263, 35, 24, 0.0005909320316277444
0, 539, 206, 56, 57, 0.0005861223326064646
0, 626, 109, 19, 20, 0.0005680244648829103
0, 512, 190, 35, 32, 0.000560588960070163
0, 505, 194, 16, 17, 0.0005605207988992333
0, 304, 375, 45, 36, 0.0005585028557106853
0, 633, 124, 18, 20, 0.0005584120517596602
0, 340, 313, 49, 40, 0.0005385319818742573
0, 354, 292, 55, 48, 0.0005342481308616698
0, 170, 207, 14, 17, 0.0005251061520539224
0, 394, 274, 67, 48, 0.0005249719833955169
0, 614, 199, 66, 56, 0.0005242709303274751
0, 202, 258, 124, 78, 0.0005139153217896819
0, 257, 246, 81, 53, 0.0005093822255730629
0, 627, 184, 45, 33, 0.0004984743427485228
0, 532, 204, 36, 42, 0.0004936318146064878
0, 623, 112, 32, 29, 0.0004537139320746064
0, 230, 203, 22, 27, 0.0004533172759693116
0, 632, 108, 13, 16, 0.0004420248151291162
0, 651, 169, 39, 42, 0.00043326086597517133
0, 616, 118, 57, 45, 0.0004240433918312192
0, 246, 258, 25, 23, 0.0004182961129117757
0, 192, 280, 47, 30, 0.0003886294143740088
0, 661, 113, 41, 37, 0.00037665746640414
0, 363, 245, 35, 31, 0.00037058242014609277
0, 270, 186, 20, 13, 0.0003698388172779232
0, 513, 270, 59, 42, 0.0003685701231006533
0, 567, 161, 33, 52, 0.00036037457175552845
0, 218, 263, 71, 41, 0.00035428383853286505
0, 372, 313, 33, 15, 0.00033497976255603135
0, 447, 296, 29, 22, 0.0003149347903672606
0, 352, 327, 75, 63, 0.00031478708842769265
0, 790, 479, 43, 80, 0.00031412934185937047
0, 803, 391, 16, 75, 0.0003040512674488127
0, 800, 518, 22, 3, 0.0002869402524083853
0, 769, 478, 84, 82, 0.0002847013820428401
0, 321, 349, 30, 21, 0.00028085100348107517
0, 532, 188, 23, 27, 0.00027806012076325715
0, 540, 195, 32, 41, 0.00024806518922559917
0, 141, 330, 32, 38, 0.00024708747514523566
0, 373, 257, 39, 16, 0.0002444037818349898
0, 531, 177, 18, 15, 0.00024383330310229212
0, 467, 268, 242, 110, 0.00024036427203100175
0, 334, 312, 71, 67, 0.00023810315178707242
0, 206, 208, 72, 58, 0.00023708805383648723
0, 555, 165, 18, 22, 0.0002363554376643151
0, 322, 189, 58, 41, 0.00023542183043900877
0, 555, 155, 13, 12, 0.00021596834994852543
0, 807, 366, 9, 79, 0.00021027849288657308
0, 192, 203, 31, 40, 0.00020608108025044203
0, 12, 2, 24, 4, 0.00020277011208236217
0, 515, 177, 16, 15, 0.00020011763263028115
0, 399, 287, 169, 122, 0.00020000907534267753
0, 279, 188, 87, 57, 0.0001979043590836227
0, 11, 172, 22, 183, 0.00019778079877141863
0, 723, 32, 176, 64, 0.0001963600516319275
0, 515, 31, 209, 62, 0.00019591122691053897
0, 529, 187, 32, 40, 0.000193425701581873
0, 224, 304, 50, 46, 0.00018472765805199742
0, 357, 237, 206, 135, 0.00018180545885115862
0, 12, 233, 25, 183, 0.00017806030518840998
0, 797, 509, 28, 20, 0.00017803772061597556
0, 13, 293, 26, 188, 0.00017720954201649874
0, 553, 148, 17, 19, 0.00017617693811189383
0, 254, 202, 76, 50, 0.00017552402277942747
0, 575, 147, 68, 75, 0.000174170098034665
0, 653, 106, 40, 32, 0.00017413540626876056
0, 731, 98, 160, 197, 0.00017160949937533587
0, 362, 308, 185, 105, 0.00016868153761606663
0, 781, 504, 61, 31, 0.00016749791393522173
0, 29, 517, 58, 4, 0.00016368806245736778
