0, 567, 804, 39, 67, 0.4721567630767822
0, 609, 842, 43, 67, 0.35138583183288574
0, 509, 817, 41, 38, 0.29177895188331604
0, 299, 795, 24, 16, 0.2729700207710266
0, 412, 831, 112, 73, 0.24915702641010284
0, 769, 801, 41, 58, 0.23778225481510162
0, 727, 818, 31, 35, 0.20754987001419067
0, 829, 746, 64, 57, 0.1925203800201416
0, 751, 793, 90, 79, 0.19013577699661255
0, 592, 819, 93, 104, 0.1760467141866684
0, 539, 839, 103, 87, 0.16767029464244843
0, 626, 409, 45, 45, 0.16113929450511932
0, 564, 860, 43, 49, 0.1526510864496231
0, 281, 830, 37, 46, 0.14518269896507263
0, 565, 395, 23, 22, 0.13370701670646667
0, 367, 237, 20, 18, 0.1283312886953354
0, 251, 165, 21, 17, 0.12705518305301666
0, 624, 371, 14, 13, 0.12431295216083527
0, 517, 824, 28, 24, 0.11966529488563538
0, 185, 140, 25, 28, 0.11645347625017166
0, 570, 816, 28, 40, 0.10738791525363922
0, 815, 761, 23, 13, 0.10641509294509888
0, 424, 823, 35, 24, 0.1054731234908104
0, 695, 782, 18, 30, 0.09991256892681122
0, 517, 825, 59, 57, 0.09731133282184601
0, 184, 199, 20, 18, 0.09629939496517181
0, 348, 812, 44, 30, 0.09368820488452911
0, 801, 730, 16, 15, 0.0896625742316246
0, 724, 780, 26, 31, 0.08868331462144852
0, 222, 171, 24, 23, 0.08765821903944016
0, 496, 357, 20, 19, 0.08502434194087982
0, 818, 744, 21, 16, 0.0785483866930008
0, 647, 871, 21, 18, 0.07790233194828033
0, 349, 879, 26, 35, 0.07674341648817062
0, 346, 815, 26, 24, 0.07490497082471848
0, 628, 824, 28, 34, 0.07273991405963898
0, 236, 168, 51, 26, 0.06977204978466034
0, 456, 834, 26, 18, 0.06894050538539886
0, 584, 395, 17, 19, 0.0642697662115097
0, 823, 736, 45, 36, 0.06418319046497345
0, 467, 241, 24, 22, 0.06368570029735565
0, 319, 851, 122, 102, 0.06283024698495865
0, 570, 392, 36, 29, 0.06253688782453537
0, 342, 878, 46, 42, 0.0602603442966938
0, 367, 833, 20, 24, 0.0578383132815361
0, 518, 844, 22, 15, 0.05710799992084503
0, 450, 857, 33, 17, 0.056246720254421234
0, 814, 754, 30, 32, 0.05623989179730415
0, 450, 277, 18, 16, 0.05516935512423515
0, 348, 841, 15, 18, 0.05439372360706329
0, 842, 737, 32, 37, 0.05278397351503372
0, 532, 855, 13, 12, 0.05170570686459541
0, 576, 779, 19, 24, 0.051118478178977966
0, 406, 825, 71, 35, 0.04923021420836449
0, 779, 776, 30, 22, 0.04920544475317001
0, 543, 840, 18, 15, 0.04906198009848595
0, 829, 779, 20, 17, 0.04901239275932312
0, 758, 782, 69, 47, 0.048212792724370956
0, 773, 785, 41, 36, 0.04785149544477463
0, 526, 842, 41, 40, 0.04774445667862892
0, 815, 797, 18, 17, 0.04698657616972923
0, 330, 805, 19, 19, 0.046093955636024475
0, 301, 874, 18, 20, 0.04549570009112358
0, 316, 840, 17, 17, 0.04397300258278847
0, 149, 133, 14, 24, 0.04345450550317764
0, 146, 180, 28, 27, 0.043215591460466385
0, 626, 376, 18, 23, 0.042853377759456635
0, 613, 854, 32, 26, 0.04254761338233948
0, 450, 840, 38, 32, 0.04235703498125076
0, 179, 132, 36, 26, 0.041728440672159195
0, 190, 126, 16, 14, 0.04072025418281555
0, 740, 778, 45, 34, 0.040697626769542694
0, 843, 764, 27, 20, 0.03935028985142708
0, 196, 199, 34, 20, 0.03790423274040222
0, 740, 779, 22, 27, 0.03727053850889206
0, 735, 431, 14, 15, 0.03670055791735649
0, 397, 288, 13, 22, 0.03580569848418236
0, 434, 837, 67, 56, 0.03563428297638893
0, 205, 197, 17, 14, 0.03552132472395897
0, 326, 874, 26, 42, 0.035301558673381805
0, 358, 876, 36, 29, 0.03525123372673988
0, 540, 837, 33, 19, 0.03524463251233101
0, 813, 742, 35, 38, 0.03394642099738121
0, 786, 744, 17, 16, 0.03394521400332451
0, 387, 821, 27, 29, 0.03371472284197807
0, 381, 822, 49, 49, 0.0334818959236145
0, 621, 357, 15, 15, 0.032922714948654175
0, 494, 351, 25, 31, 0.031627997756004333
0, 288, 846, 60, 82, 0.031560011208057404
0, 237, 146, 11, 12, 0.031024228781461716
0, 556, 785, 16, 27, 0.030632343143224716
0, 749, 773, 27, 26, 0.030443236231803894
0, 382, 846, 197, 108, 0.030123887583613396
0, 571, 865, 28, 34, 0.03000490367412567
0, 749, 465, 37, 40, 0.02925906702876091
0, 418, 849, 65, 33, 0.028613876551389694
0, 632, 386, 60, 93, 0.02859487757086754
0, 360, 822, 36, 42, 0.027064569294452667
0, 756, 456, 22, 22, 0.022774802520871162
0, 715, 505, 25, 22, 0.022255025804042816
0, 626, 377, 40, 48, 0.021761318668723106
0, 644, 357, 24, 18, 0.019716409966349602
0, 636, 841, 55, 81, 0.01961243525147438
0, 822, 789, 34, 33, 0.019372234120965004
0, 391, 285, 25, 22, 0.01924140192568302
0, 329, 863, 21, 24, 0.018821731209754944
0, 401, 850, 50, 27, 0.01881256513297558
0, 381, 840, 52, 52, 0.01851336844265461
0, 635, 357, 30, 21, 0.018370017409324646
0, 616, 812, 67, 65, 0.018247084692120552
0, 815, 541, 19, 20, 0.018179068341851234
0, 645, 344, 19, 13, 0.018133088946342468
0, 300, 854, 18, 20, 0.017864009365439415
0, 227, 145, 25, 15, 0.01776539906859398
0, 643, 362, 32, 34, 0.017540518194437027
0, 623, 358, 33, 44, 0.017529459670186043
0, 368, 233, 27, 29, 0.017337847501039505
0, 600, 788, 14, 14, 0.01684482768177986
0, 345, 867, 61, 60, 0.01631086878478527
0, 314, 840, 26, 23, 0.016257354989647865
0, 285, 872, 18, 23, 0.016069870442152023
0, 833, 770, 41, 36, 0.015933381393551826
0, 118, 165, 20, 19, 0.015718212351202965
0, 832, 722, 20, 18, 0.015711596235632896
0, 620, 345, 19, 19, 0.015543685294687748
0, 662, 854, 20, 17, 0.015483099967241287
0, 596, 784, 11, 19, 0.014773339964449406
0, 400, 810, 21, 26, 0.014561277814209461
0, 643, 376, 31, 25, 0.014496860094368458
0, 452, 829, 73, 43, 0.014464911073446274
0, 274, 873, 20, 20, 0.014258605428040028
0, 337, 843, 39, 25, 0.013741751201450825
0, 630, 824, 42, 47, 0.012816683389246464
0, 414, 814, 44, 37, 0.012387768365442753
0, 346, 810, 61, 46, 0.011737877503037453
0, 151, 139, 22, 40, 0.011642142198979855
0, 304, 861, 73, 67, 0.011639931239187717
0, 377, 213, 23, 21, 0.0113984951749444
0, 372, 223, 33, 40, 0.011331486515700817
0, 840, 635, 22, 23, 0.011120051145553589
0, 862, 711, 18, 21, 0.011093247681856155
0, 386, 279, 23, 18, 0.011091134510934353
0, 606, 793, 24, 16, 0.01052229292690754
0, 378, 264, 12, 14, 0.010479716584086418
0, 842, 648, 29, 33, 0.010242567397654057
0, 820, 717, 27, 26, 0.009866160340607166
0, 821, 544, 26, 22, 0.009716704487800598
0, 153, 191, 18, 22, 0.009693088941276073
0, 133, 134, 12, 23, 0.009671710431575775
0, 291, 873, 36, 30, 0.009670216590166092
0, 435, 857, 61, 34, 0.009661530144512653
0, 349, 827, 55, 52, 0.009451487101614475
0, 736, 470, 40, 42, 0.009182875975966454
0, 839, 643, 43, 47, 0.009061637334525585
0, 366, 857, 33, 32, 0.008886599913239479
0, 727, 481, 23, 19, 0.008720534853637218
0, 240, 147, 35, 18, 0.00832928903400898
0, 626, 880, 13, 11, 0.008269313722848892
0, 520, 790, 13, 14, 0.008209328167140484
0, 534, 825, 61, 41, 0.008178885094821453
0, 388, 268, 31, 24, 0.008128540590405464
0, 788, 751, 23, 32, 0.008062548004090786
0, 798, 737, 28, 31, 0.007856089621782303
0, 842, 657, 23, 16, 0.00774427643045783
0, 816, 707, 15, 19, 0.007396929897367954
0, 811, 719, 30, 42, 0.007339017931371927
0, 112, 165, 15, 16, 0.007282617501914501
0, 386, 278, 38, 47, 0.0072611006908118725
0, 666, 860, 24, 24, 0.007208060938864946
0, 413, 861, 43, 25, 0.007038045674562454
0, 190, 155, 21, 19, 0.006967327557504177
0, 298, 830, 63, 49, 0.006538208574056625
0, 314, 877, 37, 34, 0.006400454323738813
0, 213, 147, 30, 29, 0.006369153968989849
0, 266, 246, 17, 14, 0.0062278639525175095
0, 602, 790, 32, 36, 0.006213114131242037
0, 847, 654, 24, 19, 0.006117578130215406
0, 782, 763, 20, 23, 0.005636534187942743
0, 660, 852, 29, 32, 0.005621518474072218
0, 824, 627, 83, 83, 0.005188304930925369
0, 813, 776, 45, 48, 0.005147616844624281
0, 612, 861, 38, 51, 0.004977638833224773
0, 642, 872, 30, 26, 0.0048637050203979015
0, 137, 140, 24, 40, 0.004762072116136551
0, 240, 159, 51, 39, 0.00475380988791585
0, 496, 339, 24, 28, 0.004750404506921768
0, 456, 886, 17, 12, 0.00473511079326272
0, 615, 341, 15, 16, 0.004634768236428499
0, 580, 416, 15, 9, 0.004634396638721228
0, 827, 557, 20, 16, 0.004585000220686197
0, 211, 153, 103, 57, 0.0044890218414366245
0, 734, 481, 62, 63, 0.004438843112438917
0, 721, 490, 33, 38, 0.004388786852359772
0, 713, 459, 14, 12, 0.004300159867852926
0, 674, 866, 9, 14, 0.004160388372838497
0, 466, 236, 34, 36, 0.004155977629125118
0, 416, 796, 20, 16, 0.004052311182022095
0, 437, 787, 15, 13, 0.003923006355762482
0, 390, 215, 33, 21, 0.003840917954221368
0, 119, 154, 26, 35, 0.0038363446947187185
0, 209, 138, 11, 18, 0.0037209466099739075
0, 542, 779, 13, 18, 0.00367710436694324
0, 601, 416, 13, 10, 0.0036745790857821703
0, 381, 210, 35, 32, 0.003666505217552185
0, 842, 607, 25, 18, 0.0035789641551673412
0, 389, 857, 73, 47, 0.0035645458847284317
0, 248, 185, 22, 16, 0.003432419616729021
0, 491, 856, 37, 41, 0.0033603659830987453
0, 826, 627, 22, 21, 0.003356734523549676
0, 849, 627, 19, 19, 0.003320541465654969
0, 720, 473, 31, 35, 0.00323353405110538
0, 413, 793, 68, 25, 0.0032329962123185396
0, 837, 604, 20, 16, 0.0032246846240013838
0, 181, 204, 27, 24, 0.0031842144671827555
0, 789, 563, 24, 27, 0.0031664350535720587
0, 847, 611, 23, 19, 0.0031624010298401117
0, 621, 333, 17, 14, 0.0031128504779189825
0, 128, 167, 27, 24, 0.003103294176980853
0, 123, 145, 24, 33, 0.003095584223046899
0, 826, 782, 47, 50, 0.0030619872268289328
0, 181, 159, 77, 94, 0.002948183100670576
0, 556, 291, 26, 29, 0.002874006051570177
0, 792, 567, 40, 41, 0.00283838901668787
0, 379, 233, 52, 36, 0.0028289665933698416
0, 494, 872, 23, 15, 0.002820071764290333
0, 734, 428, 19, 27, 0.0027949002105742693
0, 857, 724, 26, 24, 0.0027880019042640924
0, 816, 603, 92, 98, 0.00276409974321723
0, 713, 428, 18, 21, 0.0027443317230790854
0, 110, 151, 11, 27, 0.002744146157056093
0, 202, 186, 56, 48, 0.002696875249966979
0, 817, 623, 22, 18, 0.002688450738787651
0, 186, 141, 48, 39, 0.0026798828039318323
0, 190, 183, 36, 29, 0.002672685543075204
0, 434, 792, 19, 20, 0.0026181081775575876
0, 481, 875, 50, 22, 0.002539405133575201
0, 800, 577, 47, 43, 0.00253291055560112
0, 389, 262, 58, 84, 0.0024522545281797647
0, 832, 612, 47, 37, 0.0024452877696603537
0, 459, 858, 96, 56, 0.002444743411615491
0, 644, 411, 81, 57, 0.0024378816597163677
0, 628, 876, 16, 22, 0.002426481107249856
0, 575, 389, 51, 43, 0.0024089128710329533
0, 816, 613, 42, 34, 0.002347429981455207
0, 233, 146, 43, 31, 0.0022919222246855497
0, 397, 812, 60, 46, 0.0022699935361742973
0, 551, 303, 31, 28, 0.002253298182040453
0, 162, 183, 68, 54, 0.0022067029494792223
0, 817, 540, 24, 36, 0.0021757984068244696
0, 249, 175, 33, 36, 0.00214364193379879
0, 379, 816, 126, 64, 0.0021290883887559175
0, 659, 401, 17, 28, 0.0021284199319779873
0, 292, 796, 43, 21, 0.0021235966123640537
0, 532, 293, 79, 62, 0.002111955778673291
0, 462, 880, 30, 22, 0.0020946923177689314
0, 823, 648, 24, 20, 0.002037332160398364
0, 522, 304, 18, 18, 0.002029587049037218
0, 468, 873, 35, 22, 0.0019853615667670965
0, 720, 503, 41, 38, 0.001957937376573682
0, 403, 408, 12, 10, 0.0019560949876904488
0, 776, 817, 37, 31, 0.0019219503737986088
0, 825, 716, 42, 37, 0.001899772440083325
0, 377, 868, 82, 50, 0.0018950322410091758
0, 506, 378, 7, 7, 0.0018558537121862173
0, 800, 609, 48, 34, 0.001808800152502954
0, 717, 425, 32, 33, 0.0017924766289070249
0, 390, 190, 11, 14, 0.001783257001079619
0, 557, 299, 60, 58, 0.0017820581560954452
0, 677, 771, 10, 13, 0.0017298070015385747
0, 788, 604, 26, 20, 0.001720316126011312
0, 516, 295, 30, 32, 0.0016980302752926946
0, 641, 809, 90, 81, 0.001674993196502328
0, 413, 884, 23, 14, 0.0016670734621584415
0, 790, 768, 137, 125, 0.0016603311523795128
0, 302, 877, 61, 46, 0.001656794105656445
0, 389, 210, 52, 53, 0.0016356348060071468
0, 800, 612, 19, 20, 0.0015928478678688407
0, 398, 221, 73, 83, 0.00158500496763736
0, 353, 266, 19, 19, 0.001574756228365004
0, 79, 293, 12, 10, 0.0015514252008870244
0, 588, 401, 19, 33, 0.0015396337257698178
0, 746, 448, 40, 53, 0.001536503084935248
0, 670, 408, 29, 30, 0.00153604825027287
0, 667, 839, 63, 63, 0.0015334878116846085
0, 813, 584, 20, 20, 0.0015318489167839289
0, 777, 523, 15, 14, 0.0015209574485197663
0, 466, 840, 63, 40, 0.001516986172646284
0, 179, 193, 39, 32, 0.0014975564554333687
0, 503, 286, 19, 17, 0.0014484953135251999
0, 710, 756, 9, 11, 0.0014480090467259288
0, 259, 242, 33, 24, 0.0014457013458013535
0, 605, 873, 26, 23, 0.0014424200635403395
0, 692, 772, 19, 15, 0.001426078611984849
0, 816, 595, 59, 53, 0.001424313522875309
0, 550, 311, 25, 16, 0.0014091554330661893
0, 536, 777, 11, 11, 0.0013927652034908533
0, 526, 793, 26, 34, 0.0013552977470681071
0, 631, 351, 50, 55, 0.0013518184423446655
0, 355, 273, 18, 15, 0.001336689805611968
0, 137, 169, 59, 57, 0.001324030221439898
