0, 244, 506, 93, 70, 0.4949173033237457
0, 228, 153, 19, 14, 0.1521981656551361
0, 212, 567, 73, 75, 0.13541163504123688
0, 225, 578, 126, 106, 0.10516781359910965
0, 300, 231, 12, 12, 0.06336133927106857
0, 299, 254, 17, 17, 0.06326951086521149
0, 255, 412, 137, 241, 0.0632563978433609
0, 296, 253, 24, 25, 0.05295556038618088
0, 248, 397, 71, 62, 0.05033218115568161
0, 197, 588, 27, 29, 0.045801546424627304
0, 280, 268, 15, 12, 0.04426753148436546
0, 252, 166, 19, 14, 0.04339199885725975
0, 256, 448, 60, 49, 0.03939342871308327
0, 262, 328, 20, 11, 0.02970726788043976
0, 204, 581, 53, 46, 0.028433004394173622
0, 296, 261, 31, 40, 0.027616430073976517
0, 253, 388, 44, 43, 0.026017827913165092
0, 300, 265, 19, 34, 0.025367053225636482
0, 238, 566, 76, 65, 0.02526511438190937
0, 270, 378, 90, 88, 0.02423623576760292
0, 225, 553, 70, 41, 0.022563936188817024
0, 301, 344, 27, 23, 0.022218262776732445
0, 290, 359, 51, 56, 0.021627277135849
0, 287, 259, 31, 35, 0.021602461114525795
0, 238, 443, 55, 41, 0.021178415045142174
0, 246, 548, 38, 27, 0.021095827221870422
0, 261, 400, 36, 36, 0.018231773748993874
0, 234, 496, 60, 43, 0.017698125913739204
0, 265, 383, 119, 134, 0.01719212345778942
0, 251, 254, 11, 12, 0.01679060608148575
0, 231, 445, 27, 27, 0.01604533940553665
0, 223, 614, 43, 46, 0.016020651906728745
0, 216, 549, 43, 31, 0.01587722636759281
0, 220, 606, 21, 25, 0.015753619372844696
0, 280, 270, 18, 22, 0.015455517917871475
0, 193, 572, 24, 17, 0.015230267308652401
0, 247, 492, 41, 33, 0.013867664150893688
0, 260, 470, 18, 11, 0.013801912777125835
0, 164, 637, 16, 23, 0.013764221221208572
0, 214, 210, 18, 17, 0.013360111974179745
0, 221, 618, 17, 16, 0.01310472097247839
0, 280, 322, 11, 8, 0.013100892305374146
0, 167, 650, 68, 61, 0.013069560751318932
0, 291, 373, 33, 31, 0.01280225906521082
0, 272, 214, 11, 13, 0.01261193212121725
0, 243, 419, 65, 95, 0.012503598816692829
0, 181, 622, 10, 7, 0.012421977706253529
0, 271, 325, 28, 16, 0.012336855754256248
0, 255, 445, 37, 35, 0.012223104014992714
0, 244, 608, 40, 32, 0.011944699101150036
0, 190, 585, 45, 45, 0.011791142635047436
0, 234, 537, 121, 143, 0.011423405259847641
0, 294, 411, 19, 13, 0.010744960978627205
0, 180, 642, 41, 36, 0.010593359358608723
0, 216, 469, 19, 13, 0.009564940817654133
0, 268, 472, 39, 25, 0.00952319148927927
0, 293, 233, 28, 23, 0.009418686851859093
0, 252, 248, 12, 14, 0.009385649114847183
0, 287, 240, 16, 13, 0.009313210844993591
0, 260, 582, 37, 35, 0.00916101410984993
0, 259, 375, 25, 18, 0.00912405550479889
0, 248, 383, 37, 24, 0.00911027006804943
0, 258, 311, 18, 18, 0.00909592118114233
0, 210, 607, 58, 62, 0.009073162451386452
0, 214, 166, 13, 17, 0.009037729352712631
0, 295, 286, 40, 67, 0.008822581730782986
0, 250, 561, 56, 46, 0.00873707514256239
0, 297, 408, 28, 20, 0.008716845884919167
0, 249, 596, 24, 18, 0.008599629625678062
0, 227, 514, 45, 44, 0.008515586145222187
0, 255, 574, 62, 52, 0.00840487889945507
0, 188, 641, 25, 26, 0.008396060205996037
0, 298, 344, 43, 34, 0.008342272602021694
0, 249, 612, 27, 22, 0.008159343153238297
0, 256, 593, 57, 58, 0.00815066508948803
0, 248, 481, 110, 123, 0.00804248359054327
0, 207, 545, 32, 25, 0.00781636219471693
0, 215, 626, 29, 23, 0.007722190581262112
0, 280, 384, 56, 47, 0.00756044639274478
0, 244, 460, 32, 27, 0.007355464156717062
0, 255, 319, 14, 18, 0.007276239804923534
0, 245, 619, 33, 30, 0.007242439314723015
0, 249, 532, 64, 59, 0.007217174395918846
0, 176, 676, 14, 11, 0.007198386825621128
0, 272, 251, 8, 14, 0.007189971394836903
0, 226, 575, 40, 38, 0.006819221656769514
0, 299, 372, 21, 20, 0.006727923173457384
0, 250, 225, 18, 24, 0.006545466370880604
0, 278, 259, 16, 30, 0.006190164480358362
0, 232, 647, 17, 14, 0.0059605548158288
0, 274, 343, 13, 13, 0.005960345268249512
0, 300, 402, 37, 34, 0.005897575989365578
0, 136, 692, 15, 12, 0.005863114260137081
0, 241, 482, 26, 15, 0.005841591861099005
0, 276, 460, 29, 22, 0.005525094922631979
0, 276, 475, 24, 21, 0.005498450715094805
0, 311, 335, 30, 21, 0.005487928632646799
0, 242, 523, 47, 29, 0.0054525574669241905
0, 274, 518, 30, 29, 0.00544298579916358
0, 228, 630, 22, 16, 0.005406433250755072
0, 162, 638, 28, 31, 0.005333715118467808
0, 207, 631, 10, 12, 0.005271490663290024
0, 226, 161, 26, 28, 0.005258367396891117
0, 227, 453, 50, 50, 0.005156053230166435
0, 232, 398, 33, 50, 0.005153309553861618
0, 264, 520, 48, 35, 0.00509773101657629
0, 258, 614, 21, 14, 0.0050904154777526855
0, 156, 663, 41, 31, 0.004927635658532381
0, 261, 477, 35, 21, 0.004926085472106934
0, 251, 457, 91, 70, 0.0049198465421795845
0, 318, 332, 16, 15, 0.004847175907343626
0, 269, 550, 13, 19, 0.004840241279453039
0, 220, 427, 9, 14, 0.004552213940769434
0, 310, 272, 10, 19, 0.004519824404269457
0, 185, 618, 21, 18, 0.004506961442530155
0, 237, 645, 21, 15, 0.0045000906102359295
0, 265, 491, 25, 18, 0.004330778028815985
0, 291, 318, 29, 16, 0.0042481375858187675
0, 299, 315, 22, 19, 0.0042173657566308975
0, 311, 394, 22, 19, 0.0042095910757780075
0, 182, 618, 12, 15, 0.004143816884607077
0, 279, 317, 61, 39, 0.004108947701752186
0, 277, 468, 54, 42, 0.004045761656016111
0, 268, 311, 37, 28, 0.003979859407991171
0, 302, 305, 25, 25, 0.003933187108486891
0, 233, 486, 34, 23, 0.0037100049667060375
0, 272, 428, 19, 13, 0.0036962595768272877
0, 301, 292, 29, 47, 0.0036172193940728903
0, 226, 147, 22, 28, 0.0036137085407972336
0, 167, 628, 25, 44, 0.003528399160131812
0, 273, 584, 30, 31, 0.0034034999553114176
0, 269, 223, 15, 26, 0.0033615524880588055
0, 151, 665, 23, 25, 0.0033563519828021526
0, 210, 489, 15, 16, 0.0031890873797237873
0, 199, 626, 38, 21, 0.0031876659486442804
0, 259, 297, 20, 19, 0.0031778551638126373
0, 193, 565, 28, 23, 0.003150094300508499
0, 267, 483, 56, 48, 0.003053717315196991
0, 230, 423, 31, 63, 0.0030375837814062834
0, 280, 445, 60, 43, 0.0030236446764320135
0, 233, 383, 23, 22, 0.0030044871382415295
0, 272, 404, 52, 35, 0.0029445255640894175
0, 214, 497, 30, 29, 0.0029230299405753613
0, 258, 434, 45, 27, 0.002902237232774496
0, 224, 486, 39, 30, 0.002864925190806389
0, 275, 440, 37, 30, 0.00273873726837337
0, 282, 281, 74, 94, 0.002714197849854827
0, 304, 228, 21, 20, 0.0026870036963373423
0, 226, 528, 36, 20, 0.002678748918697238
0, 263, 292, 15, 14, 0.0025402000173926353
0, 266, 336, 29, 26, 0.002481654519215226
0, 235, 623, 48, 43, 0.0024333354085683823
0, 231, 376, 17, 18, 0.0023400913923978806
0, 269, 347, 62, 54, 0.002075489144772291
0, 192, 635, 27, 22, 0.002008862793445587
0, 305, 438, 17, 9, 0.001936497399583459
0, 168, 614, 14, 17, 0.0019117038464173675
0, 215, 695, 34, 24, 0.001881779171526432
0, 214, 477, 28, 23, 0.0018767169676721096
0, 239, 327, 13, 13, 0.0018762907711789012
0, 256, 609, 34, 28, 0.0018744058907032013
0, 227, 488, 165, 349, 0.0018065220210701227
0, 247, 321, 29, 24, 0.001805621082894504
0, 258, 372, 37, 36, 0.0018041485454887152
0, 291, 436, 20, 16, 0.0018019616836681962
0, 261, 222, 23, 27, 0.0017831296427175403
0, 251, 260, 13, 28, 0.0017745441291481256
0, 266, 288, 14, 16, 0.0017730977851897478
0, 256, 293, 14, 15, 0.0016791782109066844
0, 221, 437, 33, 38, 0.0016149653820320964
0, 233, 187, 11, 13, 0.0015644782688468695
0, 247, 165, 28, 23, 0.0015310875605791807
0, 282, 483, 38, 37, 0.0015151009429246187
0, 281, 326, 85, 157, 0.001505967229604721
0, 300, 320, 42, 47, 0.0014300326583907008
0, 249, 355, 29, 21, 0.0014238700969144702
0, 207, 155, 12, 11, 0.0013704885495826602
0, 207, 499, 22, 27, 0.001313664368353784
0, 288, 473, 41, 33, 0.001213860115967691
0, 199, 637, 63, 42, 0.001210295595228672
0, 277, 537, 23, 24, 0.0011535118101164699
0, 287, 429, 29, 15, 0.0011450840393081307
0, 251, 313, 40, 43, 0.0011343619553372264
0, 403, 700, 49, 279, 0.0010829375823959708
0, 376, 677, 103, 324, 0.001063016476109624
0, 242, 351, 37, 28, 0.0010308601194992661
0, 365, 87, 124, 175, 0.0010284739546477795
0, 197, 553, 47, 37, 0.0010253945365548134
0, 207, 468, 25, 16, 0.00100627017673105
0, 227, 377, 26, 27, 0.000975418312009424
0, 274, 552, 24, 24, 0.0009718278888612986
0, 240, 159, 46, 25, 0.0009686448611319065
0, 297, 468, 19, 20, 0.000958042626734823
0, 169, 607, 15, 23, 0.0009449548670090735
0, 192, 605, 118, 151, 0.0009193518199026585
0, 248, 342, 49, 51, 0.0009106198558583856
0, 228, 394, 30, 27, 0.0009087234502658248
0, 231, 368, 22, 20, 0.0009086862555705011
0, 296, 461, 29, 34, 0.0008937589591369033
0, 284, 502, 33, 46, 0.0008870971505530179
0, 303, 442, 20, 15, 0.0008370935684069991
0, 265, 245, 52, 78, 0.0008005445706658065
0, 311, 217, 8, 7, 0.0007398217567242682
0, 258, 221, 41, 31, 0.000709712621755898
0, 230, 350, 17, 14, 0.0006711316527798772
0, 227, 689, 11, 10, 0.0006708035944029689
0, 258, 324, 48, 22, 0.000640989514067769
0, 295, 484, 29, 35, 0.0006345616420730948
0, 274, 611, 19, 18, 0.000603990803938359
0, 210, 157, 19, 12, 0.0005973735242150724
0, 268, 213, 23, 21, 0.0005942278658039868
0, 264, 283, 31, 39, 0.0005785925313830376
0, 204, 696, 42, 20, 0.000575116602703929
0, 253, 236, 29, 44, 0.0005624445038847625
0, 210, 538, 55, 48, 0.0005558302509598434
0, 295, 427, 32, 24, 0.0005454078782349825
0, 313, 638, 228, 392, 0.0005231512477621436
0, 262, 265, 35, 43, 0.0005190717638470232
0, 278, 213, 11, 14, 0.0005054337088949978
0, 387, 769, 80, 140, 0.0004935301840305328
0, 310, 163, 234, 326, 0.00046175307943485677
0, 369, 47, 117, 93, 0.0004535270854830742
0, 218, 206, 18, 18, 0.00044848848483525217
0, 294, 172, 13, 7, 0.00042461190605536103
0, 286, 249, 59, 78, 0.00041678742854855955
0, 144, 665, 20, 29, 0.0004089081776328385
0, 258, 254, 27, 26, 0.0004078601486980915
0, 247, 252, 19, 33, 0.0004066132241860032
0, 401, 98, 52, 197, 0.0004055103927385062
0, 128, 713, 9, 13, 0.0003943744522985071
0, 1, 16, 2, 32, 0.00039040809497237206
0, 223, 366, 13, 14, 0.00035693097743205726
0, 295, 496, 26, 33, 0.00033911000355146825
0, 297, 422, 38, 49, 0.00031295366352424026
0, 232, 344, 20, 19, 0.00030752780730836093
0, 292, 359, 270, 397, 0.0002874802448786795
0, 126, 172, 253, 341, 0.0002842706744559109
0, 258, 195, 14, 11, 0.00027188489912077785
0, 2, 812, 4, 54, 0.00026527681620791554
0, 280, 531, 31, 51, 0.00026400969363749027
0, 311, 377, 29, 31, 0.000259388645645231
0, 2, 55, 5, 110, 0.00024414435029029846
0, 273, 567, 45, 60, 0.00024277133343275636
0, 242, 638, 47, 29, 0.0002347612607991323
0, 312, 52, 231, 104, 0.00022801003069616854
0, 363, 209, 128, 365, 0.00022459874162450433
0, 279, 507, 56, 65, 0.00022028393868822604
0, 193, 519, 18, 25, 0.0002185291814384982
0, 238, 329, 26, 21, 0.00021203490905463696
0, 262, 618, 44, 29, 0.0002110540372086689
0, 298, 513, 258, 373, 0.00019147330021951348
0, 4, 782, 8, 115, 0.00018992267723660916
0, 275, 171, 10, 7, 0.0001881219941424206
0, 280, 212, 19, 21, 0.00018680196080822498
0, 416, 45, 23, 91, 0.00018066269694827497
0, 254, 194, 15, 7, 0.00017693298286758363
0, 124, 753, 248, 173, 0.00015915695985313505
0, 230, 647, 30, 24, 0.00015689825522713363
0, 281, 553, 27, 33, 0.00015488176723010838
0, 230, 144, 43, 40, 0.00015031937800813466
0, 24, 404, 49, 348, 0.00014848749560769647
0, 261, 627, 26, 23, 0.0001449951814720407
0, 403, 159, 49, 172, 0.00014490231114905328
0, 169, 367, 324, 358, 0.00014346478565130383
0, 319, 313, 18, 34, 0.00013996227062307298
0, 426, 24, 2, 48, 0.00013933601439930499
0, 270, 207, 38, 35, 0.00013102355296723545
0, 1, 660, 3, 101, 0.00012800830882042646
0, 228, 354, 22, 22, 0.00012600066838786006
0, 1, 608, 3, 101, 0.00012498233991209418
0, 1, 723, 3, 101, 0.00012323535338509828
0, 425, 815, 4, 48, 0.00012203463847981766
0, 379, 128, 97, 144, 0.00012119446182623506
0, 250, 256, 27, 48, 0.00011898523371201009
0, 1, 555, 3, 100, 0.00011823310342151672
0, 268, 337, 103, 53, 0.00011703959171427414
0, 277, 28, 89, 54, 0.00011190367513336241
0, 19, 647, 39, 362, 0.00010966585978167132
0, 1, 513, 3, 100, 0.00010938000923488289
0, 134, 261, 268, 239, 0.00010895985178649426
0, 163, 486, 327, 386, 0.00010851430124603212
0, 28, 279, 57, 341, 0.00010741909500211477
0, 1, 471, 3, 100, 0.00010655864025466144
0, 21, 523, 43, 360, 0.00010648114403011277
0, 1, 408, 3, 100, 0.0001061248331097886
0, 311, 27, 87, 54, 0.00010503630619496107
0, 313, 277, 31, 50, 0.00010409623064333573
0, 201, 744, 284, 191, 0.00010388046212028712
0, 1, 272, 3, 96, 9.910858352668583e-05
0, 1, 355, 3, 98, 9.843797306530178e-05
0, 229, 571, 186, 147, 9.772602788871154e-05
0, 316, 743, 222, 193, 9.608702384866774e-05
0, 283, 90, 289, 169, 9.27080909605138e-05
0, 305, 266, 53, 58, 9.264260006602854e-05
0, 52, 184, 105, 336, 9.175542072625831e-05
0, 1, 314, 3, 96, 9.134274296229705e-05
0, 168, 822, 85, 34, 9.091485117096454e-05
0, 293, 483, 45, 53, 9.090930689126253e-05
0, 82, 232, 165, 180, 9.079001029022038e-05
0, 124, 188, 249, 172, 8.984839223558083e-05
