0, 153, 643, 122, 201, 0.5774495005607605
0, 238, 252, 25, 16, 0.2394597977399826
0, 505, 193, 14, 12, 0.16257300972938538
0, 434, 199, 23, 20, 0.14009159803390503
0, 482, 198, 17, 14, 0.12354726344347
0, 176, 317, 21, 23, 0.10353825241327286
0, 162, 700, 74, 81, 0.10060957819223404
0, 154, 547, 51, 36, 0.09983189404010773
0, 291, 205, 19, 18, 0.0988585352897644
0, 152, 496, 17, 14, 0.09804920852184296
0, 203, 688, 18, 13, 0.09444838017225266
0, 155, 538, 17, 16, 0.09192588925361633
0, 176, 310, 18, 10, 0.0898922011256218
0, 291, 210, 26, 31, 0.08330878615379333
0, 155, 383, 62, 39, 0.08091628551483154
0, 147, 631, 82, 79, 0.08042099326848984
0, 146, 402, 85, 86, 0.0773322656750679
0, 161, 609, 40, 33, 0.07634484767913818
0, 175, 387, 21, 18, 0.07311076670885086
0, 175, 396, 22, 29, 0.06986018270254135
0, 128, 522, 12, 10, 0.06790255010128021
0, 297, 220, 13, 11, 0.066480353474617
0, 155, 382, 31, 33, 0.06631181389093399
0, 276, 256, 11, 8, 0.06486083567142487
0, 178, 381, 18, 16, 0.06327001750469208
0, 115, 561, 28, 23, 0.061713483184576035
0, 165, 647, 29, 35, 0.05963178351521492
0, 433, 164, 17, 19, 0.05534639209508896
0, 272, 227, 18, 22, 0.054680585861206055
0, 334, 207, 17, 11, 0.052155349403619766
0, 265, 217, 48, 53, 0.0518484003841877
0, 222, 269, 18, 12, 0.04967573285102844
0, 153, 603, 61, 48, 0.04681851714849472
0, 170, 383, 33, 27, 0.04653326794505119
0, 402, 164, 15, 12, 0.04260806739330292
0, 475, 176, 13, 21, 0.042478322982788086
0, 155, 452, 14, 12, 0.042431194335222244
0, 161, 479, 16, 19, 0.040746502578258514
0, 120, 560, 50, 32, 0.03991130366921425
0, 166, 547, 28, 28, 0.03872416168451309
0, 360, 199, 26, 16, 0.03734728321433067
0, 192, 703, 11, 18, 0.03604670986533165
0, 190, 649, 16, 18, 0.03600362315773964
0, 262, 223, 75, 69, 0.03386186063289642
0, 150, 687, 50, 54, 0.033825937658548355
0, 271, 220, 28, 39, 0.03374679759144783
0, 235, 218, 16, 17, 0.03201728314161301
0, 114, 422, 18, 26, 0.031604330986738205
0, 183, 642, 23, 34, 0.03160001337528229
0, 145, 700, 26, 30, 0.03141604736447334
0, 181, 675, 21, 14, 0.030274543911218643
0, 156, 487, 28, 36, 0.029907049611210823
0, 133, 610, 30, 32, 0.029569856822490692
0, 131, 395, 20, 14, 0.029241180047392845
0, 198, 694, 28, 38, 0.027933092787861824
0, 138, 458, 14, 12, 0.027756527066230774
0, 500, 163, 14, 14, 0.027580561116337776
0, 149, 710, 40, 57, 0.02752368524670601
0, 137, 552, 16, 15, 0.027431443333625793
0, 261, 217, 32, 36, 0.027273960411548615
0, 136, 426, 19, 14, 0.02697772905230522
0, 197, 681, 31, 27, 0.02560635842382908
0, 401, 188, 17, 14, 0.025437140837311745
0, 175, 679, 36, 26, 0.024700766429305077
0, 280, 217, 46, 50, 0.024565601721405983
0, 182, 632, 19, 21, 0.023578163236379623
0, 137, 462, 17, 20, 0.022997450083494186
0, 148, 478, 44, 54, 0.02282286435365677
0, 185, 650, 34, 27, 0.02263600379228592
0, 217, 265, 23, 20, 0.02261895127594471
0, 357, 201, 40, 21, 0.022332167252898216
0, 149, 404, 50, 54, 0.021895864978432655
0, 248, 273, 8, 9, 0.021880123764276505
0, 212, 257, 15, 15, 0.021382205188274384
0, 128, 602, 24, 17, 0.02088886685669422
0, 155, 358, 18, 13, 0.02078939974308014
0, 151, 671, 25, 22, 0.020766939967870712
0, 289, 182, 14, 12, 0.020237162709236145
0, 169, 730, 17, 16, 0.0200578011572361
0, 132, 625, 24, 14, 0.020047446712851524
0, 186, 679, 18, 20, 0.019756603986024857
0, 174, 594, 16, 20, 0.01921175606548786
0, 179, 336, 14, 11, 0.019116444513201714
0, 140, 594, 18, 21, 0.018806733191013336
0, 167, 624, 55, 74, 0.017740286886692047
0, 504, 176, 14, 12, 0.017345665022730827
0, 131, 637, 36, 41, 0.017279596999287605
0, 155, 582, 16, 16, 0.01687811315059662
0, 174, 631, 31, 26, 0.01683655194938183
0, 145, 723, 22, 32, 0.01675071008503437
0, 143, 584, 25, 21, 0.016238544136285782
0, 148, 568, 23, 17, 0.015932925045490265
0, 149, 603, 100, 120, 0.015366747975349426
0, 128, 649, 22, 20, 0.014090117998421192
0, 106, 503, 18, 16, 0.01398983970284462
0, 161, 723, 34, 34, 0.013640209101140499
0, 130, 410, 48, 59, 0.01352876890450716
0, 126, 599, 43, 37, 0.013514101505279541
0, 102, 551, 13, 11, 0.013431394472718239
0, 140, 665, 39, 39, 0.013264491222798824
0, 134, 584, 34, 25, 0.013081873767077923
0, 125, 579, 62, 71, 0.0129031827673316
0, 270, 199, 15, 16, 0.012887394987046719
0, 141, 544, 30, 27, 0.012814425863325596
0, 479, 202, 20, 19, 0.012743659317493439
0, 146, 429, 99, 152, 0.012149264104664326
0, 161, 422, 16, 14, 0.012117594480514526
0, 150, 569, 33, 30, 0.011779224500060081
0, 168, 405, 35, 34, 0.011715248227119446
0, 137, 374, 16, 24, 0.011583874002099037
0, 116, 591, 37, 36, 0.01133197732269764
0, 478, 186, 28, 43, 0.010733036324381828
0, 338, 201, 26, 26, 0.01073265541344881
0, 269, 254, 27, 14, 0.010668010450899601
0, 435, 198, 34, 31, 0.010633070021867752
0, 129, 627, 31, 23, 0.010571276769042015
0, 149, 454, 30, 23, 0.010207354091107845
0, 155, 587, 50, 60, 0.010104790329933167
0, 129, 468, 36, 34, 0.01003286149352789
0, 228, 260, 37, 31, 0.009884740225970745
0, 275, 232, 25, 32, 0.009676657617092133
0, 125, 604, 51, 63, 0.009457225911319256
0, 139, 673, 27, 18, 0.00938557367771864
0, 145, 493, 39, 24, 0.009244509041309357
0, 236, 225, 24, 32, 0.009055341593921185
0, 110, 580, 25, 18, 0.008470605127513409
0, 208, 285, 15, 10, 0.008432743139564991
0, 421, 197, 53, 36, 0.008165141567587852
0, 132, 653, 37, 51, 0.007941452786326408
0, 415, 192, 28, 25, 0.0076585980132222176
0, 211, 259, 23, 23, 0.007383537013083696
0, 148, 358, 19, 15, 0.007027965970337391
0, 173, 586, 18, 26, 0.006965809967368841
0, 121, 475, 23, 18, 0.006439893506467342
0, 194, 751, 13, 7, 0.006357986479997635
0, 292, 223, 25, 27, 0.006277804262936115
0, 101, 539, 13, 13, 0.006003806367516518
0, 108, 532, 27, 30, 0.005972601938992739
0, 248, 225, 51, 54, 0.005967684555798769
0, 374, 202, 19, 17, 0.005820207763463259
0, 497, 218, 9, 5, 0.00569165451452136
0, 402, 174, 19, 32, 0.005670719780027866
0, 502, 180, 21, 42, 0.00564316613599658
0, 175, 608, 34, 39, 0.005641723982989788
0, 111, 525, 24, 20, 0.005491794552654028
0, 284, 242, 17, 11, 0.005450843833386898
0, 226, 252, 55, 48, 0.0053741177543997765
0, 500, 209, 13, 15, 0.005298360250890255
0, 178, 283, 21, 24, 0.0052770646288990974
0, 189, 702, 37, 42, 0.005256397183984518
0, 135, 487, 50, 35, 0.005228171590715647
0, 136, 451, 41, 30, 0.005147958640009165
0, 125, 626, 38, 42, 0.005023170728236437
0, 113, 428, 25, 42, 0.0049989488907158375
0, 505, 203, 18, 30, 0.004871867597103119
0, 335, 191, 13, 14, 0.004852876532822847
0, 154, 382, 68, 73, 0.004632208496332169
0, 172, 733, 12, 13, 0.004503593314439058
0, 354, 198, 53, 33, 0.004446551203727722
0, 198, 272, 54, 42, 0.004389212001115084
0, 418, 193, 46, 16, 0.0042467741295695305
0, 164, 535, 31, 25, 0.004202962387353182
0, 100, 466, 10, 21, 0.00410094577819109
0, 490, 196, 10, 17, 0.004049431066960096
0, 334, 211, 21, 21, 0.004018327221274376
0, 97, 714, 9, 9, 0.00399229908362031
0, 467, 177, 25, 26, 0.003963546361774206
0, 283, 187, 17, 16, 0.0038800325710326433
0, 128, 520, 16, 19, 0.003765345783904195
0, 506, 195, 20, 21, 0.0036255179438740015
0, 438, 164, 31, 28, 0.0036190932150930166
0, 123, 443, 25, 20, 0.003533934475854039
0, 137, 546, 86, 66, 0.0034108657855540514
0, 233, 237, 29, 41, 0.00339719676412642
0, 113, 496, 25, 26, 0.0033931289799511433
0, 144, 425, 40, 28, 0.003352017607539892
0, 534, 268, 13, 11, 0.0032757839653640985
0, 156, 556, 68, 60, 0.003223058767616749
0, 273, 192, 20, 22, 0.0031535804737359285
0, 115, 479, 15, 13, 0.003034652676433325
0, 449, 202, 26, 26, 0.002970148343592882
0, 457, 217, 11, 9, 0.002922849263995886
0, 213, 232, 11, 11, 0.0028808547649532557
0, 354, 173, 14, 18, 0.0026405337266623974
0, 169, 570, 25, 30, 0.0025803542230278254
0, 106, 508, 22, 29, 0.0024928986094892025
0, 124, 498, 30, 24, 0.002483304124325514
0, 469, 183, 32, 46, 0.0024784847628325224
0, 138, 361, 17, 22, 0.002422486199066043
0, 281, 253, 26, 14, 0.0023820274509489536
0, 498, 193, 14, 20, 0.0023177245166152716
0, 417, 182, 49, 52, 0.0021853300277143717
0, 167, 365, 41, 28, 0.0021002385765314102
0, 436, 175, 33, 46, 0.002029075287282467
0, 170, 379, 42, 45, 0.0020193136297166348
0, 350, 208, 46, 31, 0.0019806770142167807
0, 351, 177, 17, 16, 0.0019721572753041983
0, 449, 217, 23, 11, 0.0019629381131380796
0, 199, 761, 12, 8, 0.0018096440471708775
0, 174, 709, 49, 58, 0.0017457703361287713
0, 358, 166, 7, 11, 0.0016947364201769233
0, 498, 159, 13, 16, 0.0016744207823649049
0, 209, 247, 25, 25, 0.0016661729896441102
0, 288, 239, 33, 26, 0.0016557256458327174
0, 193, 671, 42, 69, 0.0016462549101561308
0, 250, 211, 46, 43, 0.0016126965638250113
0, 500, 163, 20, 26, 0.0014605304459109902
0, 491, 204, 11, 29, 0.0014228447107598186
0, 165, 449, 8, 14, 0.001399450353346765
0, 208, 637, 246, 215, 0.0012852062936872244
0, 471, 152, 8, 8, 0.0012841441202908754
0, 200, 329, 19, 14, 0.0012089371448382735
0, 146, 533, 50, 30, 0.0011800392530858517
0, 251, 271, 15, 13, 0.0011789887212216854
0, 403, 161, 16, 23, 0.001129730837419629
0, 388, 201, 35, 26, 0.0011067468440160155
0, 190, 257, 15, 18, 0.0011025213170796633
0, 243, 254, 95, 64, 0.0010929435957223177
0, 141, 488, 73, 75, 0.0010630448814481497
0, 106, 469, 24, 31, 0.0010119375074282289
0, 286, 182, 22, 20, 0.0009987083030864596
0, 382, 192, 16, 21, 0.0009412940125912428
0, 0, 510, 0, 50, 0.0009260913939215243
0, 0, 11, 0, 22, 0.0009150512632913888
0, 188, 321, 47, 33, 0.0009052286623045802
0, 0, 487, 0, 52, 0.0008821544470265508
0, 0, 535, 0, 53, 0.0008613092359155416
0, 68, 691, 23, 10, 0.0008581263246014714
0, 450, 184, 69, 70, 0.0008502464042976499
0, 0, 558, 0, 47, 0.0008354778401553631
0, 460, 170, 15, 22, 0.000831696146633476
0, 215, 275, 39, 31, 0.0008212848915718496
0, 0, 580, 0, 53, 0.0008192214882001281
0, 149, 510, 52, 80, 0.000805160088930279
0, 0, 463, 0, 59, 0.000790502643212676
0, 613, 24, 4, 48, 0.0007852471899241209
0, 211, 267, 52, 46, 0.0007567479624412954
0, 178, 298, 22, 26, 0.0007508568814955652
0, 0, 601, 0, 51, 0.0007399476016871631
0, 350, 164, 15, 14, 0.0007188013405539095
0, 0, 659, 0, 54, 0.0006615618476644158
0, 332, 162, 11, 12, 0.0006574909784831107
0, 284, 249, 41, 23, 0.0006532026454806328
0, 0, 441, 0, 54, 0.0006491761305369437
0, 0, 624, 0, 52, 0.0006477423594333231
0, 408, 169, 23, 24, 0.0006411037757061422
0, 0, 683, 0, 52, 0.000635273871012032
0, 0, 408, 0, 74, 0.0006168421823531389
0, 442, 166, 48, 40, 0.0006004162132740021
0, 361, 178, 29, 38, 0.0005956667591817677
0, 191, 739, 14, 10, 0.0005834922776557505
0, 0, 889, 0, 25, 0.0005700369365513325
0, 0, 706, 0, 59, 0.0005621920572593808
0, 158, 510, 25, 13, 0.0005548764020204544
0, 229, 228, 51, 45, 0.000537486863322556
0, 0, 374, 0, 66, 0.000534023332875222
0, 292, 183, 25, 24, 0.000528065487742424
0, 0, 728, 0, 72, 0.0005251524271443486
0, 192, 288, 47, 39, 0.0005111755453981459
0, 428, 205, 38, 37, 0.0005040480755269527
0, 0, 338, 0, 84, 0.0004983819089829922
0, 197, 802, 14, 12, 0.0004763601173181087
0, 349, 155, 11, 12, 0.00047559288213960826
0, 152, 354, 25, 26, 0.0004456844471860677
0, 533, 271, 16, 20, 0.00044484890531748533
0, 233, 218, 35, 34, 0.00043878695578314364
0, 615, 877, 1, 50, 0.0004272657388355583
0, 344, 179, 25, 26, 0.00042088821646757424
0, 352, 188, 54, 69, 0.0004186190781183541
0, 549, 277, 16, 15, 0.00041540246456861496
0, 196, 756, 20, 15, 0.00041388050885871053
0, 189, 725, 33, 26, 0.0004066058900207281
0, 6, 516, 13, 202, 0.00040604383684694767
0, 505, 299, 14, 11, 0.0004009247641079128
0, 302, 215, 32, 25, 0.0003934956912416965
0, 0, 303, 0, 86, 0.0003922251344192773
0, 170, 498, 16, 17, 0.0003838057164102793
0, 527, 290, 17, 15, 0.00037514022551476955
0, 57, 615, 10, 12, 0.0003741052350960672
0, 0, 761, 0, 74, 0.0003734723723027855
0, 202, 318, 25, 33, 0.0003726945142261684
0, 547, 325, 26, 15, 0.00037098591565154493
0, 0, 865, 0, 70, 0.0003690486482810229
0, 0, 25, 0, 48, 0.0003671953163575381
0, 226, 280, 23, 20, 0.000364493957022205
0, 193, 746, 21, 22, 0.0003628324484452605
0, 116, 418, 45, 61, 0.0003491898241918534
0, 579, 199, 26, 19, 0.0003485447959974408
0, 145, 353, 17, 22, 0.00034715363290160894
0, 201, 754, 21, 10, 0.0003369809128344059
0, 168, 348, 17, 20, 0.00033386805444024503
0, 544, 269, 28, 19, 0.00032803838257677853
0, 204, 716, 18, 18, 0.0003260205849073827
0, 6, 445, 13, 194, 0.00032328697852790356
0, 295, 213, 45, 36, 0.0003201645740773529
0, 274, 186, 33, 32, 0.0003196168108843267
0, 285, 208, 100, 55, 0.00031795771792531013
0, 478, 209, 22, 24, 0.0003142554487567395
0, 0, 269, 1, 90, 0.00030981318559497595
0, 582, 209, 38, 33, 0.00029708820511586964
