0, 561, 334, 15, 19, 0.19321978092193604
0, 93, 852, 45, 34, 0.17830020189285278
0, 194, 727, 33, 24, 0.1765417903661728
0, 214, 676, 25, 28, 0.165157288312912
0, 186, 702, 25, 20, 0.16186366975307465
0, 72, 918, 81, 67, 0.16115708649158478
0, 101, 885, 21, 16, 0.15907256305217743
0, 110, 805, 63, 50, 0.15523798763751984
0, 132, 793, 110, 88, 0.14495062828063965
0, 158, 780, 48, 54, 0.1269315928220749
0, 552, 378, 13, 17, 0.12678253650665283
0, 454, 443, 13, 16, 0.10376081615686417
0, 567, 373, 13, 15, 0.10196752101182938
0, 58, 912, 37, 48, 0.10154349356889725
0, 82, 908, 62, 40, 0.10104317963123322
0, 99, 817, 39, 26, 0.09925147891044617
0, 422, 443, 17, 14, 0.09593165665864944
0, 40, 942, 21, 16, 0.09551222622394562
0, 88, 902, 24, 19, 0.08860365301370621
0, 57, 925, 23, 22, 0.08766141533851624
0, 153, 765, 33, 23, 0.08668505400419235
0, 509, 366, 17, 12, 0.0849749818444252
0, 179, 698, 27, 18, 0.0813111737370491
0, 518, 419, 25, 13, 0.07749999314546585
0, 117, 792, 39, 39, 0.07688485831022263
0, 184, 704, 39, 31, 0.07483723759651184
0, 162, 799, 17, 20, 0.07460322976112366
0, 416, 443, 30, 23, 0.07352406531572342
0, 61, 897, 16, 19, 0.07051192224025726
0, 65, 945, 14, 13, 0.06431924551725388
0, 173, 765, 25, 21, 0.06424769014120102
0, 91, 896, 45, 41, 0.06157877296209335
0, 159, 792, 27, 31, 0.05937837436795235
0, 597, 340, 11, 13, 0.057627998292446136
0, 221, 682, 37, 42, 0.055666569620370865
0, 74, 867, 16, 14, 0.05393021181225777
0, 355, 495, 11, 16, 0.0513116791844368
0, 147, 736, 13, 13, 0.04799611121416092
0, 82, 968, 13, 11, 0.046069201081991196
0, 242, 674, 17, 20, 0.04265496879816055
0, 190, 716, 50, 49, 0.042459722608327866
0, 481, 441, 26, 18, 0.0420297272503376
0, 288, 620, 11, 11, 0.0394606776535511
0, 426, 465, 15, 21, 0.03837944567203522
0, 231, 678, 41, 34, 0.038013115525245667
0, 364, 525, 14, 9, 0.03774232417345047
0, 133, 813, 38, 35, 0.036992769688367844
0, 83, 959, 18, 25, 0.03575848415493965
0, 311, 585, 12, 17, 0.03399117290973663
0, 582, 280, 17, 12, 0.03315229341387749
0, 414, 482, 21, 18, 0.031428687274456024
0, 388, 501, 14, 12, 0.03092673048377037
0, 167, 725, 24, 28, 0.02758558839559555
0, 149, 771, 149, 157, 0.02686980552971363
0, 436, 472, 21, 12, 0.026449402794241905
0, 234, 639, 17, 18, 0.025775667279958725
0, 582, 386, 19, 13, 0.02408064529299736
0, 43, 970, 14, 12, 0.02328580617904663
0, 531, 335, 21, 11, 0.022859442979097366
0, 129, 817, 62, 44, 0.0214855894446373
0, 165, 758, 41, 39, 0.021321583539247513
0, 418, 449, 38, 32, 0.0203945841640234
0, 175, 770, 48, 36, 0.020152540877461433
0, 61, 944, 24, 16, 0.01935960166156292
0, 33, 986, 21, 13, 0.019125843420624733
0, 430, 465, 36, 31, 0.01841972954571247
0, 254, 650, 16, 13, 0.018167514353990555
0, 192, 733, 46, 39, 0.017564207315444946
0, 234, 702, 22, 14, 0.01706053502857685
0, 702, 294, 13, 16, 0.016062378883361816
0, 118, 848, 31, 24, 0.015424855053424835
0, 417, 473, 32, 40, 0.015229322016239166
0, 137, 781, 79, 58, 0.01522238738834858
0, 207, 742, 17, 16, 0.013417488895356655
0, 572, 271, 23, 16, 0.013307147659361362
0, 146, 823, 27, 29, 0.013266007415950298
0, 185, 775, 23, 15, 0.012677852995693684
0, 105, 889, 47, 29, 0.012384834699332714
0, 511, 333, 11, 10, 0.011915409006178379
0, 241, 646, 24, 16, 0.011330872774124146
0, 77, 897, 93, 120, 0.011087866500020027
0, 219, 648, 11, 10, 0.010921436361968517
0, 302, 564, 10, 17, 0.010850352235138416
0, 170, 742, 45, 48, 0.010272043757140636
0, 20, 965, 13, 14, 0.010224701836705208
0, 35, 991, 24, 20, 0.009922834113240242
0, 130, 836, 49, 39, 0.009708247147500515
0, 576, 276, 30, 27, 0.009691042825579643
0, 559, 329, 21, 31, 0.009488504379987717
0, 274, 623, 20, 14, 0.009261767379939556
0, 153, 801, 37, 47, 0.009174423292279243
0, 74, 923, 42, 45, 0.008681003004312515
0, 659, 299, 32, 17, 0.008390123955905437
0, 130, 812, 144, 148, 0.0082374457269907
0, 275, 665, 11, 7, 0.007680648472160101
0, 125, 896, 8, 9, 0.007471607998013496
0, 110, 846, 90, 49, 0.0074697514064610004
0, 44, 942, 36, 24, 0.007034944370388985
0, 289, 617, 16, 17, 0.006786530837416649
0, 160, 728, 23, 35, 0.006327953189611435
0, 406, 476, 36, 33, 0.0057661402970552444
0, 546, 413, 17, 11, 0.005605136044323444
0, 656, 293, 35, 18, 0.005571533460170031
0, 385, 474, 19, 21, 0.005557593423873186
0, 322, 564, 17, 21, 0.005551153793931007
0, 471, 400, 21, 13, 0.00547794159501791
0, 408, 463, 31, 28, 0.005351759493350983
0, 872, 236, 36, 24, 0.00510991970077157
0, 228, 641, 24, 23, 0.005003214813768864
0, 387, 514, 12, 11, 0.004644067492336035
0, 56, 971, 18, 14, 0.004611377604305744
0, 632, 304, 21, 14, 0.004587343893945217
0, 242, 643, 34, 24, 0.004522221628576517
0, 200, 696, 47, 58, 0.004415488801896572
0, 141, 807, 62, 79, 0.0043982104398310184
0, 28, 968, 28, 16, 0.0042720031924545765
0, 665, 303, 16, 11, 0.004130645655095577
0, 596, 256, 11, 9, 0.004061232786625624
0, 386, 493, 19, 23, 0.0038368788082152605
0, 639, 217, 22, 16, 0.0038005351088941097
0, 522, 367, 16, 12, 0.0037229552399367094
0, 237, 697, 33, 28, 0.0036695024464279413
0, 120, 874, 21, 17, 0.003654640866443515
0, 229, 668, 47, 64, 0.0035539185628294945
0, 322, 570, 15, 9, 0.0034387672785669565
0, 529, 329, 26, 23, 0.003356123575940728
0, 478, 373, 14, 10, 0.002979597309604287
0, 849, 243, 19, 14, 0.0029338691383600235
0, 364, 521, 18, 20, 0.0029172266367822886
0, 878, 230, 22, 11, 0.002869096351787448
0, 139, 843, 38, 41, 0.0026290095411241055
0, 355, 504, 19, 30, 0.00247945892624557
0, 650, 272, 14, 13, 0.002459425712004304
0, 555, 381, 19, 22, 0.002457361901178956
0, 867, 253, 9, 6, 0.0024440796114504337
0, 250, 624, 12, 10, 0.002397441305220127
0, 575, 381, 30, 22, 0.002366873901337385
0, 702, 233, 60, 58, 0.0023359593469649553
0, 368, 501, 23, 26, 0.0022140531800687313
0, 838, 162, 10, 12, 0.002172245178371668
0, 477, 395, 19, 15, 0.0021520457230508327
0, 388, 465, 20, 18, 0.0021441837307065725
0, 261, 681, 13, 13, 0.002123020589351654
0, 457, 443, 17, 23, 0.002056892029941082
0, 179, 795, 34, 34, 0.0020230263471603394
0, 631, 301, 29, 23, 0.0020140795968472958
0, 510, 371, 17, 16, 0.0019315850222483277
0, 465, 342, 27, 15, 0.0019171623280271888
0, 555, 349, 15, 6, 0.0018750418676063418
0, 247, 690, 40, 33, 0.0018539821030572057
0, 85, 860, 64, 46, 0.0018060446018353105
0, 202, 690, 79, 67, 0.0016713301884010434
0, 386, 484, 32, 28, 0.0016062717186287045
0, 815, 133, 267, 266, 0.0015745643759146333
0, 175, 720, 63, 66, 0.0013892784481868148
0, 279, 618, 27, 21, 0.0013564095133915544
0, 565, 379, 39, 29, 0.001352413441054523
0, 390, 501, 23, 19, 0.0013148917350918055
0, 237, 685, 79, 54, 0.001312023843638599
0, 351, 496, 15, 23, 0.0012782575795426965
0, 58, 976, 11, 13, 0.0012012750376015902
0, 598, 341, 16, 19, 0.0011278678430244327
0, 188, 774, 46, 30, 0.00106714922003448
0, 653, 299, 43, 25, 0.001041253563016653
0, 405, 458, 63, 56, 0.0010328172938898206
0, 159, 838, 217, 236, 0.001001635566353798
0, 658, 289, 41, 39, 0.0009716034983284771
0, 813, 212, 19, 15, 0.0009557592566125095
0, 245, 646, 45, 40, 0.0009495173580944538
0, 186, 761, 91, 146, 0.000938893121201545
0, 75, 958, 28, 36, 0.0008930378826335073
0, 785, 214, 17, 12, 0.0008827152196317911
0, 181, 783, 60, 49, 0.0008504448924213648
0, 405, 472, 84, 85, 0.0008469053427688777
0, 648, 280, 16, 10, 0.0008179374854080379
0, 537, 308, 15, 16, 0.0008072189521044493
0, 516, 431, 22, 6, 0.000806283438578248
0, 252, 671, 46, 32, 0.0008062803535722196
0, 836, 244, 30, 18, 0.0007989701698534191
0, 800, 215, 43, 18, 0.0007949659484438598
0, 5, 983, 10, 229, 0.0007929761195555329
0, 249, 700, 30, 23, 0.000745569181162864
0, 519, 338, 29, 24, 0.0007223877473734319
0, 2, 1032, 4, 123, 0.0007115991902537644
0, 378, 493, 21, 24, 0.0007086616824381053
0, 26, 996, 28, 22, 0.0006929041119292378
0, 853, 239, 65, 39, 0.0006849323399364948
0, 828, 252, 20, 20, 0.0006822970462962985
0, 642, 205, 16, 15, 0.0006735646747983992
0, 476, 368, 18, 17, 0.000661519356071949
0, 784, 239, 18, 18, 0.0006580307381227612
0, 707, 296, 23, 21, 0.0006378805264830589
0, 701, 216, 26, 23, 0.0006341097177937627
0, 29, 988, 33, 21, 0.0006258066860027611
0, 554, 314, 15, 15, 0.0006190534331835806
0, 379, 478, 18, 18, 0.0006052805692888796
0, 291, 595, 16, 14, 0.0005854261107742786
0, 640, 211, 25, 29, 0.0005678634042851627
0, 1, 828, 2, 122, 0.0005671181133948267
0, 378, 520, 28, 20, 0.0005664427881129086
0, 465, 439, 36, 36, 0.0005607209168374538
0, 531, 320, 35, 42, 0.0005475084763020277
0, 455, 452, 15, 40, 0.0005457947845570743
0, 177, 751, 83, 86, 0.0005309516564011574
0, 350, 511, 15, 22, 0.0005230769165791571
0, 24, 1023, 12, 9, 0.0005092822248116136
0, 615, 263, 11, 10, 0.0004942012601532042
0, 706, 249, 36, 28, 0.0004891350981779397
0, 378, 504, 25, 37, 0.00048427219735458493
0, 115, 863, 65, 66, 0.0004808075609616935
0, 781, 249, 27, 36, 0.000466721918201074
0, 1, 872, 3, 123, 0.00046353298239409924
0, 771, 154, 17, 19, 0.0004505762190092355
0, 503, 427, 36, 29, 0.00044972446630708873
0, 535, 324, 65, 43, 0.0004491537983994931
0, 853, 200, 8, 10, 0.00044583759154193103
0, 3, 1065, 7, 63, 0.0004421649209689349
0, 29, 962, 31, 23, 0.0004269823257345706
0, 368, 490, 38, 41, 0.00042450911132618785
0, 1, 785, 2, 120, 0.00042031926568597555
0, 551, 328, 49, 39, 0.00041779299499467015
0, 919, 954, 13, 10, 0.00041272747330367565
0, 564, 277, 33, 27, 0.000412630703067407
0, 39, 987, 46, 31, 0.0004074659082107246
0, 390, 492, 90, 57, 0.0004024219233542681
0, 27, 1003, 19, 13, 0.0004008085816167295
0, 68, 928, 107, 108, 0.00039588866638951004
0, 294, 651, 13, 14, 0.0003943248011637479
0, 402, 487, 51, 38, 0.00038670230424031615
0, 139, 747, 39, 37, 0.00038639496779069304
0, 676, 239, 16, 13, 0.00038170997868292034
0, 293, 585, 14, 14, 0.00038105863495729864
0, 2, 982, 4, 124, 0.0003798682300839573
0, 480, 447, 30, 31, 0.0003777603560592979
0, 271, 658, 21, 24, 0.00037653627805411816
0, 318, 579, 22, 25, 0.00036996399285271764
0, 170, 776, 100, 94, 0.00036399238160811365
0, 98, 876, 145, 175, 0.00035929688601754606
0, 468, 349, 33, 24, 0.0003589149855542928
0, 799, 158, 68, 71, 0.00034594821045175195
0, 604, 292, 20, 11, 0.00034334059455432
0, 3, 927, 7, 168, 0.00034316617529839277
0, 174, 804, 50, 40, 0.00034152710577473044
0, 433, 444, 47, 31, 0.000341411359841004
0, 109, 884, 73, 50, 0.0003399785200599581
0, 804, 208, 40, 25, 0.0003290297172497958
0, 538, 331, 45, 32, 0.0003224192769266665
0, 472, 401, 34, 24, 0.00031816939008422196
0, 1, 16, 3, 33, 0.00031781132565811276
0, 423, 432, 19, 36, 0.000312899675918743
0, 219, 712, 48, 53, 0.00031250048778019845
0, 5, 847, 10, 242, 0.00030715507455170155
0, 227, 645, 48, 30, 0.0003037931164726615
0, 743, 237, 410, 474, 0.00030313493334688246
0, 146, 836, 64, 65, 0.00030030039488337934
0, 835, 956, 227, 283, 0.0002911542833317071
0, 658, 245, 32, 20, 0.00028908203239552677
0, 281, 602, 28, 40, 0.0002777832269202918
0, 4, 728, 9, 263, 0.00027344701811671257
0, 479, 433, 37, 43, 0.00027308458811603487
0, 948, 31, 1, 63, 0.00025711231864988804
0, 387, 473, 43, 44, 0.0002562616136856377
0, 520, 414, 32, 27, 0.00025395533884875476
0, 302, 557, 17, 36, 0.00025369180366396904
0, 324, 552, 17, 29, 0.00025192383327521384
0, 274, 629, 17, 25, 0.00025151390582323074
0, 524, 352, 40, 40, 0.00025148032000288367
0, 556, 375, 31, 18, 0.00024804912391118705
0, 261, 650, 23, 24, 0.0002462704142089933
0, 528, 344, 22, 17, 0.0002436481008771807
0, 697, 209, 77, 88, 0.0002327565016457811
0, 785, 153, 51, 47, 0.00023217314446810633
0, 102, 938, 56, 59, 0.00023192554363049567
0, 757, 147, 27, 27, 0.0002293579454999417
0, 711, 196, 60, 63, 0.0002240902977064252
0, 654, 271, 26, 20, 0.00022223003907129169
0, 562, 332, 38, 39, 0.00021969557565171272
0, 265, 675, 27, 26, 0.0002196222631027922
0, 598, 257, 18, 13, 0.00021832133643329144
0, 1, 744, 2, 121, 0.000210301746847108
0, 615, 217, 21, 16, 0.00020962068811058998
0, 300, 613, 11, 16, 0.00020658351422753185
0, 581, 246, 583, 493, 0.00020031158055644482
0, 179, 1063, 175, 68, 0.00019578369392547756
0, 536, 389, 8, 8, 0.00019559392239898443
0, 588, 288, 53, 25, 0.00019366708875168115
0, 686, 223, 56, 56, 0.00019008661911357194
0, 620, 295, 66, 38, 0.00018812772759702057
0, 826, 141, 12, 16, 0.00018573596025817096
0, 419, 458, 57, 77, 0.00018239181372337043
0, 830, 231, 36, 41, 0.00017702595505397767
0, 68, 1061, 132, 70, 0.00017685825878288597
0, 117, 929, 103, 61, 0.0001748463255353272
0, 650, 241, 15, 12, 0.0001733270037220791
0, 533, 342, 17, 19, 0.00017246397328563035
0, 577, 264, 46, 55, 0.00017165810277219862
0, 856, 243, 37, 28, 0.00017117806419264525
0, 101, 604, 203, 475, 0.00016608693113084882
0, 727, 189, 63, 54, 0.0001644921285333112
0, 295, 581, 15, 30, 0.0001632102212170139
