3, 365.0, 138.0, 119.0, 89.0, 0.8647879958152771
3, 302.0, 184.0, 82.0, 84.0, 0.8621612191200256
0, 713.0, 560.0, 39.0, 41.0, 0.8561034202575684
0, 749.0, 81.0, 36.0, 42.0, 0.850162923336029
0, 789.0, 120.0, 33.0, 35.0, 0.8366682529449463
0, 700.0, 615.0, 41.0, 42.0, 0.8339617848396301
0, 43.0, 718.0, 34.0, 39.0, 0.8319736123085022
0, 646.0, 162.0, 33.0, 38.0, 0.830883800983429
0, 274.0, 756.0, 38.0, 43.0, 0.8306097984313965
0, 843.0, 61.0, 33.0, 40.0, 0.8277838826179504
1, 24.0, 345.0, 26.0, 26.0, 0.8251156806945801
0, 211.0, 512.0, 35.0, 38.0, 0.8211617469787598
0, 832.0, 571.0, 35.0, 37.0, 0.8201125264167786
0, 376.0, 698.0, 37.0, 38.0, 0.8185634613037109
0, 541.0, 660.0, 33.0, 33.0, 0.8127003908157349
0, 335.0, 677.0, 38.0, 41.0, 0.8116716742515564
0, 319.0, 627.0, 36.0, 34.0, 0.811501681804657
0, 830.0, 412.0, 44.0, 38.0, 0.81007981300354
0, 789.0, 584.0, 33.0, 29.0, 0.8093847036361694
0, 644.0, 723.0, 38.0, 42.0, 0.8052470684051514
0, 749.0, 554.0, 31.0, 40.0, 0.8051870465278625
0, 124.0, 753.0, 34.0, 38.0, 0.794655978679657
0, 820.0, 530.0, 37.0, 40.0, 0.7929574251174927
0, 527.0, 739.0, 37.0, 36.0, 0.7885069847106934
1, 90.0, 354.0, 31.0, 32.0, 0.7882992625236511
3, 446.0, 291.0, 148.0, 137.0, 0.7882972955703735
0, 746.0, 601.0, 35.0, 34.0, 0.7856566309928894
0, 396.0, 737.0, 36.0, 33.0, 0.7849119305610657
0, 648.0, 231.0, 29.0, 36.0, 0.7841711640357971
0, 873.0, 357.0, 36.0, 42.0, 0.7820539474487305
1, 193.0, 168.0, 31.0, 32.0, 0.7784689664840698
0, 678.0, 208.0, 28.0, 36.0, 0.774276077747345
0, 818.0, 704.0, 37.0, 39.0, 0.7735159397125244
0, 102.0, 707.0, 32.0, 34.0, 0.773375391960144
0, 84.0, 580.0, 33.0, 36.0, 0.7727046012878418
0, 537.0, 617.0, 31.0, 25.0, 0.7717061638832092
0, 792.0, 16.0, 36.0, 33.0, 0.7716641426086426
0, 262.0, 664.0, 42.0, 50.0, 0.7712438702583313
0, 819.0, 489.0, 38.0, 40.0, 0.7663423418998718
0, 839.0, 104.0, 39.0, 41.0, 0.7605447769165039
0, 105.0, 490.0, 32.0, 37.0, 0.7602924108505249
0, 803.0, 70.0, 46.0, 56.0, 0.7599546909332275
0, 865.0, 324.0, 31.0, 41.0, 0.7594594359397888
3, 280.0, 264.0, 106.0, 90.0, 0.7542592287063599
0, 593.0, 602.0, 42.0, 33.0, 0.7524475455284119
1, 308.0, 40.0, 33.0, 26.0, 0.7504498958587646
0, 139.0, 705.0, 29.0, 33.0, 0.750320553779602
0, 702.0, 157.0, 45.0, 50.0, 0.7445659637451172
0, 883.0, 415.0, 16.0, 33.0, 0.744057834148407
0, 181.0, 665.0, 35.0, 35.0, 0.7431408166885376
0, 880.0, 114.0, 22.0, 33.0, 0.7428883910179138
0, 137.0, 647.0, 34.0, 36.0, 0.7419992089271545
0, 36.0, 497.0, 34.0, 40.0, 0.741246223449707
1, 155.0, 256.0, 24.0, 27.0, 0.7408824563026428
0, 689.0, 18.0, 33.0, 31.0, 0.7406473755836487
0, 708.0, 205.0, 31.0, 41.0, 0.736693263053894
0, 882.0, 24.0, 19.0, 48.0, 0.7322356104850769
0, 333.0, 579.0, 35.0, 32.0, 0.7315904498100281
0, 449.0, 694.0, 30.0, 33.0, 0.7297083735466003
0, 611.0, 128.0, 28.0, 45.0, 0.7296066880226135
1, 31.0, 285.0, 29.0, 40.0, 0.7281978726387024
0, 118.0, 603.0, 33.0, 39.0, 0.727177083492279
1, 40.0, 162.0, 29.0, 34.0, 0.7235645651817322
1, 29.0, 204.0, 29.0, 35.0, 0.7235468029975891
0, 687.0, 683.0, 43.0, 35.0, 0.7222355008125305
0, 788.0, 553.0, 28.0, 29.0, 0.7211118936538696
1, 30.0, 41.0, 27.0, 33.0, 0.7186292409896851
0, 753.0, 127.0, 32.0, 35.0, 0.7149325609207153
0, 114.0, 540.0, 34.0, 38.0, 0.711129903793335
0, 703.0, 714.0, 26.0, 25.0, 0.7104821801185608
0, 719.0, 23.0, 32.0, 34.0, 0.7103594541549683
0, 29.0, 631.0, 29.0, 39.0, 0.708980917930603
0, 869.0, 610.0, 41.0, 46.0, 0.7048218846321106
0, 13.0, 610.0, 27.0, 36.0, 0.7034514546394348
1, 127.0, 257.0, 28.0, 32.0, 0.7017305493354797
0, 634.0, 206.0, 30.0, 30.0, 0.7014786005020142
1, 214.0, 204.0, 30.0, 33.0, 0.697632372379303
0, 589.0, 114.0, 30.0, 31.0, 0.6972941756248474
0, 512.0, 686.0, 40.0, 35.0, 0.6962671875953674
0, 414.0, 692.0, 34.0, 37.0, 0.6953455209732056
0, 17.0, 687.0, 30.0, 35.0, 0.6916875243186951
0, 617.0, 234.0, 25.0, 31.0, 0.6902351379394531
1, 160.0, 446.0, 32.0, 31.0, 0.6855881214141846
0, 714.0, 96.0, 30.0, 35.0, 0.6826104521751404
0, 559.0, 635.0, 33.0, 25.0, 0.6797760725021362
0, 516.0, 535.0, 23.0, 40.0, 0.6797695755958557
0, 600.0, 462.0, 29.0, 30.0, 0.6755214333534241
0, 591.0, 221.0, 26.0, 32.0, 0.6754487156867981
0, 752.0, 250.0, 24.0, 29.0, 0.6716583371162415
0, 155.0, 594.0, 32.0, 38.0, 0.6678268909454346
0, 635.0, 265.0, 29.0, 37.0, 0.6674401164054871
1, 58.0, 426.0, 36.0, 38.0, 0.6636857390403748
0, 800.0, 452.0, 37.0, 31.0, 0.6630092859268188
0, 398.0, 610.0, 32.0, 33.0, 0.6410496830940247
0, 668.0, 558.0, 33.0, 34.0, 0.6378411650657654
0, 10.0, 730.0, 21.0, 38.0, 0.6362495422363281
0, 879.0, 254.0, 24.0, 36.0, 0.6357768774032593
0, 735.0, 685.0, 42.0, 40.0, 0.633783221244812
0, 687.0, 307.0, 33.0, 36.0, 0.6315240263938904
1, 157.0, 287.0, 30.0, 38.0, 0.6312409043312073
0, 89.0, 390.0, 38.0, 37.0, 0.629146158695221
0, 885.0, 626.0, 13.0, 38.0, 0.6273723244667053
1, 108.0, 140.0, 26.0, 24.0, 0.6243318915367126
1, 553.0, 49.0, 23.0, 24.0, 0.6218196153640747
0, 638.0, 128.0, 29.0, 33.0, 0.6160761713981628
0, 202.0, 393.0, 21.0, 30.0, 0.6154170632362366
0, 94.0, 290.0, 35.0, 36.0, 0.6129456758499146
1, 83.0, 322.0, 25.0, 26.0, 0.6126850843429565
0, 873.0, 766.0, 34.0, 28.0, 0.6109749674797058
1, 75.0, 673.0, 33.0, 35.0, 0.6090511679649353
3, 310.0, 363.0, 86.0, 136.0, 0.6079475283622742
1, 216.0, 96.0, 25.0, 27.0, 0.6075604557991028
1, 237.0, 64.0, 32.0, 31.0, 0.6033996343612671
1, 38.0, 111.0, 30.0, 36.0, 0.5998260378837585
0, 242.0, 627.0, 31.0, 32.0, 0.5975050926208496
0, 132.0, 319.0, 30.0, 33.0, 0.5973536968231201
0, 483.0, 697.0, 20.0, 31.0, 0.5855265259742737
1, 258.0, 40.0, 35.0, 24.0, 0.5839542746543884
0, 179.0, 622.0, 38.0, 38.0, 0.5813423991203308
1, 20.0, 74.0, 22.0, 28.0, 0.5781571865081787
0, 697.0, 651.0, 25.0, 20.0, 0.5762220025062561
0, 433.0, 174.0, 26.0, 24.0, 0.574963390827179
0, 668.0, 137.0, 25.0, 28.0, 0.5748649835586548
1, 555.0, 87.0, 21.0, 30.0, 0.5748063921928406
0, 874.0, 62.0, 27.0, 35.0, 0.572058916091919
0, 493.0, 608.0, 32.0, 28.0, 0.5720515847206116
1, 540.0, 195.0, 25.0, 27.0, 0.5688195824623108
0, 554.0, 87.0, 20.0, 31.0, 0.5681911110877991
0, 554.0, 697.0, 25.0, 24.0, 0.5646641254425049
0, 51.0, 645.0, 23.0, 31.0, 0.5453986525535583
0, 129.0, 684.0, 20.0, 20.0, 0.5448521971702576
0, 773.0, 491.0, 32.0, 39.0, 0.5415680408477783
0, 549.0, 590.0, 32.0, 25.0, 0.5398297905921936
0, 297.0, 381.0, 24.0, 30.0, 0.5362323522567749
1, 141.0, 160.0, 26.0, 30.0, 0.5356065630912781
1, 135.0, 225.0, 35.0, 38.0, 0.5325409173965454
1, 49.0, 311.0, 26.0, 35.0, 0.5299752950668335
0, 180.0, 213.0, 32.0, 37.0, 0.5296537280082703
0, 545.0, 139.0, 25.0, 35.0, 0.5280744433403015
0, 568.0, 747.0, 56.0, 56.0, 0.5213614106178284
0, 229.0, 764.0, 22.0, 26.0, 0.5163683891296387
1, 545.0, 139.0, 27.0, 32.0, 0.5162928700447083
0, 861.0, 554.0, 27.0, 32.0, 0.5152114033699036
0, 575.0, 86.0, 25.0, 31.0, 0.5134787559509277
1, 93.0, 290.0, 35.0, 36.0, 0.5097425580024719
0, 349.0, 610.0, 31.0, 30.0, 0.5083433985710144
1, 52.0, 380.0, 28.0, 34.0, 0.5076141357421875
1, 89.0, 220.0, 28.0, 34.0, 0.5049417018890381
1, 7.0, 233.0, 14.0, 34.0, 0.5037399530410767
1, 135.0, 123.0, 28.0, 36.0, 0.5011573433876038
0, 5.0, 541.0, 11.0, 30.0, 0.5006442666053772
