0, 818.0, 864.0, 41.0, 39.0, 0.8405865430831909
0, 79.0, 527.0, 44.0, 43.0, 0.8400145769119263
0, 1285.0, 719.0, 33.0, 32.0, 0.839816689491272
0, 1189.0, 74.0, 53.0, 67.0, 0.8385096192359924
0, 906.0, 327.0, 32.0, 40.0, 0.8262296319007874
0, 1115.0, 762.0, 35.0, 37.0, 0.8259066939353943
0, 858.0, 1161.0, 39.0, 43.0, 0.8258242607116699
0, 213.0, 1200.0, 40.0, 41.0, 0.824029803276062
0, 1274.0, 506.0, 44.0, 38.0, 0.818139910697937
0, 313.0, 330.0, 39.0, 33.0, 0.817472517490387
0, 646.0, 404.0, 32.0, 40.0, 0.8158318996429443
0, 949.0, 842.0, 41.0, 38.0, 0.8151453733444214
0, 1019.0, 741.0, 48.0, 43.0, 0.814533531665802
0, 50.0, 460.0, 41.0, 38.0, 0.8133930563926697
0, 195.0, 1360.0, 32.0, 38.0, 0.8114439845085144
0, 796.0, 406.0, 33.0, 37.0, 0.810362696647644
0, 113.0, 1203.0, 45.0, 46.0, 0.8059631586074829
0, 805.0, 211.0, 45.0, 40.0, 0.8053883910179138
0, 897.0, 847.0, 41.0, 41.0, 0.8049408197402954
0, 1296.0, 668.0, 34.0, 36.0, 0.8043777942657471
0, 726.0, 901.0, 48.0, 47.0, 0.8040323853492737
0, 1012.0, 570.0, 33.0, 39.0, 0.803483784198761
0, 755.0, 1026.0, 43.0, 42.0, 0.8030088543891907
0, 425.0, 416.0, 41.0, 39.0, 0.8028042912483215
0, 722.0, 255.0, 35.0, 45.0, 0.8023284673690796
0, 984.0, 816.0, 42.0, 39.0, 0.8005876541137695
0, 1315.0, 586.0, 46.0, 42.0, 0.8003442287445068
0, 378.0, 903.0, 64.0, 51.0, 0.79795241355896
0, 576.0, 178.0, 35.0, 39.0, 0.7968710064888
0, 965.0, 541.0, 35.0, 44.0, 0.796362042427063
0, 1245.0, 590.0, 41.0, 33.0, 0.796009361743927
0, 453.0, 221.0, 43.0, 34.0, 0.7957176566123962
0, 511.0, 560.0, 34.0, 41.0, 0.7921804785728455
0, 498.0, 393.0, 32.0, 36.0, 0.789319634437561
0, 1459.0, 161.0, 52.0, 53.0, 0.7877647876739502
0, 1313.0, 762.0, 35.0, 39.0, 0.7875280380249023
0, 867.0, 346.0, 34.0, 42.0, 0.7874385714530945
0, 1240.0, 1411.0, 37.0, 35.0, 0.786927342414856
0, 260.0, 676.0, 41.0, 45.0, 0.7867341041564941
0, 583.0, 666.0, 44.0, 39.0, 0.7858086824417114
0, 1420.0, 200.0, 42.0, 43.0, 0.7842819690704346
0, 1038.0, 289.0, 33.0, 35.0, 0.78336501121521
0, 365.0, 264.0, 43.0, 34.0, 0.7832164764404297
0, 644.0, 844.0, 40.0, 48.0, 0.7795026302337646
0, 556.0, 743.0, 50.0, 42.0, 0.7737524509429932
0, 868.0, 886.0, 38.0, 40.0, 0.7728372812271118
0, 1018.0, 521.0, 39.0, 40.0, 0.7722353935241699
0, 26.0, 528.0, 38.0, 37.0, 0.7702387571334839
0, 1285.0, 473.0, 45.0, 36.0, 0.7688233852386475
0, 183.0, 222.0, 39.0, 38.0, 0.7675898671150208
0, 328.0, 70.0, 31.0, 41.0, 0.7668911218643188
0, 534.0, 176.0, 39.0, 36.0, 0.7663477659225464
0, 243.0, 796.0, 33.0, 37.0, 0.7660959362983704
0, 184.0, 981.0, 42.0, 42.0, 0.7649443745613098
0, 1160.0, 1174.0, 49.0, 46.0, 0.7623981833457947
0, 1484.0, 1334.0, 29.0, 41.0, 0.7594833970069885
0, 1180.0, 735.0, 36.0, 33.0, 0.7591017484664917
0, 1120.0, 660.0, 34.0, 38.0, 0.7589967250823975
0, 390.0, 500.0, 38.0, 35.0, 0.75726717710495
0, 322.0, 931.0, 44.0, 49.0, 0.7568032741546631
0, 1096.0, 1370.0, 43.0, 43.0, 0.7564664483070374
0, 945.0, 169.0, 35.0, 41.0, 0.7546334266662598
0, 166.0, 789.0, 36.0, 36.0, 0.7543570399284363
0, 1269.0, 1482.0, 36.0, 32.0, 0.7539809942245483
0, 1485.0, 484.0, 28.0, 43.0, 0.7528750896453857
0, 148.0, 598.0, 40.0, 38.0, 0.7521981596946716
0, 880.0, 1308.0, 47.0, 39.0, 0.7511351108551025
0, 1148.0, 1400.0, 36.0, 45.0, 0.7509132623672485
0, 130.0, 447.0, 57.0, 52.0, 0.7501333355903625
0, 282.0, 52.0, 32.0, 48.0, 0.7487033605575562
0, 682.0, 750.0, 43.0, 47.0, 0.7470020055770874
0, 1457.0, 693.0, 34.0, 42.0, 0.7457531094551086
0, 281.0, 1217.0, 32.0, 36.0, 0.7451314330101013
0, 1078.0, 527.0, 45.0, 43.0, 0.7440606355667114
0, 1306.0, 815.0, 44.0, 42.0, 0.7438361048698425
0, 274.0, 1301.0, 45.0, 54.0, 0.7410815954208374
0, 787.0, 1063.0, 36.0, 37.0, 0.7410641312599182
0, 1174.0, 520.0, 37.0, 47.0, 0.7402206659317017
0, 981.0, 1317.0, 38.0, 40.0, 0.7382924556732178
0, 1192.0, 876.0, 40.0, 33.0, 0.7380735278129578
0, 1187.0, 1406.0, 49.0, 43.0, 0.7380590438842773
0, 1108.0, 1404.0, 39.0, 36.0, 0.7377941608428955
0, 57.0, 59.0, 42.0, 37.0, 0.7368760704994202
0, 461.0, 574.0, 39.0, 38.0, 0.7343240976333618
0, 1117.0, 1314.0, 42.0, 30.0, 0.732887864112854
0, 1136.0, 1082.0, 45.0, 29.0, 0.7316797375679016
0, 419.0, 171.0, 37.0, 34.0, 0.7312727570533752
0, 1086.0, 602.0, 41.0, 35.0, 0.7293345332145691
0, 508.0, 740.0, 54.0, 55.0, 0.7284191846847534
0, 1014.0, 339.0, 46.0, 36.0, 0.7266877889633179
0, 201.0, 20.0, 45.0, 39.0, 0.7257314324378967
0, 1025.0, 783.0, 46.0, 39.0, 0.7223425507545471
0, 462.0, 123.0, 34.0, 26.0, 0.7194739580154419
0, 279.0, 809.0, 46.0, 56.0, 0.7188049554824829
0, 101.0, 622.0, 40.0, 33.0, 0.718666672706604
0, 713.0, 173.0, 43.0, 34.0, 0.7174416780471802
0, 215.0, 1030.0, 42.0, 42.0, 0.7160603404045105
0, 626.0, 348.0, 39.0, 32.0, 0.7122917771339417
0, 742.0, 1144.0, 36.0, 35.0, 0.7114273905754089
0, 773.0, 814.0, 39.0, 47.0, 0.7101089358329773
0, 669.0, 991.0, 43.0, 39.0, 0.7096052169799805
0, 821.0, 300.0, 34.0, 34.0, 0.7078652381896973
0, 717.0, 85.0, 40.0, 43.0, 0.7078436017036438
0, 1448.0, 1343.0, 40.0, 31.0, 0.7075362801551819
0, 1217.0, 939.0, 39.0, 34.0, 0.7069271802902222
0, 674.0, 376.0, 37.0, 36.0, 0.7062200903892517
0, 1196.0, 779.0, 30.0, 38.0, 0.7060765027999878
0, 419.0, 339.0, 41.0, 43.0, 0.7048519849777222
0, 468.0, 628.0, 35.0, 33.0, 0.7037065029144287
0, 993.0, 1018.0, 34.0, 42.0, 0.7023572325706482
0, 377.0, 393.0, 44.0, 43.0, 0.7001122236251831
0, 601.0, 543.0, 31.0, 33.0, 0.6981438994407654
0, 276.0, 937.0, 46.0, 49.0, 0.6943130493164062
0, 700.0, 676.0, 44.0, 35.0, 0.6937905550003052
0, 542.0, 390.0, 35.0, 38.0, 0.6913239359855652
0, 303.0, 1191.0, 39.0, 33.0, 0.6897562146186829
0, 1046.0, 663.0, 39.0, 45.0, 0.6892659068107605
0, 608.0, 834.0, 40.0, 49.0, 0.6873883605003357
1, 228.0, 1483.0, 30.0, 25.0, 0.6863760352134705
0, 1465.0, 1289.0, 46.0, 34.0, 0.68558269739151
0, 966.0, 609.0, 40.0, 42.0, 0.6854503750801086
0, 250.0, 1418.0, 28.0, 28.0, 0.6816944479942322
0, 1156.0, 1031.0, 71.0, 46.0, 0.6816039085388184
0, 100.0, 30.0, 41.0, 44.0, 0.6790453195571899
0, 1424.0, 350.0, 43.0, 39.0, 0.6787802577018738
0, 1151.0, 1469.0, 32.0, 31.0, 0.6785979270935059
0, 876.0, 103.0, 42.0, 34.0, 0.6785492897033691
0, 934.0, 1362.0, 45.0, 37.0, 0.6784922480583191
1, 199.0, 1468.0, 25.0, 25.0, 0.6775532960891724
0, 1182.0, 628.0, 30.0, 40.0, 0.6771766543388367
0, 884.0, 394.0, 47.0, 39.0, 0.6762799024581909
0, 1049.0, 11.0, 29.0, 22.0, 0.6741447448730469
0, 939.0, 1068.0, 39.0, 41.0, 0.6733989715576172
0, 698.0, 225.0, 37.0, 35.0, 0.6698845624923706
0, 751.0, 583.0, 36.0, 41.0, 0.6697067022323608
0, 1413.0, 59.0, 58.0, 34.0, 0.6674947738647461
0, 1015.0, 670.0, 39.0, 44.0, 0.666898787021637
0, 21.0, 779.0, 38.0, 39.0, 0.6643624305725098
0, 1486.0, 930.0, 27.0, 56.0, 0.6608445048332214
0, 10.0, 1158.0, 20.0, 34.0, 0.6608002185821533
0, 754.0, 13.0, 40.0, 26.0, 0.6603734493255615
0, 98.0, 779.0, 30.0, 32.0, 0.658626139163971
0, 10.0, 370.0, 21.0, 46.0, 0.6573484539985657
0, 783.0, 267.0, 46.0, 33.0, 0.6568601131439209
0, 620.0, 228.0, 33.0, 34.0, 0.6565213203430176
0, 1240.0, 1322.0, 36.0, 36.0, 0.6558058857917786
0, 1215.0, 164.0, 57.0, 45.0, 0.6551411151885986
0, 1242.0, 684.0, 27.0, 44.0, 0.6549994349479675
0, 494.0, 231.0, 30.0, 48.0, 0.6533399820327759
0, 1129.0, 576.0, 42.0, 35.0, 0.6530514359474182
0, 49.0, 571.0, 45.0, 41.0, 0.6529589295387268
0, 118.0, 1263.0, 32.0, 35.0, 0.649156391620636
0, 1389.0, 788.0, 31.0, 31.0, 0.6491214632987976
0, 1409.0, 1033.0, 36.0, 35.0, 0.6476249098777771
0, 1406.0, 417.0, 40.0, 42.0, 0.6392215490341187
0, 234.0, 610.0, 39.0, 48.0, 0.6359376907348633
0, 582.0, 705.0, 36.0, 42.0, 0.6356068253517151
0, 66.0, 748.0, 36.0, 38.0, 0.6354628801345825
0, 963.0, 9.0, 31.0, 18.0, 0.6344509720802307
0, 190.0, 1083.0, 52.0, 45.0, 0.6328185796737671
0, 88.0, 1293.0, 32.0, 40.0, 0.6317340731620789
0, 159.0, 551.0, 38.0, 45.0, 0.6268594861030579
0, 1322.0, 185.0, 43.0, 54.0, 0.6257249712944031
0, 1085.0, 1290.0, 36.0, 42.0, 0.6255115866661072
0, 208.0, 948.0, 39.0, 40.0, 0.6247058510780334
0, 1243.0, 817.0, 44.0, 48.0, 0.6241623163223267
0, 980.0, 195.0, 36.0, 38.0, 0.6207840442657471
0, 792.0, 504.0, 40.0, 42.0, 0.6182100176811218
0, 614.0, 726.0, 34.0, 47.0, 0.614046037197113
0, 1108.0, 855.0, 35.0, 38.0, 0.6121112108230591
0, 1041.0, 613.0, 42.0, 33.0, 0.6085612773895264
0, 1099.0, 1453.0, 29.0, 34.0, 0.6080389022827148
0, 1363.0, 885.0, 30.0, 42.0, 0.6038040518760681
0, 1450.0, 331.0, 32.0, 34.0, 0.6021531224250793
0, 306.0, 755.0, 55.0, 42.0, 0.6018248796463013
0, 281.0, 1426.0, 25.0, 30.0, 0.6017163395881653
0, 962.0, 681.0, 41.0, 31.0, 0.6004971265792847
0, 1475.0, 88.0, 48.0, 79.0, 0.5990840196609497
0, 920.0, 1017.0, 40.0, 39.0, 0.5982895493507385
0, 558.0, 631.0, 39.0, 38.0, 0.5954398512840271
0, 1174.0, 572.0, 36.0, 46.0, 0.5950080156326294
0, 1457.0, 578.0, 32.0, 38.0, 0.5935060381889343
0, 471.0, 868.0, 35.0, 43.0, 0.5908878445625305
0, 54.0, 796.0, 37.0, 37.0, 0.5908039808273315
0, 954.0, 245.0, 48.0, 33.0, 0.5882222652435303
0, 819.0, 931.0, 35.0, 40.0, 0.585644543170929
0, 1491.0, 209.0, 16.0, 40.0, 0.5798549652099609
0, 687.0, 1411.0, 37.0, 30.0, 0.5789268016815186
0, 1228.0, 355.0, 36.0, 27.0, 0.5778486132621765
0, 1358.0, 666.0, 37.0, 39.0, 0.5758930444717407
0, 38.0, 104.0, 39.0, 41.0, 0.5747920274734497
0, 131.0, 381.0, 43.0, 30.0, 0.5743322372436523
0, 53.0, 417.0, 38.0, 37.0, 0.5691449642181396
0, 1383.0, 1388.0, 35.0, 36.0, 0.5687353014945984
0, 1312.0, 971.0, 36.0, 37.0, 0.5679439902305603
0, 617.0, 787.0, 52.0, 39.0, 0.5671608448028564
0, 1330.0, 1394.0, 42.0, 42.0, 0.5669271945953369
0, 870.0, 153.0, 46.0, 40.0, 0.5666147470474243
0, 163.0, 1177.0, 39.0, 48.0, 0.5662668347358704
0, 1414.0, 1366.0, 35.0, 39.0, 0.5645717978477478
0, 1158.0, 14.0, 44.0, 28.0, 0.5643995404243469
0, 153.0, 307.0, 45.0, 58.0, 0.5640894174575806
0, 1452.0, 961.0, 49.0, 42.0, 0.5607043504714966
0, 566.0, 836.0, 41.0, 51.0, 0.5585981607437134
0, 26.0, 621.0, 50.0, 35.0, 0.5567119121551514
0, 1262.0, 628.0, 37.0, 33.0, 0.5557473301887512
0, 447.0, 779.0, 36.0, 32.0, 0.5538151860237122
0, 6.0, 158.0, 13.0, 47.0, 0.5528916120529175
0, 1413.0, 566.0, 38.0, 44.0, 0.5526026487350464
0, 668.0, 212.0, 42.0, 41.0, 0.552226722240448
0, 1467.0, 815.0, 49.0, 32.0, 0.5518447160720825
0, 108.0, 1140.0, 46.0, 44.0, 0.5517534017562866
0, 890.0, 1179.0, 38.0, 44.0, 0.5503571033477783
1, 261.0, 1473.0, 20.0, 23.0, 0.5466437339782715
0, 399.0, 964.0, 41.0, 42.0, 0.5433300733566284
0, 1289.0, 361.0, 32.0, 25.0, 0.5417008996009827
0, 237.0, 714.0, 36.0, 33.0, 0.5416463613510132
0, 109.0, 749.0, 37.0, 32.0, 0.5377030968666077
0, 412.0, 100.0, 49.0, 50.0, 0.5375347137451172
1, 196.0, 1490.0, 23.0, 16.0, 0.5367792844772339
0, 1391.0, 14.0, 35.0, 29.0, 0.5341343879699707
0, 435.0, 891.0, 33.0, 41.0, 0.5334306955337524
0, 1330.0, 59.0, 37.0, 34.0, 0.5330895185470581
0, 1219.0, 1023.0, 29.0, 41.0, 0.5302608013153076
0, 1397.0, 1492.0, 40.0, 15.0, 0.5256444811820984
0, 1084.0, 34.0, 29.0, 35.0, 0.525406539440155
0, 540.0, 352.0, 40.0, 31.0, 0.524450421333313
0, 131.0, 779.0, 35.0, 41.0, 0.5233994126319885
0, 178.0, 507.0, 39.0, 37.0, 0.5191670656204224
0, 361.0, 1150.0, 30.0, 31.0, 0.5181773900985718
1, 1491.0, 1077.0, 16.0, 40.0, 0.5142611265182495
0, 1048.0, 1356.0, 38.0, 37.0, 0.5112781524658203
0, 337.0, 1212.0, 40.0, 34.0, 0.5112237334251404
0, 52.0, 166.0, 35.0, 44.0, 0.5095106959342957
0, 253.0, 558.0, 44.0, 36.0, 0.5091322660446167
0, 21.0, 657.0, 42.0, 37.0, 0.5069797039031982
