0, 76, 14, 27, 27, 0.8021431565284729
0, 47, 23, 34, 26, 0.7766201496124268
0, 160, 300, 40, 25, 0.71147221326828
0, 51, 86, 36, 25, 0.7109039425849915
0, 215, 18, 28, 34, 0.7086768746376038
3, 261, 184, 93, 109, 0.8441388607025146
3, 123, 105, 106, 112, 0.6400933265686035
3, 199, 231, 62, 84, 0.5073734521865845
3, 174, 38, 46, 46, 0.4701845049858093
3, 192, 109, 135, 156, 0.43299663066864014
3, 335, 172, 24, 44, 0.3360217809677124
3, 277, 254, 137, 159, 0.2779000401496887
3, 225, 62, 57, 58, 0.17713581025600433
3, 244, 294, 71, 78, 0.13635405898094177
3, 172, 329, 51, 33, 0.11937473714351654
3, 178, 131, 100, 96, 0.1088666096329689
3, 155, 284, 104, 111, 0.09916996210813522
3, 16, 60, 33, 76, 0.09728438407182693
3, 191, 10, 43, 20, 0.09567231684923172
3, 188, 113, 82, 59, 0.09384243935346603
3, 87, 221, 69, 58, 0.08667732030153275
3, 66, 193, 128, 130, 0.08487670868635178
3, 85, 282, 106, 77, 0.08461084216833115
3, 338, 116, 17, 34, 0.08160951733589172
3, 29, 219, 58, 66, 0.07930351048707962
3, 168, 251, 123, 138, 0.07875391095876694
3, 192, 303, 30, 34, 0.06494411081075668
3, 161, 82, 172, 164, 0.06374774128198624
3, 144, 213, 40, 41, 0.05658078193664551
3, 64, 23, 123, 46, 0.05618796497583389
3, 334, 125, 26, 55, 0.056051138788461685
3, 54, 68, 66, 64, 0.05047251656651497
3, 18, 130, 36, 64, 0.04504397138953209
3, 340, 79, 15, 35, 0.038764454424381256
3, 345, 254, 5, 51, 0.037701208144426346
3, 276, 82, 65, 93, 0.03476196527481079
3, 44, 87, 88, 154, 0.02590586617588997
3, 225, 147, 39, 57, 0.024363325908780098
3, 63, 249, 35, 24, 0.021356157958507538
3, 263, 159, 117, 174, 0.020054098218679428
3, 100, 185, 60, 55, 0.01992928236722946
3, 342, 47, 11, 24, 0.019791077822446823
3, 84, 171, 90, 72, 0.019747860729694366
3, 64, 234, 129, 104, 0.019210511818528175
3, 292, 31, 60, 62, 0.01890724152326584
3, 261, 247, 55, 59, 0.018009863793849945
3, 137, 77, 63, 52, 0.016549279913306236
3, 159, 267, 45, 43, 0.01593712717294693
3, 149, 197, 53, 74, 0.015076855197548866
3, 104, 126, 60, 67, 0.014559299685060978
3, 234, 136, 60, 72, 0.01382859330624342
3, 7, 211, 15, 46, 0.013524696230888367
3, 61, 52, 123, 104, 0.013321329839527607
3, 328, 71, 38, 52, 0.013219960033893585
3, 232, 273, 139, 120, 0.012561459094285965
3, 195, 18, 69, 36, 0.01178707554936409
3, 187, 266, 206, 155, 0.01128404587507248
3, 166, 142, 74, 57, 0.010839185677468777
3, 5, 143, 10, 81, 0.0099119758233428
3, 317, 344, 38, 7, 0.008934145793318748
3, 306, 235, 46, 64, 0.008883467875421047
3, 344, 9, 7, 17, 0.008775876834988594
3, 328, 4, 18, 9, 0.008506990037858486
3, 250, 64, 155, 128, 0.008081111125648022
3, 253, 171, 66, 72, 0.00782161857932806
3, 82, 20, 42, 40, 0.007415316067636013
3, 111, 208, 119, 98, 0.00736190052703023
