0, 168, 104, 36, 37, 0.8180332779884338
0, 1423, 372, 33, 42, 0.8063041567802429
0, 781, 137, 33, 32, 0.7839158773422241
0, 1040, 355, 44, 42, 0.7829084396362305
0, 64, 376, 42, 31, 0.7800948023796082
0, 187, 44, 30, 29, 0.7748034596443176
0, 550, 103, 25, 32, 0.772710919380188
0, 405, 180, 29, 24, 0.7552797198295593
0, 781, 42, 33, 25, 0.7540542483329773
0, 389, 104, 33, 31, 0.7425746917724609
0, 674, 181, 29, 37, 0.737005352973938
0, 1322, 279, 37, 40, 0.7325504422187805
0, 705, 167, 26, 27, 0.7323004007339478
0, 1001, 123, 31, 27, 0.7207837104797363
0, 1666, 246, 29, 27, 0.7199548482894897
0, 467, 306, 32, 36, 0.7159348130226135
0, 832, 58, 36, 26, 0.714769184589386
0, 1196, 188, 32, 31, 0.7098069787025452
0, 450, 392, 44, 30, 0.7051446437835693
0, 676, 309, 35, 40, 0.7040374875068665
0, 1183, 125, 42, 29, 0.7040134072303772
0, 158, 365, 38, 34, 0.6975347995758057
