2, 94, 88, 30, 30, 0.8827130794525146
2, 94, 13, 24, 24, 0.8661457896232605
2, 42, 110, 25, 27, 0.8107092380523682
2, 65, 94, 29, 29, 0.809965193271637
2, 32, 131, 18, 22, 0.7167283296585083
2, 50, 69, 31, 26, 0.567678689956665
2, 100, 139, 24, 23, 0.42287522554397583
2, 61, 136, 28, 24, 0.28037723898887634
3, 65, 94, 29, 29, 0.2911777198314667
3, 124, 19, 36, 35, 0.1661827117204666
3, 26, 11, 48, 22, 0.14688900113105774
3, 61, 137, 28, 26, 0.1376246064901352
3, 61, 40, 44, 38, 0.1325119286775589
3, 97, 42, 26, 24, 0.091501884162426
3, 102, 49, 39, 40, 0.07018628716468811
3, 95, 137, 39, 25, 0.06425276398658752
3, 97, 3, 45, 7, 0.03076353296637535
3, 50, 69, 31, 28, 0.027435094118118286
3, 24, 4, 28, 8, 0.010935192927718163
3, 28, 103, 56, 94, 0.00785716064274311
3, 119, 148, 26, 4, 0.007681135553866625
