2, 111, 196, 24, 26, 0.7036134600639343
2, 128, 179, 24, 23, 0.6724529266357422
2, 175, 173, 26, 24, 0.6624758243560791
2, 114, 54, 26, 27, 0.6533520221710205
2, 33, 135, 37, 31, 0.6415767669677734
2, 90, 61, 29, 31, 0.5133194327354431
2, 186, 154, 27, 25, 0.477666437625885
2, 116, 79, 27, 26, 0.3842063546180725
2, 116, 156, 27, 25, 0.35412368178367615
2, 99, 177, 31, 27, 0.23323649168014526
2, 56, 83, 27, 27, 0.22639989852905273
2, 38, 104, 42, 42, 0.21240603923797607
2, 46, 111, 25, 28, 0.20066902041435242
2, 102, 91, 13, 15, 0.1888246387243271
2, 99, 91, 50, 32, 0.14663642644882202
2, 140, 20, 28, 26, 0.10613343864679337
2, 163, 47, 26, 23, 0.09407834708690643
2, 86, 91, 24, 28, 0.06517613679170609
2, 111, 168, 58, 47, 0.04831786826252937
