0, 426, 81, 40, 40, 0.8991858959197998
0, 347, 170, 41, 35, 0.8917301297187805
0, 127, 721, 39, 32, 0.885618269443512
0, 280, 317, 39, 38, 0.8832501173019409
0, 118, 677, 37, 34, 0.8792556524276733
0, 89, 551, 37, 35, 0.8784430027008057
0, 101, 261, 48, 40, 0.8782888650894165
0, 367, 33, 42, 35, 0.8764820098876953
0, 436, 347, 32, 32, 0.8745245337486267
0, 118, 135, 26, 32, 0.8744050860404968
0, 107, 92, 31, 29, 0.873876690864563
0, 454, 110, 31, 38, 0.8736469745635986
0, 301, 205, 40, 36, 0.8719178438186646
0, 249, 120, 39, 40, 0.8717478513717651
0, 263, 352, 35, 28, 0.8716080784797668
0, 422, 374, 34, 34, 0.8710950613021851
0, 54, 569, 35, 39, 0.8656357526779175
0, 472, 549, 39, 44, 0.8655409216880798
0, 552, 382, 24, 31, 0.8648486137390137
0, 524, 732, 40, 35, 0.8644043207168579
0, 125, 14, 32, 29, 0.8633227944374084
0, 354, 278, 36, 26, 0.862774670124054
0, 16, 34, 33, 35, 0.8617371916770935
0, 586, 162, 29, 33, 0.8611916899681091
0, 578, 69, 33, 39, 0.8608271479606628
0, 449, 709, 34, 38, 0.8602737784385681
0, 465, 243, 31, 32, 0.8599977493286133
0, 265, 30, 40, 29, 0.8586155772209167
0, 218, 348, 48, 30, 0.8581072688102722
0, 486, 499, 36, 41, 0.8573686480522156
0, 353, 642, 45, 27, 0.8572713732719421
0, 455, 213, 31, 25, 0.8552129864692688
0, 589, 197, 22, 37, 0.8540650606155396
0, 481, 279, 37, 28, 0.8536341190338135
0, 293, 598, 40, 30, 0.8519723415374756
0, 36, 619, 30, 40, 0.8519205451011658
0, 488, 648, 30, 39, 0.8516549468040466
0, 519, 221, 42, 28, 0.850844144821167
0, 427, 223, 30, 28, 0.85039222240448
0, 444, 41, 42, 36, 0.8493348956108093
0, 17, 235, 31, 35, 0.848841667175293
0, 410, 261, 42, 32, 0.8479837775230408
0, 37, 376, 34, 41, 0.8477083444595337
0, 386, 462, 35, 27, 0.8471097946166992
0, 496, 319, 36, 34, 0.8454962372779846
0, 388, 583, 32, 30, 0.8440651297569275
0, 478, 98, 32, 38, 0.8420252799987793
0, 350, 678, 38, 32, 0.8405537009239197
0, 211, 290, 31, 33, 0.8383162021636963
0, 467, 158, 28, 31, 0.8374717831611633
0, 397, 178, 41, 41, 0.8368731141090393
0, 368, 82, 35, 29, 0.8366614580154419
0, 268, 436, 38, 29, 0.8360286951065063
0, 217, 653, 26, 34, 0.8358250856399536
0, 182, 391, 39, 29, 0.835240364074707
0, 410, 406, 46, 32, 0.8339969515800476
0, 216, 168, 44, 34, 0.833523154258728
0, 508, 534, 26, 31, 0.8331491351127625
0, 110, 424, 39, 38, 0.8328607082366943
0, 306, 675, 50, 32, 0.8326111435890198
0, 335, 142, 36, 34, 0.8319239020347595
0, 322, 716, 32, 30, 0.8294342756271362
0, 509, 707, 47, 45, 0.8286932110786438
0, 11, 79, 22, 25, 0.8278543949127197
0, 536, 296, 28, 38, 0.8277551531791687
0, 149, 144, 23, 40, 0.8270392417907715
0, 246, 383, 57, 29, 0.8265557289123535
0, 343, 315, 30, 34, 0.8256649374961853
0, 250, 273, 32, 38, 0.8245798945426941
0, 461, 185, 24, 31, 0.8236268162727356
0, 164, 667, 33, 33, 0.8227623701095581
0, 580, 463, 35, 45, 0.8222029805183411
0, 231, 220, 35, 34, 0.8218863606452942
0, 225, 607, 29, 37, 0.8218256831169128
0, 515, 177, 25, 25, 0.8168879151344299
0, 302, 495, 39, 36, 0.8166154026985168
0, 494, 418, 26, 32, 0.8156885504722595
0, 499, 160, 26, 34, 0.8143142461776733
0, 121, 580, 36, 37, 0.8105515837669373
0, 533, 438, 31, 33, 0.8084819316864014
0, 550, 168, 24, 33, 0.807950496673584
0, 21, 559, 30, 41, 0.8075674176216125
0, 526, 564, 27, 24, 0.8061830401420593
0, 170, 150, 24, 34, 0.8055678009986877
0, 84, 692, 29, 40, 0.8016253113746643
0, 24, 455, 41, 28, 0.8013178706169128
0, 159, 474, 29, 27, 0.8001889586448669
0, 70, 736, 40, 37, 0.7993390560150146
0, 158, 534, 37, 28, 0.7985509037971497
0, 308, 450, 31, 31, 0.7980155944824219
0, 35, 141, 27, 32, 0.7961764335632324
0, 186, 263, 33, 34, 0.7949378490447998
0, 541, 121, 33, 37, 0.7943955659866333
0, 501, 365, 43, 36, 0.7919244766235352
0, 134, 464, 30, 26, 0.7905153036117554
0, 48, 215, 27, 36, 0.7869783043861389
0, 24, 212, 23, 34, 0.7864559292793274
0, 457, 312, 34, 31, 0.7844509482383728
0, 513, 599, 26, 34, 0.7820738554000854
0, 556, 643, 36, 29, 0.7804352045059204
0, 47, 513, 41, 28, 0.779541015625
0, 41, 87, 32, 33, 0.7769926190376282
0, 592, 510, 16, 32, 0.7752314805984497
0, 276, 6, 27, 12, 0.7750008702278137
0, 224, 264, 30, 37, 0.7745876908302307
0, 287, 520, 39, 32, 0.7728520035743713
0, 250, 191, 31, 29, 0.7652377486228943
0, 196, 581, 33, 26, 0.7640196084976196
0, 139, 284, 40, 36, 0.7616550326347351
0, 406, 623, 49, 36, 0.7601584196090698
0, 563, 343, 25, 44, 0.759427011013031
0, 382, 333, 24, 24, 0.7588289380073547
0, 106, 41, 32, 41, 0.7584319710731506
0, 436, 13, 43, 25, 0.7564435005187988
0, 514, 63, 30, 39, 0.7558151483535767
0, 34, 490, 35, 33, 0.7541092038154602
0, 87, 181, 31, 27, 0.7476183176040649
0, 270, 474, 38, 37, 0.7458726167678833
0, 567, 212, 25, 25, 0.7386636137962341
0, 139, 357, 42, 28, 0.7367806434631348
0, 303, 637, 31, 29, 0.7364957332611084
0, 393, 712, 25, 27, 0.7355305552482605
0, 151, 697, 35, 26, 0.7351927161216736
0, 521, 131, 25, 27, 0.7806849251775669
0, 390, 123, 33, 32, 0.7589270512611515
0, 298, 51, 30, 35, 0.7161509289450985
0, 171, 109, 21, 31, 0.7678058098761747
0, 299, 148, 30, 29, 0.7073908025786662
0, 38, 309, 33, 32, 0.7381942316851418
0, 381, 362, 24, 24, 0.7030877301327096
0, 76, 24, 24, 28, 0.7437929647630188
0, 393, 501, 31, 28, 0.6861467350299663
0, 588, 346, 24, 41, 0.7251338540271903
0, 16, 659, 31, 37, 0.6326074680941021
0, 204, 14, 24, 22, 0.5949304660864878
