0, 935, 247, 55, 40, 0.5263500809669495
0, 591, 259, 77, 74, 0.4306028187274933
0, 1218, 249, 102, 101, 0.3713575601577759
0, 359, 335, 29, 26, 0.36206310987472534
0, 925, 179, 40, 31, 0.3324927091598511
0, 843, 217, 24, 32, 0.27019667625427246
0, 281, 297, 25, 28, 0.22127383947372437
0, 1144, 243, 44, 30, 0.1500522792339325
0, 855, 217, 30, 34, 0.13956667482852936
0, 449, 336, 29, 32, 0.12868641316890717
0, 1086, 259, 34, 40, 0.12850236892700195
0, 537, 333, 36, 26, 0.1277206689119339
0, 436, 285, 40, 48, 0.12174665927886963
0, 687, 233, 36, 26, 0.12051569670438766
0, 767, 241, 17, 30, 0.11690733581781387
0, 468, 277, 28, 34, 0.11540519446134567
0, 615, 265, 38, 50, 0.11416038125753403
0, 455, 277, 50, 37, 0.11228151619434357
0, 870, 249, 25, 20, 0.10205944627523422
0, 1203, 238, 58, 58, 0.0999409630894661
0, 282, 306, 31, 49, 0.09856216609477997
0, 440, 330, 41, 30, 0.088875912129879
0, 991, 245, 49, 54, 0.08332081884145737
0, 527, 329, 26, 20, 0.08094292134046555
0, 1171, 269, 18, 25, 0.07970298826694489
0, 335, 273, 27, 33, 0.07922345399856567
0, 277, 358, 17, 23, 0.07912807911634445
0, 425, 296, 30, 36, 0.07801352441310883
0, 1092, 252, 51, 56, 0.07223304361104965
0, 1039, 207, 35, 31, 0.06775016337633133
0, 234, 338, 27, 23, 0.06475431472063065
0, 1240, 267, 43, 65, 0.06108378618955612
0, 1204, 284, 29, 28, 0.059919849038124084
0, 597, 281, 30, 31, 0.059783633798360825
0, 347, 335, 44, 30, 0.050510428845882416
0, 228, 299, 25, 19, 0.04908285290002823
0, 323, 372, 35, 29, 0.047957614064216614
0, 1029, 247, 48, 63, 0.04653053730726242
0, 522, 235, 16, 22, 0.044216934591531754
0, 1031, 266, 45, 47, 0.04323345422744751
0, 436, 321, 56, 70, 0.041626956313848495
0, 1192, 259, 57, 72, 0.038153138011693954
0, 1005, 249, 82, 67, 0.03748255595564842
0, 1032, 225, 36, 48, 0.037234846502542496
0, 843, 258, 24, 20, 0.03611642122268677
0, 839, 218, 44, 35, 0.033397428691387177
0, 497, 319, 16, 24, 0.0321752168238163
0, 297, 309, 52, 61, 0.028942128643393517
0, 1194, 277, 53, 43, 0.028017401695251465
0, 447, 291, 68, 70, 0.027998190373182297
0, 1238, 235, 59, 71, 0.02692667581140995
0, 402, 266, 23, 33, 0.02632429637014866
0, 1042, 225, 56, 69, 0.022052744403481483
0, 417, 272, 19, 39, 0.020950190722942352
0, 1176, 274, 28, 36, 0.01947823353111744
0, 666, 236, 19, 24, 0.017817895859479904
0, 743, 248, 17, 34, 0.01744910515844822
0, 374, 297, 33, 25, 0.01624869368970394
0, 779, 291, 38, 26, 0.01599462516605854
0, 314, 368, 63, 44, 0.012015221640467644
0, 1078, 267, 36, 46, 0.009710998274385929
0, 592, 307, 20, 12, 0.009710104204714298
0, 870, 238, 19, 22, 0.00968729704618454
0, 903, 270, 25, 23, 0.009479868225753307
0, 1074, 251, 56, 67, 0.009401747956871986
0, 395, 344, 19, 23, 0.009393593296408653
0, 1151, 247, 31, 61, 0.009379653260111809
0, 987, 220, 47, 51, 0.0087415287271142
0, 234, 374, 17, 18, 0.008486523292958736
0, 306, 379, 37, 25, 0.00846328679472208
0, 570, 236, 31, 26, 0.00833358708769083
0, 392, 324, 26, 38, 0.008261536248028278
0, 682, 229, 51, 39, 0.008199132047593594
0, 430, 304, 99, 117, 0.007037548813968897
0, 1244, 219, 44, 39, 0.006626112386584282
0, 859, 252, 50, 30, 0.005590863525867462
0, 334, 367, 62, 43, 0.00489283399656415
0, 461, 330, 43, 40, 0.0047328053042292595
0, 1008, 178, 19, 18, 0.0045550111681222916
0, 1123, 249, 87, 69, 0.004253120627254248
0, 962, 146, 15, 16, 0.003951469901949167
0, 948, 148, 28, 18, 0.0036133909597992897
0, 942, 266, 61, 55, 0.003324746387079358
0, 465, 310, 35, 29, 0.0032692216336727142
0, 323, 308, 112, 86, 0.003266390413045883
0, 933, 173, 60, 48, 0.0031213155016303062
0, 385, 306, 35, 40, 0.0030787955038249493
0, 320, 301, 41, 56, 0.002751761581748724
0, 879, 258, 40, 28, 0.0022651334293186665
0, 523, 323, 35, 38, 0.00199152366258204
0, 863, 234, 42, 54, 0.001983958063647151
0, 770, 239, 29, 39, 0.0012735843192785978
0, 239, 333, 32, 23, 0.0012673487653955817
0, 365, 314, 96, 72, 0.0012473090318962932
0, 494, 327, 20, 43, 0.0012346503790467978
0, 965, 176, 93, 30, 0.0012250766158103943
0, 986, 232, 136, 96, 0.0011512805940583348
0, 1052, 237, 79, 98, 0.0010432772105559707
0, 753, 241, 21, 36, 0.0010207219747826457
0, 618, 293, 36, 47, 0.0009963485645130277
0, 288, 356, 40, 30, 0.0009891715599223971
0, 841, 234, 51, 38, 0.000808637123554945
0, 953, 212, 100, 74, 0.0007585416897200048
0, 751, 355, 15, 13, 0.0007204146822914481
0, 932, 202, 52, 54, 0.0007077006157487631
0, 234, 351, 33, 21, 0.0006637327605858445
0, 1173, 231, 136, 82, 0.000627674802672118
0, 538, 307, 39, 18, 0.0005930580664426088
0, 235, 315, 36, 41, 0.0004968524444848299
0, 904, 221, 15, 21, 0.0004878952167928219
0, 755, 292, 39, 28, 0.00048151108785532415
0, 1138, 232, 91, 73, 0.0004264114541001618
0, 551, 303, 30, 19, 0.00039597286377102137
0, 390, 279, 47, 52, 0.0003614049928728491
0, 1041, 206, 50, 46, 0.00033774267649278045
0, 763, 246, 26, 47, 0.00031271090847440064
0, 755, 282, 31, 30, 0.0002979238051921129
0, 232, 340, 43, 34, 0.0002952947688754648
0, 308, 336, 73, 96, 0.00029005963006056845
0, 856, 230, 73, 73, 0.00028981801006011665
0, 226, 328, 33, 29, 0.0002671655092854053
0, 342, 280, 41, 31, 0.00021663986262865365
0, 262, 361, 25, 40, 0.00020874491019640118
0, 1155, 264, 75, 67, 0.0002029724419116974
0, 639, 306, 10, 23, 0.00019858466112054884
0, 275, 347, 30, 54, 0.00019298856204841286
0, 881, 281, 34, 27, 0.00018027947226073593
0, 175, 313, 12, 23, 0.00017996312817558646
0, 246, 311, 50, 64, 0.00016829179367050529
0, 1212, 285, 66, 48, 0.00016685519949533045
0, 842, 207, 69, 71, 0.00016610750753898174
0, 906, 215, 18, 28, 0.0001616123627172783
0, 690, 323, 38, 16, 0.0001447944378014654
0, 816, 221, 48, 26, 0.00013578220386989415
0, 587, 301, 27, 20, 0.00013473043509293348
0, 1020, 355, 508, 310, 0.00012887494813185185
0, 851, 268, 78, 51, 0.00011987592006335035
0, 452, 272, 62, 61, 0.00011905434803338721
0, 1101, 267, 107, 95, 0.00011813518358394504
0, 785, 236, 50, 40, 0.00011549741611815989
0, 847, 360, 526, 300, 0.0001086737829609774
0, 871, 287, 26, 15, 0.00010814923734869808
0, 738, 203, 14, 15, 0.00010653477511368692
0, 546, 292, 29, 33, 0.00010117131751030684
0, 1235, 290, 31, 36, 8.840714144753292e-05
0, 506, 328, 27, 42, 8.73316967044957e-05
0, 777, 276, 39, 40, 8.203932520700619e-05
0, 1490, 255, 265, 511, 7.919548806967214e-05
0, 254, 361, 469, 298, 7.61728297220543e-05
0, 677, 204, 112, 107, 7.57854213588871e-05
0, 687, 368, 404, 285, 7.450349221471697e-05
0, 495, 292, 71, 58, 7.412916602334008e-05
0, 705, 305, 21, 14, 7.271593494806439e-05
0, 993, 176, 48, 27, 7.202017877716571e-05
0, 1586, 4, 71, 9, 6.877729902043939e-05
0, 987, 252, 240, 198, 6.742313416907564e-05
0, 816, 235, 101, 53, 6.526417564600706e-05
0, 17, 2, 34, 4, 6.384551670635119e-05
0, 306, 287, 85, 62, 6.194508023327217e-05
0, 657, 243, 114, 66, 6.15036187809892e-05
0, 1268, 354, 687, 312, 6.029972792020999e-05
0, 33, 509, 65, 3, 5.712311394745484e-05
0, 802, 212, 22, 22, 5.4590007493970916e-05
0, 259, 303, 37, 45, 4.795923086930998e-05
0, 548, 240, 228, 169, 4.7557041398249567e-05
0, 485, 288, 37, 27, 4.715844625025056e-05
0, 229, 360, 36, 36, 4.6312470658449456e-05
0, 396, 244, 102, 110, 4.5618984586326405e-05
0, 444, 371, 299, 278, 4.392010669107549e-05
0, 710, 240, 38, 43, 4.384645581012592e-05
0, 1283, 282, 19, 21, 4.2329604184487835e-05
0, 723, 203, 16, 17, 4.223134237690829e-05
0, 1389, 163, 466, 327, 4.1941686504287645e-05
0, 939, 282, 73, 67, 4.175065623712726e-05
0, 758, 215, 26, 38, 4.0978982724482194e-05
0, 431, 249, 109, 124, 4.041893407702446e-05
0, 687, 244, 45, 60, 4.031707067042589e-05
0, 787, 273, 62, 58, 3.899070725310594e-05
0, 1129, 276, 101, 73, 3.808799374382943e-05
0, 363, 346, 89, 66, 3.761423795367591e-05
0, 539, 479, 144, 62, 3.735988138942048e-05
0, 1583, 508, 76, 4, 3.6639645259128883e-05
0, 1110, 240, 149, 109, 3.542259946698323e-05
0, 1407, 476, 147, 69, 3.496821955195628e-05
0, 764, 307, 45, 31, 3.468237628112547e-05
0, 1352, 477, 165, 66, 3.4512886486481875e-05
0, 631, 477, 140, 66, 3.402842048672028e-05
0, 600, 224, 65, 65, 3.398091212147847e-05
0, 704, 317, 24, 12, 3.3822976547526196e-05
0, 590, 480, 129, 60, 3.3178264857269824e-05
0, 783, 209, 14, 19, 3.315586945973337e-05
0, 169, 289, 321, 443, 3.2679352443665266e-05
0, 1437, 346, 371, 328, 3.244846448069438e-05
0, 227, 287, 68, 72, 3.141425258945674e-05
0, 984, 289, 111, 57, 3.1051593396114185e-05
0, 446, 480, 128, 60, 3.089407255174592e-05
0, 479, 253, 112, 108, 3.078196823480539e-05
0, 1009, 480, 148, 60, 3.057209323742427e-05
0, 1065, 283, 161, 142, 3.0017297831363976e-05
0, 93, 328, 187, 364, 2.9726330467383377e-05
0, 721, 478, 157, 64, 2.940488229796756e-05
0, 1075, 261, 373, 145, 2.8846940040239133e-05
0, 530, 346, 80, 62, 2.8109605409554206e-05
0, 772, 479, 131, 62, 2.7748235879698768e-05
0, 898, 113, 386, 227, 2.7445088562672026e-05
0, 889, 196, 141, 87, 2.6936913855024613e-05
0, 270, 368, 61, 50, 2.6608222469803877e-05
0, 1157, 288, 88, 51, 2.5696232114569284e-05
0, 343, 476, 133, 69, 2.5038165404112078e-05
0, 332, 267, 43, 51, 2.4478613340761513e-05
0, 295, 476, 118, 69, 2.4419927285634913e-05
0, 718, 282, 21, 37, 2.3938160666148178e-05
0, 489, 344, 116, 69, 2.38832308241399e-05
0, 404, 478, 133, 65, 2.370234506088309e-05
0, 1235, 474, 144, 72, 2.3341961423284374e-05
0, 450, 345, 47, 55, 2.3212589439935982e-05
0, 955, 292, 72, 46, 2.3064460037858225e-05
0, 1019, 279, 77, 67, 2.2843285478302278e-05
0, 811, 283, 103, 41, 2.2805323169450276e-05
0, 1094, 476, 152, 69, 2.1662766812369227e-05
0, 515, 253, 18, 50, 2.1358615413191728e-05
0, 1054, 274, 114, 86, 2.1250407371553592e-05
0, 711, 299, 34, 23, 2.1154281057533808e-05
0, 147, 479, 135, 63, 2.0881907403236255e-05
0, 92, 477, 166, 67, 2.03301588044269e-05
0, 301, 268, 121, 101, 2.014757410506718e-05
0, 1438, 474, 114, 72, 1.9949384295614436e-05
0, 1496, 476, 170, 69, 1.9586777852964588e-05
0, 481, 478, 111, 65, 1.9433002307778224e-05
0, 914, 479, 134, 63, 1.9394123228266835e-05
0, 1245, 207, 78, 98, 1.9107183106825687e-05
0, 943, 144, 111, 131, 1.901235918921884e-05
0, 456, 104, 351, 209, 1.848488682298921e-05
0, 574, 109, 340, 219, 1.847184648795519e-05
0, 1552, 475, 141, 71, 1.833136957429815e-05
0, 869, 188, 50, 74, 1.8279835785506293e-05
0, 477, 297, 131, 91, 1.7819222193793394e-05
0, 125, 115, 250, 231, 1.6586298443144187e-05
0, 893, 220, 131, 66, 1.6109272110043094e-05
0, 931, 275, 147, 144, 1.6078498447313905e-05
0, 541, 322, 48, 47, 1.597412847331725e-05
0, 254, 479, 142, 63, 1.5917952623567544e-05
0, 586, 229, 82, 96, 1.5883757441770285e-05
0, 952, 169, 96, 72, 1.555212656967342e-05
0, 345, 244, 109, 107, 1.543274993309751e-05
0, 1283, 274, 18, 23, 1.5412289940286428e-05
0, 1542, 13, 160, 27, 1.4866667697788216e-05
0, 54, 477, 104, 67, 1.4580182323697954e-05
0, 702, 277, 37, 41, 1.454551693313988e-05
0, 650, 216, 135, 71, 1.4512720554193947e-05
0, 1264, 244, 306, 260, 1.4389487660082523e-05
0, 443, 330, 219, 193, 1.4364615708473139e-05
0, 1107, 145, 20, 18, 1.401437202730449e-05
0, 725, 249, 22, 52, 1.3966528058517724e-05
0, 1281, 242, 27, 36, 1.3920186574978288e-05
0, 609, 198, 236, 249, 1.3550804396800231e-05
0, 283, 291, 44, 64, 1.3446479897538666e-05
0, 856, 104, 435, 208, 1.2921547750011086e-05
0, 825, 191, 77, 105, 1.2685808542300947e-05
0, 1144, 214, 142, 104, 1.2437932127795648e-05
0, 420, 349, 68, 46, 1.1869121408381034e-05
0, 659, 83, 107, 136, 1.1561384781089146e-05
0, 372, 334, 282, 265, 1.1514049219840672e-05
0, 38, 3, 76, 6, 1.1318420547468122e-05
0, 294, 116, 348, 233, 1.1034712770197075e-05
0, 381, 271, 73, 75, 1.0855103937501553e-05
0, 1028, 162, 293, 320, 1.078209879779024e-05
0, 211, 315, 77, 47, 1.0543520147621166e-05
0, 1554, 133, 137, 245, 1.0477924661245197e-05
0, 87, 148, 175, 297, 1.0028927135863341e-05
0, 691, 315, 43, 32, 1.001068449113518e-05
0, 495, 106, 464, 212, 9.962542208086234e-06
0, 691, 105, 533, 211, 9.796871381695382e-06
0, 93, 118, 99, 127, 9.75336388364667e-06
0, 729, 199, 34, 42, 9.59827139013214e-06
0, 1208, 118, 393, 236, 9.527284419164062e-06
0, 1287, 230, 25, 31, 9.442223927180748e-06
0, 1166, 476, 164, 68, 9.295064955949783e-06
0, 1263, 227, 68, 53, 9.29345242184354e-06
0, 823, 480, 104, 60, 9.138201676250901e-06
0, 596, 325, 19, 23, 9.069483894563746e-06
0, 598, 3, 147, 6, 9.004295861814171e-06
0, 1582, 9, 78, 18, 8.958891157817561e-06
0, 1262, 202, 107, 152, 8.823816642689053e-06
0, 1068, 103, 461, 206, 8.695148608239833e-06
0, 315, 364, 82, 81, 8.499286195728928e-06
0, 527, 225, 52, 72, 8.478755262331106e-06
0, 1020, 194, 118, 96, 8.381814041058533e-06
0, 188, 478, 115, 65, 8.3766672105412e-06
0, 340, 276, 270, 166, 8.350975804205518e-06
0, 629, 311, 28, 39, 8.328984222316649e-06
0, 1579, 121, 86, 151, 8.278674613393378e-06
0, 1268, 2, 157, 4, 8.15662497188896e-06
0, 1452, 3, 167, 6, 7.916591130197048e-06
0, 1304, 203, 142, 153, 7.861541234888136e-06
0, 1580, 408, 84, 74, 7.825016837159637e-06
0, 677, 478, 110, 65, 7.665476914553437e-06
0, 996, 187, 81, 71, 7.618520612595603e-06
0, 532, 471, 101, 79, 7.598776846862165e-06
0, 578, 217, 125, 129, 7.513100172218401e-06
