0, 821, 465, 63, 65, 0.7967622876167297
0, 87, 588, 61, 40, 0.4850267767906189
0, 685, 212, 46, 38, 0.4587036073207855
0, 213, 529, 41, 34, 0.4467194974422455
0, 715, 511, 112, 65, 0.37460166215896606
0, 978, 475, 88, 68, 0.3688197135925293
0, 626, 231, 30, 29, 0.3621927797794342
0, 716, 187, 36, 29, 0.36094799637794495
0, 848, 160, 39, 37, 0.294933944940567
0, 320, 554, 29, 24, 0.29251959919929504
0, 327, 543, 44, 46, 0.2833462953567505
0, 191, 562, 41, 30, 0.28282809257507324
0, 165, 577, 36, 28, 0.24891740083694458
0, 88, 623, 63, 107, 0.19871312379837036
0, 251, 562, 30, 24, 0.18995574116706848
0, 799, 182, 31, 38, 0.180181622505188
0, 300, 253, 37, 35, 0.17095023393630981
0, 300, 521, 53, 58, 0.15473343431949615
0, 338, 222, 37, 41, 0.15448778867721558
0, 856, 184, 22, 17, 0.15290388464927673
0, 802, 523, 57, 24, 0.15145327150821686
0, 127, 690, 45, 32, 0.15084433555603027
0, 85, 641, 46, 67, 0.14897778630256653
0, 931, 457, 30, 29, 0.14577443897724152
0, 740, 503, 59, 40, 0.1134599894285202
0, 689, 510, 61, 59, 0.0994839295744896
0, 798, 191, 28, 21, 0.09894775599241257
0, 697, 205, 75, 60, 0.09747980535030365
0, 796, 151, 16, 16, 0.09605871140956879
0, 761, 464, 39, 31, 0.0946076288819313
0, 243, 599, 19, 23, 0.09250190109014511
0, 532, 493, 17, 31, 0.08841782808303833
0, 372, 555, 25, 20, 0.07961183041334152
0, 389, 248, 20, 23, 0.07209622114896774
0, 553, 503, 20, 27, 0.07209503650665283
0, 175, 569, 58, 47, 0.07024770975112915
0, 587, 491, 121, 75, 0.06405256688594818
0, 334, 555, 44, 29, 0.06350374966859818
0, 337, 534, 23, 35, 0.06091514602303505
0, 952, 536, 24, 20, 0.06063034012913704
0, 948, 499, 29, 27, 0.05483022704720497
0, 458, 195, 15, 18, 0.05439261347055435
0, 557, 496, 30, 41, 0.048021070659160614
0, 263, 535, 26, 26, 0.0468444861471653
0, 358, 560, 40, 25, 0.045953381806612015
0, 537, 492, 27, 52, 0.04219814017415047
0, 1039, 461, 18, 15, 0.038996100425720215
0, 283, 533, 69, 34, 0.03691381961107254
0, 519, 249, 35, 21, 0.029628785327076912
0, 567, 488, 52, 57, 0.026005461812019348
0, 560, 474, 34, 27, 0.025552595034241676
0, 258, 547, 39, 50, 0.023940900340676308
0, 281, 538, 95, 80, 0.021116793155670166
0, 195, 595, 30, 21, 0.019489698112010956
0, 104, 654, 80, 100, 0.018363701179623604
0, 491, 202, 25, 15, 0.016649184748530388
0, 762, 189, 28, 28, 0.016196373850107193
0, 292, 494, 16, 15, 0.015415922738611698
0, 118, 682, 50, 45, 0.01522373128682375
0, 615, 495, 60, 59, 0.014426494017243385
0, 626, 503, 35, 34, 0.014211847446858883
0, 548, 487, 45, 50, 0.011756028980016708
0, 997, 471, 52, 59, 0.011753935366868973
0, 898, 466, 14, 33, 0.01167894434183836
0, 586, 528, 32, 16, 0.011575082316994667
0, 782, 183, 69, 46, 0.010940738022327423
0, 577, 525, 22, 12, 0.010741970501840115
0, 1023, 554, 23, 19, 0.009938792325556278
0, 571, 474, 57, 37, 0.009732142090797424
0, 626, 524, 31, 28, 0.00824316218495369
0, 258, 563, 51, 43, 0.008030501194298267
0, 596, 528, 16, 17, 0.00800854992121458
0, 516, 246, 47, 36, 0.007746207527816296
0, 906, 465, 31, 37, 0.007693885359913111
0, 737, 487, 78, 76, 0.0067002600990235806
0, 783, 527, 78, 26, 0.006631575524806976
0, 726, 459, 23, 24, 0.0064054508693516254
0, 782, 153, 24, 18, 0.006282249931246042
0, 586, 226, 27, 29, 0.006021001376211643
0, 427, 532, 9, 12, 0.005884822458028793
0, 989, 454, 36, 27, 0.005752106197178364
0, 623, 472, 25, 25, 0.005374976433813572
0, 329, 278, 27, 29, 0.004810631275177002
0, 312, 264, 64, 57, 0.00456052552908659
0, 475, 472, 17, 19, 0.004550176672637463
0, 972, 470, 42, 57, 0.004421097692102194
0, 240, 210, 12, 13, 0.004183316603302956
0, 265, 245, 14, 15, 0.003962785936892033
0, 493, 473, 25, 25, 0.003927333280444145
0, 745, 531, 36, 21, 0.0034868207294493914
0, 182, 617, 12, 12, 0.003461269661784172
0, 326, 483, 23, 17, 0.003420234424993396
0, 235, 212, 9, 12, 0.003234622534364462
0, 344, 273, 44, 38, 0.0031929807737469673
0, 1008, 468, 87, 43, 0.0028224396519362926
0, 496, 476, 41, 35, 0.0025143129751086235
0, 204, 513, 21, 25, 0.002285683061927557
0, 626, 479, 36, 48, 0.002274885540828109
0, 582, 535, 32, 20, 0.0021756854839622974
0, 192, 573, 60, 53, 0.0021359336096793413
0, 622, 529, 20, 22, 0.0019215177744626999
0, 732, 489, 156, 122, 0.001864737132564187
0, 588, 239, 24, 26, 0.00165937514975667
0, 344, 546, 80, 50, 0.0016470435075461864
0, 482, 201, 22, 18, 0.0016344516770914197
0, 208, 208, 15, 11, 0.001521904137916863
0, 716, 471, 56, 51, 0.0015184386866167188
0, 334, 245, 65, 90, 0.0013350530061870813
0, 347, 539, 48, 54, 0.0012993129203096032
0, 179, 584, 63, 45, 0.0011666862992569804
0, 247, 585, 27, 43, 0.0011602250160649419
0, 210, 109, 335, 218, 0.0011509351897984743
0, 533, 491, 108, 62, 0.0011304175714030862
0, 774, 444, 89, 83, 0.001068345969542861
0, 518, 492, 42, 45, 0.0010468928376212716
0, 465, 471, 18, 16, 0.00100047723390162
0, 712, 177, 52, 56, 0.0009684920660220087
0, 926, 168, 16, 22, 0.0009591348934918642
0, 711, 159, 21, 16, 0.0009327004081569612
0, 199, 545, 82, 60, 0.0008807904087007046
0, 180, 268, 12, 16, 0.000694841321092099
0, 255, 583, 47, 59, 0.0006787296733818948
0, 316, 78, 233, 157, 0.0006719802622683346
0, 505, 256, 40, 24, 0.000659680983517319
0, 629, 465, 27, 25, 0.0006513411644846201
0, 496, 205, 19, 18, 0.0006492494721896946
0, 268, 255, 19, 30, 0.0006446417537517846
0, 498, 494, 61, 47, 0.00058519042795524
0, 925, 470, 58, 57, 0.0005799206555821002
0, 205, 583, 63, 48, 0.0005381725495681167
0, 500, 68, 192, 136, 0.0005221106112003326
0, 793, 171, 46, 63, 0.0005122800939716399
0, 603, 233, 56, 40, 0.00048562936717644334
0, 354, 252, 40, 30, 0.00048460514517500997
0, 605, 69, 350, 138, 0.00045529683120548725
0, 411, 550, 13, 15, 0.0004536860215011984
0, 167, 656, 17, 22, 0.0004225435259286314
0, 896, 457, 14, 41, 0.0004081273509655148
0, 139, 690, 87, 33, 0.00039094046223908663
0, 647, 221, 82, 55, 0.00038499082438647747
0, 993, 535, 17, 17, 0.00038045443943701684
0, 953, 540, 30, 33, 0.0003747472073882818
0, 670, 149, 16, 12, 0.0003739187668543309
0, 312, 238, 59, 84, 0.0003682200040202588
0, 328, 518, 52, 57, 0.0003557176096364856
0, 895, 184, 13, 12, 0.0003550983965396881
0, 523, 471, 101, 77, 0.0003271239693276584
0, 705, 483, 95, 84, 0.0003207486879546195
0, 433, 77, 356, 154, 0.00027622742345556617
0, 877, 461, 33, 43, 0.00025226271827705204
0, 474, 194, 62, 37, 0.00022785009059589356
0, 438, 473, 28, 18, 0.0002258636086480692
0, 686, 219, 56, 73, 0.00022203220578376204
0, 948, 458, 66, 38, 0.0002197800058638677
0, 377, 501, 10, 18, 0.00021626322995871305
0, 510, 230, 69, 68, 0.00021071643277537078
0, 543, 577, 540, 259, 0.00018378578533884138
0, 358, 529, 64, 80, 0.00017885069246403873
0, 240, 530, 118, 64, 0.00017219399160239846
0, 626, 223, 36, 55, 0.0001716818514978513
0, 360, 263, 71, 50, 0.0001669188350206241
0, 992, 524, 18, 18, 0.00016581964155193418
0, 431, 473, 14, 13, 0.00016003029304556549
0, 585, 230, 41, 49, 0.000152294771396555
0, 471, 481, 78, 45, 0.0001515030744485557
0, 873, 441, 15, 20, 0.00015125048230402172
0, 720, 443, 95, 100, 0.00015087697829585522
0, 418, 543, 32, 34, 0.00014027251745574176
0, 177, 554, 97, 70, 0.0001373288396280259
0, 478, 505, 27, 23, 0.00013521873916033655
0, 696, 193, 115, 117, 0.00013173952174838632
0, 329, 482, 36, 23, 0.0001245063031092286
0, 797, 194, 50, 52, 0.00012379197869449854
0, 685, 149, 43, 17, 0.00012352995690889657
0, 940, 440, 85, 84, 0.00012252294982317835
0, 340, 191, 21, 20, 0.00012247342965565622
0, 768, 508, 107, 49, 0.00012088398216292262
0, 608, 463, 79, 74, 0.00011887850996572524
0, 1281, 460, 10, 49, 0.0001176306905108504
0, 815, 487, 72, 88, 0.00011375396570656449
0, 95, 676, 62, 49, 0.00011273704876657575
0, 538, 182, 9, 13, 0.00010865077638300136
0, 165, 241, 331, 483, 0.00010717608529375866
0, 989, 542, 106, 39, 0.00010703576117521152
0, 111, 619, 143, 164, 0.00010103682143380865
0, 587, 481, 155, 127, 9.767786104930565e-05
0, 226, 509, 82, 87, 9.742437396198511e-05
0, 204, 210, 13, 14, 9.394653170602396e-05
0, 796, 151, 19, 34, 9.383550786878914e-05
0, 288, 293, 27, 13, 9.327160660177469e-05
0, 92, 696, 59, 20, 9.232581942342222e-05
0, 63, 627, 127, 158, 9.223606321029365e-05
0, 694, 59, 172, 118, 9.120801405515522e-05
0, 588, 186, 11, 10, 9.031077934196219e-05
0, 203, 498, 17, 16, 8.982312283478677e-05
0, 722, 176, 148, 78, 8.77434722497128e-05
0, 918, 536, 115, 62, 8.533779327990487e-05
0, 945, 491, 51, 50, 8.327387331519276e-05
0, 264, 238, 14, 18, 8.283976058010012e-05
0, 765, 175, 64, 64, 8.020401583053172e-05
0, 779, 60, 302, 120, 8.015325875021517e-05
0, 734, 457, 56, 46, 7.920855568954721e-05
0, 694, 447, 38, 18, 7.793670374667272e-05
0, 362, 225, 76, 44, 7.722339069005102e-05
0, 678, 491, 34, 44, 7.592814654344693e-05
0, 172, 618, 33, 16, 7.441217894665897e-05
0, 160, 656, 21, 27, 7.437948079314083e-05
0, 188, 530, 113, 95, 7.433374412357807e-05
0, 1084, 540, 19, 13, 7.278017437784001e-05
0, 332, 222, 58, 54, 7.223884313134477e-05
0, 846, 138, 59, 95, 7.192519115051255e-05
0, 527, 503, 189, 97, 7.08362422301434e-05
0, 853, 168, 52, 58, 6.900651351315901e-05
0, 572, 514, 68, 63, 6.87348801875487e-05
0, 517, 518, 32, 36, 6.737903458997607e-05
0, 1031, 464, 35, 27, 6.645745452260599e-05
0, 548, 461, 74, 92, 6.621308421017602e-05
0, 376, 498, 16, 25, 6.427276093745604e-05
0, 299, 530, 128, 145, 6.399260018952191e-05
0, 583, 458, 92, 93, 6.358867540257052e-05
0, 1068, 245, 437, 491, 6.352855416480452e-05
0, 331, 189, 31, 17, 6.294433842413127e-05
0, 870, 54, 231, 109, 6.158602627692744e-05
0, 1036, 600, 453, 213, 5.84290646656882e-05
0, 431, 64, 213, 128, 5.819651414640248e-05
0, 213, 519, 47, 61, 5.810800212202594e-05
0, 729, 584, 337, 244, 5.776716716354713e-05
0, 529, 195, 25, 24, 5.7558045227779076e-05
0, 373, 592, 307, 210, 5.6368451623711735e-05
0, 9, 10, 17, 21, 5.592335946857929e-05
0, 476, 457, 100, 96, 5.587943451246247e-05
0, 62, 563, 121, 118, 5.5018816055962816e-05
0, 146, 83, 187, 166, 5.451353354146704e-05
0, 8, 700, 14, 13, 5.426426650956273e-05
0, 632, 244, 46, 60, 5.36538937012665e-05
0, 191, 601, 39, 46, 5.311396307661198e-05
0, 461, 469, 74, 42, 5.2358613174874336e-05
0, 999, 520, 32, 26, 5.2244344260543585e-05
0, 850, 104, 253, 196, 5.140063149156049e-05
0, 823, 194, 24, 39, 5.094712832942605e-05
0, 6, 496, 13, 25, 5.08679477206897e-05
0, 881, 445, 74, 69, 4.951321898261085e-05
0, 368, 552, 36, 34, 4.919848288409412e-05
0, 50, 461, 20, 15, 4.8737907491158694e-05
0, 772, 146, 25, 26, 4.734273534268141e-05
0, 873, 594, 444, 224, 4.651217386708595e-05
0, 1076, 541, 35, 14, 4.6176512114470825e-05
0, 760, 553, 179, 79, 4.551569145405665e-05
0, 278, 473, 107, 36, 4.533742685453035e-05
0, 673, 444, 97, 99, 4.5321521611185744e-05
0, 379, 477, 13, 11, 4.5244440116221085e-05
0, 893, 179, 20, 30, 4.506281402427703e-05
0, 962, 511, 51, 53, 4.5043907448416576e-05
0, 445, 549, 48, 37, 4.434006041265093e-05
0, 796, 141, 85, 101, 4.384143539937213e-05
0, 285, 239, 75, 95, 4.3523137719603255e-05
0, 398, 541, 56, 32, 4.321601227275096e-05
0, 947, 475, 95, 70, 4.278564665582962e-05
0, 528, 202, 19, 18, 4.2590731027303264e-05
0, 933, 171, 18, 21, 4.175451977062039e-05
0, 941, 542, 69, 41, 4.1020422941073775e-05
0, 143, 601, 145, 91, 4.080023427377455e-05
0, 676, 72, 453, 145, 4.042521686642431e-05
0, 349, 495, 67, 41, 3.996851955889724e-05
0, 904, 437, 98, 101, 3.986931187682785e-05
0, 330, 556, 217, 123, 3.97425246774219e-05
0, 865, 467, 62, 67, 3.971047772211023e-05
0, 817, 531, 106, 43, 3.96011455450207e-05
0, 967, 443, 90, 101, 3.894845212926157e-05
0, 345, 566, 91, 50, 3.7659316149074584e-05
0, 540, 576, 240, 261, 3.723901681951247e-05
0, 158, 146, 254, 191, 3.7087051168782637e-05
0, 455, 553, 21, 21, 3.682593160192482e-05
0, 127, 570, 100, 67, 3.6144036130281165e-05
0, 682, 448, 48, 26, 3.59166442649439e-05
0, 30, 533, 57, 78, 3.537645170581527e-05
0, 492, 206, 30, 26, 3.4983764635398984e-05
0, 68, 609, 97, 81, 3.4655826311791316e-05
0, 1161, 569, 14, 24, 3.4645319828996435e-05
0, 457, 517, 85, 67, 3.389062112546526e-05
0, 395, 219, 14, 13, 3.344112337799743e-05
0, 907, 132, 8, 10, 3.278198346379213e-05
0, 642, 451, 95, 93, 3.2682219170965254e-05
0, 921, 504, 102, 73, 3.206979818060063e-05
0, 1152, 511, 14, 13, 3.170389391016215e-05
0, 343, 182, 66, 87, 3.0662926292279735e-05
0, 864, 439, 57, 42, 3.035687404917553e-05
0, 171, 696, 130, 21, 3.0196049920050427e-05
0, 671, 528, 91, 84, 3.0089260690147057e-05
0, 991, 562, 115, 74, 2.990107168443501e-05
0, 1266, 198, 14, 56, 2.9863598683732562e-05
0, 370, 234, 95, 89, 2.9770955734420568e-05
0, 996, 533, 27, 25, 2.9180369892856106e-05
0, 331, 527, 152, 102, 2.916262201324571e-05
0, 845, 429, 83, 98, 2.8840913728345186e-05
0, 476, 533, 103, 72, 2.878129089367576e-05
0, 430, 199, 11, 12, 2.8727245080517605e-05
0, 705, 154, 71, 89, 2.8457003281801008e-05
0, 816, 73, 429, 146, 2.8350741558824666e-05
0, 357, 507, 41, 38, 2.8330661734798923e-05
