0, 230, 304, 299, 208, 0.734988272190094
0, 437, 396, 72, 75, 0.7238388657569885
0, 181, 256, 183, 115, 0.44866347312927246
0, 299, 360, 140, 87, 0.08346619457006454
0, 283, 348, 94, 42, 0.05741032958030701
0, 229, 260, 66, 65, 0.05478411167860031
0, 317, 363, 71, 73, 0.0444982685148716
0, 390, 332, 10, 18, 0.03710129112005234
0, 397, 348, 29, 52, 0.03068639524281025
0, 504, 667, 35, 61, 0.022468548268079758
0, 301, 301, 86, 55, 0.019395481795072556
0, 213, 260, 33, 40, 0.018058910965919495
0, 354, 346, 32, 49, 0.01637987606227398
0, 304, 293, 50, 38, 0.013609002344310284
0, 394, 339, 20, 33, 0.013083825819194317
0, 182, 246, 83, 75, 0.011923114769160748
0, 288, 296, 168, 180, 0.011631859466433525
0, 308, 310, 65, 35, 0.009324850514531136
0, 445, 406, 54, 46, 0.008652779273688793
0, 170, 257, 57, 54, 0.008337962441146374
0, 240, 257, 35, 40, 0.00828287098556757
0, 117, 243, 59, 54, 0.007579812780022621
0, 504, 680, 23, 33, 0.00658331299200654
0, 309, 356, 50, 49, 0.006204161327332258
0, 346, 347, 49, 78, 0.005337640643119812
0, 388, 431, 8, 13, 0.004734128713607788
0, 316, 304, 111, 106, 0.003928954713046551
0, 254, 259, 146, 117, 0.003876224858686328
0, 502, 686, 17, 20, 0.003555971197783947
0, 318, 302, 44, 22, 0.003449804848060012
0, 328, 317, 68, 51, 0.003368858015164733
0, 174, 263, 35, 45, 0.003240335965529084
0, 204, 252, 50, 55, 0.003226726781576872
0, 194, 233, 59, 54, 0.0031812512315809727
0, 502, 413, 12, 18, 0.0024838901590555906
0, 307, 344, 83, 40, 0.002429520944133401
0, 227, 294, 21, 20, 0.0024141508620232344
0, 256, 256, 34, 33, 0.0023500199895352125
0, 339, 318, 45, 38, 0.0022122934460639954
0, 453, 396, 35, 29, 0.0022061392664909363
0, 763, 700, 12, 19, 0.002184956567361951
0, 237, 274, 44, 67, 0.0020552189089357853
0, 203, 228, 41, 29, 0.0020251597743481398
0, 501, 650, 23, 26, 0.0018844159785658121
0, 415, 447, 19, 28, 0.001843822654336691
0, 429, 668, 13, 10, 0.0017365803942084312
0, 257, 345, 50, 34, 0.0016344221075996757
0, 439, 372, 15, 18, 0.0015965384664013982
0, 283, 331, 116, 63, 0.0015262644737958908
0, 325, 364, 51, 37, 0.0015235686441883445
0, 153, 252, 101, 67, 0.0015193622093647718
0, 104, 239, 29, 36, 0.0014462004182860255
0, 473, 606, 16, 13, 0.0013239211402833462
0, 258, 324, 68, 35, 0.0012703018728643656
0, 323, 379, 19, 18, 0.0012446357868611813
0, 265, 257, 20, 28, 0.0012220983626320958
0, 422, 406, 42, 48, 0.0011779088526964188
0, 473, 621, 19, 45, 0.0011588952038437128
0, 772, 809, 158, 186, 0.0011192141100764275
0, 184, 223, 69, 38, 0.0010442053899168968
0, 140, 237, 28, 32, 0.0010377379367128015
0, 772, 66, 158, 133, 0.0010370524832978845
0, 274, 309, 46, 21, 0.0010355320991948247
0, 248, 315, 49, 26, 0.0010035965824499726
0, 141, 265, 20, 11, 0.001000403892248869
0, 296, 284, 35, 37, 0.000983577687293291
0, 257, 310, 39, 22, 0.0009694448672235012
0, 252, 270, 50, 61, 0.0009528628434054554
0, 491, 668, 10, 15, 0.0009231063304468989
0, 446, 387, 48, 48, 0.0009138440946117043
0, 276, 287, 117, 73, 0.0009040370932780206
0, 332, 387, 24, 28, 0.0008689802489243448
0, 385, 735, 77, 67, 0.0008538145921193063
0, 160, 214, 27, 25, 0.0008356589823961258
0, 246, 338, 36, 17, 0.000801735557615757
0, 146, 220, 70, 43, 0.0007942402153275907
0, 651, 832, 135, 140, 0.0007777491118758917
0, 263, 301, 31, 30, 0.0007666989113204181
0, 193, 220, 27, 17, 0.0007661701529286802
0, 232, 237, 25, 27, 0.0007363123586401343
0, 328, 374, 28, 32, 0.0006548523087985814
0, 200, 221, 39, 26, 0.0006454329704865813
0, 245, 318, 34, 19, 0.0006327320588752627
0, 415, 393, 28, 21, 0.0006282634567469358
0, 251, 291, 40, 35, 0.0006052037933841348
0, 375, 425, 37, 29, 0.0005477251252159476
0, 103, 255, 29, 28, 0.0005469350144267082
0, 567, 810, 10, 10, 0.000537729007191956
0, 229, 305, 24, 23, 0.000523549853824079
0, 293, 273, 28, 21, 0.0004990193992853165
0, 409, 751, 26, 30, 0.00048286491073668003
0, 424, 368, 22, 18, 0.00048017705557867885
0, 315, 371, 37, 36, 0.0004695347452070564
0, 158, 223, 26, 32, 0.00046548410318791866
0, 546, 688, 14, 16, 0.00045753942686133087
0, 375, 422, 9, 14, 0.00043325754813849926
0, 381, 427, 20, 24, 0.0004299814172554761
0, 171, 279, 21, 21, 0.00042953345109708607
0, 246, 246, 60, 64, 0.00042464080615900457
0, 365, 420, 6, 11, 0.00041946652345359325
0, 175, 215, 52, 26, 0.00041788481757976115
0, 653, 66, 109, 129, 0.0003933700209017843
0, 113, 227, 35, 24, 0.0003699285734910518
0, 172, 273, 31, 27, 0.00036686434759758413
0, 444, 375, 39, 31, 0.0003616400354076177
0, 426, 376, 36, 29, 0.0003498595906421542
0, 389, 434, 46, 39, 0.00034286893787793815
0, 212, 228, 62, 58, 0.0003284060803707689
0, 341, 388, 23, 27, 0.00032079670927487314
0, 760, 762, 11, 15, 0.0003195333410985768
0, 389, 435, 12, 28, 0.00030574947595596313
0, 143, 260, 24, 24, 0.0002941609709523618
0, 40, 241, 12, 20, 0.00029227175400592387
0, 403, 753, 19, 24, 0.0002839496883098036
0, 48, 179, 22, 36, 0.000282726512523368
0, 348, 855, 11, 11, 0.00027566179051063955
0, 370, 753, 15, 9, 0.0002700200129766017
0, 333, 382, 37, 31, 0.00026587644242681563
0, 353, 412, 12, 6, 0.0002595414989627898
0, 336, 346, 73, 111, 0.0002471972838975489
0, 755, 872, 98, 61, 0.000238764492678456
0, 274, 833, 9, 10, 0.0002339318598387763
0, 300, 286, 63, 63, 0.00023221521405503154
0, 294, 241, 64, 80, 0.00023013536701910198
0, 406, 759, 13, 15, 0.0002257708110846579
0, 3, 149, 6, 102, 0.00021605342044495046
0, 433, 421, 22, 23, 0.0002136170951416716
0, 277, 270, 75, 73, 0.00021269885473884642
0, 414, 381, 27, 35, 0.00021045921312179416
0, 576, 519, 9, 15, 0.00021029674098826945
0, 291, 362, 83, 58, 0.00020927860168740153
0, 377, 452, 84, 73, 0.00020885361300315708
0, 540, 460, 10, 12, 0.0002033860655501485
0, 48, 171, 16, 13, 0.0002007906005019322
0, 272, 275, 54, 39, 0.00019844496273435652
0, 678, 893, 17, 18, 0.00019691560009960085
0, 41, 151, 83, 302, 0.00019374946714378893
0, 793, 387, 10, 11, 0.00018604738579597324
0, 478, 444, 10, 10, 0.00018460194405633956
0, 388, 725, 87, 133, 0.0001739209983497858
0, 788, 346, 11, 8, 0.00017373669834341854
0, 788, 413, 12, 10, 0.0001663661969359964
0, 517, 121, 91, 85, 0.00016418404993601143
0, 401, 441, 45, 43, 0.0001594101486261934
0, 220, 274, 42, 71, 0.00015565250942017883
0, 42, 373, 84, 89, 0.00014878287038300186
0, 652, 888, 111, 29, 0.0001463910739403218
0, 361, 840, 8, 7, 0.0001381212641717866
0, 90, 192, 26, 23, 0.00013671736815012991
0, 422, 442, 37, 39, 0.00013185451098252088
0, 118, 219, 54, 43, 0.0001300656731473282
0, 3, 27, 7, 55, 0.00012954804697073996
0, 219, 206, 70, 79, 0.00012942665489390492
0, 319, 255, 76, 94, 0.0001278379058931023
0, 373, 433, 73, 47, 0.0001262959704035893
0, 28, 194, 56, 67, 0.00012353360943961889
0, 142, 208, 61, 35, 0.00011949244799325243
0, 455, 564, 106, 82, 0.00011861920938827097
0, 427, 664, 17, 11, 0.00011274931603111327
0, 408, 727, 43, 38, 0.00011236045975238085
0, 152, 207, 40, 26, 0.00011225026537431404
0, 142, 272, 52, 39, 0.00011176503903698176
0, 259, 225, 186, 122, 0.0001091880549211055
0, 325, 295, 65, 66, 0.000108906882815063
0, 471, 852, 240, 100, 0.00010822939657373354
0, 254, 164, 170, 76, 0.00010623934940667823
0, 296, 264, 53, 80, 0.0001047850091708824
0, 33, 180, 44, 35, 0.00010304000170435756
0, 37, 259, 75, 339, 0.00010240028495900333
0, 406, 711, 43, 41, 0.0001012791326502338
0, 3, 194, 6, 89, 0.00010001516056945547
0, 700, 23, 10, 12, 9.705171396490186e-05
0, 366, 420, 41, 26, 9.672898158896714e-05
0, 239, 212, 61, 51, 9.666739060776308e-05
0, 726, 774, 10, 10, 9.485201735515147e-05
0, 408, 662, 10, 7, 9.305226558353752e-05
0, 427, 431, 48, 61, 9.117730951402336e-05
0, 345, 319, 53, 67, 8.547063043806702e-05
0, 182, 519, 84, 80, 8.460708340862766e-05
0, 161, 205, 27, 18, 8.391030132770538e-05
0, 744, 498, 14, 16, 8.238866575993598e-05
0, 237, 332, 61, 44, 8.203525794669986e-05
0, 234, 181, 76, 80, 8.157484990078956e-05
0, 655, 615, 8, 10, 8.145630272338167e-05
0, 186, 204, 70, 72, 7.651616760995239e-05
0, 140, 271, 27, 24, 7.576533243991435e-05
0, 411, 315, 68, 76, 7.427039963658899e-05
0, 507, 391, 77, 78, 7.34092463972047e-05
0, 383, 698, 70, 80, 7.316485425690189e-05
0, 672, 807, 73, 82, 7.293879752978683e-05
0, 417, 753, 18, 23, 7.292599912034348e-05
0, 180, 299, 10, 11, 7.247405301313847e-05
0, 170, 861, 229, 82, 7.162676774896681e-05
0, 290, 235, 235, 346, 6.90502201905474e-05
0, 417, 129, 87, 74, 6.770681648049504e-05
0, 506, 464, 19, 13, 6.752337503712624e-05
0, 38, 448, 77, 96, 6.515833956655115e-05
0, 422, 417, 30, 27, 6.486398342531174e-05
0, 150, 190, 15, 10, 6.48014756734483e-05
0, 233, 322, 37, 38, 6.4763669797685e-05
0, 246, 191, 55, 46, 6.461118027800694e-05
0, 251, 207, 46, 33, 6.398058030754328e-05
0, 802, 660, 9, 10, 6.195311289047822e-05
0, 154, 270, 34, 28, 6.18346020928584e-05
0, 440, 888, 15, 10, 6.114741700002924e-05
0, 767, 503, 56, 104, 6.101367762312293e-05
0, 430, 356, 58, 60, 6.036992635927163e-05
0, 401, 702, 23, 19, 6.022462548571639e-05
0, 55, 206, 10, 16, 5.9593112382572144e-05
0, 124, 266, 74, 61, 5.892690023756586e-05
0, 150, 279, 29, 23, 5.887522638658993e-05
0, 747, 435, 10, 11, 5.830616282764822e-05
0, 197, 304, 46, 39, 5.760878775618039e-05
0, 394, 206, 9, 12, 5.752539436798543e-05
0, 547, 639, 109, 112, 5.747319301008247e-05
0, 475, 626, 29, 60, 5.7283708883915097e-05
0, 420, 161, 93, 80, 5.727824827772565e-05
0, 420, 366, 53, 30, 5.68907089473214e-05
0, 611, 302, 97, 88, 5.631300882669166e-05
0, 183, 120, 82, 80, 5.6156150094466284e-05
0, 194, 408, 10, 12, 5.560371573665179e-05
0, 510, 364, 74, 64, 5.5500728194601834e-05
0, 24, 381, 48, 85, 5.5295804486377165e-05
0, 372, 722, 48, 50, 5.5170814448501915e-05
0, 585, 802, 48, 66, 5.464115383801982e-05
0, 13, 221, 27, 125, 5.421574678621255e-05
0, 93, 206, 29, 35, 5.368249912862666e-05
0, 568, 813, 13, 20, 5.361067451303825e-05
0, 10, 155, 21, 111, 5.1645562052726746e-05
0, 481, 379, 67, 71, 5.111234349897131e-05
0, 423, 183, 10, 11, 5.054566281614825e-05
0, 190, 833, 111, 94, 5.034222704125568e-05
0, 155, 285, 148, 144, 5.020180833525956e-05
0, 433, 820, 10, 10, 4.9958198360400274e-05
0, 372, 112, 90, 94, 4.972325768903829e-05
0, 745, 484, 74, 85, 4.8127465561265126e-05
0, 46, 749, 8, 8, 4.7162448026938364e-05
0, 378, 320, 69, 80, 4.7117940994212404e-05
0, 679, 476, 51, 61, 4.709296626970172e-05
0, 182, 446, 86, 88, 4.642266139853746e-05
0, 197, 298, 11, 21, 4.6374341764021665e-05
0, 268, 214, 74, 47, 4.625839937943965e-05
0, 669, 743, 77, 79, 4.568450094666332e-05
0, 123, 174, 9, 7, 4.563003312796354e-05
0, 649, 887, 10, 11, 4.552632526610978e-05
0, 159, 193, 63, 77, 4.5517688704421744e-05
0, 535, 156, 52, 71, 4.502595402300358e-05
0, 425, 304, 60, 58, 4.414913564687595e-05
0, 310, 264, 126, 131, 4.409876783029176e-05
0, 14, 208, 28, 38, 4.406266089063138e-05
0, 336, 32, 170, 65, 4.3670519517036155e-05
0, 106, 870, 212, 65, 4.356150748208165e-05
0, 408, 773, 25, 32, 4.3484636989887804e-05
0, 151, 128, 10, 13, 4.315995465731248e-05
0, 213, 296, 22, 26, 4.255711246514693e-05
0, 112, 742, 45, 60, 4.237722168909386e-05
0, 19, 40, 39, 81, 4.2352294258307666e-05
0, 47, 741, 10, 13, 4.1899431380443275e-05
0, 448, 371, 63, 67, 4.189767423667945e-05
0, 36, 226, 35, 49, 4.179941970505752e-05
0, 437, 371, 55, 47, 4.177857772447169e-05
0, 83, 68, 166, 137, 4.101666854694486e-05
0, 43, 401, 86, 354, 4.0823157178238034e-05
0, 205, 390, 90, 63, 4.07606057706289e-05
0, 521, 34, 159, 69, 4.0713715861784294e-05
0, 414, 576, 86, 90, 4.066633846377954e-05
0, 409, 705, 21, 17, 4.0628041460877284e-05
0, 111, 193, 71, 56, 3.974976425524801e-05
0, 183, 294, 38, 31, 3.973600541939959e-05
0, 181, 572, 96, 101, 3.959925743401982e-05
0, 631, 291, 70, 67, 3.949882011511363e-05
0, 3, 105, 6, 98, 3.895343252224848e-05
0, 406, 671, 20, 21, 3.8904836401343346e-05
0, 663, 97, 47, 58, 3.88334046874661e-05
0, 655, 436, 94, 91, 3.848879714496434e-05
0, 571, 60, 112, 121, 3.8466194382635877e-05
0, 515, 665, 59, 78, 3.8350524846464396e-05
0, 166, 210, 41, 29, 3.800911144935526e-05
0, 482, 443, 17, 11, 3.7857971619814634e-05
0, 610, 353, 77, 67, 3.78376898879651e-05
0, 427, 337, 74, 81, 3.774607466766611e-05
0, 44, 482, 88, 85, 3.773506250581704e-05
0, 134, 551, 94, 76, 3.673925675684586e-05
0, 90, 518, 80, 69, 3.6144585465081036e-05
0, 406, 372, 38, 70, 3.610225030570291e-05
0, 224, 618, 91, 82, 3.573652065824717e-05
0, 83, 191, 37, 45, 3.572946661734022e-05
0, 470, 570, 89, 38, 3.56556374754291e-05
0, 397, 751, 38, 44, 3.564992584870197e-05
0, 229, 119, 96, 90, 3.5614179068943486e-05
0, 461, 356, 78, 74, 3.5607150493888184e-05
0, 46, 204, 21, 22, 3.537058364599943e-05
0, 187, 173, 75, 90, 3.5300727176945657e-05
0, 477, 439, 15, 21, 3.497645593597554e-05
0, 416, 512, 76, 82, 3.482332613202743e-05
0, 3, 881, 7, 42, 3.47375898854807e-05
0, 181, 489, 91, 76, 3.4546737879281864e-05
0, 343, 240, 45, 60, 3.450920121395029e-05
0, 157, 203, 52, 45, 3.4383028832962736e-05
0, 662, 76, 49, 59, 3.430455399211496e-05
