0, 266, 532, 34, 44, 0.4802014231681824
0, 314, 580, 42, 21, 0.4784596860408783
0, 290, 557, 25, 36, 0.3747747838497162
0, 543, 661, 122, 93, 0.34467312693595886
0, 711, 748, 76, 47, 0.3021814227104187
0, 270, 520, 25, 21, 0.29014116525650024
0, 438, 628, 27, 17, 0.2747817933559418
0, 170, 405, 21, 28, 0.24622459709644318
0, 625, 711, 33, 35, 0.23095674812793732
0, 209, 416, 24, 25, 0.22634395956993103
0, 357, 561, 12, 13, 0.2237946093082428
0, 512, 661, 52, 56, 0.22121135890483856
0, 220, 449, 51, 52, 0.21208308637142181
0, 735, 804, 51, 45, 0.21127387881278992
0, 582, 642, 39, 31, 0.20613433420658112
0, 669, 673, 58, 56, 0.2048434019088745
0, 446, 665, 24, 17, 0.19242803752422333
0, 497, 644, 21, 22, 0.18501707911491394
0, 725, 796, 29, 25, 0.15618348121643066
0, 481, 619, 15, 13, 0.15434396266937256
0, 208, 448, 26, 34, 0.10651560872793198
0, 389, 591, 19, 11, 0.10418372601270676
0, 277, 538, 17, 21, 0.1016942709684372
0, 565, 690, 35, 31, 0.09648700803518295
0, 518, 650, 28, 29, 0.08413850516080856
0, 268, 484, 38, 33, 0.08119267970323563
0, 522, 615, 13, 13, 0.07100676745176315
0, 220, 476, 43, 53, 0.06710174679756165
0, 360, 601, 31, 15, 0.0658734068274498
0, 461, 614, 13, 15, 0.0650343969464302
0, 554, 630, 23, 20, 0.058322031050920486
0, 713, 679, 31, 21, 0.055981677025556564
0, 393, 630, 17, 29, 0.052461232990026474
0, 227, 456, 38, 29, 0.050671931356191635
0, 358, 596, 35, 20, 0.05048401281237602
0, 532, 689, 15, 29, 0.045717354863882065
0, 222, 490, 23, 23, 0.04529153183102608
0, 572, 666, 68, 79, 0.04504590108990669
0, 411, 591, 18, 14, 0.04319841042160988
0, 400, 592, 42, 16, 0.039786387234926224
0, 572, 642, 61, 46, 0.03700411319732666
0, 701, 753, 38, 28, 0.03637705743312836
0, 210, 436, 31, 59, 0.03144923970103264
0, 278, 541, 40, 64, 0.030864058062434196
0, 275, 490, 22, 22, 0.03065412864089012
0, 529, 679, 23, 49, 0.028591260313987732
0, 731, 751, 33, 23, 0.02853672206401825
0, 156, 384, 14, 18, 0.024990297853946686
0, 485, 620, 25, 16, 0.024818990379571915
0, 311, 539, 13, 13, 0.024215558543801308
0, 205, 481, 13, 23, 0.023683946579694748
0, 210, 406, 23, 31, 0.02294435165822506
0, 663, 662, 40, 34, 0.021901825442910194
0, 231, 525, 12, 23, 0.021892189979553223
0, 374, 560, 9, 10, 0.0199046079069376
0, 322, 558, 28, 19, 0.019765447825193405
0, 689, 738, 26, 21, 0.019601816311478615
0, 262, 477, 29, 28, 0.018842656165361404
0, 554, 640, 28, 35, 0.01854531466960907
0, 549, 689, 32, 32, 0.01849457062780857
0, 230, 514, 9, 12, 0.01748117245733738
0, 674, 675, 112, 74, 0.01698494330048561
0, 197, 369, 17, 16, 0.014732226729393005
0, 221, 459, 66, 104, 0.014452362433075905
0, 497, 590, 12, 10, 0.014050005935132504
0, 298, 555, 48, 48, 0.013065551407635212
0, 714, 769, 13, 16, 0.012175238691270351
0, 747, 732, 18, 14, 0.012050067074596882
0, 175, 424, 19, 19, 0.011539800092577934
0, 544, 651, 34, 31, 0.011415007524192333
0, 688, 746, 42, 37, 0.011072363704442978
0, 692, 680, 72, 38, 0.008809510618448257
0, 714, 759, 57, 37, 0.008115376345813274
0, 548, 668, 39, 54, 0.00753067247569561
0, 242, 467, 94, 73, 0.007469995878636837
0, 197, 371, 10, 13, 0.007135552819818258
0, 494, 674, 17, 26, 0.006722234655171633
0, 672, 685, 42, 30, 0.0057299393229186535
0, 677, 746, 33, 30, 0.005521420389413834
0, 247, 525, 44, 44, 0.005258230026811361
0, 360, 604, 32, 30, 0.005145124159753323
0, 334, 590, 90, 44, 0.00507586682215333
0, 454, 605, 7, 18, 0.004839644301682711
0, 167, 355, 16, 25, 0.004674757365137339
0, 437, 623, 36, 31, 0.004498847760260105
0, 511, 642, 48, 58, 0.004403761588037014
0, 249, 491, 74, 159, 0.004320565145462751
0, 302, 529, 24, 24, 0.004286888521164656
0, 306, 565, 67, 57, 0.004155643749982119
0, 553, 702, 16, 15, 0.004130281042307615
0, 164, 367, 18, 46, 0.0036392100155353546
0, 238, 499, 16, 19, 0.0033414755016565323
0, 720, 720, 15, 11, 0.003314236644655466
0, 504, 621, 45, 23, 0.003183519933372736
0, 631, 686, 58, 83, 0.0031770607456564903
0, 184, 419, 15, 22, 0.0030764066614210606
0, 165, 400, 35, 57, 0.0028585910331457853
0, 388, 630, 32, 33, 0.0025538208428770304
0, 548, 628, 34, 30, 0.0025409539230167866
0, 237, 439, 20, 22, 0.002518273191526532
0, 533, 642, 47, 47, 0.0024740537628531456
0, 652, 689, 85, 68, 0.0024023125879466534
0, 644, 657, 30, 28, 0.002399437827989459
0, 611, 674, 21, 29, 0.0023416057229042053
0, 689, 715, 107, 108, 0.002309992676600814
0, 202, 462, 30, 30, 0.00222101341933012
0, 331, 538, 12, 13, 0.0021525155752897263
0, 234, 470, 58, 40, 0.001855845912359655
0, 369, 611, 19, 17, 0.001848953077569604
0, 503, 643, 33, 33, 0.001689121825620532
0, 230, 501, 47, 64, 0.001604112097993493
0, 726, 726, 37, 26, 0.001578455208800733
0, 737, 729, 41, 24, 0.0015311591560021043
0, 545, 699, 27, 24, 0.001452033524401486
0, 726, 777, 58, 70, 0.001371327438391745
0, 219, 187, 439, 375, 0.0012829412007704377
0, 487, 670, 30, 33, 0.0012707846472039819
0, 304, 534, 50, 35, 0.0011099698022007942
0, 585, 729, 17, 14, 0.0011015702039003372
0, 412, 583, 20, 26, 0.00105885392986238
0, 194, 433, 61, 89, 0.0009821815183386207
0, 461, 622, 24, 27, 0.0009378551039844751
0, 745, 810, 33, 39, 0.0008693384006619453
0, 363, 569, 25, 29, 0.0008310841512866318
0, 214, 414, 35, 40, 0.0008115156088024378
0, 455, 594, 8, 11, 0.0007244166336022317
0, 411, 623, 31, 25, 0.000716215989086777
0, 360, 630, 16, 15, 0.0006703473045490682
0, 629, 667, 46, 45, 0.0006609552656300366
0, 638, 649, 16, 18, 0.0006585100782103837
0, 292, 543, 91, 66, 0.0006430558860301971
0, 666, 691, 59, 45, 0.0006053962279111147
0, 686, 756, 58, 46, 0.0005554910749197006
0, 588, 655, 56, 62, 0.0005497827660292387
0, 606, 678, 269, 120, 0.0005462295957840979
0, 722, 800, 42, 36, 0.0005408625584095716
0, 400, 582, 49, 33, 0.0005188565701246262
0, 392, 581, 28, 28, 0.0005136119434610009
0, 177, 411, 38, 45, 0.0004963355604559183
0, 283, 526, 61, 41, 0.0004896955797448754
0, 579, 693, 57, 78, 0.000474590458907187
0, 712, 761, 108, 116, 0.00044472573790699244
0, 410, 591, 37, 24, 0.00042715086601674557
0, 397, 636, 37, 45, 0.00041891305590979755
0, 313, 570, 46, 39, 0.000404509250074625
0, 414, 611, 73, 54, 0.00039214923162944615
0, 444, 635, 42, 32, 0.00037830614019185305
0, 330, 609, 36, 26, 0.000374745752196759
0, 140, 382, 10, 16, 0.00037301320116966963
0, 707, 731, 65, 39, 0.00035614630905911326
0, 230, 2, 105, 4, 0.00035157095408067107
0, 427, 657, 67, 42, 0.00033949868520721793
0, 705, 706, 19, 14, 0.0003319561365060508
0, 372, 557, 14, 14, 0.0003046405909117311
0, 20, 2, 40, 4, 0.0002917976235039532
0, 681, 735, 38, 34, 0.0002753867593128234
0, 669, 747, 66, 45, 0.0002617222780827433
0, 271, 511, 62, 76, 0.0002614339755382389
0, 980, 182, 6, 8, 0.00025395172997377813
0, 717, 714, 32, 19, 0.0002530229394324124
0, 663, 729, 44, 36, 0.0002526006137486547
0, 428, 625, 39, 25, 0.0002484583528712392
0, 150, 1, 109, 3, 0.0002482227573636919
0, 172, 348, 15, 22, 0.0002470299950800836
0, 717, 691, 30, 25, 0.0002372345916228369
0, 639, 742, 11, 18, 0.0002324194210814312
0, 169, 382, 23, 53, 0.0002313680888619274
0, 718, 723, 82, 69, 0.00021825183648616076
0, 539, 690, 29, 40, 0.00021736424241680652
0, 454, 1, 106, 3, 0.00019756988331209868
0, 413, 1, 102, 3, 0.00019429225358180702
0, 494, 1, 101, 3, 0.00019191451428923756
0, 316, 588, 50, 36, 0.0001890263956738636
0, 41, 2, 83, 4, 0.0001842337369453162
0, 464, 670, 63, 30, 0.00018234156596008688
0, 599, 669, 125, 91, 0.00018166580412071198
0, 372, 637, 36, 21, 0.00018154059944208711
0, 724, 711, 38, 39, 0.00017945130821317434
0, 651, 1, 106, 3, 0.00017473549814894795
0, 571, 1, 107, 3, 0.0001731732045300305
0, 89, 395, 176, 235, 0.00017133710207417607
0, 695, 955, 434, 159, 0.00016835069982334971
0, 754, 699, 10, 15, 0.0001672840298851952
0, 380, 570, 27, 20, 0.00016290282655972987
0, 756, 1, 100, 3, 0.00016119590145535767
0, 717, 794, 66, 46, 0.00016015989240258932
0, 203, 461, 59, 59, 0.0001597025548107922
0, 622, 645, 21, 31, 0.00015640875790268183
0, 98, 958, 196, 152, 0.00015541122411377728
0, 441, 659, 35, 30, 0.00015386403538286686
0, 438, 612, 33, 35, 0.0001499700447311625
0, 612, 1, 101, 3, 0.0001471594296162948
0, 192, 1, 100, 3, 0.00014631111116614193
0, 269, 1, 101, 3, 0.00014615606050938368
0, 705, 671, 55, 44, 0.00014556897804141045
0, 704, 1, 99, 3, 0.00014448107685893774
0, 351, 619, 59, 40, 0.0001427350362064317
0, 152, 389, 34, 41, 0.0001367455261060968
0, 875, 1, 106, 3, 0.00013653015776071697
0, 558, 640, 104, 74, 0.0001313619432039559
0, 111, 1, 104, 3, 0.00012819678522646427
0, 51, 404, 100, 428, 0.00012548017548397183
0, 568, 616, 82, 79, 0.0001230329362442717
0, 324, 1, 99, 3, 0.00012244482059031725
0, 576, 714, 32, 39, 0.0001184621942229569
0, 242, 24, 142, 49, 0.00011711863771779463
0, 361, 1, 107, 3, 0.0001165000066976063
0, 252, 32, 13, 16, 0.00011377152986824512
0, 796, 1, 102, 3, 0.00011262219777563587
0, 533, 1, 95, 3, 0.00011191242083441466
0, 359, 559, 18, 20, 0.00011181833542650566
0, 835, 1, 104, 3, 0.00011093905777670443
0, 406, 617, 51, 33, 0.00010925107199000195
0, 327, 615, 20, 13, 0.00010917431063717231
0, 650, 740, 36, 41, 0.00010789563384605572
0, 546, 54, 16, 18, 0.00010650440526660532
0, 31, 1029, 62, 10, 0.00010570318409008905
0, 623, 634, 8, 15, 0.00010182957339566201
0, 538, 615, 75, 65, 0.00010151844617212191
0, 73, 1, 107, 3, 0.00010124495747731999
0, 1025, 2, 51, 5, 9.552251867717132e-05
0, 996, 2, 106, 4, 9.527217480354011e-05
0, 476, 614, 35, 30, 9.506879723630846e-05
0, 101, 98, 203, 196, 9.39288001973182e-05
0, 953, 1, 102, 3, 9.352936467621475e-05
0, 388, 618, 41, 34, 9.016415424412116e-05
0, 983, 926, 137, 217, 8.856155182002112e-05
0, 261, 544, 52, 64, 8.782015356700867e-05
0, 411, 648, 15, 24, 8.484873251290992e-05
0, 202, 398, 45, 70, 8.477400842821226e-05
0, 482, 606, 50, 42, 8.414949115831405e-05
0, 55, 1002, 106, 64, 8.347525727003813e-05
0, 51, 548, 99, 390, 8.301730122184381e-05
0, 613, 707, 64, 56, 7.952120358822867e-05
0, 483, 672, 82, 55, 7.927951810415834e-05
0, 632, 725, 66, 55, 7.853421266190708e-05
0, 432, 592, 40, 26, 7.734255632385612e-05
0, 65, 29, 130, 58, 7.678134716115892e-05
0, 914, 1, 102, 3, 7.662218558834866e-05
0, 543, 59, 22, 22, 7.613143679918721e-05
0, 70, 204, 141, 409, 7.495014870073646e-05
0, 240, 463, 117, 149, 7.396062574116513e-05
0, 730, 701, 56, 53, 7.336131238844246e-05
0, 211, 95, 51, 62, 7.157282379921526e-05
0, 599, 907, 407, 255, 7.049613486742601e-05
0, 200, 1000, 9, 8, 6.85948834870942e-05
0, 504, 676, 59, 46, 6.823156581958756e-05
0, 409, 575, 25, 26, 6.747072620783001e-05
0, 823, 897, 457, 275, 6.66072519379668e-05
0, 497, 628, 46, 43, 6.63296232232824e-05
0, 860, 238, 118, 104, 5.918692113482393e-05
0, 326, 78, 98, 91, 5.858634176547639e-05
0, 221, 6, 265, 12, 5.827703353133984e-05
0, 745, 752, 53, 30, 5.6948305427795276e-05
0, 285, 402, 205, 230, 5.665347634931095e-05
0, 457, 603, 26, 35, 5.552470975089818e-05
0, 107, 1000, 115, 68, 5.4985142924124375e-05
0, 534, 73, 16, 18, 5.485112706082873e-05
0, 281, 487, 66, 49, 5.483930726768449e-05
0, 985, 19, 133, 38, 5.306581442710012e-05
0, 675, 693, 172, 139, 5.24827373737935e-05
0, 335, 552, 79, 44, 5.113510997034609e-05
0, 372, 624, 48, 35, 4.962780440109782e-05
0, 529, 58, 67, 59, 4.885778253083117e-05
0, 491, 998, 113, 72, 4.81739807582926e-05
0, 406, 947, 444, 174, 4.813655687030405e-05
0, 194, 365, 20, 28, 4.7779052692931145e-05
0, 962, 8, 178, 17, 4.740851727547124e-05
0, 624, 649, 55, 47, 4.696497126133181e-05
0, 610, 7, 311, 15, 4.67589998152107e-05
0, 708, 240, 115, 107, 4.588342198985629e-05
0, 515, 614, 32, 28, 4.570764212985523e-05
0, 900, 396, 302, 413, 4.515637920121662e-05
0, 292, 1000, 124, 69, 4.514414831646718e-05
0, 537, 67, 30, 29, 4.400781472213566e-05
0, 930, 422, 8, 19, 4.386715590953827e-05
0, 1020, 1033, 63, 2, 4.328340583015233e-05
0, 930, 459, 12, 51, 4.2176729039056227e-05
0, 139, 224, 100, 76, 4.179937968729064e-05
0, 560, 216, 483, 433, 4.136631469009444e-05
0, 699, 661, 80, 62, 4.111570888198912e-05
0, 417, 579, 24, 23, 4.092118251719512e-05
0, 451, 7, 291, 14, 4.085217005922459e-05
0, 288, 937, 100, 82, 4.037154940306209e-05
0, 704, 776, 83, 62, 4.037151302327402e-05
0, 144, 7, 288, 15, 4.012666977359913e-05
0, 458, 641, 50, 32, 4.008363976026885e-05
0, 78, 10, 157, 21, 3.980681867687963e-05
0, 363, 1002, 104, 65, 3.9747792470734566e-05
0, 332, 877, 93, 91, 3.913457112503238e-05
0, 639, 649, 69, 63, 3.850083885481581e-05
0, 428, 156, 104, 82, 3.832339643849991e-05
0, 663, 240, 116, 107, 3.76595307898242e-05
0, 346, 7, 273, 14, 3.629452839959413e-05
0, 336, 363, 101, 86, 3.615268724388443e-05
0, 449, 164, 62, 61, 3.6136731068836525e-05
0, 814, 171, 111, 95, 3.6072960938327014e-05
0, 956, 353, 100, 72, 3.5644214221974835e-05
0, 196, 73, 73, 82, 3.5102199035463855e-05
0, 361, 632, 74, 36, 3.508904774207622e-05
