0, 416, 787, 33, 23, 0.30798962712287903
0, 1474, 627, 25, 24, 0.27646756172180176
0, 1597, 724, 71, 46, 0.22102871537208557
0, 409, 1455, 37, 28, 0.20336022973060608
0, 1442, 595, 35, 30, 0.1970124989748001
0, 899, 1660, 41, 25, 0.19462308287620544
0, 858, 1691, 22, 28, 0.1696276217699051
0, 176, 888, 26, 23, 0.16194583475589752
0, 290, 1130, 68, 33, 0.15749871730804443
0, 1515, 649, 24, 44, 0.1522943079471588
0, 1171, 362, 27, 22, 0.14807693660259247
0, 564, 536, 21, 31, 0.13648031651973724
0, 391, 1356, 53, 44, 0.12798263132572174
0, 425, 894, 60, 63, 0.12707266211509705
0, 652, 511, 50, 47, 0.12536002695560455
0, 429, 1022, 23, 28, 0.12483985722064972
0, 797, 1565, 19, 22, 0.12156768888235092
0, 1581, 715, 35, 29, 0.11780264973640442
0, 442, 902, 27, 44, 0.11002674698829651
0, 1162, 408, 32, 29, 0.10007728636264801
0, 480, 712, 34, 46, 0.09390471875667572
0, 419, 887, 41, 42, 0.09065448492765427
0, 1457, 596, 57, 35, 0.07967673987150192
0, 1258, 1600, 42, 67, 0.0749206691980362
0, 713, 1443, 34, 48, 0.07460678368806839
0, 591, 476, 35, 41, 0.07125663757324219
0, 420, 1433, 31, 28, 0.06509500741958618
0, 646, 1748, 28, 27, 0.06482516974210739
0, 1446, 621, 60, 49, 0.06464152038097382
0, 1427, 597, 35, 28, 0.06231079250574112
0, 322, 1293, 49, 32, 0.05432836338877678
0, 689, 1854, 43, 28, 0.05294599384069443
0, 475, 977, 18, 38, 0.05111170932650566
0, 752, 1532, 28, 26, 0.05056849122047424
0, 613, 1242, 28, 25, 0.05012229084968567
0, 610, 468, 28, 36, 0.04836438223719597
0, 1622, 727, 66, 37, 0.044552095234394073
0, 405, 953, 19, 39, 0.044198811054229736
0, 193, 970, 24, 27, 0.04396091774106026
0, 686, 1379, 28, 23, 0.043920863419771194
0, 645, 1804, 23, 19, 0.04380026087164879
0, 550, 554, 38, 62, 0.04283163696527481
0, 1496, 660, 58, 35, 0.04276549071073532
0, 300, 1089, 33, 31, 0.041044630110263824
0, 207, 968, 20, 21, 0.04079272970557213
0, 1161, 365, 39, 26, 0.04045640304684639
0, 270, 1181, 23, 36, 0.03783020004630089
0, 771, 1563, 37, 28, 0.03776143118739128
0, 501, 668, 41, 34, 0.03668275848031044
0, 654, 1765, 40, 34, 0.03537929430603981
0, 503, 582, 23, 27, 0.03324184566736221
0, 1491, 670, 46, 33, 0.03286134824156761
0, 929, 1693, 21, 24, 0.03167281672358513
0, 454, 1503, 30, 24, 0.031289853155612946
0, 411, 1445, 45, 51, 0.03086540289223194
0, 295, 1150, 52, 40, 0.02945396862924099
0, 584, 1722, 15, 19, 0.029325012117624283
0, 1448, 617, 87, 72, 0.029181521385908127
0, 203, 987, 28, 52, 0.0289873406291008
0, 1552, 677, 21, 29, 0.028357189148664474
0, 515, 520, 32, 37, 0.025862138718366623
0, 301, 1103, 44, 13, 0.02530590444803238
0, 509, 1588, 35, 15, 0.024990681558847427
0, 217, 899, 24, 26, 0.023677214980125427
0, 346, 1235, 33, 28, 0.022521279752254486
0, 885, 1640, 27, 26, 0.02192656882107258
0, 310, 1205, 31, 24, 0.02101469226181507
0, 615, 537, 30, 31, 0.02087700180709362
0, 514, 1563, 33, 22, 0.02017710730433464
0, 190, 802, 20, 40, 0.019427217543125153
0, 621, 524, 47, 51, 0.01913684420287609
0, 400, 830, 39, 30, 0.01913141831755638
0, 909, 1678, 59, 50, 0.018498294055461884
0, 761, 1548, 43, 54, 0.018075792118906975
0, 787, 1562, 32, 37, 0.018043912947177887
0, 716, 1478, 24, 36, 0.017727918922901154
0, 244, 1077, 25, 26, 0.017614858224987984
0, 270, 1165, 39, 32, 0.01718478463590145
0, 637, 1297, 35, 29, 0.016730915755033493
0, 435, 1507, 29, 29, 0.016618244349956512
0, 264, 1081, 48, 36, 0.01618628017604351
0, 470, 982, 16, 47, 0.014559484086930752
0, 826, 1632, 19, 26, 0.013934381306171417
0, 662, 1327, 34, 31, 0.013745946809649467
0, 269, 1029, 22, 25, 0.013715055771172047
0, 414, 770, 42, 61, 0.012708544731140137
0, 1509, 659, 36, 53, 0.012687896378338337
0, 308, 1199, 22, 21, 0.012610157020390034
0, 600, 492, 54, 68, 0.012469197623431683
0, 1165, 447, 22, 28, 0.012167763896286488
0, 1481, 643, 46, 59, 0.011707185767591
0, 516, 1572, 22, 19, 0.01122679840773344
0, 637, 520, 58, 61, 0.011095658876001835
0, 632, 1302, 23, 24, 0.011018173769116402
0, 488, 1158, 28, 27, 0.010488344356417656
0, 213, 951, 21, 27, 0.010064015164971352
0, 501, 1026, 16, 16, 0.009728365577757359
0, 498, 1158, 24, 24, 0.009711026214063168
0, 1564, 679, 41, 34, 0.00967961922287941
0, 1704, 791, 22, 18, 0.009651397354900837
0, 583, 1771, 15, 15, 0.009472348727285862
0, 292, 1094, 58, 24, 0.009232358075678349
0, 693, 1907, 17, 27, 0.009223190136253834
0, 900, 1651, 55, 47, 0.009201055392622948
0, 354, 403, 709, 806, 0.00919478852301836
0, 339, 1212, 55, 35, 0.009194006212055683
0, 341, 1197, 35, 30, 0.00917612761259079
0, 1788, 889, 60, 29, 0.009162957780063152
0, 869, 1688, 45, 33, 0.008677626959979534
0, 1191, 414, 25, 30, 0.008223822340369225
0, 363, 1236, 41, 30, 0.008138530887663364
0, 428, 634, 14, 20, 0.008095307275652885
0, 829, 1608, 22, 40, 0.007917112670838833
0, 579, 1730, 21, 24, 0.007752018515020609
0, 422, 1028, 29, 28, 0.007355432491749525
0, 418, 954, 48, 62, 0.007149663753807545
0, 383, 1297, 34, 29, 0.00706617021933198
0, 1670, 814, 27, 21, 0.006767167244106531
0, 652, 1807, 36, 26, 0.006744328420609236
0, 534, 552, 57, 73, 0.006679031066596508
0, 295, 1191, 24, 29, 0.006426574196666479
0, 416, 977, 43, 76, 0.006275436840951443
0, 1634, 756, 42, 29, 0.0061201294884085655
0, 603, 515, 86, 73, 0.006070041097700596
0, 231, 945, 32, 21, 0.005497949663549662
0, 1572, 167, 42, 20, 0.005491266027092934
0, 400, 741, 26, 34, 0.005438991356641054
0, 648, 1815, 27, 29, 0.005335438530892134
0, 1753, 843, 16, 18, 0.005234412848949432
0, 619, 1251, 31, 25, 0.005097290966659784
0, 717, 1429, 43, 45, 0.004881512839347124
0, 722, 1904, 18, 35, 0.004745668265968561
0, 1664, 809, 29, 25, 0.004544478375464678
0, 655, 1823, 32, 21, 0.004543076269328594
0, 290, 1243, 25, 30, 0.00447698961943388
0, 679, 1364, 28, 32, 0.004396832548081875
0, 539, 1190, 23, 16, 0.004391821566969156
0, 205, 1052, 28, 35, 0.004348044749349356
0, 533, 1716, 15, 22, 0.004315917380154133
0, 1704, 842, 22, 18, 0.004251755774021149
0, 1402, 607, 35, 43, 0.004248972982168198
0, 1469, 635, 116, 109, 0.004216254223138094
0, 1164, 400, 46, 43, 0.004093054216355085
0, 767, 1578, 33, 35, 0.003955969121307135
0, 279, 1032, 34, 33, 0.003907493315637112
0, 680, 1373, 40, 31, 0.0038412681315094233
0, 1642, 762, 29, 21, 0.0038170514162629843
0, 853, 551, 27, 37, 0.003735617035999894
0, 225, 903, 39, 33, 0.0036371389869600534
0, 270, 1053, 37, 45, 0.003598186420276761
0, 779, 1552, 57, 53, 0.003567839739844203
0, 351, 1224, 65, 41, 0.003526480169966817
0, 1705, 805, 23, 27, 0.003478077007457614
0, 828, 1597, 18, 26, 0.0034771913196891546
0, 1591, 152, 31, 22, 0.0032982954289764166
0, 856, 1632, 19, 28, 0.0031920778565108776
0, 398, 1400, 26, 17, 0.0031870370730757713
0, 499, 1079, 21, 19, 0.0031468437518924475
0, 594, 520, 48, 61, 0.003145177848637104
0, 373, 1264, 19, 14, 0.0031363889575004578
0, 165, 844, 25, 26, 0.0029907424468547106
0, 960, 120, 376, 240, 0.002942869905382395
0, 1591, 711, 135, 86, 0.002854482503607869
0, 566, 502, 144, 105, 0.0028061901684850454
0, 1558, 167, 46, 22, 0.0027561932802200317
0, 520, 516, 45, 58, 0.002740369876846671
0, 1613, 733, 93, 69, 0.0027198868338018656
0, 513, 539, 29, 39, 0.002655352931469679
0, 1157, 448, 29, 38, 0.002634344855323434
0, 282, 1136, 93, 55, 0.0025800021830946207
0, 667, 1310, 42, 36, 0.002567159477621317
0, 223, 1064, 52, 45, 0.002472832566127181
0, 384, 1313, 37, 24, 0.002432886278256774
0, 442, 1435, 54, 35, 0.002420285018160939
0, 575, 533, 46, 44, 0.002341772662475705
0, 1587, 167, 48, 24, 0.0023107831366360188
0, 189, 891, 39, 39, 0.002234706887975335
0, 506, 1546, 43, 43, 0.002197558293119073
0, 180, 840, 25, 39, 0.0021312686149030924
0, 765, 1569, 49, 61, 0.0021162391640245914
0, 751, 1525, 36, 46, 0.0021092782262712717
0, 426, 705, 18, 32, 0.002061595441773534
0, 585, 1735, 17, 37, 0.002053601900115609
0, 651, 1319, 47, 39, 0.0020365433301776648
0, 555, 1613, 31, 36, 0.00202652788721025
0, 239, 1068, 36, 48, 0.0019225019495934248
0, 1192, 437, 22, 30, 0.0019170219311490655
0, 736, 1444, 26, 36, 0.0018325207056477666
0, 656, 1304, 38, 42, 0.0018099533626809716
0, 527, 1536, 21, 24, 0.0017972274217754602
0, 252, 1164, 36, 49, 0.0017810455756261945
0, 677, 1325, 38, 35, 0.0017661317251622677
0, 1424, 615, 80, 57, 0.0017006956040859222
0, 1761, 869, 29, 17, 0.001677290303632617
0, 1182, 572, 30, 31, 0.0016664776485413313
0, 429, 1516, 19, 43, 0.0016380660235881805
0, 260, 975, 24, 25, 0.0016091236611828208
0, 284, 1057, 63, 73, 0.0015722607495263219
0, 205, 1034, 27, 31, 0.001562842633575201
0, 1167, 494, 19, 21, 0.0015384334838017821
0, 312, 1156, 75, 30, 0.0015246274415403605
0, 1580, 688, 54, 34, 0.001519763027317822
0, 609, 567, 22, 25, 0.0015139897586777806
0, 1451, 597, 87, 55, 0.0015139312017709017
0, 1648, 787, 23, 20, 0.0014179716818034649
0, 1469, 123, 31, 24, 0.0013605088461190462
0, 336, 1266, 54, 25, 0.0013530427822843194
0, 466, 734, 38, 42, 0.0013520842185243964
0, 634, 495, 76, 83, 0.0013449839316308498
0, 130, 874, 13, 21, 0.0013421080075204372
0, 838, 1627, 28, 26, 0.0013194819912314415
0, 1494, 138, 22, 20, 0.0013124457327648997
0, 692, 1859, 64, 63, 0.0013044712832197547
0, 699, 1919, 26, 48, 0.0012900204164907336
0, 1522, 662, 38, 44, 0.0012845367891713977
0, 334, 1213, 92, 76, 0.0012571555562317371
0, 539, 1621, 41, 44, 0.0012372591299936175
0, 1173, 516, 30, 26, 0.001233984250575304
0, 736, 1473, 32, 46, 0.001223064842633903
0, 1189, 399, 29, 37, 0.0011777759063988924
0, 327, 1283, 63, 51, 0.0011552859796211123
0, 229, 969, 50, 40, 0.0011381328804418445
0, 561, 1630, 74, 74, 0.0011314383009448647
0, 291, 1256, 22, 29, 0.001126295537687838
0, 486, 1570, 53, 21, 0.0011218249564990401
0, 677, 1359, 41, 54, 0.0011179401772096753
0, 656, 1334, 45, 40, 0.0011042383266612887
0, 409, 824, 44, 36, 0.0011011689202859998
0, 271, 1096, 77, 35, 0.00109386898111552
0, 497, 1557, 66, 39, 0.0010853672865778208
0, 471, 1436, 24, 35, 0.0010807423386722803
0, 1738, 843, 19, 20, 0.0010772916721180081
0, 532, 1634, 27, 39, 0.0010637048399075866
0, 641, 527, 86, 84, 0.0010195664362981915
0, 689, 1389, 33, 28, 0.0010193604975938797
0, 904, 1720, 39, 19, 0.0009999374160543084
0, 190, 1031, 16, 32, 0.000968115171417594
0, 1495, 126, 22, 21, 0.0009390505729243159
0, 1168, 486, 30, 71, 0.0009246758418157697
0, 846, 502, 22, 31, 0.0009156648302450776
0, 271, 1237, 23, 30, 0.0009064016630873084
0, 454, 1518, 34, 49, 0.0008779624477028847
0, 575, 569, 40, 37, 0.0008755378075875342
0, 345, 1311, 46, 24, 0.0008687513181939721
0, 488, 1028, 26, 19, 0.0008641304448246956
0, 572, 1201, 18, 20, 0.0008608337957412004
0, 830, 491, 21, 33, 0.000853275356348604
0, 272, 1044, 54, 46, 0.0008521914132870734
0, 851, 526, 24, 31, 0.0008501208503730595
0, 706, 1890, 39, 50, 0.0008471967303194106
0, 487, 1536, 39, 28, 0.0008460701792500913
0, 831, 468, 21, 18, 0.000832520832773298
0, 572, 1722, 37, 29, 0.0008248546510003507
0, 560, 1666, 25, 28, 0.0008171440567821264
0, 164, 817, 22, 27, 0.0008083997527137399
0, 691, 1805, 19, 19, 0.0008006956777535379
0, 726, 1438, 45, 45, 0.0007936168112792075
0, 421, 1322, 26, 21, 0.0007847336237318814
0, 1479, 128, 42, 30, 0.000776758068241179
0, 516, 1155, 20, 30, 0.0007767477072775364
0, 628, 1287, 37, 39, 0.0007685748860239983
0, 633, 1276, 35, 41, 0.0007484882371500134
0, 387, 820, 38, 28, 0.0007442023488692939
0, 269, 1208, 20, 17, 0.0007405666401609778
0, 493, 581, 34, 33, 0.0007359696901403368
0, 711, 1419, 28, 55, 0.0007340714801102877
0, 464, 1515, 28, 35, 0.0007311796653084457
0, 429, 615, 14, 38, 0.000725110003259033
0, 245, 1469, 27, 40, 0.0007029494154267013
0, 671, 1841, 77, 35, 0.0006822622381150723
0, 1637, 781, 33, 30, 0.0006779966061003506
0, 389, 1388, 54, 44, 0.0006698083598166704
0, 1558, 701, 34, 35, 0.0006686806445941329
0, 482, 1055, 13, 32, 0.0006685006665065885
0, 427, 683, 13, 20, 0.0006641006912104785
0, 1070, 1352, 21, 37, 0.0006626032991334796
0, 432, 1826, 264, 223, 0.0006534626591019332
0, 769, 1537, 75, 83, 0.0006530078826472163
0, 605, 1677, 23, 28, 0.0006196023896336555
0, 415, 798, 37, 40, 0.0006188826519064605
0, 1007, 507, 52, 49, 0.0006103424238972366
0, 497, 627, 26, 19, 0.0006077436846680939
0, 583, 1666, 55, 64, 0.0005941984127275646
0, 553, 1630, 49, 46, 0.0005913591012358665
0, 929, 1711, 50, 34, 0.0005908855237066746
0, 200, 966, 45, 53, 0.0005845947307534516
0, 502, 1517, 45, 41, 0.000582593958824873
0, 1673, 794, 22, 23, 0.0005752292927354574
0, 415, 722, 32, 35, 0.0005738547770306468
0, 240, 1003, 24, 22, 0.0005688214441761374
0, 553, 1239, 22, 23, 0.0005657176370732486
0, 713, 1912, 39, 56, 0.0005649091908708215
0, 240, 960, 60, 44, 0.0005623576580546796
0, 462, 729, 80, 83, 0.0005598939605988562
0, 378, 870, 20, 19, 0.0005567640182562172
0, 377, 1429, 27, 28, 0.0005552854272536933
0, 1478, 136, 52, 26, 0.0005519267870113254
0, 1002, 1834, 93, 71, 0.0005391020677052438
0, 176, 877, 30, 47, 0.0005299730692058802
0, 499, 1057, 23, 32, 0.0005285655497573316
