0, 267, 512, 80, 96, 0.38929101824760437
0, 574, 271, 34, 39, 0.2062738686800003
0, 116, 408, 38, 49, 0.14432953298091888
0, 436, 184, 33, 51, 0.13417939841747284
0, 248, 163, 84, 68, 0.11245755106210709
0, 331, 559, 17, 62, 0.1095953956246376
0, 486, 241, 53, 55, 0.10894880443811417
0, 378, 558, 25, 26, 0.06493781507015228
0, 138, 294, 48, 61, 0.06426776945590973
0, 217, 466, 17, 17, 0.05251030996441841
0, 109, 398, 26, 30, 0.044211532920598984
0, 103, 307, 16, 26, 0.043128643184900284
0, 116, 396, 19, 24, 0.042543523013591766
0, 326, 146, 63, 42, 0.04210377484560013
0, 570, 341, 22, 16, 0.042053792625665665
0, 157, 221, 10, 11, 0.04111515358090401
0, 500, 221, 20, 16, 0.041009847074747086
0, 376, 173, 141, 114, 0.040029022842645645
0, 278, 157, 158, 93, 0.037448834627866745
0, 212, 472, 28, 34, 0.03511752188205719
0, 115, 288, 14, 21, 0.03420068323612213
0, 375, 160, 42, 47, 0.033815592527389526
0, 492, 245, 40, 35, 0.03200838714838028
0, 256, 512, 50, 69, 0.03199692443013191
0, 132, 451, 19, 18, 0.03090459667146206
0, 557, 294, 14, 13, 0.02924046292901039
0, 410, 205, 17, 17, 0.02828260511159897
0, 579, 342, 39, 26, 0.028088660910725594
0, 375, 559, 43, 33, 0.02795807272195816
0, 399, 181, 19, 19, 0.027672206982970238
0, 402, 178, 26, 27, 0.026229823008179665
0, 488, 228, 33, 30, 0.02588878571987152
0, 215, 479, 45, 48, 0.025558682158589363
0, 321, 139, 36, 22, 0.025151193141937256
0, 109, 297, 20, 38, 0.024617742747068405
0, 479, 242, 29, 34, 0.022864755243062973
0, 371, 150, 26, 25, 0.022454148158431053
0, 419, 151, 23, 18, 0.0222825538367033
0, 356, 169, 20, 19, 0.02223552204668522
0, 309, 534, 14, 15, 0.020289553329348564
0, 418, 226, 30, 24, 0.0200048815459013
0, 346, 160, 234, 120, 0.019974656403064728
0, 406, 171, 35, 37, 0.019902067258954048
0, 611, 306, 16, 14, 0.01986628957092762
0, 488, 255, 14, 16, 0.01979418657720089
0, 305, 154, 16, 14, 0.019559018313884735
0, 125, 312, 23, 22, 0.019144346937537193
0, 106, 235, 11, 12, 0.018907349556684494
0, 346, 158, 27, 26, 0.018780559301376343
0, 590, 333, 13, 17, 0.017909031361341476
0, 626, 396, 17, 18, 0.017751699313521385
0, 390, 170, 64, 56, 0.017533255741000175
0, 158, 225, 13, 19, 0.01714433915913105
0, 604, 384, 15, 10, 0.01706870086491108
0, 592, 368, 17, 12, 0.016872433945536613
0, 582, 354, 40, 42, 0.016697749495506287
0, 446, 170, 16, 27, 0.01628548838198185
0, 396, 183, 30, 27, 0.01619940623641014
0, 648, 382, 18, 11, 0.015987476333975792
0, 322, 152, 77, 78, 0.01579720340669155
0, 247, 485, 18, 29, 0.01574132777750492
0, 411, 213, 35, 37, 0.015537913888692856
0, 291, 508, 18, 16, 0.015053442679345608
0, 415, 155, 35, 28, 0.014879121445119381
0, 284, 546, 15, 23, 0.014823407866060734
0, 405, 184, 37, 35, 0.014508957974612713
0, 105, 346, 23, 17, 0.014439286664128304
0, 422, 181, 65, 61, 0.014368539676070213
0, 140, 282, 30, 33, 0.014320321381092072
0, 207, 483, 26, 38, 0.014029761776328087
0, 122, 254, 15, 23, 0.013976612128317356
0, 502, 252, 17, 21, 0.013521070592105389
0, 364, 563, 72, 58, 0.013468009419739246
0, 395, 213, 18, 19, 0.01304236613214016
0, 274, 501, 54, 45, 0.013009916990995407
0, 106, 333, 23, 18, 0.012847790494561195
0, 399, 210, 23, 17, 0.012611576355993748
0, 135, 446, 20, 21, 0.012609949335455894
0, 257, 147, 35, 30, 0.0123574985191226
0, 233, 172, 52, 56, 0.012272385880351067
0, 611, 375, 78, 65, 0.01214102003723383
0, 261, 495, 41, 35, 0.012061663903295994
0, 367, 175, 28, 25, 0.011773675680160522
0, 226, 483, 20, 28, 0.011713399551808834
0, 288, 513, 29, 34, 0.011680512689054012
0, 360, 542, 15, 9, 0.0113266846165061
0, 286, 541, 24, 35, 0.011290197260677814
0, 246, 474, 15, 19, 0.01128515787422657
0, 363, 151, 44, 41, 0.011030026711523533
0, 408, 178, 87, 86, 0.010964431799948215
0, 589, 353, 25, 16, 0.010822097770869732
0, 120, 331, 29, 20, 0.010806218720972538
0, 309, 538, 18, 25, 0.010707160457968712
0, 609, 384, 36, 35, 0.010503755882382393
0, 620, 361, 22, 22, 0.009978368878364563
0, 616, 365, 12, 15, 0.009948665276169777
0, 129, 281, 63, 96, 0.009837735444307327
0, 283, 526, 39, 59, 0.009426667355000973
0, 238, 512, 29, 54, 0.008968277834355831
0, 526, 226, 12, 12, 0.008931907825171947
0, 386, 192, 21, 17, 0.008707675151526928
0, 622, 394, 26, 26, 0.008603431284427643
0, 274, 153, 84, 64, 0.008300432935357094
0, 383, 567, 34, 45, 0.008200213313102722
0, 223, 165, 33, 32, 0.008130263537168503
0, 252, 116, 26, 11, 0.008089768700301647
0, 451, 167, 12, 17, 0.007994205690920353
0, 134, 368, 9, 25, 0.007675922010093927
0, 221, 192, 20, 17, 0.007338132243603468
0, 606, 391, 22, 26, 0.007082317490130663
0, 277, 127, 15, 13, 0.0069641186855733395
0, 145, 479, 18, 21, 0.006792900152504444
0, 621, 389, 58, 35, 0.006679631769657135
0, 115, 337, 43, 33, 0.006326175760477781
0, 226, 181, 35, 40, 0.006182302255183458
0, 220, 477, 27, 39, 0.006157341413199902
0, 468, 217, 15, 24, 0.006137219723314047
0, 144, 419, 14, 15, 0.006095961667597294
0, 236, 522, 23, 30, 0.006091184448450804
0, 203, 469, 51, 61, 0.006066534668207169
0, 462, 247, 18, 22, 0.006018408108502626
0, 136, 330, 43, 34, 0.006001638248562813
0, 140, 273, 25, 24, 0.005847135558724403
0, 602, 373, 33, 27, 0.005617449525743723
0, 118, 272, 31, 64, 0.005589723587036133
0, 441, 230, 13, 18, 0.005580534227192402
0, 480, 260, 27, 30, 0.005574800074100494
0, 270, 539, 45, 38, 0.005562956444919109
0, 143, 340, 17, 18, 0.005515976343303919
0, 98, 350, 14, 17, 0.005480495747178793
0, 193, 446, 15, 18, 0.0053964476101100445
0, 434, 229, 47, 35, 0.00531383790075779
0, 142, 231, 19, 23, 0.0052885632030665874
0, 309, 148, 42, 36, 0.005163643509149551
0, 270, 140, 60, 43, 0.005121583119034767
0, 470, 238, 37, 46, 0.005115104839205742
0, 146, 407, 11, 10, 0.005015828181058168
0, 174, 185, 15, 17, 0.005008492153137922
0, 616, 360, 38, 31, 0.004986360669136047
0, 182, 443, 13, 16, 0.004709979519248009
0, 601, 382, 23, 24, 0.004519299138337374
0, 233, 527, 17, 22, 0.004452575463801622
0, 194, 459, 31, 45, 0.004420868586748838
0, 127, 250, 22, 22, 0.004414308816194534
0, 254, 487, 31, 39, 0.004271484445780516
0, 360, 166, 49, 44, 0.004170806612819433
0, 204, 194, 11, 17, 0.004021500237286091
0, 302, 153, 27, 26, 0.0040149809792637825
0, 140, 260, 22, 20, 0.0036879333201795816
0, 271, 129, 25, 19, 0.0036560387816280127
0, 370, 179, 43, 41, 0.0036437527742236853
0, 192, 185, 10, 18, 0.0036243931390345097
0, 373, 190, 18, 22, 0.003610199084505439
0, 468, 208, 13, 22, 0.003492490155622363
0, 190, 449, 30, 30, 0.0034538418985903263
0, 140, 361, 15, 28, 0.003445185488089919
0, 305, 545, 25, 31, 0.0032562625128775835
0, 200, 189, 22, 26, 0.00322515657171607
0, 597, 362, 46, 36, 0.0032002280931919813
0, 289, 133, 28, 24, 0.003076766384765506
0, 158, 258, 12, 17, 0.0029647054616361856
0, 253, 135, 42, 29, 0.002812130143865943
0, 591, 366, 65, 69, 0.002806770382449031
0, 128, 431, 21, 35, 0.0027504523750394583
0, 144, 271, 38, 43, 0.002667433815076947
0, 220, 149, 31, 34, 0.002627823268994689
0, 255, 168, 51, 41, 0.0026266423519700766
0, 307, 116, 8, 9, 0.002591617638245225
0, 363, 136, 22, 30, 0.0025755283422768116
0, 432, 231, 23, 32, 0.002454929519444704
0, 140, 433, 24, 39, 0.0024238198529928923
0, 321, 557, 35, 68, 0.0023486968129873276
0, 125, 421, 48, 76, 0.002338687889277935
0, 141, 241, 23, 17, 0.0022583866957575083
0, 133, 314, 77, 129, 0.0022449560929089785
0, 378, 130, 24, 13, 0.002200263785198331
0, 216, 529, 11, 13, 0.002187547739595175
0, 109, 299, 36, 48, 0.002141606993973255
0, 393, 578, 13, 22, 0.0021112021058797836
0, 371, 139, 35, 37, 0.0020104905124753714
0, 148, 337, 22, 17, 0.001970613142475486
0, 274, 549, 21, 25, 0.0018784577259793878
0, 149, 474, 16, 16, 0.0018402454443275928
0, 195, 473, 45, 34, 0.0017460495000705123
0, 396, 200, 53, 49, 0.0016399864107370377
0, 259, 125, 40, 22, 0.0015444395830854774
0, 230, 545, 11, 10, 0.0014980034902691841
0, 294, 166, 18, 20, 0.0014783350052312016
0, 386, 131, 29, 15, 0.00147513288538903
0, 429, 200, 44, 77, 0.001464066794142127
0, 336, 546, 26, 47, 0.0013668042374774814
0, 112, 238, 21, 22, 0.0013502145884558558
0, 636, 390, 45, 29, 0.0013456577435135841
0, 148, 224, 16, 22, 0.0013041674392297864
0, 97, 371, 11, 15, 0.0012725632404908538
0, 127, 436, 37, 53, 0.0012683463282883167
0, 840, 671, 13, 13, 0.0012266290141269565
0, 214, 148, 21, 25, 0.0011859992519021034
0, 249, 112, 32, 16, 0.0011424723779782653
0, 260, 539, 26, 29, 0.0011093291686847806
0, 449, 194, 37, 56, 0.0011073743226006627
0, 237, 137, 60, 28, 0.0010790686355903745
0, 472, 255, 41, 46, 0.0010634936625137925
0, 967, 620, 13, 10, 0.0010092820739373565
0, 199, 500, 14, 17, 0.0009894170798361301
0, 102, 371, 18, 17, 0.0009707993594929576
0, 307, 554, 40, 54, 0.0009274711483158171
0, 591, 281, 36, 18, 0.0008671199902892113
0, 141, 449, 35, 39, 0.0008034498314373195
0, 595, 329, 27, 23, 0.0007890967535786331
0, 440, 233, 18, 30, 0.0006898475112393498
0, 622, 308, 19, 13, 0.0006828432087786496
0, 298, 520, 48, 71, 0.0006580963381566107
0, 121, 198, 9, 11, 0.0006240407237783074
0, 181, 475, 12, 22, 0.0006233517779037356
0, 277, 167, 72, 36, 0.0006134756840765476
0, 162, 226, 24, 26, 0.0005994867533445358
0, 422, 201, 86, 119, 0.0005980608402751386
0, 216, 134, 12, 10, 0.0005845025298185647
0, 314, 576, 27, 28, 0.0005836680647917092
0, 411, 146, 52, 47, 0.0005777144688181579
0, 140, 444, 30, 93, 0.0005625956691801548
0, 83, 224, 155, 221, 0.000550166005268693
0, 606, 301, 30, 27, 0.0005386765114963055
0, 402, 140, 21, 25, 0.0005234552663750947
0, 143, 204, 9, 19, 0.0005194452241994441
0, 173, 169, 13, 12, 0.0005125257885083556
0, 173, 194, 19, 36, 0.0005096024833619595
0, 943, 386, 9, 15, 0.0005030451575294137
0, 498, 298, 13, 13, 0.00047619419638067484
0, 108, 288, 53, 70, 0.0004645313019864261
0, 447, 237, 67, 53, 0.00041917749331332743
0, 285, 131, 47, 38, 0.0004169586463831365
0, 208, 171, 49, 62, 0.0004033304285258055
0, 145, 307, 49, 26, 0.0004018718027509749
0, 233, 105, 19, 8, 0.00040132971480488777
0, 172, 473, 12, 16, 0.0003990915138274431
0, 346, 544, 40, 36, 0.0003973318380303681
0, 109, 355, 35, 54, 0.0003932215622626245
0, 131, 447, 28, 32, 0.0003921574680134654
0, 318, 165, 98, 40, 0.00039097643457353115
0, 293, 554, 25, 33, 0.00037516254815272987
0, 327, 133, 46, 39, 0.0003701045934576541
0, 579, 285, 39, 29, 0.00036105510662309825
0, 138, 462, 29, 42, 0.0003552990092430264
0, 585, 335, 30, 26, 0.0003455815021879971
0, 567, 261, 26, 41, 0.000337356177624315
0, 166, 219, 34, 51, 0.0003362352726981044
0, 225, 522, 23, 32, 0.00031978628248907626
0, 461, 204, 27, 36, 0.00031170068541541696
0, 181, 174, 29, 43, 0.0002973965310957283
0, 568, 273, 57, 60, 0.0002875397040043026
0, 199, 156, 19, 23, 0.00028127277619205415
0, 360, 124, 14, 15, 0.0002751419087871909
0, 628, 374, 61, 38, 0.00027466280153021216
0, 164, 453, 77, 84, 0.00027372664771974087
0, 133, 217, 17, 26, 0.00026532539050094783
0, 120, 370, 48, 37, 0.00025886166258715093
0, 145, 239, 38, 50, 0.00024126294010784477
0, 652, 486, 12, 14, 0.00023497019719798118
0, 153, 215, 19, 30, 0.0002314545854460448
0, 256, 535, 50, 52, 0.0002193556574638933
0, 605, 322, 51, 43, 0.00021670556452590972
0, 466, 214, 92, 108, 0.0002155184920411557
0, 234, 160, 120, 102, 0.00021098583238199353
0, 522, 224, 19, 20, 0.00020994874648749828
0, 546, 243, 14, 19, 0.0002088548062602058
0, 208, 124, 23, 22, 0.00020346074597910047
0, 645, 386, 28, 21, 0.00019703636644408107
0, 254, 117, 57, 51, 0.00019568850984796882
0, 83, 314, 159, 163, 0.00018933160754386336
0, 450, 198, 64, 93, 0.0001820726174628362
0, 214, 116, 13, 16, 0.00017812619626056403
0, 474, 270, 21, 24, 0.0001700490538496524
0, 237, 111, 64, 27, 0.00016947780386544764
0, 140, 446, 83, 109, 0.00016579688235651702
0, 83, 518, 10, 13, 0.00013895628217142075
0, 105, 381, 22, 20, 0.00013583166582975537
0, 329, 583, 26, 26, 0.00013433583080768585
0, 83, 744, 108, 61, 0.0001326772035099566
0, 375, 131, 55, 57, 0.0001324842742178589
0, 205, 150, 34, 39, 0.00013080098142381757
0, 96, 263, 89, 85, 0.00013055985618848354
0, 30, 771, 59, 6, 0.00012213637819513679
0, 512, 222, 51, 40, 0.0001189338363474235
0, 334, 502, 82, 92, 0.00011567553883651271
0, 584, 334, 55, 40, 0.00011470291065052152
0, 380, 187, 63, 48, 0.00011141951836179942
0, 471, 219, 39, 45, 0.00011135431122966111
0, 383, 129, 45, 31, 0.00011080552940256894
0, 53, 578, 104, 393, 0.00010976702469633892
0, 381, 748, 96, 53, 0.00010846165241673589
0, 321, 582, 44, 31, 0.00010816016583703458
0, 214, 485, 81, 112, 0.00010792938701342791
0, 552, 252, 26, 30, 0.00010711458162404597
0, 667, 504, 6, 16, 0.00010405355715192854
0, 240, 478, 69, 60, 9.719053923618048e-05
0, 191, 481, 30, 40, 9.645781392464414e-05
0, 454, 753, 106, 42, 9.581536869518459e-05
0, 358, 564, 39, 53, 9.035765106091276e-05
