0, 475, 501, 26, 26, 0.4024844467639923
0, 205, 236, 75, 85, 0.33521798253059387
0, 553, 488, 24, 19, 0.2960854470729828
0, 501, 477, 28, 18, 0.2804871201515198
0, 512, 484, 48, 37, 0.2732292413711548
0, 381, 430, 26, 17, 0.2703425884246826
0, 516, 493, 38, 17, 0.24610543251037598
0, 424, 459, 14, 13, 0.20534545183181763
0, 187, 215, 30, 41, 0.2003028839826584
0, 373, 382, 21, 26, 0.19936375319957733
0, 268, 273, 16, 15, 0.18862639367580414
0, 145, 233, 31, 24, 0.18852947652339935
0, 984, 939, 30, 30, 0.1856166273355484
0, 217, 252, 45, 48, 0.15200640261173248
0, 1022, 1005, 17, 19, 0.13358445465564728
0, 292, 351, 45, 49, 0.12413623183965683
0, 287, 315, 16, 13, 0.10891125351190567
0, 287, 343, 23, 29, 0.096034474670887
0, 786, 766, 16, 13, 0.09322785586118698
0, 959, 1004, 18, 28, 0.09193118661642075
0, 711, 710, 10, 14, 0.07945316284894943
0, 1079, 1138, 23, 33, 0.07373170554637909
0, 1085, 1143, 16, 25, 0.07141328603029251
0, 626, 596, 13, 9, 0.06685902923345566
0, 501, 444, 8, 8, 0.06394722312688828
0, 154, 215, 23, 25, 0.0629681870341301
0, 663, 610, 11, 15, 0.061148375272750854
0, 725, 666, 14, 11, 0.05499779060482979
0, 1020, 1112, 17, 16, 0.0547957681119442
0, 419, 436, 17, 16, 0.05416204035282135
0, 762, 683, 14, 13, 0.0504264235496521
0, 302, 344, 29, 28, 0.046629276126623154
0, 917, 924, 12, 13, 0.044530659914016724
0, 148, 212, 21, 28, 0.03973915055394173
0, 239, 240, 16, 20, 0.03567197918891907
0, 335, 368, 27, 25, 0.02621493674814701
0, 327, 315, 12, 15, 0.022197788581252098
0, 393, 433, 55, 19, 0.019721608608961105
0, 1025, 1081, 17, 18, 0.019536936655640602
0, 122, 205, 43, 19, 0.01832953467965126
0, 824, 824, 20, 22, 0.017376819625496864
0, 1031, 1079, 15, 20, 0.015263522043824196
0, 956, 1006, 30, 34, 0.015202827751636505
0, 256, 335, 20, 21, 0.014780157245695591
0, 1097, 1122, 15, 12, 0.012707066722214222
0, 727, 729, 14, 18, 0.01099629420787096
0, 154, 213, 36, 41, 0.010890872217714787
0, 881, 856, 14, 13, 0.010540423914790154
0, 146, 223, 41, 49, 0.010420305654406548
0, 792, 796, 8, 8, 0.008716244250535965
0, 276, 345, 61, 46, 0.008363917469978333
0, 327, 324, 12, 21, 0.007683771196752787
0, 472, 407, 13, 11, 0.007202702574431896
0, 352, 377, 60, 41, 0.006385067943483591
0, 261, 339, 39, 34, 0.0063586365431547165
0, 1045, 992, 13, 14, 0.005454300902783871
0, 956, 932, 13, 15, 0.004797110799700022
0, 862, 780, 13, 11, 0.0043558343313634396
0, 413, 435, 28, 19, 0.004285710398107767
0, 302, 346, 64, 77, 0.004159043077379465
0, 368, 378, 33, 38, 0.004136351868510246
0, 1039, 986, 18, 19, 0.004106981214135885
0, 939, 1015, 21, 18, 0.003924092743545771
0, 866, 783, 17, 15, 0.003819884965196252
0, 1066, 1029, 31, 29, 0.0036477125249803066
0, 1059, 1052, 19, 17, 0.003630068153142929
0, 943, 1008, 32, 31, 0.0033959553111344576
0, 158, 233, 65, 76, 0.0033075332175940275
0, 294, 320, 37, 26, 0.00265528354793787
0, 1088, 1135, 39, 41, 0.002364099957048893
0, 224, 268, 32, 30, 0.002316966187208891
0, 1057, 1013, 29, 36, 0.0021069871727377176
0, 1044, 1012, 37, 46, 0.002106514060869813
0, 1057, 1040, 29, 27, 0.0019301801221445203
0, 1091, 1149, 24, 16, 0.0016996355261653662
0, 135, 211, 71, 35, 0.0016417555743828416
0, 1053, 1136, 10, 23, 0.0015897767152637243
0, 590, 564, 13, 12, 0.001430405187420547
0, 416, 451, 31, 32, 0.0011743836803361773
0, 327, 361, 50, 53, 0.0011546434834599495
0, 526, 484, 82, 47, 0.001121334033086896
0, 970, 976, 9, 16, 0.0011186390183866024
0, 720, 723, 18, 26, 0.0010893931612372398
0, 1037, 1036, 17, 16, 0.001089218887500465
0, 42, 214, 13, 24, 0.0010798599105328321
0, 374, 347, 16, 16, 0.001031234860420227
0, 587, 566, 12, 14, 0.0009714817279018462
0, 480, 493, 38, 51, 0.0009147474775090814
0, 227, 240, 44, 57, 0.0007900089840404689
0, 1059, 1030, 49, 58, 0.0007899717311374843
0, 469, 506, 40, 40, 0.0007690719794481993
0, 1028, 1017, 24, 25, 0.0007604147540405393
0, 114, 201, 33, 15, 0.0007433927967213094
0, 216, 292, 22, 18, 0.0007117819041013718
0, 403, 443, 76, 45, 0.0006838893750682473
0, 277, 281, 40, 22, 0.0006464847829192877
0, 449, 460, 13, 9, 0.0006448556086979806
0, 631, 568, 9, 8, 0.0006407647742889822
0, 665, 648, 8, 12, 0.0005862698308192194
0, 212, 282, 48, 38, 0.000585068017244339
0, 1044, 1050, 29, 24, 0.0005676047876477242
0, 1105, 1148, 22, 13, 0.0005613617831841111
0, 408, 437, 51, 19, 0.0005439596716314554
0, 427, 460, 26, 15, 0.0005390275618992746
0, 267, 316, 34, 28, 0.0005074635846540332
0, 1036, 992, 18, 17, 0.0004853639402426779
0, 1084, 1053, 15, 15, 0.00046659851795993745
0, 307, 134, 15, 14, 0.0004418474272824824
0, 251, 266, 64, 51, 0.00043214490870013833
0, 285, 306, 62, 80, 0.00037179634091444314
0, 276, 283, 47, 50, 0.00036476648529060185
0, 1019, 970, 11, 14, 0.0003610354906413704
0, 321, 339, 37, 81, 0.000357592391083017
0, 267, 285, 24, 42, 0.0003254643816035241
0, 585, 561, 18, 14, 0.0003071808605454862
0, 1022, 1115, 26, 19, 0.0003004467289429158
0, 287, 304, 19, 32, 0.0002915181394200772
0, 1260, 1281, 25, 13, 0.00026957038789987564
0, 328, 327, 33, 35, 0.00025425117928534746
0, 628, 595, 15, 16, 0.00025248335441574454
0, 350, 363, 68, 75, 0.00025086678215302527
0, 130, 227, 76, 58, 0.00023842143127694726
0, 223, 290, 22, 21, 0.00023574214719701558
0, 299, 322, 72, 56, 0.0002265972289023921
0, 937, 272, 104, 56, 0.0002097572578350082
0, 569, 557, 10, 9, 0.0002095923264278099
0, 246, 311, 12, 29, 0.00020298386516515166
0, 804, 719, 11, 12, 0.00019805064948741347
0, 1251, 1280, 49, 14, 0.00019405470811761916
0, 825, 806, 14, 24, 0.0001891825522761792
0, 1016, 962, 12, 15, 0.00017833946913015097
0, 513, 472, 52, 30, 0.00017766075325198472
0, 1095, 1112, 15, 25, 0.00017693938571028411
0, 449, 475, 85, 54, 0.00017553121142555028
0, 441, 497, 111, 82, 0.00017199544527102262
0, 1055, 1138, 16, 29, 0.00016776642587501556
0, 808, 888, 8, 14, 0.00016028608661144972
0, 973, 995, 56, 56, 0.00015170444385148585
0, 404, 685, 13, 11, 0.0001479095226386562
0, 455, 497, 73, 47, 0.0001461672072764486
0, 48, 1239, 97, 96, 0.00014199492579791695
0, 1025, 1121, 43, 42, 0.0001411221455782652
0, 808, 412, 13, 12, 0.0001409943652106449
0, 19, 1230, 38, 114, 0.00013923972437623888
0, 974, 941, 53, 38, 0.00013831962132826447
0, 266, 295, 69, 167, 0.00013687388855032623
0, 841, 748, 12, 11, 0.00013599731028079987
0, 934, 878, 12, 12, 0.00013073600712232292
0, 6, 1251, 12, 72, 0.00012971082469448447
0, 380, 379, 45, 30, 0.0001263177691726014
0, 165, 1224, 331, 126, 0.00012617198808584362
0, 562, 502, 52, 46, 0.00012239637726452202
0, 424, 464, 18, 25, 0.00012205872917547822
0, 180, 297, 9, 9, 0.00012172375863883644
0, 240, 253, 57, 62, 0.00012168291141279042
0, 1091, 1171, 18, 17, 0.00011616388655966148
0, 54, 156, 10, 11, 0.00011105029261671007
0, 459, 486, 36, 45, 0.00010898656182689592
0, 5, 38, 10, 77, 0.00010890792327700183
0, 203, 252, 94, 140, 0.00010654248762875795
0, 1021, 1084, 28, 34, 0.00010563798423390836
0, 1159, 1251, 225, 73, 0.00010226483573205769
0, 471, 234, 15, 15, 0.00010224942525383085
0, 1173, 1282, 63, 11, 0.00010133168689208105
0, 141, 248, 78, 59, 0.00010110178118338808
0, 625, 559, 92, 93, 9.940825111698359e-05
0, 1086, 1171, 22, 22, 9.912664245348424e-05
0, 1012, 1004, 26, 22, 9.890956425806507e-05
0, 1039, 1022, 54, 56, 9.890777437249199e-05
0, 1082, 1282, 89, 11, 9.759183740243316e-05
0, 383, 407, 48, 45, 9.758819942362607e-05
0, 618, 1034, 10, 11, 9.738341032061726e-05
0, 401, 375, 12, 13, 9.579992183716968e-05
0, 1031, 984, 31, 34, 9.52928967308253e-05
0, 152, 1148, 305, 278, 9.51349938986823e-05
0, 791, 803, 9, 26, 9.402235446032137e-05
0, 1090, 1057, 20, 18, 9.171805868390948e-05
0, 680, 670, 6, 8, 9.1669186076615e-05
0, 37, 1201, 74, 146, 9.101521573029459e-05
0, 981, 930, 40, 54, 9.052478708326817e-05
0, 1148, 162, 12, 15, 9.043108730111271e-05
0, 32, 1156, 64, 125, 9.032335947267711e-05
0, 1265, 1278, 30, 19, 8.920861000660807e-05
0, 826, 683, 11, 11, 8.883271948434412e-05
0, 1094, 1070, 13, 12, 8.729380351724103e-05
0, 715, 74, 15, 11, 8.681754843564704e-05
0, 985, 1281, 71, 12, 8.623198664281517e-05
0, 1119, 1281, 89, 12, 8.566220640204847e-05
0, 631, 557, 16, 17, 8.519119000993669e-05
0, 153, 1004, 13, 15, 8.502814307576045e-05
0, 1231, 1280, 99, 14, 8.500544936396182e-05
0, 1127, 746, 14, 15, 8.386046101804823e-05
0, 72, 1282, 80, 11, 8.217775757657364e-05
0, 378, 414, 27, 42, 8.200084266718477e-05
0, 979, 269, 101, 43, 8.117003017105162e-05
0, 4, 1036, 8, 138, 8.04493683972396e-05
0, 451, 515, 79, 57, 8.012864418560639e-05
0, 298, 305, 30, 22, 7.785038906149566e-05
0, 772, 569, 12, 12, 7.765027839923277e-05
0, 920, 894, 9, 9, 7.594841736136004e-05
0, 540, 509, 79, 64, 7.560835365438834e-05
0, 472, 517, 49, 66, 7.479028863599524e-05
0, 629, 634, 19, 10, 7.417831511702389e-05
0, 285, 367, 77, 76, 7.356861169682816e-05
0, 1038, 1134, 40, 37, 7.337586430367082e-05
0, 664, 698, 8, 11, 7.332626410061494e-05
0, 1036, 1069, 27, 43, 7.325707701966166e-05
0, 49, 1055, 18, 22, 7.323116005863994e-05
0, 1051, 1281, 94, 12, 7.316534174606204e-05
0, 994, 947, 61, 52, 7.285551691893488e-05
0, 1019, 1281, 96, 12, 7.23755729268305e-05
0, 988, 1086, 8, 9, 7.233313954202458e-05
0, 968, 1004, 28, 31, 7.216908852569759e-05
0, 721, 665, 22, 14, 7.18347801011987e-05
0, 1073, 1042, 60, 63, 6.868586206110194e-05
0, 340, 336, 48, 39, 6.820358976256102e-05
0, 628, 542, 20, 19, 6.810013292124495e-05
0, 870, 788, 14, 22, 6.681533704977483e-05
0, 26, 1263, 52, 48, 6.626779213547707e-05
0, 718, 736, 66, 60, 6.595873855985701e-05
0, 522, 695, 108, 120, 6.579051114385948e-05
0, 538, 492, 59, 34, 6.454061076510698e-05
0, 1151, 281, 13, 14, 6.444921746151522e-05
0, 819, 978, 49, 44, 6.339021638268605e-05
0, 803, 994, 105, 78, 6.319821113720536e-05
0, 74, 1253, 149, 68, 6.228460551938042e-05
0, 627, 571, 23, 35, 6.172884604893625e-05
0, 355, 387, 97, 65, 6.138093158369884e-05
0, 1042, 984, 29, 34, 6.135769945103675e-05
0, 981, 975, 27, 17, 6.128647510195151e-05
0, 725, 661, 18, 21, 6.122641934780404e-05
0, 438, 68, 152, 136, 6.115016003604978e-05
0, 1152, 1220, 256, 134, 6.001530709909275e-05
0, 1260, 1254, 41, 65, 6.0005972045473754e-05
0, 1136, 818, 129, 118, 5.9577425417955965e-05
0, 123, 190, 39, 26, 5.918856186326593e-05
0, 955, 1146, 16, 18, 5.914342182222754e-05
0, 583, 470, 248, 170, 5.898526433156803e-05
0, 1041, 1136, 63, 48, 5.8557914599077776e-05
0, 17, 1138, 35, 171, 5.8407669712323695e-05
0, 244, 297, 7, 20, 5.806297485833056e-05
0, 457, 1282, 85, 10, 5.7745244703255594e-05
0, 512, 1282, 84, 11, 5.7467717851977795e-05
0, 150, 207, 106, 68, 5.6731489166850224e-05
0, 596, 1053, 12, 12, 5.664040145347826e-05
0, 1240, 45, 81, 91, 5.610385414911434e-05
0, 1013, 1090, 44, 31, 5.600052827503532e-05
0, 127, 195, 60, 46, 5.575328759732656e-05
0, 311, 619, 15, 16, 5.5469190556323156e-05
0, 331, 95, 315, 190, 5.515066732186824e-05
0, 1169, 1159, 222, 252, 5.479670289787464e-05
0, 978, 972, 41, 77, 5.4342453950084746e-05
0, 905, 1281, 74, 12, 5.403158866101876e-05
0, 1196, 368, 16, 16, 5.363552554626949e-05
0, 98, 195, 197, 391, 5.303591751726344e-05
0, 1023, 1097, 24, 38, 5.284190774546005e-05
0, 411, 467, 81, 34, 5.2575658628484234e-05
0, 997, 972, 13, 14, 5.204807166592218e-05
0, 895, 303, 151, 120, 5.186964335734956e-05
0, 316, 1282, 93, 11, 5.133699960424565e-05
0, 1080, 1048, 81, 111, 5.121582580613904e-05
0, 188, 258, 78, 64, 5.1200640882598236e-05
0, 1031, 189, 110, 135, 5.1189410442020744e-05
0, 678, 651, 7, 8, 5.1016748329857364e-05
0, 560, 467, 156, 95, 5.0614107749424875e-05
0, 1038, 1134, 24, 29, 4.924114909954369e-05
0, 947, 1280, 104, 14, 4.900645217276178e-05
0, 1016, 1110, 33, 27, 4.890962009085342e-05
0, 47, 1279, 87, 17, 4.887162504019216e-05
0, 635, 1282, 77, 11, 4.8720066843088716e-05
0, 537, 496, 168, 90, 4.85737036797218e-05
0, 1095, 1128, 43, 37, 4.8472040361957625e-05
0, 1078, 1253, 224, 68, 4.844722570851445e-05
0, 118, 168, 11, 14, 4.8426394641865045e-05
0, 1090, 1192, 381, 191, 4.839845860260539e-05
0, 431, 528, 124, 86, 4.696129690273665e-05
0, 219, 1282, 76, 11, 4.6957087761256844e-05
0, 249, 1282, 99, 11, 4.658435136661865e-05
0, 1123, 994, 196, 162, 4.6520071919076145e-05
0, 1027, 992, 44, 45, 4.649265974876471e-05
0, 601, 555, 15, 12, 4.647031892091036e-05
0, 281, 62, 216, 124, 4.6004213800188154e-05
0, 809, 822, 73, 59, 4.595747304847464e-05
0, 729, 747, 14, 25, 4.563969196169637e-05
0, 120, 89, 13, 10, 4.563817128655501e-05
0, 249, 262, 86, 85, 4.51243067800533e-05
0, 951, 1250, 204, 74, 4.507102130446583e-05
0, 1272, 18, 16, 37, 4.496776818996295e-05
0, 705, 712, 24, 20, 4.4829215767094865e-05
0, 171, 259, 192, 139, 4.415662988321856e-05
0, 137, 639, 118, 129, 4.393531344248913e-05
0, 555, 1282, 97, 11, 4.370856186142191e-05
0, 889, 264, 83, 43, 4.369818270788528e-05
0, 121, 1166, 11, 11, 4.358568912721239e-05
0, 577, 565, 29, 20, 4.358398655313067e-05
0, 948, 427, 16, 15, 4.351620373199694e-05
0, 513, 101, 317, 203, 4.331284435465932e-05
0, 847, 1138, 113, 112, 4.3262811232125387e-05
0, 240, 363, 124, 126, 4.28780767833814e-05
0, 679, 684, 8, 12, 4.2687548557296395e-05
