0, 523, 1106, 119, 40, 0.43504881858825684
0, 586, 417, 87, 101, 0.21427589654922485
0, 320, 1156, 124, 146, 0.14556600153446198
0, 591, 1252, 102, 129, 0.0800371840596199
0, 281, 727, 64, 152, 0.07152698189020157
0, 235, 878, 43, 32, 0.062458332628011703
0, 1164, 606, 40, 38, 0.0471927635371685
0, 214, 860, 81, 69, 0.045738086104393005
0, 1302, 515, 63, 51, 0.04512536898255348
0, 321, 1153, 107, 68, 0.03420674800872803
0, 1276, 493, 36, 35, 0.03175368905067444
0, 490, 1017, 108, 77, 0.031627338379621506
0, 513, 1060, 107, 50, 0.027578074485063553
0, 207, 854, 30, 50, 0.02561095729470253
0, 283, 699, 54, 84, 0.02454463392496109
0, 810, 202, 34, 45, 0.023856021463871002
0, 1320, 310, 35, 29, 0.02384895645081997
0, 1314, 519, 44, 38, 0.022912999615073204
0, 528, 1138, 137, 108, 0.021658480167388916
0, 287, 685, 38, 47, 0.02154918946325779
0, 901, 1096, 119, 165, 0.02134479023516178
0, 878, 245, 47, 38, 0.020048832520842552
0, 822, 222, 62, 98, 0.017688678577542305
0, 1078, 846, 39, 28, 0.017247723415493965
0, 593, 1238, 73, 64, 0.01707485504448414
0, 186, 844, 26, 44, 0.017070764675736427
0, 487, 446, 27, 20, 0.015368429012596607
0, 888, 195, 39, 31, 0.013446258381009102
0, 467, 414, 73, 66, 0.012577532790601254
0, 470, 478, 81, 40, 0.011770114302635193
0, 1029, 854, 36, 33, 0.011593476869165897
0, 281, 752, 59, 73, 0.011377429589629173
0, 124, 778, 34, 28, 0.01012874860316515
0, 542, 1160, 103, 62, 0.008943121880292892
0, 1128, 443, 27, 24, 0.008599970489740372
0, 1034, 847, 68, 53, 0.008555619977414608
0, 1342, 640, 38, 29, 0.008016095496714115
0, 848, 224, 115, 107, 0.00796304177492857
0, 651, 1093, 60, 56, 0.007888964377343655
0, 499, 1012, 46, 37, 0.007811759598553181
0, 820, 195, 48, 44, 0.007548223249614239
0, 1016, 696, 54, 43, 0.007001169491559267
0, 168, 865, 38, 60, 0.006976270582526922
0, 1330, 635, 46, 34, 0.006902928929775953
0, 164, 852, 25, 41, 0.006859322544187307
0, 1349, 395, 19, 26, 0.006841039285063744
0, 1266, 217, 20, 25, 0.006410954985767603
0, 551, 1170, 58, 40, 0.006177789065986872
0, 899, 124, 22, 25, 0.006069022696465254
0, 486, 396, 29, 27, 0.005891504697501659
0, 462, 691, 50, 33, 0.005813479423522949
0, 862, 192, 72, 40, 0.005323919001966715
0, 813, 374, 21, 24, 0.0052696880884468555
0, 573, 361, 45, 43, 0.005215225275605917
0, 450, 691, 24, 27, 0.005194259341806173
0, 684, 1101, 123, 84, 0.005168464034795761
0, 1322, 610, 45, 41, 0.005149191711097956
0, 322, 1178, 84, 80, 0.0050492119044065475
0, 511, 1083, 106, 39, 0.004906241316348314
0, 1329, 615, 73, 79, 0.004821981303393841
0, 331, 842, 43, 50, 0.004710455425083637
0, 951, 413, 19, 19, 0.004661700688302517
0, 1030, 691, 26, 33, 0.004546506330370903
0, 338, 831, 51, 39, 0.00451910775154829
0, 862, 849, 26, 22, 0.0043299561366438866
0, 339, 1114, 25, 24, 0.004314233548939228
0, 1024, 860, 60, 47, 0.0041261701844632626
0, 507, 1034, 150, 121, 0.004091697745025158
0, 338, 851, 62, 72, 0.004063312895596027
0, 705, 232, 128, 127, 0.003909552004188299
0, 1317, 317, 41, 50, 0.0038605681620538235
0, 1166, 781, 32, 48, 0.003841967321932316
0, 573, 1365, 30, 20, 0.0037598495837301016
0, 1020, 829, 42, 34, 0.0036737078335136175
0, 1018, 841, 58, 55, 0.0036375350318849087
0, 310, 1196, 84, 60, 0.0036224755458533764
0, 574, 1223, 62, 52, 0.0036110447254031897
0, 326, 855, 30, 29, 0.0035877118352800608
0, 224, 1301, 56, 41, 0.003512894967570901
0, 301, 1121, 76, 68, 0.003484757151454687
0, 461, 1025, 49, 52, 0.0034024426713585854
0, 498, 730, 23, 17, 0.0033330556470900774
0, 205, 1313, 22, 18, 0.0033067569602280855
0, 1285, 535, 36, 36, 0.0032192571088671684
0, 1169, 568, 35, 43, 0.0031071691773831844
0, 490, 1076, 67, 23, 0.0030170856043696404
0, 817, 408, 18, 29, 0.0028547458350658417
0, 997, 827, 21, 33, 0.0027310289442539215
0, 1321, 595, 32, 37, 0.002716922666877508
0, 917, 139, 45, 42, 0.002628093119710684
0, 183, 873, 60, 69, 0.0026240504812449217
0, 292, 1144, 55, 47, 0.0025370472576469183
0, 606, 402, 45, 68, 0.002512081293389201
0, 589, 371, 72, 50, 0.0024455590173602104
0, 565, 1153, 54, 38, 0.00244116666726768
0, 530, 1141, 113, 24, 0.002401364268735051
0, 158, 609, 21, 14, 0.0023785741068422794
0, 560, 1144, 56, 23, 0.00237382878549397
0, 313, 1100, 50, 35, 0.0023196362890303135
0, 807, 662, 22, 20, 0.0023165573365986347
0, 652, 782, 20, 50, 0.0022822667378932238
0, 992, 662, 26, 20, 0.0022792837116867304
0, 586, 1218, 91, 80, 0.0021678570192307234
0, 383, 1197, 19, 19, 0.0021474906243383884
0, 827, 380, 21, 34, 0.0020820521749556065
0, 998, 705, 95, 69, 0.0020674595143646
0, 205, 872, 115, 104, 0.002044686349108815
0, 322, 1095, 36, 25, 0.0020423876121640205
0, 1055, 844, 90, 42, 0.0019743070006370544
0, 356, 873, 24, 34, 0.001959934365004301
0, 623, 945, 76, 44, 0.0018695401959121227
0, 469, 993, 71, 56, 0.0018038736889138818
0, 480, 1376, 132, 96, 0.0017876235069707036
0, 440, 441, 28, 23, 0.0017454278422519565
0, 806, 549, 31, 51, 0.0016838416922837496
0, 429, 1405, 77, 83, 0.0016833560075610876
0, 598, 1285, 61, 64, 0.0016559447394683957
0, 1168, 778, 37, 83, 0.0016551630105823278
0, 297, 1104, 57, 43, 0.0016521872021257877
0, 805, 372, 30, 32, 0.0016387103823944926
0, 1325, 371, 18, 23, 0.0016332647064700723
0, 659, 217, 30, 21, 0.0016068668337538838
0, 450, 1366, 92, 80, 0.001584559795446694
0, 1145, 468, 32, 28, 0.0015765377320349216
0, 818, 392, 27, 56, 0.001564433565363288
0, 394, 1364, 74, 85, 0.0015556878643110394
0, 454, 979, 37, 31, 0.001525483443401754
0, 498, 1101, 82, 36, 0.0014762142673134804
0, 1357, 504, 18, 18, 0.001466045738197863
0, 581, 1421, 22, 26, 0.0014204889303073287
0, 448, 437, 41, 32, 0.0014148987829685211
0, 1325, 354, 20, 14, 0.0014041527174413204
0, 231, 647, 21, 27, 0.0013894988223910332
0, 926, 146, 32, 30, 0.0013861556071788073
0, 154, 637, 20, 25, 0.001365145668387413
0, 405, 1371, 51, 57, 0.0013491713907569647
0, 886, 1046, 86, 67, 0.0013302357401698828
0, 945, 813, 16, 23, 0.0013246122980490327
0, 1013, 446, 16, 16, 0.0013173411134630442
0, 417, 1381, 39, 40, 0.0012888058554381132
0, 873, 1117, 34, 27, 0.0012851995415985584
0, 518, 426, 34, 23, 0.0012649560812860727
0, 210, 1037, 42, 32, 0.001233598799444735
0, 853, 681, 30, 35, 0.0011228631483390927
0, 491, 434, 48, 45, 0.001111321384087205
0, 800, 384, 26, 24, 0.0010646836599335074
0, 416, 1428, 43, 37, 0.0010641544358804822
0, 1169, 821, 34, 30, 0.0010481656063348055
0, 123, 785, 41, 46, 0.0010348797077313066
0, 527, 1397, 125, 115, 0.0010030120611190796
0, 257, 1083, 67, 71, 0.001002754084765911
0, 1108, 425, 32, 24, 0.0009961117757484317
0, 844, 685, 53, 83, 0.0009796698577702045
0, 992, 433, 15, 10, 0.0009733847109600902
0, 284, 1210, 34, 43, 0.0009687033598311245
0, 542, 1219, 192, 202, 0.0009622661746107042
0, 1306, 515, 104, 76, 0.0009532247204333544
0, 927, 774, 45, 31, 0.0009476294508203864
0, 836, 663, 17, 21, 0.0009358226088806987
0, 596, 1197, 57, 41, 0.0009218112099915743
0, 510, 1122, 88, 57, 0.0009086070349439979
0, 195, 1250, 27, 15, 0.0009067778009921312
0, 891, 1072, 41, 29, 0.0009056760463863611
0, 1325, 429, 18, 28, 0.0009016198455356061
0, 441, 1386, 56, 45, 0.0008982289582490921
0, 773, 494, 23, 34, 0.000893615884706378
0, 1278, 477, 31, 18, 0.0008921271073631942
0, 460, 1400, 151, 107, 0.0008768029510974884
0, 112, 512, 24, 23, 0.0008703362545929849
0, 755, 724, 59, 93, 0.0008675811695866287
0, 769, 206, 35, 49, 0.0008477535448037088
0, 815, 524, 60, 114, 0.000835592916700989
0, 521, 1423, 87, 61, 0.0008335110615007579
0, 676, 213, 55, 42, 0.0008255229331552982
0, 1150, 567, 19, 25, 0.0008245811332017183
0, 773, 194, 22, 22, 0.0008069451432675123
0, 758, 542, 19, 19, 0.000790829595644027
0, 1344, 443, 17, 27, 0.0007890636916272342
0, 706, 1122, 80, 101, 0.0007878018659539521
0, 121, 550, 26, 26, 0.000759818300139159
0, 107, 527, 36, 48, 0.0007447972311638296
0, 1284, 448, 18, 17, 0.0007403161143884063
0, 669, 225, 45, 34, 0.0007389786769635975
0, 682, 1143, 139, 179, 0.0007381077157333493
0, 521, 420, 203, 121, 0.0007373857079073787
0, 1176, 558, 22, 32, 0.0007318436400964856
0, 225, 1288, 74, 68, 0.0007177222287282348
0, 1122, 434, 51, 41, 0.0007139484514482319
0, 901, 1046, 52, 53, 0.0007117880741134286
0, 277, 1140, 36, 43, 0.000711022992618382
0, 696, 201, 70, 66, 0.0006983648054301739
0, 198, 849, 56, 64, 0.0006842479924671352
0, 999, 665, 31, 28, 0.0006837316905148327
0, 275, 1122, 61, 63, 0.0006795598310418427
0, 994, 443, 18, 23, 0.0006698677316308022
0, 607, 384, 37, 35, 0.0006580270128324628
0, 448, 1017, 29, 31, 0.0006481289165094495
0, 1043, 850, 112, 74, 0.0006343587883748114
0, 934, 835, 16, 20, 0.0006340390536934137
0, 278, 1076, 109, 95, 0.0006317896186374128
0, 628, 308, 42, 22, 0.0006276200874708593
0, 267, 796, 30, 35, 0.0006200348143465817
0, 123, 540, 76, 85, 0.000619578524492681
0, 428, 1373, 194, 158, 0.0006080559687688947
0, 608, 953, 62, 31, 0.0006036268314346671
0, 330, 868, 82, 109, 0.000600063765887171
0, 482, 709, 95, 65, 0.0005988457123748958
0, 520, 517, 21, 22, 0.0005982621223665774
0, 943, 1145, 65, 127, 0.0005978596745990217
0, 197, 1038, 38, 33, 0.0005889407475478947
0, 185, 555, 35, 83, 0.0005707956152036786
0, 749, 697, 30, 34, 0.0005601157317869365
0, 112, 749, 20, 15, 0.0005577883566729724
0, 1332, 383, 29, 36, 0.0005574981332756579
0, 402, 1353, 46, 54, 0.0005538719706237316
0, 1257, 215, 34, 31, 0.0005476243677549064
0, 248, 1087, 35, 50, 0.0005460247630253434
0, 662, 238, 35, 26, 0.0005441466346383095
0, 426, 1359, 72, 64, 0.0005438346997834742
0, 897, 203, 68, 52, 0.0005356577457860112
0, 341, 1127, 72, 67, 0.0005341447540558875
0, 306, 1057, 17, 14, 0.0005315676680766046
0, 175, 582, 35, 37, 0.0005313929286785424
0, 268, 969, 28, 39, 0.0005304369842633605
0, 933, 1129, 41, 65, 0.0005298167234286666
0, 832, 533, 24, 43, 0.0005289810942485929
0, 874, 128, 24, 26, 0.0005191979580558836
0, 124, 746, 22, 13, 0.000506661250256002
0, 645, 307, 72, 23, 0.0005055507645010948
0, 618, 1190, 29, 36, 0.0004941371735185385
0, 335, 1200, 44, 46, 0.0004933225573040545
0, 818, 683, 106, 81, 0.0004896601312793791
0, 501, 1410, 51, 35, 0.0004886206006631255
0, 833, 507, 28, 41, 0.00048760141362436116
0, 328, 1104, 45, 43, 0.00048340929788537323
0, 145, 561, 26, 32, 0.0004827473312616348
0, 254, 916, 61, 132, 0.0004738470888696611
0, 722, 1151, 43, 43, 0.00047304556937888265
0, 658, 246, 20, 21, 0.00044967065332457423
0, 693, 1149, 71, 61, 0.00044890554272569716
0, 965, 390, 28, 16, 0.0004474358865991235
0, 807, 708, 116, 108, 0.00044709714711643755
0, 507, 711, 42, 47, 0.0004234402731526643
0, 782, 183, 38, 25, 0.00042321730870753527
0, 906, 800, 76, 50, 0.00042215781286358833
0, 434, 1429, 61, 39, 0.00042211293475702405
0, 555, 1217, 53, 46, 0.0004194660868961364
0, 931, 126, 28, 29, 0.00041601413977332413
0, 1008, 877, 32, 32, 0.00041388010140508413
0, 1349, 423, 23, 58, 0.00041332931141369045
0, 279, 1036, 27, 26, 0.00041096447966992855
0, 263, 1128, 66, 92, 0.0004092821618542075
0, 111, 538, 35, 41, 0.00040367970359511673
0, 958, 410, 37, 29, 0.0004030459967907518
0, 909, 779, 86, 44, 0.0004020795167889446
0, 710, 1101, 53, 74, 0.0003997887542936951
0, 740, 694, 20, 29, 0.00039409371674992144
0, 887, 818, 19, 20, 0.00038995055365376174
0, 1022, 477, 23, 47, 0.000389535358408466
0, 842, 697, 39, 41, 0.00038577313534915447
0, 535, 1073, 102, 51, 0.00038387157837860286
0, 565, 1404, 29, 38, 0.00038075019256211817
0, 1348, 603, 32, 40, 0.0003776236844714731
0, 971, 820, 15, 22, 0.0003756496007554233
0, 672, 1156, 35, 37, 0.00037483207415789366
0, 1150, 508, 20, 34, 0.0003742336411960423
0, 390, 1394, 83, 104, 0.0003704095433931798
0, 886, 1124, 31, 38, 0.00035709384246729314
0, 714, 1101, 41, 36, 0.00035573981585912406
0, 452, 1001, 37, 61, 0.00035344786010682583
0, 987, 710, 53, 40, 0.00035183667205274105
0, 377, 1324, 36, 40, 0.00034468737430870533
0, 501, 450, 58, 39, 0.0003441296867094934
0, 665, 1136, 60, 77, 0.00034351885551586747
0, 831, 699, 64, 65, 0.0003423309826757759
0, 1327, 533, 51, 43, 0.0003387915494386107
0, 127, 667, 14, 24, 0.0003286415885668248
0, 425, 488, 40, 31, 0.00032438451307825744
0, 732, 1151, 26, 35, 0.0003229099093005061
0, 1131, 469, 25, 24, 0.00032128457678481936
0, 111, 677, 20, 41, 0.0003206881519872695
0, 580, 1174, 93, 66, 0.00031968567054718733
0, 798, 360, 17, 27, 0.0003154269652441144
0, 497, 1432, 50, 51, 0.00031494529685005546
0, 963, 723, 38, 28, 0.00031367596238851547
0, 450, 1034, 29, 35, 0.0003102248883806169
0, 1064, 574, 18, 27, 0.0003096888249274343
0, 406, 1410, 69, 68, 0.000307259353576228
0, 663, 301, 37, 19, 0.00030354122282005847
0, 208, 622, 23, 20, 0.0003023538738489151
0, 835, 652, 20, 26, 0.0002977199328597635
0, 958, 397, 30, 24, 0.00028972243308089674
0, 658, 1014, 35, 20, 0.00027940559084527194
0, 854, 739, 29, 26, 0.0002776473993435502
0, 557, 925, 16, 22, 0.00027564444462768734
0, 459, 486, 110, 62, 0.00027323566609993577
0, 392, 1332, 47, 41, 0.00026714385603554547
0, 883, 841, 23, 31, 0.00026351402630098164
0, 1319, 165, 28, 41, 0.0002622090687509626
0, 1340, 437, 51, 58, 0.0002601777669042349
