0, 211.0, 412.0, 18.0, 19.0, 0.4955028295516968
0, 454.0, 606.0, 16.0, 19.0, 0.4941248893737793
0, 221.0, 432.0, 15.0, 17.0, 0.47314751148223877
0, 183.0, 393.0, 14.0, 15.0, 0.4700084328651428
0, 97.0, 770.0, 16.0, 15.0, 0.46823039650917053
0, 533.0, 353.0, 17.0, 19.0, 0.4679734706878662
0, 146.0, 382.0, 16.0, 17.0, 0.46453410387039185
0, 486.0, 590.0, 17.0, 16.0, 0.46209537982940674
0, 195.0, 380.0, 13.0, 17.0, 0.4557690918445587
0, 416.0, 166.0, 19.0, 18.0, 0.4420003890991211
0, 399.0, 715.0, 15.0, 19.0, 0.4414427578449249
0, 519.0, 508.0, 15.0, 16.0, 0.44137999415397644
0, 609.0, 507.0, 16.0, 15.0, 0.42851245403289795
0, 487.0, 541.0, 15.0, 15.0, 0.4254205822944641
0, 400.0, 157.0, 17.0, 16.0, 0.42130088806152344
0, 209.0, 455.0, 17.0, 18.0, 0.4148569405078888
0, 389.0, 780.0, 17.0, 14.0, 0.4147844910621643
0, 577.0, 553.0, 16.0, 15.0, 0.41068750619888306
0, 241.0, 443.0, 18.0, 19.0, 0.4087316393852234
0, 816.0, 919.0, 14.0, 14.0, 0.4024118483066559
0, 45.0, 124.0, 18.0, 19.0, 0.4005908966064453
