0, 571, 702, 17, 17, 0.8553843492859532
0, 374, 669, 20, 16, 0.8532075079521657
0, 356, 584, 16, 18, 0.8344704109491771
0, 606, 707, 16, 13, 0.8736775509150394
0, 580, 687, 16, 17, 0.8857415711371293
0, 367, 904, 15, 15, 0.879898823305044
0, 398, 759, 19, 20, 0.8467586932044788
0, 561, 388, 14, 14, 0.8522493968403289
0, 145, 657, 20, 13, 0.8601682694789219
0, 142, 566, 19, 19, 0.8324989274541531
0, 37, 684, 15, 16, 0.8653920776761972
0, 422, 842, 17, 17, 0.8808506782601588
0, 382, 916, 20, 19, 0.8295517881193295
0, 631, 382, 17, 20, 0.8318509036407372
0, 564, 759, 18, 18, 0.8474513358821907
0, 518, 685, 17, 15, 0.8699011204366796
0, 330, 738, 16, 15, 0.8592730586661481
0, 558, 441, 17, 19, 0.8483721981539352
0, 99, 630, 14, 17, 0.842065137903333
0, 204, 277, 17, 16, 0.8420794718622064
0, 360, 703, 19, 18, 0.8291500044432952
0, 567, 404, 17, 15, 0.8587871110460674
0, 450, 725, 16, 18, 0.8321371487724347
0, 205, 745, 15, 17, 0.8792104919030909
0, 20, 770, 16, 19, 0.8760093836924179
0, 588, 731, 15, 14, 0.8478455558384449
0, 720, 902, 15, 14, 0.8767105753588612
0, 375, 727, 18, 19, 0.8368904820300295
0, 112, 629, 15, 19, 0.8411976885170217
0, 608, 734, 16, 15, 0.8376555733469734
0, 264, 286, 17, 19, 0.8621695716660791
0, 365, 601, 17, 15, 0.8392704482096934
0, 238, 333, 16, 16, 0.8418963638644337
0, 542, 727, 20, 15, 0.8648572325110047
0, 401, 698, 16, 19, 0.8607428834417217
0, 362, 740, 18, 17, 0.8180726121478272
0, 841, 353, 17, 19, 0.8469848131048682
0, 216, 313, 18, 18, 0.8277907838989923
0, 561, 370, 17, 17, 0.8351519152382907
0, 161, 557, 22, 22, 0.8602619402398455
0, 576, 798, 21, 21, 0.8223311705517872
0, 449, 846, 19, 20, 0.8211359678351835
0, 518, 726, 16, 14, 0.8543781528561074
0, 462, 709, 16, 13, 0.8550266904421734
0, 66, 672, 22, 19, 0.8267804172570876
0, 690, 480, 15, 15, 0.8324684413126875
0, 610, 464, 15, 16, 0.8366504928088425
0, 433, 827, 17, 18, 0.8545337851066818
0, 867, 861, 16, 16, 0.8422470329600417
0, 28, 717, 14, 13, 0.8774521181828302
0, 635, 407, 17, 14, 0.8284408253863025
0, 475, 844, 14, 15, 0.8396709690181751
0, 166, 599, 20, 16, 0.8137755429663333
0, 292, 697, 18, 20, 0.8359195119692209
0, 84, 700, 20, 20, 0.8609933573024675
0, 254, 329, 14, 15, 0.8293672953752689
0, 413, 723, 16, 15, 0.8394641597549541
0, 590, 706, 15, 14, 0.8591372904666504
