0, 725, 455, 19, 17, 0.8386884044509337
0, 985, 76, 17, 18, 0.8357780547718598
0, 986, 93, 19, 16, 0.8776191635521349
0, 514, 140, 21, 18, 0.8733859335702872
0, 371, 134, 24, 20, 0.8437604936522097
0, 331, 123, 22, 15, 0.8386128580629962
0, 454, 131, 19, 21, 0.8290655358962132
0, 323, 134, 21, 18, 0.8312692296259904
0, 248, 921, 22, 22, 0.8670831195914617
0, 883, 338, 18, 16, 0.8288587046781855
0, 228, 8, 17, 16, 0.847705778422554
0, 224, 85, 19, 20, 0.839997173241913
0, 637, 766, 18, 20, 0.8812894198209463
0, 207, 11, 18, 19, 0.8436716403722602
0, 768, 525, 15, 20, 0.8671464036388609
0, 570, 186, 22, 16, 0.8369410861695876
0, 492, 129, 21, 19, 0.8556932398756751
0, 163, 7, 19, 14, 0.8579194465392087
0, 186, 579, 19, 21, 0.845136707189163
0, 85, 401, 21, 25, 0.837772183797871
0, 75, 373, 19, 22, 0.8333433157921036
0, 460, 149, 19, 18, 0.839480870482622
0, 371, 862, 19, 21, 0.8584043304312536
0, 910, 113, 21, 16, 0.8470093836339837
0, 229, 959, 19, 20, 0.8620257605551598
0, 794, 346, 23, 17, 0.8581535176301271
0, 9, 969, 17, 18, 0.8735061850500158
0, 322, 287, 19, 19, 0.8592583897871179
0, 602, 653, 26, 25, 0.8383429397901273
0, 887, 301, 22, 17, 0.8650972185094399
0, 348, 77, 19, 18, 0.8420519748690044
0, 624, 910, 21, 18, 0.8351375134106119
0, 344, 312, 19, 20, 0.8426481069621086
0, 986, 370, 15, 23, 0.8759213089500509
0, 960, 111, 18, 14, 0.8782427632559391
0, 22, 861, 21, 20, 0.8838993994776024
0, 924, 103, 19, 18, 0.882895583419927
0, 950, 358, 22, 19, 0.8295639155998343
0, 988, 127, 18, 21, 0.8266732365225734
0, 382, 559, 22, 23, 0.8711674655388838
0, 23, 969, 16, 17, 0.8903681779204533
0, 22, 288, 17, 19, 0.8315547198562329
0, 205, 761, 21, 21, 0.8606944344475062
0, 366, 84, 20, 19, 0.8531064382243898
0, 398, 353, 17, 19, 0.8654755110022347
0, 767, 908, 22, 23, 0.87634641782583
0, 864, 825, 22, 17, 0.8862934311060819
