0, 138, 30, 21, 21, 0.8709177037436485
0, 780, 851, 24, 22, 0.8468135746817257
0, 536, 196, 20, 19, 0.8527760660254204
0, 109, 19, 16, 20, 0.8219427947525044
0, 260, 111, 22, 20, 0.8230958728848285
0, 412, 29, 21, 18, 0.8191894698325549
0, 646, 10, 17, 17, 0.8551205754409734
0, 201, 8, 18, 16, 0.8443673560203417
0, 929, 128, 19, 21, 0.8281510446978293
0, 707, 990, 19, 18, 0.8265647897031775
0, 112, 116, 21, 18, 0.8557193223817008
0, 6, 32, 13, 23, 0.8641231140549823
0, 451, 779, 18, 19, 0.8396307491644899
0, 229, 13, 15, 19, 0.8500901778200904
0, 885, 76, 18, 21, 0.8288468569304255
0, 456, 978, 22, 18, 0.8216010936486692
0, 83, 325, 25, 21, 0.8507902550790635
0, 222, 32, 24, 19, 0.8567128304233667
0, 252, 69, 17, 15, 0.8430804961852756
0, 205, 232, 21, 21, 0.831485714030094
0, 63, 590, 19, 20, 0.8660233833868758
0, 808, 132, 19, 18, 0.8555444665609537
0, 167, 194, 15, 19, 0.854975748614829
