0, 290.0, 297.0, 19.0, 20.0, 0.7932685017585754
0, 308.0, 252.0, 24.0, 21.0, 0.7541932463645935
0, 270.0, 201.0, 17.0, 17.0, 0.7332910299301147
0, 278.0, 228.0, 19.0, 23.0, 0.7297864556312561
0, 882.0, 38.0, 18.0, 18.0, 0.7050535082817078
0, 87.0, 316.0, 16.0, 19.0, 0.6958369016647339
0, 657.0, 190.0, 18.0, 18.0, 0.6903667449951172
0, 566.0, 39.0, 19.0, 19.0, 0.688794732093811
0, 605.0, 122.0, 19.0, 20.0, 0.6868711113929749
0, 573.0, 122.0, 17.0, 18.0, 0.6860588788986206
0, 341.0, 134.0, 22.0, 19.0, 0.6840841770172119
0, 293.0, 188.0, 19.0, 20.0, 0.6805458068847656
0, 561.0, 173.0, 22.0, 18.0, 0.6802767515182495
0, 276.0, 163.0, 18.0, 19.0, 0.6588709354400635
0, 644.0, 47.0, 17.0, 17.0, 0.6527599692344666
0, 72.0, 226.0, 22.0, 23.0, 0.6502534747123718
0, 684.0, 144.0, 19.0, 21.0, 0.6427884697914124
0, 352.0, 40.0, 21.0, 19.0, 0.6391748189926147
0, 347.0, 217.0, 19.0, 17.0, 0.6332875490188599
0, 619.0, 164.0, 14.0, 16.0, 0.6322949528694153
0, 667.0, 65.0, 15.0, 17.0, 0.6283465027809143
0, 651.0, 107.0, 18.0, 22.0, 0.6190962195396423
0, 274.0, 125.0, 17.0, 18.0, 0.6180155277252197
0, 260.0, 228.0, 16.0, 18.0, 0.6175150871276855
0, 299.0, 152.0, 19.0, 19.0, 0.5977638363838196
0, 604.0, 38.0, 16.0, 15.0, 0.5893194675445557
0, 597.0, 182.0, 18.0, 16.0, 0.5845726728439331
0, 548.0, 97.0, 23.0, 20.0, 0.5820037722587585
0, 92.0, 293.0, 20.0, 19.0, 0.5809483528137207
0, 646.0, 65.0, 17.0, 14.0, 0.577686071395874
0, 254.0, 111.0, 15.0, 16.0, 0.5723341107368469
0, 358.0, 60.0, 21.0, 18.0, 0.5662917494773865
0, 656.0, 128.0, 18.0, 17.0, 0.5591705441474915
0, 245.0, 195.0, 20.0, 17.0, 0.554979681968689
0, 272.0, 355.0, 21.0, 20.0, 0.5535796284675598
0, 283.0, 317.0, 21.0, 21.0, 0.5517975687980652
0, 580.0, 172.0, 15.0, 20.0, 0.5470343232154846
0, 330.0, 244.0, 21.0, 16.0, 0.5466546416282654
0, 575.0, 86.0, 19.0, 20.0, 0.5460580587387085
0, 573.0, 19.0, 16.0, 19.0, 0.5449165105819702
0, 299.0, 278.0, 16.0, 19.0, 0.5436229705810547
0, 323.0, 269.0, 18.0, 17.0, 0.5348752737045288
0, 672.0, 88.0, 19.0, 20.0, 0.5331628322601318
0, 236.0, 328.0, 17.0, 24.0, 0.5329942107200623
0, 620.0, 42.0, 19.0, 15.0, 0.532892107963562
0, 253.0, 246.0, 21.0, 18.0, 0.5270929336547852
0, 52.0, 234.0, 18.0, 19.0, 0.5265664458274841
0, 238.0, 231.0, 16.0, 19.0, 0.5264965295791626
0, 587.0, 107.0, 19.0, 15.0, 0.5181231498718262
0, 288.0, 267.0, 20.0, 20.0, 0.5146177411079407
0, 267.0, 332.0, 19.0, 20.0, 0.5131185054779053
0, 226.0, 160.0, 18.0, 16.0, 0.5130816102027893
0, 880.0, 63.0, 16.0, 21.0, 0.512589693069458
0, 338.0, 156.0, 18.0, 19.0, 0.5081731081008911
0, 605.0, 83.0, 15.0, 18.0, 0.507074773311615
0, 246.0, 303.0, 18.0, 18.0, 0.5025323629379272
0, 854.0, 93.0, 18.0, 18.0, 0.49595028162002563
0, 568.0, 156.0, 19.0, 17.0, 0.4954555928707123
0, 322.0, 195.0, 17.0, 13.0, 0.4852660000324249
0, 24.0, 449.0, 21.0, 24.0, 0.48326224088668823
0, 304.0, 201.0, 16.0, 16.0, 0.47696202993392944
0, 292.0, 212.0, 17.0, 18.0, 0.47639063000679016
0, 906.0, 880.0, 17.0, 16.0, 0.47399285435676575
0, 253.0, 319.0, 20.0, 17.0, 0.47221633791923523
0, 258.0, 162.0, 18.0, 17.0, 0.4706822335720062
0, 872.0, 100.0, 18.0, 18.0, 0.470011442899704
0, 923.0, 857.0, 16.0, 17.0, 0.4696901738643646
0, 308.0, 73.0, 16.0, 16.0, 0.467780739068985
0, 648.0, 147.0, 17.0, 16.0, 0.4671841263771057
0, 675.0, 159.0, 19.0, 16.0, 0.4658360183238983
0, 955.0, 11.0, 17.0, 20.0, 0.46127262711524963
0, 588.0, 150.0, 20.0, 17.0, 0.4570326805114746
0, 296.0, 350.0, 17.0, 17.0, 0.45685863494873047
0, 320.0, 135.0, 17.0, 20.0, 0.4559069573879242
0, 730.0, 72.0, 17.0, 23.0, 0.45481711626052856
0, 112.0, 277.0, 16.0, 20.0, 0.45012786984443665
0, 648.0, 244.0, 20.0, 15.0, 0.44513243436813354
0, 120.0, 257.0, 16.0, 22.0, 0.4425925016403198
0, 617.0, 97.0, 16.0, 16.0, 0.4376509487628937
0, 688.0, 25.0, 16.0, 16.0, 0.4375793933868408
0, 43.0, 416.0, 19.0, 22.0, 0.43594685196876526
0, 89.0, 239.0, 18.0, 19.0, 0.43430864810943604
0, 631.0, 62.0, 15.0, 17.0, 0.4331682026386261
0, 710.0, 9.0, 17.0, 17.0, 0.43304887413978577
0, 595.0, 25.0, 14.0, 17.0, 0.43224695324897766
0, 921.0, 13.0, 16.0, 20.0, 0.4211558699607849
0, 681.0, 75.0, 14.0, 17.0, 0.4210355281829834
0, 918.0, 50.0, 20.0, 21.0, 0.4207162857055664
0, 54.0, 370.0, 17.0, 17.0, 0.42004677653312683
0, 939.0, 846.0, 19.0, 15.0, 0.40968185663223267
0, 320.0, 181.0, 19.0, 14.0, 0.4052470028400421
0, 105.0, 329.0, 17.0, 22.0, 0.4005829691886902
0, 764.0, 88.0, 16.0, 16.0, 0.3963944613933563
0, 323.0, 298.0, 17.0, 18.0, 0.3912135660648346
0, 692.0, 189.0, 24.0, 18.0, 0.3904239237308502
0, 826.0, 103.0, 16.0, 17.0, 0.3899526298046112
0, 825.0, 63.0, 16.0, 18.0, 0.3892730176448822
0, 777.0, 43.0, 17.0, 20.0, 0.3865923285484314
0, 386.0, 82.0, 20.0, 18.0, 0.3806263506412506
0, 670.0, 224.0, 17.0, 15.0, 0.38004785776138306
0, 32.0, 233.0, 17.0, 21.0, 0.3775366544723511
0, 28.0, 278.0, 17.0, 17.0, 0.3763297200202942
0, 871.0, 914.0, 19.0, 19.0, 0.3736577033996582
0, 79.0, 342.0, 18.0, 14.0, 0.362807035446167
0, 803.0, 89.0, 19.0, 18.0, 0.3595910370349884
0, 602.0, 58.0, 17.0, 19.0, 0.3541143536567688
0, 231.0, 301.0, 16.0, 21.0, 0.35320955514907837
0, 735.0, 6.0, 16.0, 12.0, 0.3513185381889343
0, 248.0, 345.0, 20.0, 18.0, 0.34982597827911377
0, 238.0, 174.0, 18.0, 22.0, 0.3399825394153595
0, 659.0, 35.0, 17.0, 17.0, 0.3298012614250183
0, 19.0, 333.0, 16.0, 17.0, 0.32747122645378113
0, 102.0, 254.0, 19.0, 22.0, 0.32663583755493164
0, 38.0, 250.0, 15.0, 17.0, 0.3195115029811859
0, 325.0, 99.0, 13.0, 17.0, 0.3130953907966614
0, 631.0, 218.0, 20.0, 17.0, 0.3101416230201721
0, 936.0, 11.0, 16.0, 22.0, 0.30553680658340454
0, 906.0, 6.0, 18.0, 12.0, 0.29876044392585754
0, 560.0, 142.0, 16.0, 16.0, 0.296972393989563
0, 340.0, 198.0, 16.0, 16.0, 0.2960174083709717
0, 201.0, 49.0, 19.0, 17.0, 0.2959235608577728
0, 911.0, 839.0, 16.0, 13.0, 0.29322218894958496
0, 946.0, 921.0, 16.0, 19.0, 0.28733107447624207
0, 389.0, 103.0, 16.0, 23.0, 0.2865683436393738
0, 361.0, 129.0, 17.0, 18.0, 0.2779281735420227
0, 586.0, 43.0, 17.0, 23.0, 0.2752269506454468
0, 361.0, 184.0, 20.0, 19.0, 0.2744506299495697
0, 45.0, 269.0, 20.0, 16.0, 0.273234486579895
0, 558.0, 118.0, 13.0, 20.0, 0.2692294716835022
0, 861.0, 876.0, 16.0, 13.0, 0.26637399196624756
0, 6.0, 356.0, 12.0, 18.0, 0.26588067412376404
0, 774.0, 13.0, 18.0, 21.0, 0.26476114988327026
0, 72.0, 357.0, 22.0, 17.0, 0.2630334198474884
0, 305.0, 334.0, 20.0, 18.0, 0.2554232180118561
0, 650.0, 218.0, 18.0, 21.0, 0.25500157475471497
0, 604.0, 9.0, 15.0, 19.0, 0.25212493538856506
0, 341.0, 68.0, 18.0, 13.0, 0.2509751319885254
0, 630.0, 143.0, 18.0, 16.0, 0.24664367735385895
0, 690.0, 89.0, 16.0, 18.0, 0.24449452757835388
0, 973.0, 7.0, 21.0, 14.0, 0.2437339872121811
0, 592.0, 166.0, 15.0, 15.0, 0.24267098307609558
0, 635.0, 9.0, 17.0, 17.0, 0.24071387946605682
0, 922.0, 903.0, 19.0, 16.0, 0.24057655036449432
0, 847.0, 109.0, 18.0, 16.0, 0.2322055846452713
0, 633.0, 258.0, 21.0, 23.0, 0.22930921614170074
0, 312.0, 358.0, 19.0, 20.0, 0.22562728822231293
0, 238.0, 125.0, 17.0, 22.0, 0.22426466643810272
0, 653.0, 87.0, 14.0, 19.0, 0.2217547595500946
0, 232.0, 250.0, 18.0, 18.0, 0.22082994878292084
0, 545.0, 151.0, 16.0, 14.0, 0.2207542359828949
0, 254.0, 128.0, 17.0, 18.0, 0.2191346138715744
0, 320.0, 151.0, 16.0, 15.0, 0.21900159120559692
0, 714.0, 217.0, 19.0, 18.0, 0.21889980137348175
0, 862.0, 54.0, 17.0, 19.0, 0.2178775519132614
0, 747.0, 23.0, 15.0, 19.0, 0.2178615927696228
0, 839.0, 901.0, 20.0, 20.0, 0.21398745477199554
0, 938.0, 33.0, 19.0, 19.0, 0.2134784609079361
0, 590.0, 195.0, 16.0, 14.0, 0.2121896743774414
0, 223.0, 130.0, 22.0, 19.0, 0.21020883321762085
0, 639.0, 192.0, 17.0, 16.0, 0.2101757824420929
0, 6.0, 497.0, 13.0, 16.0, 0.20881350338459015
0, 694.0, 244.0, 17.0, 15.0, 0.20833496749401093
0, 6.0, 451.0, 13.0, 18.0, 0.20807470381259918
0, 711.0, 66.0, 16.0, 16.0, 0.20800456404685974
0, 724.0, 244.0, 23.0, 21.0, 0.2066776603460312
0, 714.0, 47.0, 17.0, 22.0, 0.20472010970115662
0, 44.0, 283.0, 18.0, 15.0, 0.2012740820646286
0, 45.0, 315.0, 16.0, 16.0, 0.20063291490077972
0, 632.0, 158.0, 16.0, 13.0, 0.19728903472423553
0, 606.0, 228.0, 20.0, 16.0, 0.19378027319908142
0, 86.0, 208.0, 19.0, 20.0, 0.19318512082099915
0, 954.0, 837.0, 16.0, 20.0, 0.19226621091365814
0, 110.0, 234.0, 16.0, 15.0, 0.19102321565151215
0, 766.0, 54.0, 16.0, 18.0, 0.1903553009033203
0, 271.0, 179.0, 15.0, 17.0, 0.18621976673603058
0, 902.0, 854.0, 14.0, 18.0, 0.185783252120018
0, 283.0, 105.0, 16.0, 20.0, 0.1836603581905365
0, 927.0, 951.0, 14.0, 15.0, 0.1820402592420578
0, 619.0, 499.0, 19.0, 18.0, 0.18166954815387726
0, 937.0, 381.0, 18.0, 17.0, 0.17922525107860565
0, 643.0, 165.0, 15.0, 19.0, 0.17908234894275665
0, 588.0, 143.0, 21.0, 22.0, 0.1779845952987671
0, 59.0, 315.0, 13.0, 18.0, 0.1742217093706131
0, 905.0, 70.0, 20.0, 18.0, 0.17146442830562592
0, 964.0, 468.0, 19.0, 19.0, 0.17081639170646667
0, 798.0, 109.0, 23.0, 22.0, 0.16927391290664673
0, 877.0, 858.0, 14.0, 17.0, 0.1689901500940323
0, 242.0, 285.0, 22.0, 18.0, 0.16649363934993744
0, 117.0, 263.0, 18.0, 17.0, 0.1619555503129959
0, 959.0, 29.0, 18.0, 16.0, 0.1588612198829651
0, 51.0, 173.0, 16.0, 23.0, 0.15775179862976074
0, 197.0, 10.0, 22.0, 16.0, 0.15758825838565826
0, 651.0, 228.0, 17.0, 13.0, 0.1533290594816208
0, 217.0, 187.0, 19.0, 15.0, 0.15256725251674652
0, 920.0, 800.0, 16.0, 15.0, 0.15191395580768585
0, 593.0, 55.0, 24.0, 19.0, 0.1513313353061676
0, 699.0, 37.0, 18.0, 17.0, 0.15036486089229584
0, 978.0, 20.0, 19.0, 20.0, 0.15001243352890015
0, 359.0, 151.0, 23.0, 16.0, 0.14263787865638733
0, 102.0, 307.0, 21.0, 19.0, 0.13874833285808563
0, 723.0, 50.0, 14.0, 23.0, 0.13696369528770447
0, 674.0, 182.0, 18.0, 20.0, 0.1360550969839096
0, 896.0, 50.0, 19.0, 19.0, 0.13574737310409546
0, 289.0, 366.0, 18.0, 12.0, 0.13564039766788483
0, 6.0, 246.0, 13.0, 22.0, 0.13542766869068146
0, 961.0, 934.0, 17.0, 13.0, 0.1354190707206726
0, 306.0, 128.0, 18.0, 19.0, 0.13493314385414124
0, 903.0, 399.0, 17.0, 17.0, 0.13195839524269104
0, 270.0, 227.0, 28.0, 24.0, 0.12981872260570526
0, 710.0, 42.0, 17.0, 19.0, 0.1282501369714737
0, 682.0, 178.0, 20.0, 19.0, 0.12654556334018707
0, 665.0, 251.0, 15.0, 13.0, 0.12403281033039093
0, 343.0, 80.0, 20.0, 14.0, 0.12325990945100784
0, 46.0, 194.0, 17.0, 21.0, 0.12087977677583694
0, 647.0, 155.0, 18.0, 18.0, 0.12003468722105026
0, 738.0, 89.0, 18.0, 21.0, 0.11510384827852249
0, 834.0, 883.0, 18.0, 15.0, 0.11343079060316086
0, 921.0, 34.0, 15.0, 13.0, 0.11299493163824081
0, 916.0, 985.0, 18.0, 18.0, 0.11031410843133926
0, 310.0, 87.0, 16.0, 18.0, 0.1102316826581955
0, 902.0, 903.0, 16.0, 17.0, 0.10975904017686844
0, 384.0, 43.0, 21.0, 18.0, 0.10975116491317749
0, 602.0, 259.0, 20.0, 19.0, 0.10786094516515732
0, 316.0, 165.0, 19.0, 18.0, 0.10732083767652512
0, 582.0, 34.0, 16.0, 16.0, 0.10718617588281631
0, 940.0, 954.0, 12.0, 13.0, 0.10472520440816879
0, 975.0, 452.0, 15.0, 15.0, 0.10389263182878494
0, 608.0, 41.0, 18.0, 17.0, 0.10000055283308029
0, 711.0, 118.0, 23.0, 16.0, 0.09910502284765244
0, 931.0, 918.0, 14.0, 15.0, 0.09751519560813904
0, 921.0, 884.0, 12.0, 14.0, 0.09576192498207092
0, 319.0, 345.0, 13.0, 13.0, 0.09357044845819473
0, 980.0, 356.0, 15.0, 14.0, 0.09339761734008789
0, 582.0, 212.0, 27.0, 23.0, 0.0929793193936348
0, 986.0, 368.0, 15.0, 14.0, 0.09151032567024231
0, 848.0, 945.0, 16.0, 16.0, 0.09087269753217697
0, 39.0, 391.0, 17.0, 25.0, 0.08851833641529083
0, 865.0, 854.0, 13.0, 18.0, 0.08785241842269897
0, 343.0, 230.0, 24.0, 15.0, 0.08775869756937027
0, 304.0, 376.0, 23.0, 17.0, 0.0869399905204773
0, 726.0, 226.0, 18.0, 18.0, 0.08678046613931656
0, 876.0, 844.0, 14.0, 15.0, 0.08676060289144516
0, 899.0, 775.0, 18.0, 18.0, 0.0856032520532608
0, 877.0, 728.0, 20.0, 23.0, 0.08511673659086227
0, 325.0, 84.0, 14.0, 15.0, 0.08264337480068207
0, 757.0, 98.0, 19.0, 20.0, 0.08202406764030457
0, 69.0, 258.0, 15.0, 22.0, 0.08025697618722916
0, 121.0, 318.0, 13.0, 17.0, 0.08003973215818405
0, 277.0, 142.0, 20.0, 19.0, 0.07816699147224426
0, 268.0, 110.0, 13.0, 16.0, 0.0777445062994957
0, 989.0, 391.0, 15.0, 15.0, 0.07725384086370468
