0, 322.0, 287.0, 19.0, 18.0, 0.5774590373039246
0, 224.0, 85.0, 20.0, 19.0, 0.5305221676826477
0, 910.0, 113.0, 20.0, 17.0, 0.49662086367607117
0, 398.0, 353.0, 16.0, 17.0, 0.47613275051116943
0, 389.0, 319.0, 19.0, 17.0, 0.471001535654068
0, 328.0, 257.0, 19.0, 20.0, 0.46154454350471497
0, 221.0, 139.0, 19.0, 18.0, 0.44570672512054443
0, 194.0, 65.0, 18.0, 18.0, 0.4319450557231903
0, 967.0, 130.0, 18.0, 17.0, 0.4243505001068115
0, 458.0, 351.0, 21.0, 19.0, 0.4207566976547241
0, 884.0, 339.0, 18.0, 17.0, 0.4059407114982605
0, 344.0, 312.0, 19.0, 17.0, 0.39001554250717163
0, 353.0, 263.0, 21.0, 19.0, 0.3847423791885376
0, 342.0, 294.0, 19.0, 17.0, 0.3773062825202942
0, 308.0, 236.0, 18.0, 18.0, 0.3740306794643402
0, 417.0, 357.0, 17.0, 13.0, 0.3485965430736542
0, 201.0, 85.0, 20.0, 19.0, 0.3454166054725647
0, 369.0, 372.0, 21.0, 21.0, 0.3427293002605438
0, 924.0, 102.0, 19.0, 16.0, 0.33880814909935
0, 514.0, 140.0, 22.0, 19.0, 0.3319564163684845
0, 726.0, 454.0, 18.0, 17.0, 0.31405848264694214
0, 22.0, 862.0, 20.0, 21.0, 0.30928027629852295
0, 700.0, 449.0, 18.0, 19.0, 0.305527925491333
0, 366.0, 84.0, 18.0, 21.0, 0.30297601222991943
0, 985.0, 76.0, 16.0, 16.0, 0.30276718735694885
0, 349.0, 77.0, 18.0, 17.0, 0.2987975776195526
0, 371.0, 861.0, 19.0, 20.0, 0.29241234064102173
0, 364.0, 105.0, 19.0, 17.0, 0.282027006149292
0, 238.0, 148.0, 17.0, 18.0, 0.27882397174835205
0, 454.0, 131.0, 20.0, 21.0, 0.2752498984336853
0, 665.0, 470.0, 18.0, 18.0, 0.2690926194190979
0, 44.0, 289.0, 21.0, 17.0, 0.26605096459388733
0, 344.0, 100.0, 17.0, 15.0, 0.2613873779773712
0, 569.0, 186.0, 21.0, 15.0, 0.2603849768638611
0, 925.0, 355.0, 22.0, 20.0, 0.2595336139202118
0, 887.0, 301.0, 21.0, 16.0, 0.2561832368373871
0, 404.0, 259.0, 17.0, 18.0, 0.25388631224632263
0, 364.0, 308.0, 19.0, 16.0, 0.2519603371620178
0, 551.0, 698.0, 21.0, 17.0, 0.251804918050766
0, 228.0, 7.0, 17.0, 15.0, 0.2510754466056824
0, 238.0, 106.0, 19.0, 20.0, 0.247877299785614
0, 864.0, 200.0, 19.0, 16.0, 0.24773138761520386
0, 205.0, 759.0, 22.0, 19.0, 0.24229373037815094
0, 626.0, 719.0, 23.0, 18.0, 0.24169163405895233
0, 229.0, 960.0, 18.0, 19.0, 0.23894517123699188
0, 936.0, 136.0, 21.0, 17.0, 0.23137860000133514
0, 461.0, 149.0, 21.0, 19.0, 0.22857509553432465
0, 260.0, 259.0, 18.0, 21.0, 0.22790122032165527
0, 178.0, 141.0, 19.0, 19.0, 0.22702358663082123
0, 747.0, 400.0, 21.0, 17.0, 0.2259306013584137
0, 959.0, 373.0, 19.0, 17.0, 0.22443969547748566
0, 960.0, 206.0, 16.0, 19.0, 0.22438287734985352
0, 664.0, 712.0, 19.0, 17.0, 0.22173702716827393
0, 865.0, 825.0, 21.0, 17.0, 0.21678215265274048
0, 721.0, 761.0, 22.0, 20.0, 0.2109864503145218
0, 6.0, 661.0, 13.0, 19.0, 0.2092338353395462
0, 947.0, 76.0, 22.0, 19.0, 0.20655785501003265
0, 701.0, 748.0, 19.0, 17.0, 0.20583193004131317
0, 931.0, 59.0, 22.0, 17.0, 0.20342066884040833
0, 795.0, 134.0, 17.0, 18.0, 0.20286701619625092
0, 887.0, 161.0, 18.0, 16.0, 0.19917629659175873
0, 490.0, 958.0, 19.0, 21.0, 0.19657090306282043
0, 235.0, 127.0, 16.0, 18.0, 0.19170185923576355
0, 645.0, 861.0, 20.0, 15.0, 0.1907844841480255
0, 629.0, 641.0, 20.0, 17.0, 0.1907787322998047
0, 429.0, 865.0, 18.0, 18.0, 0.18922638893127441
0, 184.0, 579.0, 18.0, 21.0, 0.18844608962535858
0, 902.0, 216.0, 19.0, 16.0, 0.18819424510002136
0, 649.0, 899.0, 18.0, 19.0, 0.1868467479944229
0, 311.0, 275.0, 15.0, 19.0, 0.18680600821971893
0, 704.0, 914.0, 23.0, 18.0, 0.18283432722091675
0, 516.0, 42.0, 17.0, 17.0, 0.1816108077764511
0, 794.0, 346.0, 23.0, 17.0, 0.18125846982002258
0, 676.0, 20.0, 17.0, 16.0, 0.1804753541946411
0, 589.0, 182.0, 17.0, 22.0, 0.17999617755413055
0, 41.0, 644.0, 20.0, 17.0, 0.1786891520023346
0, 818.0, 159.0, 17.0, 18.0, 0.1779738813638687
0, 304.0, 324.0, 18.0, 18.0, 0.1755729764699936
0, 838.0, 320.0, 15.0, 13.0, 0.1750641018152237
0, 952.0, 358.0, 19.0, 18.0, 0.17450807988643646
0, 911.0, 331.0, 17.0, 16.0, 0.17361249029636383
0, 309.0, 120.0, 19.0, 16.0, 0.17196854948997498
0, 768.0, 525.0, 15.0, 18.0, 0.17173703014850616
0, 156.0, 157.0, 19.0, 19.0, 0.17008379101753235
0, 779.0, 678.0, 19.0, 19.0, 0.16977515816688538
0, 873.0, 218.0, 15.0, 14.0, 0.16951608657836914
0, 655.0, 647.0, 20.0, 19.0, 0.16909638047218323
0, 197.0, 144.0, 18.0, 16.0, 0.16508100926876068
0, 366.0, 327.0, 22.0, 17.0, 0.16122032701969147
0, 735.0, 497.0, 17.0, 16.0, 0.15953974425792694
0, 444.0, 368.0, 16.0, 18.0, 0.15845134854316711
0, 900.0, 232.0, 19.0, 18.0, 0.15774346888065338
0, 276.0, 239.0, 19.0, 18.0, 0.1562807410955429
0, 332.0, 123.0, 19.0, 15.0, 0.15505921840667725
0, 324.0, 134.0, 20.0, 19.0, 0.15502223372459412
0, 788.0, 157.0, 17.0, 18.0, 0.15352396667003632
0, 939.0, 190.0, 18.0, 18.0, 0.15310943126678467
0, 624.0, 910.0, 21.0, 19.0, 0.15181080996990204
0, 28.0, 894.0, 18.0, 18.0, 0.14957788586616516
0, 723.0, 903.0, 20.0, 19.0, 0.14784951508045197
0, 368.0, 343.0, 22.0, 15.0, 0.14649736881256104
0, 447.0, 334.0, 18.0, 19.0, 0.1458817571401596
0, 180.0, 83.0, 18.0, 16.0, 0.14526613056659698
0, 551.0, 35.0, 18.0, 20.0, 0.14486131072044373
0, 878.0, 137.0, 18.0, 21.0, 0.14348053932189941
0, 607.0, 599.0, 22.0, 20.0, 0.14232763648033142
0, 681.0, 718.0, 18.0, 18.0, 0.14156512916088104
0, 784.0, 538.0, 19.0, 15.0, 0.14067351818084717
0, 701.0, 774.0, 18.0, 20.0, 0.14021581411361694
0, 151.0, 97.0, 18.0, 14.0, 0.13899244368076324
0, 569.0, 167.0, 22.0, 17.0, 0.1361609697341919
0, 933.0, 172.0, 15.0, 16.0, 0.13415171205997467
0, 247.0, 182.0, 18.0, 21.0, 0.13310055434703827
0, 227.0, 191.0, 20.0, 16.0, 0.12943381071090698
0, 391.0, 106.0, 21.0, 18.0, 0.12485602498054504
0, 295.0, 599.0, 18.0, 20.0, 0.12453349679708481
0, 511.0, 21.0, 17.0, 19.0, 0.12309862673282623
0, 670.0, 869.0, 20.0, 16.0, 0.12250957638025284
0, 917.0, 210.0, 18.0, 14.0, 0.12130006402730942
0, 23.0, 969.0, 16.0, 17.0, 0.11987897753715515
0, 162.0, 89.0, 20.0, 19.0, 0.11956235766410828
0, 944.0, 341.0, 19.0, 18.0, 0.11942718923091888
0, 933.0, 953.0, 17.0, 18.0, 0.11928283423185349
0, 331.0, 151.0, 17.0, 16.0, 0.11856591701507568
0, 765.0, 308.0, 20.0, 18.0, 0.11838120967149734
0, 498.0, 147.0, 17.0, 17.0, 0.11797024309635162
0, 53.0, 274.0, 18.0, 16.0, 0.11783434450626373
0, 562.0, 722.0, 20.0, 22.0, 0.11575344949960709
0, 638.0, 767.0, 18.0, 19.0, 0.11504435539245605
0, 91.0, 379.0, 17.0, 18.0, 0.11303356289863586
0, 598.0, 863.0, 19.0, 17.0, 0.11263822019100189
0, 22.0, 829.0, 18.0, 17.0, 0.11013489216566086
0, 298.0, 282.0, 16.0, 21.0, 0.10764840990304947
0, 813.0, 312.0, 17.0, 16.0, 0.10697243362665176
0, 667.0, 904.0, 19.0, 20.0, 0.10640661418437958
0, 402.0, 371.0, 18.0, 16.0, 0.105754554271698
0, 941.0, 33.0, 20.0, 19.0, 0.10558062791824341
0, 653.0, 877.0, 18.0, 17.0, 0.10549226403236389
0, 908.0, 348.0, 19.0, 15.0, 0.10490623116493225
0, 219.0, 929.0, 16.0, 17.0, 0.10450659692287445
0, 814.0, 278.0, 17.0, 20.0, 0.10174470394849777
0, 868.0, 348.0, 15.0, 15.0, 0.10112305730581284
0, 58.0, 385.0, 17.0, 19.0, 0.10064162313938141
0, 605.0, 149.0, 21.0, 19.0, 0.09977979958057404
0, 193.0, 119.0, 17.0, 17.0, 0.09971069544553757
0, 675.0, 924.0, 20.0, 20.0, 0.09961161762475967
0, 759.0, 145.0, 20.0, 19.0, 0.09910941869020462
0, 716.0, 120.0, 17.0, 18.0, 0.09835001826286316
0, 823.0, 214.0, 21.0, 16.0, 0.09695994853973389
0, 752.0, 533.0, 19.0, 21.0, 0.0961420089006424
0, 877.0, 796.0, 22.0, 17.0, 0.09611199796199799
0, 909.0, 846.0, 18.0, 21.0, 0.0943048968911171
0, 426.0, 369.0, 21.0, 17.0, 0.09371241927146912
0, 565.0, 646.0, 18.0, 18.0, 0.09367986768484116
0, 444.0, 558.0, 22.0, 15.0, 0.093248151242733
0, 273.0, 167.0, 16.0, 17.0, 0.09305799007415771
0, 458.0, 374.0, 17.0, 16.0, 0.09257838129997253
0, 464.0, 406.0, 16.0, 19.0, 0.0923963338136673
0, 274.0, 16.0, 19.0, 23.0, 0.09177800267934799
0, 296.0, 262.0, 17.0, 17.0, 0.09154696762561798
0, 961.0, 44.0, 19.0, 18.0, 0.09105097502470016
0, 797.0, 315.0, 16.0, 12.0, 0.09069537371397018
0, 143.0, 80.0, 18.0, 18.0, 0.09060712903738022
0, 39.0, 260.0, 16.0, 14.0, 0.0900014340877533
0, 16.0, 346.0, 21.0, 21.0, 0.08963686227798462
0, 602.0, 617.0, 16.0, 15.0, 0.08958170562982559
0, 538.0, 140.0, 17.0, 15.0, 0.08881442993879318
0, 400.0, 275.0, 21.0, 18.0, 0.08864865452051163
0, 694.0, 480.0, 19.0, 20.0, 0.0884050652384758
0, 401.0, 520.0, 21.0, 19.0, 0.08787935972213745
0, 956.0, 662.0, 19.0, 17.0, 0.08775947242975235
0, 478.0, 390.0, 18.0, 17.0, 0.08760562539100647
0, 29.0, 306.0, 18.0, 18.0, 0.08474456518888474
0, 427.0, 292.0, 15.0, 16.0, 0.08391941338777542
0, 956.0, 53.0, 23.0, 15.0, 0.08344675600528717
0, 692.0, 864.0, 21.0, 20.0, 0.08212653547525406
0, 264.0, 918.0, 17.0, 20.0, 0.08208057284355164
0, 221.0, 743.0, 18.0, 18.0, 0.08201916515827179
0, 363.0, 550.0, 19.0, 17.0, 0.08073683083057404
0, 806.0, 175.0, 24.0, 18.0, 0.08071278780698776
0, 720.0, 436.0, 18.0, 16.0, 0.07961380481719971
0, 378.0, 888.0, 20.0, 17.0, 0.07919688522815704
0, 972.0, 221.0, 16.0, 17.0, 0.07827670127153397
0, 822.0, 327.0, 18.0, 17.0, 0.07765897363424301
0, 61.0, 857.0, 19.0, 17.0, 0.07709241658449173
0, 985.0, 228.0, 17.0, 18.0, 0.07702939957380295
0, 471.0, 886.0, 20.0, 18.0, 0.07674196362495422
0, 722.0, 38.0, 20.0, 17.0, 0.07670411467552185
0, 434.0, 595.0, 15.0, 15.0, 0.07634183764457703
0, 572.0, 828.0, 17.0, 18.0, 0.07618219405412674
0, 740.0, 673.0, 19.0, 17.0, 0.07532492280006409
0, 415.0, 346.0, 17.0, 11.0, 0.07516296207904816
0, 476.0, 668.0, 16.0, 19.0, 0.07483368366956711
0, 547.0, 169.0, 22.0, 18.0, 0.07313541322946548
0, 424.0, 612.0, 22.0, 19.0, 0.07312701642513275
0, 493.0, 671.0, 16.0, 15.0, 0.07261495292186737
0, 443.0, 814.0, 17.0, 18.0, 0.07198560982942581
0, 373.0, 752.0, 23.0, 19.0, 0.07170859724283218
0, 108.0, 353.0, 23.0, 17.0, 0.07155036926269531
0, 330.0, 239.0, 19.0, 16.0, 0.07152937352657318
0, 903.0, 192.0, 18.0, 14.0, 0.07129570096731186
0, 889.0, 144.0, 19.0, 17.0, 0.07115310430526733
0, 8.0, 970.0, 16.0, 18.0, 0.071033775806427
0, 336.0, 607.0, 27.0, 20.0, 0.07051471620798111
0, 855.0, 366.0, 19.0, 14.0, 0.07050148397684097
0, 516.0, 932.0, 17.0, 20.0, 0.06813900917768478
0, 311.0, 611.0, 16.0, 18.0, 0.06753537058830261
0, 615.0, 878.0, 19.0, 18.0, 0.06753413379192352
0, 825.0, 242.0, 23.0, 17.0, 0.06651540100574493
0, 330.0, 323.0, 19.0, 15.0, 0.06643825769424438
0, 419.0, 326.0, 24.0, 16.0, 0.0658869668841362
0, 205.0, 713.0, 20.0, 17.0, 0.06547387689352036
0, 532.0, 930.0, 16.0, 18.0, 0.06515886634588242
0, 644.0, 603.0, 14.0, 18.0, 0.0648251622915268
0, 626.0, 657.0, 20.0, 17.0, 0.06476110219955444
0, 409.0, 868.0, 21.0, 21.0, 0.06467466056346893
0, 205.0, 739.0, 19.0, 18.0, 0.06446681171655655
0, 6.0, 876.0, 13.0, 21.0, 0.06314188241958618
0, 658.0, 787.0, 18.0, 20.0, 0.06287887692451477
0, 554.0, 593.0, 24.0, 18.0, 0.06218745559453964
0, 843.0, 228.0, 17.0, 17.0, 0.062158964574337006
0, 671.0, 899.0, 21.0, 25.0, 0.06154140830039978
0, 623.0, 735.0, 20.0, 16.0, 0.06127954646945
0, 254.0, 154.0, 17.0, 21.0, 0.06097517907619476
0, 442.0, 290.0, 14.0, 19.0, 0.06078989803791046
0, 549.0, 739.0, 23.0, 20.0, 0.06053672730922699
0, 370.0, 256.0, 17.0, 14.0, 0.060482099652290344
