0, 93, 406, 18, 21, 0.8886660933494568
0, 285, 77, 23, 21, 0.8369954824447632
0, 425, 269, 25, 21, 0.8361956477165222
0, 188, 8, 23, 16, 0.8034142255783081
0, 299, 155, 26, 19, 0.8033240437507629
0, 71, 175, 20, 24, 0.7848131060600281
0, 203, 247, 26, 22, 0.7629356384277344
0, 171, 355, 26, 21, 0.7603633403778076
0, 292, 8, 26, 16, 0.7452991604804993
0, 292, 423, 24, 20, 0.7418204545974731
0, 350, 379, 20, 19, 0.7400153875350952
0, 377, 361, 20, 20, 0.7237550616264343
0, 124, 147, 25, 21, 0.7185238599777222
0, 156, 32, 40, 36, 0.7079194188117981
0, 138, 163, 26, 23, 0.7039793133735657
0, 161, 85, 23, 20, 0.7014350295066833
0, 55, 392, 32, 35, 0.699627161026001
0, 203, 99, 26, 22, 0.6959658265113831
0, 182, 291, 27, 21, 0.6944749355316162
0, 97, 78, 28, 22, 0.6903356313705444
0, 318, 368, 48, 45, 0.6841298937797546
0, 50, 247, 20, 21, 0.670964777469635
0, 501, 118, 20, 21, 0.657294511795044
0, 454, 350, 19, 29, 0.6559150218963623
0, 299, 114, 26, 26, 0.6553890109062195
0, 271, 404, 27, 19, 0.6521613597869873
0, 362, 413, 41, 47, 0.6448121666908264
0, 444, 389, 26, 25, 0.6438201069831848
0, 347, 262, 29, 33, 0.6289089918136597
0, 476, 280, 27, 21, 0.6260057091712952
0, 312, 293, 53, 80, 0.6209797859191895
0, 324, 239, 25, 20, 0.6121578812599182
0, 226, 81, 26, 23, 0.5893443822860718
0, 100, 304, 22, 22, 0.5838280916213989
0, 495, 29, 32, 48, 0.5818025469779968
0, 289, 448, 27, 19, 0.5795447826385498
0, 392, 195, 20, 16, 0.5782366394996643
0, 45, 272, 26, 23, 0.5682522058486938
0, 116, 482, 28, 22, 0.5561431050300598
0, 59, 424, 26, 23, 0.5472046136856079
0, 284, 474, 19, 18, 0.5460321307182312
0, 320, 80, 40, 53, 0.5388140678405762
0, 487, 330, 23, 23, 0.538475751876831
0, 14, 500, 27, 22, 0.5345874428749084
0, 31, 356, 25, 23, 0.5274985432624817
0, 219, 10, 24, 20, 0.5271292328834534
0, 391, 73, 29, 21, 0.5249311923980713
0, 482, 374, 55, 57, 0.5165469646453857
0, 5, 29, 10, 27, 0.5160883665084839
0, 425, 38, 62, 76, 0.5120576024055481
0, 501, 381, 19, 23, 0.4962836503982544
0, 19, 78, 25, 21, 0.4962310791015625
0, 458, 234, 34, 26, 0.49242421984672546
0, 461, 412, 25, 19, 0.4923887252807617
0, 71, 471, 21, 26, 0.4865938723087311
0, 507, 407, 9, 23, 0.478015273809433
0, 72, 25, 32, 28, 0.47743621468544006
0, 331, 468, 53, 56, 0.4637258052825928
0, 494, 178, 35, 31, 0.45597711205482483
0, 231, 497, 22, 25, 0.45472389459609985
0, 111, 457, 20, 18, 0.45312780141830444
0, 432, 334, 21, 20, 0.44500166177749634
0, 464, 195, 63, 45, 0.44029390811920166
0, 118, 15, 31, 29, 0.4374382793903351
0, 93, 355, 26, 19, 0.42733556032180786
0, 38, 324, 24, 22, 0.4268835186958313
0, 27, 434, 25, 21, 0.42195406556129456
0, 257, 148, 27, 27, 0.4214472770690918
0, 309, 507, 23, 8, 0.4205712378025055
0, 96, 241, 59, 54, 0.41737163066864014
0, 366, 218, 10, 13, 0.414829820394516
0, 272, 357, 25, 26, 0.41227561235427856
0, 246, 335, 31, 27, 0.4068396985530853
0, 60, 390, 44, 41, 0.4064014256000519
0, 361, 320, 43, 38, 0.4001484513282776
0, 141, 437, 26, 23, 0.3963679373264313
0, 98, 208, 26, 21, 0.3961856961250305
0, 8, 111, 16, 20, 0.3960024118423462
0, 86, 491, 19, 19, 0.39547213912010193
0, 433, 468, 16, 10, 0.3934013247489929
0, 155, 32, 37, 36, 0.3930562138557434
0, 317, 482, 23, 26, 0.39248478412628174
0, 429, 92, 46, 51, 0.3923921585083008
0, 407, 87, 25, 26, 0.382268488407135
0, 124, 384, 21, 22, 0.3801764249801636
0, 117, 15, 34, 31, 0.3800056576728821
0, 394, 17, 30, 35, 0.37540459632873535
0, 83, 4, 20, 8, 0.3731074035167694
0, 2, 128, 4, 16, 0.36923784017562866
0, 28, 193, 26, 25, 0.368576318025589
0, 497, 496, 26, 26, 0.36711975932121277
0, 253, 148, 35, 31, 0.36677423119544983
0, 291, 502, 28, 19, 0.36004123091697693
0, 254, 147, 38, 31, 0.3594591021537781
0, 398, 81, 44, 37, 0.3593953847885132
0, 226, 219, 24, 22, 0.3591324985027313
0, 181, 73, 48, 35, 0.3557567894458771
0, 101, 437, 22, 17, 0.3497818112373352
0, 481, 79, 22, 18, 0.34837689995765686
0, 209, 20, 43, 41, 0.34598642587661743
0, 387, 20, 42, 40, 0.341851145029068
0, 159, 192, 26, 24, 0.34152743220329285
0, 287, 332, 23, 20, 0.3370020389556885
0, 470, 64, 46, 47, 0.3359377086162567
0, 176, 509, 9, 5, 0.3319869041442871
0, 408, 43, 23, 27, 0.328432559967041
0, 127, 59, 31, 26, 0.323217511177063
0, 473, 18, 27, 31, 0.32270339131355286
0, 507, 227, 9, 21, 0.3200356960296631
0, 208, 184, 51, 42, 0.31711217761039734
0, 179, 477, 26, 24, 0.3167930841445923
0, 107, 270, 29, 36, 0.31435418128967285
0, 63, 101, 22, 19, 0.3052135705947876
0, 150, 411, 27, 30, 0.30463913083076477
0, 495, 107, 31, 43, 0.30235353112220764
0, 484, 151, 52, 36, 0.30208393931388855
0, 413, 500, 13, 14, 0.2999541461467743
0, 183, 214, 35, 43, 0.29419443011283875
0, 261, 9, 27, 19, 0.2934395968914032
0, 221, 361, 29, 25, 0.29095733165740967
0, 195, 132, 45, 31, 0.29078903794288635
0, 458, 236, 35, 29, 0.290600448846817
0, 53, 490, 24, 27, 0.29044726490974426
0, 221, 187, 24, 25, 0.2903224527835846
0, 168, 234, 12, 11, 0.2891422510147095
0, 158, 309, 22, 25, 0.2886675298213959
0, 263, 286, 24, 23, 0.28568270802497864
0, 302, 21, 46, 33, 0.2812666594982147
0, 133, 300, 26, 21, 0.2800925672054291
0, 218, 389, 21, 23, 0.27975478768348694
0, 507, 248, 9, 13, 0.27765175700187683
0, 351, 103, 20, 20, 0.27484142780303955
0, 453, 97, 18, 17, 0.27061986923217773
0, 477, 205, 35, 24, 0.26969030499458313
0, 134, 244, 38, 30, 0.2675209045410156
0, 100, 502, 22, 18, 0.26552480459213257
0, 190, 275, 52, 30, 0.2645398676395416
0, 315, 322, 24, 20, 0.26301100850105286
0, 235, 417, 36, 35, 0.2611830532550812
0, 363, 181, 28, 21, 0.25888553261756897
0, 482, 224, 20, 16, 0.25753912329673767
0, 117, 227, 20, 20, 0.25693628191947937
0, 19, 238, 28, 27, 0.25039365887641907
