1, 51, 177, 17, 20, 0.9121874747389083
1, 481, 170, 18, 21, 0.9781198117652893
1, 385, 166, 26, 30, 0.9840088761037169
1, 187, 76, 16, 20, 0.9696867109495113
1, 35, 355, 20, 20, 0.9835330452327837
1, 462, 84, 18, 20, 0.9583277465519683
1, 334, 494, 21, 18, 0.9408285306305354
1, 514, 536, 20, 21, 0.9479219769200901
1, 8, 87, 16, 21, 0.976696296347326
1, 551, 202, 16, 21, 0.9195584087650552
1, 133, 145, 16, 21, 0.8849538693477588
1, 412, 168, 17, 19, 0.9909871562845793
1, 140, 548, 17, 17, 0.920438885338691
1, 404, 33, 17, 21, 0.9470253606596344
1, 121, 505, 19, 23, 0.9627834925398062
1, 384, 368, 19, 20, 0.9413942350162174
1, 480, 199, 14, 22, 0.9380262943543312
1, 148, 418, 22, 19, 0.9140629245734746
1, 228, 488, 27, 18, 0.9413114762361761
1, 527, 248, 18, 19, 0.9383022625149069
1, 190, 203, 17, 16, 0.9680285279854213
1, 420, 189, 17, 20, 0.9562831922222647
1, 163, 244, 22, 20, 0.9808738179381962
1, 572, 150, 20, 19, 0.92957618958383
1, 518, 469, 20, 18, 0.9691547872276636
1, 387, 26, 17, 19, 0.95516233258426
1, 306, 429, 19, 17, 0.9579124853717252
1, 220, 67, 18, 19, 0.8803495851739416
1, 128, 72, 18, 21, 0.9720876713248964
1, 333, 410, 18, 18, 0.947866438569992
1, 263, 198, 16, 21, 0.9379905929268897
1, 507, 356, 16, 19, 0.955805453275564
1, 61, 61, 17, 18, 0.9409045123780579
1, 540, 409, 18, 16, 0.8670347288435983
1, 567, 327, 19, 20, 0.9374872457670936
1, 346, 83, 18, 21, 0.9389901395917496
1, 191, 47, 16, 21, 0.961496668384253
1, 545, 231, 19, 17, 0.9690149091269428
1, 12, 537, 17, 16, 0.9432224589509922
1, 441, 537, 18, 19, 0.9236631046042788
1, 597, 483, 17, 22, 0.9812612969271263
1, 583, 238, 17, 18, 0.985084292708873
1, 399, 262, 17, 18, 0.9313566296005366
1, 199, 436, 19, 19, 0.9733692935326086
1, 216, 326, 19, 18, 0.9879881222039106
1, 178, 181, 17, 20, 0.944366675811721
1, 15, 312, 19, 17, 0.9678022626089875
1, 567, 351, 19, 20, 0.9656573394897148
1, 65, 341, 19, 16, 0.8953334234514703
1, 488, 113, 17, 19, 0.9524494824919316
1, 306, 223, 18, 20, 0.9867586952459488
1, 596, 214, 19, 22, 0.9360905489835011
1, 606, 326, 17, 21, 0.857330493700256
1, 193, 227, 20, 19, 0.9549432809116305
1, 272, 108, 16, 21, 0.9372153051922365
1, 170, 9, 18, 19, 0.946861093819069
1, 312, 512, 20, 19, 0.934531296673214
1, 345, 56, 18, 20, 0.9501421274547597
1, 235, 201, 16, 19, 0.92848778582088
1, 159, 186, 17, 19, 0.9744674125994159
1, 335, 117, 20, 20, 0.9775620139784298
1, 35, 299, 22, 18, 0.9643918453768684
1, 365, 498, 22, 19, 0.9510678232208098
1, 438, 118, 19, 18, 0.9836210910316217
1, 321, 48, 17, 20, 0.9279632012031382
1, 468, 442, 23, 18, 0.9363081512353909
1, 246, 94, 20, 25, 0.861403594488237
1, 523, 370, 17, 18, 0.9773603840853806
1, 460, 202, 17, 19, 0.9607501293679959
1, 557, 539, 18, 20, 0.9624780220413285
1, 110, 94, 18, 21, 0.9852589495649293
1, 380, 427, 20, 17, 0.9914642361139139
1, 177, 324, 15, 22, 0.9407236405833745
1, 139, 117, 20, 22, 0.9628949914001073
1, 480, 462, 19, 21, 0.9570884371302111
1, 582, 470, 17, 18, 0.9700909862578724
1, 434, 164, 15, 21, 0.9531682842431715
1, 382, 517, 22, 19, 0.9388609713276046
1, 589, 259, 17, 20, 0.9711877611856065
1, 283, 306, 20, 18, 0.9332110855668858
1, 272, 223, 16, 23, 0.9130687921487541
1, 466, 229, 16, 17, 0.9819978939264181
1, 564, 510, 19, 19, 0.9366792567168505
1, 234, 24, 18, 20, 0.8941276946082143
1, 511, 59, 16, 17, 0.932568967446128
1, 282, 492, 15, 19, 0.9160601908899901
1, 10, 447, 19, 16, 0.9098335232360684
1, 589, 370, 18, 22, 0.9329685041412752
1, 176, 501, 16, 22, 0.8644069440550816
1, 143, 505, 16, 23, 0.9534724952620734
1, 303, 195, 18, 21, 0.9379040620223102
1, 419, 304, 19, 19, 0.9633158705757268
1, 519, 276, 21, 15, 0.9613274271141086
1, 606, 30, 16, 21, 0.8994277612167656
1, 345, 269, 17, 21, 0.8753664192289956
1, 429, 210, 22, 18, 0.981406326248947
1, 587, 337, 17, 21, 0.9423865239882603
1, 507, 418, 20, 17, 0.9380058401032646
1, 37, 397, 17, 19, 0.9593733431183065
1, 286, 253, 13, 21, 0.9428316184127725
1, 413, 546, 20, 16, 0.9680916439167401
1, 459, 496, 16, 22, 0.9139280516306707
1, 275, 160, 17, 15, 0.9297220464651763
1, 452, 281, 20, 19, 0.9882445380686714
1, 476, 415, 16, 15, 0.9083084631072451
1, 397, 99, 23, 21, 0.9261614413681054
1, 303, 375, 17, 17, 0.9854141454302144
1, 269, 262, 15, 24, 0.9739383350948108
1, 558, 164, 19, 21, 0.96289729567516
1, 243, 440, 18, 17, 0.944581324143206
1, 57, 285, 18, 16, 0.9343815518501671
1, 589, 523, 16, 18, 0.9516130035034647
1, 524, 511, 19, 16, 0.983469125237066
1, 106, 358, 21, 18, 0.8595977801605628
1, 83, 360, 20, 14, 0.9629595703084817
1, 211, 452, 17, 18, 0.9603635444971279
1, 367, 387, 16, 21, 0.9379029370412317
1, 402, 140, 22, 20, 0.9728554829252328
1, 174, 435, 21, 17, 0.9496694608188124
1, 462, 21, 16, 23, 0.9882423407436776
1, 377, 219, 16, 19, 0.9836387469492599
1, 54, 428, 14, 20, 0.9225067216746416
1, 396, 73, 19, 19, 0.9827372033074562
1, 94, 142, 16, 19, 0.9292113557002565
1, 204, 250, 18, 19, 0.9220239446507015
1, 424, 483, 18, 20, 0.91990729054961
1, 529, 426, 19, 21, 0.916737765341075
1, 293, 175, 16, 17, 0.9768544145386968
1, 511, 97, 19, 20, 0.957012796487647
1, 366, 42, 18, 17, 0.9305145326095193
1, 452, 164, 15, 18, 0.9379451476415526
1, 110, 482, 21, 17, 0.9845617210713205
1, 517, 491, 18, 18, 0.9881621070106983
1, 193, 127, 16, 25, 0.9324289778172006
1, 368, 539, 18, 19, 0.906604340454223
1, 99, 311, 18, 16, 0.9059492481552018
1, 494, 140, 18, 17, 0.9631454719804295
1, 214, 307, 15, 16, 0.8652861955761679
1, 451, 142, 17, 16, 0.9716121997243511
1, 365, 468, 17, 18, 0.9372637031823812
1, 138, 283, 22, 16, 0.9518684424153293
1, 17, 417, 19, 21, 0.9648500436267381
1, 76, 433, 18, 19, 0.9705120143851012
1, 32, 331, 20, 16, 0.9458531151067643
1, 132, 96, 16, 18, 0.9758286993538329
1, 606, 421, 16, 22, 0.8638514382325224
1, 383, 52, 16, 19, 0.9132894736468951
1, 516, 394, 23, 25, 0.9190418908664988
1, 346, 451, 18, 19, 0.9778189042700732
1, 324, 374, 16, 19, 0.9636093858736385
1, 320, 289, 18, 17, 0.9306029797201986
1, 250, 215, 18, 20, 0.9527601223647574
1, 10, 370, 18, 21, 0.9117638845260853
1, 479, 526, 18, 19, 0.9103042171017293
1, 481, 254, 15, 20, 0.9573635381457777
1, 317, 242, 23, 16, 0.9759304047153726
1, 66, 512, 16, 15, 0.9385515455268152
1, 76, 270, 15, 20, 0.9004088860771986
1, 236, 312, 16, 22, 0.8913024896408984
1, 546, 144, 18, 16, 0.9305005654772232
1, 280, 381, 16, 17, 0.9721642733358831
1, 321, 269, 14, 19, 0.9164786496923046
1, 518, 181, 15, 19, 0.9466663163395272
1, 132, 462, 21, 18, 0.9490695513642253
1, 9, 144, 16, 21, 0.9532612283082618
1, 311, 451, 26, 19, 0.8876239468936966
1, 325, 92, 16, 25, 0.9502960289014493
1, 464, 538, 16, 14, 0.9217794840969622
1, 471, 393, 16, 17, 0.9796825990827531
1, 415, 250, 15, 16, 0.8678674575497589
1, 8, 286, 17, 15, 0.8664522850786978
1, 220, 399, 17, 15, 0.9591483252552077
1, 54, 315, 17, 17, 0.9087795324628076
1, 521, 297, 19, 19, 0.9432623909382405
1, 375, 405, 19, 17, 0.88884362892436
1, 156, 336, 15, 14, 0.8363169826440044
1, 248, 242, 15, 25, 0.9202372829934006
1, 91, 180, 17, 20, 0.9085586271729076
1, 599, 397, 15, 19, 0.9491135216707244
1, 394, 241, 18, 17, 0.9912864293682717
1, 441, 334, 17, 20, 0.9645059193329988
1, 417, 87, 17, 19, 0.9120338241025927
1, 209, 32, 20, 26, 0.9299888017182154
1, 214, 268, 18, 19, 0.9658139018827981
1, 533, 175, 17, 23, 0.9623976987746945
1, 577, 400, 18, 28, 0.9535775093944117
1, 175, 128, 14, 18, 0.8203375206311025
1, 178, 538, 17, 18, 0.9718944213255724
1, 308, 22, 19, 18, 0.8421031914256518
1, 57, 405, 15, 20, 0.9691283245959567
1, 154, 89, 17, 29, 0.9466633512046334
1, 493, 553, 17, 17, 0.8272583184933949
1, 351, 331, 17, 23, 0.9533823855173248
1, 374, 243, 16, 16, 0.8930659389072706
1, 456, 47, 16, 18, 0.8478876081993144
1, 286, 281, 18, 19, 0.9246212593474857
1, 579, 501, 18, 21, 0.9631383190426089
1, 26, 158, 17, 21, 0.9258355453447662
1, 261, 494, 19, 18, 0.9267910532873588
1, 98, 291, 21, 16, 0.9568994980665492
1, 601, 151, 18, 17, 0.861633193733486
1, 536, 18, 15, 22, 0.8648539279114322
1, 390, 446, 16, 17, 0.9252853639664573
1, 238, 503, 14, 17, 0.9141995282260832
1, 49, 525, 16, 17, 0.893536151542426
1, 428, 382, 19, 22, 0.8751599559307786
1, 412, 468, 16, 15, 0.9642377635361747
1, 224, 420, 20, 22, 0.9509550559225174
1, 341, 529, 20, 22, 0.935146630552861
1, 564, 132, 19, 16, 0.9240518201847812
1, 190, 525, 12, 16, 0.8104485737068154
1, 137, 241, 24, 20, 0.9567450667185305
1, 317, 73, 13, 14, 0.9045807737216613
1, 440, 438, 21, 17, 0.9364138212893802
1, 86, 11, 15, 22, 0.8662155098739398
1, 347, 382, 15, 17, 0.9561536085857101
1, 232, 529, 21, 18, 0.8486157246396442
1, 575, 217, 16, 18, 0.9923795420138088
1, 560, 107, 27, 26, 0.9633692629466815
1, 443, 360, 15, 19, 0.8751478037440045
1, 94, 219, 21, 14, 0.8989003673097938
1, 560, 461, 16, 18, 0.9748712600736166
1, 48, 377, 21, 18, 0.9816911491492293
1, 31, 244, 18, 17, 0.9287209765408633
1, 195, 351, 18, 21, 0.9421793652838129
1, 134, 317, 19, 19, 0.9849317116350972
1, 163, 285, 19, 16, 0.9346118122751728
1, 189, 101, 23, 22, 0.9601544201896971
1, 446, 474, 17, 20, 0.9561166718995089
1, 399, 188, 16, 19, 0.9406121715605528
1, 118, 394, 19, 16, 0.9715638872974941
1, 61, 202, 27, 17, 0.8808415457193199
1, 494, 279, 18, 21, 0.9426138191830822
1, 366, 446, 17, 19, 0.9184363133221451
1, 225, 288, 20, 17, 0.9416951428553928
1, 84, 493, 19, 18, 0.9629814524000133
1, 577, 54, 19, 17, 0.8900055857923996
1, 354, 516, 19, 17, 0.9825114375948416
1, 164, 355, 20, 19, 0.973080658326176
1, 419, 505, 13, 15, 0.8418281367596114
1, 160, 320, 15, 14, 0.8819451848731489
1, 224, 382, 25, 16, 0.9445121212294183
1, 346, 187, 19, 22, 0.9414317055857226
1, 469, 155, 18, 19, 0.9451821542751124
1, 482, 24, 18, 26, 0.9597120750266538
1, 527, 70, 17, 24, 0.9591268827245195
1, 72, 533, 16, 14, 0.8804527709054757
1, 96, 397, 15, 14, 0.8855728326101907
1, 379, 331, 18, 28, 0.9663719320325934
1, 439, 261, 19, 16, 0.9166673049243665
1, 562, 245, 20, 25, 0.9374264339498399
1, 273, 474, 17, 16, 0.8988898972502332
1, 604, 454, 19, 19, 0.8588131822580687
1, 565, 74, 19, 19, 0.9636276639662277
1, 504, 9, 16, 17, 0.9807256444608515
1, 161, 519, 17, 13, 0.9003933944659175
1, 371, 89, 19, 19, 0.9158056624001133
1, 213, 117, 17, 25, 0.9391723567806125
1, 96, 469, 18, 14, 0.9015563442939666
1, 357, 23, 19, 17, 0.8736390928460664
1, 423, 63, 22, 16, 0.9223102495712406
1, 48, 265, 18, 17, 0.9623603242753995
1, 49, 480, 19, 18, 0.9692267600932089
1, 178, 265, 19, 18, 0.8707371077279131
1, 566, 485, 15, 18, 0.9573710615778923
1, 404, 381, 21, 14, 0.9341656106841729
1, 421, 532, 13, 15, 0.8578055078200932
1, 585, 119, 16, 22, 0.9527658325229102
1, 355, 427, 16, 16, 0.9747749801041646
1, 21, 39, 19, 26, 0.9437498586161328
1, 138, 383, 17, 15, 0.9041618642217042
1, 535, 95, 16, 23, 0.9705707367549842
1, 118, 220, 15, 21, 0.9679665936922723
1, 364, 126, 23, 25, 0.9081866191601072
1, 26, 260, 15, 14, 0.9265867206953692
1, 584, 546, 20, 18, 0.9539523625106244
1, 360, 65, 16, 13, 0.9273461917210074
1, 609, 74, 11, 16, 0.8542881947858134
1, 77, 126, 16, 20, 0.93959145760887
1, 35, 13, 26, 20, 0.897477096742699
1, 153, 266, 17, 15, 0.9467699626188932
1, 494, 50, 18, 16, 0.9755105397968492
1, 375, 303, 18, 17, 0.9377081586243617
1, 179, 158, 17, 15, 0.9141091778058461
1, 271, 132, 15, 20, 0.8780956554595959
1, 492, 214, 15, 15, 0.8882811684682029
1, 265, 28, 15, 26, 0.9133666042348996
1, 587, 440, 25, 20, 0.9383835052248874
1, 122, 556, 15, 19, 0.8429352013716481
1, 461, 521, 17, 16, 0.8716615656060609
1, 200, 405, 17, 22, 0.9564456367943348
1, 538, 297, 14, 18, 0.9370241270304592
1, 329, 226, 16, 18, 0.9142934548585395
1, 9, 468, 19, 16, 0.8606739067640998
1, 218, 197, 14, 16, 0.925368820487392
1, 401, 8, 17, 16, 0.9338057014559218
1, 396, 533, 22, 16, 0.9180039048325617
1, 441, 24, 16, 17, 0.9167646672388038
1, 193, 462, 24, 22, 0.9081986223530002
1, 73, 479, 15, 17, 0.8340961233391446
