2, 17, 22, 26, 25, 0.9349209034359638
2, 14, 49, 25, 29, 0.8473432308673323
2, 14, 16, 17, 15, 0.8861009331262593
2, 10, 44, 14, 18, 0.8510326286982026
2, 8, 50, 15, 20, 0.8595129339976727
2, 11, 18, 11, 11, 0.8131276211215699
2, 19, 45, 14, 19, 0.9045588076421744
3, 7, 6, 15, 13, 0.8814380394751989
2, 6, 55, 10, 11, 0.8135372994820731
2, 28, 69, 12, 21, 0.8352293306886424
2, 30, 44, 8, 21, 0.8361008966328781
2, 23, 22, 16, 22, 0.9212192750655214
2, 18, 69, 6, 7, 0.8069661825615052
2, 31, 80, 7, 3, 0.8169750500028301
2, 29, 8, 11, 17, 0.8370924326512162
2, 17, 16, 32, 33, 0.8910864476940503
2, 22, 31, 13, 6, 0.8143134485961243
