3, 107, 459, 56, 56, 0.9223223920293255
3, 126, 233, 57, 64, 0.9149341026168019
3, 53, 308, 52, 60, 0.9099518428150652
3, 342, 412, 49, 47, 0.927733680921633
3, 293, 618, 56, 57, 0.8880683517057818
3, 260, 131, 76, 81, 0.9137745145316263
3, 73, 395, 49, 52, 0.93366200506832
3, 256, 189, 38, 40, 0.928191588773863
3, 124, 301, 57, 59, 0.8964501333042131
3, 324, 503, 43, 47, 0.8956629792719035
3, 83, 344, 51, 49, 0.9194436350566474
3, 266, 652, 41, 37, 0.8931228204104207
3, 75, 517, 45, 43, 0.9112652468819848
3, 290, 482, 37, 37, 0.9242222937741055
3, 338, 159, 47, 59, 0.906258287600821
3, 179, 372, 44, 49, 0.9150596648100968
3, 129, 353, 33, 40, 0.8948249695223032
3, 137, 578, 69, 77, 0.9158557823334618
3, 115, 394, 40, 44, 0.9056294057291805
3, 329, 243, 39, 42, 0.9175116431279068
3, 333, 320, 38, 33, 0.9245661486531791
3, 213, 448, 44, 58, 0.8651768475344225
3, 169, 57, 65, 53, 0.9239813259292529
3, 305, 114, 30, 36, 0.9080440058585139
3, 373, 456, 34, 58, 0.887592490471163
3, 91, 281, 35, 37, 0.8865382667966166
2, 222, 333, 24, 28, 0.953259441446186
3, 238, 625, 53, 42, 0.9197395307433482
3, 292, 381, 33, 35, 0.9479052771435075
3, 216, 559, 68, 65, 0.9135254832139302
2, 336, 457, 37, 29, 0.9171445556542019
3, 342, 285, 37, 32, 0.881596214071421
3, 60, 445, 33, 30, 0.9105231422670114
3, 52, 485, 48, 39, 0.9195008596423112
3, 146, 119, 49, 46, 0.8975790984816758
3, 87, 552, 36, 32, 0.8981808825241747
2, 122, 62, 30, 32, 0.916637433970106
3, 229, 283, 51, 53, 0.9004888202510781
3, 223, 653, 21, 26, 0.8713815191779608
3, 120, 509, 41, 38, 0.8954032371700488
2, 193, 241, 27, 25, 0.9328439902804228
3, 309, 432, 21, 32, 0.9078943867220826
3, 270, 274, 33, 36, 0.9044945814147431
2, 224, 176, 22, 21, 0.9510181809646289
3, 149, 453, 25, 26, 0.8550074939155965
3, 210, 206, 31, 35, 0.8822581703975494
3, 183, 171, 49, 42, 0.9144843215360925
3, 365, 353, 71, 39, 0.8805303279695722
3, 260, 688, 24, 28, 0.8738899394844575
3, 205, 571, 44, 39, 0.929550970531032
2, 275, 310, 29, 25, 0.8670198711688322
3, 209, 417, 43, 39, 0.9331083206930589
3, 191, 240, 29, 28, 0.9302927881125457
3, 197, 437, 78, 81, 0.8854861520697098
3, 192, 92, 45, 34, 0.901345551958054
3, 309, 185, 28, 28, 0.9090358223024784
3, 254, 197, 32, 24, 0.9508463793330052
3, 191, 278, 23, 21, 0.8814916010170328
3, 260, 354, 49, 41, 0.9295341899611699
3, 229, 639, 38, 58, 0.9260486232786282
3, 245, 245, 32, 30, 0.9044974698998122
3, 212, 538, 35, 28, 0.8901843709127311
2, 211, 538, 33, 27, 0.8870383775359676
3, 249, 636, 78, 71, 0.9211819506832393
3, 161, 164, 53, 58, 0.9261998396288971
2, 239, 581, 24, 23, 0.8913817061051107
3, 170, 421, 31, 32, 0.9208455379785521
3, 239, 581, 25, 24, 0.8897421803705831
3, 275, 309, 28, 25, 0.8785900990865909
3, 334, 456, 34, 28, 0.9471536861888649
3, 193, 332, 23, 28, 0.8946750345113067
3, 281, 419, 41, 57, 0.9183635209282138
2, 178, 309, 18, 20, 0.9286965343195638
2, 194, 331, 24, 27, 0.890960128714056
2, 130, 352, 30, 35, 0.8765689412317931
3, 154, 151, 54, 106, 0.8951822198727394
3, 185, 427, 65, 52, 0.9003290613056649
3, 157, 59, 37, 42, 0.9645674439626188
3, 160, 509, 35, 41, 0.8861286853895132
3, 178, 309, 19, 22, 0.9399784798157419
2, 249, 328, 25, 24, 0.8879901158679832
3, 281, 401, 43, 43, 0.9364784756260004
3, 176, 175, 66, 76, 0.9054672949990112
3, 72, 324, 76, 92, 0.8913862340472739
3, 88, 554, 169, 143, 0.8938028125882652
3, 297, 214, 30, 31, 0.8816999133856851
3, 246, 271, 87, 81, 0.8941067266423222
3, 245, 625, 33, 29, 0.9133618336459484
3, 140, 407, 28, 28, 0.8615290071131654
3, 230, 655, 30, 35, 0.9344271959589568
3, 121, 61, 32, 34, 0.9065885234130484
3, 293, 265, 26, 31, 0.9091397465101844
2, 156, 605, 22, 23, 0.8579018859924703
3, 70, 415, 57, 93, 0.9448890196790244
3, 323, 383, 19, 21, 0.8419503016448503
3, 116, 399, 23, 24, 0.8630265661050062
3, 286, 226, 40, 48, 0.9089038971891634
2, 345, 283, 29, 29, 0.8877948024866938
3, 222, 540, 57, 35, 0.9058543192549905
2, 267, 272, 26, 27, 0.8940578265215657
2, 290, 378, 27, 27, 0.9323851206834284
3, 378, 716, 110, 53, 0.8708402760308533
3, 155, 156, 33, 41, 0.8940617020743603
3, 152, 67, 26, 27, 0.8921162458224869
3, 270, 353, 30, 32, 0.9119346612983426
3, 281, 153, 31, 35, 0.893839164890832
3, 156, 605, 22, 22, 0.8556430335235002
3, 94, 547, 21, 19, 0.9070946315662137
3, 132, 406, 47, 45, 0.9060388489830365
3, 292, 606, 46, 33, 0.862221754697431
3, 216, 453, 35, 34, 0.8546818140060516
3, 319, 494, 21, 23, 0.8629936203001062
3, 295, 270, 40, 41, 0.9180161666287647
3, 82, 553, 24, 22, 0.8973924289738955
3, 308, 285, 21, 22, 0.8751835675977963
3, 174, 191, 37, 41, 0.9122312606490374
3, 3, 181, 7, 128, 0.8112906925069302
3, 273, 367, 30, 51, 0.919647810558381
3, 140, 510, 78, 49, 0.918480592205001
2, 245, 246, 28, 28, 0.8950559935883946
3, 51, 422, 26, 32, 0.8964453944023697
3, 192, 171, 27, 34, 0.89024155967536
3, 97, 617, 195, 233, 0.8845886692313307
3, 368, 731, 84, 23, 0.8469028427715093
3, 159, 442, 44, 55, 0.8925004658744926
3, 53, 553, 73, 54, 0.9134854162023945
3, 237, 663, 17, 18, 0.8967301600948362
3, 360, 737, 56, 11, 0.8267473316727214
3, 251, 116, 55, 56, 0.9406242078546421
3, 171, 200, 31, 24, 0.8903024384576825
3, 299, 428, 38, 39, 0.9252806533417466
3, 257, 687, 34, 41, 0.8734497749412865
2, 176, 420, 19, 25, 0.9520079663771234
3, 188, 49, 32, 43, 0.9097509763691115
3, 125, 561, 45, 45, 0.9110492674154408
2, 89, 279, 31, 33, 0.8880848011414862
3, 209, 389, 28, 20, 0.8921342612542267
3, 280, 233, 26, 30, 0.8971138339694402
3, 61, 480, 36, 29, 0.9065348060980574
3, 222, 166, 49, 46, 0.9195454451036067
3, 177, 421, 19, 26, 0.9471238254590345
2, 289, 481, 34, 36, 0.8997494317053834
3, 60, 78, 121, 155, 0.9180807051100269
3, 31, 521, 29, 28, 0.8627384888868114
3, 370, 365, 86, 67, 0.8419945597540613
3, 189, 654, 24, 29, 0.8527708832542007
3, 331, 230, 47, 84, 0.9025950405611689
3, 359, 724, 65, 22, 0.8362722343680872
3, 275, 267, 61, 56, 0.9274056935072774
3, 220, 618, 27, 33, 0.9012565530826618
2, 83, 554, 27, 25, 0.9003397748078699
2, 281, 153, 31, 35, 0.8927235985367197
