3, 174, 38, 46, 47, 0.9171129345812841
3, 172, 328, 53, 37, 0.8999521394919338
0, 77, 14, 29, 27, 0.9072268727568625
0, 47, 24, 34, 27, 0.8788473536089896
3, 338, 116, 18, 35, 0.8587515615694747
0, 215, 18, 28, 34, 0.8922182307440724
0, 16, 113, 32, 20, 0.8415493798494554
3, 199, 233, 62, 85, 0.936087400535565
0, 8, 51, 17, 24, 0.8477602907037803
3, 261, 184, 98, 112, 0.9494484191651218
3, 335, 172, 25, 45, 0.8454630588802956
3, 107, 14, 34, 29, 0.885963563098465
3, 193, 305, 30, 29, 0.874081492254183
3, 122, 107, 105, 120, 0.9317934994552592
3, 98, 227, 44, 46, 0.8947612900050861
3, 61, 250, 34, 22, 0.8869461800517551
3, 144, 214, 40, 42, 0.8828889913195016
3, 295, 29, 53, 59, 0.9103618622494288
3, 243, 296, 71, 76, 0.9127125825733075
3, 185, 134, 114, 104, 0.9285450738231943
3, 160, 300, 38, 25, 0.9031306909446184
3, 37, 225, 46, 50, 0.9132262334629576
3, 306, 236, 53, 67, 0.9069894350245811
3, 144, 273, 85, 93, 0.9303952382676806
3, 135, 79, 64, 56, 0.9315765729514897
3, 113, 282, 153, 118, 0.9269671831880015
3, 44, 174, 34, 39, 0.8443139076291495
3, 188, 70, 24, 27, 0.8514772528548131
3, 11, 47, 23, 36, 0.8768575984844283
3, 21, 133, 43, 70, 0.9518773801975455
2, 171, 329, 51, 36, 0.8870135594396662
3, 276, 86, 68, 85, 0.9229446228159639
3, 206, 282, 19, 23, 0.8864244135456756
3, 227, 61, 55, 55, 0.9206711710064142
2, 206, 283, 19, 23, 0.8854791952356645
3, 329, 213, 17, 31, 0.9146857499524017
3, 314, 255, 66, 114, 0.8952217442863739
3, 99, 185, 60, 57, 0.9138766850597676
3, 60, 70, 49, 63, 0.9650081277602356
3, 87, 287, 102, 77, 0.9470444298422073
3, 112, 204, 119, 102, 0.9290753769799955
3, 335, 79, 24, 38, 0.8645567668766282
3, 190, 11, 44, 23, 0.8556851824198538
3, 175, 117, 57, 51, 0.9234902605252643
3, 215, 18, 28, 35, 0.8710711421064594
3, 249, 270, 83, 134, 0.9148831020241615
3, 148, 199, 50, 77, 0.9369552498859363
3, 224, 147, 35, 59, 0.9047588461681808
3, 345, 256, 5, 59, 0.8393314906666807
3, 319, 337, 56, 21, 0.8486053399879249
3, 68, 160, 38, 57, 0.9086850566784175
3, 10, 214, 21, 50, 0.8669806188126142
3, 31, 219, 63, 74, 0.927464493296303
3, 15, 140, 31, 47, 0.9100827918536749
3, 310, 344, 27, 6, 0.8263407844107485
3, 314, 342, 41, 10, 0.8414218175484273
3, 264, 256, 136, 165, 0.8950279381425397
3, 77, 15, 31, 31, 0.9105114721385853
3, 221, 48, 63, 97, 0.9325255530859438
3, 90, 221, 76, 71, 0.9264837543397887
3, 45, 60, 83, 86, 0.9441936066434943
3, 147, 103, 40, 42, 0.8813161541989034
2, 162, 322, 20, 16, 0.8462399724713905
3, 297, 143, 47, 58, 0.9348588475711084
3, 229, 71, 36, 36, 0.8666262673386903
3, 52, 285, 54, 53, 0.9291588254252989
3, 119, 345, 55, 4, 0.8121706732013745
3, 318, 285, 58, 55, 0.8945715099654868
3, 247, 221, 59, 37, 0.8903057128249428
3, 208, 18, 57, 37, 0.8733550002115598
3, 334, 124, 25, 53, 0.8651672248424279
3, 346, 251, 3, 46, 0.8317034285056479
3, 18, 64, 35, 77, 0.9292380765611854
3, 285, 39, 83, 78, 0.9112048686269861
3, 156, 229, 74, 140, 0.9471813366628374
3, 252, 178, 71, 58, 0.9331953645018574
3, 322, 312, 50, 50, 0.8842137380358157
3, 54, 87, 40, 27, 0.9158653355259428
3, 73, 53, 112, 106, 0.9423127537146897
3, 117, 343, 60, 8, 0.8239360134034742
3, 327, 208, 27, 44, 0.8509924864527344
3, 197, 295, 42, 52, 0.9152548064682408
3, 271, 117, 103, 156, 0.9297045053529484
3, 81, 18, 89, 37, 0.9169385076919079
3, 94, 279, 54, 53, 0.9177687496217651
2, 61, 250, 30, 19, 0.8701388804924923
3, 157, 259, 54, 60, 0.938805353230548
3, 340, 84, 15, 24, 0.8546116627605943
3, 143, 247, 73, 35, 0.8807839453923548
2, 329, 213, 15, 28, 0.9041803758851388
3, 43, 269, 34, 21, 0.8667795535822208
3, 286, 186, 36, 57, 0.9058203184376804
2, 188, 70, 22, 24, 0.8416022705175721
3, 329, 73, 37, 59, 0.9023096036325942
3, 290, 111, 69, 116, 0.9286584349145919
3, 78, 186, 112, 102, 0.9247006723469527
3, 339, 249, 17, 81, 0.84739809648976
3, 255, 207, 78, 66, 0.9310905221034832
3, 17, 262, 34, 44, 0.8939390342614522
3, 344, 10, 6, 20, 0.8078234340619063
3, 203, 249, 52, 48, 0.925398701044732
3, 85, 270, 46, 31, 0.8749025620009423
3, 3, 167, 7, 55, 0.8223249088480287
3, 111, 240, 22, 20, 0.8597547172638903
3, 264, 32, 35, 41, 0.8577449889223844
3, 212, 337, 35, 20, 0.8535451472513979
3, 130, 317, 35, 23, 0.8991083461155258
3, 205, 70, 102, 87, 0.9221641380627414
3, 160, 119, 32, 39, 0.8691617768891821
3, 260, 245, 45, 49, 0.8996580747616246
3, 216, 55, 36, 40, 0.87623256631959
3, 342, 48, 10, 27, 0.8571665445461912
3, 333, 136, 21, 28, 0.8636202700439086
3, 143, 301, 117, 92, 0.930760857059779
3, 65, 229, 45, 63, 0.9279298338986572
2, 324, 90, 8, 6, 0.8062871154008807
