1, 634, 188, 19, 22, 0.9914322569186389
1, 45, 58, 21, 23, 0.9580702653659317
1, 90, 45, 17, 19, 0.9317003112246248
1, 712, 30, 18, 19, 0.9740990936146346
1, 731, 361, 19, 20, 0.9549439258573131
1, 66, 363, 20, 21, 0.9654308783391926
1, 358, 90, 21, 27, 0.9672844254287987
1, 802, 8, 17, 17, 0.9808372523048948
1, 675, 161, 21, 23, 0.9282313525946481
1, 706, 361, 21, 21, 0.9707086285101778
1, 455, 169, 21, 20, 0.9714306228372765
1, 254, 310, 19, 18, 0.9525564885337242
1, 398, 558, 19, 20, 0.9385257065002044
1, 615, 30, 21, 22, 0.9876564579111938
1, 789, 318, 20, 21, 0.9534383457221702
1, 250, 204, 19, 21, 0.943541768249328
1, 16, 466, 19, 20, 0.9661362520972856
1, 128, 106, 17, 22, 0.9624417060773177
1, 790, 282, 19, 21, 0.965702643623253
1, 327, 45, 22, 21, 0.9489614273958836
1, 66, 266, 19, 18, 0.9328214481362157
1, 706, 338, 21, 23, 0.9648123016652643
1, 329, 517, 20, 21, 0.958226421674589
1, 821, 362, 20, 24, 0.9563617111619156
1, 733, 500, 24, 22, 0.9592708899267778
1, 666, 273, 16, 19, 0.9499035474198168
1, 384, 338, 18, 20, 0.9557836113083555
1, 23, 493, 21, 19, 0.9758047515177066
1, 821, 9, 17, 18, 0.9565107647133273
1, 150, 144, 20, 27, 0.9761769499890689
1, 270, 149, 16, 21, 0.9649692405951795
1, 830, 128, 17, 21, 0.8716079769913304
1, 268, 475, 21, 21, 0.9643331426624284
1, 56, 244, 21, 22, 0.954237915431893
1, 691, 404, 23, 27, 0.9423996527966698
1, 209, 318, 20, 21, 0.9298318770245374
1, 400, 354, 18, 24, 0.9792952850643892
1, 178, 59, 19, 20, 0.9331011668048776
1, 736, 197, 21, 20, 0.8833061487164858
1, 410, 535, 20, 23, 0.9630056061461497
1, 350, 234, 19, 21, 0.9474366219941108
1, 119, 361, 22, 21, 0.9619083157394377
1, 684, 535, 23, 19, 0.9412010037833927
1, 797, 438, 22, 23, 0.9718642205845851
1, 33, 568, 21, 22, 0.9195064479655699
1, 411, 573, 16, 19, 0.86952103104454
1, 185, 575, 22, 18, 0.8465443046290716
1, 232, 297, 22, 23, 0.9653687245487318
1, 490, 476, 19, 21, 0.9768162828606983
1, 581, 244, 20, 15, 0.9800905954253676
1, 347, 59, 18, 21, 0.9656348586848027
1, 553, 471, 22, 21, 0.9507447379596371
1, 51, 400, 17, 20, 0.9723759894871497
1, 759, 494, 22, 20, 0.9382703936665784
1, 457, 299, 20, 20, 0.9671631833117862
1, 650, 177, 19, 19, 0.9510259375366165
1, 683, 269, 20, 17, 0.9841636203829423
1, 260, 102, 21, 24, 0.960057431250564
1, 143, 305, 20, 23, 0.945302818581993
1, 352, 173, 22, 20, 0.9630821976971466
1, 757, 113, 19, 20, 0.9726050200281557
1, 106, 185, 22, 22, 0.9496742239976862
1, 493, 11, 19, 22, 0.9755717834125045
1, 466, 328, 18, 20, 0.9303250118951749
1, 701, 208, 21, 19, 0.9492642256281257
1, 534, 253, 20, 18, 0.9305261149997155
1, 150, 427, 18, 24, 0.9422559312915305
1, 163, 83, 17, 20, 0.9499048245039721
1, 508, 31, 20, 23, 0.9673771850302777
1, 310, 100, 18, 24, 0.9837514985008954
1, 798, 122, 20, 21, 0.972714081120891
1, 795, 81, 18, 22, 0.9591935408700523
1, 117, 172, 22, 22, 0.9151127402263812
1, 79, 529, 16, 21, 0.9454264534513549
1, 665, 555, 20, 21, 0.9518502901438118
1, 277, 118, 19, 21, 0.9614348867049625
1, 232, 53, 21, 21, 0.9508199376201343
1, 822, 244, 21, 23, 0.9403184465876193
1, 44, 435, 19, 21, 0.9600847007516888
1, 542, 395, 22, 21, 0.9705828930304946
1, 634, 332, 19, 20, 0.9593557614256669
1, 664, 94, 22, 22, 0.9493203013491041
1, 350, 545, 19, 20, 0.9662868289431674
1, 133, 402, 18, 20, 0.9719111134744594
1, 162, 369, 19, 20, 0.9472382816919956
1, 179, 291, 21, 21, 0.9593874791782255
1, 160, 241, 19, 23, 0.9711396217051949
1, 624, 116, 18, 21, 0.9541912718730422
1, 634, 528, 22, 22, 0.9570228170597482
1, 625, 91, 20, 22, 0.9714996728321256
1, 308, 309, 22, 23, 0.9754890647731229
1, 254, 153, 18, 20, 0.9651658960908354
1, 561, 438, 19, 21, 0.882522446249373
1, 452, 564, 19, 18, 0.9580358790945162
1, 99, 496, 19, 21, 0.9191709769151063
1, 809, 28, 19, 23, 0.9547249964676368
1, 347, 469, 24, 25, 0.9672875354782973
1, 111, 82, 20, 18, 0.9745988706556504
1, 677, 501, 20, 23, 0.9659759691788087
1, 183, 179, 20, 22, 0.9653545372047866
1, 554, 22, 23, 22, 0.9311593270443294
1, 694, 99, 20, 20, 0.9682203329924977
1, 20, 406, 21, 23, 0.9558901292169412
1, 169, 337, 18, 21, 0.9626006388246632
1, 253, 517, 19, 21, 0.9286527213618536
1, 485, 535, 19, 19, 0.9573626283623428
1, 602, 176, 19, 22, 0.9713934073812525
1, 35, 84, 18, 21, 0.953305907254721
1, 305, 52, 23, 21, 0.9573506781987909
1, 790, 469, 20, 24, 0.959424723058597
1, 584, 527, 20, 22, 0.9306526114804552
1, 97, 207, 20, 23, 0.9338286773494933
1, 219, 93, 20, 21, 0.9164523615700985
1, 762, 361, 20, 20, 0.9767338372840346
1, 408, 198, 18, 19, 0.9522775326427988
1, 450, 200, 19, 18, 0.9358240828801885
1, 308, 261, 18, 23, 0.9420104417822486
1, 425, 47, 20, 21, 0.9802730332471434
1, 787, 51, 19, 20, 0.972756358045765
1, 444, 83, 18, 18, 0.9736068249818787
1, 460, 50, 19, 19, 0.9582022061714282
1, 645, 240, 19, 19, 0.9526744370598778
1, 598, 437, 24, 22, 0.960361707660433
1, 518, 298, 22, 18, 0.9317229775728263
1, 759, 180, 21, 22, 0.975121506503127
1, 267, 79, 18, 20, 0.9648608444052064
1, 693, 562, 22, 21, 0.9683423895762007
1, 33, 169, 21, 24, 0.9533124783157947
1, 250, 43, 20, 21, 0.8872098310528718
1, 650, 208, 18, 20, 0.956644656336945
1, 343, 31, 24, 29, 0.9778183656239795
1, 72, 411, 21, 21, 0.9413399201242558
1, 733, 273, 19, 19, 0.9848119409970031
1, 497, 259, 23, 24, 0.9443966873639157
1, 77, 510, 19, 20, 0.9233629357515681
1, 133, 8, 20, 16, 0.9307865151479469
1, 273, 547, 18, 20, 0.9489858789266603
1, 27, 381, 16, 18, 0.9299109282288752
1, 344, 568, 20, 23, 0.8772185813723846
1, 134, 86, 21, 22, 0.89657255325638
1, 748, 578, 21, 12, 0.8541103925427225
1, 767, 395, 23, 21, 0.929672115046401
1, 673, 433, 20, 22, 0.9766155461288112
1, 527, 545, 20, 19, 0.9539769977736068
1, 93, 129, 18, 22, 0.9333642399743687
1, 577, 189, 22, 28, 0.9254394103912469
1, 190, 78, 19, 19, 0.9167038289168319
1, 153, 452, 19, 21, 0.9461038363338893
1, 323, 174, 24, 27, 0.9865677781850647
1, 147, 189, 20, 23, 0.9580520029094971
1, 630, 575, 19, 18, 0.8553591279614284
1, 761, 92, 21, 22, 0.9629739506221723
1, 184, 412, 21, 24, 0.9340927383885185
1, 573, 483, 20, 19, 0.940270302638111
1, 663, 114, 18, 18, 0.9435233628897086
1, 537, 284, 18, 23, 0.9817748121980787
1, 326, 219, 18, 19, 0.9711806651226318
1, 184, 248, 21, 22, 0.9555882266397482
1, 623, 64, 18, 19, 0.971455275332055
1, 189, 331, 19, 21, 0.9563529205279128
1, 542, 216, 19, 20, 0.9819533955442468
1, 217, 473, 17, 20, 0.9585879140149197
1, 566, 562, 18, 22, 0.984817596046154
1, 269, 208, 20, 21, 0.9528024183643342
1, 442, 105, 17, 22, 0.9864433312913998
1, 119, 389, 21, 21, 0.9495836898203208
1, 676, 220, 20, 19, 0.9657566344072157
1, 239, 562, 19, 20, 0.9187532185089778
1, 159, 494, 21, 20, 0.9279932956634341
1, 271, 60, 20, 22, 0.9772567020097315
1, 531, 49, 17, 22, 0.9457467366644672
1, 78, 488, 20, 20, 0.9427169836309743
1, 28, 275, 19, 22, 0.9054237058982515
1, 122, 149, 23, 21, 0.9475732166738667
1, 613, 340, 24, 22, 0.9087118072271042
1, 420, 343, 18, 19, 0.9860266772743056
1, 129, 486, 21, 21, 0.9166748392606077
1, 492, 557, 19, 18, 0.9656946565702748
1, 744, 62, 17, 17, 0.9559584355519892
1, 546, 173, 18, 24, 0.9417377434926595
1, 403, 510, 20, 20, 0.9627673934222238
1, 123, 469, 16, 16, 0.9211866412378547
1, 327, 440, 19, 19, 0.9777497976717551
1, 161, 212, 21, 20, 0.9560694679478738
1, 773, 475, 17, 21, 0.9233171218420396
1, 641, 79, 18, 20, 0.9747958588592367
1, 814, 142, 18, 17, 0.9629846158161591
1, 640, 290, 20, 17, 0.9492819700561178
1, 640, 260, 21, 19, 0.9889578917473136
1, 552, 260, 19, 20, 0.9761963725752515
1, 245, 274, 22, 24, 0.954592987917275
1, 208, 544, 18, 22, 0.9350535218170493
1, 453, 475, 19, 20, 0.8882655705785234
1, 598, 504, 21, 22, 0.9481910873008419
1, 80, 248, 18, 23, 0.9406811195282756
1, 364, 120, 23, 23, 0.9282496950485561
1, 201, 158, 19, 18, 0.9591051562096211
1, 583, 116, 21, 22, 0.9587381000702274
1, 314, 134, 20, 23, 0.9152287885899316
1, 544, 416, 21, 19, 0.9536718894622507
1, 25, 11, 23, 19, 0.9619261014188463
1, 238, 536, 22, 17, 0.8668045039510287
1, 570, 297, 16, 19, 0.895603315823488
1, 206, 180, 18, 20, 0.9692680983302806
1, 55, 575, 17, 18, 0.8645866441465615
1, 809, 221, 18, 20, 0.9787623467455958
1, 135, 44, 20, 18, 0.9508689708343652
1, 702, 282, 19, 20, 0.9579394961259142
1, 218, 569, 17, 22, 0.8632563739962406
1, 442, 402, 20, 20, 0.9421893329605917
1, 245, 476, 24, 23, 0.9733005188645288
1, 536, 30, 21, 18, 0.9590980589117057
1, 74, 434, 22, 22, 0.910934156261093
1, 558, 85, 18, 19, 0.9590729112202571
1, 417, 87, 18, 19, 0.9492858710673493
1, 11, 199, 20, 19, 0.9529484420943821
1, 410, 380, 20, 22, 0.9141313795047052
1, 826, 90, 17, 20, 0.8699615948071512
1, 83, 339, 23, 34, 0.9794581301038069
1, 157, 41, 16, 22, 0.9501139694764156
1, 588, 337, 20, 25, 0.9787696670965406
1, 391, 262, 15, 17, 0.9166643721162142
1, 107, 448, 16, 21, 0.9517738639411829
1, 315, 201, 20, 22, 0.9558212677313704
1, 177, 455, 16, 21, 0.9609064182617291
1, 100, 100, 19, 21, 0.9715380139856488
1, 241, 377, 19, 21, 0.9113672520516269
1, 802, 306, 16, 19, 0.9439309021724503
1, 828, 430, 19, 18, 0.8809917890755974
1, 662, 251, 19, 25, 0.9678170874903685
1, 115, 49, 21, 21, 0.9377764414471889
1, 488, 169, 22, 24, 0.9615233433994016
1, 760, 417, 23, 22, 0.9592700522435418
1, 238, 235, 17, 20, 0.9517371804568328
1, 752, 318, 23, 21, 0.9731525968836551
1, 564, 330, 19, 22, 0.9765488931074362
1, 71, 109, 19, 20, 0.9606835311193667
1, 367, 229, 17, 16, 0.9321115983694529
1, 220, 234, 19, 22, 0.8686562053792319
1, 327, 238, 20, 19, 0.9760519768751623
1, 477, 315, 18, 16, 0.8753383106365955
1, 158, 293, 18, 22, 0.9688285285659302
1, 335, 114, 21, 22, 0.9285236156438561
1, 158, 474, 18, 21, 0.9374351153605098
1, 652, 12, 22, 24, 0.9643335333982771
1, 520, 394, 15, 16, 0.9315609670089021
1, 271, 522, 23, 25, 0.9283290661362206
1, 824, 312, 18, 24, 0.8503612194632182
1, 687, 54, 21, 19, 0.9532053548508165
1, 403, 320, 18, 22, 0.9712261608886446
1, 626, 506, 19, 19, 0.9696606059539419
1, 636, 52, 19, 20, 0.9463436370357062
1, 435, 368, 24, 24, 0.9828042480481656
1, 323, 267, 18, 23, 0.9234798753317129
1, 827, 153, 15, 21, 0.8984094228497074
1, 436, 307, 19, 18, 0.9284812645367646
1, 281, 565, 19, 20, 0.95931628742561
1, 820, 477, 20, 22, 0.9518585809584994
1, 578, 275, 23, 23, 0.9364131111749928
1, 27, 325, 22, 22, 0.9819784067091751
1, 615, 276, 19, 21, 0.9852939950574953
1, 62, 171, 19, 21, 0.9440230633928265
1, 547, 69, 18, 20, 0.9336816338984208
1, 577, 161, 20, 20, 0.9764985160407396
1, 663, 40, 20, 20, 0.9449769644190033
1, 730, 384, 21, 22, 0.9438720154479462
1, 228, 488, 18, 24, 0.9311799848157584
1, 755, 270, 18, 19, 0.9583044312030463
1, 307, 184, 16, 19, 0.9666987616227933
1, 6, 498, 12, 21, 0.9387554516822975
1, 691, 148, 16, 20, 0.9244072601549879
1, 720, 263, 20, 17, 0.9592527452749642
1, 98, 409, 18, 29, 0.9659488913755473
1, 105, 549, 18, 24, 0.9407781830340208
1, 217, 444, 18, 23, 0.9558064194666993
1, 628, 147, 19, 20, 0.900776470339476
1, 594, 545, 22, 24, 0.9496836405140988
1, 365, 344, 14, 16, 0.9424745290456746
1, 518, 269, 23, 20, 0.9503282091725065
1, 59, 340, 17, 27, 0.9271015141834599
1, 301, 245, 10, 13, 0.8699000846247125
1, 505, 574, 23, 20, 0.8497648873551183
1, 557, 199, 23, 22, 0.955486714501711
1, 169, 191, 16, 17, 0.8600953421122355
1, 700, 499, 22, 23, 0.9546094804350276
1, 311, 426, 21, 21, 0.9623532838592055
1, 375, 214, 17, 22, 0.9706740076767364
1, 364, 488, 20, 21, 0.9499404532482365
1, 14, 222, 20, 19, 0.9542456957561906
1, 472, 150, 16, 23, 0.9476053774926528
1, 385, 114, 17, 18, 0.8953358969694969
1, 808, 491, 19, 21, 0.9756388770793192
1, 490, 302, 17, 22, 0.9760172805301612
1, 385, 534, 19, 24, 0.9539494376052681
1, 474, 382, 21, 20, 0.9171810020636681
1, 640, 34, 19, 20, 0.9620649121204323
1, 339, 327, 19, 18, 0.9381967433527179
1, 354, 145, 22, 19, 0.9571725537464617
1, 797, 375, 22, 25, 0.8930446010489228
1, 6, 479, 12, 19, 0.9838967725932596
