0, 665, 1226, 36, 34, 0.9729390474464313
0, 266, 983, 37, 39, 0.9812999908163216
0, 1251, 1724, 36, 37, 0.9182680487540913
0, 1581, 1653, 31, 32, 0.9576645305842018
0, 1089, 1521, 32, 33, 0.9487979388412976
0, 1176, 1720, 28, 28, 0.9233094025097837
0, 1536, 1098, 30, 33, 0.9452184851370327
0, 698, 1271, 32, 32, 0.9173183463750062
0, 1540, 1644, 30, 30, 0.9548482282943964
0, 1163, 97, 30, 35, 0.9318509848035359
0, 496, 1452, 32, 32, 0.9300286548075392
0, 144, 674, 33, 35, 0.947920084748729
0, 1009, 1248, 30, 34, 0.9474197681539707
0, 915, 96, 33, 30, 0.9340224853062545
0, 1527, 342, 28, 31, 0.950492290633096
0, 1050, 1291, 35, 36, 0.9116830066267897
0, 1673, 545, 39, 33, 0.9152633376458694
0, 1423, 1735, 26, 33, 0.9402297742613731
0, 826, 741, 35, 36, 0.9237015193632958
0, 1413, 1230, 38, 36, 0.952590142490435
0, 446, 1408, 31, 28, 0.955193846528533
0, 1047, 1389, 34, 36, 0.9443515936581484
0, 668, 1197, 38, 33, 0.9748694784225242
0, 476, 1391, 34, 34, 0.9809371847241807
0, 781, 347, 34, 32, 0.9686462642272877
0, 736, 601, 33, 32, 0.9145275448763939
0, 1099, 1697, 25, 34, 0.897878402138485
0, 1135, 244, 37, 40, 0.9471705482136343
0, 1525, 1612, 32, 34, 0.9711111662806635
0, 1086, 786, 31, 29, 0.9480749801147861
0, 115, 859, 30, 31, 0.9007552007399076
0, 1368, 1089, 33, 34, 0.9683271218961709
0, 1157, 462, 35, 30, 0.9392892908094039
0, 1723, 323, 35, 33, 0.9674389247805163
0, 1249, 1473, 30, 30, 0.8688301003319291
0, 1120, 1322, 31, 30, 0.9830668005203532
0, 398, 94, 36, 33, 0.9312108437456428
0, 706, 1224, 25, 32, 0.8961318517000725
0, 273, 101, 34, 34, 0.8670202437551053
0, 831, 1616, 27, 30, 0.9297549486669913
0, 161, 1179, 36, 34, 0.9265660919249108
0, 1067, 396, 32, 30, 0.9664346867294609
0, 341, 412, 32, 35, 0.965439671457051
0, 1296, 640, 34, 31, 0.9427514310662501
0, 209, 374, 32, 32, 0.9812510588114368
0, 1485, 1159, 36, 41, 0.9480485077299633
0, 989, 580, 33, 35, 0.9600252932274995
0, 69, 1425, 31, 32, 0.9723880876830036
0, 1080, 1117, 32, 33, 0.950909077056689
0, 706, 992, 32, 39, 0.8926062868285385
0, 822, 1088, 32, 35, 0.9706281036586908
0, 1043, 13, 32, 26, 0.9393455693321904
0, 340, 497, 33, 31, 0.900752284447722
0, 246, 1696, 33, 30, 0.9169785303378125
0, 934, 830, 31, 29, 0.9310694933059755
0, 1184, 137, 33, 32, 0.958894551045632
0, 1073, 1067, 29, 35, 0.8787956516800757
0, 630, 587, 29, 29, 0.9157192269555903
0, 934, 1333, 33, 33, 0.9583977428721893
0, 1014, 1112, 34, 37, 0.9379660578995501
0, 14, 1380, 28, 35, 0.9006036555422648
0, 1357, 295, 30, 33, 0.9634103169576435
0, 1547, 1058, 33, 36, 0.9200101097477893
0, 535, 1036, 32, 29, 0.9005590118357069
0, 75, 750, 34, 30, 0.9624557166589487
0, 385, 679, 34, 34, 0.8854695464883742
0, 974, 1124, 28, 33, 0.9046372985012672
0, 219, 1644, 36, 34, 0.9716593048542023
0, 254, 1332, 31, 35, 0.9536250227850115
0, 11, 586, 23, 28, 0.9439951300957988
0, 1203, 1553, 35, 32, 0.9394164240306531
0, 967, 1746, 30, 29, 0.928504156033019
0, 1023, 578, 30, 32, 0.909592385147486
0, 715, 852, 30, 33, 0.8876401160928504
0, 1153, 1125, 31, 38, 0.9381024706404719
0, 49, 1721, 29, 30, 0.8899649867675926
0, 149, 871, 32, 36, 0.9478936363216552
0, 726, 367, 32, 31, 0.9666100126634822
0, 1603, 647, 30, 34, 0.9580735923783547
0, 1398, 848, 29, 32, 0.9525177653999948
0, 1715, 812, 32, 30, 0.9134891136382199
0, 904, 939, 34, 33, 0.8927635616171793
0, 1281, 1755, 32, 30, 0.8559488010958525
0, 1101, 1460, 30, 33, 0.9121683331830761
0, 486, 1246, 37, 37, 0.912302585934826
0, 909, 1750, 31, 29, 0.8799239187548926
0, 97, 142, 34, 37, 0.9353039563331756
0, 1410, 1428, 29, 30, 0.8675754366132317
0, 790, 1640, 29, 30, 0.9327709707795682
0, 152, 1222, 36, 30, 0.9623714776555241
0, 210, 1320, 28, 34, 0.8952112730647754
0, 100, 894, 27, 28, 0.8925045887468843
0, 1365, 802, 31, 32, 0.9213871463709215
0, 470, 1710, 31, 30, 0.9445976049972757
0, 1547, 1367, 32, 36, 0.9507473813638727
0, 1449, 436, 32, 31, 0.9663883000637985
0, 741, 1218, 29, 30, 0.9160602575056425
0, 850, 1719, 34, 35, 0.8868932812218334
0, 727, 1413, 37, 33, 0.9466594071762672
0, 836, 1196, 34, 29, 0.9484651340098571
0, 629, 1157, 24, 35, 0.9292116168895294
0, 970, 1050, 37, 38, 0.9447805932347961
0, 761, 121, 30, 34, 0.9364803548748398
0, 1124, 817, 33, 39, 0.9623129537289622
0, 162, 1544, 30, 39, 0.9298798623868753
0, 847, 1151, 30, 29, 0.8978994133918827
0, 1041, 344, 28, 30, 0.9538384423596925
0, 360, 940, 46, 33, 0.9127829086765357
0, 1329, 790, 26, 27, 0.9232544179721253
0, 1287, 449, 33, 33, 0.9606123409847976
0, 808, 1031, 41, 37, 0.9768835534860626
0, 589, 371, 29, 31, 0.9604031644737734
0, 1099, 1288, 29, 30, 0.9232917222030128
0, 80, 1550, 32, 37, 0.9222122230366561
0, 1340, 1532, 33, 33, 0.9682020683587907
0, 350, 58, 34, 31, 0.924468617986594
0, 1239, 653, 30, 37, 0.9335649265255319
0, 1032, 1002, 33, 33, 0.9318414236108575
0, 1354, 1249, 33, 30, 0.9186080933156799
0, 1155, 904, 29, 30, 0.9387694628456067
0, 523, 1005, 36, 27, 0.9292134035218689
0, 1675, 775, 31, 29, 0.963782806377849
0, 1275, 607, 29, 31, 0.9113304969343343
0, 1155, 350, 34, 34, 0.9020096711432882
0, 69, 1671, 32, 33, 0.9187514024079388
0, 201, 1249, 33, 30, 0.9492449361666624
0, 1404, 897, 29, 29, 0.9236509551768315
0, 993, 917, 36, 35, 0.903460348325024
0, 162, 451, 30, 31, 0.9423131087951149
0, 1655, 1566, 30, 29, 0.9113986404383306
0, 265, 917, 30, 29, 0.9365677338742602
0, 1320, 1489, 31, 31, 0.9172288416424713
0, 1710, 1373, 30, 28, 0.9460572083316008
0, 690, 417, 33, 30, 0.9419994448979773
0, 499, 196, 31, 37, 0.9010446914476232
0, 1157, 1171, 29, 30, 0.8804751443660352
0, 658, 809, 28, 26, 0.9079847231836655
0, 1175, 1686, 29, 30, 0.9151817162971656
0, 307, 515, 26, 26, 0.9113569291231486
0, 324, 833, 29, 28, 0.9124861675379825
0, 1713, 1599, 34, 35, 0.9328669177757418
0, 1214, 1475, 28, 33, 0.9119383649857745
0, 1273, 273, 34, 40, 0.93447198419453
0, 1014, 1447, 30, 32, 0.9244579792801985
0, 1682, 1468, 28, 35, 0.9469017173191111
0, 1507, 983, 34, 40, 0.9070632129055267
0, 1215, 1706, 31, 32, 0.9456732860480657
0, 941, 796, 32, 31, 0.9424631125857372
0, 240, 243, 30, 30, 0.9790027942948771
0, 354, 1381, 29, 32, 0.9558536739852304
0, 1004, 1508, 30, 29, 0.9256435589401016
0, 1373, 33, 35, 29, 0.9427657675678129
0, 19, 460, 39, 38, 0.9285445155851506
0, 315, 1007, 31, 32, 0.911164812533287
0, 274, 322, 25, 27, 0.8864406835926323
0, 912, 1045, 30, 31, 0.9551027630928507
0, 437, 1650, 33, 30, 0.9038431150676071
0, 392, 1005, 27, 43, 0.8872545204314797
0, 1099, 661, 30, 33, 0.8897752980741619
0, 1330, 1046, 33, 33, 0.9227151132039758
0, 910, 1718, 32, 25, 0.8907563230178189
0, 1310, 1347, 31, 29, 0.9362784584524757
0, 348, 1660, 31, 33, 0.8857478635085435
0, 727, 1739, 28, 28, 0.9363256688828621
0, 1405, 1063, 36, 35, 0.9166671055665778
0, 856, 1526, 28, 34, 0.9395083171347528
0, 776, 57, 28, 29, 0.9194162737709429
0, 559, 1709, 34, 33, 0.9097413212258019
0, 1485, 1475, 30, 31, 0.903553959059247
0, 1224, 105, 32, 30, 0.9263905240233522
0, 1714, 405, 33, 31, 0.91435283307596
0, 1259, 1636, 34, 30, 0.9385657629989438
0, 1045, 655, 43, 34, 0.9305372150804838
0, 946, 950, 27, 33, 0.9405650491032758
0, 1069, 894, 29, 31, 0.9268639718279196
0, 166, 753, 24, 28, 0.9550304753175886
0, 1285, 825, 31, 31, 0.925670666055313
0, 1119, 1595, 32, 29, 0.8961459383114859
0, 1653, 15, 26, 28, 0.9132407984924276
0, 901, 1293, 32, 30, 0.9178420432841984
0, 593, 574, 30, 34, 0.94183743294128
0, 404, 649, 30, 35, 0.8975281377062112
0, 315, 1229, 38, 28, 0.8718330963556059
0, 687, 667, 31, 32, 0.9189154470186683
0, 1187, 525, 28, 26, 0.9406216277082233
0, 613, 1230, 28, 32, 0.8805262798588585
0, 1520, 733, 27, 31, 0.9071454668555198
0, 1155, 839, 30, 27, 0.9155039619199551
0, 1448, 559, 27, 31, 0.9308431350696831
0, 1481, 97, 37, 40, 0.9519883433325019
0, 230, 1493, 28, 29, 0.9079661881939312
0, 376, 158, 28, 33, 0.9233095469041581
0, 368, 1571, 29, 34, 0.9184888830136311
0, 1432, 974, 27, 37, 0.927826195611533
0, 279, 138, 29, 33, 0.9332051268510695
0, 1561, 1580, 26, 24, 0.9058962146462042
0, 190, 773, 29, 34, 0.9037500832060933
0, 1370, 1405, 29, 28, 0.904125646072762
0, 1679, 474, 29, 33, 0.8882853712070059
0, 1620, 511, 29, 27, 0.9099029137594997
0, 109, 1279, 30, 31, 0.9057660765677544
0, 280, 713, 36, 37, 0.908482738461357
0, 477, 1307, 26, 27, 0.9120288127804522
0, 91, 1734, 37, 36, 0.9138496441099515
0, 799, 612, 28, 32, 0.8454899508250986
0, 990, 73, 28, 27, 0.9001473543278297
0, 12, 885, 25, 33, 0.9011065035708512
0, 297, 1105, 29, 28, 0.9657802076355664
0, 1376, 212, 31, 28, 0.8866113349900879
0, 1720, 122, 30, 29, 0.8771459236600142
0, 1152, 1665, 30, 27, 0.9191958098629014
0, 1068, 1445, 26, 33, 0.9146913795023315
0, 899, 352, 29, 41, 0.8982355959635753
0, 407, 557, 28, 30, 0.9250269585440901
0, 1223, 1042, 30, 29, 0.9287012895070066
0, 272, 1387, 29, 30, 0.94000322929083
