0, 655, 587, 22, 22, 0.4149147868156433
0, 430, 265, 20, 20, 0.35925787687301636
0, 55, 249, 22, 19, 0.3196233808994293
0, 208, 72, 18, 19, 0.3174663782119751
0, 330, 970, 21, 17, 0.31489285826683044
0, 314, 459, 18, 20, 0.302423357963562
0, 947, 139, 21, 18, 0.2866132855415344
0, 219, 613, 19, 19, 0.283071368932724
0, 502, 712, 17, 23, 0.2774658799171448
0, 174, 48, 20, 20, 0.26658424735069275
0, 291, 719, 21, 24, 0.25753462314605713
0, 291, 292, 23, 19, 0.25575998425483704
0, 614, 717, 18, 22, 0.2549407482147217
0, 488, 721, 19, 20, 0.24599498510360718
0, 13, 603, 21, 18, 0.24533316493034363
0, 359, 474, 18, 29, 0.22341382503509521
0, 75, 642, 15, 14, 0.21616722643375397
0, 798, 23, 19, 18, 0.21459825336933136
0, 886, 44, 19, 17, 0.2128741294145584
0, 188, 31, 18, 21, 0.20245936512947083
0, 204, 626, 18, 19, 0.1963975727558136
0, 625, 700, 21, 20, 0.1906396448612213
0, 825, 773, 18, 24, 0.18758553266525269
0, 415, 314, 19, 20, 0.18434180319309235
0, 648, 690, 25, 19, 0.1835976243019104
0, 443, 313, 20, 19, 0.18180443346500397
0, 156, 808, 19, 17, 0.1807873249053955
0, 634, 628, 20, 22, 0.1742599457502365
0, 809, 764, 17, 20, 0.17380298674106598
0, 138, 850, 16, 18, 0.1677059382200241
0, 542, 477, 18, 18, 0.16733580827713013
0, 72, 788, 17, 18, 0.16604283452033997
0, 964, 154, 21, 23, 0.16532881557941437
0, 664, 116, 18, 20, 0.1604452133178711
0, 156, 852, 18, 19, 0.15944957733154297
0, 234, 82, 18, 15, 0.14940263330936432
0, 980, 571, 18, 19, 0.14771120250225067
0, 818, 540, 19, 17, 0.14469610154628754
0, 332, 462, 18, 20, 0.14310882985591888
0, 266, 23, 17, 20, 0.14135977625846863
0, 252, 23, 15, 21, 0.1410612016916275
0, 575, 5, 18, 10, 0.14049963653087616
0, 745, 115, 21, 18, 0.1378178894519806
0, 608, 637, 17, 19, 0.13400287926197052
0, 993, 201, 13, 22, 0.1332293152809143
0, 493, 443, 15, 18, 0.1325114518404007
0, 28, 233, 15, 14, 0.13213025033473969
0, 842, 50, 19, 19, 0.1315656304359436
0, 624, 414, 17, 20, 0.13123464584350586
0, 804, 4, 25, 9, 0.13080671429634094
0, 951, 568, 19, 21, 0.12857209146022797
0, 142, 499, 17, 17, 0.12803637981414795
0, 18, 405, 19, 19, 0.12581053376197815
0, 619, 735, 21, 17, 0.12517857551574707
0, 238, 23, 17, 22, 0.12384530156850815
0, 208, 586, 20, 18, 0.12345534563064575
0, 716, 116, 25, 20, 0.11862409114837646
