0, 104.0, 66.0, 36.0, 36.0, 0.5590311288833618
0, 928.0, 315.0, 34.0, 26.0, 0.41679900884628296
0, 342.0, 138.0, 34.0, 32.0, 0.40144914388656616
0, 739.0, 201.0, 26.0, 28.0, 0.3830892741680145
0, 669.0, 470.0, 26.0, 26.0, 0.37564289569854736
0, 50.0, 119.0, 22.0, 27.0, 0.3585190176963806
0, 482.0, 392.0, 25.0, 27.0, 0.33714866638183594
0, 498.0, 180.0, 35.0, 29.0, 0.32291051745414734
0, 224.0, 565.0, 29.0, 26.0, 0.32290756702423096
0, 580.0, 479.0, 32.0, 29.0, 0.3190031051635742
0, 190.0, 740.0, 34.0, 29.0, 0.3159423768520355
0, 705.0, 153.0, 31.0, 40.0, 0.31405070424079895
0, 231.0, 242.0, 24.0, 30.0, 0.31349727511405945
0, 630.0, 495.0, 26.0, 24.0, 0.3133039176464081
0, 239.0, 118.0, 34.0, 26.0, 0.31219664216041565
0, 107.0, 177.0, 24.0, 28.0, 0.2922156751155853
0, 275.0, 224.0, 30.0, 30.0, 0.2842995822429657
0, 608.0, 529.0, 35.0, 24.0, 0.28347933292388916
0, 799.0, 681.0, 26.0, 27.0, 0.2747931182384491
0, 820.0, 63.0, 25.0, 23.0, 0.2739432454109192
0, 614.0, 801.0, 27.0, 29.0, 0.27290236949920654
0, 84.0, 540.0, 25.0, 25.0, 0.2678963840007782
0, 362.0, 976.0, 23.0, 27.0, 0.2581070065498352
0, 299.0, 740.0, 22.0, 23.0, 0.24999651312828064
0, 928.0, 430.0, 23.0, 24.0, 0.24838587641716003
0, 150.0, 232.0, 20.0, 23.0, 0.24358198046684265
0, 756.0, 256.0, 32.0, 29.0, 0.24166004359722137
0, 757.0, 37.0, 21.0, 27.0, 0.24040104448795319
0, 672.0, 643.0, 20.0, 27.0, 0.2334609031677246
0, 792.0, 146.0, 27.0, 31.0, 0.23045596480369568
0, 348.0, 96.0, 30.0, 25.0, 0.228756383061409
0, 475.0, 564.0, 22.0, 22.0, 0.22850532829761505
0, 18.0, 579.0, 30.0, 28.0, 0.22754471004009247
0, 873.0, 41.0, 26.0, 22.0, 0.22406035661697388
0, 264.0, 312.0, 28.0, 31.0, 0.21238453686237335
0, 371.0, 615.0, 24.0, 22.0, 0.20993004739284515
0, 441.0, 802.0, 28.0, 34.0, 0.20953020453453064
0, 873.0, 745.0, 26.0, 28.0, 0.20548543334007263
0, 62.0, 557.0, 31.0, 31.0, 0.20505568385124207
0, 307.0, 330.0, 36.0, 24.0, 0.20009174942970276
0, 572.0, 150.0, 28.0, 27.0, 0.1997559815645218
0, 891.0, 381.0, 21.0, 23.0, 0.1988070011138916
0, 313.0, 989.0, 24.0, 20.0, 0.19716908037662506
0, 525.0, 818.0, 22.0, 24.0, 0.1936386227607727
0, 187.0, 245.0, 27.0, 26.0, 0.19320040941238403
0, 293.0, 211.0, 28.0, 26.0, 0.19304858148097992
0, 418.0, 297.0, 25.0, 31.0, 0.19178472459316254
0, 63.0, 466.0, 23.0, 22.0, 0.1902613639831543
0, 877.0, 242.0, 25.0, 22.0, 0.18946439027786255
0, 303.0, 252.0, 27.0, 23.0, 0.18712107837200165
0, 557.0, 605.0, 32.0, 31.0, 0.18696583807468414
0, 233.0, 747.0, 28.0, 34.0, 0.18436184525489807
0, 236.0, 40.0, 22.0, 27.0, 0.1841370314359665
0, 966.0, 740.0, 26.0, 29.0, 0.18402443826198578
0, 296.0, 60.0, 25.0, 32.0, 0.18339040875434875
0, 671.0, 181.0, 27.0, 29.0, 0.17969374358654022
0, 600.0, 952.0, 21.0, 27.0, 0.17838425934314728
0, 808.0, 10.0, 21.0, 19.0, 0.1747165322303772
0, 317.0, 214.0, 26.0, 27.0, 0.17397363483905792
0, 54.0, 867.0, 20.0, 26.0, 0.17340904474258423
0, 227.0, 286.0, 28.0, 25.0, 0.17205853760242462
0, 649.0, 632.0, 18.0, 27.0, 0.17163324356079102
0, 78.0, 848.0, 24.0, 32.0, 0.17101503908634186
0, 512.0, 833.0, 27.0, 31.0, 0.1702977418899536
0, 82.0, 182.0, 26.0, 25.0, 0.17008918523788452
0, 363.0, 321.0, 26.0, 26.0, 0.16994845867156982
0, 157.0, 267.0, 32.0, 34.0, 0.1678265482187271
0, 451.0, 443.0, 27.0, 24.0, 0.16535422205924988
0, 134.0, 388.0, 21.0, 21.0, 0.16494698822498322
0, 627.0, 963.0, 19.0, 29.0, 0.16434930264949799
0, 899.0, 258.0, 22.0, 25.0, 0.16284926235675812
0, 372.0, 938.0, 25.0, 26.0, 0.1628018319606781
0, 400.0, 377.0, 26.0, 28.0, 0.1623489409685135
0, 883.0, 513.0, 25.0, 27.0, 0.16152019798755646
0, 178.0, 177.0, 21.0, 23.0, 0.15734733641147614
0, 560.0, 812.0, 26.0, 28.0, 0.15559230744838715
0, 222.0, 951.0, 22.0, 23.0, 0.15317367017269135
0, 588.0, 638.0, 25.0, 21.0, 0.15151004493236542
0, 356.0, 528.0, 32.0, 35.0, 0.15106622874736786
0, 822.0, 921.0, 27.0, 27.0, 0.1509939581155777
0, 493.0, 587.0, 26.0, 33.0, 0.1501438468694687
0, 529.0, 393.0, 38.0, 25.0, 0.1491130143404007
0, 30.0, 46.0, 34.0, 25.0, 0.14892035722732544
0, 427.0, 913.0, 25.0, 19.0, 0.1488499641418457
0, 843.0, 20.0, 22.0, 21.0, 0.14839860796928406
0, 340.0, 976.0, 22.0, 25.0, 0.14814914762973785
0, 368.0, 205.0, 29.0, 21.0, 0.147747203707695
0, 36.0, 69.0, 24.0, 25.0, 0.14773699641227722
0, 315.0, 316.0, 32.0, 28.0, 0.1466459482908249
0, 765.0, 894.0, 27.0, 27.0, 0.1451430320739746
0, 631.0, 21.0, 26.0, 33.0, 0.1437588483095169
0, 515.0, 731.0, 35.0, 30.0, 0.14286498725414276
0, 499.0, 458.0, 29.0, 35.0, 0.13939723372459412
0, 632.0, 830.0, 27.0, 26.0, 0.13925385475158691
0, 624.0, 74.0, 24.0, 28.0, 0.13721059262752533
0, 280.0, 709.0, 26.0, 20.0, 0.13713222742080688
0, 630.0, 712.0, 23.0, 23.0, 0.13693751394748688
0, 974.0, 664.0, 21.0, 21.0, 0.13549435138702393
0, 192.0, 411.0, 34.0, 30.0, 0.13535623252391815
0, 912.0, 232.0, 26.0, 28.0, 0.13486817479133606
0, 849.0, 40.0, 22.0, 18.0, 0.13328728079795837
0, 240.0, 376.0, 26.0, 23.0, 0.13185317814350128
0, 562.0, 341.0, 30.0, 25.0, 0.12950074672698975
0, 515.0, 755.0, 28.0, 24.0, 0.12935562431812286
0, 271.0, 790.0, 27.0, 23.0, 0.12927184998989105
0, 487.0, 767.0, 30.0, 28.0, 0.12911656498908997
0, 861.0, 203.0, 27.0, 27.0, 0.12898339331150055
0, 782.0, 7.0, 25.0, 15.0, 0.12883992493152618
0, 944.0, 797.0, 28.0, 25.0, 0.1281876564025879
0, 326.0, 736.0, 23.0, 36.0, 0.12622568011283875
0, 617.0, 224.0, 20.0, 28.0, 0.12368348985910416
0, 487.0, 276.0, 28.0, 27.0, 0.12267380952835083
0, 365.0, 276.0, 34.0, 22.0, 0.12232421338558197
0, 772.0, 154.0, 22.0, 25.0, 0.1212095394730568
0, 255.0, 676.0, 25.0, 24.0, 0.12074218690395355
0, 821.0, 313.0, 23.0, 25.0, 0.11971920728683472
0, 904.0, 819.0, 32.0, 32.0, 0.11858982592821121
0, 30.0, 21.0, 27.0, 23.0, 0.11687952280044556
0, 738.0, 306.0, 23.0, 20.0, 0.11673236638307571
0, 835.0, 171.0, 26.0, 34.0, 0.11582431197166443
0, 133.0, 772.0, 24.0, 21.0, 0.1151256412267685
0, 135.0, 216.0, 20.0, 20.0, 0.11489062756299973
0, 219.0, 797.0, 22.0, 27.0, 0.11461955308914185
0, 513.0, 428.0, 30.0, 30.0, 0.11435795575380325
0, 871.0, 682.0, 21.0, 19.0, 0.11223181337118149
0, 355.0, 220.0, 22.0, 22.0, 0.10936141759157181
0, 963.0, 454.0, 25.0, 21.0, 0.10749907046556473
0, 212.0, 769.0, 27.0, 27.0, 0.10742242634296417
0, 534.0, 419.0, 26.0, 23.0, 0.10652133822441101
0, 428.0, 215.0, 29.0, 23.0, 0.10377973318099976
0, 112.0, 537.0, 27.0, 28.0, 0.10327041894197464
0, 755.0, 665.0, 23.0, 36.0, 0.10314326733350754
0, 11.0, 746.0, 22.0, 22.0, 0.10298506170511246
0, 159.0, 798.0, 26.0, 24.0, 0.10268008708953857
0, 542.0, 181.0, 34.0, 32.0, 0.10165900737047195
0, 639.0, 143.0, 30.0, 28.0, 0.10106639564037323
0, 978.0, 345.0, 24.0, 34.0, 0.10080533474683762
