0, 183.0, 56.0, 23.0, 24.0, 0.5612726211547852
0, 879.0, 190.0, 16.0, 25.0, 0.5584142208099365
0, 193.0, 9.0, 23.0, 18.0, 0.5484408736228943
0, 200.0, 49.0, 21.0, 22.0, 0.5346488356590271
0, 510.0, 257.0, 19.0, 20.0, 0.5329709053039551
0, 883.0, 602.0, 21.0, 26.0, 0.5277208685874939
0, 429.0, 678.0, 35.0, 26.0, 0.5027965903282166
0, 409.0, 16.0, 22.0, 24.0, 0.5012504458427429
0, 212.0, 454.0, 20.0, 20.0, 0.47749611735343933
0, 876.0, 97.0, 23.0, 22.0, 0.47685131430625916
0, 553.0, 316.0, 21.0, 21.0, 0.4631666839122772
0, 637.0, 281.0, 22.0, 19.0, 0.45177796483039856
0, 302.0, 333.0, 22.0, 24.0, 0.448146253824234
0, 60.0, 51.0, 19.0, 18.0, 0.4301128685474396
0, 175.0, 616.0, 20.0, 25.0, 0.4255933463573456
0, 279.0, 346.0, 23.0, 24.0, 0.418057918548584
0, 118.0, 854.0, 25.0, 23.0, 0.41225165128707886
0, 208.0, 29.0, 20.0, 24.0, 0.39235809445381165
0, 884.0, 76.0, 23.0, 21.0, 0.38629746437072754
0, 229.0, 126.0, 20.0, 19.0, 0.3862466514110565
0, 893.0, 192.0, 16.0, 22.0, 0.3804962635040283
0, 992.0, 145.0, 14.0, 21.0, 0.3773671090602875
0, 319.0, 352.0, 21.0, 25.0, 0.37017756700515747
0, 638.0, 227.0, 20.0, 21.0, 0.36113807559013367
0, 416.0, 614.0, 24.0, 23.0, 0.35402941703796387
0, 345.0, 191.0, 20.0, 22.0, 0.3444134294986725
0, 426.0, 524.0, 27.0, 30.0, 0.34230881929397583
0, 251.0, 267.0, 22.0, 23.0, 0.34072020649909973
0, 358.0, 249.0, 26.0, 20.0, 0.33531084656715393
0, 359.0, 327.0, 19.0, 20.0, 0.33375808596611023
0, 265.0, 487.0, 24.0, 26.0, 0.3327106833457947
0, 162.0, 954.0, 21.0, 25.0, 0.3252059817314148
0, 316.0, 226.0, 20.0, 22.0, 0.324474960565567
0, 13.0, 683.0, 20.0, 23.0, 0.3213273286819458
0, 126.0, 966.0, 19.0, 20.0, 0.3208453953266144
0, 513.0, 235.0, 20.0, 20.0, 0.31525975465774536
0, 667.0, 536.0, 20.0, 25.0, 0.31314530968666077
0, 728.0, 613.0, 17.0, 19.0, 0.30431634187698364
0, 923.0, 143.0, 20.0, 21.0, 0.29948440194129944
0, 108.0, 108.0, 25.0, 32.0, 0.2970842123031616
0, 625.0, 201.0, 23.0, 21.0, 0.2963023781776428
0, 872.0, 165.0, 24.0, 24.0, 0.29209914803504944
0, 903.0, 677.0, 19.0, 18.0, 0.28115642070770264
0, 385.0, 736.0, 20.0, 20.0, 0.2758587598800659
0, 53.0, 131.0, 30.0, 22.0, 0.27008822560310364
0, 482.0, 990.0, 20.0, 19.0, 0.26997533440589905
0, 262.0, 192.0, 19.0, 19.0, 0.26923176646232605
0, 81.0, 507.0, 21.0, 21.0, 0.26748982071876526
0, 527.0, 254.0, 21.0, 19.0, 0.2603161334991455
0, 158.0, 50.0, 19.0, 22.0, 0.25985872745513916
0, 257.0, 556.0, 19.0, 23.0, 0.2593848407268524
0, 231.0, 89.0, 21.0, 18.0, 0.25788870453834534
0, 6.0, 537.0, 12.0, 24.0, 0.2555660009384155
0, 367.0, 288.0, 17.0, 18.0, 0.25137922167778015
0, 940.0, 667.0, 25.0, 22.0, 0.24713493883609772
0, 78.0, 139.0, 22.0, 25.0, 0.24606359004974365
0, 370.0, 709.0, 22.0, 21.0, 0.2453622668981552
0, 20.0, 548.0, 22.0, 20.0, 0.24175627529621124
0, 145.0, 127.0, 16.0, 19.0, 0.23772616684436798
0, 318.0, 443.0, 28.0, 19.0, 0.23409779369831085
0, 642.0, 251.0, 19.0, 26.0, 0.23276787996292114
0, 103.0, 989.0, 17.0, 18.0, 0.22359034419059753
0, 156.0, 8.0, 19.0, 16.0, 0.22239577770233154
0, 843.0, 866.0, 21.0, 19.0, 0.22158893942832947
0, 713.0, 910.0, 21.0, 19.0, 0.219595804810524
0, 99.0, 133.0, 20.0, 23.0, 0.21742211282253265
0, 673.0, 634.0, 24.0, 18.0, 0.2161722183227539
0, 903.0, 694.0, 21.0, 16.0, 0.21454031765460968
0, 987.0, 5.0, 20.0, 11.0, 0.2139357626438141
0, 280.0, 584.0, 22.0, 20.0, 0.21085497736930847
0, 506.0, 737.0, 20.0, 19.0, 0.20887036621570587
0, 33.0, 120.0, 18.0, 24.0, 0.20787519216537476
0, 896.0, 871.0, 29.0, 25.0, 0.20629410445690155
0, 965.0, 6.0, 23.0, 13.0, 0.20323887467384338
0, 31.0, 874.0, 20.0, 20.0, 0.20223483443260193
0, 491.0, 201.0, 20.0, 32.0, 0.20107828080654144
0, 609.0, 188.0, 21.0, 19.0, 0.2010689377784729
0, 168.0, 545.0, 25.0, 20.0, 0.19992807507514954
0, 781.0, 479.0, 19.0, 20.0, 0.19978424906730652
0, 888.0, 173.0, 17.0, 17.0, 0.19616740942001343
0, 323.0, 115.0, 21.0, 19.0, 0.1958465576171875
0, 166.0, 522.0, 20.0, 23.0, 0.1950775682926178
0, 210.0, 602.0, 22.0, 21.0, 0.19291436672210693
0, 13.0, 503.0, 25.0, 22.0, 0.19177187979221344
0, 690.0, 543.0, 16.0, 22.0, 0.1882832795381546
0, 251.0, 533.0, 19.0, 22.0, 0.18772417306900024
0, 136.0, 977.0, 19.0, 18.0, 0.18769395351409912
0, 493.0, 320.0, 21.0, 23.0, 0.18410438299179077
0, 9.0, 708.0, 18.0, 18.0, 0.18316124379634857
0, 325.0, 141.0, 18.0, 21.0, 0.18116632103919983
0, 673.0, 634.0, 25.0, 20.0, 0.17533141374588013
0, 67.0, 25.0, 23.0, 20.0, 0.17446888983249664
0, 522.0, 343.0, 23.0, 17.0, 0.1659703403711319
0, 173.0, 38.0, 18.0, 17.0, 0.16564138233661652
0, 971.0, 244.0, 21.0, 28.0, 0.16541631519794464
0, 296.0, 303.0, 19.0, 21.0, 0.16473357379436493
0, 193.0, 616.0, 17.0, 20.0, 0.16370800137519836
0, 31.0, 31.0, 23.0, 19.0, 0.16342785954475403
0, 284.0, 498.0, 23.0, 24.0, 0.16333281993865967
0, 309.0, 417.0, 21.0, 20.0, 0.16081899404525757
0, 93.0, 696.0, 21.0, 22.0, 0.15963053703308105
0, 239.0, 442.0, 32.0, 33.0, 0.1588904857635498
0, 234.0, 269.0, 18.0, 29.0, 0.15720020234584808
0, 394.0, 682.0, 22.0, 16.0, 0.1570887714624405
0, 352.0, 33.0, 20.0, 18.0, 0.15562810003757477
0, 933.0, 126.0, 17.0, 21.0, 0.15512369573116302
0, 657.0, 588.0, 20.0, 21.0, 0.15466588735580444
0, 243.0, 295.0, 23.0, 24.0, 0.15233483910560608
0, 484.0, 762.0, 23.0, 22.0, 0.1515473574399948
0, 467.0, 740.0, 21.0, 23.0, 0.15128104388713837
0, 866.0, 901.0, 19.0, 16.0, 0.15106786787509918
0, 339.0, 155.0, 18.0, 26.0, 0.14915305376052856
0, 240.0, 312.0, 19.0, 19.0, 0.14364688098430634
0, 13.0, 95.0, 17.0, 18.0, 0.14284665882587433
0, 709.0, 588.0, 17.0, 19.0, 0.14200909435749054
0, 407.0, 41.0, 25.0, 23.0, 0.14109207689762115
0, 187.0, 595.0, 22.0, 20.0, 0.13742338120937347
0, 90.0, 58.0, 21.0, 20.0, 0.1360843926668167
0, 231.0, 106.0, 20.0, 20.0, 0.13564419746398926
0, 491.0, 965.0, 22.0, 19.0, 0.13363811373710632
0, 98.0, 72.0, 21.0, 21.0, 0.13321200013160706
0, 928.0, 611.0, 18.0, 18.0, 0.12994077801704407
0, 841.0, 415.0, 16.0, 22.0, 0.1291583776473999
0, 915.0, 596.0, 16.0, 18.0, 0.126736581325531
0, 141.0, 20.0, 22.0, 22.0, 0.12528270483016968
0, 51.0, 729.0, 20.0, 22.0, 0.12179849296808243
0, 750.0, 933.0, 24.0, 20.0, 0.12070640176534653
0, 382.0, 318.0, 20.0, 25.0, 0.11856767535209656
0, 147.0, 960.0, 23.0, 23.0, 0.11831415444612503
0, 97.0, 70.0, 23.0, 25.0, 0.11703100055456161
0, 218.0, 83.0, 22.0, 25.0, 0.11595962196588516
0, 26.0, 87.0, 20.0, 20.0, 0.11476066708564758
0, 51.0, 867.0, 18.0, 18.0, 0.11327511817216873
0, 9.0, 518.0, 18.0, 16.0, 0.11306165903806686
0, 440.0, 573.0, 22.0, 22.0, 0.11289787292480469
0, 98.0, 133.0, 21.0, 21.0, 0.11102970689535141
0, 42.0, 660.0, 24.0, 22.0, 0.10999161005020142
0, 42.0, 661.0, 25.0, 23.0, 0.10843208432197571
0, 120.0, 985.0, 17.0, 17.0, 0.10554678738117218
0, 284.0, 498.0, 22.0, 22.0, 0.105220727622509
0, 88.0, 857.0, 28.0, 19.0, 0.103952556848526
0, 757.0, 369.0, 21.0, 30.0, 0.10366833955049515
0, 941.0, 628.0, 27.0, 28.0, 0.10215118527412415
0, 941.0, 591.0, 16.0, 18.0, 0.10209895670413971
0, 332.0, 403.0, 24.0, 20.0, 0.1016450971364975
0, 248.0, 341.0, 21.0, 25.0, 0.1016400009393692
0, 435.0, 472.0, 24.0, 22.0, 0.10015853494405746
