0, 644.0, 354.0, 24.0, 25.0, 0.2724510133266449
0, 122.0, 989.0, 27.0, 19.0, 0.23692236840724945
0, 392.0, 708.0, 20.0, 21.0, 0.23564167320728302
0, 547.0, 493.0, 22.0, 20.0, 0.23341351747512817
0, 126.0, 166.0, 17.0, 19.0, 0.22864015400409698
0, 364.0, 816.0, 20.0, 18.0, 0.22410894930362701
0, 148.0, 115.0, 17.0, 18.0, 0.18620839715003967
0, 975.0, 605.0, 20.0, 21.0, 0.18334293365478516
0, 604.0, 7.0, 20.0, 14.0, 0.1788751780986786
0, 879.0, 245.0, 21.0, 22.0, 0.17687810957431793
0, 557.0, 430.0, 22.0, 25.0, 0.1742650419473648
0, 440.0, 431.0, 17.0, 16.0, 0.1715165376663208
0, 938.0, 757.0, 18.0, 18.0, 0.17088839411735535
0, 850.0, 251.0, 18.0, 18.0, 0.16998574137687683
0, 714.0, 784.0, 19.0, 25.0, 0.15907083451747894
0, 147.0, 969.0, 23.0, 22.0, 0.15844550728797913
0, 371.0, 795.0, 19.0, 16.0, 0.1530233472585678
0, 391.0, 8.0, 26.0, 16.0, 0.14930398762226105
0, 584.0, 444.0, 23.0, 29.0, 0.14500285685062408
0, 223.0, 136.0, 20.0, 19.0, 0.14228413999080658
0, 584.0, 452.0, 24.0, 18.0, 0.14002157747745514
0, 510.0, 855.0, 17.0, 19.0, 0.13770654797554016
0, 170.0, 120.0, 18.0, 21.0, 0.13596706092357635
0, 115.0, 239.0, 19.0, 18.0, 0.1342635303735733
0, 667.0, 316.0, 28.0, 26.0, 0.13296842575073242
0, 143.0, 5.0, 20.0, 11.0, 0.13187943398952484
0, 531.0, 446.0, 24.0, 25.0, 0.12697996199131012
0, 580.0, 537.0, 19.0, 19.0, 0.12667250633239746
0, 384.0, 811.0, 18.0, 19.0, 0.125482439994812
0, 510.0, 371.0, 18.0, 18.0, 0.12270921468734741
0, 552.0, 736.0, 21.0, 20.0, 0.12209326028823853
0, 653.0, 473.0, 18.0, 19.0, 0.12147300690412521
0, 479.0, 501.0, 22.0, 19.0, 0.11783906817436218
0, 508.0, 607.0, 20.0, 19.0, 0.11744716018438339
0, 682.0, 418.0, 25.0, 28.0, 0.11571747809648514
0, 188.0, 7.0, 25.0, 14.0, 0.11542697250843048
0, 612.0, 346.0, 21.0, 22.0, 0.11357906460762024
0, 992.0, 23.0, 14.0, 14.0, 0.11285903304815292
0, 547.0, 184.0, 21.0, 18.0, 0.11166863888502121
0, 452.0, 935.0, 18.0, 21.0, 0.11088427156209946
0, 910.0, 170.0, 17.0, 19.0, 0.11073901504278183
0, 625.0, 486.0, 19.0, 19.0, 0.10495965927839279
0, 140.0, 211.0, 16.0, 15.0, 0.10483971238136292
0, 723.0, 39.0, 18.0, 22.0, 0.10438770800828934
0, 9.0, 429.0, 18.0, 23.0, 0.10415159910917282
0, 115.0, 266.0, 17.0, 17.0, 0.10404358059167862
0, 183.0, 595.0, 17.0, 18.0, 0.10318030416965485
0, 857.0, 297.0, 17.0, 17.0, 0.10141606628894806
