0, 198, 661, 16, 15, 0.9999999999999999
0, 111, 621, 17, 18, 1.0
0, 776, 132, 22, 20, 1.0
0, 150, 465, 20, 22, 0.9999999999999999
0, 284, 612, 18, 13, 0.9999999999999998
0, 414, 128, 21, 21, 1.0
0, 302, 70, 21, 23, 1.0
0, 851, 112, 16, 14, 0.9999999999999999
0, 59, 687, 19, 17, 1.0
0, 310, 136, 19, 19, 0.9999999999999999
0, 175, 561, 16, 15, 1.0000000000000002
0, 104, 596, 22, 23, 1.0
0, 826, 100, 25, 18, 0.9999999999999999
0, 11, 647, 20, 21, 1.0
0, 764, 110, 20, 20, 1.0
0, 200, 574, 19, 16, 0.9999999999999999
0, 397, 424, 17, 13, 1.0
0, 799, 371, 15, 19, 1.0
0, 787, 356, 20, 19, 1.0000000000000002
0, 461, 121, 20, 24, 0.9999999999999999
0, 159, 131, 18, 18, 0.9999999999999998
0, 537, 598, 18, 15, 0.9999999999999999
0, 629, 496, 24, 19, 1.0
0, 375, 151, 18, 17, 1.0000000000000002
0, 509, 534, 22, 24, 1.0
0, 804, 437, 24, 18, 1.0
0, 129, 85, 23, 21, 1.0
0, 140, 488, 23, 22, 0.9999999999999999
0, 112, 525, 17, 16, 0.9999999999999998
0, 74, 711, 15, 14, 1.0
0, 426, 454, 23, 21, 1.0
0, 899, 403, 19, 19, 0.9999999999999998
0, 486, 112, 20, 18, 1.0
0, 781, 370, 17, 17, 1.0
0, 307, 96, 16, 23, 1.0000000000000002
0, 751, 237, 20, 17, 0.9999999999999998
0, 887, 419, 17, 20, 0.9999999999999999
0, 530, 575, 23, 17, 1.0
0, 909, 262, 18, 13, 1.0
0, 109, 151, 17, 17, 0.9999999999999998
0, 195, 681, 20, 19, 1.0
0, 73, 774, 15, 14, 1.0000000000000002
0, 449, 97, 17, 19, 1.0
0, 418, 195, 20, 18, 0.9999999999999999
0, 912, 280, 18, 16, 1.0000000000000002
0, 180, 711, 17, 13, 1.0
0, 432, 87, 16, 14, 1.0000000000000002
0, 59, 461, 17, 15, 1.0000000000000002
0, 514, 472, 15, 19, 1.0
0, 457, 28, 17, 21, 1.0000000000000002
0, 587, 481, 17, 16, 1.0
0, 453, 424, 19, 15, 1.0
0, 346, 251, 19, 15, 0.9999999999999998
0, 859, 62, 18, 15, 0.9999999999999999
0, 130, 553, 21, 23, 1.0000000000000002
0, 576, 510, 19, 14, 0.9999999999999999
0, 173, 784, 22, 18, 1.0
0, 174, 636, 17, 13, 1.0
0, 867, 101, 16, 15, 0.9999999999999998
0, 881, 933, 16, 11, 0.9999999999999999
0, 232, 616, 21, 20, 1.0
0, 85, 168, 20, 21, 1.0000000000000002
0, 677, 567, 20, 20, 1.0
0, 699, 149, 17, 17, 0.9999999999999998
0, 373, 105, 20, 18, 1.0
0, 334, 309, 17, 17, 1.0
0, 128, 177, 21, 18, 1.0
0, 421, 744, 18, 21, 1.0000000000000002
0, 377, 832, 19, 16, 1.0000000000000002
0, 148, 110, 20, 22, 1.0
0, 631, 476, 17, 16, 1.0
0, 443, 342, 22, 21, 0.9999999999999998
0, 440, 471, 20, 18, 0.9999999999999999
0, 853, 430, 21, 19, 1.0
0, 82, 483, 23, 19, 1.0
0, 131, 760, 17, 16, 0.9999999999999996
0, 531, 168, 19, 20, 1.0
0, 857, 93, 16, 19, 1.0
0, 410, 726, 17, 17, 0.9999999999999999
0, 598, 465, 19, 18, 1.0
0, 421, 251, 19, 18, 1.0
0, 360, 170, 19, 20, 0.9999999999999999
0, 759, 309, 17, 15, 1.0000000000000002
0, 810, 225, 17, 19, 1.0
0, 404, 444, 24, 18, 0.9999999999999999
0, 648, 524, 16, 16, 0.9999999999999999
0, 241, 671, 22, 17, 1.0
0, 120, 576, 17, 16, 0.9999999999999999
0, 389, 73, 17, 15, 1.0
0, 390, 844, 20, 19, 1.0
0, 415, 274, 21, 17, 1.0
0, 168, 212, 18, 15, 0.9999999999999998
0, 256, 660, 16, 15, 0.9999999999999999
0, 805, 340, 19, 19, 1.0
0, 915, 32, 23, 19, 1.0000000000000002
0, 234, 159, 17, 18, 1.0
0, 132, 604, 15, 21, 1.0
0, 788, 302, 19, 13, 1.0
0, 433, 116, 18, 21, 1.0
0, 611, 418, 18, 24, 1.0
0, 259, 379, 20, 21, 1.0
0, 803, 187, 20, 15, 0.9999999999999999
0, 429, 299, 21, 15, 1.0
0, 628, 592, 23, 22, 1.0
0, 65, 161, 19, 13, 1.0
0, 439, 42, 19, 19, 0.9999999999999999
0, 482, 76, 15, 16, 1.0000000000000002
0, 320, 65, 16, 17, 0.9999999999999999
0, 273, 104, 16, 16, 1.0
0, 382, 223, 16, 14, 1.0
0, 520, 114, 15, 18, 1.0000000000000002
0, 462, 562, 16, 15, 0.9999999999999998
0, 761, 376, 17, 18, 1.0
0, 332, 118, 19, 18, 0.9999999999999999
0, 404, 230, 22, 17, 0.9999999999999999
0, 473, 429, 20, 19, 1.0
0, 807, 206, 14, 14, 0.9999999999999999
0, 601, 526, 19, 18, 1.0000000000000002
0, 530, 552, 25, 21, 1.0
0, 594, 183, 22, 22, 1.0
0, 349, 270, 18, 15, 1.0
0, 249, 441, 25, 22, 1.0
0, 822, 200, 18, 17, 0.9999999999999998
0, 131, 628, 15, 18, 1.0
0, 935, 296, 19, 18, 0.9999999999999999
0, 158, 109, 15, 23, 0.9999999999999999
0, 35, 437, 20, 18, 1.0
0, 747, 287, 18, 17, 1.0000000000000002
0, 372, 25, 17, 20, 1.0
0, 422, 86, 18, 15, 0.9999999999999998
0, 406, 298, 18, 14, 1.0000000000000002
0, 522, 493, 20, 18, 0.9999999999999998
0, 113, 646, 22, 18, 1.0
0, 333, 79, 19, 22, 1.0
0, 880, 983, 17, 10, 1.0
0, 64, 792, 19, 17, 1.0
0, 505, 691, 19, 21, 1.0
0, 183, 610, 16, 18, 0.9999999999999998
0, 932, 278, 17, 18, 1.0
0, 506, 117, 15, 19, 1.0
0, 176, 514, 24, 20, 1.0
0, 37, 727, 15, 16, 0.9999999999999998
0, 388, 67, 19, 20, 0.9999999999999999
0, 274, 629, 17, 16, 1.0
0, 146, 599, 17, 15, 1.0
0, 336, 310, 15, 10, 1.0
0, 370, 323, 17, 14, 1.0
0, 99, 341, 15, 19, 1.0000000000000002
0, 832, 64, 16, 16, 0.9999999999999998
0, 21, 185, 19, 18, 0.9999999999999999
0, 727, 117, 17, 17, 0.9999999999999998
0, 66, 573, 20, 14, 0.9999999999999999
0, 148, 847, 19, 16, 0.9999999999999999
0, 803, 332, 23, 18, 1.0000000000000002
0, 92, 374, 16, 13, 0.9999999999999998
0, 141, 69, 20, 18, 1.0
0, 868, 409, 18, 18, 0.9999999999999999
0, 821, 317, 19, 20, 1.0
0, 145, 570, 16, 18, 1.0
0, 712, 52, 18, 21, 1.0
0, 107, 719, 15, 21, 1.0
0, 663, 551, 17, 20, 1.0
0, 371, 260, 18, 16, 1.0
0, 28, 711, 19, 14, 1.0
0, 761, 310, 16, 6, 0.9999999999999999
0, 389, 409, 18, 15, 0.9999999999999999
0, 377, 388, 16, 16, 1.0
0, 107, 453, 19, 21, 1.0
0, 708, 961, 17, 14, 1.0000000000000002
0, 231, 651, 16, 15, 0.9999999999999999
0, 735, 263, 18, 17, 1.0
0, 842, 452, 23, 18, 1.0
0, 426, 33, 20, 16, 1.0000000000000002
0, 384, 46, 17, 17, 1.0000000000000002
0, 138, 421, 20, 18, 0.9999999999999998
0, 844, 400, 14, 14, 1.0
0, 873, 377, 18, 17, 1.0
0, 555, 582, 22, 23, 1.0
0, 436, 234, 18, 17, 1.0000000000000002
0, 375, 413, 16, 15, 0.9999999999999999
0, 99, 860, 16, 16, 0.9999999999999999
0, 240, 841, 20, 21, 1.0
0, 484, 28, 18, 18, 1.0
0, 710, 23, 16, 14, 1.0
0, 362, 50, 15, 14, 0.9999999999999998
0, 195, 558, 14, 18, 1.0
0, 96, 569, 19, 22, 1.0
0, 87, 40, 17, 20, 1.0
0, 738, 414, 17, 20, 1.0
0, 858, 133, 17, 19, 0.9999999999999997
0, 369, 48, 14, 15, 0.9999999999999998
0, 145, 619, 15, 20, 1.0
0, 607, 492, 15, 17, 1.0000000000000002
0, 416, 782, 23, 16, 1.0
0, 249, 591, 17, 23, 1.0
0, 106, 105, 15, 20, 1.0
0, 433, 326, 16, 21, 1.0
0, 308, 620, 19, 18, 1.0
0, 296, 725, 18, 15, 1.0
0, 546, 509, 16, 17, 1.0
0, 483, 412, 15, 13, 1.0000000000000002
0, 346, 62, 17, 14, 1.0000000000000002
0, 440, 746, 21, 21, 1.0
0, 216, 163, 20, 18, 1.0000000000000002
0, 604, 924, 15, 17, 1.0000000000000002
0, 394, 873, 18, 15, 1.0
0, 33, 636, 15, 15, 1.0000000000000002
0, 460, 77, 18, 19, 1.0
0, 672, 671, 20, 18, 1.0
0, 217, 98, 15, 14, 1.0
0, 857, 390, 14, 16, 1.0
0, 119, 765, 14, 17, 1.0
0, 396, 99, 17, 17, 1.0000000000000002
0, 780, 159, 20, 18, 0.9999999999999999
0, 73, 394, 15, 18, 1.0000000000000002
0, 443, 517, 17, 23, 0.9999999999999999
0, 270, 360, 16, 14, 1.0
0, 822, 409, 15, 17, 0.9999999999999999
0, 796, 76, 15, 15, 0.9999999999999999
0, 558, 244, 16, 22, 1.0
0, 203, 36, 19, 15, 1.0
0, 124, 93, 22, 17, 1.0000000000000002
0, 73, 14, 22, 20, 1.0
0, 45, 656, 17, 23, 0.9999999999999999
0, 314, 612, 15, 14, 1.0
0, 86, 537, 14, 15, 1.0000000000000002
0, 555, 586, 17, 15, 1.0
0, 270, 709, 17, 18, 1.0
0, 123, 782, 17, 15, 1.0000000000000002
0, 820, 82, 15, 17, 1.0
0, 268, 92, 15, 16, 1.0
0, 430, 600, 18, 16, 0.9999999999999999
0, 470, 97, 17, 17, 1.0
0, 141, 666, 19, 21, 1.0000000000000002
0, 979, 964, 17, 15, 1.0
0, 109, 797, 17, 14, 1.0
0, 917, 422, 19, 15, 0.9999999999999999
0, 793, 96, 17, 17, 0.9999999999999998
0, 769, 196, 17, 18, 1.0
0, 207, 75, 15, 14, 1.0
0, 271, 748, 19, 21, 1.0000000000000002
0, 33, 684, 17, 21, 1.0
0, 709, 575, 18, 16, 1.0
0, 576, 173, 16, 15, 1.0
0, 219, 495, 16, 21, 0.9999999999999997
0, 436, 196, 17, 15, 1.0
0, 359, 611, 16, 14, 1.0
0, 29, 765, 22, 18, 1.0
0, 94, 775, 16, 21, 1.0
0, 510, 419, 20, 22, 0.9999999999999999
0, 86, 683, 16, 17, 1.0
0, 501, 770, 23, 22, 1.0
0, 106, 949, 17, 13, 0.9999999999999999
0, 731, 958, 14, 14, 0.9999999999999999
0, 52, 402, 20, 17, 1.0
0, 372, 68, 17, 15, 0.9999999999999999
0, 193, 468, 17, 17, 1.0000000000000002
0, 404, 858, 19, 18, 1.0
0, 705, 632, 22, 16, 0.9999999999999999
0, 120, 70, 17, 14, 1.0000000000000002
0, 546, 179, 20, 21, 1.0000000000000002
0, 224, 833, 15, 13, 0.9999999999999999
0, 283, 651, 14, 15, 1.0000000000000002
0, 772, 396, 17, 18, 1.0
0, 796, 190, 18, 19, 1.0
0, 417, 49, 17, 13, 1.0
0, 697, 554, 21, 21, 0.9999999999999999
0, 136, 220, 18, 16, 1.0000000000000002
0, 424, 523, 18, 14, 1.0000000000000002
0, 558, 522, 16, 16, 1.0
0, 133, 137, 15, 14, 0.9999999999999999
0, 929, 69, 24, 18, 1.0000000000000002
0, 134, 157, 20, 17, 0.9999999999999999
0, 210, 641, 13, 14, 1.0
0, 228, 183, 22, 19, 1.0
0, 357, 305, 17, 21, 0.9999999999999999
0, 370, 847, 16, 16, 1.0000000000000002
0, 58, 776, 15, 15, 1.0
0, 695, 16, 15, 18, 1.0
0, 858, 216, 19, 20, 1.0
0, 947, 260, 19, 18, 1.0000000000000002
0, 629, 460, 17, 12, 1.0
0, 423, 232, 17, 15, 1.0
0, 683, 983, 16, 22, 1.0
0, 928, 7, 19, 14, 1.0
0, 357, 250, 13, 15, 1.0
0, 195, 613, 13, 14, 1.0000000000000002
0, 911, 977, 14, 15, 1.0
0, 547, 935, 17, 14, 1.0000000000000002
0, 384, 53, 17, 10, 0.9999999999999999
0, 944, 985, 13, 12, 0.9999999999999999
0, 126, 386, 17, 14, 0.9999999999999999
0, 527, 10, 19, 16, 1.0
0, 71, 753, 15, 16, 1.0
0, 56, 586, 14, 14, 0.9999999999999998
0, 147, 400, 17, 18, 1.0
0, 197, 44, 15, 14, 0.9999999999999998
0, 677, 524, 13, 14, 1.0000000000000002
0, 108, 366, 16, 19, 1.0
0, 102, 249, 19, 16, 1.0
