0, 897, 299, 18, 18, 1.0
0, 536, 387, 17, 16, 1.0000000000000002
0, 362, 290, 18, 18, 1.0
0, 586, 451, 17, 15, 1.0
0, 304, 147, 20, 17, 0.9999999999999999
0, 399, 321, 16, 19, 1.0
0, 418, 312, 16, 13, 0.9999999999999999
0, 611, 234, 17, 16, 1.0000000000000002
0, 374, 414, 16, 17, 0.9999999999999998
0, 858, 490, 20, 18, 1.0
0, 460, 474, 17, 18, 1.0
0, 523, 409, 19, 18, 0.9999999999999999
0, 429, 226, 22, 16, 1.0
0, 847, 387, 18, 14, 1.0
0, 870, 288, 18, 16, 1.0
0, 328, 222, 20, 16, 1.0
0, 541, 262, 19, 14, 1.0
0, 905, 522, 19, 17, 1.0
0, 673, 560, 19, 17, 0.9999999999999998
0, 387, 401, 16, 15, 1.0
0, 401, 256, 19, 19, 1.0
0, 275, 273, 15, 13, 1.0
0, 419, 244, 20, 19, 1.0
0, 517, 433, 19, 19, 1.0
0, 97, 580, 18, 18, 1.0
0, 378, 204, 18, 21, 0.9999999999999999
0, 460, 326, 20, 17, 1.0
0, 373, 150, 15, 14, 1.0000000000000002
0, 336, 204, 16, 18, 1.0
0, 255, 203, 17, 20, 1.0
0, 424, 141, 19, 20, 1.0000000000000002
0, 926, 497, 17, 17, 1.0
0, 487, 383, 17, 15, 0.9999999999999998
0, 604, 357, 20, 17, 1.0
0, 916, 475, 23, 17, 0.9999999999999999
0, 285, 538, 16, 15, 1.0000000000000002
0, 86, 563, 15, 17, 1.0
0, 896, 503, 16, 18, 1.0
0, 565, 304, 24, 19, 1.0
0, 267, 252, 19, 17, 1.0000000000000002
0, 830, 421, 18, 17, 1.0
0, 434, 159, 18, 17, 1.0000000000000002
0, 47, 436, 18, 15, 1.0
0, 709, 686, 18, 17, 0.9999999999999999
0, 282, 156, 19, 20, 1.0000000000000002
0, 591, 469, 20, 20, 0.9999999999999999
0, 700, 710, 16, 16, 1.0000000000000002
0, 441, 262, 17, 18, 0.9999999999999998
0, 492, 223, 21, 19, 1.0
0, 226, 258, 18, 16, 0.9999999999999999
0, 255, 265, 19, 17, 0.9999999999999999
0, 960, 466, 19, 19, 1.0
0, 262, 574, 21, 17, 1.0
0, 466, 447, 19, 16, 0.9999999999999999
0, 329, 182, 19, 15, 0.9999999999999999
0, 411, 300, 19, 15, 1.0
0, 308, 128, 16, 16, 1.0
0, 364, 181, 20, 15, 0.9999999999999998
0, 37, 584, 15, 9, 0.9999999999999999
0, 474, 418, 16, 15, 1.0
0, 179, 334, 24, 19, 0.9999999999999998
0, 291, 132, 19, 13, 0.9999999999999998
0, 683, 628, 21, 18, 1.0
0, 476, 198, 18, 13, 1.0000000000000002
0, 365, 432, 17, 15, 1.0
0, 617, 257, 22, 22, 1.0
0, 851, 469, 19, 15, 1.0000000000000002
0, 297, 222, 17, 17, 1.0000000000000002
0, 335, 142, 20, 20, 1.0
0, 162, 723, 17, 15, 1.0
0, 726, 673, 16, 16, 1.0000000000000002
0, 684, 159, 17, 17, 1.0
0, 328, 429, 19, 19, 1.0
0, 905, 335, 20, 14, 1.0
0, 835, 504, 20, 16, 1.0
0, 271, 661, 18, 17, 0.9999999999999999
0, 406, 298, 17, 14, 1.0
0, 841, 406, 22, 18, 1.0
0, 499, 204, 16, 15, 1.0
0, 919, 312, 15, 14, 1.0000000000000002
0, 554, 274, 16, 14, 1.0000000000000002
0, 850, 34, 19, 18, 1.0
0, 419, 207, 14, 16, 1.0
0, 737, 698, 16, 19, 1.0
0, 602, 380, 19, 17, 1.0000000000000002
0, 321, 157, 17, 15, 0.9999999999999999
0, 298, 169, 15, 16, 1.0
0, 271, 137, 15, 14, 1.0
0, 631, 507, 20, 20, 1.0
0, 440, 241, 17, 19, 1.0
0, 516, 395, 20, 16, 1.0
0, 941, 478, 20, 19, 1.0
0, 151, 711, 15, 17, 1.0
0, 313, 183, 17, 15, 1.0000000000000002
0, 182, 475, 15, 14, 0.9999999999999999
0, 192, 509, 19, 15, 1.0
0, 298, 336, 18, 17, 1.0
0, 537, 647, 19, 17, 0.9999999999999999
0, 649, 667, 15, 17, 1.0
0, 691, 694, 19, 18, 1.0
0, 377, 283, 17, 11, 1.0
0, 258, 154, 18, 20, 1.0
0, 584, 372, 17, 14, 1.0
0, 205, 522, 17, 16, 1.0
0, 703, 386, 19, 14, 0.9999999999999999
0, 522, 467, 22, 18, 1.0
0, 692, 425, 18, 15, 0.9999999999999999
0, 359, 271, 18, 17, 1.0
0, 67, 472, 19, 16, 1.0
0, 677, 647, 19, 18, 1.0
0, 779, 286, 20, 15, 0.9999999999999998
0, 291, 561, 24, 15, 1.0
0, 395, 205, 16, 17, 1.0000000000000002
0, 581, 329, 15, 18, 1.0000000000000002
0, 635, 471, 16, 18, 0.9999999999999999
0, 494, 248, 13, 16, 0.9999999999999998
0, 485, 401, 17, 14, 1.0
0, 456, 305, 15, 20, 1.0
0, 872, 471, 17, 17, 1.0
0, 211, 295, 14, 16, 1.0000000000000002
0, 242, 145, 17, 18, 1.0
0, 853, 103, 19, 20, 0.9999999999999999
0, 304, 725, 21, 14, 1.0
0, 412, 276, 14, 15, 0.9999999999999999
0, 807, 462, 17, 13, 1.0
0, 256, 286, 20, 15, 1.0000000000000002
0, 434, 324, 18, 14, 1.0
0, 581, 392, 16, 21, 0.9999999999999999
0, 268, 551, 24, 16, 1.0
0, 882, 491, 15, 17, 0.9999999999999998
0, 867, 538, 23, 15, 1.0000000000000004
0, 343, 440, 17, 17, 0.9999999999999998
0, 297, 664, 22, 17, 1.0
0, 285, 188, 15, 16, 0.9999999999999999
0, 821, 335, 14, 16, 0.9999999999999998
0, 544, 456, 19, 21, 1.0
0, 333, 315, 16, 18, 1.0
0, 849, 339, 16, 15, 0.9999999999999998
0, 283, 350, 16, 16, 1.0000000000000002
0, 620, 215, 18, 17, 1.0
0, 669, 245, 14, 18, 1.0
0, 674, 612, 18, 13, 1.0
0, 584, 352, 17, 15, 1.0
0, 631, 226, 15, 15, 0.9999999999999999
0, 917, 444, 20, 15, 0.9999999999999999
0, 300, 496, 15, 15, 0.9999999999999999
0, 530, 165, 18, 21, 1.0
0, 270, 214, 21, 16, 0.9999999999999998
0, 167, 487, 22, 14, 1.0
0, 460, 182, 16, 14, 1.0
0, 867, 261, 21, 17, 0.9999999999999999
0, 198, 686, 17, 15, 1.0
0, 242, 488, 17, 16, 1.0
0, 310, 353, 16, 18, 1.0
0, 813, 257, 18, 15, 1.0
0, 212, 247, 18, 16, 1.0
0, 767, 319, 23, 20, 1.0
0, 941, 127, 20, 18, 1.0
0, 880, 396, 16, 15, 1.0
0, 660, 701, 15, 16, 0.9999999999999999
0, 762, 581, 23, 15, 1.0
0, 896, 278, 14, 17, 1.0
0, 247, 243, 15, 20, 1.0000000000000002
0, 733, 537, 16, 14, 0.9999999999999998
0, 167, 706, 20, 17, 1.0
0, 542, 346, 21, 21, 1.0
0, 146, 287, 19, 13, 1.0000000000000002
0, 980, 435, 18, 14, 0.9999999999999999
0, 971, 138, 18, 15, 1.0000000000000002
0, 287, 738, 14, 15, 0.9999999999999999
0, 842, 434, 18, 15, 1.0
0, 544, 285, 15, 17, 0.9999999999999999
0, 332, 398, 16, 17, 1.0
0, 677, 540, 18, 17, 0.9999999999999998
0, 934, 459, 17, 16, 1.0
0, 423, 426, 15, 17, 1.0
0, 882, 513, 17, 14, 0.9999999999999998
0, 502, 580, 18, 24, 1.0
0, 474, 300, 17, 15, 1.0000000000000002
0, 927, 407, 18, 19, 1.0000000000000002
0, 495, 428, 16, 18, 0.9999999999999999
0, 383, 258, 15, 18, 0.9999999999999998
0, 933, 25, 15, 14, 1.0
0, 98, 412, 23, 14, 0.9999999999999999
0, 24, 479, 15, 17, 0.9999999999999998
0, 905, 65, 15, 16, 1.0
0, 571, 346, 15, 16, 1.0
0, 556, 398, 15, 11, 1.0000000000000002
0, 608, 435, 16, 16, 0.9999999999999999
0, 955, 143, 16, 19, 1.0
0, 828, 448, 19, 23, 1.0
0, 942, 511, 17, 15, 0.9999999999999999
0, 554, 510, 20, 14, 0.9999999999999999
0, 395, 227, 15, 19, 1.0
0, 445, 204, 16, 17, 0.9999999999999999
0, 738, 163, 14, 15, 0.9999999999999999
0, 503, 207, 21, 20, 0.9999999999999998
0, 388, 72, 19, 15, 1.0
0, 848, 331, 15, 14, 1.0000000000000002
0, 593, 343, 15, 15, 1.0
0, 918, 15, 15, 17, 1.0
0, 621, 366, 16, 15, 0.9999999999999999
0, 159, 914, 18, 17, 0.9999999999999998
0, 287, 536, 12, 8, 1.0
0, 193, 490, 20, 17, 1.0
0, 141, 670, 19, 14, 1.0
0, 284, 257, 17, 16, 1.0
0, 570, 327, 15, 16, 0.9999999999999998
0, 756, 609, 17, 15, 1.0
0, 530, 582, 21, 22, 1.0
0, 483, 440, 17, 18, 1.0
0, 226, 708, 20, 17, 1.0000000000000002
0, 570, 464, 20, 16, 1.0
0, 611, 788, 14, 10, 1.0
0, 663, 674, 16, 15, 1.0
0, 424, 180, 17, 13, 0.9999999999999999
0, 54, 459, 22, 15, 1.0
0, 758, 692, 14, 17, 1.0000000000000004
0, 476, 527, 17, 18, 1.0
0, 784, 379, 17, 19, 1.0
0, 785, 725, 20, 13, 1.0
0, 858, 511, 19, 13, 1.0
0, 337, 164, 17, 14, 0.9999999999999999
0, 64, 429, 16, 17, 0.9999999999999999
0, 425, 264, 17, 17, 1.0000000000000002
0, 705, 934, 18, 18, 0.9999999999999999
0, 431, 442, 17, 15, 0.9999999999999999
0, 172, 360, 18, 13, 0.9999999999999999
0, 765, 714, 18, 16, 1.0
0, 683, 66, 19, 19, 1.0
0, 794, 98, 17, 18, 1.0
0, 410, 346, 16, 20, 1.0
0, 294, 364, 15, 15, 1.0000000000000002
0, 271, 276, 17, 15, 1.0000000000000002
0, 894, 483, 17, 15, 1.0
0, 119, 786, 16, 16, 1.0
0, 928, 428, 19, 17, 1.0000000000000002
0, 542, 247, 19, 14, 1.0
0, 898, 15, 16, 15, 0.9999999999999999
0, 646, 341, 18, 15, 1.0
0, 696, 225, 16, 15, 1.0000000000000002
0, 922, 329, 15, 15, 1.0
0, 420, 271, 20, 24, 1.0
0, 721, 591, 18, 17, 1.0000000000000002
0, 196, 176, 17, 16, 0.9999999999999999
0, 633, 449, 17, 15, 0.9999999999999998
0, 571, 490, 19, 18, 1.0
0, 457, 387, 18, 14, 1.0000000000000002
0, 319, 325, 15, 14, 0.9999999999999999
0, 279, 291, 15, 17, 1.0
0, 565, 364, 22, 14, 1.0000000000000002
0, 383, 673, 15, 16, 1.0
0, 957, 475, 14, 15, 1.0
0, 649, 904, 16, 18, 1.0
0, 720, 575, 20, 13, 1.0
0, 669, 223, 14, 18, 1.0000000000000002
0, 695, 602, 16, 15, 1.0000000000000002
0, 707, 441, 17, 20, 1.0
0, 954, 361, 19, 13, 1.0
0, 41, 279, 22, 19, 1.0
0, 587, 659, 15, 14, 0.9999999999999998
0, 717, 536, 18, 14, 0.9999999999999999
0, 46, 474, 13, 14, 1.0
0, 866, 197, 21, 14, 1.0
0, 652, 102, 19, 16, 1.0
0, 987, 9, 15, 15, 1.0
0, 657, 720, 21, 13, 1.0
0, 751, 724, 18, 13, 0.9999999999999999
0, 158, 441, 19, 18, 1.0000000000000002
0, 471, 216, 18, 18, 1.0
0, 580, 513, 18, 15, 1.0000000000000002
0, 402, 437, 19, 16, 1.0
0, 533, 538, 18, 16, 1.0000000000000002
0, 608, 504, 24, 18, 1.0
0, 310, 742, 16, 14, 1.0000000000000002
0, 195, 371, 16, 16, 1.0
0, 603, 204, 21, 14, 0.9999999999999999
0, 73, 333, 18, 19, 1.0
0, 542, 182, 18, 24, 1.0000000000000002
0, 820, 315, 16, 17, 0.9999999999999999
0, 322, 144, 14, 16, 0.9999999999999999
0, 283, 162, 17, 16, 1.0
0, 635, 572, 16, 15, 1.0
0, 833, 485, 17, 11, 1.0
0, 490, 370, 18, 15, 1.0
0, 649, 932, 17, 17, 0.9999999999999999
0, 920, 233, 14, 16, 1.0
0, 766, 624, 15, 14, 0.9999999999999999
0, 358, 250, 16, 14, 1.0
0, 395, 188, 16, 14, 1.0
0, 328, 678, 18, 19, 1.0
0, 221, 161, 12, 18, 1.0
0, 318, 822, 22, 16, 1.0
0, 681, 925, 19, 15, 1.0000000000000002
0, 63, 607, 15, 14, 1.0
0, 396, 420, 17, 12, 1.0000000000000002
0, 216, 159, 24, 23, 1.0
0, 236, 263, 13, 11, 1.0
0, 781, 570, 19, 19, 1.0
0, 38, 373, 18, 14, 1.0
