0, 664, 710, 21, 21, 0.8720974041470555
0, 347, 76, 17, 17, 0.8591808481417034
0, 222, 88, 19, 17, 0.8507108820220441
0, 923, 102, 17, 17, 0.8734050200049484
0, 909, 112, 18, 14, 0.8568557108467659
0, 352, 263, 22, 18, 0.8693127808531944
0, 984, 75, 18, 14, 0.8392807838122545
0, 602, 753, 21, 22, 0.8923330184367637
0, 352, 120, 19, 17, 0.8504847209679314
0, 725, 454, 18, 20, 0.8419252180422481
0, 701, 449, 17, 15, 0.8637188129326168
0, 76, 375, 17, 16, 0.8607544357517363
0, 903, 92, 22, 22, 0.8922788479082304
0, 363, 104, 18, 19, 0.8397709330246349
0, 240, 146, 20, 17, 0.8736301183537966
0, 344, 100, 18, 16, 0.8924383980212375
0, 863, 199, 18, 16, 0.8550455604694804
0, 322, 287, 18, 14, 0.8541591584416179
0, 361, 549, 20, 18, 0.853266695280368
0, 194, 117, 18, 18, 0.8356993090769429
0, 682, 719, 20, 22, 0.8438321392356866
0, 553, 699, 22, 15, 0.8696241795491453
0, 329, 257, 23, 18, 0.84714143660358
0, 365, 85, 20, 17, 0.861319114126865
0, 561, 720, 21, 20, 0.833938264605554
0, 886, 300, 21, 14, 0.9185203997699686
0, 676, 21, 20, 15, 0.8422739145886864
0, 410, 558, 20, 18, 0.8229656729913573
0, 612, 718, 16, 18, 0.8497614781256988
0, 702, 748, 19, 15, 0.8701901308115467
0, 811, 277, 16, 19, 0.8303876736438481
0, 369, 133, 24, 20, 0.868638799484864
0, 514, 140, 21, 20, 0.8478656317845488
0, 609, 632, 18, 15, 0.8686538113332576
0, 747, 400, 18, 14, 0.8727237215101842
0, 938, 190, 17, 18, 0.8350689985729658
0, 235, 127, 16, 17, 0.8575051455845397
0, 919, 133, 17, 20, 0.86805091870959
0, 673, 739, 17, 17, 0.8754597589173014
0, 202, 84, 21, 18, 0.8710991864624629
0, 221, 139, 18, 16, 0.8498126067947394
0, 885, 162, 16, 14, 0.8432273235555724
0, 153, 98, 14, 14, 0.8676346299606168
0, 193, 64, 17, 16, 0.8586798267174204
0, 598, 863, 18, 15, 0.8369076705670316
0, 984, 92, 18, 19, 0.8734400844889771
0, 22, 860, 20, 19, 0.8686076248625774
0, 537, 139, 18, 15, 0.8630275540938613
0, 326, 91, 20, 17, 0.8661671105489854
0, 665, 469, 22, 17, 0.8578058411958063
0, 959, 111, 18, 14, 0.9120305899147018
0, 879, 185, 22, 15, 0.8627680288404034
0, 987, 128, 16, 19, 0.8505049713721704
0, 970, 62, 14, 13, 0.8419423623268634
0, 11, 267, 16, 21, 0.8648133694573067
0, 965, 80, 21, 18, 0.8965443199265717
0, 181, 82, 17, 15, 0.8448765648557426
0, 941, 32, 22, 19, 0.8752888945259064
0, 460, 148, 17, 15, 0.8630932052818229
0, 931, 59, 22, 16, 0.8330815109580889
0, 645, 628, 15, 18, 0.8297529123528087
0, 143, 80, 15, 19, 0.839690071408784
0, 588, 183, 17, 19, 0.8757870397260638
0, 601, 616, 17, 16, 0.8695713077747111
0, 819, 159, 18, 18, 0.8373885333116435
0, 895, 128, 15, 17, 0.8423143725847906
0, 655, 646, 21, 19, 0.8380144212043941
0, 944, 100, 15, 15, 0.8488603683580145
0, 476, 668, 19, 19, 0.882377458583394
