0, 510, 257, 14, 18, 0.558664083480835
0, 448, 462, 41, 36, 0.4900045394897461
0, 411, 420, 37, 38, 0.46601250767707825
0, 387, 468, 35, 27, 0.4626791477203369
0, 516, 217, 21, 29, 0.4459085762500763
0, 891, 706, 19, 37, 0.4417926073074341
0, 411, 419, 37, 38, 0.40589141845703125
0, 437, 497, 34, 29, 0.3956603407859802
0, 511, 257, 15, 18, 0.36361125111579895
0, 549, 541, 25, 19, 0.3629946708679199
0, 581, 237, 14, 22, 0.36274242401123047
0, 580, 488, 22, 20, 0.3619908392429352
0, 387, 469, 32, 24, 0.35131433606147766
0, 880, 725, 13, 14, 0.33740904927253723
0, 589, 212, 16, 15, 0.33160921931266785
0, 581, 238, 14, 21, 0.3065211772918701
0, 411, 422, 40, 43, 0.3046446442604065
0, 550, 532, 32, 42, 0.30355533957481384
0, 848, 675, 20, 31, 0.29881131649017334
0, 383, 444, 95, 85, 0.2891022861003876
0, 547, 545, 29, 30, 0.2866758704185486
0, 481, 437, 19, 21, 0.28071221709251404
0, 396, 437, 16, 19, 0.28070151805877686
0, 451, 462, 31, 32, 0.2692036032676697
0, 450, 459, 34, 27, 0.26781246066093445
0, 437, 496, 33, 28, 0.2669750154018402
0, 578, 491, 34, 33, 0.2645616829395294
0, 591, 584, 16, 16, 0.26190850138664246
0, 638, 520, 29, 21, 0.2545979619026184
0, 602, 543, 17, 13, 0.2489883303642273
0, 601, 543, 15, 12, 0.24846819043159485
0, 572, 231, 43, 52, 0.247001513838768
0, 540, 526, 11, 17, 0.24129252135753632
0, 410, 417, 32, 28, 0.23804736137390137
0, 590, 211, 12, 13, 0.23681625723838806
0, 510, 254, 18, 30, 0.23338033258914948
0, 553, 540, 16, 17, 0.23167338967323303
0, 540, 525, 10, 16, 0.23155909776687622
0, 570, 499, 56, 54, 0.22582034766674042
0, 447, 463, 45, 46, 0.22469903528690338
0, 582, 236, 11, 17, 0.22433362901210785
0, 592, 525, 13, 14, 0.2227727174758911
0, 482, 436, 19, 21, 0.22152191400527954
0, 497, 457, 19, 21, 0.22079704701900482
0, 593, 525, 10, 12, 0.2200556993484497
0, 515, 219, 19, 26, 0.2195225954055786
0, 410, 417, 30, 30, 0.21892426908016205
0, 625, 524, 61, 36, 0.21870169043540955
0, 544, 527, 17, 23, 0.216684952378273
0, 514, 256, 19, 21, 0.2148691862821579
0, 642, 287, 21, 19, 0.21205243468284607
0, 943, 688, 10, 20, 0.21147829294204712
0, 890, 706, 22, 40, 0.2098112255334854
0, 502, 457, 16, 17, 0.20658640563488007
0, 642, 286, 21, 19, 0.20600654184818268
0, 610, 513, 25, 9, 0.2039702981710434
0, 386, 467, 47, 43, 0.20117928087711334
0, 515, 219, 15, 25, 0.20082184672355652
0, 479, 437, 15, 21, 0.19988033175468445
0, 602, 543, 18, 15, 0.1994059830904007
0, 500, 490, 19, 13, 0.199238583445549
0, 439, 497, 40, 36, 0.1987757533788681
0, 405, 446, 108, 93, 0.1981482207775116
0, 378, 428, 58, 47, 0.19723497331142426
0, 850, 676, 15, 30, 0.1969873607158661
0, 880, 723, 13, 17, 0.19338420033454895
0, 590, 585, 17, 19, 0.19284425675868988
0, 583, 211, 20, 15, 0.18745379149913788
0, 360, 441, 37, 42, 0.18635116517543793
0, 500, 490, 19, 12, 0.18541115522384644
0, 610, 513, 26, 11, 0.18486204743385315
0, 603, 244, 17, 16, 0.18451611697673798
0, 643, 286, 24, 22, 0.18418847024440765
0, 844, 677, 30, 32, 0.1788386106491089
0, 499, 457, 23, 27, 0.17850379645824432
0, 545, 510, 12, 14, 0.17570136487483978
0, 599, 543, 11, 10, 0.17518460750579834
0, 388, 472, 23, 17, 0.17474280297756195
0, 397, 435, 17, 26, 0.17431171238422394
0, 611, 513, 24, 8, 0.1735186129808426
0, 543, 517, 15, 27, 0.17028068006038666
0, 586, 490, 20, 19, 0.16770824790000916
0, 582, 211, 15, 12, 0.16743162274360657
0, 891, 710, 27, 44, 0.1667865812778473
0, 582, 241, 14, 16, 0.16482818126678467
0, 515, 223, 22, 38, 0.1634892225265503
0, 557, 530, 22, 23, 0.16337066888809204
0, 891, 718, 10, 11, 0.16215254366397858
0, 360, 432, 32, 34, 0.161970317363739
0, 533, 274, 28, 27, 0.1607387512922287
0, 562, 236, 26, 31, 0.15898768603801727
0, 895, 707, 13, 29, 0.15846188366413116
0, 640, 516, 27, 15, 0.15839579701423645
0, 500, 451, 22, 24, 0.15694785118103027
0, 891, 702, 12, 29, 0.15656128525733948
0, 574, 581, 23, 15, 0.15651968121528625
0, 943, 688, 11, 21, 0.1559796929359436
0, 385, 473, 27, 19, 0.15572291612625122
0, 498, 491, 16, 11, 0.15530748665332794
0, 395, 437, 21, 28, 0.15384621918201447
0, 511, 223, 11, 18, 0.15381869673728943
0, 588, 491, 29, 28, 0.15352363884449005
0, 944, 690, 9, 19, 0.15332141518592834
0, 633, 526, 15, 10, 0.1532336175441742
0, 583, 515, 87, 62, 0.15288592875003815
0, 642, 518, 20, 11, 0.15252062678337097
0, 581, 484, 13, 14, 0.15221229195594788
0, 499, 491, 15, 9, 0.1516767144203186
0, 609, 515, 30, 16, 0.15082767605781555
0, 544, 512, 15, 16, 0.1508224606513977
0, 593, 577, 21, 29, 0.1490570604801178
0, 383, 464, 28, 21, 0.1486550122499466
0, 492, 458, 18, 24, 0.1471502035856247
0, 430, 472, 14, 12, 0.14687347412109375
0, 564, 517, 19, 18, 0.14484047889709473
0, 396, 430, 24, 35, 0.1434594988822937
0, 560, 480, 13, 16, 0.1434333324432373
0, 366, 426, 27, 26, 0.1421326994895935
0, 439, 491, 26, 19, 0.14120496809482574
0, 643, 284, 17, 15, 0.14098846912384033
0, 430, 472, 16, 15, 0.14081577956676483
0, 539, 540, 14, 17, 0.14056800305843353
0, 526, 250, 14, 14, 0.137115940451622
0, 566, 515, 20, 19, 0.1363065540790558
0, 430, 471, 20, 16, 0.1358097940683365
0, 885, 725, 14, 12, 0.13452228903770447
0, 577, 229, 22, 29, 0.13375648856163025
0, 848, 684, 12, 14, 0.13375450670719147
0, 645, 523, 18, 12, 0.1336442530155182
0, 357, 443, 32, 36, 0.13346551358699799
0, 460, 454, 14, 14, 0.12943966686725616
0, 384, 436, 27, 24, 0.12886935472488403
0, 535, 271, 20, 23, 0.1283983439207077
0, 525, 251, 12, 16, 0.1275886744260788
0, 558, 479, 15, 15, 0.12734481692314148
0, 570, 580, 16, 15, 0.12524135410785675
0, 501, 482, 21, 29, 0.12410183250904083
0, 434, 491, 22, 14, 0.12343492358922958
0, 433, 469, 22, 22, 0.12291713804006577
0, 446, 472, 13, 13, 0.12137701362371445
0, 371, 424, 21, 22, 0.12129173427820206
0, 524, 251, 12, 16, 0.12083276361227036
0, 537, 210, 16, 12, 0.1201758086681366
0, 598, 527, 24, 26, 0.12000942975282669
0, 561, 483, 21, 25, 0.11961355805397034
0, 539, 210, 18, 12, 0.1195194274187088
0, 551, 552, 37, 50, 0.11848680675029755
0, 543, 554, 18, 15, 0.11807376146316528
0, 564, 224, 16, 16, 0.11758029460906982
0, 488, 450, 46, 52, 0.11639274656772614
0, 591, 291, 34, 33, 0.11563366651535034
0, 549, 506, 21, 27, 0.11416787654161453
0, 589, 292, 43, 38, 0.11358905583620071
0, 586, 483, 13, 13, 0.1127835288643837
0, 539, 553, 13, 13, 0.11141861975193024
0, 596, 214, 33, 22, 0.10958897322416306
0, 539, 556, 12, 11, 0.10762711614370346
0, 569, 218, 19, 17, 0.10755779594182968
0, 399, 472, 17, 20, 0.10740528255701065
0, 439, 456, 15, 14, 0.1052853986620903
0, 591, 292, 33, 34, 0.10479920357465744
0, 558, 244, 20, 23, 0.10369029641151428
0, 538, 208, 11, 8, 0.10313151031732559
0, 360, 453, 30, 30, 0.10182657092809677
0, 838, 683, 16, 15, 0.10170585662126541
0, 572, 513, 22, 20, 0.10145435482263565
0, 558, 484, 23, 28, 0.10129376500844955
0, 512, 226, 18, 45, 0.09984371811151505
0, 837, 684, 15, 12, 0.09977421164512634
0, 496, 447, 18, 20, 0.0985293835401535
0, 535, 230, 62, 63, 0.0982750952243805
0, 540, 206, 17, 15, 0.0982573851943016
0, 353, 435, 18, 17, 0.09747780859470367
0, 565, 493, 28, 38, 0.09725258499383926
0, 643, 290, 29, 37, 0.09697157889604568
0, 525, 276, 15, 15, 0.09653876721858978
0, 852, 667, 9, 15, 0.09647640585899353
0, 580, 563, 70, 64, 0.09640227258205414
0, 493, 245, 13, 16, 0.0956382304430008
0, 555, 238, 14, 21, 0.09559716284275055
0, 601, 491, 17, 13, 0.09423553943634033
0, 605, 552, 18, 24, 0.09342621266841888
0, 573, 571, 18, 13, 0.09281706064939499
0, 578, 522, 17, 18, 0.0926915854215622
0, 577, 524, 17, 18, 0.09243271499872208
0, 494, 473, 45, 56, 0.09236359596252441
0, 373, 445, 20, 20, 0.0919225811958313
0, 591, 589, 37, 37, 0.09001479297876358
0, 371, 484, 19, 16, 0.08939098566770554
0, 398, 488, 20, 20, 0.08824485540390015
0, 369, 485, 17, 14, 0.0877518430352211
0, 628, 539, 15, 18, 0.087183877825737
0, 397, 491, 15, 14, 0.08713148534297943
0, 646, 281, 38, 39, 0.08713055402040482
0, 555, 244, 14, 23, 0.08634790778160095
0, 624, 527, 21, 14, 0.08614588528871536
0, 905, 736, 20, 11, 0.08582698553800583
0, 533, 185, 28, 29, 0.08579113334417343
0, 369, 419, 13, 13, 0.08424703776836395
0, 972, 781, 13, 25, 0.08388611674308777
0, 396, 488, 12, 12, 0.08245262503623962
0, 625, 539, 13, 16, 0.08224184811115265
0, 903, 664, 12, 7, 0.08085855096578598
0, 558, 567, 18, 13, 0.0792679563164711
0, 584, 592, 11, 11, 0.07913926988840103
0, 525, 262, 38, 39, 0.07676659524440765
0, 570, 535, 34, 38, 0.07631543278694153
0, 931, 736, 12, 19, 0.07599259167909622
0, 493, 508, 14, 12, 0.07581104338169098
0, 529, 192, 17, 18, 0.07562101632356644
0, 504, 238, 26, 53, 0.07502157986164093
0, 535, 222, 17, 37, 0.07474439591169357
0, 555, 567, 15, 13, 0.07468509674072266
0, 604, 493, 30, 25, 0.07443355768918991
0, 605, 570, 15, 13, 0.07441837340593338
0, 937, 780, 14, 14, 0.07321029901504517
0, 932, 731, 10, 13, 0.07299792021512985
0, 958, 771, 13, 20, 0.07269788533449173
0, 354, 458, 18, 19, 0.0725269764661789
0, 538, 195, 43, 46, 0.07128935307264328
0, 248, 411, 13, 22, 0.07097224146127701
0, 247, 413, 14, 28, 0.07094289362430573
0, 493, 237, 20, 39, 0.07084588706493378
0, 584, 599, 10, 9, 0.07084351778030396
0, 917, 719, 10, 10, 0.0706712082028389
0, 535, 175, 14, 8, 0.07041224837303162
0, 566, 194, 29, 14, 0.0703682228922844
0, 583, 599, 9, 8, 0.07000146061182022
0, 558, 560, 23, 23, 0.06996767967939377
0, 615, 555, 12, 12, 0.06957590579986572
0, 1066, 828, 101, 26, 0.06919267028570175
0, 881, 707, 20, 31, 0.06907817721366882
0, 932, 749, 11, 16, 0.06843771040439606
0, 535, 234, 18, 37, 0.06823305040597916
0, 659, 531, 18, 13, 0.06814246624708176
0, 658, 531, 19, 14, 0.06779387593269348
0, 565, 204, 43, 35, 0.06756646931171417
0, 1125, 830, 32, 20, 0.06551052629947662
0, 571, 194, 30, 13, 0.06430744379758835
0, 265, 402, 19, 49, 0.06333309412002563
0, 933, 773, 12, 15, 0.06318385154008865
0, 737, 824, 56, 27, 0.06264606863260269
0, 262, 421, 11, 16, 0.06143072247505188
0, 1052, 61, 172, 111, 0.061043333262205124
0, 482, 465, 13, 21, 0.061020802706480026
0, 403, 460, 17, 31, 0.06071273609995842
0, 608, 599, 14, 15, 0.060191478580236435
0, 498, 227, 10, 16, 0.06006487086415291
0, 574, 555, 23, 23, 0.059461623430252075
0, 958, 762, 13, 22, 0.059305258095264435
0, 248, 416, 18, 36, 0.05928876996040344
0, 266, 393, 13, 22, 0.059075143188238144
0, 953, 771, 17, 28, 0.0590493269264698
0, 575, 553, 17, 17, 0.058535054326057434
0, 865, 712, 10, 12, 0.058358341455459595
0, 683, 301, 17, 16, 0.05802549049258232
0, 742, 824, 45, 23, 0.05793124437332153
0, 12, 569, 25, 55, 0.057767562568187714
0, 623, 245, 14, 17, 0.05710073560476303
0, 705, 331, 27, 37, 0.05707024410367012
0, 919, 728, 30, 27, 0.05675826221704483
0, 21, 427, 18, 20, 0.05639186128973961
0, 452, 159, 31, 33, 0.05566539242863655
0, 614, 601, 18, 17, 0.05510338768362999
0, 264, 413, 18, 38, 0.05509426072239876
0, 834, 824, 53, 26, 0.054602306336164474
0, 827, 824, 49, 23, 0.054301872849464417
0, 963, 780, 17, 29, 0.05421974137425423
0, 273, 394, 16, 24, 0.05401630699634552
0, 958, 772, 34, 46, 0.0538141094148159
0, 269, 410, 37, 67, 0.05354485660791397
0, 963, 705, 17, 21, 0.053238775581121445
0, 1058, 775, 162, 83, 0.05243997648358345
0, 638, 310, 14, 16, 0.05233297124505043
0, 612, 825, 46, 25, 0.051923952996730804
0, 456, 424, 12, 14, 0.05144113674759865
0, 926, 675, 10, 13, 0.05103779956698418
0, 456, 424, 11, 13, 0.05068119987845421
0, 586, 188, 11, 12, 0.04980951175093651
0, 659, 318, 16, 13, 0.04898427426815033
0, 1124, 693, 36, 51, 0.04839560389518738
0, 766, 134, 14, 14, 0.04778526350855827
0, 19, 13, 37, 25, 0.047630153596401215
0, 641, 549, 58, 52, 0.04740142822265625
0, 1049, 737, 189, 112, 0.04566677287220955
0, 894, 681, 10, 7, 0.04530690237879753
0, 906, 647, 12, 13, 0.045220546424388885
0, 259, 454, 17, 32, 0.04390411823987961
0, 681, 375, 24, 19, 0.043795060366392136
0, 1131, 57, 22, 44, 0.04358725994825363
0, 548, 306, 30, 17, 0.04243982583284378
0, 529, 464, 32, 32, 0.0417969711124897
0, 669, 187, 76, 66, 0.041690390557050705
0, 662, 78, 14, 12, 0.04141667112708092
0, 818, 603, 11, 10, 0.04097282141447067
0, 704, 524, 13, 7, 0.040221206843853
0, 12, 824, 26, 32, 0.04007589444518089
0, 1130, 17, 23, 24, 0.03975880146026611
0, 1057, 17, 97, 36, 0.03779527544975281
0, 563, 741, 55, 22, 0.03616389259696007
