0, 596, 906, 105, 85, 0.7275667786598206
0, 619, 989, 60, 50, 0.6691771745681763
0, 507, 736, 38, 35, 0.668904721736908
0, 227, 251, 20, 29, 0.5843889713287354
0, 227, 251, 20, 28, 0.5812789797782898
0, 259, 364, 25, 22, 0.5429837703704834
0, 259, 364, 26, 23, 0.5360159873962402
0, 507, 736, 38, 36, 0.5303112268447876
0, 220, 306, 38, 24, 0.4577052593231201
0, 219, 306, 38, 26, 0.452259361743927
0, 165, 243, 20, 16, 0.4305896461009979
0, 202, 232, 23, 32, 0.4292905032634735
0, 567, 898, 43, 59, 0.42074117064476013
0, 591, 1096, 48, 45, 0.4180144965648651
0, 191, 179, 11, 19, 0.40172863006591797
0, 338, 403, 25, 27, 0.3909807503223419
0, 251, 385, 14, 23, 0.38217735290527344
0, 272, 272, 19, 22, 0.37709927558898926
0, 202, 238, 25, 46, 0.37541380524635315
0, 176, 189, 7, 17, 0.3734534978866577
0, 596, 846, 30, 22, 0.3632582724094391
0, 556, 857, 38, 39, 0.3306695818901062
0, 537, 780, 29, 16, 0.3297885060310364
0, 329, 506, 18, 25, 0.3100828528404236
0, 153, 266, 19, 17, 0.29993534088134766
0, 177, 187, 8, 20, 0.29681918025016785
0, 204, 259, 17, 17, 0.2817975580692291
0, 259, 364, 23, 21, 0.28044819831848145
0, 251, 386, 14, 22, 0.28007879853248596
0, 251, 385, 15, 21, 0.2791129946708679
0, 195, 256, 34, 24, 0.27776873111724854
0, 240, 328, 38, 30, 0.27208104729652405
0, 251, 385, 13, 19, 0.27027782797813416
0, 232, 309, 13, 13, 0.2673252522945404
0, 333, 468, 31, 23, 0.26539143919944763
0, 260, 359, 31, 37, 0.2624785602092743
0, 571, 974, 16, 14, 0.26035526394844055
0, 204, 239, 31, 55, 0.2594275176525116
0, 591, 1096, 48, 45, 0.2576978802680969
0, 227, 307, 26, 25, 0.257046103477478
0, 228, 250, 18, 27, 0.2558288872241974
0, 227, 255, 17, 21, 0.2534143924713135
0, 231, 306, 18, 22, 0.2530359923839569
0, 237, 331, 30, 25, 0.24335616827011108
0, 256, 364, 37, 28, 0.24227872490882874
0, 191, 178, 12, 20, 0.24028761684894562
0, 272, 272, 20, 24, 0.23925495147705078
0, 205, 259, 19, 22, 0.2385544776916504
0, 201, 231, 20, 23, 0.23818199336528778
0, 167, 243, 17, 14, 0.23262298107147217
0, 224, 315, 53, 48, 0.23046903312206268
0, 194, 289, 16, 12, 0.22968070209026337
0, 201, 240, 23, 35, 0.22729218006134033
0, 235, 316, 73, 72, 0.22267575562000275
0, 236, 335, 25, 20, 0.2195715457201004
0, 153, 266, 19, 15, 0.2174322009086609
0, 257, 370, 34, 40, 0.21732951700687408
0, 133, 223, 19, 18, 0.21605996787548065
0, 596, 844, 31, 24, 0.21441318094730377
0, 272, 272, 20, 24, 0.21366378664970398
0, 228, 382, 19, 24, 0.2134760469198227
0, 571, 975, 15, 12, 0.2120155692100525
0, 214, 305, 26, 24, 0.21034745872020721
0, 338, 404, 25, 29, 0.208576038479805
0, 572, 973, 18, 17, 0.20843686163425446
0, 209, 308, 17, 19, 0.20772407948970795
0, 151, 263, 14, 13, 0.20717695355415344
0, 341, 465, 16, 19, 0.20658180117607117
0, 151, 225, 11, 13, 0.20602557063102722
0, 537, 779, 30, 18, 0.20543822646141052
0, 333, 469, 32, 28, 0.20530347526073456
0, 350, 448, 18, 13, 0.20286297798156738
0, 507, 738, 38, 40, 0.20279820263385773
0, 189, 286, 28, 21, 0.2013532817363739
0, 188, 283, 28, 19, 0.2006509006023407
0, 190, 283, 28, 23, 0.19907191395759583
0, 338, 402, 22, 22, 0.19848600029945374
0, 338, 406, 31, 40, 0.19318632781505585
0, 350, 448, 19, 15, 0.19215966761112213
0, 599, 913, 90, 87, 0.189949631690979
0, 591, 942, 30, 21, 0.18757672607898712
0, 271, 273, 15, 17, 0.18737535178661346
0, 228, 383, 20, 22, 0.18693096935749054
0, 211, 303, 25, 24, 0.18641559779644012
0, 588, 942, 33, 22, 0.18560947477817535
0, 507, 738, 31, 29, 0.18503479659557343
0, 162, 179, 12, 13, 0.184981569647789
0, 161, 241, 13, 15, 0.18439848721027374
0, 201, 266, 18, 17, 0.18421131372451782
0, 149, 225, 15, 15, 0.1836155354976654
0, 229, 380, 18, 21, 0.18122488260269165
0, 190, 259, 25, 20, 0.17955800890922546
0, 339, 404, 18, 21, 0.1788160800933838
0, 262, 349, 32, 45, 0.17833633720874786
0, 171, 145, 9, 18, 0.17775863409042358
0, 620, 992, 58, 46, 0.17689649760723114
0, 585, 943, 37, 25, 0.17668811976909637
0, 192, 184, 11, 20, 0.17628741264343262
0, 575, 901, 60, 66, 0.17615899443626404
0, 593, 819, 38, 36, 0.17595860362052917
0, 191, 256, 26, 29, 0.1739087998867035
0, 591, 942, 27, 18, 0.172608882188797
0, 329, 506, 18, 23, 0.17091518640518188
0, 586, 818, 53, 55, 0.17073997855186462
0, 181, 185, 23, 36, 0.16954684257507324
0, 291, 386, 17, 16, 0.16770516335964203
0, 340, 459, 33, 44, 0.16659697890281677
0, 189, 213, 9, 12, 0.16631020605564117
0, 241, 339, 27, 19, 0.16619417071342468
0, 291, 386, 16, 15, 0.1661480814218521
0, 161, 178, 12, 15, 0.16550536453723907
0, 648, 920, 10, 17, 0.16495966911315918
0, 623, 991, 50, 47, 0.1648586243391037
0, 293, 435, 23, 36, 0.1647193431854248
0, 231, 327, 20, 20, 0.16464507579803467
0, 291, 386, 16, 14, 0.1643182337284088
0, 330, 469, 25, 19, 0.1618858128786087
0, 170, 145, 9, 17, 0.16175562143325806
0, 212, 224, 8, 26, 0.16070125997066498
0, 555, 861, 35, 38, 0.16057689487934113
0, 330, 507, 22, 33, 0.15918894112110138
0, 597, 815, 31, 35, 0.15882831811904907
0, 329, 506, 16, 23, 0.15773123502731323
0, 330, 506, 16, 21, 0.15587133169174194
0, 505, 739, 32, 30, 0.15539397299289703
0, 562, 899, 31, 53, 0.1553775817155838
0, 190, 211, 11, 18, 0.15477614104747772
0, 594, 846, 22, 15, 0.15134765207767487
0, 525, 598, 34, 40, 0.15069955587387085
0, 252, 327, 33, 23, 0.14995141327381134
0, 180, 280, 12, 13, 0.14739784598350525
0, 552, 866, 24, 21, 0.14724716544151306
0, 164, 236, 30, 37, 0.1469479501247406
0, 480, 670, 17, 25, 0.14682233333587646
0, 610, 902, 67, 62, 0.1467883586883545
0, 614, 902, 59, 65, 0.1460583508014679
0, 130, 224, 14, 13, 0.14386342465877533
0, 135, 221, 10, 14, 0.14331267774105072
0, 480, 666, 16, 19, 0.14255984127521515
0, 592, 835, 36, 21, 0.14233826100826263
0, 524, 596, 32, 38, 0.14170649647712708
0, 290, 387, 14, 11, 0.14155146479606628
0, 605, 938, 63, 33, 0.14129586517810822
0, 599, 814, 24, 26, 0.14017809927463531
0, 184, 190, 24, 42, 0.13976934552192688
0, 529, 604, 28, 27, 0.1384807974100113
0, 579, 919, 23, 22, 0.1378174126148224
0, 553, 866, 21, 21, 0.13694196939468384
0, 162, 252, 24, 22, 0.13532835245132446
0, 526, 601, 30, 28, 0.13511043787002563
0, 527, 603, 22, 23, 0.13184966146945953
0, 253, 322, 26, 21, 0.13165782392024994
0, 589, 903, 93, 60, 0.13154898583889008
0, 480, 672, 20, 33, 0.13124586641788483
0, 600, 903, 71, 68, 0.13071706891059875
0, 250, 320, 17, 17, 0.13025005161762238
0, 583, 919, 17, 21, 0.1300526261329651
0, 293, 443, 25, 56, 0.13004159927368164
0, 589, 1099, 45, 37, 0.1298729032278061
0, 571, 889, 41, 41, 0.12890301644802094
0, 534, 779, 41, 31, 0.12884299457073212
0, 541, 779, 22, 13, 0.12832391262054443
0, 212, 216, 9, 20, 0.1280861347913742
0, 564, 850, 22, 26, 0.1266697198152542
0, 279, 447, 23, 21, 0.12591835856437683
0, 568, 856, 65, 38, 0.12487673759460449
0, 568, 848, 12, 17, 0.12432777881622314
0, 580, 947, 31, 28, 0.12073066085577011
0, 298, 463, 8, 14, 0.11926345527172089
0, 280, 451, 27, 35, 0.11867081373929977
0, 290, 428, 12, 21, 0.11722671985626221
0, 299, 464, 8, 14, 0.11666316539049149
0, 281, 452, 30, 32, 0.11509722471237183
0, 593, 1101, 43, 35, 0.11411795020103455
0, 207, 328, 16, 22, 0.11370150744915009
0, 189, 288, 44, 39, 0.11256656050682068
0, 576, 942, 20, 18, 0.11206977069377899
0, 288, 444, 34, 55, 0.11085385084152222
0, 614, 910, 58, 72, 0.1102810800075531
0, 282, 449, 31, 30, 0.10908475518226624
0, 214, 269, 35, 20, 0.10886924713850021
0, 542, 844, 17, 19, 0.10775967687368393
0, 573, 956, 20, 23, 0.10762207955121994
0, 603, 820, 17, 16, 0.10749730467796326
0, 598, 768, 20, 22, 0.10607226192951202
0, 595, 1094, 36, 37, 0.10485809296369553
0, 599, 766, 22, 29, 0.1045425683259964
0, 541, 844, 16, 17, 0.10433784872293472
0, 246, 255, 74, 67, 0.103794164955616
0, 244, 293, 39, 22, 0.10177035629749298
0, 154, 214, 21, 17, 0.10172448307275772
0, 216, 320, 37, 30, 0.10160082578659058
0, 148, 229, 37, 31, 0.09913000464439392
0, 219, 358, 22, 19, 0.0984458476305008
0, 406, 477, 26, 24, 0.09815193712711334
0, 336, 423, 15, 14, 0.09787207841873169
0, 185, 249, 65, 49, 0.09725307673215866
0, 550, 850, 30, 25, 0.09716653823852539
0, 223, 233, 17, 27, 0.09474360942840576
0, 333, 415, 28, 22, 0.0940459668636322
0, 400, 480, 12, 14, 0.0925113633275032
0, 544, 845, 23, 22, 0.09077723324298859
0, 244, 283, 33, 34, 0.09003633260726929
0, 221, 359, 19, 20, 0.08931231498718262
0, 263, 334, 25, 16, 0.0880657210946083
0, 520, 591, 20, 27, 0.08755768835544586
0, 161, 208, 11, 11, 0.08754749596118927
0, 470, 499, 21, 33, 0.08628328144550323
0, 532, 701, 22, 15, 0.08626167476177216
0, 172, 153, 15, 38, 0.08624324947595596
0, 583, 826, 40, 26, 0.08614670485258102
0, 584, 967, 21, 13, 0.08596795052289963
0, 500, 737, 20, 27, 0.08567442744970322
0, 162, 272, 9, 10, 0.08483143895864487
0, 563, 885, 29, 36, 0.08465151488780975
0, 268, 337, 31, 22, 0.08452039957046509
0, 478, 516, 15, 19, 0.08410852402448654
0, 146, 178, 8, 13, 0.08390537649393082
0, 428, 488, 11, 16, 0.08376625925302505
0, 628, 1000, 35, 32, 0.08365264534950256
0, 469, 500, 19, 30, 0.08301342278718948
0, 411, 476, 18, 14, 0.08298921585083008
0, 269, 340, 40, 33, 0.08263189345598221
0, 408, 507, 15, 14, 0.0822831243276596
0, 517, 590, 16, 25, 0.08215069770812988
0, 428, 488, 11, 15, 0.08211038261651993
0, 138, 195, 11, 14, 0.08166462928056717
0, 361, 465, 18, 23, 0.0814841017127037
0, 408, 507, 13, 11, 0.08139673620462418
0, 409, 507, 15, 12, 0.08035320788621902
0, 362, 467, 10, 12, 0.07997778803110123
0, 606, 915, 55, 61, 0.07980501651763916
0, 601, 760, 22, 31, 0.07980494201183319
0, 84, 181, 17, 20, 0.07961971312761307
0, 559, 918, 22, 29, 0.07873966544866562
0, 594, 922, 33, 38, 0.07805650681257248
0, 590, 1083, 32, 22, 0.07800901681184769
0, 616, 887, 43, 43, 0.07736317813396454
0, 84, 185, 16, 19, 0.07640118896961212
0, 140, 194, 13, 20, 0.07597105950117111
0, 548, 685, 32, 20, 0.07483331859111786
0, 325, 349, 9, 15, 0.07375072687864304
0, 530, 705, 27, 23, 0.07366003096103668
0, 254, 295, 20, 20, 0.07319219410419464
0, 523, 814, 13, 13, 0.07266569882631302
0, 357, 401, 8, 14, 0.07247037440538406
0, 625, 869, 22, 17, 0.07204913347959518
0, 386, 463, 16, 21, 0.06949388980865479
0, 576, 1008, 10, 9, 0.06854210048913956
0, 623, 871, 26, 22, 0.06843811273574829
0, 600, 891, 44, 43, 0.06819699704647064
0, 91, 189, 31, 28, 0.06753287464380264
0, 578, 1106, 19, 20, 0.0673479214310646
0, 234, 364, 45, 27, 0.06656305491924286
0, 237, 275, 42, 48, 0.06648223102092743
0, 524, 814, 16, 13, 0.06626474112272263
0, 610, 994, 41, 39, 0.06529538333415985
0, 524, 813, 17, 21, 0.06471607834100723
0, 367, 474, 10, 11, 0.06419597566127777
0, 559, 882, 24, 24, 0.06405054032802582
0, 324, 376, 11, 14, 0.06201319396495819
0, 447, 655, 9, 17, 0.06185479089617729
0, 629, 908, 34, 44, 0.06145837530493736
0, 281, 323, 72, 80, 0.06136637553572655
0, 325, 360, 17, 31, 0.060927581042051315
0, 609, 883, 25, 34, 0.06082862615585327
0, 303, 359, 26, 27, 0.060607749968767166
0, 511, 649, 25, 23, 0.06057019904255867
0, 372, 479, 12, 13, 0.060489922761917114
0, 512, 648, 22, 23, 0.060335639864206314
0, 168, 311, 9, 11, 0.060295604169368744
0, 640, 1024, 14, 11, 0.060097623616456985
0, 617, 1000, 28, 28, 0.05999438464641571
0, 253, 256, 29, 31, 0.05972696468234062
0, 579, 1093, 21, 24, 0.05941769480705261
0, 565, 876, 21, 18, 0.05768536776304245
0, 297, 318, 12, 13, 0.056992385536432266
0, 537, 760, 40, 26, 0.056421324610710144
0, 253, 250, 29, 30, 0.05571652576327324
0, 373, 418, 15, 19, 0.05528632923960686
0, 556, 689, 22, 16, 0.05492423474788666
0, 156, 163, 7, 15, 0.05376505106687546
0, 629, 974, 22, 19, 0.05373448505997658
0, 470, 568, 10, 10, 0.05296578258275986
0, 423, 572, 12, 14, 0.05275269225239754
0, 574, 875, 19, 21, 0.05225704237818718
0, 605, 872, 15, 17, 0.049870479851961136
0, 393, 448, 12, 15, 0.049746111035346985
0, 296, 360, 18, 22, 0.04971785470843315
0, 187, 313, 13, 21, 0.04941246658563614
0, 426, 575, 19, 25, 0.04825180023908615
0, 497, 1176, 9, 14, 0.04661227762699127
0, 426, 529, 16, 12, 0.046388644725084305
0, 655, 976, 8, 10, 0.045552823692560196
0, 253, 421, 11, 13, 0.043767932802438736
0, 508, 793, 8, 12, 0.04196401312947273
0, 793, 24, 21, 35, 0.04088171198964119
0, 595, 1175, 13, 15, 0.04027716815471649
0, 656, 948, 9, 11, 0.040112804621458054
0, 302, 492, 14, 16, 0.03920595347881317
