0, 198, 939, 116, 151, 0.7899442911148071
0, 212, 895, 127, 162, 0.11433177441358566
0, 206, 914, 87, 110, 0.11368265748023987
0, 574, 449, 16, 17, 0.10649898648262024
0, 574, 449, 17, 18, 0.10572504997253418
0, 158, 984, 20, 36, 0.10518962144851685
0, 575, 449, 14, 12, 0.10396669059991837
0, 293, 779, 114, 124, 0.09443428367376328
0, 584, 427, 27, 24, 0.09121448546648026
0, 274, 725, 44, 25, 0.08772657811641693
0, 326, 781, 32, 37, 0.0867290049791336
0, 265, 724, 23, 22, 0.08672375977039337
0, 228, 908, 46, 66, 0.08649925887584686
0, 187, 919, 75, 104, 0.0851106345653534
0, 579, 444, 27, 23, 0.0849582627415657
0, 264, 726, 21, 18, 0.08491866290569305
0, 586, 422, 27, 28, 0.0841602012515068
0, 183, 958, 75, 109, 0.08391278237104416
0, 156, 970, 25, 58, 0.08369746059179306
0, 293, 814, 63, 54, 0.08369502425193787
0, 438, 462, 25, 22, 0.0832672044634819
0, 329, 787, 28, 21, 0.08276274800300598
0, 590, 425, 17, 17, 0.08257852494716644
0, 437, 462, 24, 22, 0.08243179321289062
0, 265, 727, 22, 14, 0.08043024688959122
0, 382, 590, 36, 30, 0.08021620661020279
0, 263, 726, 17, 11, 0.07953616231679916
0, 275, 731, 46, 22, 0.07926205545663834
0, 588, 433, 19, 14, 0.07924347370862961
0, 435, 462, 18, 19, 0.07913783937692642
0, 437, 463, 32, 27, 0.078971728682518
0, 269, 790, 93, 73, 0.0785192996263504
0, 578, 445, 46, 40, 0.07830440253019333
0, 436, 463, 18, 19, 0.078284852206707
0, 160, 989, 18, 31, 0.07792943716049194
0, 581, 420, 51, 59, 0.07773425430059433
0, 289, 807, 53, 40, 0.07767366617918015
0, 592, 415, 22, 25, 0.07761181890964508
0, 440, 459, 18, 16, 0.07611941546201706
0, 298, 731, 39, 26, 0.07579206675291061
0, 303, 813, 42, 36, 0.0757080614566803
0, 291, 735, 75, 48, 0.07461915165185928
0, 311, 807, 18, 18, 0.07458687573671341
0, 298, 730, 40, 26, 0.07445557415485382
0, 320, 783, 19, 25, 0.07445385307073593
0, 311, 807, 17, 17, 0.07431469112634659
0, 320, 783, 18, 23, 0.07394304871559143
0, 307, 811, 29, 30, 0.07348014414310455
0, 274, 765, 30, 36, 0.0733332708477974
0, 294, 808, 28, 29, 0.07319141924381256
0, 379, 592, 33, 35, 0.07237780839204788
0, 289, 804, 19, 21, 0.07228614389896393
0, 269, 770, 22, 26, 0.07194963842630386
0, 387, 596, 61, 56, 0.0717807188630104
0, 305, 732, 21, 21, 0.0717560350894928
0, 409, 615, 86, 68, 0.07113884389400482
0, 309, 768, 56, 40, 0.07102978229522705
0, 188, 938, 53, 106, 0.07032755762338638
0, 308, 732, 39, 29, 0.07015491276979446
0, 577, 426, 34, 24, 0.0692572072148323
0, 334, 787, 19, 22, 0.0690276026725769
0, 163, 971, 25, 65, 0.06877875328063965
0, 335, 788, 17, 15, 0.06871955841779709
0, 279, 746, 31, 19, 0.06834226846694946
0, 220, 906, 53, 64, 0.06821881979703903
0, 298, 802, 41, 29, 0.06810542941093445
0, 267, 773, 15, 15, 0.06772032380104065
0, 234, 913, 34, 54, 0.06742894649505615
0, 284, 745, 25, 20, 0.06693573296070099
0, 269, 763, 37, 46, 0.06685613095760345
0, 273, 771, 32, 29, 0.06636986881494522
0, 313, 813, 15, 15, 0.06587546318769455
0, 191, 936, 54, 97, 0.06569027155637741
0, 179, 975, 74, 83, 0.0656101182103157
0, 190, 957, 53, 88, 0.06549637764692307
0, 309, 730, 33, 25, 0.06540178507566452
0, 302, 799, 47, 38, 0.06479135900735855
0, 576, 422, 32, 23, 0.06438145041465759
0, 321, 763, 27, 28, 0.06358795613050461
0, 323, 765, 30, 30, 0.06330017000436783
0, 289, 800, 15, 13, 0.06318052113056183
0, 598, 408, 18, 23, 0.062049105763435364
0, 291, 813, 17, 35, 0.06199056655168533
0, 227, 895, 40, 43, 0.06186560541391373
0, 376, 588, 22, 22, 0.061684612184762955
0, 311, 776, 39, 36, 0.06163933873176575
0, 291, 748, 27, 19, 0.061142485588788986
0, 595, 406, 18, 22, 0.061099689453840256
0, 181, 984, 80, 109, 0.06109011918306351
0, 378, 597, 18, 21, 0.060972120612859726
0, 295, 762, 21, 18, 0.06095479056239128
0, 154, 956, 20, 34, 0.06075000762939453
0, 297, 814, 34, 38, 0.06064682826399803
0, 166, 994, 22, 27, 0.059928134083747864
0, 173, 918, 60, 107, 0.05949648097157478
0, 374, 619, 11, 14, 0.059295933693647385
0, 189, 966, 49, 57, 0.05927212908864021
0, 373, 619, 13, 15, 0.05894099548459053
0, 230, 923, 34, 33, 0.05883210897445679
0, 191, 921, 44, 44, 0.05855664610862732
0, 191, 977, 55, 73, 0.05844956636428833
0, 230, 808, 25, 22, 0.05834205448627472
0, 290, 760, 36, 30, 0.058126162737607956
0, 316, 731, 50, 32, 0.058093633502721786
0, 192, 981, 81, 91, 0.056902237236499786
0, 187, 971, 50, 63, 0.05685709789395332
0, 150, 963, 14, 20, 0.05682602524757385
0, 194, 932, 51, 32, 0.056376539170742035
0, 229, 811, 20, 18, 0.056169863790273666
0, 166, 955, 45, 48, 0.055854275822639465
0, 403, 622, 20, 19, 0.05523361265659332
0, 194, 910, 50, 49, 0.05493813380599022
0, 364, 688, 15, 12, 0.05478118732571602
0, 403, 622, 27, 26, 0.05474306270480156
0, 668, 165, 14, 23, 0.054662443697452545
0, 252, 790, 17, 17, 0.05460875481367111
0, 401, 574, 26, 20, 0.05460161715745926
0, 281, 804, 39, 27, 0.05442702770233154
0, 193, 811, 14, 22, 0.0544065423309803
0, 175, 997, 14, 22, 0.05435805022716522
0, 272, 742, 36, 25, 0.05435285344719887
0, 218, 891, 39, 38, 0.054222457110881805
0, 669, 163, 15, 22, 0.0542006641626358
0, 285, 821, 50, 48, 0.05403932183980942
0, 364, 688, 17, 12, 0.05397944152355194
0, 286, 732, 29, 14, 0.05392298847436905
0, 563, 420, 38, 34, 0.05392036214470863
0, 419, 642, 48, 34, 0.05388829857110977
0, 289, 722, 18, 14, 0.05388152599334717
0, 186, 923, 37, 41, 0.05375507101416588
0, 202, 921, 46, 34, 0.05360279604792595
0, 405, 621, 26, 27, 0.053578540682792664
0, 224, 922, 25, 36, 0.053569257259368896
0, 314, 726, 32, 20, 0.053388625383377075
0, 167, 987, 16, 28, 0.05321105197072029
0, 375, 598, 38, 42, 0.05299105495214462
0, 192, 812, 11, 18, 0.0527925081551075
0, 405, 622, 27, 30, 0.052761029452085495
0, 251, 795, 17, 14, 0.0526970811188221
0, 200, 975, 59, 66, 0.05262744054198265
0, 683, 148, 8, 14, 0.051715683192014694
0, 684, 144, 8, 10, 0.05156545341014862
0, 563, 454, 40, 23, 0.051517412066459656
0, 422, 627, 39, 32, 0.05138352885842323
0, 273, 830, 12, 14, 0.05132870748639107
0, 184, 959, 39, 58, 0.05121370032429695
0, 273, 831, 9, 13, 0.051077768206596375
0, 561, 417, 26, 31, 0.05098266527056694
0, 400, 583, 36, 31, 0.05094059184193611
0, 367, 612, 37, 32, 0.050682004541158676
0, 224, 959, 113, 141, 0.0506756491959095
0, 184, 915, 26, 37, 0.050666507333517075
0, 179, 995, 53, 46, 0.050627075135707855
0, 404, 572, 28, 22, 0.05060940608382225
0, 239, 925, 22, 28, 0.05045541375875473
0, 271, 825, 16, 27, 0.05027056485414505
0, 258, 782, 18, 17, 0.05020805448293686
0, 210, 895, 33, 38, 0.0500854030251503
0, 195, 902, 43, 46, 0.04997106269001961
0, 298, 772, 20, 19, 0.0497627854347229
0, 188, 984, 46, 49, 0.04946325346827507
0, 415, 622, 33, 28, 0.049381040036678314
0, 600, 404, 13, 17, 0.048993416130542755
0, 230, 797, 19, 18, 0.0489300899207592
0, 573, 406, 36, 29, 0.04860057309269905
0, 412, 599, 14, 12, 0.04853174835443497
0, 173, 945, 28, 36, 0.04808550700545311
0, 433, 635, 27, 33, 0.04805472865700722
0, 324, 738, 150, 135, 0.047587525099515915
0, 232, 810, 33, 33, 0.04753846302628517
0, 176, 956, 28, 38, 0.047528497874736786
0, 492, 538, 16, 13, 0.04740525037050247
0, 557, 444, 52, 39, 0.047403644770383835
0, 196, 976, 31, 45, 0.04734781011939049
0, 268, 823, 16, 19, 0.047236181795597076
0, 492, 538, 16, 13, 0.04723181203007698
0, 503, 538, 42, 19, 0.04692252725362778
0, 178, 968, 29, 49, 0.04662236198782921
0, 179, 914, 16, 22, 0.04659675806760788
0, 246, 797, 24, 15, 0.04656442999839783
0, 338, 732, 59, 35, 0.04640229791402817
0, 229, 881, 27, 27, 0.04608536884188652
0, 268, 807, 15, 15, 0.046010226011276245
0, 188, 906, 38, 45, 0.04596177488565445
0, 326, 729, 47, 26, 0.045833323150873184
0, 166, 930, 35, 46, 0.04581073299050331
0, 172, 923, 30, 25, 0.045801106840372086
0, 329, 725, 49, 27, 0.0457952618598938
0, 483, 564, 23, 18, 0.04579056426882744
0, 484, 564, 24, 17, 0.045698054134845734
0, 175, 944, 22, 29, 0.045532528311014175
0, 199, 986, 32, 42, 0.0454489029943943
0, 421, 601, 41, 26, 0.0452670119702816
0, 233, 952, 48, 49, 0.04511157423257828
0, 497, 539, 29, 19, 0.045078400522470474
0, 434, 642, 22, 26, 0.04504178836941719
0, 293, 679, 33, 27, 0.044812560081481934
0, 421, 591, 55, 24, 0.04472147300839424
0, 245, 927, 14, 22, 0.04470169544219971
0, 245, 932, 11, 17, 0.04469237104058266
0, 485, 565, 30, 22, 0.04466284438967705
0, 170, 990, 61, 102, 0.04444774240255356
0, 294, 681, 33, 20, 0.04439111053943634
0, 669, 167, 36, 31, 0.044326793402433395
0, 289, 678, 21, 15, 0.04420965164899826
0, 14, 23, 28, 43, 0.04420912638306618
0, 266, 800, 27, 21, 0.04420091584324837
0, 307, 791, 29, 26, 0.04400896281003952
0, 206, 994, 18, 29, 0.04398176446557045
0, 365, 681, 23, 24, 0.043615393340587616
0, 413, 644, 38, 24, 0.04345940425992012
0, 347, 738, 38, 23, 0.04304010793566704
0, 517, 536, 14, 13, 0.04302014037966728
0, 204, 988, 21, 35, 0.04300887510180473
0, 232, 971, 52, 61, 0.042965106666088104
0, 671, 155, 11, 13, 0.04296337440609932
0, 206, 983, 46, 52, 0.042778436094522476
0, 556, 417, 17, 19, 0.04265894368290901
0, 473, 589, 16, 16, 0.04248097911477089
0, 345, 741, 36, 19, 0.04245978221297264
0, 267, 824, 48, 38, 0.04226050153374672
0, 423, 484, 9, 13, 0.04224865883588791
0, 309, 659, 44, 37, 0.04219183698296547
0, 432, 600, 20, 19, 0.04209616035223007
0, 236, 884, 17, 21, 0.04197416082024574
0, 428, 620, 25, 28, 0.041817404329776764
0, 200, 995, 24, 29, 0.04165397956967354
0, 516, 536, 20, 15, 0.04165306314826012
0, 362, 606, 19, 24, 0.041566427797079086
0, 341, 712, 31, 24, 0.041436564177274704
0, 479, 611, 17, 16, 0.0411786250770092
0, 237, 1013, 412, 563, 0.04100682958960533
0, 431, 598, 35, 27, 0.04090481624007225
0, 288, 833, 42, 33, 0.04059518128633499
0, 316, 658, 35, 29, 0.040429312735795975
0, 322, 629, 16, 12, 0.040368348360061646
0, 436, 595, 31, 28, 0.040261104702949524
0, 296, 653, 9, 11, 0.04005436971783638
0, 364, 678, 31, 27, 0.039989981800317764
0, 234, 978, 43, 53, 0.03986653685569763
0, 166, 1019, 9, 9, 0.03984528034925461
0, 200, 885, 33, 36, 0.03977753594517708
0, 797, 1148, 27, 33, 0.03967669606208801
0, 270, 831, 53, 40, 0.039606060832738876
0, 212, 951, 44, 35, 0.03943519666790962
0, 14, 85, 30, 78, 0.039281878620386124
0, 339, 701, 19, 19, 0.03916189819574356
0, 559, 278, 17, 16, 0.0391492135822773
0, 339, 701, 20, 20, 0.038828540593385696
0, 218, 879, 22, 27, 0.038798484951257706
0, 329, 631, 16, 21, 0.03863438963890076
0, 556, 281, 13, 13, 0.038626689463853836
0, 478, 556, 30, 22, 0.03839290142059326
0, 211, 968, 34, 51, 0.03824978694319725
0, 337, 747, 40, 22, 0.0382440946996212
0, 343, 702, 31, 22, 0.03823054954409599
0, 227, 982, 30, 52, 0.03792704641819
0, 800, 25, 22, 34, 0.03784790635108948
0, 462, 454, 29, 23, 0.037704113870859146
0, 105, 1012, 19, 33, 0.03767378255724907
0, 105, 999, 7, 12, 0.03761342540383339
0, 305, 686, 11, 9, 0.03754794970154762
0, 107, 1021, 13, 21, 0.037476468831300735
0, 617, 359, 19, 24, 0.03699348494410515
0, 490, 546, 31, 23, 0.03650783374905586
0, 211, 880, 19, 24, 0.03641078621149063
0, 325, 646, 19, 23, 0.03632662817835808
0, 268, 960, 121, 108, 0.03616468608379364
0, 179, 840, 10, 14, 0.03568849340081215
0, 412, 565, 13, 14, 0.0354924201965332
0, 12, 1141, 25, 52, 0.03547006845474243
0, 517, 450, 19, 14, 0.03534306213259697
0, 508, 492, 18, 14, 0.03531398996710777
0, 328, 625, 35, 27, 0.035197626799345016
0, 258, 747, 36, 29, 0.035100650042295456
0, 188, 878, 31, 24, 0.03499796986579895
0, 631, 209, 19, 30, 0.03474215418100357
0, 402, 688, 26, 27, 0.03462168946862221
0, 143, 898, 10, 14, 0.03417414054274559
0, 797, 85, 27, 73, 0.03396080434322357
0, 391, 638, 41, 32, 0.033925317227840424
0, 423, 483, 28, 24, 0.033831190317869186
0, 184, 872, 54, 43, 0.03336014971137047
0, 55, 24, 64, 51, 0.03316079080104828
0, 347, 615, 46, 33, 0.03270737826824188
0, 276, 1005, 329, 487, 0.0325731597840786
0, 650, 299, 12, 18, 0.03253469988703728
0, 342, 505, 16, 19, 0.03229919448494911
0, 695, 138, 10, 14, 0.03206024691462517
0, 640, 266, 15, 20, 0.03130112215876579
0, 246, 1072, 402, 547, 0.031064530834555626
0, 249, 882, 20, 26, 0.031026223674416542
0, 284, 1073, 395, 565, 0.030921725556254387
0, 466, 541, 13, 14, 0.030909284949302673
0, 140, 900, 14, 17, 0.030665596947073936
0, 128, 914, 8, 12, 0.030287032946944237
0, 522, 373, 11, 13, 0.030048929154872894
0, 311, 302, 11, 20, 0.02955164946615696
0, 752, 28, 62, 56, 0.02681540884077549
0, 247, 841, 42, 30, 0.026808876544237137
