0, 268, 493, 52, 80, 0.7213776707649231
0, 217, 659, 67, 34, 0.6972952485084534
0, 279, 457, 32, 29, 0.5611587762832642
0, 253, 976, 79, 66, 0.506695032119751
0, 296, 1022, 19, 19, 0.45333191752433777
0, 296, 1010, 23, 42, 0.4373146593570709
0, 282, 427, 60, 53, 0.43575218319892883
0, 331, 253, 30, 41, 0.42363497614860535
0, 323, 260, 57, 66, 0.4228326678276062
0, 266, 918, 17, 21, 0.3943984806537628
0, 280, 454, 32, 27, 0.38905569911003113
0, 278, 960, 46, 73, 0.3593617081642151
0, 235, 849, 30, 30, 0.3478565514087677
0, 279, 456, 32, 26, 0.33988121151924133
0, 209, 888, 37, 55, 0.3335207998752594
0, 195, 806, 26, 35, 0.3303368389606476
0, 300, 1000, 14, 17, 0.32725852727890015
0, 274, 1015, 18, 20, 0.319174587726593
0, 294, 413, 31, 25, 0.3171168267726898
0, 300, 1000, 12, 16, 0.3068041503429413
0, 239, 436, 21, 18, 0.30496644973754883
0, 238, 437, 18, 16, 0.28719592094421387
0, 266, 916, 17, 19, 0.2691374719142914
0, 274, 948, 55, 93, 0.2682216465473175
0, 270, 494, 45, 78, 0.25926703214645386
0, 286, 1007, 47, 53, 0.24738766252994537
0, 278, 990, 12, 16, 0.247153177857399
0, 297, 435, 27, 20, 0.2450854480266571
0, 200, 807, 35, 41, 0.24090451002120972
0, 280, 987, 20, 20, 0.2390403300523758
0, 208, 853, 38, 30, 0.23721431195735931
0, 264, 983, 11, 18, 0.23271998763084412
0, 279, 941, 22, 30, 0.2270861566066742
0, 265, 434, 83, 36, 0.22226904332637787
0, 210, 892, 33, 41, 0.2219148874282837
0, 271, 964, 18, 17, 0.2198459953069687
0, 275, 1015, 17, 21, 0.2154194712638855
0, 299, 1007, 15, 28, 0.21120202541351318
0, 281, 950, 29, 46, 0.20955675840377808
0, 266, 916, 18, 18, 0.20948147773742676
0, 216, 893, 21, 37, 0.20909100770950317
0, 284, 458, 22, 19, 0.20836375653743744
0, 279, 460, 24, 22, 0.2055274397134781
0, 220, 853, 64, 48, 0.19994309544563293
0, 236, 853, 35, 36, 0.19911962747573853
0, 276, 939, 14, 22, 0.19886647164821625
0, 209, 457, 31, 25, 0.198462575674057
0, 283, 431, 52, 34, 0.19775083661079407
0, 293, 1023, 11, 16, 0.19729351997375488
0, 275, 1018, 15, 18, 0.19724668562412262
0, 267, 919, 20, 25, 0.1963740438222885
0, 280, 964, 33, 26, 0.19593942165374756
0, 311, 275, 76, 101, 0.19337788224220276
0, 304, 281, 14, 25, 0.19302469491958618
0, 272, 1011, 16, 19, 0.19291122257709503
0, 300, 436, 21, 18, 0.18829245865345
0, 254, 983, 72, 66, 0.18713533878326416
0, 284, 955, 32, 42, 0.18679264187812805
0, 272, 990, 28, 23, 0.18601764738559723
0, 239, 437, 22, 16, 0.18548834323883057
0, 237, 437, 17, 15, 0.1850953847169876
0, 286, 965, 28, 28, 0.18473440408706665
0, 224, 405, 11, 9, 0.18380121886730194
0, 207, 848, 38, 39, 0.1836680918931961
0, 268, 483, 38, 46, 0.18243899941444397
0, 239, 852, 30, 36, 0.1824169009923935
0, 215, 876, 53, 87, 0.182382732629776
0, 207, 858, 36, 34, 0.18162082135677338
0, 299, 341, 24, 26, 0.1812998205423355
0, 265, 987, 14, 18, 0.18092194199562073
0, 225, 836, 27, 19, 0.18055665493011475
0, 275, 1019, 14, 18, 0.1803661435842514
0, 300, 1023, 11, 15, 0.17952993512153625
0, 270, 487, 39, 58, 0.17577801644802094
0, 198, 859, 18, 16, 0.17470814287662506
0, 215, 660, 54, 30, 0.17467020452022552
0, 202, 856, 28, 24, 0.17460942268371582
0, 197, 859, 17, 13, 0.17280995845794678
0, 283, 991, 19, 22, 0.17096266150474548
0, 207, 813, 19, 29, 0.17030692100524902
0, 300, 436, 18, 17, 0.16911214590072632
0, 305, 281, 18, 30, 0.1669398695230484
0, 254, 967, 20, 39, 0.16690167784690857
0, 211, 810, 9, 18, 0.16669848561286926
0, 305, 280, 14, 26, 0.165369912981987
0, 295, 434, 33, 27, 0.16450759768486023
0, 222, 834, 23, 14, 0.16087421774864197
0, 290, 431, 44, 32, 0.160824716091156
0, 215, 857, 18, 23, 0.16074591875076294
0, 271, 984, 28, 30, 0.16071036458015442
0, 201, 857, 23, 20, 0.15866878628730774
0, 300, 340, 24, 25, 0.15826860070228577
0, 209, 660, 41, 31, 0.1568610668182373
0, 195, 797, 20, 16, 0.15665550529956818
0, 304, 1022, 6, 19, 0.154835507273674
0, 196, 797, 21, 15, 0.1541307121515274
0, 202, 809, 33, 30, 0.15352728962898254
0, 306, 279, 21, 32, 0.15279875695705414
0, 292, 417, 29, 19, 0.14967957139015198
0, 273, 434, 39, 24, 0.1496591418981552
0, 203, 479, 16, 15, 0.1492512971162796
0, 208, 458, 30, 34, 0.148561030626297
0, 334, 255, 49, 51, 0.1484087109565735
0, 252, 969, 22, 37, 0.14783310890197754
0, 361, 254, 15, 19, 0.1472046822309494
0, 208, 661, 42, 29, 0.1468917429447174
0, 361, 254, 14, 18, 0.14616897702217102
0, 224, 405, 12, 9, 0.14571823179721832
0, 330, 255, 27, 38, 0.1456224024295807
0, 285, 982, 14, 16, 0.14487284421920776
0, 267, 434, 34, 24, 0.14455462992191315
0, 231, 1047, 31, 40, 0.14393745362758636
0, 229, 848, 13, 17, 0.1438339799642563
0, 203, 477, 17, 24, 0.14381512999534607
0, 239, 976, 48, 53, 0.1433423012495041
0, 267, 929, 18, 21, 0.14278829097747803
0, 194, 860, 17, 13, 0.14214491844177246
0, 266, 434, 21, 18, 0.14116701483726501
0, 213, 810, 12, 19, 0.14108233153820038
0, 294, 298, 19, 27, 0.14077848196029663
0, 255, 977, 35, 44, 0.13915197551250458
0, 217, 853, 19, 21, 0.1374400407075882
0, 275, 947, 16, 25, 0.13712473213672638
0, 264, 432, 32, 19, 0.13650920987129211
0, 202, 459, 15, 15, 0.1363821178674698
0, 208, 661, 37, 23, 0.13499009609222412
0, 265, 967, 29, 36, 0.13448861241340637
0, 208, 662, 42, 21, 0.13418740034103394
0, 298, 289, 25, 34, 0.13416099548339844
0, 290, 307, 32, 29, 0.13374263048171997
0, 249, 976, 26, 38, 0.13343510031700134
0, 224, 406, 13, 10, 0.13158705830574036
0, 201, 457, 14, 18, 0.13032467663288116
0, 171, 598, 12, 21, 0.1285279393196106
0, 171, 598, 11, 23, 0.12844397127628326
0, 205, 481, 12, 13, 0.1277628242969513
0, 205, 816, 16, 18, 0.1276516318321228
0, 232, 1050, 28, 32, 0.1266753226518631
0, 195, 813, 20, 21, 0.1263783574104309
0, 242, 984, 39, 45, 0.1259591430425644
0, 217, 456, 22, 20, 0.1254424750804901
0, 290, 309, 36, 34, 0.12534940242767334
0, 289, 1009, 14, 16, 0.12533754110336304
0, 192, 800, 18, 23, 0.12462718784809113
0, 298, 410, 19, 23, 0.12458418309688568
0, 246, 436, 42, 19, 0.12297508865594864
0, 480, 150, 45, 52, 0.12268234044313431
0, 236, 1053, 19, 24, 0.12179185450077057
0, 190, 504, 15, 18, 0.12053218483924866
0, 204, 892, 20, 35, 0.11925770342350006
0, 239, 1054, 11, 16, 0.11923326551914215
0, 292, 967, 16, 18, 0.11836116760969162
0, 207, 463, 27, 37, 0.1172875165939331
0, 190, 504, 16, 19, 0.1165923923254013
0, 278, 967, 103, 151, 0.11594810336828232
0, 176, 600, 24, 25, 0.115473672747612
0, 247, 863, 12, 15, 0.11531191319227219
0, 237, 990, 44, 41, 0.11492450535297394
0, 291, 976, 24, 27, 0.11491821706295013
0, 209, 875, 16, 23, 0.11438330262899399
0, 170, 599, 8, 16, 0.11411034315824509
0, 203, 884, 15, 30, 0.11322247982025146
0, 176, 601, 23, 24, 0.11218241602182388
0, 203, 450, 19, 18, 0.11012057960033417
0, 284, 941, 18, 22, 0.10945269465446472
0, 272, 497, 34, 53, 0.10919621586799622
0, 490, 149, 66, 63, 0.10895190387964249
0, 246, 862, 16, 18, 0.10790982097387314
0, 294, 308, 19, 14, 0.10717187076807022
0, 288, 436, 33, 19, 0.10699200630187988
0, 275, 491, 27, 33, 0.10644252598285675
0, 262, 955, 10, 20, 0.10614316165447235
0, 274, 498, 32, 52, 0.10586155205965042
0, 212, 664, 26, 17, 0.10556454211473465
0, 231, 839, 16, 16, 0.10414078831672668
0, 361, 257, 18, 32, 0.10365931689739227
0, 473, 153, 22, 26, 0.10351904481649399
0, 373, 326, 17, 17, 0.10298098623752594
0, 207, 838, 18, 14, 0.10274429619312286
0, 290, 296, 8, 15, 0.10244154930114746
0, 234, 657, 31, 25, 0.10241196304559708
0, 205, 840, 13, 12, 0.1022210568189621
0, 373, 327, 15, 15, 0.10220739990472794
0, 301, 292, 14, 17, 0.10203369706869125
0, 266, 471, 17, 24, 0.10122128576040268
0, 268, 396, 14, 12, 0.1005607470870018
0, 191, 797, 13, 14, 0.09999068081378937
0, 204, 476, 28, 30, 0.0999121367931366
0, 266, 393, 19, 14, 0.09956994652748108
0, 237, 993, 21, 27, 0.09855145215988159
0, 266, 393, 22, 18, 0.09853382408618927
0, 246, 859, 19, 28, 0.09833379834890366
0, 220, 448, 52, 38, 0.0982411652803421
0, 216, 664, 39, 21, 0.09810686856508255
0, 260, 477, 27, 33, 0.09733671694993973
0, 321, 291, 11, 12, 0.097187839448452
0, 233, 985, 29, 32, 0.09713611751794815
0, 229, 1038, 21, 24, 0.0968802273273468
0, 222, 983, 13, 13, 0.09553377330303192
0, 256, 517, 19, 13, 0.09545139968395233
0, 241, 413, 11, 10, 0.09537258744239807
0, 302, 409, 9, 15, 0.09464321285486221
0, 224, 459, 9, 8, 0.09459766745567322
0, 240, 659, 21, 22, 0.09438228607177734
0, 274, 327, 13, 13, 0.09404788166284561
0, 235, 992, 21, 24, 0.0939815491437912
0, 209, 902, 11, 23, 0.09394820034503937
0, 214, 664, 28, 19, 0.09311166405677795
0, 266, 393, 24, 20, 0.09295877814292908
0, 248, 439, 33, 15, 0.09292140603065491
0, 349, 320, 19, 20, 0.09282159805297852
0, 335, 247, 17, 27, 0.09272491931915283
0, 259, 989, 35, 23, 0.09205521643161774
0, 230, 989, 27, 26, 0.09193731844425201
0, 257, 415, 14, 14, 0.09189572930335999
0, 258, 954, 9, 17, 0.09177212417125702
0, 181, 607, 11, 8, 0.09160277247428894
0, 321, 291, 9, 10, 0.09144020080566406
0, 350, 318, 19, 15, 0.09141013771295547
0, 225, 983, 16, 16, 0.09140754491090775
0, 321, 291, 9, 10, 0.0904587134718895
0, 321, 292, 9, 8, 0.09034460037946701
0, 248, 371, 16, 15, 0.0895775631070137
0, 182, 607, 12, 10, 0.08955752104520798
0, 226, 407, 18, 16, 0.08950213342905045
0, 476, 152, 21, 22, 0.08909186720848083
0, 231, 1037, 16, 20, 0.08902070671319962
0, 228, 434, 30, 17, 0.08890491724014282
0, 610, 668, 7, 35, 0.08806899189949036
0, 281, 309, 11, 14, 0.0880158543586731
0, 275, 513, 31, 37, 0.0879889503121376
0, 219, 881, 14, 19, 0.08768228441476822
0, 292, 462, 12, 16, 0.08669935166835785
0, 263, 469, 12, 23, 0.08662600070238113
0, 271, 440, 22, 16, 0.08650097250938416
0, 234, 449, 15, 11, 0.08407291769981384
0, 360, 260, 21, 38, 0.08348322659730911
0, 487, 136, 25, 24, 0.08274903148412704
0, 257, 436, 40, 21, 0.08269069343805313
0, 226, 711, 11, 10, 0.08218500018119812
0, 258, 392, 44, 30, 0.08193664252758026
0, 258, 481, 27, 27, 0.08047915995121002
0, 227, 711, 12, 11, 0.08038083463907242
0, 258, 523, 27, 20, 0.08035393059253693
0, 269, 525, 35, 25, 0.0788256973028183
0, 280, 517, 18, 27, 0.07835934311151505
0, 222, 433, 12, 12, 0.07814875990152359
0, 235, 657, 14, 21, 0.07553471624851227
0, 494, 135, 13, 23, 0.07439561188220978
0, 319, 265, 28, 28, 0.07411649823188782
0, 262, 528, 23, 18, 0.0739649087190628
0, 201, 654, 19, 17, 0.0731663703918457
0, 417, 251, 43, 46, 0.07313620299100876
0, 470, 161, 20, 31, 0.07308734953403473
0, 180, 985, 10, 18, 0.07278657704591751
0, 251, 413, 35, 20, 0.07225330919027328
0, 209, 440, 16, 15, 0.07186877727508545
0, 280, 350, 14, 13, 0.07169456034898758
0, 209, 437, 9, 10, 0.07047608494758606
0, 220, 784, 34, 23, 0.0703262910246849
0, 343, 322, 38, 28, 0.06945367902517319
0, 412, 252, 8, 13, 0.06941636651754379
0, 281, 349, 10, 9, 0.06929060071706772
0, 364, 290, 13, 17, 0.06891673803329468
0, 425, 249, 18, 25, 0.06868673115968704
0, 345, 317, 53, 48, 0.06818744540214539
0, 485, 151, 23, 25, 0.06817036867141724
0, 480, 136, 18, 19, 0.0675315409898758
0, 363, 290, 11, 14, 0.06740030646324158
0, 261, 390, 12, 9, 0.06709873676300049
0, 218, 968, 19, 13, 0.0662980005145073
0, 518, 180, 7, 16, 0.06536731868982315
0, 348, 235, 10, 18, 0.06450320035219193
0, 427, 245, 17, 24, 0.06445786356925964
0, 388, 206, 19, 15, 0.0644121915102005
0, 361, 286, 17, 24, 0.064308300614357
0, 216, 981, 13, 14, 0.06419207900762558
0, 225, 783, 24, 16, 0.06374888122081757
0, 417, 252, 17, 21, 0.06298459321260452
0, 390, 206, 19, 17, 0.0609222948551178
0, 219, 581, 37, 18, 0.060501400381326675
0, 250, 480, 13, 15, 0.060496434569358826
0, 468, 179, 7, 12, 0.06045573204755783
0, 261, 513, 27, 25, 0.06015784293413162
0, 251, 479, 14, 14, 0.05936979502439499
0, 286, 1037, 8, 12, 0.058731380850076675
0, 464, 162, 21, 22, 0.05862368643283844
0, 248, 397, 23, 15, 0.058567363768815994
0, 238, 566, 10, 10, 0.05746297538280487
0, 343, 239, 17, 23, 0.05731797218322754
0, 225, 581, 25, 13, 0.05542795732617378
0, 227, 582, 19, 13, 0.05528908222913742
0, 519, 140, 8, 10, 0.053266506642103195
0, 342, 289, 19, 12, 0.049809057265520096
0, 378, 229, 14, 20, 0.04931952431797981
0, 211, 522, 10, 10, 0.04786650836467743
0, 427, 182, 13, 16, 0.047096382826566696
0, 212, 785, 34, 25, 0.04560377821326256
0, 202, 716, 26, 17, 0.041286200284957886
0, 256, 352, 16, 18, 0.04122566431760788
