0, 463, 215, 79, 47, 0.6777330636978149
0, 628, 436, 33, 33, 0.5625511407852173
0, 658, 451, 25, 25, 0.55391925573349
0, 628, 435, 36, 36, 0.5402358770370483
0, 333, 201, 101, 72, 0.479665607213974
0, 567, 194, 70, 48, 0.4693712294101715
0, 621, 484, 22, 19, 0.44364508986473083
0, 663, 384, 59, 52, 0.4372955858707428
0, 625, 475, 33, 39, 0.433310329914093
0, 629, 465, 25, 24, 0.41410544514656067
0, 346, 214, 20, 11, 0.3673725128173828
0, 656, 342, 35, 25, 0.3323483169078827
0, 633, 308, 52, 57, 0.3089841604232788
0, 346, 214, 20, 11, 0.2920440137386322
0, 633, 460, 19, 15, 0.28282761573791504
0, 640, 404, 12, 17, 0.27913662791252136
0, 376, 199, 26, 13, 0.27396079897880554
0, 657, 451, 23, 23, 0.2723124921321869
0, 347, 214, 22, 12, 0.2658733129501343
0, 660, 430, 14, 13, 0.26277250051498413
0, 634, 461, 16, 16, 0.26063019037246704
0, 628, 476, 17, 10, 0.2599206566810608
0, 635, 458, 13, 12, 0.256249338388443
0, 346, 214, 23, 15, 0.24862448871135712
0, 655, 451, 20, 23, 0.24648834764957428
0, 625, 437, 29, 30, 0.24573536217212677
0, 624, 484, 23, 22, 0.23888389766216278
0, 376, 198, 24, 12, 0.2284887731075287
0, 661, 453, 21, 22, 0.22544129192829132
0, 669, 387, 38, 43, 0.22478194534778595
0, 679, 441, 21, 24, 0.22477056086063385
0, 537, 185, 131, 71, 0.22323733568191528
0, 336, 186, 100, 66, 0.21717602014541626
0, 428, 186, 12, 13, 0.21699386835098267
0, 627, 254, 50, 35, 0.21540315449237823
0, 665, 445, 42, 43, 0.2122422456741333
0, 625, 475, 17, 15, 0.20420564711093903
0, 325, 218, 66, 43, 0.2007337361574173
0, 629, 435, 26, 25, 0.20027625560760498
0, 336, 217, 41, 25, 0.19999034702777863
0, 542, 193, 124, 57, 0.198770672082901
0, 663, 449, 31, 22, 0.19796685874462128
0, 679, 444, 15, 18, 0.19696158170700073
0, 577, 187, 50, 36, 0.19459280371665955
0, 656, 343, 36, 26, 0.1925257444381714
0, 375, 200, 21, 13, 0.19161240756511688
0, 655, 447, 16, 17, 0.1904386430978775
0, 503, 185, 21, 24, 0.18911553919315338
0, 668, 383, 38, 37, 0.18728755414485931
0, 622, 487, 12, 14, 0.1845095008611679
0, 651, 405, 76, 125, 0.17926569283008575
0, 641, 313, 74, 84, 0.17875778675079346
0, 654, 446, 18, 20, 0.17417076230049133
0, 663, 383, 45, 43, 0.17340782284736633
0, 641, 367, 34, 28, 0.16934657096862793
0, 503, 183, 20, 20, 0.16852298378944397
0, 503, 185, 21, 24, 0.16571199893951416
0, 624, 488, 11, 12, 0.1656264215707779
0, 631, 312, 45, 41, 0.16339513659477234
0, 654, 341, 33, 18, 0.16196927428245544
0, 659, 432, 13, 14, 0.16120009124279022
0, 428, 186, 11, 12, 0.161112979054451
0, 662, 378, 31, 24, 0.16049405932426453
0, 509, 191, 38, 41, 0.1604246199131012
0, 312, 211, 35, 25, 0.15918855369091034
0, 636, 477, 13, 11, 0.1589629352092743
0, 640, 365, 30, 25, 0.156358540058136
0, 629, 445, 20, 16, 0.15565840899944305
0, 639, 408, 26, 28, 0.1555379182100296
0, 543, 197, 28, 26, 0.15516728162765503
0, 246, 220, 25, 34, 0.15439577400684357
0, 545, 198, 21, 19, 0.15392452478408813
0, 504, 183, 15, 18, 0.1535695195198059
0, 674, 384, 33, 36, 0.152851402759552
0, 662, 424, 24, 24, 0.1518757939338684
0, 652, 340, 53, 71, 0.15044617652893066
0, 636, 438, 16, 24, 0.1497931033372879
0, 610, 485, 9, 13, 0.14967195689678192
0, 666, 432, 25, 17, 0.1489619016647339
0, 463, 211, 73, 44, 0.14863689243793488
0, 670, 438, 39, 28, 0.14798603951931
0, 636, 319, 46, 34, 0.14743560552597046
0, 680, 446, 25, 32, 0.14741970598697662
0, 543, 195, 27, 24, 0.1470085084438324
0, 642, 483, 20, 14, 0.1468707025051117
0, 573, 188, 55, 38, 0.14669908583164215
0, 248, 221, 31, 39, 0.1464383453130722
0, 314, 216, 43, 37, 0.14527307450771332
0, 509, 185, 34, 26, 0.14490960538387299
0, 336, 221, 35, 20, 0.1447627693414688
0, 642, 484, 22, 16, 0.14409635961055756
0, 619, 466, 16, 15, 0.14302605390548706
0, 638, 304, 34, 35, 0.1416940987110138
0, 510, 177, 49, 39, 0.14138413965702057
0, 514, 193, 64, 48, 0.13957427442073822
0, 656, 591, 21, 18, 0.13868936896324158
0, 641, 384, 85, 128, 0.13797183334827423
0, 634, 257, 38, 28, 0.1370842009782791
0, 487, 203, 32, 25, 0.1369394212961197
0, 629, 304, 40, 32, 0.13561108708381653
0, 580, 184, 39, 25, 0.13403922319412231
0, 656, 594, 22, 22, 0.13362975418567657
0, 611, 485, 11, 15, 0.1335144191980362
0, 488, 202, 27, 19, 0.1323980838060379
0, 615, 465, 10, 10, 0.13202151656150818
0, 665, 403, 12, 11, 0.1316009908914566
0, 629, 256, 41, 29, 0.1313583254814148
0, 646, 483, 25, 16, 0.13121524453163147
0, 323, 214, 18, 17, 0.13032583892345428
0, 645, 369, 29, 21, 0.12807345390319824
0, 323, 211, 18, 17, 0.12760646641254425
0, 331, 223, 34, 32, 0.12724044919013977
0, 644, 411, 23, 21, 0.1272021234035492
0, 291, 195, 15, 17, 0.12710286676883698
0, 570, 207, 35, 23, 0.12580791115760803
0, 290, 196, 13, 14, 0.12580275535583496
0, 246, 219, 21, 31, 0.12497032433748245
0, 249, 222, 21, 30, 0.12398812174797058
0, 646, 484, 26, 19, 0.12391220033168793
0, 315, 214, 31, 23, 0.1237911581993103
0, 293, 192, 21, 22, 0.12369221448898315
0, 633, 364, 36, 33, 0.12349548935890198
0, 636, 420, 34, 50, 0.12272556871175766
0, 315, 202, 40, 30, 0.1224157065153122
0, 663, 403, 13, 13, 0.1205761507153511
0, 315, 219, 40, 33, 0.11919911205768585
0, 313, 196, 48, 41, 0.11890433728694916
0, 569, 205, 32, 22, 0.11750882118940353
0, 641, 332, 66, 124, 0.11607304215431213
0, 687, 455, 8, 11, 0.11580907553434372
0, 638, 297, 20, 17, 0.11410513520240784
0, 640, 315, 29, 22, 0.11407902091741562
0, 652, 590, 14, 15, 0.11353202909231186
0, 624, 325, 16, 12, 0.1135266050696373
0, 626, 325, 20, 14, 0.11286527663469315
0, 666, 376, 19, 17, 0.11252846568822861
0, 633, 298, 16, 14, 0.11185459792613983
0, 343, 223, 17, 12, 0.11152362078428268
0, 619, 250, 33, 24, 0.11084765195846558
0, 648, 469, 10, 9, 0.11043598502874374
0, 666, 417, 20, 11, 0.10934247821569443
0, 675, 378, 31, 26, 0.10884750634431839
0, 644, 302, 27, 30, 0.10862234234809875
0, 637, 291, 34, 27, 0.10847949236631393
0, 557, 200, 46, 29, 0.10829626768827438
0, 647, 466, 47, 55, 0.10774797946214676
0, 618, 306, 18, 18, 0.10753665119409561
0, 667, 345, 14, 12, 0.10747305303812027
0, 454, 217, 54, 38, 0.10715173184871674
0, 649, 294, 18, 17, 0.10678903013467789
0, 626, 325, 21, 19, 0.10647393763065338
0, 623, 432, 21, 21, 0.10539954155683517
0, 537, 191, 14, 13, 0.10497791320085526
0, 651, 595, 14, 19, 0.10489284247159958
0, 307, 204, 23, 18, 0.10415594279766083
0, 650, 472, 20, 15, 0.10356635600328445
0, 363, 183, 50, 36, 0.10329324752092361
0, 661, 411, 26, 29, 0.10191657394170761
0, 615, 306, 24, 19, 0.10163204371929169
0, 623, 285, 23, 14, 0.10155609250068665
0, 296, 198, 15, 14, 0.10153692960739136
0, 648, 293, 11, 12, 0.10143259912729263
0, 632, 414, 25, 18, 0.10143035650253296
0, 313, 191, 44, 29, 0.10139250755310059
0, 305, 220, 20, 19, 0.10129501670598984
0, 650, 584, 39, 41, 0.10084984451532364
0, 648, 430, 18, 11, 0.100125253200531
0, 305, 222, 16, 13, 0.1001233384013176
0, 680, 351, 14, 11, 0.09978905320167542
0, 650, 328, 18, 12, 0.09950631111860275
0, 623, 367, 13, 25, 0.09948370605707169
0, 625, 285, 25, 17, 0.09936711192131042
0, 656, 296, 28, 22, 0.09935298562049866
0, 567, 210, 26, 19, 0.09915466606616974
0, 374, 193, 29, 23, 0.09891175478696823
0, 638, 430, 15, 13, 0.09858477115631104
0, 627, 285, 16, 12, 0.09853851050138474
0, 679, 393, 21, 20, 0.09849315881729126
0, 308, 191, 48, 30, 0.09835130721330643
0, 675, 399, 30, 22, 0.09741922467947006
0, 376, 203, 32, 25, 0.09714315831661224
0, 370, 216, 19, 14, 0.0970841646194458
0, 371, 223, 34, 28, 0.09680713713169098
0, 647, 405, 30, 29, 0.09680480509996414
0, 333, 229, 29, 27, 0.0966009646654129
0, 370, 215, 18, 13, 0.09615353494882584
0, 305, 202, 19, 13, 0.09597175568342209
0, 574, 183, 39, 23, 0.09557554870843887
0, 651, 331, 23, 17, 0.095539391040802
0, 637, 368, 46, 61, 0.09544149786233902
0, 626, 367, 15, 27, 0.09469229727983475
0, 374, 224, 22, 17, 0.09433095902204514
0, 353, 222, 53, 29, 0.09389516711235046
0, 655, 331, 14, 15, 0.09365572035312653
0, 625, 326, 24, 24, 0.09340755641460419
0, 575, 199, 39, 33, 0.09202182292938232
0, 516, 192, 27, 22, 0.0911613255739212
0, 629, 370, 24, 38, 0.0911177545785904
0, 663, 572, 20, 14, 0.09085740149021149
0, 462, 216, 51, 34, 0.09072849154472351
0, 362, 223, 51, 35, 0.0902867540717125
0, 627, 250, 21, 16, 0.0898154228925705
0, 622, 284, 29, 21, 0.089333675801754
0, 680, 431, 15, 13, 0.08910752087831497
0, 638, 255, 27, 22, 0.08904878795146942
0, 519, 199, 19, 17, 0.08811575174331665
0, 671, 507, 11, 13, 0.08748271316289902
0, 622, 361, 14, 31, 0.08741666376590729
0, 610, 250, 15, 17, 0.08695130795240402
0, 561, 210, 13, 12, 0.08681835234165192
0, 664, 573, 21, 17, 0.08680996298789978
0, 370, 189, 22, 16, 0.08648335188627243
0, 638, 573, 18, 17, 0.08638622611761093
0, 561, 210, 13, 12, 0.08635825663805008
0, 637, 580, 14, 14, 0.0861024409532547
0, 371, 206, 22, 18, 0.0859760046005249
0, 528, 229, 10, 15, 0.08576265722513199
0, 687, 388, 14, 20, 0.08568181842565536
0, 359, 189, 54, 34, 0.08549104630947113
0, 610, 208, 42, 27, 0.08536113798618317
0, 637, 417, 31, 31, 0.08514874428510666
0, 326, 236, 18, 16, 0.08447188138961792
0, 518, 206, 34, 28, 0.08443101495504379
0, 639, 563, 18, 17, 0.08432716131210327
0, 528, 229, 11, 16, 0.08418713510036469
0, 579, 209, 22, 18, 0.08414557576179504
0, 666, 311, 14, 10, 0.08405064791440964
0, 655, 475, 21, 12, 0.08334615081548691
0, 667, 310, 18, 16, 0.08323623985052109
0, 638, 587, 15, 13, 0.08283597230911255
0, 665, 311, 16, 11, 0.08270562440156937
0, 688, 392, 12, 15, 0.08243092894554138
0, 612, 244, 15, 17, 0.08234938979148865
0, 326, 236, 15, 14, 0.08216815441846848
0, 644, 556, 68, 109, 0.0820152685046196
0, 666, 309, 20, 16, 0.08194006979465485
0, 333, 192, 52, 33, 0.08167959749698639
0, 713, 600, 21, 38, 0.08162122964859009
0, 526, 196, 41, 19, 0.08159728348255157
0, 529, 213, 10, 10, 0.08155502378940582
0, 338, 200, 38, 19, 0.08077741414308548
0, 556, 191, 43, 27, 0.080500528216362
0, 540, 205, 20, 18, 0.080460324883461
0, 589, 189, 23, 18, 0.08017466962337494
0, 715, 599, 17, 37, 0.07956945896148682
0, 620, 458, 17, 17, 0.0793665274977684
0, 653, 346, 333, 382, 0.07928410172462463
0, 632, 545, 17, 16, 0.07903501391410828
0, 636, 553, 27, 30, 0.07838787883520126
0, 449, 219, 46, 35, 0.07772891968488693
0, 656, 478, 18, 9, 0.07761251926422119
0, 455, 220, 55, 35, 0.07751138508319855
0, 616, 241, 15, 14, 0.07724308967590332
0, 635, 544, 15, 14, 0.07669727504253387
0, 521, 167, 15, 14, 0.07628142088651657
0, 631, 562, 19, 27, 0.0758175402879715
0, 530, 212, 14, 14, 0.07570507377386093
0, 608, 211, 49, 38, 0.07459554821252823
0, 509, 166, 38, 22, 0.07407622784376144
0, 658, 324, 39, 31, 0.07354088872671127
0, 328, 198, 40, 24, 0.07330182194709778
0, 687, 470, 9, 12, 0.07321616262197495
0, 680, 492, 19, 25, 0.07266606390476227
0, 649, 572, 36, 18, 0.07232046127319336
0, 520, 224, 17, 15, 0.0714375451207161
0, 629, 553, 18, 22, 0.07142258435487747
0, 631, 573, 13, 15, 0.07128016650676727
0, 317, 185, 22, 16, 0.07102301716804504
0, 638, 282, 22, 13, 0.07058591395616531
0, 627, 267, 15, 8, 0.070567287504673
0, 680, 370, 27, 23, 0.07012488692998886
0, 609, 272, 11, 10, 0.06954009085893631
0, 519, 216, 20, 18, 0.06917581707239151
0, 517, 168, 24, 19, 0.06893499195575714
0, 348, 192, 26, 22, 0.06873255968093872
0, 619, 207, 20, 19, 0.06778640300035477
0, 360, 235, 11, 9, 0.06709406524896622
0, 647, 261, 14, 12, 0.06705303490161896
0, 659, 581, 21, 14, 0.06657269597053528
0, 618, 202, 23, 17, 0.06534188985824585
0, 361, 234, 14, 13, 0.06472492218017578
0, 600, 212, 35, 31, 0.0645638108253479
0, 642, 412, 254, 406, 0.06429989635944366
0, 670, 322, 28, 29, 0.06248233839869499
0, 137, 263, 11, 14, 0.06205832213163376
0, 138, 265, 12, 17, 0.06114453822374344
0, 594, 279, 12, 14, 0.061094094067811966
0, 594, 279, 11, 14, 0.060143422335386276
0, 355, 179, 30, 16, 0.05989599972963333
0, 711, 606, 16, 27, 0.058881521224975586
0, 717, 590, 11, 16, 0.057591479271650314
0, 274, 244, 26, 22, 0.0572250671684742
0, 457, 207, 25, 17, 0.05641619488596916
0, 437, 219, 22, 25, 0.055879540741443634
0, 187, 217, 7, 13, 0.054812896996736526
0, 648, 278, 17, 13, 0.05317327380180359
0, 592, 259, 12, 8, 0.051453933119773865
0, 387, 214, 13, 11, 0.047059450298547745
0, 667, 538, 18, 20, 0.043571677058935165
0, 796, 14, 20, 20, 0.041328027844429016
