0, 445, 665, 27, 20, 0.6551323533058167
0, 446, 664, 27, 20, 0.6515021920204163
0, 313, 581, 46, 24, 0.6176176071166992
0, 437, 627, 29, 17, 0.5724791884422302
0, 289, 554, 30, 41, 0.5627923011779785
0, 265, 532, 35, 48, 0.52345210313797
0, 170, 405, 20, 27, 0.5115746855735779
0, 171, 405, 22, 29, 0.49481531977653503
0, 265, 530, 35, 42, 0.47566401958465576
0, 496, 640, 20, 13, 0.47084593772888184
0, 481, 620, 15, 14, 0.46796533465385437
0, 481, 620, 15, 14, 0.46143054962158203
0, 286, 552, 42, 48, 0.4519205391407013
0, 216, 441, 54, 75, 0.43811851739883423
0, 289, 554, 30, 42, 0.4351825416088104
0, 579, 638, 38, 35, 0.422999769449234
0, 265, 532, 41, 52, 0.41987866163253784
0, 217, 484, 36, 36, 0.3994646668434143
0, 178, 425, 23, 17, 0.3963361084461212
0, 278, 535, 15, 14, 0.38577017188072205
0, 569, 692, 24, 26, 0.3744994103908539
0, 313, 580, 45, 23, 0.35629644989967346
0, 579, 638, 40, 33, 0.3470882773399353
0, 266, 531, 35, 48, 0.341653048992157
0, 313, 580, 45, 22, 0.3302043676376343
0, 437, 628, 28, 18, 0.32259681820869446
0, 437, 628, 28, 18, 0.3219524919986725
0, 285, 555, 30, 40, 0.3202950060367584
0, 313, 582, 48, 28, 0.31494027376174927
0, 274, 558, 12, 28, 0.31047067046165466
0, 208, 433, 35, 62, 0.29869741201400757
0, 446, 665, 26, 20, 0.29806751012802124
0, 445, 666, 28, 21, 0.29535597562789917
0, 285, 559, 24, 33, 0.29517480731010437
0, 357, 562, 12, 16, 0.29419758915901184
0, 437, 628, 30, 21, 0.2918664216995239
0, 232, 459, 29, 26, 0.29117175936698914
0, 446, 665, 30, 21, 0.2885010242462158
0, 263, 510, 51, 99, 0.2849555015563965
0, 178, 425, 22, 18, 0.2816157341003418
0, 482, 621, 15, 16, 0.27954667806625366
0, 724, 797, 25, 24, 0.2773577570915222
0, 168, 405, 26, 38, 0.2706548869609833
0, 441, 629, 19, 15, 0.26814743876457214
0, 497, 641, 21, 22, 0.2662600874900818
0, 508, 646, 45, 31, 0.2655806243419647
0, 498, 641, 24, 20, 0.2633647918701172
0, 215, 484, 36, 41, 0.2616920471191406
0, 439, 624, 33, 27, 0.2609947621822357
0, 447, 666, 31, 26, 0.2591085731983185
0, 223, 490, 21, 21, 0.25841453671455383
0, 510, 655, 50, 48, 0.2568601965904236
0, 436, 627, 32, 27, 0.25581005215644836
0, 170, 403, 19, 21, 0.25281059741973877
0, 533, 695, 14, 20, 0.24750366806983948
0, 278, 535, 20, 24, 0.2473030388355255
0, 707, 756, 58, 38, 0.24530833959579468
0, 271, 555, 13, 29, 0.24299553036689758
0, 221, 492, 21, 21, 0.2416577935218811
0, 273, 560, 14, 28, 0.23981116712093353
0, 440, 624, 49, 33, 0.23936249315738678
0, 686, 672, 83, 45, 0.23896804451942444
0, 257, 545, 12, 21, 0.23724056780338287
0, 223, 493, 16, 15, 0.23382793366909027
0, 357, 562, 15, 16, 0.2329639047384262
0, 206, 449, 27, 36, 0.2321743220090866
0, 263, 526, 26, 34, 0.23185908794403076
0, 482, 621, 20, 21, 0.23035690188407898
0, 450, 665, 21, 20, 0.22824206948280334
0, 513, 648, 39, 28, 0.22784025967121124
0, 282, 566, 13, 20, 0.22192145884037018
0, 534, 695, 15, 21, 0.2195153832435608
0, 205, 449, 25, 33, 0.21854344010353088
0, 296, 556, 47, 66, 0.21648742258548737
0, 267, 485, 40, 34, 0.21565130352973938
0, 207, 420, 27, 29, 0.21533313393592834
0, 231, 458, 25, 24, 0.21516995131969452
0, 209, 449, 26, 34, 0.21388034522533417
0, 698, 754, 36, 22, 0.21350045502185822
0, 167, 410, 16, 28, 0.212909996509552
0, 570, 694, 18, 21, 0.21190376579761505
0, 265, 550, 15, 21, 0.2106885462999344
0, 264, 519, 28, 21, 0.21015532314777374
0, 460, 613, 13, 18, 0.20885199308395386
0, 231, 523, 16, 30, 0.20737218856811523
0, 229, 464, 36, 31, 0.2063152939081192
0, 571, 685, 31, 39, 0.20343095064163208
0, 524, 647, 18, 22, 0.20191872119903564
0, 524, 648, 17, 21, 0.2013191431760788
0, 216, 452, 51, 40, 0.2010016143321991
0, 713, 770, 14, 14, 0.19986814260482788
0, 577, 640, 39, 36, 0.1994103193283081
0, 207, 430, 30, 51, 0.19917690753936768
0, 315, 579, 38, 17, 0.1987583488225937
0, 209, 417, 25, 25, 0.19866298139095306
0, 218, 469, 45, 65, 0.1971314400434494
0, 724, 796, 24, 22, 0.1967465579509735
0, 567, 693, 33, 29, 0.19649715721607208
0, 390, 589, 18, 11, 0.195191890001297
0, 268, 518, 23, 18, 0.19411014020442963
0, 460, 613, 15, 17, 0.19203901290893555
0, 218, 475, 41, 43, 0.1918083131313324
0, 577, 641, 36, 33, 0.18994548916816711
0, 524, 647, 11, 17, 0.18599039316177368
0, 685, 673, 88, 49, 0.18186503648757935
0, 550, 630, 24, 21, 0.1805029809474945
0, 412, 592, 17, 18, 0.18043026328086853
0, 175, 422, 27, 29, 0.17851366102695465
0, 262, 483, 32, 34, 0.17674411833286285
0, 726, 799, 32, 33, 0.1760210245847702
0, 359, 597, 33, 21, 0.1757960021495819
0, 459, 613, 17, 20, 0.17388507723808289
0, 551, 703, 13, 13, 0.17351749539375305
0, 550, 631, 25, 24, 0.17325395345687866
0, 393, 621, 18, 19, 0.17220428586006165
0, 393, 620, 19, 18, 0.17097581923007965
0, 182, 424, 11, 17, 0.17052941024303436
0, 155, 387, 15, 16, 0.1701868325471878
0, 411, 593, 20, 20, 0.16989369690418243
0, 326, 555, 21, 17, 0.16984958946704865
0, 556, 637, 92, 46, 0.16934920847415924
0, 550, 703, 19, 15, 0.16786552965641022
0, 699, 752, 31, 21, 0.16773995757102966
0, 728, 750, 22, 15, 0.1670909970998764
0, 327, 555, 19, 16, 0.16677194833755493
0, 572, 636, 23, 31, 0.1658206433057785
0, 326, 555, 19, 14, 0.1655026227235794
0, 237, 462, 19, 19, 0.16487061977386475
0, 183, 424, 11, 16, 0.16486959159374237
0, 155, 387, 13, 14, 0.16464151442050934
0, 327, 555, 18, 15, 0.1645096093416214
0, 721, 798, 19, 22, 0.16450703144073486
0, 229, 514, 11, 15, 0.16176246106624603
0, 231, 528, 14, 18, 0.1615980863571167
0, 578, 640, 28, 24, 0.16111044585704803
0, 261, 480, 33, 33, 0.15931081771850586
0, 167, 398, 17, 22, 0.15858396887779236
0, 393, 618, 16, 12, 0.15846067667007446
0, 221, 500, 19, 17, 0.15784482657909393
0, 543, 646, 121, 64, 0.15763941407203674
0, 695, 757, 25, 17, 0.15678559243679047
0, 725, 750, 30, 19, 0.15636621415615082
0, 575, 643, 24, 25, 0.15597131848335266
0, 511, 657, 35, 42, 0.15520069003105164
0, 211, 412, 23, 29, 0.1548793464899063
0, 157, 386, 15, 18, 0.15484078228473663
0, 271, 492, 28, 17, 0.15465570986270905
0, 733, 804, 44, 43, 0.15369004011154175
0, 277, 494, 17, 11, 0.15073262155056
0, 486, 623, 32, 29, 0.1506539285182953
0, 273, 491, 29, 25, 0.15038591623306274
0, 392, 625, 18, 27, 0.14974422752857208
0, 392, 618, 14, 12, 0.1491701751947403
0, 206, 484, 17, 30, 0.14831523597240448
0, 551, 677, 22, 13, 0.14825765788555145
0, 204, 480, 13, 23, 0.14747050404548645
0, 727, 802, 31, 38, 0.14710989594459534
0, 460, 614, 19, 24, 0.1464526653289795
0, 675, 675, 35, 30, 0.14613331854343414
0, 310, 536, 19, 16, 0.1452554315328598
0, 522, 673, 14, 20, 0.14486855268478394
0, 733, 752, 24, 15, 0.14485134184360504
0, 205, 480, 17, 26, 0.1447446495294571
0, 453, 667, 49, 28, 0.14471043646335602
0, 357, 596, 28, 19, 0.14323674142360687
0, 558, 627, 17, 19, 0.1423107385635376
0, 502, 637, 15, 14, 0.14201627671718597
0, 522, 616, 16, 14, 0.14188718795776367
0, 728, 747, 19, 15, 0.1417497992515564
0, 303, 546, 18, 30, 0.14081668853759766
0, 273, 516, 18, 13, 0.14074812829494476
0, 521, 616, 13, 14, 0.13844920694828033
0, 312, 535, 20, 19, 0.13750678300857544
0, 365, 603, 24, 19, 0.13729225099086761
0, 169, 425, 11, 12, 0.1368759274482727
0, 622, 712, 28, 31, 0.13582561910152435
0, 669, 673, 76, 49, 0.1357601433992386
0, 515, 663, 25, 37, 0.13496367633342743
0, 716, 752, 41, 23, 0.1323738545179367
0, 323, 579, 22, 17, 0.13236452639102936
0, 474, 620, 31, 26, 0.131283238530159
0, 581, 672, 20, 20, 0.12846313416957855
0, 366, 604, 19, 12, 0.12822911143302917
0, 402, 594, 35, 21, 0.12814776599407196
0, 683, 682, 21, 19, 0.12770909070968628
0, 398, 592, 32, 16, 0.127687007188797
0, 304, 578, 26, 21, 0.1267373412847519
0, 295, 540, 15, 21, 0.12637931108474731
0, 674, 672, 30, 27, 0.12582190334796906
0, 703, 677, 51, 29, 0.1242837905883789
0, 693, 764, 21, 13, 0.12410781532526016
0, 561, 689, 51, 43, 0.12255755811929703
0, 705, 769, 33, 15, 0.12255068123340607
0, 392, 629, 17, 31, 0.12232769280672073
0, 555, 677, 31, 17, 0.12213925272226334
0, 628, 703, 21, 22, 0.12140129506587982
0, 307, 559, 66, 23, 0.12124337255954742
0, 628, 706, 20, 23, 0.12043306231498718
0, 722, 761, 41, 31, 0.12042102962732315
0, 668, 673, 34, 35, 0.1198597252368927
0, 581, 670, 29, 26, 0.11938400566577911
0, 257, 492, 18, 16, 0.11925850808620453
0, 306, 532, 27, 26, 0.11920736730098724
0, 394, 593, 32, 24, 0.11817501485347748
0, 392, 582, 58, 39, 0.11785425990819931
0, 368, 605, 16, 10, 0.117849200963974
0, 578, 671, 23, 18, 0.11705796420574188
0, 254, 469, 17, 20, 0.11701929569244385
0, 683, 685, 17, 16, 0.11683730036020279
0, 544, 696, 32, 33, 0.11637203395366669
0, 254, 470, 23, 19, 0.11541703343391418
0, 683, 684, 16, 12, 0.1140638068318367
0, 745, 809, 21, 30, 0.11262873560190201
0, 423, 614, 10, 12, 0.11202213168144226
0, 527, 676, 16, 24, 0.1103438138961792
0, 243, 465, 21, 18, 0.10983338207006454
0, 453, 599, 13, 12, 0.10940327495336533
0, 556, 631, 40, 31, 0.10936994105577469
0, 257, 475, 108, 130, 0.10835465043783188
0, 353, 593, 20, 14, 0.10758164525032043
0, 736, 744, 37, 30, 0.10733586549758911
0, 666, 669, 16, 19, 0.10626528412103653
0, 682, 743, 31, 30, 0.10549413412809372
0, 750, 808, 17, 20, 0.10541366040706635
0, 206, 410, 18, 24, 0.10489007085561752
0, 241, 500, 19, 16, 0.1047840416431427
0, 531, 662, 32, 41, 0.10477849096059799
0, 708, 676, 35, 25, 0.10416179150342941
0, 221, 412, 19, 19, 0.10379335284233093
0, 352, 594, 13, 14, 0.10360036790370941
0, 546, 663, 33, 26, 0.10257267206907272
0, 451, 599, 10, 13, 0.10175325721502304
0, 738, 798, 16, 20, 0.10064484179019928
0, 683, 737, 23, 17, 0.1004418134689331
0, 374, 559, 13, 12, 0.1003914624452591
0, 374, 559, 14, 11, 0.10026675462722778
0, 197, 368, 17, 13, 0.09949067234992981
0, 296, 520, 17, 16, 0.09804423153400421
0, 744, 817, 13, 17, 0.09727954119443893
0, 543, 657, 29, 24, 0.09716231375932693
0, 748, 816, 14, 18, 0.09696174412965775
0, 197, 368, 20, 15, 0.09659267961978912
0, 614, 720, 16, 17, 0.09639922529459
0, 686, 737, 18, 15, 0.0962088480591774
0, 242, 477, 61, 41, 0.09550390392541885
0, 296, 526, 23, 26, 0.09530003368854523
0, 686, 738, 24, 20, 0.0949811190366745
0, 450, 600, 15, 12, 0.09270831197500229
0, 403, 599, 47, 37, 0.09222777187824249
0, 733, 739, 40, 28, 0.09194710105657578
0, 224, 435, 37, 27, 0.09083805978298187
0, 245, 532, 11, 16, 0.08935406059026718
0, 211, 399, 20, 13, 0.08920610696077347
0, 185, 423, 42, 33, 0.08889190107584
0, 165, 355, 17, 27, 0.08789429068565369
0, 655, 662, 25, 32, 0.08785618096590042
0, 212, 399, 17, 13, 0.0876968502998352
0, 628, 698, 17, 17, 0.0867166593670845
0, 244, 525, 45, 33, 0.08624842017889023
0, 715, 679, 22, 17, 0.08551774173974991
0, 585, 726, 17, 15, 0.08404628932476044
0, 488, 665, 18, 13, 0.083113893866539
0, 655, 659, 23, 25, 0.08157029002904892
0, 687, 672, 37, 26, 0.08098865300416946
0, 193, 459, 14, 18, 0.08014411479234695
0, 488, 667, 16, 15, 0.07894845306873322
0, 167, 356, 29, 48, 0.07738962769508362
0, 493, 675, 18, 17, 0.07688473910093307
0, 654, 680, 82, 63, 0.07555034756660461
0, 748, 729, 18, 13, 0.0750921219587326
0, 240, 507, 20, 28, 0.07499384135007858
0, 733, 819, 13, 16, 0.07488107681274414
0, 659, 692, 17, 15, 0.07471970468759537
0, 747, 730, 22, 18, 0.07443007826805115
0, 295, 574, 19, 18, 0.07268538326025009
0, 163, 360, 17, 31, 0.07262156158685684
0, 555, 666, 46, 20, 0.07236769795417786
0, 657, 692, 20, 16, 0.07197953760623932
0, 595, 635, 12, 17, 0.07172887027263641
0, 650, 656, 14, 20, 0.0711856409907341
0, 497, 591, 12, 11, 0.07038281857967377
0, 316, 561, 83, 53, 0.06911176443099976
0, 497, 591, 12, 13, 0.06864281743764877
0, 674, 752, 14, 15, 0.06779953092336655
0, 168, 346, 19, 25, 0.06747880578041077
0, 748, 753, 17, 9, 0.06529246270656586
0, 171, 341, 15, 18, 0.05729396268725395
0, 599, 653, 11, 11, 0.05660107359290123
0, 189, 401, 23, 18, 0.055260490626096725
0, 578, 719, 39, 35, 0.052208494395017624
0, 415, 571, 12, 9, 0.05158306285738945
0, 613, 673, 17, 24, 0.04811185598373413
0, 18, 18, 36, 34, 0.046236880123615265
0, 625, 661, 22, 21, 0.0460532121360302
0, 429, 653, 27, 19, 0.04210665822029114
0, 461, 641, 22, 24, 0.0412188395857811
0, 641, 739, 11, 15, 0.04105411842465401
0, 1035, 1019, 31, 28, 0.04066669940948486
0, 466, 646, 30, 25, 0.04066639021039009
0, 1038, 19, 28, 27, 0.03946277126669884
