0, 212, 776, 78, 76, 0.7675542235374451
0, 433, 514, 56, 68, 0.645747721195221
0, 648, 187, 55, 43, 0.5051525831222534
0, 287, 629, 48, 65, 0.47748002409935
0, 151, 779, 17, 28, 0.42362916469573975
0, 407, 481, 52, 71, 0.3510580360889435
0, 419, 474, 25, 44, 0.3024507761001587
0, 227, 801, 37, 32, 0.29056695103645325
0, 383, 554, 51, 60, 0.2545281648635864
0, 465, 409, 45, 32, 0.24890652298927307
0, 463, 408, 37, 23, 0.24341696500778198
0, 475, 409, 65, 40, 0.23694871366024017
0, 434, 514, 59, 72, 0.2299950122833252
0, 464, 407, 37, 20, 0.22738134860992432
0, 463, 408, 37, 25, 0.22564464807510376
0, 295, 618, 30, 39, 0.22376614809036255
0, 520, 342, 51, 29, 0.2071998119354248
0, 411, 476, 43, 56, 0.2062545120716095
0, 408, 483, 51, 62, 0.2035953253507614
0, 406, 485, 57, 71, 0.1966443657875061
0, 471, 419, 75, 56, 0.19550947844982147
0, 292, 620, 36, 45, 0.18951691687107086
0, 286, 650, 49, 26, 0.18336708843708038
0, 419, 482, 27, 41, 0.17671231925487518
0, 494, 407, 181, 169, 0.17389126121997833
0, 471, 402, 33, 17, 0.1686421036720276
0, 649, 183, 46, 36, 0.1662003993988037
0, 435, 509, 53, 64, 0.1628999263048172
0, 604, 249, 76, 47, 0.15771354734897614
0, 432, 511, 51, 58, 0.15627893805503845
0, 428, 517, 47, 59, 0.15529181063175201
0, 276, 642, 74, 72, 0.15097083151340485
0, 152, 780, 17, 32, 0.14987525343894958
0, 526, 342, 38, 24, 0.14984150230884552
0, 419, 475, 22, 26, 0.1481875330209732
0, 152, 779, 17, 28, 0.14670315384864807
0, 528, 343, 33, 23, 0.14447560906410217
0, 151, 780, 16, 27, 0.14409340918064117
0, 284, 653, 48, 36, 0.13853995501995087
0, 532, 368, 93, 93, 0.13734887540340424
0, 489, 431, 30, 16, 0.13648706674575806
0, 504, 374, 104, 92, 0.13549134135246277
0, 490, 412, 42, 37, 0.13292911648750305
0, 228, 802, 41, 41, 0.13237011432647705
0, 495, 408, 24, 17, 0.1300348937511444
0, 421, 486, 27, 34, 0.12992987036705017
0, 267, 670, 25, 18, 0.12905021011829376
0, 491, 408, 34, 22, 0.12859439849853516
0, 212, 766, 73, 75, 0.1285732537508011
0, 429, 429, 30, 43, 0.1278558075428009
0, 368, 500, 19, 24, 0.12696659564971924
0, 488, 432, 30, 19, 0.1266614943742752
0, 300, 615, 16, 26, 0.12557557225227356
0, 437, 430, 16, 33, 0.1253962516784668
0, 428, 519, 42, 49, 0.12372306734323502
0, 420, 438, 14, 22, 0.1235160306096077
0, 522, 343, 32, 21, 0.1226363480091095
0, 267, 670, 23, 18, 0.12255996465682983
0, 617, 247, 49, 43, 0.12154480069875717
0, 418, 462, 22, 35, 0.1209205687046051
0, 428, 518, 44, 46, 0.12090671062469482
0, 225, 703, 29, 40, 0.1205972284078598
0, 533, 384, 42, 36, 0.12038911879062653
0, 436, 503, 43, 44, 0.12023532390594482
0, 494, 411, 47, 33, 0.11900550872087479
0, 471, 444, 260, 270, 0.11859436333179474
0, 435, 426, 16, 33, 0.11723501235246658
0, 477, 391, 183, 138, 0.11662386357784271
0, 279, 649, 30, 23, 0.11336342990398407
0, 462, 478, 17, 19, 0.11280566453933716
0, 642, 182, 32, 31, 0.1102333813905716
0, 462, 477, 17, 19, 0.11011892557144165
0, 393, 497, 19, 17, 0.10908519476652145
0, 463, 476, 20, 25, 0.10828197747468948
0, 390, 503, 22, 28, 0.10769779235124588
0, 155, 784, 25, 36, 0.10754191130399704
0, 420, 439, 15, 29, 0.10744154453277588
0, 537, 377, 39, 35, 0.10664955526590347
0, 500, 415, 47, 31, 0.10576833784580231
0, 414, 457, 15, 24, 0.10558212548494339
0, 301, 613, 11, 23, 0.10520117729902267
0, 420, 439, 17, 30, 0.10506406426429749
0, 463, 475, 21, 26, 0.10500578582286835
0, 225, 803, 32, 35, 0.10472897440195084
0, 285, 659, 50, 54, 0.10363366454839706
0, 658, 187, 33, 34, 0.10350894927978516
0, 286, 631, 32, 49, 0.1026950255036354
0, 596, 248, 72, 42, 0.10215368121862411
0, 445, 434, 28, 32, 0.10196634382009506
0, 502, 408, 45, 26, 0.10147138684988022
0, 298, 651, 27, 19, 0.10102380067110062
0, 272, 662, 21, 18, 0.10054519772529602
0, 232, 799, 26, 29, 0.10023374110460281
0, 225, 700, 28, 35, 0.09991477429866791
0, 455, 409, 20, 20, 0.09959090501070023
0, 535, 345, 18, 15, 0.09906996041536331
0, 444, 438, 31, 42, 0.09871160984039307
0, 442, 435, 29, 52, 0.09844094514846802
0, 485, 434, 23, 15, 0.09837304800748825
0, 613, 244, 42, 31, 0.09816977381706238
0, 581, 248, 25, 21, 0.09801775217056274
0, 395, 489, 32, 45, 0.09744398295879364
0, 270, 674, 20, 16, 0.09744322299957275
0, 579, 250, 27, 24, 0.09733860194683075
0, 278, 643, 29, 33, 0.09706999361515045
0, 392, 540, 70, 91, 0.09703662991523743
0, 518, 390, 126, 123, 0.09620631486177444
0, 658, 194, 37, 33, 0.0958477109670639
0, 228, 798, 23, 22, 0.09550195932388306
0, 583, 249, 19, 22, 0.0949670597910881
0, 512, 341, 41, 26, 0.09445291757583618
0, 624, 244, 29, 28, 0.09428325295448303
0, 291, 629, 22, 30, 0.09425825625658035
0, 485, 435, 26, 17, 0.09349921345710754
0, 386, 556, 34, 49, 0.09331788867712021
0, 264, 668, 35, 33, 0.09312234073877335
0, 480, 381, 36, 21, 0.09166939556598663
0, 452, 435, 17, 14, 0.09110983461141586
0, 513, 341, 35, 24, 0.09010004997253418
0, 380, 565, 72, 71, 0.08960624784231186
0, 519, 354, 45, 42, 0.08951268345117569
0, 395, 488, 23, 34, 0.08871640264987946
0, 600, 249, 50, 38, 0.08866342902183533
0, 535, 342, 31, 23, 0.08856680989265442
0, 383, 543, 29, 35, 0.08816950768232346
0, 275, 689, 21, 20, 0.08787208795547485
0, 629, 248, 21, 26, 0.08778196573257446
0, 294, 660, 36, 53, 0.08772347122430801
0, 479, 390, 47, 31, 0.08760792762041092
0, 619, 195, 10, 16, 0.08755145967006683
0, 421, 524, 28, 42, 0.08742857724428177
0, 384, 507, 8, 17, 0.08729209005832672
0, 487, 437, 21, 11, 0.08721179515123367
0, 628, 243, 23, 28, 0.0871216207742691
0, 196, 764, 50, 63, 0.08663776516914368
0, 531, 378, 22, 24, 0.08653973042964935
0, 430, 419, 21, 26, 0.0862506553530693
0, 353, 645, 13, 17, 0.08593108505010605
0, 648, 192, 39, 30, 0.08589217811822891
0, 528, 360, 51, 58, 0.08555100858211517
0, 272, 690, 13, 13, 0.0848938375711441
0, 389, 533, 31, 30, 0.08442311733961105
0, 228, 804, 40, 66, 0.08432498574256897
0, 274, 646, 23, 20, 0.08394476771354675
0, 283, 673, 46, 49, 0.08288662880659103
0, 274, 695, 26, 25, 0.08281415700912476
0, 292, 612, 17, 25, 0.0823591873049736
0, 538, 389, 32, 25, 0.08222029358148575
0, 369, 554, 19, 24, 0.08156701922416687
0, 525, 376, 53, 41, 0.08146648854017258
0, 648, 178, 21, 21, 0.08120822161436081
0, 485, 380, 41, 22, 0.08115985244512558
0, 350, 645, 15, 19, 0.08052829653024673
0, 384, 540, 20, 20, 0.08041863143444061
0, 296, 674, 18, 32, 0.07968825846910477
0, 587, 245, 12, 14, 0.07947602868080139
0, 443, 492, 24, 25, 0.07946111261844635
0, 455, 449, 142, 172, 0.07909191399812698
0, 379, 559, 26, 32, 0.0789102166891098
0, 356, 641, 24, 24, 0.07889488339424133
0, 620, 192, 10, 20, 0.0785810798406601
0, 304, 651, 13, 14, 0.07857945561408997
0, 443, 492, 21, 24, 0.07839649170637131
0, 522, 387, 15, 15, 0.07791393250226974
0, 394, 556, 28, 52, 0.0776476338505745
0, 287, 687, 19, 17, 0.07713256031274796
0, 226, 715, 30, 22, 0.07708874344825745
0, 376, 561, 18, 26, 0.07658630609512329
0, 603, 242, 20, 24, 0.07648850232362747
0, 271, 644, 17, 16, 0.0763140544295311
0, 508, 427, 27, 14, 0.07627124339342117
0, 411, 503, 19, 24, 0.07582902163267136
0, 259, 672, 16, 16, 0.07509896159172058
0, 369, 506, 27, 40, 0.0750407800078392
0, 444, 492, 19, 22, 0.07467750459909439
0, 642, 177, 18, 21, 0.07462236285209656
0, 220, 804, 18, 20, 0.07413418591022491
0, 549, 336, 57, 25, 0.07393499463796616
0, 512, 358, 56, 53, 0.07378624379634857
0, 364, 546, 15, 21, 0.07340680807828903
0, 442, 453, 18, 16, 0.07339857518672943
0, 195, 778, 44, 66, 0.07314113527536392
0, 442, 453, 21, 15, 0.07311203330755234
0, 221, 711, 19, 27, 0.07310032099485397
0, 400, 540, 11, 20, 0.07297743111848831
0, 608, 247, 27, 25, 0.07285326719284058
0, 261, 684, 113, 93, 0.07209976762533188
0, 197, 767, 42, 52, 0.0720416009426117
0, 282, 627, 18, 26, 0.0718841403722763
0, 350, 642, 14, 18, 0.07163412123918533
0, 269, 700, 16, 13, 0.07161270827054977
0, 487, 386, 21, 13, 0.0709635317325592
0, 397, 477, 16, 19, 0.07073165476322174
0, 363, 546, 11, 13, 0.07055237144231796
0, 469, 500, 123, 106, 0.06993687897920609
0, 564, 238, 14, 14, 0.06967493146657944
0, 576, 295, 55, 42, 0.06953403353691101
0, 417, 503, 28, 28, 0.06944248825311661
0, 470, 389, 22, 14, 0.06920488178730011
0, 564, 238, 13, 13, 0.0687374547123909
0, 575, 298, 63, 46, 0.06865502893924713
0, 391, 567, 20, 33, 0.06848349422216415
0, 548, 341, 44, 20, 0.06846979260444641
0, 395, 478, 24, 31, 0.06833864748477936
0, 419, 515, 24, 27, 0.06794305145740509
0, 218, 804, 23, 28, 0.06775766611099243
0, 541, 394, 28, 30, 0.06735114008188248
0, 219, 717, 14, 13, 0.06707819551229477
0, 499, 374, 25, 16, 0.06685823947191238
0, 225, 766, 40, 27, 0.06681720167398453
0, 503, 374, 17, 16, 0.06643524020910263
0, 563, 336, 24, 17, 0.0663592740893364
0, 238, 768, 27, 23, 0.06628961861133575
0, 545, 370, 18, 11, 0.06568585336208344
0, 165, 771, 16, 33, 0.06469642370939255
0, 117, 812, 9, 13, 0.06456618010997772
0, 562, 340, 33, 26, 0.06454037129878998
0, 503, 340, 25, 21, 0.0641091912984848
0, 229, 710, 43, 66, 0.06406532973051071
0, 222, 770, 51, 35, 0.0640372484922409
0, 515, 427, 13, 11, 0.06378765404224396
0, 123, 814, 22, 23, 0.06328821182250977
0, 215, 772, 53, 44, 0.06313120573759079
0, 558, 360, 41, 36, 0.06312841176986694
0, 416, 537, 17, 21, 0.06277977675199509
0, 164, 783, 16, 46, 0.06274113059043884
0, 412, 508, 18, 28, 0.06267200410366058
0, 204, 781, 44, 52, 0.06259023398160934
0, 669, 199, 14, 14, 0.06217263266444206
0, 238, 792, 16, 19, 0.06216030567884445
0, 400, 528, 10, 18, 0.06168925017118454
0, 491, 369, 39, 39, 0.061633750796318054
0, 396, 568, 18, 28, 0.06146591156721115
0, 539, 403, 21, 29, 0.06091566011309624
0, 424, 536, 21, 25, 0.05995548516511917
0, 165, 765, 16, 22, 0.05963781848549843
0, 236, 728, 16, 18, 0.059300921857357025
0, 548, 367, 27, 22, 0.059121306985616684
0, 237, 772, 31, 22, 0.05878349393606186
0, 194, 754, 32, 32, 0.058606307953596115
0, 570, 296, 49, 41, 0.05857895687222481
0, 568, 234, 26, 27, 0.05811193957924843
0, 535, 410, 12, 17, 0.058069124817848206
0, 479, 448, 48, 36, 0.05801146849989891
0, 185, 818, 19, 15, 0.05741585046052933
0, 185, 818, 21, 16, 0.05712762102484703
0, 126, 823, 30, 42, 0.05692360922694206
0, 196, 786, 48, 54, 0.05661449208855629
0, 362, 634, 17, 13, 0.05624819174408913
0, 368, 530, 25, 42, 0.05587217956781387
0, 408, 530, 80, 106, 0.05557004734873772
0, 242, 762, 21, 18, 0.05507974326610565
0, 337, 571, 23, 24, 0.05483865737915039
0, 673, 912, 11, 11, 0.0540195107460022
0, 210, 762, 38, 27, 0.053417421877384186
0, 500, 498, 166, 202, 0.05331990495324135
0, 440, 476, 16, 18, 0.05322667956352234
0, 336, 571, 23, 21, 0.05302926152944565
0, 219, 763, 30, 21, 0.05289400368928909
0, 196, 789, 41, 47, 0.05271868780255318
0, 674, 912, 12, 12, 0.05239992216229439
0, 226, 729, 39, 24, 0.05234856903553009
0, 221, 833, 15, 13, 0.051906537264585495
0, 129, 828, 36, 41, 0.05179222300648689
0, 183, 759, 20, 29, 0.05165703967213631
0, 184, 757, 16, 25, 0.05090984329581261
0, 297, 702, 12, 9, 0.05024750530719757
0, 215, 744, 24, 14, 0.05009177699685097
0, 465, 460, 20, 23, 0.05000827834010124
0, 222, 830, 17, 13, 0.04966925457119942
0, 193, 822, 70, 92, 0.048329491168260574
0, 561, 306, 35, 39, 0.04829874262213707
0, 640, 951, 19, 17, 0.04797850549221039
0, 188, 775, 25, 48, 0.04720190912485123
0, 622, 216, 10, 11, 0.046713937073946
0, 485, 444, 318, 362, 0.04610773175954819
0, 246, 728, 43, 27, 0.04603703320026398
0, 138, 829, 9, 15, 0.04495031759142876
0, 443, 362, 94, 60, 0.04316191002726555
0, 257, 727, 20, 15, 0.04290765896439552
0, 528, 291, 28, 25, 0.04281888157129288
0, 527, 287, 20, 17, 0.04278868809342384
0, 15, 22, 30, 42, 0.04214947298169136
0, 250, 752, 18, 15, 0.041203200817108154
0, 534, 937, 8, 13, 0.03964146226644516
0, 534, 937, 8, 14, 0.039435792714357376
0, 797, 22, 18, 30, 0.039308104664087296
0, 565, 913, 10, 13, 0.03897887468338013
0, 561, 922, 9, 10, 0.03891128674149513
0, 799, 1081, 14, 27, 0.03872691094875336
0, 563, 914, 12, 14, 0.0383700467646122
0, 499, 452, 343, 376, 0.03793271631002426
0, 107, 854, 7, 22, 0.037542253732681274
0, 537, 458, 342, 460, 0.03674287721514702
0, 440, 563, 56, 74, 0.03490107133984566
0, 279, 829, 307, 527, 0.03425106778740883
0, 505, 532, 43, 32, 0.034166451543569565
0, 284, 788, 63, 89, 0.033583808690309525
0, 540, 871, 10, 13, 0.02855278179049492
0, 606, 304, 349, 399, 0.026147743687033653
