0, 270, 382, 69, 54, 0.6909421682357788
0, 319, 615, 50, 33, 0.47774195671081543
0, 270, 424, 34, 34, 0.43409913778305054
0, 298, 587, 30, 37, 0.4217694401741028
0, 300, 695, 72, 75, 0.3995687663555145
0, 302, 699, 75, 86, 0.3864029049873352
0, 284, 681, 26, 24, 0.38629138469696045
0, 305, 653, 65, 49, 0.3838600218296051
0, 339, 661, 34, 31, 0.36538684368133545
0, 283, 685, 29, 28, 0.35576316714286804
0, 313, 657, 85, 64, 0.34335920214653015
0, 311, 473, 55, 58, 0.3429662883281708
0, 339, 661, 35, 28, 0.33319756388664246
0, 296, 505, 30, 19, 0.3313028812408447
0, 318, 614, 46, 31, 0.3236861526966095
0, 317, 614, 44, 30, 0.31384846568107605
0, 305, 465, 34, 34, 0.2978347837924957
0, 304, 704, 18, 16, 0.266706258058548
0, 295, 675, 71, 91, 0.2663130760192871
0, 284, 693, 47, 48, 0.26536208391189575
0, 315, 673, 44, 22, 0.2639898657798767
0, 314, 673, 46, 22, 0.26111605763435364
0, 306, 466, 35, 33, 0.24993367493152618
0, 296, 398, 13, 9, 0.23870716989040375
0, 305, 704, 14, 15, 0.23820528388023376
0, 281, 690, 28, 23, 0.237775519490242
0, 309, 720, 58, 40, 0.2364470511674881
0, 322, 693, 20, 16, 0.23625057935714722
0, 287, 679, 21, 18, 0.2260347306728363
0, 317, 675, 40, 19, 0.2230507880449295
0, 299, 696, 22, 22, 0.22247172892093658
0, 302, 466, 62, 66, 0.2189488261938095
0, 318, 640, 99, 129, 0.21472391486167908
0, 315, 613, 41, 31, 0.20399442315101624
0, 299, 703, 25, 20, 0.20104236900806427
0, 311, 519, 63, 50, 0.2003539353609085
0, 287, 678, 20, 16, 0.19946229457855225
0, 295, 654, 45, 34, 0.19830000400543213
0, 319, 720, 38, 34, 0.19614116847515106
0, 315, 718, 40, 35, 0.195032998919487
0, 293, 654, 39, 32, 0.19358156621456146
0, 333, 653, 46, 50, 0.19260656833648682
0, 302, 695, 22, 25, 0.18795636296272278
0, 322, 688, 23, 20, 0.1841491162776947
0, 296, 398, 14, 10, 0.18336622416973114
0, 296, 697, 18, 17, 0.18302097916603088
0, 307, 698, 32, 22, 0.18256574869155884
0, 319, 691, 13, 13, 0.18026500940322876
0, 309, 671, 31, 21, 0.17794041335582733
0, 288, 679, 19, 15, 0.17709094285964966
0, 296, 720, 75, 44, 0.17606940865516663
0, 339, 665, 35, 26, 0.17599599063396454
0, 294, 659, 42, 30, 0.1755886822938919
0, 298, 714, 38, 34, 0.1750340312719345
0, 296, 704, 29, 20, 0.17412666976451874
0, 296, 465, 96, 134, 0.17279857397079468
0, 284, 695, 32, 21, 0.17247481644153595
0, 327, 696, 10, 7, 0.17207804322242737
0, 312, 668, 39, 15, 0.17117103934288025
0, 301, 465, 22, 29, 0.17036035656929016
0, 318, 690, 10, 12, 0.1674942970275879
0, 320, 621, 48, 29, 0.16681735217571259
0, 300, 467, 20, 26, 0.16503402590751648
0, 297, 505, 30, 21, 0.1637229174375534
0, 296, 714, 32, 23, 0.16341285407543182
0, 311, 718, 40, 36, 0.16278181970119476
0, 314, 642, 57, 29, 0.16260628402233124
0, 270, 424, 34, 30, 0.16110552847385406
0, 321, 641, 49, 22, 0.1603718101978302
0, 301, 425, 28, 29, 0.15808962285518646
0, 266, 363, 65, 82, 0.15767189860343933
0, 296, 664, 48, 22, 0.15553662180900574
0, 291, 506, 44, 28, 0.15546850860118866
0, 304, 461, 24, 27, 0.15421922504901886
0, 296, 506, 32, 17, 0.1542007029056549
0, 325, 642, 40, 20, 0.15336832404136658
0, 321, 669, 37, 15, 0.1531004011631012
0, 334, 648, 33, 21, 0.15286950767040253
0, 316, 574, 97, 209, 0.15279611945152283
0, 303, 687, 12, 12, 0.14944708347320557
0, 291, 660, 38, 27, 0.1492425501346588
0, 321, 482, 32, 27, 0.14872708916664124
0, 320, 642, 42, 19, 0.1475415974855423
0, 313, 727, 35, 22, 0.14646734297275543
0, 315, 669, 33, 13, 0.14584586024284363
0, 254, 730, 32, 28, 0.14419865608215332
0, 316, 707, 33, 17, 0.1441003829240799
0, 295, 506, 29, 20, 0.14381857216358185
0, 299, 587, 31, 33, 0.14309071004390717
0, 340, 629, 19, 15, 0.1393008828163147
0, 247, 374, 21, 34, 0.13919761776924133
0, 318, 641, 45, 22, 0.13914231956005096
0, 309, 682, 145, 163, 0.13770465552806854
0, 308, 458, 22, 25, 0.13711854815483093
0, 310, 683, 31, 23, 0.1371012181043625
0, 296, 397, 14, 13, 0.1367272585630417
0, 297, 687, 30, 24, 0.13658642768859863
0, 315, 483, 43, 29, 0.13653743267059326
0, 328, 646, 44, 33, 0.13455238938331604
0, 296, 397, 15, 13, 0.13405245542526245
0, 254, 730, 34, 31, 0.13379308581352234
0, 253, 730, 32, 26, 0.1336737871170044
0, 248, 372, 21, 31, 0.13228410482406616
0, 299, 421, 23, 21, 0.1315661519765854
0, 248, 377, 22, 32, 0.1309572011232376
0, 297, 468, 20, 22, 0.1287989318370819
0, 345, 664, 24, 22, 0.12853801250457764
0, 342, 630, 20, 14, 0.12820912897586823
0, 313, 610, 27, 19, 0.12753522396087646
0, 265, 389, 55, 47, 0.12747830152511597
0, 303, 714, 32, 22, 0.127223938703537
0, 282, 430, 62, 55, 0.12682922184467316
0, 338, 650, 27, 18, 0.12679122388362885
0, 259, 703, 12, 10, 0.1265145093202591
0, 259, 703, 12, 10, 0.12540718913078308
0, 342, 630, 18, 14, 0.12520486116409302
0, 309, 643, 48, 27, 0.12471739947795868
0, 322, 703, 27, 17, 0.12408865988254547
0, 276, 693, 17, 16, 0.12380030751228333
0, 333, 640, 28, 16, 0.12317294627428055
0, 269, 708, 31, 22, 0.12224019318819046
0, 288, 658, 30, 31, 0.1221393421292305
0, 269, 423, 31, 26, 0.12204036116600037
0, 260, 703, 13, 12, 0.12145034223794937
0, 299, 589, 30, 27, 0.12089230865240097
0, 271, 713, 12, 11, 0.12082835286855698
0, 328, 717, 28, 27, 0.1203722432255745
0, 309, 482, 37, 22, 0.11960231512784958
0, 289, 706, 21, 17, 0.11909102648496628
0, 346, 666, 23, 18, 0.11665557324886322
0, 280, 703, 33, 19, 0.11632196605205536
0, 320, 727, 25, 15, 0.11616246402263641
0, 293, 438, 11, 18, 0.115281842648983
0, 296, 586, 26, 32, 0.11460167914628983
0, 315, 729, 31, 17, 0.11449957638978958
0, 326, 675, 24, 11, 0.11444217711687088
0, 311, 640, 46, 24, 0.11439698189496994
0, 276, 689, 15, 19, 0.11369195580482483
0, 269, 420, 31, 20, 0.11191742867231369
0, 300, 670, 45, 17, 0.11122191697359085
0, 273, 710, 21, 17, 0.11093109846115112
0, 302, 504, 21, 14, 0.11085869371891022
0, 310, 615, 28, 24, 0.1108093336224556
0, 326, 481, 24, 26, 0.10979261249303818
0, 261, 392, 52, 44, 0.10888782143592834
0, 293, 438, 14, 22, 0.1083076223731041
0, 298, 513, 34, 57, 0.10705283284187317
0, 316, 609, 20, 18, 0.10657398402690887
0, 303, 649, 38, 22, 0.10633096098899841
0, 158, 211, 15, 20, 0.10624227672815323
0, 273, 694, 12, 13, 0.10561392456293106
0, 324, 727, 22, 12, 0.10445921123027802
0, 338, 632, 28, 18, 0.10377416759729385
0, 299, 442, 18, 19, 0.10367761552333832
0, 298, 436, 23, 28, 0.10363376140594482
0, 306, 606, 42, 30, 0.1022610068321228
0, 310, 484, 34, 20, 0.10214576125144958
0, 158, 211, 14, 20, 0.10113178193569183
0, 325, 682, 24, 15, 0.10091301053762436
0, 274, 713, 21, 14, 0.10037161409854889
0, 339, 622, 21, 20, 0.10034750401973724
0, 292, 437, 18, 21, 0.1003355160355568
0, 309, 640, 39, 25, 0.1000407263636589
0, 280, 346, 14, 22, 0.09990286082029343
0, 272, 430, 26, 19, 0.09981715679168701
0, 306, 667, 23, 13, 0.09909647703170776
0, 275, 340, 23, 34, 0.0987706407904625
0, 158, 212, 15, 25, 0.09796513617038727
0, 250, 380, 26, 41, 0.09765313565731049
0, 296, 420, 15, 13, 0.09738029539585114
0, 329, 517, 23, 29, 0.0972164198756218
0, 303, 445, 21, 20, 0.09715888649225235
0, 322, 487, 29, 20, 0.09715109318494797
0, 347, 693, 21, 22, 0.09683854877948761
0, 327, 717, 22, 18, 0.096486896276474
0, 288, 716, 17, 13, 0.09584585577249527
0, 278, 381, 40, 31, 0.09534876048564911
0, 328, 701, 16, 12, 0.09501539170742035
0, 287, 729, 15, 14, 0.09501294791698456
0, 326, 489, 30, 24, 0.09499810636043549
0, 278, 467, 20, 40, 0.09448908269405365
0, 260, 392, 47, 41, 0.09445414692163467
0, 159, 211, 12, 19, 0.09422988444566727
0, 330, 618, 22, 20, 0.09414005279541016
0, 279, 469, 21, 29, 0.09402009099721909
0, 281, 663, 14, 19, 0.09285413473844528
0, 349, 692, 16, 16, 0.09118551760911942
0, 330, 673, 19, 13, 0.09069656580686569
0, 275, 345, 24, 40, 0.09066277742385864
0, 283, 718, 32, 15, 0.09059912711381912
0, 280, 664, 12, 18, 0.09025722742080688
0, 317, 484, 25, 19, 0.08987285196781158
0, 303, 592, 22, 22, 0.08961574733257294
0, 269, 431, 26, 25, 0.08850391209125519
0, 334, 619, 22, 19, 0.08844271302223206
0, 333, 627, 35, 20, 0.08818739652633667
0, 324, 519, 32, 23, 0.08810120820999146
0, 271, 416, 28, 13, 0.08808944374322891
0, 302, 483, 20, 12, 0.08776705712080002
0, 330, 661, 15, 14, 0.08758380264043808
0, 326, 516, 23, 25, 0.0872049629688263
0, 246, 370, 17, 25, 0.08719149976968765
0, 352, 590, 18, 45, 0.08687347173690796
0, 304, 484, 28, 19, 0.08654585480690002
0, 286, 505, 38, 20, 0.08652731031179428
0, 321, 474, 23, 22, 0.08597540855407715
0, 333, 524, 17, 24, 0.08485980331897736
0, 297, 417, 18, 12, 0.08441697061061859
0, 262, 703, 20, 12, 0.08385323733091354
0, 305, 591, 17, 19, 0.08366972953081131
0, 299, 485, 21, 11, 0.0835999995470047
0, 253, 379, 32, 30, 0.083310566842556
0, 300, 730, 42, 20, 0.08299171924591064
0, 289, 729, 20, 14, 0.08245919644832611
0, 300, 484, 21, 16, 0.08233097195625305
0, 305, 436, 14, 14, 0.08146363496780396
0, 306, 729, 25, 17, 0.08078748732805252
0, 330, 523, 21, 20, 0.08076725900173187
0, 310, 533, 16, 12, 0.08052552491426468
0, 331, 679, 16, 9, 0.08029145747423172
0, 304, 533, 30, 20, 0.07990129292011261
0, 304, 528, 31, 26, 0.07883542776107788
0, 344, 653, 15, 10, 0.07865677773952484
0, 269, 387, 34, 39, 0.07854889333248138
0, 214, 274, 19, 19, 0.07777120918035507
0, 247, 730, 18, 19, 0.07699371129274368
0, 352, 584, 14, 32, 0.07678690552711487
0, 318, 468, 17, 14, 0.07665205746889114
0, 269, 380, 37, 27, 0.0761747807264328
0, 265, 420, 24, 21, 0.07572754472494125
0, 288, 465, 19, 25, 0.07560576498508453
0, 318, 523, 35, 29, 0.0748954638838768
0, 214, 275, 18, 19, 0.07472062855958939
0, 298, 527, 30, 18, 0.07467855513095856
0, 216, 165, 13, 15, 0.0742008313536644
0, 286, 381, 32, 26, 0.07381621748209
0, 311, 524, 13, 14, 0.0729360356926918
0, 266, 731, 58, 29, 0.07285479456186295
0, 331, 783, 11, 10, 0.07281257957220078
0, 280, 461, 19, 27, 0.0727728083729744
0, 289, 463, 18, 24, 0.07203147560358047
0, 237, 313, 31, 23, 0.0716613233089447
0, 270, 367, 24, 18, 0.07128122448921204
0, 350, 632, 10, 11, 0.06991751492023468
0, 217, 271, 13, 11, 0.06929051876068115
0, 252, 754, 22, 18, 0.06916949152946472
0, 290, 608, 8, 12, 0.0687146931886673
0, 290, 609, 8, 12, 0.06871053576469421
0, 315, 735, 23, 11, 0.06859207898378372
0, 337, 597, 50, 70, 0.06768659502267838
0, 274, 476, 12, 21, 0.06725546717643738
0, 330, 778, 18, 20, 0.06710107624530792
0, 224, 295, 18, 17, 0.06666702032089233
0, 333, 776, 21, 20, 0.06656404584646225
0, 329, 783, 18, 18, 0.06580502539873123
0, 252, 757, 22, 22, 0.06562456488609314
0, 331, 726, 20, 10, 0.06561201810836792
0, 275, 353, 25, 34, 0.06553806364536285
0, 269, 408, 36, 19, 0.06545590609312057
0, 292, 527, 26, 17, 0.06431479007005692
0, 175, 137, 5, 11, 0.06414811313152313
0, 272, 357, 25, 33, 0.06301837414503098
0, 226, 295, 23, 20, 0.06293055415153503
0, 214, 282, 9, 7, 0.06292085349559784
0, 175, 135, 5, 12, 0.06283945590257645
0, 352, 632, 13, 15, 0.062374554574489594
0, 298, 777, 21, 23, 0.06234361603856087
0, 294, 367, 15, 10, 0.06198112666606903
0, 274, 381, 27, 23, 0.061691202223300934
0, 279, 447, 9, 10, 0.06135040521621704
0, 338, 771, 21, 20, 0.06113060563802719
0, 232, 317, 18, 15, 0.06092222407460213
0, 260, 400, 38, 26, 0.0599539577960968
0, 241, 361, 9, 13, 0.05975470319390297
0, 353, 614, 7, 11, 0.059678442776203156
0, 247, 303, 9, 12, 0.05957883223891258
0, 241, 361, 9, 11, 0.0594588927924633
0, 263, 405, 41, 20, 0.05931907892227173
0, 246, 305, 13, 19, 0.05893700197339058
0, 333, 498, 14, 14, 0.05869912728667259
0, 292, 378, 24, 20, 0.057942211627960205
0, 239, 337, 9, 14, 0.057910505682229996
0, 215, 319, 17, 21, 0.05781197175383568
0, 341, 764, 18, 14, 0.057324882596731186
0, 275, 502, 15, 17, 0.05719102919101715
0, 252, 400, 25, 24, 0.05683448538184166
0, 232, 291, 18, 16, 0.056647442281246185
0, 266, 320, 17, 27, 0.056569330394268036
0, 409, 7, 44, 14, 0.055909208953380585
0, 329, 533, 15, 18, 0.05467037856578827
0, 292, 389, 19, 20, 0.05455721169710159
0, 352, 602, 21, 36, 0.05287269875407219
0, 315, 783, 58, 49, 0.0521233007311821
0, 390, 6, 30, 13, 0.05165352299809456
0, 336, 584, 30, 22, 0.05028083175420761
0, 222, 314, 20, 16, 0.048877425491809845
0, 432, 9, 42, 18, 0.046775829046964645
0, 263, 502, 7, 10, 0.04323490709066391
0, 466, 13, 15, 22, 0.042279910296201706
0, 237, 394, 5, 14, 0.03735172376036644
