0, 853, 1131, 95, 74, 0.6784182190895081
0, 329, 367, 37, 68, 0.6067246794700623
0, 329, 369, 36, 65, 0.5910891890525818
0, 422, 447, 98, 113, 0.5565966367721558
0, 625, 701, 90, 82, 0.4795520305633545
0, 196, 201, 80, 56, 0.4626399576663971
0, 342, 332, 17, 21, 0.422572523355484
0, 116, 109, 23, 17, 0.3780685067176819
0, 281, 254, 82, 65, 0.3648748993873596
0, 114, 93, 35, 43, 0.35187944769859314
0, 552, 598, 56, 39, 0.2986108362674713
0, 117, 108, 23, 16, 0.24581597745418549
0, 88, 91, 12, 16, 0.23902256786823273
0, 341, 331, 16, 19, 0.21206282079219818
0, 858, 1129, 87, 78, 0.2055172175168991
0, 635, 694, 63, 58, 0.2009677141904831
0, 813, 1050, 46, 32, 0.1955386847257614
0, 111, 97, 38, 43, 0.19552145898342133
0, 195, 204, 77, 46, 0.19153159856796265
0, 201, 201, 70, 56, 0.19125306606292725
0, 822, 1052, 73, 96, 0.1903216391801834
0, 145, 103, 21, 15, 0.18558046221733093
0, 209, 194, 78, 63, 0.18336915969848633
0, 819, 983, 39, 42, 0.18308505415916443
0, 341, 332, 19, 25, 0.17934376001358032
0, 557, 598, 55, 35, 0.17861731350421906
0, 806, 1028, 31, 21, 0.17280417680740356
0, 805, 1028, 27, 19, 0.17156243324279785
0, 112, 84, 29, 31, 0.16849195957183838
0, 552, 602, 64, 61, 0.16716447472572327
0, 222, 178, 28, 20, 0.16693620383739471
0, 356, 304, 36, 31, 0.16505864262580872
0, 627, 706, 78, 61, 0.16293010115623474
0, 560, 669, 262, 294, 0.16125214099884033
0, 815, 984, 47, 44, 0.16002114117145538
0, 564, 621, 112, 98, 0.1595335453748703
0, 356, 304, 33, 27, 0.1590801477432251
0, 356, 305, 34, 24, 0.15903836488723755
0, 635, 690, 52, 42, 0.15882377326488495
0, 816, 1049, 47, 28, 0.1584818959236145
0, 416, 428, 80, 51, 0.1580108255147934
0, 815, 1048, 44, 27, 0.15783554315567017
0, 564, 668, 263, 351, 0.15738214552402496
0, 144, 98, 20, 17, 0.15695543587207794
0, 805, 1031, 32, 23, 0.15577928721904755
0, 822, 1073, 187, 262, 0.15567313134670258
0, 557, 604, 58, 38, 0.15347349643707275
0, 122, 91, 46, 32, 0.15125702321529388
0, 175, 209, 27, 22, 0.15085384249687195
0, 594, 633, 23, 22, 0.14975883066654205
0, 178, 208, 26, 24, 0.14748184382915497
0, 555, 594, 39, 32, 0.14742138981819153
0, 427, 453, 99, 105, 0.14651745557785034
0, 355, 305, 30, 27, 0.14222806692123413
0, 328, 369, 31, 60, 0.1397445797920227
0, 210, 176, 55, 26, 0.13938704133033752
0, 149, 105, 17, 12, 0.13886231184005737
0, 213, 204, 35, 40, 0.13750781118869781
0, 564, 681, 35, 25, 0.13475869596004486
0, 812, 1040, 45, 36, 0.13449807465076447
0, 114, 79, 27, 18, 0.13446380198001862
0, 115, 121, 16, 13, 0.1339568942785263
0, 584, 737, 227, 169, 0.13334010541439056
0, 290, 258, 60, 54, 0.13237299025058746
0, 813, 1058, 59, 70, 0.1321057379245758
0, 212, 147, 15, 18, 0.13196107745170593
0, 820, 990, 40, 37, 0.13188108801841736
0, 565, 684, 38, 36, 0.1290941685438156
0, 219, 192, 36, 48, 0.12724053859710693
0, 408, 427, 69, 54, 0.12678563594818115
0, 329, 372, 28, 53, 0.12666922807693481
0, 129, 77, 17, 14, 0.1253393590450287
0, 806, 988, 53, 46, 0.12468137592077255
0, 649, 748, 23, 23, 0.12374783307313919
0, 196, 196, 51, 30, 0.1235487312078476
0, 817, 973, 28, 20, 0.12326179444789886
0, 625, 690, 63, 39, 0.12273667752742767
0, 543, 604, 33, 28, 0.12257564067840576
0, 639, 699, 47, 49, 0.12188947200775146
0, 425, 425, 51, 40, 0.12177558988332748
0, 821, 1024, 67, 30, 0.12098019570112228
0, 324, 370, 30, 61, 0.12049802392721176
0, 435, 430, 48, 38, 0.11929868161678314
0, 665, 805, 31, 31, 0.11916013062000275
0, 104, 90, 26, 26, 0.11904723197221756
0, 427, 428, 48, 34, 0.11805842071771622
0, 593, 629, 48, 44, 0.11760175228118896
0, 622, 715, 62, 49, 0.11745118349790573
0, 88, 81, 18, 24, 0.11626217514276505
0, 180, 194, 38, 28, 0.11584506183862686
0, 123, 126, 19, 12, 0.11486253142356873
0, 328, 374, 29, 52, 0.11439855396747589
0, 561, 679, 26, 19, 0.11422587931156158
0, 579, 707, 312, 400, 0.1139395609498024
0, 667, 803, 25, 24, 0.11325432360172272
0, 190, 172, 26, 18, 0.11312735825777054
0, 818, 970, 24, 21, 0.11305403709411621
0, 370, 341, 27, 24, 0.11252851039171219
0, 826, 1052, 55, 31, 0.11236574500799179
0, 595, 628, 43, 40, 0.11202392727136612
0, 427, 439, 70, 44, 0.11158855259418488
0, 638, 690, 36, 33, 0.11048268526792526
0, 584, 637, 53, 45, 0.11045682430267334
0, 621, 679, 63, 39, 0.11024004966020584
0, 531, 628, 175, 154, 0.11006142199039459
0, 598, 631, 49, 34, 0.10934252291917801
0, 821, 991, 64, 68, 0.10917545855045319
0, 560, 625, 226, 206, 0.10858569294214249
0, 370, 340, 25, 24, 0.10853583365678787
0, 591, 600, 180, 162, 0.10790383070707321
0, 828, 1079, 46, 29, 0.10728570818901062
0, 513, 549, 119, 68, 0.10598591715097427
0, 175, 193, 32, 24, 0.10582536458969116
0, 534, 611, 20, 16, 0.10495898872613907
0, 527, 554, 231, 125, 0.10487066954374313
0, 370, 340, 23, 19, 0.10450194776058197
0, 228, 179, 19, 18, 0.10432807356119156
0, 613, 679, 67, 37, 0.10371311753988266
0, 652, 748, 28, 30, 0.10336872935295105
0, 187, 174, 24, 14, 0.10303698480129242
0, 833, 1078, 36, 25, 0.10279930382966995
0, 192, 169, 27, 20, 0.1020825058221817
0, 627, 690, 41, 32, 0.10207857191562653
0, 861, 1131, 70, 61, 0.10200852900743484
0, 574, 681, 51, 26, 0.10065355151891708
0, 551, 639, 26, 21, 0.10059840232133865
0, 369, 339, 22, 18, 0.10021434724330902
0, 531, 617, 22, 20, 0.09913047403097153
0, 557, 587, 33, 25, 0.09884277731180191
0, 663, 807, 21, 24, 0.09880585223436356
0, 357, 318, 42, 61, 0.09867449849843979
0, 570, 649, 18, 20, 0.09854532778263092
0, 211, 196, 24, 28, 0.09844164550304413
0, 802, 1058, 22, 22, 0.09813409298658371
0, 823, 958, 26, 15, 0.09779325127601624
0, 437, 441, 58, 40, 0.09748063236474991
0, 816, 921, 28, 42, 0.0971936285495758
0, 438, 483, 46, 34, 0.09708183258771896
0, 817, 1074, 60, 36, 0.0969654843211174
0, 218, 208, 28, 26, 0.0966745987534523
0, 832, 1081, 40, 26, 0.09633272141218185
0, 104, 79, 19, 20, 0.0962255522608757
0, 580, 645, 41, 38, 0.09611882269382477
0, 439, 473, 63, 63, 0.09559307247400284
0, 860, 1139, 73, 62, 0.0948854312300682
0, 446, 485, 36, 33, 0.09477735310792923
0, 417, 441, 68, 40, 0.09448365867137909
0, 281, 250, 48, 46, 0.0942738875746727
0, 854, 1130, 73, 58, 0.0937008410692215
0, 570, 603, 47, 34, 0.09350531548261642
0, 106, 108, 15, 16, 0.09322095662355423
0, 816, 923, 32, 49, 0.09293664246797562
0, 283, 261, 42, 44, 0.09255581349134445
0, 612, 685, 64, 36, 0.09249497950077057
0, 176, 184, 29, 16, 0.09236487001180649
0, 648, 746, 44, 47, 0.09223423898220062
0, 441, 485, 37, 31, 0.0921737551689148
0, 400, 420, 47, 33, 0.09180137515068054
0, 188, 169, 17, 13, 0.09131826460361481
0, 90, 102, 11, 15, 0.09095650911331177
0, 254, 225, 24, 28, 0.09002667665481567
0, 541, 631, 54, 51, 0.08985908329486847
0, 844, 1019, 33, 29, 0.08976875990629196
0, 855, 1139, 74, 59, 0.08955185860395432
0, 845, 1020, 29, 27, 0.08891844004392624
0, 843, 1017, 33, 36, 0.08779392391443253
0, 822, 1087, 36, 20, 0.086479552090168
0, 441, 486, 28, 30, 0.0862533301115036
0, 549, 649, 19, 11, 0.08556071668863297
0, 291, 248, 43, 40, 0.08538690954446793
0, 559, 641, 47, 33, 0.08516084402799606
0, 593, 684, 30, 24, 0.08464805781841278
0, 561, 674, 35, 26, 0.08457652479410172
0, 815, 1093, 45, 30, 0.08448663353919983
0, 386, 422, 27, 30, 0.08304069936275482
0, 387, 421, 27, 29, 0.08288345485925674
0, 610, 701, 61, 64, 0.08237765729427338
0, 414, 417, 36, 31, 0.08226938545703888
0, 818, 933, 33, 30, 0.08172135055065155
0, 530, 537, 53, 41, 0.08154580742120743
0, 534, 539, 63, 44, 0.08107589930295944
0, 256, 223, 23, 25, 0.08098654448986053
0, 564, 568, 31, 20, 0.08064497262239456
0, 799, 1068, 27, 33, 0.08064309507608414
0, 304, 262, 35, 43, 0.08053793013095856
0, 541, 644, 47, 34, 0.08036735653877258
0, 814, 908, 15, 18, 0.08015397936105728
0, 268, 247, 57, 48, 0.0800173208117485
0, 641, 746, 46, 30, 0.07942406088113785
0, 211, 153, 21, 18, 0.0793268233537674
0, 428, 478, 44, 30, 0.07903818041086197
0, 392, 435, 36, 46, 0.07851055264472961
0, 412, 382, 19, 18, 0.07847694307565689
0, 609, 722, 34, 34, 0.07840033620595932
0, 593, 695, 35, 33, 0.07771781086921692
0, 633, 729, 61, 42, 0.07752790302038193
0, 734, 865, 18, 15, 0.07709452509880066
0, 815, 1105, 40, 23, 0.0769958645105362
0, 395, 457, 30, 41, 0.07690279185771942
0, 734, 865, 18, 13, 0.0764581561088562
0, 507, 542, 83, 43, 0.07550778239965439
0, 527, 626, 24, 27, 0.07548820972442627
0, 426, 481, 53, 33, 0.07544376701116562
0, 628, 669, 32, 23, 0.07528481632471085
0, 452, 479, 43, 39, 0.07527723163366318
0, 380, 425, 14, 18, 0.07504455000162125
0, 428, 477, 28, 25, 0.07440746575593948
0, 638, 759, 182, 206, 0.07433468848466873
0, 534, 535, 43, 28, 0.07403705269098282
0, 700, 787, 21, 23, 0.07379692792892456
0, 557, 671, 27, 18, 0.07365622371435165
0, 623, 822, 181, 121, 0.07318100333213806
0, 821, 941, 39, 42, 0.07294127345085144
0, 559, 571, 46, 25, 0.07281013578176498
0, 795, 989, 32, 29, 0.0723041445016861
0, 543, 584, 44, 29, 0.07222448289394379
0, 398, 448, 31, 28, 0.07214047759771347
0, 259, 259, 201, 145, 0.07213899493217468
0, 270, 258, 46, 40, 0.0714777410030365
0, 252, 241, 26, 40, 0.07091043144464493
0, 650, 738, 32, 29, 0.0708823874592781
0, 822, 938, 40, 52, 0.07079609483480453
0, 400, 387, 48, 33, 0.07079111784696579
0, 588, 619, 43, 36, 0.07054337859153748
0, 576, 673, 55, 31, 0.07050134241580963
0, 705, 867, 17, 26, 0.06955308467149734
0, 848, 1147, 79, 69, 0.06911111623048782
0, 526, 532, 34, 26, 0.06893735378980637
0, 213, 222, 20, 14, 0.06855859607458115
0, 650, 721, 34, 27, 0.06783699989318848
0, 790, 984, 22, 20, 0.06699268519878387
0, 500, 548, 75, 43, 0.06679388135671616
0, 1012, 1333, 155, 48, 0.06562378257513046
0, 403, 460, 46, 56, 0.06561668962240219
0, 653, 726, 37, 38, 0.06548432260751724
0, 185, 132, 17, 13, 0.0652393251657486
0, 287, 271, 29, 26, 0.06519505381584167
0, 543, 540, 44, 30, 0.06505278497934341
0, 303, 247, 24, 30, 0.06458529829978943
0, 322, 348, 18, 34, 0.06454362720251083
0, 531, 581, 21, 18, 0.06436986476182938
0, 695, 786, 41, 32, 0.06407705694437027
0, 544, 538, 34, 27, 0.06340491026639938
0, 479, 560, 38, 23, 0.06299285590648651
0, 687, 792, 56, 47, 0.0628763735294342
0, 700, 858, 18, 34, 0.06284535676240921
0, 839, 1140, 54, 57, 0.06283809244632721
0, 708, 874, 16, 20, 0.0626145750284195
0, 605, 725, 388, 426, 0.061700910329818726
0, 478, 568, 35, 30, 0.06086530163884163
0, 788, 981, 19, 21, 0.06074589118361473
0, 891, 1155, 17, 18, 0.06048429757356644
0, 186, 221, 59, 86, 0.059869248420000076
0, 668, 747, 33, 36, 0.059666745364665985
0, 756, 940, 32, 41, 0.05933085456490517
0, 279, 235, 34, 28, 0.05929317697882652
0, 382, 388, 19, 17, 0.05921567603945732
0, 822, 1109, 33, 17, 0.059088271111249924
0, 709, 878, 14, 20, 0.05858629569411278
0, 789, 1073, 40, 35, 0.0585082583129406
0, 489, 559, 61, 32, 0.05823848024010658
0, 169, 128, 14, 14, 0.05817132815718651
0, 708, 878, 17, 27, 0.058130744844675064
0, 184, 139, 18, 14, 0.057950835675001144
0, 114, 138, 13, 11, 0.05778757482767105
0, 211, 259, 25, 16, 0.05617418512701988
0, 405, 478, 31, 28, 0.05574539303779602
0, 201, 260, 19, 16, 0.05493788421154022
0, 387, 388, 31, 28, 0.05479538440704346
0, 880, 1127, 33, 44, 0.054112788289785385
0, 378, 390, 37, 30, 0.05410553142428398
0, 762, 935, 19, 22, 0.05392501875758171
0, 760, 949, 17, 21, 0.053757183253765106
0, 823, 1172, 28, 32, 0.05339797958731651
0, 525, 516, 22, 10, 0.053049977868795395
0, 329, 343, 23, 32, 0.052969690412282944
0, 867, 1112, 43, 34, 0.05276952683925629
0, 236, 263, 19, 17, 0.052436113357543945
0, 703, 838, 22, 19, 0.05226772651076317
0, 311, 384, 12, 24, 0.05201442167162895
0, 874, 1175, 441, 477, 0.051442161202430725
0, 828, 1208, 15, 14, 0.05123855546116829
0, 838, 1122, 44, 35, 0.05105321854352951
0, 222, 261, 23, 16, 0.050906404852867126
0, 1078, 1341, 28, 25, 0.05080540478229523
0, 110, 165, 14, 12, 0.04947655275464058
0, 482, 475, 24, 20, 0.04893992096185684
0, 646, 1313, 20, 20, 0.047300927340984344
0, 110, 168, 16, 14, 0.047263044863939285
0, 468, 478, 33, 22, 0.04713861271739006
0, 480, 475, 26, 18, 0.04682670533657074
0, 373, 392, 29, 24, 0.04433885216712952
0, 838, 1163, 80, 131, 0.04333939775824547
0, 600, 786, 83, 93, 0.04047870635986328
0, 788, 1110, 11, 17, 0.03977692499756813
0, 15, 22, 30, 39, 0.03966177999973297
0, 1078, 31, 28, 42, 0.039044953882694244
0, 13, 1335, 30, 42, 0.037034835666418076
0, 394, 504, 74, 101, 0.03582476079463959
0, 855, 1179, 225, 242, 0.030944064259529114
