0, 136, 223, 51, 29, 0.643686830997467
0, 248, 469, 41, 37, 0.6326596736907959
0, 680, 641, 41, 63, 0.6127338409423828
0, 680, 641, 42, 64, 0.6100500822067261
0, 778, 641, 80, 72, 0.6010040044784546
0, 652, 776, 24, 33, 0.5830305218696594
0, 185, 280, 74, 74, 0.5824667811393738
0, 236, 499, 16, 16, 0.5798912048339844
0, 236, 499, 16, 16, 0.5778085589408875
0, 211, 353, 55, 46, 0.5730043053627014
0, 820, 763, 41, 24, 0.5728843212127686
0, 250, 528, 37, 25, 0.5503819584846497
0, 118, 258, 19, 21, 0.5493083000183105
0, 756, 671, 27, 39, 0.5461183190345764
0, 495, 594, 47, 37, 0.4942377209663391
0, 188, 310, 59, 36, 0.46883025765419006
0, 99, 232, 25, 28, 0.4526406526565552
0, 511, 788, 41, 36, 0.42649295926094055
0, 509, 789, 39, 30, 0.38523268699645996
0, 194, 332, 26, 14, 0.36184167861938477
0, 519, 794, 76, 59, 0.3534686863422394
0, 494, 606, 49, 65, 0.3068874478340149
0, 250, 528, 36, 24, 0.25957953929901123
0, 187, 271, 81, 83, 0.2505571246147156
0, 248, 470, 40, 34, 0.23130762577056885
0, 135, 223, 55, 29, 0.23073121905326843
0, 248, 470, 42, 31, 0.22890324890613556
0, 136, 222, 61, 31, 0.22852759063243866
0, 482, 846, 27, 26, 0.22809386253356934
0, 522, 885, 37, 35, 0.22805164754390717
0, 118, 258, 18, 22, 0.22297751903533936
0, 187, 309, 57, 29, 0.22263093292713165
0, 308, 605, 19, 20, 0.22155140340328217
0, 190, 303, 85, 106, 0.2190292477607727
0, 247, 470, 39, 31, 0.20971104502677917
0, 248, 470, 36, 32, 0.2064843773841858
0, 524, 746, 22, 24, 0.19783279299736023
0, 100, 232, 24, 30, 0.19677770137786865
0, 756, 671, 30, 40, 0.1966770887374878
0, 180, 269, 62, 62, 0.1963048279285431
0, 820, 766, 42, 31, 0.19602744281291962
0, 99, 232, 26, 32, 0.19595707952976227
0, 245, 469, 35, 32, 0.19567640125751495
0, 525, 747, 22, 24, 0.195308655500412
0, 307, 605, 15, 17, 0.1930788904428482
0, 756, 671, 29, 42, 0.19267266988754272
0, 510, 785, 27, 30, 0.19089363515377045
0, 325, 574, 29, 28, 0.18912367522716522
0, 191, 319, 50, 41, 0.18742883205413818
0, 295, 558, 19, 21, 0.18614093959331512
0, 823, 764, 39, 22, 0.18278667330741882
0, 140, 224, 47, 27, 0.1825430691242218
0, 126, 227, 75, 39, 0.1813785433769226
0, 234, 321, 24, 20, 0.1800769865512848
0, 178, 275, 62, 67, 0.17867445945739746
0, 102, 233, 21, 28, 0.17432540655136108
0, 529, 747, 38, 50, 0.17385262250900269
0, 325, 574, 30, 30, 0.17204901576042175
0, 483, 842, 22, 17, 0.17026165127754211
0, 134, 224, 50, 29, 0.17024290561676025
0, 532, 754, 40, 34, 0.1676204353570938
0, 523, 885, 42, 39, 0.16755671799182892
0, 255, 517, 49, 50, 0.16594727337360382
0, 259, 489, 17, 10, 0.1658664047718048
0, 253, 528, 29, 24, 0.16471143066883087
0, 327, 572, 24, 19, 0.16269639134407043
0, 523, 737, 19, 27, 0.16211509704589844
0, 259, 527, 21, 23, 0.1606123447418213
0, 503, 796, 35, 30, 0.16053655743598938
0, 652, 777, 27, 35, 0.15976065397262573
0, 818, 771, 49, 42, 0.15786334872245789
0, 484, 849, 32, 42, 0.15733779966831207
0, 236, 322, 22, 18, 0.15722668170928955
0, 260, 489, 18, 13, 0.156850203871727
0, 214, 353, 48, 44, 0.15672965347766876
0, 682, 637, 33, 56, 0.1564519703388214
0, 188, 415, 17, 23, 0.1563318371772766
0, 218, 352, 43, 42, 0.1559142917394638
0, 500, 793, 24, 25, 0.15559977293014526
0, 210, 354, 53, 45, 0.1553116738796234
0, 188, 414, 20, 27, 0.15371115505695343
0, 324, 576, 28, 29, 0.15363413095474243
0, 315, 611, 27, 23, 0.15353497862815857
0, 496, 598, 43, 39, 0.1532413512468338
0, 651, 776, 24, 31, 0.1517951339483261
0, 186, 414, 17, 24, 0.15167412161827087
0, 189, 331, 22, 18, 0.15083973109722137
0, 495, 592, 35, 27, 0.15021787583827972
0, 652, 777, 22, 36, 0.15003855526447296
0, 497, 592, 34, 32, 0.14992886781692505
0, 528, 788, 55, 44, 0.1491917222738266
0, 294, 559, 23, 30, 0.14895875751972198
0, 259, 488, 21, 17, 0.1489129364490509
0, 209, 354, 52, 43, 0.14584259688854218
0, 257, 531, 14, 17, 0.14349061250686646
0, 198, 333, 20, 13, 0.1432935744524002
0, 176, 256, 44, 29, 0.14324422180652618
0, 519, 880, 32, 47, 0.14306630194187164
0, 523, 886, 38, 33, 0.14254440367221832
0, 482, 836, 24, 20, 0.14105993509292603
0, 493, 598, 43, 41, 0.14083236455917358
0, 819, 772, 47, 44, 0.1402316689491272
0, 184, 303, 50, 27, 0.13987092673778534
0, 234, 321, 28, 26, 0.13976439833641052
0, 200, 322, 39, 23, 0.13963383436203003
0, 520, 822, 32, 21, 0.13723786175251007
0, 535, 757, 36, 31, 0.135624960064888
0, 184, 319, 42, 41, 0.1355971097946167
0, 678, 642, 38, 63, 0.1336883306503296
0, 483, 854, 17, 23, 0.13299983739852905
0, 314, 601, 31, 38, 0.13296248018741608
0, 298, 625, 17, 17, 0.13192826509475708
0, 484, 835, 20, 16, 0.13016602396965027
0, 248, 517, 37, 55, 0.1292656809091568
0, 168, 255, 33, 25, 0.12914703786373138
0, 679, 642, 38, 58, 0.12807132303714752
0, 496, 799, 29, 32, 0.12796920537948608
0, 521, 825, 29, 27, 0.12661658227443695
0, 522, 733, 15, 23, 0.12470262497663498
0, 202, 311, 30, 29, 0.12392538040876389
0, 302, 627, 17, 21, 0.12288778275251389
0, 300, 606, 18, 22, 0.12260760366916656
0, 214, 321, 16, 14, 0.12219911068677902
0, 512, 712, 9, 14, 0.12158701568841934
0, 512, 819, 18, 12, 0.12148409336805344
0, 527, 841, 18, 13, 0.11797503381967545
0, 516, 828, 41, 38, 0.11767317354679108
0, 512, 712, 9, 13, 0.1175108477473259
0, 301, 556, 26, 27, 0.11746250092983246
0, 484, 819, 19, 17, 0.11733319610357285
0, 538, 760, 27, 18, 0.11605338752269745
0, 545, 798, 31, 28, 0.11503391712903976
0, 171, 279, 47, 50, 0.11496801674365997
0, 512, 713, 10, 16, 0.11419713497161865
0, 315, 616, 41, 49, 0.11416730284690857
0, 524, 830, 32, 36, 0.11256375163793564
0, 184, 412, 12, 20, 0.11179792881011963
0, 176, 261, 41, 34, 0.11129061877727509
0, 214, 318, 22, 24, 0.11017654836177826
0, 265, 490, 30, 21, 0.11009582877159119
0, 548, 804, 22, 18, 0.10749281942844391
0, 521, 778, 16, 18, 0.10714472085237503
0, 555, 572, 15, 11, 0.10619791597127914
0, 764, 676, 13, 23, 0.10592514276504517
0, 548, 804, 18, 18, 0.10564374923706055
0, 498, 784, 16, 21, 0.10522712767124176
0, 318, 635, 25, 28, 0.10521265119314194
0, 490, 809, 23, 26, 0.10518024116754532
0, 109, 249, 37, 35, 0.10516787320375443
0, 170, 263, 42, 41, 0.10269300639629364
0, 255, 446, 12, 12, 0.10253874957561493
0, 322, 634, 32, 34, 0.10248355567455292
0, 187, 268, 43, 35, 0.10174394398927689
0, 325, 614, 19, 14, 0.10071387141942978
0, 311, 580, 59, 76, 0.10000266134738922
0, 317, 555, 28, 28, 0.09998179972171783
0, 491, 816, 19, 12, 0.09941016882658005
0, 518, 802, 21, 15, 0.09918614476919174
0, 532, 821, 19, 17, 0.09850361198186874
0, 293, 586, 23, 33, 0.09763802587985992
0, 244, 494, 33, 21, 0.0966523215174675
0, 312, 552, 24, 20, 0.09661278128623962
0, 188, 280, 55, 35, 0.09642420709133148
0, 316, 623, 18, 18, 0.0962267816066742
0, 323, 558, 21, 15, 0.09599801152944565
0, 526, 778, 26, 23, 0.09522300213575363
0, 316, 550, 21, 20, 0.09433619678020477
0, 522, 726, 11, 13, 0.09314897656440735
0, 531, 802, 51, 32, 0.09247104823589325
0, 471, 663, 11, 15, 0.09201720356941223
0, 369, 573, 23, 20, 0.09186270087957382
0, 522, 725, 16, 20, 0.0917988270521164
0, 786, 665, 29, 27, 0.09132425487041473
0, 267, 516, 32, 27, 0.09117189049720764
0, 305, 566, 18, 28, 0.09092389047145844
0, 180, 245, 40, 27, 0.08951979875564575
0, 617, 268, 17, 14, 0.0891798809170723
0, 534, 882, 20, 20, 0.08913560211658478
0, 537, 817, 17, 16, 0.08893953263759613
0, 585, 292, 39, 59, 0.0880577340722084
0, 787, 666, 25, 25, 0.08685221523046494
0, 614, 267, 26, 23, 0.08634469658136368
0, 159, 258, 18, 18, 0.08612882345914841
0, 280, 508, 31, 25, 0.08595151454210281
0, 683, 624, 28, 31, 0.08535928279161453
0, 293, 597, 14, 18, 0.08521684259176254
0, 534, 879, 18, 13, 0.08488437533378601
0, 477, 628, 16, 24, 0.08440930396318436
0, 515, 891, 22, 24, 0.08337335288524628
0, 701, 666, 20, 22, 0.08316919952630997
0, 805, 778, 18, 29, 0.08287946879863739
0, 701, 666, 20, 23, 0.08247221261262894
0, 208, 275, 31, 35, 0.08233924210071564
0, 585, 280, 33, 29, 0.08202110230922699
0, 701, 665, 16, 19, 0.08184394985437393
0, 503, 587, 24, 22, 0.08038131147623062
0, 369, 575, 31, 29, 0.07990950345993042
0, 585, 280, 29, 27, 0.07983928918838501
0, 237, 465, 24, 23, 0.07981684803962708
0, 778, 632, 74, 50, 0.07897202670574188
0, 485, 594, 19, 18, 0.07865186780691147
0, 292, 512, 16, 13, 0.0780956894159317
0, 239, 365, 18, 14, 0.07798893749713898
0, 188, 297, 46, 22, 0.0779382586479187
0, 497, 607, 41, 39, 0.07726320624351501
0, 747, 667, 10, 26, 0.07719822973012924
0, 194, 346, 20, 13, 0.07700139284133911
0, 209, 278, 28, 25, 0.07677458226680756
0, 589, 289, 56, 64, 0.07624436169862747
0, 484, 594, 20, 19, 0.07605274766683578
0, 524, 616, 17, 10, 0.0757778063416481
0, 524, 616, 16, 10, 0.07549143582582474
0, 219, 457, 11, 17, 0.0753425657749176
0, 524, 616, 16, 10, 0.07520337402820587
0, 675, 638, 25, 48, 0.07426421344280243
0, 476, 631, 10, 17, 0.07420339435338974
0, 572, 772, 39, 51, 0.07414647936820984
0, 170, 309, 21, 17, 0.07410712540149689
0, 229, 344, 15, 22, 0.07374799251556396
0, 476, 633, 11, 13, 0.07280790060758591
0, 153, 228, 19, 18, 0.07258649170398712
0, 281, 500, 22, 24, 0.07212239503860474
0, 756, 659, 16, 20, 0.07073960453271866
0, 785, 640, 70, 69, 0.07044702768325806
0, 491, 608, 19, 18, 0.07033639401197433
0, 523, 617, 24, 16, 0.07018426805734634
0, 107, 766, 31, 25, 0.06983104348182678
0, 582, 303, 27, 55, 0.06804437935352325
0, 286, 598, 14, 15, 0.06799803674221039
0, 758, 787, 58, 51, 0.06790968775749207
0, 772, 627, 60, 41, 0.06782811880111694
0, 285, 552, 25, 16, 0.06758834421634674
0, 575, 776, 24, 26, 0.06721165031194687
0, 215, 282, 18, 17, 0.06698396801948547
0, 402, 627, 9, 18, 0.06679854542016983
0, 531, 501, 14, 12, 0.06679558753967285
0, 229, 338, 14, 14, 0.06641127914190292
0, 299, 512, 14, 13, 0.0661408007144928
0, 193, 237, 17, 20, 0.06528397649526596
0, 107, 768, 31, 30, 0.0647365003824234
0, 601, 276, 54, 48, 0.06449705362319946
0, 191, 253, 21, 15, 0.06434643268585205
0, 758, 788, 58, 57, 0.06420096009969711
0, 122, 224, 32, 27, 0.06407467275857925
0, 557, 293, 12, 16, 0.06359025835990906
0, 556, 698, 19, 16, 0.06333205103874207
0, 703, 669, 29, 34, 0.06315360963344574
0, 575, 760, 20, 28, 0.06294172257184982
0, 354, 603, 24, 23, 0.06273629516363144
0, 778, 634, 67, 48, 0.06254403293132782
0, 577, 759, 24, 32, 0.062464747577905655
0, 354, 604, 24, 23, 0.06244663894176483
0, 578, 785, 17, 18, 0.06204979494214058
0, 496, 563, 23, 17, 0.06204104796051979
0, 493, 633, 11, 16, 0.06202460825443268
0, 496, 630, 13, 22, 0.06124641001224518
0, 219, 454, 32, 32, 0.060998305678367615
0, 594, 288, 53, 51, 0.06067027524113655
0, 559, 839, 20, 17, 0.06016692891716957
0, 483, 614, 16, 25, 0.059786196798086166
0, 433, 662, 28, 36, 0.05937838554382324
0, 255, 405, 11, 13, 0.05713757500052452
0, 349, 592, 79, 67, 0.0557609461247921
0, 764, 790, 47, 47, 0.055625926703214645
0, 605, 764, 11, 16, 0.05550225451588631
0, 757, 783, 49, 42, 0.054982032626867294
0, 624, 692, 27, 22, 0.054853156208992004
0, 659, 667, 15, 18, 0.05373877286911011
0, 222, 338, 19, 14, 0.05312436819076538
0, 156, 236, 15, 12, 0.05305638164281845
0, 347, 605, 36, 28, 0.05302358791232109
0, 518, 530, 37, 28, 0.05264010280370712
0, 596, 305, 12, 15, 0.052160050719976425
0, 404, 652, 15, 15, 0.05178498849272728
0, 276, 544, 22, 11, 0.05158018320798874
0, 829, 788, 12, 10, 0.05127689614892006
0, 578, 752, 18, 21, 0.0512140691280365
0, 605, 258, 13, 19, 0.05107561871409416
0, 339, 554, 32, 19, 0.050926122814416885
0, 451, 653, 11, 19, 0.05086221918463707
0, 116, 237, 21, 42, 0.05077425390481949
0, 755, 744, 38, 14, 0.04947037249803543
0, 478, 904, 15, 16, 0.04944070801138878
0, 567, 106, 16, 16, 0.04928231239318848
0, 508, 522, 12, 14, 0.048932719975709915
0, 252, 391, 19, 36, 0.04888474568724632
0, 479, 905, 17, 16, 0.04814423248171806
0, 507, 626, 40, 27, 0.0475199818611145
0, 596, 736, 10, 11, 0.0471017025411129
0, 760, 687, 57, 86, 0.04499112442135811
0, 18, 21, 36, 37, 0.044902995228767395
0, 172, 218, 31, 15, 0.044181499630212784
0, 730, 791, 10, 22, 0.043456755578517914
0, 304, 485, 30, 39, 0.04320000484585762
0, 579, 482, 11, 10, 0.04300859570503235
0, 668, 611, 12, 13, 0.04257950186729431
0, 987, 20, 28, 29, 0.04229186475276947
0, 717, 675, 58, 41, 0.0397527813911438
0, 559, 310, 62, 52, 0.0389908105134964
0, 452, 594, 17, 19, 0.03614332154393196
