0, 1022, 178, 65, 61, 0.6308019161224365
0, 439, 649, 137, 103, 0.6071347594261169
0, 829, 268, 33, 45, 0.5116772055625916
0, 829, 268, 34, 46, 0.5058882236480713
0, 811, 410, 36, 25, 0.4357387125492096
0, 778, 339, 69, 39, 0.38345402479171753
0, 443, 632, 113, 67, 0.3599298596382141
0, 741, 430, 22, 16, 0.34364497661590576
0, 741, 430, 23, 18, 0.3348393738269806
0, 456, 683, 36, 35, 0.3316015303134918
0, 388, 641, 32, 29, 0.2923499345779419
0, 889, 208, 33, 22, 0.2828098237514496
0, 811, 410, 39, 34, 0.2616814970970154
0, 742, 429, 29, 22, 0.25665032863616943
0, 741, 430, 21, 17, 0.2554716169834137
0, 812, 407, 31, 19, 0.23797737061977386
0, 893, 207, 25, 18, 0.2364218831062317
0, 769, 434, 24, 28, 0.23020203411579132
0, 925, 237, 12, 16, 0.216420516371727
0, 822, 377, 15, 11, 0.21452835202217102
0, 949, 268, 32, 17, 0.2055145502090454
0, 892, 208, 40, 23, 0.20306336879730225
0, 828, 268, 30, 45, 0.2017187476158142
0, 822, 377, 15, 12, 0.20164796710014343
0, 438, 631, 89, 57, 0.20021450519561768
0, 815, 316, 29, 18, 0.19686011970043182
0, 939, 211, 11, 12, 0.19544221460819244
0, 384, 641, 23, 28, 0.19153667986392975
0, 526, 576, 53, 41, 0.18749955296516418
0, 748, 428, 66, 33, 0.1874479055404663
0, 927, 199, 14, 15, 0.1863928884267807
0, 768, 433, 22, 27, 0.1858554184436798
0, 897, 207, 17, 15, 0.18550889194011688
0, 486, 656, 52, 36, 0.18540215492248535
0, 822, 377, 16, 14, 0.18472887575626373
0, 769, 434, 26, 29, 0.18282116949558258
0, 800, 473, 40, 34, 0.18148452043533325
0, 455, 635, 67, 51, 0.18069978058338165
0, 712, 439, 19, 17, 0.17986321449279785
0, 820, 377, 14, 11, 0.17961537837982178
0, 813, 315, 17, 14, 0.17937134206295013
0, 810, 414, 50, 41, 0.17911498248577118
0, 724, 455, 14, 11, 0.17770914733409882
0, 942, 210, 17, 16, 0.1773129254579544
0, 927, 199, 14, 15, 0.17683346569538116
0, 898, 207, 13, 15, 0.17553426325321198
0, 948, 246, 14, 12, 0.17403782904148102
0, 794, 476, 55, 33, 0.1729951947927475
0, 419, 624, 82, 46, 0.17269977927207947
0, 930, 202, 14, 20, 0.1715444177389145
0, 711, 438, 15, 11, 0.1707538515329361
0, 926, 236, 10, 15, 0.17040997743606567
0, 711, 438, 16, 13, 0.17023643851280212
0, 459, 684, 42, 37, 0.16993051767349243
0, 788, 336, 70, 44, 0.16890686750411987
0, 859, 348, 16, 28, 0.1679246574640274
0, 928, 199, 13, 14, 0.1677817404270172
0, 724, 454, 13, 13, 0.16540399193763733
0, 381, 640, 19, 28, 0.1651485115289688
0, 717, 470, 43, 43, 0.164931982755661
0, 714, 472, 36, 34, 0.16458582878112793
0, 465, 635, 44, 48, 0.16347037255764008
0, 713, 441, 23, 24, 0.1633571833372116
0, 782, 339, 53, 33, 0.16253544390201569
0, 949, 268, 29, 16, 0.16075998544692993
0, 488, 666, 29, 19, 0.16037209331989288
0, 818, 409, 19, 18, 0.16013075411319733
0, 826, 269, 28, 41, 0.1584976613521576
0, 457, 681, 35, 29, 0.157969132065773
0, 822, 411, 14, 12, 0.1564972698688507
0, 778, 340, 57, 36, 0.1564677357673645
0, 495, 668, 16, 17, 0.1540839821100235
0, 420, 628, 70, 50, 0.15396685898303986
0, 494, 669, 17, 17, 0.15356318652629852
0, 388, 646, 26, 25, 0.15304532647132874
0, 796, 477, 43, 36, 0.15031689405441284
0, 859, 344, 17, 20, 0.14996272325515747
0, 476, 662, 60, 37, 0.14923861622810364
0, 771, 436, 25, 29, 0.14735576510429382
0, 801, 473, 35, 29, 0.14716702699661255
0, 714, 469, 36, 36, 0.1470634937286377
0, 856, 395, 20, 15, 0.1460411697626114
0, 421, 665, 46, 33, 0.14604073762893677
0, 708, 473, 22, 19, 0.14493419229984283
0, 856, 395, 17, 14, 0.14393198490142822
0, 491, 668, 25, 20, 0.14263631403446198
0, 858, 350, 19, 31, 0.14210233092308044
0, 423, 655, 47, 31, 0.14208239316940308
0, 393, 633, 40, 41, 0.1416037380695343
0, 757, 463, 28, 30, 0.1405605524778366
0, 453, 684, 35, 27, 0.1400546282529831
0, 420, 623, 71, 38, 0.1390189677476883
0, 707, 473, 18, 16, 0.1383124738931656
0, 757, 463, 29, 29, 0.136866495013237
0, 516, 576, 32, 32, 0.13649152219295502
0, 944, 208, 25, 22, 0.13620054721832275
0, 803, 474, 27, 29, 0.13593056797981262
0, 458, 642, 60, 36, 0.13582661747932434
0, 538, 566, 25, 23, 0.1349949985742569
0, 445, 671, 108, 72, 0.13477961719036102
0, 538, 566, 26, 22, 0.13406985998153687
0, 855, 374, 15, 10, 0.13238689303398132
0, 421, 673, 34, 23, 0.13111601769924164
0, 781, 474, 82, 46, 0.13070642948150635
0, 845, 334, 23, 16, 0.1306304633617401
0, 846, 334, 25, 15, 0.1302029937505722
0, 498, 650, 24, 20, 0.1301834136247635
0, 399, 639, 38, 30, 0.13007523119449615
0, 483, 628, 151, 152, 0.12810733914375305
0, 956, 266, 34, 22, 0.12584492564201355
0, 881, 306, 17, 21, 0.12577323615550995
0, 420, 642, 87, 70, 0.12513487040996552
0, 879, 306, 14, 21, 0.12307098507881165
0, 824, 315, 23, 19, 0.12286876142024994
0, 734, 410, 30, 26, 0.12280334532260895
0, 854, 374, 15, 12, 0.12254120409488678
0, 474, 588, 33, 26, 0.1211124137043953
0, 511, 572, 22, 20, 0.12109699845314026
0, 807, 320, 23, 19, 0.12094844877719879
0, 500, 648, 20, 18, 0.12088394910097122
0, 538, 564, 20, 16, 0.12017104774713516
0, 538, 565, 18, 17, 0.12009339034557343
0, 925, 238, 16, 23, 0.1194443330168724
0, 530, 620, 36, 28, 0.11891598999500275
0, 490, 650, 34, 23, 0.11810340732336044
0, 877, 212, 10, 12, 0.11757827550172806
0, 730, 417, 29, 23, 0.1155085638165474
0, 835, 271, 19, 41, 0.11480745673179626
0, 417, 678, 77, 55, 0.11432748287916183
0, 730, 423, 31, 22, 0.11395680159330368
0, 475, 587, 24, 19, 0.11363188922405243
0, 510, 575, 18, 20, 0.11327428370714188
0, 474, 588, 27, 24, 0.11326156556606293
0, 728, 438, 48, 43, 0.11286041885614395
0, 883, 304, 17, 22, 0.11271671950817108
0, 518, 579, 35, 30, 0.1125212162733078
0, 436, 661, 17, 11, 0.11198768764734268
0, 434, 619, 42, 27, 0.11182083189487457
0, 850, 347, 34, 41, 0.1116093173623085
0, 842, 392, 13, 13, 0.11109420657157898
0, 417, 676, 27, 19, 0.1108560636639595
0, 415, 663, 36, 20, 0.10962706804275513
0, 467, 645, 34, 26, 0.1094944179058075
0, 881, 309, 19, 31, 0.108552947640419
0, 414, 656, 40, 26, 0.10834264755249023
0, 773, 341, 41, 31, 0.10743722319602966
0, 460, 676, 34, 27, 0.10699888318777084
0, 929, 240, 18, 21, 0.10628239810466766
0, 336, 667, 66, 54, 0.1061447411775589
0, 510, 573, 18, 17, 0.10547599196434021
0, 943, 269, 22, 14, 0.10522274672985077
0, 738, 406, 16, 17, 0.10512343794107437
0, 472, 650, 39, 26, 0.10392855852842331
0, 337, 663, 58, 47, 0.10348281264305115
0, 337, 663, 58, 44, 0.10257043689489365
0, 421, 681, 47, 38, 0.10247053951025009
0, 772, 342, 46, 30, 0.10213137418031693
0, 727, 439, 44, 41, 0.1005808413028717
0, 800, 403, 12, 12, 0.10029366612434387
0, 405, 621, 45, 33, 0.1000344380736351
0, 781, 333, 29, 22, 0.09946577250957489
0, 757, 459, 21, 23, 0.09848271310329437
0, 716, 448, 42, 34, 0.09807342290878296
0, 511, 660, 40, 42, 0.09763221442699432
0, 830, 257, 23, 22, 0.09759623557329178
0, 438, 654, 21, 17, 0.09639222174882889
0, 405, 633, 23, 14, 0.09564453363418579
0, 523, 654, 15, 14, 0.0955343022942543
0, 430, 613, 37, 21, 0.0954166129231453
0, 522, 655, 20, 18, 0.09535838663578033
0, 535, 612, 41, 38, 0.09500421583652496
0, 798, 408, 22, 20, 0.09468524158000946
0, 852, 274, 15, 26, 0.09443631023168564
0, 969, 236, 10, 12, 0.09436798840761185
0, 399, 620, 31, 23, 0.09429339319467545
0, 882, 310, 27, 34, 0.09409148246049881
0, 429, 640, 46, 41, 0.09305313974618912
0, 950, 257, 57, 43, 0.09291497617959976
0, 855, 271, 12, 20, 0.09276877343654633
0, 518, 660, 26, 29, 0.09256530553102493
0, 829, 314, 11, 17, 0.09253587573766708
0, 1055, 214, 10, 11, 0.09222006797790527
0, 708, 481, 22, 22, 0.09211090952157974
0, 459, 649, 38, 24, 0.09166564792394638
0, 741, 405, 15, 16, 0.0913006141781807
0, 877, 313, 14, 26, 0.09088928997516632
0, 527, 578, 29, 30, 0.09030891954898834
0, 437, 613, 24, 19, 0.09028952568769455
0, 439, 677, 23, 17, 0.09000998735427856
0, 1022, 179, 61, 55, 0.08986558020114899
0, 1022, 172, 52, 47, 0.0898466408252716
0, 530, 587, 15, 11, 0.08969608694314957
0, 510, 648, 27, 26, 0.08955932408571243
0, 1108, 265, 22, 16, 0.08899278938770294
0, 811, 423, 22, 17, 0.0888056680560112
0, 468, 622, 28, 23, 0.08866551518440247
0, 795, 339, 28, 24, 0.08865087479352951
0, 343, 663, 42, 39, 0.08841157704591751
0, 942, 238, 43, 42, 0.08769799768924713
0, 444, 615, 28, 21, 0.087377168238163
0, 754, 459, 15, 19, 0.08683780580759048
0, 492, 677, 33, 37, 0.08671199530363083
0, 402, 616, 35, 23, 0.08670824021100998
0, 459, 624, 43, 25, 0.08596869558095932
0, 709, 482, 23, 19, 0.08590039610862732
0, 530, 617, 25, 20, 0.08546844124794006
0, 832, 286, 14, 13, 0.08496963977813721
0, 745, 410, 25, 20, 0.08489370346069336
0, 855, 374, 31, 18, 0.08391696214675903
0, 439, 644, 35, 26, 0.08363962918519974
0, 409, 682, 33, 27, 0.08336890488862991
0, 751, 470, 30, 28, 0.08328664302825928
0, 474, 679, 46, 40, 0.0826142355799675
0, 820, 275, 13, 12, 0.08184725046157837
0, 544, 600, 21, 10, 0.08120929449796677
0, 461, 661, 70, 35, 0.08097122609615326
0, 842, 359, 11, 12, 0.08026620000600815
0, 838, 255, 13, 18, 0.0801074206829071
0, 1112, 265, 16, 15, 0.07995626330375671
0, 396, 616, 24, 17, 0.07978031784296036
0, 451, 691, 21, 24, 0.07913511246442795
0, 965, 252, 39, 29, 0.07909116894006729
0, 793, 381, 19, 11, 0.07868336886167526
0, 784, 479, 48, 32, 0.07841194421052933
0, 809, 325, 41, 38, 0.07823790609836578
0, 333, 669, 52, 44, 0.0754333883523941
0, 421, 692, 45, 35, 0.07478579878807068
0, 1016, 173, 50, 43, 0.07475335150957108
0, 974, 252, 17, 12, 0.07462850213050842
0, 795, 330, 24, 23, 0.07398790866136551
0, 463, 691, 30, 23, 0.07397858053445816
0, 933, 250, 14, 14, 0.07395864278078079
0, 629, 534, 14, 16, 0.07267264276742935
0, 631, 535, 17, 18, 0.07192157208919525
0, 343, 657, 43, 31, 0.0718289464712143
0, 494, 675, 69, 59, 0.07159204035997391
0, 818, 331, 62, 52, 0.07143988460302353
0, 804, 340, 12, 14, 0.07114650309085846
0, 787, 413, 13, 13, 0.07086160033941269
0, 411, 692, 27, 34, 0.07068761438131332
0, 511, 672, 23, 19, 0.07055657356977463
0, 851, 407, 24, 33, 0.07036042213439941
0, 967, 243, 27, 28, 0.0700075700879097
0, 396, 662, 25, 20, 0.06875477731227875
0, 399, 683, 32, 20, 0.06838706880807877
0, 634, 537, 13, 15, 0.06817848980426788
0, 503, 677, 41, 35, 0.06801611185073853
0, 751, 504, 17, 11, 0.06774336099624634
0, 476, 611, 26, 18, 0.06756522506475449
0, 828, 323, 48, 36, 0.06749069690704346
0, 471, 613, 23, 18, 0.06701871007680893
0, 975, 247, 16, 14, 0.06668058037757874
0, 398, 675, 38, 34, 0.06596611440181732
0, 767, 518, 15, 13, 0.06577545404434204
0, 539, 602, 35, 18, 0.06498483568429947
0, 743, 484, 17, 10, 0.06431759893894196
0, 736, 531, 14, 16, 0.06327753514051437
0, 844, 419, 11, 15, 0.06323162466287613
0, 381, 677, 12, 20, 0.06284397840499878
0, 742, 483, 19, 13, 0.06222763657569885
0, 472, 600, 47, 51, 0.061633337289094925
0, 737, 532, 15, 17, 0.06142839789390564
0, 844, 381, 21, 23, 0.06089617684483528
0, 931, 283, 12, 11, 0.06082851067185402
0, 527, 626, 41, 49, 0.06080038100481033
0, 755, 506, 29, 21, 0.060199715197086334
0, 718, 564, 17, 18, 0.05912560224533081
0, 720, 564, 14, 15, 0.05895684286952019
0, 841, 413, 12, 21, 0.05801164358854294
0, 791, 519, 15, 20, 0.05758533626794815
0, 806, 463, 25, 18, 0.057357631623744965
0, 758, 492, 40, 33, 0.05684097856283188
0, 1012, 179, 40, 37, 0.054195430129766464
0, 337, 654, 37, 26, 0.05417280271649361
0, 771, 504, 72, 65, 0.05395359918475151
0, 790, 497, 22, 17, 0.05280228704214096
0, 1028, 161, 30, 24, 0.0517604798078537
0, 781, 494, 29, 25, 0.051370665431022644
0, 1028, 192, 55, 38, 0.05126781389117241
0, 714, 537, 16, 9, 0.050965260714292526
0, 461, 593, 29, 16, 0.05046604946255684
0, 821, 359, 15, 22, 0.05041540414094925
0, 597, 542, 13, 13, 0.05017721652984619
0, 444, 598, 26, 14, 0.04978227987885475
0, 701, 556, 19, 15, 0.04855469986796379
0, 886, 280, 12, 11, 0.04839025437831879
0, 596, 631, 16, 13, 0.04758504405617714
0, 993, 211, 19, 13, 0.04737437143921852
0, 870, 233, 15, 10, 0.04582870379090309
0, 905, 259, 19, 15, 0.04508860409259796
0, 863, 235, 12, 10, 0.044828541576862335
0, 23, 18, 47, 33, 0.044544100761413574
0, 580, 633, 24, 19, 0.04445384070277214
0, 631, 516, 21, 16, 0.0441461019217968
0, 918, 213, 19, 45, 0.04217245429754257
0, 1217, 825, 36, 23, 0.041369788348674774
0, 1015, 209, 91, 45, 0.04118085280060768
0, 1221, 19, 31, 26, 0.03954611346125603
0, 551, 724, 696, 432, 0.037497930228710175
0, 197, 398, 10, 8, 0.03603169322013855
