0, 1103, 327, 74, 40, 0.7133989334106445
0, 414, 388, 30, 38, 0.6427015066146851
0, 1066, 357, 19, 22, 0.6304466128349304
0, 768, 291, 38, 16, 0.6018640398979187
0, 257, 405, 41, 31, 0.6011152863502502
0, 601, 321, 36, 45, 0.5998311638832092
0, 601, 321, 36, 46, 0.5969836115837097
0, 769, 291, 36, 15, 0.5917946100234985
0, 257, 405, 41, 32, 0.5842454433441162
0, 407, 426, 53, 37, 0.5790029168128967
0, 1045, 342, 20, 15, 0.5761231184005737
0, 300, 414, 23, 18, 0.5646907687187195
0, 644, 331, 33, 17, 0.5607947707176208
0, 343, 376, 23, 15, 0.5499733090400696
0, 343, 376, 22, 16, 0.5404172539710999
0, 644, 331, 31, 15, 0.5307320356369019
0, 1040, 294, 12, 10, 0.5224295258522034
0, 1038, 314, 12, 13, 0.49998152256011963
0, 317, 403, 12, 12, 0.49211475253105164
0, 317, 403, 13, 11, 0.4887978434562683
0, 248, 440, 30, 18, 0.4467419683933258
0, 603, 365, 34, 18, 0.44543054699897766
0, 626, 269, 26, 20, 0.4146879315376282
0, 551, 316, 26, 20, 0.4146726131439209
0, 748, 284, 29, 22, 0.39909836649894714
0, 755, 279, 12, 12, 0.35951054096221924
0, 407, 426, 51, 35, 0.3568442165851593
0, 770, 291, 36, 15, 0.3489399254322052
0, 578, 359, 20, 8, 0.31860312819480896
0, 703, 287, 19, 12, 0.3053516149520874
0, 300, 415, 21, 18, 0.30495068430900574
0, 408, 426, 53, 36, 0.30461400747299194
0, 767, 290, 45, 21, 0.30418190360069275
0, 578, 359, 20, 8, 0.3022724986076355
0, 626, 269, 31, 24, 0.299172580242157
0, 1025, 304, 12, 16, 0.2979140281677246
0, 1045, 343, 18, 16, 0.28693631291389465
0, 250, 440, 24, 16, 0.28651800751686096
0, 1040, 294, 13, 11, 0.28392112255096436
0, 1033, 314, 13, 14, 0.2790672183036804
0, 610, 287, 28, 22, 0.27747541666030884
0, 301, 415, 17, 15, 0.27642500400543213
0, 257, 405, 40, 29, 0.2709106206893921
0, 703, 287, 23, 15, 0.26933610439300537
0, 703, 287, 22, 14, 0.2686299979686737
0, 415, 388, 32, 39, 0.25890812277793884
0, 1066, 358, 19, 21, 0.25727856159210205
0, 415, 389, 32, 39, 0.257236123085022
0, 298, 414, 22, 21, 0.2561511695384979
0, 1066, 358, 19, 22, 0.2548829913139343
0, 343, 375, 29, 22, 0.253597617149353
0, 1064, 356, 31, 26, 0.24649325013160706
0, 333, 360, 25, 13, 0.2461409866809845
0, 601, 321, 37, 45, 0.24359846115112305
0, 752, 280, 20, 15, 0.24301983416080475
0, 663, 272, 21, 11, 0.24243707954883575
0, 1067, 358, 18, 20, 0.24182169139385223
0, 320, 404, 12, 15, 0.2411796748638153
0, 249, 440, 32, 23, 0.2336290180683136
0, 550, 316, 20, 19, 0.23175674676895142
0, 601, 366, 25, 12, 0.23080934584140778
0, 348, 374, 17, 12, 0.2263568639755249
0, 1065, 357, 23, 28, 0.22415676712989807
0, 254, 439, 16, 15, 0.2199634462594986
0, 601, 368, 24, 9, 0.21984650194644928
0, 600, 318, 38, 43, 0.2156640589237213
0, 297, 413, 16, 16, 0.21465416252613068
0, 243, 442, 18, 15, 0.21365362405776978
0, 700, 289, 18, 10, 0.21344810724258423
0, 764, 295, 32, 16, 0.21257738769054413
0, 624, 276, 49, 37, 0.21243591606616974
0, 419, 434, 24, 18, 0.20980873703956604
0, 1027, 310, 14, 16, 0.20945832133293152
0, 605, 364, 43, 25, 0.20776043832302094
0, 356, 417, 15, 12, 0.207481250166893
0, 1046, 343, 28, 18, 0.20657643675804138
0, 356, 417, 18, 13, 0.20489047467708588
0, 600, 368, 20, 8, 0.20482751727104187
0, 650, 330, 19, 13, 0.2030154913663864
0, 1037, 306, 18, 34, 0.20249280333518982
0, 550, 318, 18, 14, 0.20219910144805908
0, 316, 404, 18, 19, 0.20151862502098083
0, 623, 269, 26, 19, 0.20089338719844818
0, 1033, 299, 26, 22, 0.19693847000598907
0, 549, 293, 23, 6, 0.19657567143440247
0, 652, 329, 16, 12, 0.19631782174110413
0, 549, 293, 24, 7, 0.19615039229393005
0, 664, 273, 20, 11, 0.19477389752864838
0, 630, 266, 23, 18, 0.19443099200725555
0, 687, 323, 22, 10, 0.19348052144050598
0, 333, 360, 25, 14, 0.19093811511993408
0, 552, 287, 35, 19, 0.19079509377479553
0, 647, 292, 33, 37, 0.18989887833595276
0, 730, 312, 23, 10, 0.18906724452972412
0, 779, 290, 16, 9, 0.1877894550561905
0, 610, 289, 28, 21, 0.18737603724002838
0, 414, 384, 25, 27, 0.18676498532295227
0, 325, 423, 18, 22, 0.1831885278224945
0, 685, 323, 29, 11, 0.18297874927520752
0, 336, 359, 19, 14, 0.18250177800655365
0, 337, 359, 17, 13, 0.1822889745235443
0, 1103, 329, 76, 38, 0.18210317194461823
0, 664, 272, 22, 12, 0.1818237006664276
0, 649, 288, 25, 28, 0.17994505167007446
0, 1165, 228, 26, 19, 0.17790645360946655
0, 550, 292, 29, 11, 0.17765817046165466
0, 613, 281, 36, 39, 0.17686526477336884
0, 415, 382, 25, 22, 0.17237049341201782
0, 377, 455, 12, 15, 0.17200347781181335
0, 629, 281, 70, 46, 0.17105861008167267
0, 651, 292, 21, 19, 0.1705278605222702
0, 706, 282, 14, 8, 0.17045119404792786
0, 400, 421, 32, 26, 0.16953539848327637
0, 691, 323, 15, 10, 0.1675722897052765
0, 239, 438, 18, 21, 0.16711834073066711
0, 759, 285, 28, 22, 0.16698910295963287
0, 648, 287, 23, 26, 0.166766956448555
0, 377, 455, 13, 15, 0.16543427109718323
0, 602, 317, 32, 35, 0.1649937778711319
0, 445, 410, 18, 14, 0.164792001247406
0, 1166, 224, 24, 17, 0.16334468126296997
0, 608, 281, 20, 13, 0.16291160881519318
0, 252, 477, 17, 13, 0.15933038294315338
0, 614, 367, 21, 12, 0.1578376144170761
0, 552, 288, 31, 21, 0.15702813863754272
0, 248, 477, 20, 18, 0.15690410137176514
0, 731, 312, 16, 9, 0.15682081878185272
0, 418, 435, 17, 15, 0.1567017287015915
0, 1016, 153, 30, 44, 0.15614596009254456
0, 406, 418, 21, 17, 0.1557024121284485
0, 1171, 224, 20, 17, 0.15537704527378082
0, 601, 318, 26, 31, 0.155283123254776
0, 255, 411, 32, 20, 0.15443865954875946
0, 1016, 154, 33, 46, 0.15440678596496582
0, 801, 273, 13, 10, 0.15372957289218903
0, 730, 311, 17, 8, 0.15358157455921173
0, 1015, 143, 31, 61, 0.15270669758319855
0, 251, 475, 19, 13, 0.15249820053577423
0, 1162, 230, 46, 29, 0.1523665338754654
0, 414, 381, 22, 20, 0.15158194303512573
0, 606, 360, 19, 9, 0.14578835666179657
0, 801, 273, 13, 10, 0.14549845457077026
0, 801, 272, 13, 10, 0.14532652497291565
0, 797, 259, 13, 9, 0.14450235664844513
0, 447, 410, 19, 18, 0.14376960694789886
0, 324, 423, 15, 17, 0.14328676462173462
0, 271, 412, 12, 10, 0.1422756463289261
0, 931, 171, 31, 69, 0.14168427884578705
0, 559, 368, 17, 11, 0.14154662191867828
0, 546, 311, 14, 13, 0.14045792818069458
0, 1011, 140, 18, 23, 0.14029522240161896
0, 492, 321, 14, 6, 0.13990692794322968
0, 1159, 231, 20, 18, 0.13989999890327454
0, 648, 299, 32, 29, 0.1392515003681183
0, 676, 340, 12, 9, 0.1387399137020111
0, 830, 267, 13, 8, 0.13835275173187256
0, 560, 368, 18, 12, 0.13821958005428314
0, 437, 334, 17, 11, 0.1370553821325302
0, 491, 320, 15, 6, 0.136309415102005
0, 646, 301, 22, 16, 0.13602091372013092
0, 412, 380, 20, 23, 0.13526307046413422
0, 830, 266, 10, 8, 0.13476186990737915
0, 620, 292, 12, 15, 0.1343144327402115
0, 522, 343, 14, 19, 0.13345201313495636
0, 694, 322, 20, 11, 0.13299685716629028
0, 249, 484, 34, 37, 0.1307397484779358
0, 642, 281, 26, 24, 0.12887011468410492
0, 682, 326, 30, 20, 0.12833784520626068
0, 929, 172, 28, 63, 0.1276075690984726
0, 1013, 147, 23, 38, 0.1274496614933014
0, 247, 402, 18, 23, 0.12699942290782928
0, 1015, 114, 22, 13, 0.12694913148880005
0, 636, 338, 20, 18, 0.12693318724632263
0, 474, 422, 12, 16, 0.12579947710037231
0, 801, 270, 16, 18, 0.12555810809135437
0, 1014, 148, 25, 40, 0.12448366731405258
0, 1107, 329, 64, 31, 0.1238785907626152
0, 512, 399, 20, 13, 0.12381165474653244
0, 249, 485, 32, 35, 0.12343908101320267
0, 594, 308, 20, 17, 0.12287457287311554
0, 1149, 235, 51, 32, 0.12250732630491257
0, 247, 473, 13, 12, 0.12228464335203171
0, 454, 412, 18, 11, 0.12172216922044754
0, 475, 423, 14, 17, 0.12136976420879364
0, 753, 297, 13, 7, 0.12102846801280975
0, 740, 291, 23, 12, 0.12100591510534286
0, 296, 444, 13, 13, 0.12037961184978485
0, 1144, 241, 19, 14, 0.12015055119991302
0, 412, 438, 15, 12, 0.12001996487379074
0, 1173, 220, 14, 10, 0.11989036202430725
0, 119, 480, 14, 16, 0.11963534355163574
0, 296, 444, 13, 12, 0.11955750733613968
0, 397, 424, 25, 26, 0.1194588914513588
0, 597, 308, 21, 16, 0.11938149482011795
0, 109, 483, 18, 17, 0.11899134516716003
0, 106, 481, 35, 25, 0.11535902321338654
0, 602, 335, 20, 19, 0.11508803069591522
0, 607, 339, 16, 10, 0.11472254246473312
0, 605, 336, 22, 18, 0.11404373496770859
0, 415, 399, 23, 17, 0.11396551877260208
0, 926, 170, 20, 48, 0.11370517313480377
0, 621, 324, 15, 25, 0.11361169070005417
0, 1010, 134, 14, 16, 0.1134519949555397
0, 825, 265, 29, 17, 0.11324794590473175
0, 1017, 156, 26, 35, 0.11236386746168137
0, 676, 339, 15, 13, 0.1120717003941536
0, 413, 397, 33, 59, 0.11186686158180237
0, 1142, 241, 18, 15, 0.11083954572677612
0, 512, 399, 15, 10, 0.1102885827422142
0, 924, 176, 17, 39, 0.10871094465255737
0, 929, 159, 17, 43, 0.10837012529373169
0, 245, 413, 16, 13, 0.1076824888586998
0, 1069, 282, 20, 11, 0.10762069374322891
0, 106, 486, 12, 11, 0.10730554163455963
0, 934, 148, 21, 22, 0.10527454316616058
0, 1015, 117, 25, 21, 0.10525952279567719
0, 623, 365, 15, 13, 0.10517189651727676
0, 522, 346, 18, 26, 0.10484519600868225
0, 335, 418, 24, 19, 0.10385090857744217
0, 1017, 113, 18, 9, 0.10319265723228455
0, 1071, 282, 13, 8, 0.10265841335058212
0, 630, 260, 18, 11, 0.1022002175450325
0, 932, 151, 18, 28, 0.10203978419303894
0, 634, 260, 18, 12, 0.10176178067922592
0, 658, 312, 18, 15, 0.1016106829047203
0, 562, 284, 18, 12, 0.10119713097810745
0, 677, 339, 18, 13, 0.1005466878414154
0, 478, 378, 13, 15, 0.10049072653055191
0, 939, 197, 18, 15, 0.09971929341554642
0, 931, 167, 17, 30, 0.09969485551118851
0, 960, 166, 15, 14, 0.09922803938388824
0, 477, 378, 13, 17, 0.09790416061878204
0, 675, 328, 51, 28, 0.09665538370609283
0, 261, 476, 30, 29, 0.09563302993774414
0, 93, 485, 13, 11, 0.09534609317779541
0, 932, 157, 18, 39, 0.09484609961509705
0, 1068, 283, 22, 14, 0.09460620582103729
0, 91, 482, 13, 15, 0.09290390461683273
0, 242, 487, 19, 21, 0.09241059422492981
0, 231, 430, 11, 10, 0.09224138408899307
0, 636, 347, 12, 11, 0.09170527756214142
0, 929, 186, 21, 30, 0.08870358765125275
0, 961, 161, 20, 25, 0.08858395367860794
0, 500, 339, 13, 8, 0.08821996301412582
0, 123, 485, 16, 12, 0.08770104497671127
0, 500, 340, 12, 9, 0.0873207375407219
0, 931, 143, 14, 19, 0.08671782910823822
0, 1329, 682, 12, 22, 0.08649757504463196
0, 500, 340, 12, 9, 0.08639863133430481
0, 500, 339, 12, 8, 0.08615858852863312
0, 252, 395, 14, 13, 0.08514286577701569
0, 386, 334, 11, 12, 0.08422454446554184
0, 1094, 332, 51, 31, 0.08348855376243591
0, 594, 300, 20, 11, 0.08295668661594391
0, 340, 417, 17, 15, 0.07753073424100876
0, 1093, 333, 51, 27, 0.07585811614990234
0, 783, 263, 18, 9, 0.07407451421022415
0, 955, 150, 17, 14, 0.07355915009975433
0, 644, 311, 31, 33, 0.0713728815317154
0, 1082, 194, 23, 18, 0.07125641405582428
0, 959, 181, 25, 11, 0.07089731097221375
0, 454, 314, 14, 10, 0.0698060542345047
0, 247, 394, 12, 11, 0.0696830302476883
0, 555, 392, 15, 8, 0.06915372610092163
0, 241, 462, 15, 10, 0.0690922811627388
0, 779, 264, 14, 8, 0.06517520546913147
0, 185, 494, 21, 10, 0.06489995121955872
0, 1056, 266, 12, 10, 0.0641777440905571
0, 1000, 268, 23, 39, 0.06390536576509476
0, 184, 494, 16, 9, 0.06302554160356522
0, 1127, 325, 20, 16, 0.06290269643068314
0, 1124, 249, 15, 9, 0.061522457748651505
0, 1194, 218, 17, 13, 0.061488740146160126
0, 311, 381, 13, 9, 0.06089744344353676
0, 191, 449, 14, 11, 0.06027953326702118
0, 454, 371, 13, 14, 0.06011950224637985
0, 308, 375, 15, 14, 0.059519946575164795
0, 1080, 191, 13, 10, 0.0588858462870121
0, 358, 429, 40, 41, 0.05741225183010101
0, 428, 409, 27, 13, 0.05699678510427475
0, 189, 445, 15, 19, 0.05657658353447914
0, 1196, 247, 53, 34, 0.05612373352050781
0, 375, 437, 11, 16, 0.0560263954102993
0, 402, 356, 33, 12, 0.0555790551006794
0, 917, 219, 12, 21, 0.055257830768823624
0, 289, 429, 13, 18, 0.0535513311624527
0, 278, 464, 10, 9, 0.05333275720477104
0, 396, 357, 20, 12, 0.053246911615133286
0, 1207, 242, 36, 29, 0.053154632449150085
0, 277, 466, 13, 15, 0.05280021205544472
0, 1194, 248, 56, 40, 0.05222291499376297
0, 977, 104, 13, 12, 0.05108343064785004
0, 979, 108, 17, 18, 0.050726912915706635
0, 210, 424, 14, 11, 0.04948357120156288
0, 1321, 766, 29, 21, 0.04858745262026787
0, 1058, 82, 16, 8, 0.04780243709683418
0, 520, 311, 17, 10, 0.047629211097955704
0, 296, 497, 12, 7, 0.04308031126856804
0, 726, 269, 15, 11, 0.04291152581572533
0, 897, 142, 10, 9, 0.03668414056301117
