0, 200, 1349, 122, 80, 0.7276814579963684
0, 140, 1344, 26, 37, 0.5326532125473022
0, 321, 399, 29, 23, 0.4667556881904602
0, 1484, 139, 96, 83, 0.4547402560710907
0, 192, 319, 94, 60, 0.4395465552806854
0, 1411, 177, 110, 104, 0.4081053137779236
0, 1070, 491, 132, 86, 0.39106592535972595
0, 1071, 489, 134, 87, 0.3893941044807434
0, 737, 377, 132, 83, 0.38453179597854614
0, 1406, 149, 66, 47, 0.3719737231731415
0, 191, 319, 103, 65, 0.3654022514820099
0, 77, 1384, 53, 36, 0.34950488805770874
0, 351, 1285, 61, 40, 0.3400682210922241
0, 1407, 159, 68, 47, 0.3274967074394226
0, 1112, 644, 121, 70, 0.31786686182022095
0, 550, 738, 132, 84, 0.286082923412323
0, 1496, 142, 62, 65, 0.2821839451789856
0, 1417, 185, 122, 115, 0.2813778221607208
0, 1404, 215, 71, 60, 0.2524920105934143
0, 139, 1345, 22, 36, 0.24776165187358856
0, 1482, 140, 82, 78, 0.24197831749916077
0, 142, 1341, 28, 37, 0.23108358681201935
0, 1426, 201, 73, 52, 0.22852547466754913
0, 363, 1269, 51, 22, 0.22206376492977142
0, 133, 1343, 32, 39, 0.21779419481754303
0, 1480, 201, 25, 36, 0.21552865207195282
0, 1410, 203, 63, 43, 0.20684494078159332
0, 834, 1109, 126, 57, 0.2056930810213089
0, 1441, 173, 187, 155, 0.20220716297626495
0, 785, 1091, 40, 23, 0.1941189467906952
0, 644, 1132, 53, 41, 0.19376754760742188
0, 503, 967, 46, 35, 0.19348956644535065
0, 1485, 201, 35, 42, 0.18973414599895477
0, 840, 1106, 148, 64, 0.18665403127670288
0, 359, 1271, 44, 19, 0.18144913017749786
0, 1452, 185, 28, 45, 0.17789757251739502
0, 359, 1279, 63, 40, 0.17723044753074646
0, 643, 1134, 76, 56, 0.17719851434230804
0, 1481, 208, 31, 38, 0.16878028213977814
0, 320, 400, 37, 32, 0.16744878888130188
0, 1433, 162, 24, 32, 0.16657425463199615
0, 373, 1277, 106, 57, 0.16514858603477478
0, 1448, 197, 33, 34, 0.16514359414577484
0, 414, 1265, 37, 37, 0.16493871808052063
0, 535, 371, 106, 68, 0.16431722044944763
0, 1436, 184, 57, 54, 0.16299505531787872
0, 1520, 179, 42, 35, 0.16222737729549408
0, 540, 369, 95, 66, 0.16159409284591675
0, 344, 1301, 38, 21, 0.1593078374862671
0, 809, 1124, 54, 23, 0.15826450288295746
0, 802, 1123, 77, 27, 0.15819227695465088
0, 641, 1138, 50, 43, 0.15802881121635437
0, 1118, 644, 109, 68, 0.15043480694293976
0, 789, 1091, 54, 29, 0.14976336061954498
0, 1478, 187, 27, 34, 0.149248406291008
0, 1485, 212, 30, 28, 0.14894326031208038
0, 1120, 473, 31, 38, 0.14883190393447876
0, 815, 1112, 93, 50, 0.14813818037509918
0, 355, 1297, 45, 29, 0.14733855426311493
0, 77, 1392, 55, 46, 0.14729110896587372
0, 1477, 126, 76, 58, 0.14697638154029846
0, 208, 1346, 99, 71, 0.14437492191791534
0, 405, 1275, 36, 34, 0.14326046407222748
0, 401, 1271, 43, 32, 0.1413325071334839
0, 559, 376, 56, 44, 0.1399349868297577
0, 1330, 749, 110, 105, 0.13950100541114807
0, 1367, 742, 41, 43, 0.1388559490442276
0, 481, 1238, 29, 24, 0.13885410130023956
0, 399, 1277, 31, 26, 0.13878671824932098
0, 1120, 476, 36, 47, 0.13719263672828674
0, 1427, 149, 29, 35, 0.1361376792192459
0, 1365, 746, 46, 53, 0.13590915501117706
0, 1526, 164, 35, 33, 0.13542363047599792
0, 1495, 159, 43, 47, 0.13500680029392242
0, 1403, 227, 84, 81, 0.13430453836917877
0, 482, 1232, 37, 34, 0.13401582837104797
0, 805, 1115, 74, 35, 0.13339868187904358
0, 336, 1304, 36, 22, 0.13330364227294922
0, 1535, 163, 30, 31, 0.1328737884759903
0, 1531, 175, 40, 35, 0.13161908090114594
0, 1496, 182, 38, 25, 0.13157585263252258
0, 1512, 145, 36, 39, 0.1306646466255188
0, 1385, 162, 47, 44, 0.12927858531475067
0, 342, 1306, 39, 25, 0.12862993776798248
0, 467, 1233, 32, 28, 0.1284746527671814
0, 650, 1126, 41, 32, 0.12809115648269653
0, 129, 1348, 21, 35, 0.12785738706588745
0, 1075, 491, 56, 58, 0.12593410909175873
0, 538, 375, 86, 49, 0.12573423981666565
0, 370, 693, 26, 29, 0.1246333047747612
0, 526, 737, 119, 77, 0.12447486072778702
0, 1126, 474, 46, 38, 0.1237713173031807
0, 370, 693, 29, 33, 0.12185148149728775
0, 1428, 218, 43, 30, 0.12170260399580002
0, 1344, 753, 97, 86, 0.12068939208984375
0, 1162, 474, 43, 28, 0.12034692615270615
0, 144, 294, 21, 23, 0.11925903707742691
0, 461, 1237, 31, 28, 0.11912626773118973
0, 769, 1140, 29, 16, 0.11858207732439041
0, 206, 1354, 109, 76, 0.11803176254034042
0, 1498, 127, 51, 55, 0.1179974153637886
0, 1387, 219, 39, 39, 0.11665105819702148
0, 770, 1139, 31, 18, 0.11653009057044983
0, 1401, 183, 48, 40, 0.11570432782173157
0, 1194, 676, 42, 29, 0.11510281264781952
0, 888, 940, 50, 34, 0.11449527740478516
0, 500, 966, 40, 32, 0.11352764070034027
0, 430, 1228, 39, 33, 0.11351305991411209
0, 1193, 675, 41, 28, 0.11295758187770844
0, 784, 1103, 31, 12, 0.11246100068092346
0, 736, 381, 90, 68, 0.11195577681064606
0, 643, 1120, 47, 27, 0.11148769408464432
0, 1452, 122, 32, 31, 0.11126071959733963
0, 434, 1237, 50, 43, 0.1110767275094986
0, 1375, 745, 39, 36, 0.1108819842338562
0, 1193, 674, 42, 29, 0.11085096746683121
0, 771, 1139, 36, 19, 0.1108023077249527
0, 1081, 484, 34, 33, 0.11078567802906036
0, 193, 1354, 97, 73, 0.11002964526414871
0, 502, 738, 20, 19, 0.10990995168685913
0, 1368, 159, 27, 27, 0.10981028527021408
0, 1033, 500, 51, 52, 0.10979320108890533
0, 142, 289, 21, 21, 0.10965543985366821
0, 531, 724, 77, 50, 0.10949558019638062
0, 1318, 776, 47, 37, 0.10944384336471558
0, 1032, 500, 47, 52, 0.10929718613624573
0, 422, 1223, 36, 29, 0.10777366161346436
0, 1411, 236, 38, 30, 0.10663469135761261
0, 420, 1251, 22, 16, 0.10600458085536957
0, 213, 330, 55, 37, 0.10589572787284851
0, 745, 378, 86, 66, 0.10576506704092026
0, 1482, 163, 33, 29, 0.10551703721284866
0, 210, 326, 63, 44, 0.10478231310844421
0, 532, 734, 84, 68, 0.10469058901071548
0, 455, 1240, 98, 75, 0.10391257703304291
0, 734, 385, 108, 71, 0.10390163213014603
0, 1390, 203, 29, 29, 0.10371861606836319
0, 1388, 177, 50, 50, 0.10346471518278122
0, 370, 1227, 23, 18, 0.10288210213184357
0, 192, 1346, 79, 67, 0.10283109545707703
0, 1086, 476, 50, 48, 0.10262849926948547
0, 1031, 495, 45, 44, 0.10245755314826965
0, 1038, 495, 60, 55, 0.10192862153053284
0, 617, 1137, 87, 52, 0.10165609419345856
0, 1310, 759, 35, 38, 0.10152383148670197
0, 592, 1154, 52, 27, 0.10081955790519714
0, 1336, 778, 32, 32, 0.09962921589612961
0, 1389, 146, 33, 29, 0.098923459649086
0, 449, 398, 32, 25, 0.09821160137653351
0, 1229, 704, 50, 32, 0.09815097600221634
0, 1421, 239, 28, 20, 0.09786443412303925
0, 1159, 475, 46, 42, 0.09776224195957184
0, 734, 385, 85, 63, 0.09669921547174454
0, 449, 398, 30, 24, 0.09664882719516754
0, 1277, 723, 32, 39, 0.09602679312229156
0, 419, 1219, 34, 25, 0.09578736126422882
0, 915, 1106, 79, 72, 0.09573295712471008
0, 551, 735, 67, 59, 0.0952065959572792
0, 1517, 191, 33, 35, 0.09385856240987778
0, 934, 1110, 66, 73, 0.09355142712593079
0, 567, 377, 38, 34, 0.09229973703622818
0, 994, 1081, 76, 75, 0.09213481098413467
0, 1292, 721, 71, 52, 0.09205426275730133
0, 1075, 478, 38, 37, 0.09189628064632416
0, 1241, 704, 43, 29, 0.0909339040517807
0, 1301, 665, 37, 30, 0.09081738442182541
0, 588, 1157, 45, 32, 0.09008225053548813
0, 992, 654, 94, 66, 0.09007380157709122
0, 1363, 729, 29, 28, 0.08956041932106018
0, 629, 1151, 34, 25, 0.08944409340620041
0, 691, 384, 34, 42, 0.08875709772109985
0, 1287, 715, 65, 50, 0.08870601654052734
0, 62, 1387, 38, 47, 0.08855818212032318
0, 583, 1154, 31, 23, 0.08812806755304337
0, 873, 1105, 36, 26, 0.08812147378921509
0, 169, 308, 43, 36, 0.08779244869947433
0, 1450, 164, 26, 45, 0.08772821724414825
0, 996, 1071, 56, 46, 0.08682812750339508
0, 1367, 150, 26, 25, 0.0867653489112854
0, 462, 1209, 43, 23, 0.08676531165838242
0, 165, 304, 32, 25, 0.08670002967119217
0, 321, 1244, 36, 27, 0.08635714650154114
0, 903, 1102, 221, 92, 0.08630358427762985
0, 939, 1130, 26, 35, 0.08567263185977936
0, 633, 1122, 35, 20, 0.08548732101917267
0, 806, 954, 22, 30, 0.0849248468875885
0, 692, 386, 38, 54, 0.08487945050001144
0, 400, 358, 23, 19, 0.08469188958406448
0, 506, 751, 25, 37, 0.08382580429315567
0, 1097, 642, 71, 53, 0.0836002379655838
0, 187, 306, 35, 28, 0.083591528236866
0, 1276, 694, 130, 106, 0.08307325839996338
0, 1076, 503, 43, 51, 0.08305635303258896
0, 980, 659, 80, 60, 0.08293167501688004
0, 810, 959, 27, 30, 0.082926906645298
0, 1456, 111, 32, 29, 0.08291199058294296
0, 496, 743, 39, 31, 0.08288174122571945
0, 1142, 648, 58, 55, 0.08273730427026749
0, 884, 940, 39, 28, 0.0824999064207077
0, 121, 284, 25, 27, 0.08234421163797379
0, 124, 287, 28, 32, 0.08207729458808899
0, 310, 416, 37, 22, 0.08198102563619614
0, 233, 333, 24, 24, 0.08154844492673874
0, 812, 960, 32, 36, 0.08131888508796692
0, 1029, 1078, 186, 115, 0.08121350407600403
0, 1320, 724, 53, 41, 0.08114015311002731
0, 1453, 140, 47, 72, 0.08100563287734985
0, 744, 974, 28, 31, 0.08078040182590485
0, 1339, 727, 39, 33, 0.08027041703462601
0, 438, 1263, 22, 19, 0.08013899624347687
0, 667, 1114, 22, 21, 0.0790853351354599
0, 1044, 1063, 163, 100, 0.07864536345005035
0, 1006, 649, 43, 37, 0.0784243494272232
0, 748, 1116, 122, 33, 0.07793690264225006
0, 346, 644, 19, 39, 0.07782997190952301
0, 873, 1093, 41, 31, 0.0778241753578186
0, 1046, 1045, 28, 17, 0.07763134688138962
0, 58, 1386, 28, 33, 0.07698256522417068
0, 1070, 1038, 85, 43, 0.07689724862575531
0, 737, 972, 43, 40, 0.07669316977262497
0, 711, 1113, 43, 18, 0.0766773372888565
0, 992, 657, 63, 57, 0.07582251727581024
0, 831, 344, 193, 108, 0.0756574347615242
0, 1016, 642, 32, 27, 0.07521384209394455
0, 340, 1241, 53, 24, 0.0750483050942421
0, 905, 1128, 33, 30, 0.07479934394359589
0, 411, 734, 36, 33, 0.0744013711810112
0, 723, 1115, 62, 22, 0.0739670842885971
0, 808, 961, 40, 47, 0.07396429032087326
0, 237, 1342, 41, 49, 0.0736391618847847
0, 719, 1120, 49, 20, 0.07265010476112366
0, 885, 1092, 78, 48, 0.07262321561574936
0, 715, 1120, 53, 21, 0.07254952937364578
0, 80, 1413, 15, 15, 0.07254332304000854
0, 414, 733, 52, 40, 0.07210160046815872
0, 963, 1109, 21, 28, 0.07198646664619446
0, 918, 1084, 52, 38, 0.07197011262178421
0, 1477, 107, 25, 23, 0.07188337296247482
0, 847, 354, 71, 48, 0.07156803458929062
0, 548, 725, 46, 37, 0.07101623713970184
0, 57, 1396, 21, 24, 0.07054255157709122
0, 282, 375, 27, 24, 0.0701911598443985
0, 1116, 514, 22, 25, 0.07014235854148865
0, 345, 655, 29, 76, 0.07009581476449966
0, 168, 1358, 39, 52, 0.06977330893278122
0, 929, 365, 23, 28, 0.06943599134683609
0, 1098, 1035, 53, 40, 0.06913678348064423
0, 1312, 742, 31, 28, 0.0688810721039772
0, 311, 1248, 29, 23, 0.06816574931144714
0, 1290, 671, 71, 62, 0.06808565557003021
0, 882, 301, 39, 34, 0.06792420893907547
0, 535, 350, 89, 32, 0.06775452941656113
0, 1497, 107, 28, 24, 0.06738936901092529
0, 976, 1108, 46, 35, 0.06719601154327393
0, 963, 354, 25, 28, 0.0671330988407135
0, 878, 298, 28, 25, 0.06690066307783127
0, 324, 1313, 28, 21, 0.0668928474187851
0, 413, 734, 75, 59, 0.06632601469755173
0, 1095, 1036, 48, 34, 0.06606543064117432
0, 1095, 454, 29, 22, 0.06592968851327896
0, 756, 335, 37, 25, 0.0657787099480629
0, 350, 747, 18, 21, 0.06563066691160202
0, 915, 1080, 27, 22, 0.06547451764345169
0, 929, 1084, 41, 26, 0.06519490480422974
0, 393, 645, 26, 40, 0.06498702615499496
0, 713, 389, 64, 54, 0.06485631316900253
0, 1378, 254, 31, 32, 0.0645732432603836
0, 929, 362, 36, 38, 0.06400517374277115
0, 532, 351, 82, 33, 0.06382964551448822
0, 639, 959, 24, 24, 0.06362687051296234
0, 150, 352, 25, 31, 0.06362421065568924
0, 1244, 684, 55, 32, 0.06358668208122253
0, 342, 364, 13, 19, 0.06352705508470535
0, 1084, 522, 20, 23, 0.06339748203754425
0, 363, 643, 48, 68, 0.06337999552488327
0, 502, 387, 32, 31, 0.06284797936677933
0, 638, 967, 26, 31, 0.06262262165546417
0, 1143, 453, 40, 23, 0.06162727624177933
0, 1081, 1036, 57, 35, 0.06154116988182068
0, 1111, 1031, 38, 40, 0.06095639988780022
0, 866, 376, 33, 24, 0.06088784337043762
0, 209, 395, 26, 32, 0.060357242822647095
0, 940, 282, 34, 34, 0.06009455770254135
0, 830, 334, 39, 35, 0.059984754770994186
0, 274, 350, 34, 27, 0.059587445110082626
0, 330, 640, 17, 27, 0.059440333396196365
0, 1498, 267, 686, 673, 0.058625005185604095
0, 1537, 951, 21, 17, 0.05832936242222786
0, 781, 341, 41, 23, 0.057086292654275894
0, 924, 1079, 423, 179, 0.05500492826104164
0, 218, 1324, 43, 35, 0.054419972002506256
0, 558, 347, 54, 24, 0.05436434969305992
0, 236, 1323, 29, 30, 0.0528898686170578
0, 101, 1345, 20, 26, 0.052410949021577835
0, 944, 640, 24, 19, 0.050608206540346146
0, 189, 1326, 31, 28, 0.049516282975673676
0, 806, 319, 64, 53, 0.04799612984061241
0, 170, 1327, 26, 29, 0.045578017830848694
0, 612, 394, 53, 46, 0.04225942865014076
0, 262, 1424, 409, 363, 0.0351514108479023
