0, 585, 406, 90, 118, 0.5931404232978821
0, 321, 1169, 134, 146, 0.588707447052002
0, 596, 1259, 104, 114, 0.580980658531189
0, 281, 731, 57, 145, 0.4191111624240875
0, 1298, 514, 81, 76, 0.41140586137771606
0, 237, 879, 45, 35, 0.35903453826904297
0, 1167, 797, 40, 74, 0.3503638207912445
0, 202, 853, 45, 49, 0.3445579707622528
0, 325, 1152, 124, 145, 0.2875806391239166
0, 181, 866, 70, 79, 0.2536650598049164
0, 514, 1057, 109, 57, 0.22694462537765503
0, 1299, 513, 80, 64, 0.21782302856445312
0, 523, 1056, 85, 46, 0.21660922467708588
0, 280, 756, 51, 85, 0.20924831926822662
0, 281, 750, 51, 83, 0.2010747343301773
0, 1318, 314, 33, 30, 0.2007659375667572
0, 167, 874, 25, 48, 0.19225972890853882
0, 166, 861, 27, 45, 0.19173331558704376
0, 475, 689, 34, 37, 0.18558640778064728
0, 1282, 533, 34, 35, 0.1811085045337677
0, 517, 1103, 113, 43, 0.18105849623680115
0, 521, 1117, 119, 73, 0.17952877283096313
0, 809, 198, 31, 46, 0.17684289813041687
0, 208, 848, 20, 33, 0.17421922087669373
0, 519, 1104, 107, 37, 0.17327429354190826
0, 1165, 598, 39, 52, 0.17026497423648834
0, 475, 473, 75, 40, 0.16700968146324158
0, 1027, 842, 77, 63, 0.16550526022911072
0, 976, 825, 21, 33, 0.15860410034656525
0, 477, 473, 74, 39, 0.15666024386882782
0, 279, 686, 45, 55, 0.154275044798851
0, 108, 527, 43, 55, 0.15326562523841858
0, 183, 856, 29, 29, 0.15325528383255005
0, 820, 196, 59, 60, 0.1529528647661209
0, 213, 847, 21, 28, 0.15288203954696655
0, 1164, 599, 40, 52, 0.15269488096237183
0, 461, 477, 110, 56, 0.15216323733329773
0, 169, 891, 22, 29, 0.14926230907440186
0, 1025, 823, 38, 20, 0.14779186248779297
0, 459, 690, 49, 35, 0.1458900272846222
0, 517, 1101, 94, 28, 0.1457807868719101
0, 1329, 626, 51, 48, 0.14536039531230927
0, 148, 563, 25, 31, 0.14529097080230713
0, 239, 880, 41, 31, 0.1452394276857376
0, 901, 127, 22, 25, 0.14474155008792877
0, 1027, 853, 44, 39, 0.1444590985774994
0, 530, 1056, 72, 46, 0.14439746737480164
0, 476, 475, 78, 45, 0.14347590506076813
0, 147, 563, 26, 33, 0.14307063817977905
0, 475, 476, 78, 46, 0.14235635101795197
0, 127, 778, 27, 29, 0.14166054129600525
0, 1165, 602, 35, 41, 0.14154309034347534
0, 458, 691, 46, 39, 0.14130432903766632
0, 1170, 801, 40, 71, 0.14070600271224976
0, 184, 879, 30, 58, 0.14062663912773132
0, 900, 126, 21, 23, 0.13815893232822418
0, 235, 879, 41, 32, 0.13749805092811584
0, 1287, 540, 22, 24, 0.1369105726480484
0, 495, 1012, 61, 49, 0.13672462105751038
0, 1027, 852, 63, 60, 0.13646908104419708
0, 447, 691, 23, 23, 0.13639624416828156
0, 1076, 847, 40, 33, 0.13472729921340942
0, 126, 777, 27, 30, 0.13426987826824188
0, 447, 691, 22, 25, 0.13324052095413208
0, 1169, 800, 34, 68, 0.1320134997367859
0, 981, 770, 27, 15, 0.13191764056682587
0, 592, 1246, 78, 81, 0.1318846046924591
0, 1034, 822, 33, 22, 0.13086099922657013
0, 980, 769, 24, 14, 0.13041967153549194
0, 186, 849, 25, 37, 0.12978719174861908
0, 981, 770, 27, 17, 0.12928201258182526
0, 185, 894, 24, 36, 0.12910765409469604
0, 1317, 308, 28, 23, 0.12900307774543762
0, 438, 441, 21, 24, 0.1288267821073532
0, 1335, 632, 51, 43, 0.12834282219409943
0, 471, 691, 31, 42, 0.12784206867218018
0, 1412, 658, 33, 35, 0.1262684166431427
0, 805, 200, 21, 30, 0.12492922693490982
0, 535, 1101, 74, 26, 0.12484601885080338
0, 940, 1137, 23, 34, 0.12422602623701096
0, 1078, 847, 41, 25, 0.12366308271884918
0, 480, 409, 58, 66, 0.12341377139091492
0, 1079, 847, 37, 27, 0.12339213490486145
0, 108, 514, 26, 26, 0.12290758639574051
0, 1298, 500, 72, 41, 0.12262242287397385
0, 1322, 614, 45, 42, 0.12228455394506454
0, 327, 839, 46, 42, 0.12213393300771713
0, 989, 829, 14, 29, 0.12138420343399048
0, 1326, 629, 55, 49, 0.120285764336586
0, 546, 1102, 74, 32, 0.1199474185705185
0, 482, 399, 44, 39, 0.11962404102087021
0, 478, 415, 69, 78, 0.11953828483819962
0, 437, 443, 18, 19, 0.11879996210336685
0, 1076, 847, 44, 39, 0.11874674260616302
0, 120, 547, 25, 29, 0.11807984113693237
0, 1299, 527, 65, 49, 0.11798172444105148
0, 904, 134, 22, 30, 0.11785989254713058
0, 989, 828, 20, 35, 0.11785955727100372
0, 937, 1134, 36, 56, 0.11767338216304779
0, 279, 695, 49, 69, 0.11758557707071304
0, 476, 695, 83, 59, 0.11734984070062637
0, 938, 1142, 31, 47, 0.11623220145702362
0, 499, 1100, 72, 29, 0.11543259024620056
0, 501, 1102, 76, 38, 0.11509257555007935
0, 938, 1143, 31, 47, 0.11476293951272964
0, 1039, 845, 94, 63, 0.11453332751989365
0, 1163, 788, 30, 52, 0.11432444304227829
0, 873, 244, 44, 36, 0.11364371329545975
0, 1303, 607, 16, 21, 0.11356576532125473
0, 1341, 637, 24, 28, 0.11192181706428528
0, 165, 850, 16, 28, 0.11121448874473572
0, 516, 1060, 65, 30, 0.11079394817352295
0, 596, 1266, 73, 96, 0.11033623665571213
0, 1014, 824, 51, 35, 0.10966163128614426
0, 824, 204, 69, 83, 0.1089867576956749
0, 594, 1232, 56, 46, 0.10840684920549393
0, 318, 1169, 96, 108, 0.10795670002698898
0, 809, 206, 31, 55, 0.10640928894281387
0, 121, 533, 62, 68, 0.10569800436496735
0, 537, 1137, 167, 225, 0.10535036772489548
0, 269, 691, 28, 41, 0.10529522597789764
0, 829, 185, 32, 30, 0.10504581034183502
0, 1309, 313, 19, 19, 0.10493729263544083
0, 876, 240, 46, 32, 0.10479757189750671
0, 583, 404, 83, 106, 0.1046476885676384
0, 1409, 658, 32, 31, 0.10450069606304169
0, 125, 534, 78, 80, 0.10400541126728058
0, 111, 544, 23, 24, 0.10374884307384491
0, 876, 1120, 40, 36, 0.10363442450761795
0, 264, 702, 24, 30, 0.10353842377662659
0, 583, 1243, 67, 66, 0.10259278118610382
0, 873, 1114, 30, 23, 0.10206770896911621
0, 504, 1060, 83, 40, 0.10198653489351273
0, 1416, 658, 20, 28, 0.1016349270939827
0, 331, 862, 33, 23, 0.10161086171865463
0, 1020, 841, 45, 48, 0.10158946365118027
0, 877, 1114, 26, 20, 0.10068131983280182
0, 592, 413, 72, 102, 0.10063391178846359
0, 584, 1231, 55, 47, 0.10058485716581345
0, 1408, 658, 30, 31, 0.10042773187160492
0, 334, 833, 35, 30, 0.09900884330272675
0, 326, 863, 32, 24, 0.09870456159114838
0, 517, 1127, 53, 23, 0.0982699766755104
0, 125, 545, 75, 69, 0.09790723770856857
0, 116, 510, 21, 20, 0.09602522104978561
0, 335, 833, 35, 34, 0.09582414478063583
0, 1272, 526, 23, 27, 0.09514285624027252
0, 328, 832, 30, 26, 0.0941089391708374
0, 1320, 522, 35, 34, 0.09376643598079681
0, 808, 375, 27, 24, 0.09339206665754318
0, 1296, 545, 19, 17, 0.09238136559724808
0, 506, 1131, 56, 27, 0.092237189412117
0, 532, 1124, 39, 21, 0.0916934385895729
0, 246, 1084, 48, 78, 0.09160864353179932
0, 482, 1096, 42, 16, 0.09137905389070511
0, 308, 1183, 93, 101, 0.09137684106826782
0, 1321, 525, 30, 27, 0.09122088551521301
0, 808, 184, 30, 36, 0.09114064276218414
0, 876, 250, 58, 56, 0.0911215990781784
0, 154, 856, 21, 38, 0.09085237979888916
0, 267, 748, 26, 49, 0.09063388407230377
0, 914, 1170, 25, 31, 0.0906134843826294
0, 929, 1115, 43, 57, 0.08955062180757523
0, 285, 718, 31, 32, 0.08950578421354294
0, 1167, 570, 22, 21, 0.08948676288127899
0, 488, 406, 64, 64, 0.08948025852441788
0, 896, 1076, 98, 121, 0.0892530009150505
0, 502, 1064, 87, 34, 0.08892417699098587
0, 870, 249, 38, 37, 0.08813277631998062
0, 264, 748, 18, 36, 0.08774349838495255
0, 194, 894, 21, 31, 0.08733803033828735
0, 951, 412, 17, 20, 0.08705998212099075
0, 485, 1014, 34, 35, 0.08705823868513107
0, 887, 1050, 63, 63, 0.08692201226949692
0, 490, 396, 26, 25, 0.08645668625831604
0, 1265, 220, 19, 24, 0.08642850071191788
0, 505, 1144, 40, 32, 0.085714191198349
0, 542, 1170, 51, 43, 0.08567299693822861
0, 1318, 326, 24, 34, 0.08542497456073761
0, 262, 710, 32, 48, 0.08495950698852539
0, 1124, 437, 45, 36, 0.08481944352388382
0, 554, 1099, 46, 20, 0.08455806970596313
0, 152, 637, 20, 26, 0.08442667871713638
0, 151, 636, 16, 19, 0.08437816798686981
0, 322, 1155, 93, 74, 0.08387074619531631
0, 887, 197, 39, 34, 0.0836542472243309
0, 330, 901, 24, 25, 0.08337036520242691
0, 699, 1167, 20, 27, 0.08290571719408035
0, 283, 781, 29, 41, 0.08279158174991608
0, 902, 1118, 104, 163, 0.0825449675321579
0, 565, 1143, 32, 16, 0.08238736540079117
0, 564, 1141, 38, 23, 0.08181996643543243
0, 602, 405, 50, 78, 0.08145797252655029
0, 485, 444, 30, 25, 0.08137292414903641
0, 843, 184, 31, 27, 0.08130517601966858
0, 652, 1095, 55, 60, 0.08108527958393097
0, 1178, 821, 20, 28, 0.08074304461479187
0, 240, 716, 23, 40, 0.08049269765615463
0, 539, 1148, 68, 45, 0.07994649559259415
0, 161, 582, 21, 21, 0.07962804287672043
0, 1043, 862, 28, 25, 0.07961127161979675
0, 1122, 436, 55, 52, 0.07957005500793457
0, 576, 359, 47, 38, 0.07940723747015
0, 1116, 430, 41, 34, 0.07923182100057602
0, 491, 697, 64, 55, 0.07915487140417099
0, 516, 1146, 60, 35, 0.07914944738149643
0, 942, 1165, 26, 48, 0.07910897582769394
0, 650, 775, 16, 37, 0.07907288521528244
0, 1008, 835, 35, 40, 0.07878555357456207
0, 241, 711, 24, 42, 0.07800593972206116
0, 598, 1284, 58, 62, 0.0779045820236206
0, 886, 1039, 57, 47, 0.07785213738679886
0, 652, 1100, 62, 76, 0.07781092822551727
0, 945, 814, 20, 22, 0.07759949564933777
0, 249, 1077, 31, 60, 0.07717609405517578
0, 485, 445, 34, 26, 0.07711838185787201
0, 547, 1172, 60, 35, 0.07697363942861557
0, 650, 772, 16, 29, 0.07690521329641342
0, 186, 574, 27, 67, 0.07677436619997025
0, 886, 191, 36, 31, 0.07634404301643372
0, 484, 447, 34, 22, 0.07447642832994461
0, 723, 1150, 24, 38, 0.07426506280899048
0, 943, 814, 21, 20, 0.0739143043756485
0, 880, 198, 22, 25, 0.0738702341914177
0, 481, 1074, 48, 18, 0.07386666536331177
0, 398, 1260, 666, 742, 0.07377219945192337
0, 580, 414, 74, 90, 0.0737275779247284
0, 773, 488, 22, 29, 0.0734926164150238
0, 727, 1149, 28, 40, 0.07343938201665878
0, 943, 1181, 25, 40, 0.07342823594808578
0, 564, 1138, 32, 16, 0.07329706102609634
0, 323, 1112, 85, 66, 0.07293222844600677
0, 280, 1224, 24, 39, 0.07287739217281342
0, 802, 179, 23, 20, 0.07263898849487305
0, 285, 1214, 31, 40, 0.07223568111658096
0, 185, 580, 23, 57, 0.07191275805234909
0, 1263, 206, 23, 29, 0.07189807295799255
0, 886, 1071, 64, 49, 0.07138875126838684
0, 823, 246, 25, 31, 0.07132218778133392
0, 225, 1300, 47, 47, 0.07116566598415375
0, 822, 243, 23, 30, 0.06972074508666992
0, 163, 607, 19, 16, 0.06923120468854904
0, 462, 433, 66, 40, 0.06910501420497894
0, 1282, 495, 40, 32, 0.0686459019780159
0, 245, 741, 14, 24, 0.0677541121840477
0, 123, 664, 16, 20, 0.06733861565589905
0, 320, 1194, 80, 65, 0.06677672266960144
0, 282, 794, 22, 34, 0.06629493087530136
0, 913, 1091, 55, 55, 0.06599456816911697
0, 233, 713, 20, 49, 0.06586353480815887
0, 848, 685, 22, 25, 0.06578995287418365
0, 161, 510, 15, 19, 0.06559444218873978
0, 658, 1012, 41, 26, 0.06538157910108566
0, 1317, 287, 31, 19, 0.0653061792254448
0, 232, 707, 19, 50, 0.0652698501944542
0, 863, 846, 38, 31, 0.06501030921936035
0, 613, 1287, 40, 57, 0.06487848609685898
0, 1280, 510, 37, 46, 0.06480861455202103
0, 679, 1155, 24, 37, 0.06466083973646164
0, 471, 1026, 36, 32, 0.06373072415590286
0, 209, 623, 18, 16, 0.0637042447924614
0, 579, 372, 54, 53, 0.0634717047214508
0, 1034, 1232, 31, 32, 0.06343872100114822
0, 420, 490, 36, 35, 0.06330820918083191
0, 299, 1208, 35, 37, 0.06307733058929443
0, 583, 1283, 27, 42, 0.06239572539925575
0, 669, 1118, 99, 111, 0.062392931431531906
0, 322, 1132, 68, 48, 0.06193304434418678
0, 111, 768, 22, 25, 0.06177898868918419
0, 1321, 351, 21, 16, 0.061723653227090836
0, 1039, 1237, 31, 29, 0.061152298003435135
0, 864, 848, 25, 23, 0.06064651161432266
0, 808, 658, 20, 21, 0.06025638058781624
0, 540, 1222, 24, 31, 0.06017065793275833
0, 462, 1031, 45, 38, 0.06007242947816849
0, 746, 704, 25, 28, 0.0597602054476738
0, 578, 1269, 28, 48, 0.05970674753189087
0, 1346, 395, 17, 21, 0.05943823233246803
0, 319, 1090, 44, 27, 0.05833527073264122
0, 185, 821, 25, 33, 0.05734864994883537
0, 1264, 241, 18, 23, 0.05722394958138466
0, 436, 484, 66, 55, 0.0569995678961277
0, 206, 1309, 23, 23, 0.05605064705014229
0, 298, 1225, 112, 100, 0.055543847382068634
0, 1158, 471, 15, 19, 0.0552339144051075
0, 759, 544, 18, 19, 0.053986743092536926
0, 594, 1191, 37, 35, 0.053932249546051025
0, 151, 508, 18, 19, 0.05335400626063347
0, 669, 1207, 27, 37, 0.051564496010541916
0, 1281, 256, 16, 17, 0.05023416504263878
0, 244, 950, 42, 28, 0.049153875559568405
0, 770, 196, 17, 18, 0.04843154922127724
0, 1358, 507, 26, 30, 0.04773835465312004
0, 523, 429, 44, 33, 0.047684960067272186
0, 570, 1299, 114, 87, 0.04648318514227867
0, 1393, 661, 52, 44, 0.046290669590234756
0, 433, 1146, 22, 14, 0.04567854106426239
0, 928, 776, 42, 37, 0.044985368847846985
0, 205, 1040, 51, 37, 0.04462147876620293
0, 922, 398, 16, 19, 0.044292010366916656
