0, 349.0, 115.0, 17.0, 17.0, 0.6240096688270569
0, 868.0, 565.0, 18.0, 21.0, 0.6223891973495483
0, 446.0, 471.0, 14.0, 15.0, 0.6178625822067261
0, 127.0, 227.0, 18.0, 15.0, 0.593316376209259
0, 161.0, 269.0, 18.0, 15.0, 0.566463828086853
0, 60.0, 195.0, 17.0, 18.0, 0.5596233606338501
0, 42.0, 274.0, 17.0, 18.0, 0.5588546395301819
0, 99.0, 138.0, 16.0, 15.0, 0.5449222326278687
0, 114.0, 127.0, 18.0, 16.0, 0.5376388430595398
0, 106.0, 190.0, 17.0, 18.0, 0.5370124578475952
0, 357.0, 276.0, 16.0, 21.0, 0.5360676646232605
0, 563.0, 277.0, 21.0, 20.0, 0.5340615510940552
0, 208.0, 406.0, 16.0, 15.0, 0.5324429869651794
0, 469.0, 271.0, 21.0, 18.0, 0.5314648747444153
0, 284.0, 430.0, 17.0, 21.0, 0.5287342071533203
0, 559.0, 257.0, 19.0, 18.0, 0.5268279910087585
0, 59.0, 158.0, 17.0, 18.0, 0.5227184891700745
0, 102.0, 82.0, 16.0, 21.0, 0.5178349614143372
0, 390.0, 943.0, 17.0, 17.0, 0.5137044191360474
0, 83.0, 207.0, 15.0, 16.0, 0.5118414759635925
0, 472.0, 472.0, 17.0, 19.0, 0.5117638111114502
0, 344.0, 441.0, 18.0, 19.0, 0.5017135143280029
