0, 335.0, 434.0, 19.0, 18.0, 0.8332741856575012
0, 754.0, 894.0, 17.0, 23.0, 0.8000916242599487
0, 398.0, 415.0, 21.0, 25.0, 0.7741677761077881
0, 314.0, 435.0, 15.0, 18.0, 0.7723860144615173
0, 370.0, 375.0, 21.0, 19.0, 0.7694448232650757
0, 336.0, 370.0, 16.0, 20.0, 0.7554464936256409
0, 230.0, 486.0, 19.0, 19.0, 0.7424258589744568
0, 304.0, 347.0, 26.0, 20.0, 0.7422594428062439
0, 254.0, 473.0, 23.0, 21.0, 0.7373735308647156
0, 362.0, 405.0, 18.0, 27.0, 0.7330760359764099
0, 360.0, 252.0, 19.0, 21.0, 0.7304308414459229
0, 290.0, 433.0, 24.0, 23.0, 0.7273823022842407
0, 218.0, 467.0, 22.0, 21.0, 0.7271934151649475
0, 312.0, 467.0, 19.0, 24.0, 0.7103931307792664
0, 482.0, 275.0, 23.0, 18.0, 0.7025269865989685
0, 411.0, 283.0, 22.0, 22.0, 0.7024808526039124
