0, 868, 541, 104, 117, 0.3380109965801239
0, 793, 561, 24, 37, 0.15935660898685455
0, 275, 434, 32, 33, 0.14879970252513885
0, 897, 546, 44, 66, 0.11690939217805862
0, 969, 526, 27, 31, 0.11652856320142746
0, 738, 284, 15, 42, 0.1137404665350914
0, 349, 468, 88, 99, 0.11360416561365128
0, 349, 940, 52, 33, 0.10239145159721375
0, 324, 435, 29, 34, 0.09684373438358307
0, 631, 177, 23, 32, 0.09651271253824234
0, 749, 289, 41, 55, 0.09281575679779053
0, 595, 494, 105, 84, 0.0909741148352623
0, 777, 508, 54, 35, 0.08932068198919296
0, 568, 490, 49, 48, 0.0889006182551384
0, 203, 416, 29, 29, 0.08878801763057709
0, 324, 930, 48, 26, 0.08460644632577896
0, 418, 1010, 44, 40, 0.08441094309091568
0, 474, 205, 20, 42, 0.07705699652433395
0, 883, 1043, 20, 35, 0.07496559619903564
0, 705, 549, 21, 32, 0.07400059700012207
0, 635, 494, 24, 45, 0.07281356304883957
0, 278, 483, 15, 18, 0.07259836792945862
0, 833, 561, 29, 48, 0.06773833185434341
0, 141, 452, 21, 27, 0.06491653621196747
0, 560, 237, 23, 49, 0.06448926031589508
0, 603, 1012, 20, 19, 0.06261691451072693
0, 658, 1031, 21, 17, 0.06115742027759552
0, 1155, 1024, 19, 23, 0.06113378703594208
0, 971, 578, 50, 36, 0.060370419174432755
0, 329, 491, 27, 32, 0.05949770286679268
0, 952, 583, 120, 52, 0.05846625939011574
0, 912, 1049, 24, 25, 0.05838431045413017
0, 389, 976, 31, 30, 0.05758810043334961
0, 853, 526, 67, 84, 0.05718741565942764
0, 699, 1055, 52, 36, 0.0560765266418457
0, 304, 471, 15, 17, 0.05588230863213539
0, 1191, 1050, 28, 21, 0.05529024824500084
0, 607, 159, 12, 23, 0.055141475051641464
0, 1118, 1013, 28, 19, 0.054029904305934906
0, 710, 548, 35, 39, 0.05373628810048103
0, 758, 562, 39, 29, 0.05197777971625328
0, 367, 972, 74, 43, 0.05192561075091362
0, 374, 186, 18, 44, 0.04856262728571892
0, 423, 510, 18, 19, 0.048328615725040436
0, 672, 278, 17, 26, 0.04734298586845398
0, 337, 934, 78, 38, 0.04675120860338211
0, 428, 199, 16, 30, 0.046046916395425797
0, 816, 979, 38, 27, 0.04548259451985359
0, 863, 515, 42, 48, 0.043658509850502014
0, 283, 971, 25, 21, 0.043633826076984406
0, 134, 439, 36, 55, 0.043621085584163666
0, 352, 970, 39, 22, 0.04223248362541199
0, 306, 424, 16, 20, 0.04115273803472519
0, 677, 536, 14, 12, 0.04096857085824013
0, 954, 576, 59, 37, 0.04072561860084534
0, 655, 1054, 26, 20, 0.03989862650632858
0, 860, 552, 19, 25, 0.03933925926685333
0, 1049, 1018, 24, 34, 0.03816443309187889
0, 129, 426, 18, 30, 0.03788738697767258
0, 156, 426, 14, 16, 0.03745667263865471
0, 1066, 1076, 43, 39, 0.03707495704293251
0, 837, 1035, 41, 26, 0.036257483065128326
0, 880, 547, 65, 92, 0.03607841953635216
0, 862, 549, 43, 88, 0.03600776940584183
0, 964, 298, 33, 28, 0.03595522791147232
0, 923, 1012, 35, 34, 0.035915475338697433
0, 1077, 1074, 24, 36, 0.03580364212393761
0, 335, 492, 45, 46, 0.03558832034468651
0, 894, 318, 43, 51, 0.03541332855820656
0, 458, 520, 24, 20, 0.03533641993999481
0, 360, 956, 97, 73, 0.03483156859874725
0, 105, 421, 12, 27, 0.03454073518514633
0, 595, 481, 58, 51, 0.03399918973445892
0, 798, 242, 37, 81, 0.033881593495607376
0, 359, 473, 35, 41, 0.03332183137536049
0, 768, 563, 70, 42, 0.03331202641129494
0, 713, 1064, 89, 57, 0.03305947035551071
0, 223, 454, 24, 17, 0.03203774243593216
0, 718, 535, 17, 16, 0.031868718564510345
0, 904, 980, 27, 40, 0.03183451667428017
0, 584, 957, 23, 15, 0.03174014389514923
0, 840, 274, 112, 143, 0.031094184145331383
0, 368, 459, 45, 64, 0.03073897399008274
0, 1056, 1027, 31, 49, 0.03004169464111328
0, 660, 207, 14, 35, 0.029785705730319023
0, 529, 518, 20, 18, 0.0297552477568388
0, 1086, 1059, 22, 28, 0.029080582782626152
0, 704, 295, 22, 30, 0.02901672199368477
0, 949, 270, 19, 20, 0.0288013257086277
0, 666, 998, 31, 22, 0.028297582641243935
0, 612, 263, 20, 25, 0.027676120400428772
0, 1145, 1075, 28, 30, 0.02729334682226181
0, 258, 134, 19, 29, 0.02723962813615799
0, 493, 981, 63, 49, 0.026768872514367104
0, 637, 540, 28, 19, 0.02676553651690483
0, 576, 473, 25, 31, 0.026412606239318848
0, 487, 516, 15, 17, 0.025274422019720078
0, 1031, 589, 26, 22, 0.02488328330218792
0, 389, 933, 21, 22, 0.0246372539550066
0, 1107, 1011, 36, 24, 0.02463122084736824
0, 833, 299, 64, 95, 0.02434726059436798
0, 370, 957, 141, 102, 0.024167155846953392
0, 1049, 1010, 19, 20, 0.02396988868713379
0, 338, 451, 20, 21, 0.023434175178408623
0, 1000, 591, 21, 21, 0.02342340722680092
0, 751, 535, 17, 17, 0.022845478728413582
0, 622, 499, 54, 72, 0.022812997922301292
0, 1025, 542, 23, 22, 0.02277323789894581
0, 617, 492, 36, 39, 0.022575128823518753
0, 355, 441, 27, 33, 0.02243627794086933
0, 745, 538, 23, 23, 0.02243572287261486
0, 1039, 1043, 19, 28, 0.022023824974894524
0, 250, 955, 46, 21, 0.02169054187834263
0, 1068, 1051, 16, 26, 0.02135307341814041
0, 862, 1004, 19, 18, 0.02080688625574112
0, 622, 949, 12, 15, 0.02079935185611248
0, 636, 1018, 13, 15, 0.020788490772247314
0, 800, 228, 31, 48, 0.0206448994576931
0, 390, 949, 32, 36, 0.020049450919032097
0, 574, 505, 46, 53, 0.019877614453434944
0, 1054, 1060, 47, 63, 0.019839594140648842
0, 705, 1064, 34, 31, 0.01960095576941967
0, 226, 875, 14, 19, 0.01959388703107834
0, 1160, 1026, 34, 30, 0.01955682411789894
0, 194, 921, 11, 12, 0.019508186727762222
0, 492, 983, 35, 37, 0.019412416964769363
0, 258, 957, 78, 43, 0.019378678873181343
0, 717, 293, 16, 34, 0.01935872808098793
0, 837, 499, 31, 32, 0.0191115140914917
0, 701, 991, 15, 16, 0.018667740747332573
0, 1063, 1041, 21, 23, 0.01843195967376232
0, 1032, 985, 15, 15, 0.01805713027715683
0, 1014, 1022, 18, 23, 0.017797820270061493
0, 222, 899, 21, 16, 0.017400912940502167
0, 1010, 1066, 16, 18, 0.01731143891811371
0, 286, 145, 13, 19, 0.017157794907689095
0, 942, 307, 113, 87, 0.01677590049803257
0, 387, 963, 53, 62, 0.016750285401940346
0, 379, 1014, 29, 19, 0.01664763130247593
0, 802, 1042, 14, 19, 0.016553563997149467
0, 786, 1019, 37, 24, 0.016504468396306038
0, 346, 906, 63, 24, 0.01636120304465294
0, 523, 1033, 21, 21, 0.016259443014860153
0, 939, 327, 29, 36, 0.01608930341899395
0, 1112, 343, 18, 13, 0.01591915264725685
0, 928, 1083, 20, 16, 0.015805035829544067
0, 761, 965, 14, 26, 0.015459633432328701
0, 996, 541, 24, 22, 0.01516683865338564
0, 907, 294, 178, 121, 0.01486976072192192
0, 826, 539, 201, 121, 0.014793988317251205
0, 213, 459, 27, 21, 0.014568949118256569
0, 1121, 991, 28, 21, 0.014472146518528461
0, 283, 487, 20, 22, 0.014390740543603897
0, 1070, 993, 20, 25, 0.014318079687654972
0, 1171, 412, 36, 26, 0.014280349016189575
0, 416, 997, 56, 68, 0.01424121018499136
0, 485, 995, 34, 22, 0.014055642299354076
0, 831, 278, 37, 50, 0.01394486054778099
0, 596, 1010, 34, 29, 0.013938339427113533
0, 384, 482, 16, 26, 0.013842619955539703
0, 401, 949, 30, 27, 0.01356588862836361
0, 986, 1036, 21, 30, 0.013551258482038975
0, 381, 472, 23, 43, 0.013378962874412537
0, 563, 164, 18, 24, 0.013255270197987556
0, 341, 942, 112, 69, 0.012916192412376404
0, 261, 914, 40, 17, 0.012862627394497395
0, 761, 289, 30, 56, 0.01273041870445013
0, 985, 1047, 20, 23, 0.012721960432827473
0, 446, 929, 20, 19, 0.01262518111616373
0, 911, 589, 31, 17, 0.01261935755610466
0, 842, 513, 51, 60, 0.012257463298738003
0, 1180, 1044, 62, 37, 0.012146443128585815
0, 959, 289, 51, 57, 0.011992279440164566
0, 741, 509, 17, 20, 0.0119631951674819
0, 852, 1046, 16, 22, 0.011621218174695969
0, 935, 569, 46, 32, 0.011548347771167755
0, 437, 143, 18, 23, 0.011477693915367126
0, 429, 971, 30, 34, 0.011388531886041164
0, 312, 482, 37, 43, 0.011282711289823055
0, 938, 524, 23, 25, 0.011050857603549957
0, 537, 1002, 14, 21, 0.011045710183680058
0, 887, 277, 15, 19, 0.010956833139061928
0, 1207, 416, 18, 42, 0.010931845754384995
0, 444, 492, 16, 17, 0.010841583833098412
0, 669, 266, 22, 51, 0.010749315842986107
0, 991, 1083, 29, 24, 0.010622070170938969
0, 800, 267, 20, 33, 0.010609013959765434
0, 766, 545, 93, 87, 0.010549130849540234
0, 813, 989, 46, 48, 0.010512418113648891
0, 565, 532, 21, 19, 0.010500985197722912
0, 957, 317, 75, 63, 0.010310733690857887
0, 602, 166, 21, 39, 0.010281291790306568
0, 654, 258, 11, 31, 0.010080285370349884
0, 654, 953, 20, 25, 0.010055757127702236
0, 860, 579, 24, 26, 0.00996333360671997
0, 285, 948, 28, 24, 0.00967406202107668
0, 770, 540, 48, 20, 0.00957866944372654
0, 1014, 1050, 25, 36, 0.009549440816044807
0, 1015, 1065, 32, 55, 0.009520682506263256
0, 478, 469, 12, 22, 0.009391489438712597
0, 1083, 993, 31, 27, 0.00932963564991951
0, 787, 558, 40, 46, 0.008883723057806492
0, 412, 969, 201, 123, 0.00851853284984827
0, 417, 951, 30, 24, 0.008484449237585068
0, 944, 530, 58, 40, 0.00844916608184576
0, 592, 172, 17, 43, 0.008339736610651016
0, 1213, 557, 36, 31, 0.008226556703448296
0, 906, 317, 65, 66, 0.008208866231143475
0, 1062, 323, 24, 15, 0.00785127840936184
0, 967, 1072, 15, 38, 0.007847156375646591
0, 427, 205, 26, 40, 0.0075862291269004345
0, 994, 584, 78, 47, 0.007523324340581894
0, 1167, 1070, 18, 14, 0.0072562070563435555
0, 1160, 408, 14, 14, 0.007208914030343294
0, 1137, 1066, 47, 45, 0.0071966699324548244
0, 1002, 1074, 54, 46, 0.007089329417794943
0, 738, 1074, 48, 40, 0.007083259988576174
0, 940, 1036, 14, 21, 0.007056180853396654
0, 1018, 1078, 26, 34, 0.006978008896112442
0, 993, 1057, 62, 80, 0.0069660344161093235
0, 390, 179, 10, 28, 0.0069410172291100025
0, 841, 312, 51, 61, 0.006935816258192062
0, 1118, 1004, 41, 36, 0.00690055638551712
0, 293, 945, 151, 62, 0.006848929449915886
0, 1167, 1037, 81, 54, 0.00680168904364109
0, 320, 173, 11, 14, 0.006751343607902527
0, 974, 314, 44, 37, 0.006694838870316744
0, 983, 322, 36, 23, 0.006566628348082304
0, 939, 992, 15, 28, 0.006558967754244804
0, 694, 292, 15, 22, 0.0065199630334973335
0, 887, 292, 29, 52, 0.0064375014044344425
0, 737, 547, 81, 52, 0.00638546422123909
0, 206, 464, 26, 25, 0.006251304876059294
0, 830, 1078, 43, 23, 0.006242069415748119
0, 750, 1067, 24, 23, 0.006065186113119125
0, 459, 1022, 23, 21, 0.0060349092818796635
0, 837, 263, 34, 37, 0.005962727591395378
0, 1018, 591, 71, 32, 0.0059613571502268314
0, 760, 521, 83, 49, 0.00595678947865963
0, 374, 167, 17, 30, 0.005893733352422714
0, 767, 968, 29, 31, 0.005801924038678408
0, 352, 927, 56, 29, 0.005757994018495083
0, 461, 1030, 24, 22, 0.005713010672479868
0, 928, 324, 35, 42, 0.005652940832078457
0, 654, 1046, 34, 37, 0.005626867990940809
0, 989, 1027, 17, 20, 0.005583315622061491
0, 146, 391, 16, 15, 0.005582751706242561
0, 1003, 1035, 44, 46, 0.005554943345487118
0, 693, 509, 19, 16, 0.005521723534911871
0, 206, 124, 16, 19, 0.0054266806691884995
0, 1123, 1053, 18, 20, 0.005235858261585236
0, 1122, 1018, 34, 30, 0.005099479574710131
0, 926, 561, 25, 25, 0.0050729368813335896
0, 1107, 1002, 61, 47, 0.005047406069934368
0, 1093, 1001, 21, 31, 0.0049904887564480305
0, 1011, 1007, 32, 33, 0.004982889164239168
0, 973, 334, 23, 21, 0.004937031771987677
0, 1012, 1020, 26, 35, 0.004890874959528446
0, 980, 1055, 32, 41, 0.0047999960370361805
0, 276, 942, 43, 23, 0.004793588072061539
0, 325, 1002, 17, 13, 0.004790966399013996
0, 521, 947, 63, 46, 0.00463217543438077
0, 436, 502, 34, 36, 0.004599778912961483
0, 461, 94, 14, 16, 0.004392342641949654
0, 884, 305, 47, 75, 0.004310314543545246
0, 799, 996, 72, 71, 0.004230952356010675
0, 692, 954, 33, 25, 0.0041954112239181995
0, 1144, 1060, 43, 29, 0.0041078925132751465
0, 534, 957, 17, 19, 0.004004850052297115
0, 467, 979, 134, 89, 0.003997313790023327
0, 921, 283, 24, 21, 0.003980657085776329
0, 335, 920, 104, 59, 0.003978987690061331
0, 741, 254, 12, 17, 0.003928475081920624
0, 321, 450, 56, 73, 0.003921638708561659
0, 961, 1085, 23, 19, 0.003911223728209734
0, 584, 541, 26, 14, 0.0038932242896407843
0, 247, 125, 16, 24, 0.003843576880171895
0, 749, 240, 17, 20, 0.0037845962215214968
0, 1009, 988, 26, 21, 0.0037468408700078726
0, 490, 1041, 20, 20, 0.0037363606970757246
0, 1114, 1024, 36, 37, 0.0037301534321159124
0, 502, 940, 28, 31, 0.0037239494267851114
0, 470, 980, 40, 33, 0.0037057597655802965
0, 194, 470, 12, 13, 0.0037036899011582136
0, 412, 945, 67, 53, 0.003627376863732934
0, 982, 1041, 34, 41, 0.003594644134864211
0, 450, 952, 23, 20, 0.0035088995937258005
0, 670, 963, 22, 15, 0.0035002485383301973
0, 925, 591, 62, 30, 0.0034825438633561134
0, 322, 145, 12, 17, 0.0033872697968035936
0, 384, 185, 22, 41, 0.003366743680089712
0, 1070, 1054, 61, 50, 0.0033068149350583553
0, 677, 954, 63, 33, 0.0032569109462201595
0, 792, 270, 140, 128, 0.003255092538893223
0, 975, 324, 63, 42, 0.003244658699259162
0, 354, 998, 24, 16, 0.0032382358331233263
0, 443, 946, 49, 51, 0.00321554415859282
0, 422, 923, 13, 19, 0.0031881886534392834
0, 204, 144, 22, 20, 0.0031520940829068422
0, 441, 148, 27, 30, 0.003113433485850692
