0, 161, 121, 122, 98, 0.5085774660110474
0, 200, 313, 130, 231, 0.13829098641872406
0, 199, 176, 52, 50, 0.1099962592124939
0, 203, 216, 57, 35, 0.0719931423664093
0, 193, 312, 75, 58, 0.07056017220020294
0, 168, 201, 139, 270, 0.056418776512145996
0, 230, 479, 22, 20, 0.031159929931163788
0, 192, 569, 8, 10, 0.03091837838292122
0, 193, 279, 72, 55, 0.030042599886655807
0, 214, 335, 31, 10, 0.030040640383958817
0, 169, 379, 22, 35, 0.029570750892162323
0, 199, 411, 37, 37, 0.027656666934490204
0, 204, 238, 23, 11, 0.02696947567164898
0, 269, 529, 13, 11, 0.02535504475235939
0, 185, 389, 63, 73, 0.024361269548535347
0, 196, 307, 96, 121, 0.024192947894334793
0, 148, 310, 14, 18, 0.023410191759467125
0, 204, 229, 75, 67, 0.022807355970144272
0, 253, 482, 14, 8, 0.018941402435302734
0, 205, 385, 105, 99, 0.018263598904013634
0, 233, 317, 271, 263, 0.01811586320400238
0, 230, 488, 26, 37, 0.01738767698407173
0, 133, 187, 33, 29, 0.016932232305407524
0, 176, 221, 127, 97, 0.015208105556666851
0, 146, 209, 51, 70, 0.013075226917862892
0, 201, 404, 23, 22, 0.012595192529261112
0, 188, 353, 13, 14, 0.0116669787093997
0, 204, 277, 49, 39, 0.010853566229343414
0, 210, 351, 50, 41, 0.01075193751603365
0, 158, 101, 80, 56, 0.010235000401735306
0, 238, 480, 38, 24, 0.010114677250385284
0, 205, 365, 52, 49, 0.009564285166561604
0, 208, 266, 36, 17, 0.0095627186819911
0, 272, 547, 12, 15, 0.009503372944891453
0, 243, 392, 11, 13, 0.008758952841162682
0, 150, 210, 27, 23, 0.00860986765474081
0, 197, 263, 92, 133, 0.008394568227231503
0, 193, 144, 36, 32, 0.008336042985320091
0, 213, 409, 71, 43, 0.008075879886746407
0, 195, 373, 23, 28, 0.008000594563782215
0, 192, 259, 22, 15, 0.007701664697378874
0, 213, 385, 67, 72, 0.007520308718085289
0, 139, 89, 35, 24, 0.0071683041751384735
0, 146, 137, 69, 52, 0.006892388686537743
0, 196, 366, 19, 17, 0.006851160898804665
0, 200, 305, 56, 25, 0.006736867129802704
0, 199, 230, 40, 28, 0.006704078987240791
0, 223, 377, 16, 16, 0.006578708998858929
0, 194, 334, 78, 81, 0.006126479245722294
0, 201, 241, 29, 20, 0.005955250933766365
0, 151, 219, 36, 46, 0.005915475077927113
0, 253, 519, 12, 10, 0.005759077612310648
0, 201, 246, 45, 40, 0.0057246801443398
0, 175, 374, 47, 49, 0.005707601085305214
0, 255, 566, 14, 8, 0.00544087216258049
0, 183, 400, 39, 41, 0.005292766727507114
0, 263, 624, 19, 19, 0.005153397563844919
0, 217, 384, 45, 45, 0.005059460178017616
0, 250, 531, 11, 9, 0.005055983550846577
0, 245, 389, 19, 19, 0.005045856814831495
0, 184, 588, 9, 7, 0.004932281095534563
0, 254, 419, 13, 14, 0.00477199861779809
0, 172, 388, 38, 52, 0.004740511532872915
0, 156, 142, 46, 36, 0.004541438072919846
0, 186, 424, 32, 28, 0.004499080125242472
0, 178, 193, 102, 76, 0.004465602338314056
0, 156, 202, 30, 24, 0.0042739021591842175
0, 238, 394, 26, 25, 0.004235527478158474
0, 178, 131, 68, 57, 0.004191078711301088
0, 261, 521, 26, 18, 0.004076447803527117
0, 216, 261, 18, 14, 0.004052037838846445
0, 178, 325, 42, 51, 0.0040479679591953754
0, 152, 230, 47, 76, 0.003957950044423342
0, 221, 411, 22, 21, 0.003946135751903057
0, 130, 139, 31, 39, 0.0038208900950849056
0, 216, 246, 40, 35, 0.003817265620455146
0, 191, 359, 23, 27, 0.0038137673400342464
0, 148, 246, 12, 12, 0.003478696569800377
0, 203, 163, 28, 23, 0.0034381593577563763
0, 173, 578, 7, 15, 0.003433678997680545
0, 234, 389, 45, 44, 0.003353880252689123
0, 210, 315, 38, 29, 0.0032964323181658983
0, 190, 410, 53, 52, 0.0032459048088639975
0, 127, 135, 45, 57, 0.003191522788256407
0, 178, 432, 14, 12, 0.003186460118740797
0, 248, 384, 17, 15, 0.0031346019823104143
0, 251, 428, 15, 21, 0.00308245955966413
0, 133, 95, 28, 24, 0.0030654664151370525
0, 181, 296, 45, 49, 0.0030302470549941063
0, 229, 403, 51, 44, 0.003018263727426529
0, 179, 357, 41, 45, 0.0029586846940219402
0, 146, 249, 31, 41, 0.002870533149689436
0, 208, 236, 55, 36, 0.002779522445052862
0, 177, 338, 27, 24, 0.0027389717288315296
0, 219, 219, 254, 309, 0.0027210889384150505
0, 327, 308, 26, 16, 0.002714174799621105
0, 254, 414, 16, 22, 0.0026463919784873724
0, 154, 190, 84, 57, 0.002641881350427866
0, 242, 487, 51, 39, 0.0025573070161044598
0, 186, 118, 21, 22, 0.002510019578039646
0, 266, 538, 26, 30, 0.002373569179326296
0, 150, 90, 57, 31, 0.0023554672952741385
0, 159, 355, 12, 14, 0.002235175808891654
0, 248, 415, 29, 30, 0.0022191551979631186
0, 168, 338, 20, 24, 0.002146797953173518
0, 142, 225, 16, 23, 0.002109193941578269
0, 162, 133, 40, 35, 0.002106430707499385
0, 259, 525, 40, 28, 0.0020874517504125834
0, 123, 145, 36, 33, 0.0020081945694983006
0, 170, 315, 21, 29, 0.0019707931205630302
0, 228, 373, 39, 34, 0.00196315860375762
0, 140, 256, 18, 19, 0.0019378481665626168
0, 150, 249, 21, 24, 0.0019090427085757256
0, 127, 156, 19, 13, 0.0017815101891756058
0, 190, 119, 33, 31, 0.0017812245059758425
0, 135, 198, 46, 53, 0.0017802099464461207
0, 212, 427, 19, 17, 0.0017401028890162706
0, 178, 284, 34, 31, 0.0015818501124158502
0, 196, 159, 42, 32, 0.0015571838011965156
0, 180, 170, 18, 13, 0.0014880656963214278
0, 190, 191, 28, 20, 0.0014337757602334023
0, 241, 380, 31, 30, 0.0014330551493912935
0, 220, 362, 48, 37, 0.0014203664613887668
0, 187, 157, 61, 52, 0.0014183869352564216
0, 194, 152, 204, 180, 0.0014117964310571551
0, 157, 218, 29, 27, 0.001403582631610334
0, 109, 119, 13, 24, 0.0013873553834855556
0, 224, 352, 24, 19, 0.0013429212849587202
0, 247, 400, 24, 29, 0.001324777607806027
0, 233, 417, 16, 15, 0.0012828136095777154
0, 136, 112, 54, 69, 0.0012793957721441984
0, 201, 438, 9, 8, 0.0012576249428093433
0, 188, 111, 25, 26, 0.0012195464223623276
0, 111, 147, 14, 21, 0.0011017895303666592
0, 251, 512, 62, 61, 0.0010541199008002877
0, 211, 417, 45, 39, 0.001018871203996241
0, 174, 526, 12, 13, 0.0009971476392820477
0, 157, 149, 66, 40, 0.0009802757995203137
0, 213, 172, 27, 29, 0.0009681304218247533
0, 160, 343, 14, 14, 0.0009618326439522207
0, 3, 749, 6, 50, 0.0009585589286871254
0, 199, 611, 12, 14, 0.0009221960208378732
0, 198, 144, 45, 58, 0.00083623529644683
0, 182, 552, 9, 12, 0.0008328683907166123
0, 150, 314, 19, 28, 0.0008320175693370402
0, 203, 589, 10, 10, 0.0008237121510319412
0, 178, 175, 60, 48, 0.0008212617831304669
0, 171, 298, 25, 32, 0.0007802347536198795
0, 251, 510, 12, 13, 0.000754796143155545
0, 185, 216, 24, 22, 0.000734397501219064
0, 169, 284, 17, 18, 0.0006983691127970815
0, 316, 305, 14, 12, 0.000692712317686528
0, 176, 96, 56, 51, 0.0006697996868751943
0, 189, 262, 47, 50, 0.000661494443193078
0, 211, 299, 34, 13, 0.0006602215580642223
0, 236, 367, 46, 63, 0.0006476105190813541
0, 159, 331, 42, 63, 0.000641621823888272
0, 253, 424, 25, 42, 0.0006370536866597831
0, 116, 126, 28, 41, 0.0006134950090199709
0, 237, 364, 26, 22, 0.0006071157986298203
0, 202, 199, 48, 14, 0.0005983667797408998
0, 252, 514, 46, 34, 0.0005949438782408834
0, 161, 245, 38, 51, 0.000588646624237299
0, 224, 241, 26, 28, 0.0005798703641630709
0, 132, 100, 40, 41, 0.0005775324534624815
0, 214, 341, 47, 26, 0.0005481220432557166
0, 144, 81, 39, 23, 0.000526824442204088
0, 100, 91, 10, 15, 0.0005133851082064211
0, 230, 417, 60, 38, 0.0005132791702635586
0, 14, 760, 13, 21, 0.0005083784344606102
0, 195, 242, 50, 67, 0.0005074333748780191
0, 211, 314, 59, 44, 0.0005027369479648769
0, 258, 443, 13, 8, 0.0004966145497746766
0, 198, 406, 83, 67, 0.0004879327316302806
0, 191, 113, 41, 68, 0.00047432270366698503
0, 137, 166, 52, 60, 0.0004636560333892703
0, 276, 552, 16, 23, 0.00046298938104882836
0, 200, 430, 45, 37, 0.00043991379789076746
0, 203, 551, 6, 9, 0.0004363258194644004
0, 377, 49, 6, 99, 0.0004315730766393244
0, 212, 267, 54, 62, 0.00042984457104466856
0, 157, 164, 27, 17, 0.0004264840390533209
0, 19, 49, 39, 98, 0.00042518237023614347
0, 255, 563, 18, 14, 0.000423114892328158
0, 175, 422, 25, 29, 0.0004185406432952732
0, 186, 435, 25, 17, 0.00040840834844857454
0, 256, 408, 17, 23, 0.0004076162585988641
0, 285, 555, 10, 22, 0.0004058563499711454
0, 372, 58, 17, 116, 0.00038432618021033704
0, 366, 753, 28, 44, 0.000374327675672248
0, 202, 478, 9, 10, 0.0003721481189131737
0, 120, 102, 49, 47, 0.0003698694927152246
0, 271, 482, 15, 13, 0.00036606116918846965
0, 203, 594, 8, 9, 0.0003618867776822299
0, 355, 42, 51, 84, 0.00035088168806396425
0, 253, 434, 20, 19, 0.000344487139955163
0, 178, 549, 15, 11, 0.0003347151505295187
0, 198, 476, 8, 11, 0.0003282373654656112
0, 137, 84, 56, 53, 0.0003226677654311061
0, 205, 155, 53, 92, 0.0003183796361554414
0, 2, 25, 5, 51, 0.0003158341278322041
0, 203, 554, 8, 10, 0.00030964455800130963
0, 247, 511, 23, 20, 0.00029585498850792646
0, 173, 581, 10, 23, 0.00029427598929032683
0, 216, 566, 7, 8, 0.0002938649558927864
0, 104, 84, 14, 15, 0.0002874741912819445
0, 153, 305, 23, 39, 0.00026875996263697743
0, 216, 223, 42, 47, 0.00026144468574784696
0, 213, 516, 7, 8, 0.0002602715394459665
0, 270, 460, 9, 8, 0.00024898527772165835
0, 377, 747, 6, 56, 0.0002483792486600578
0, 212, 764, 12, 16, 0.0002441052347421646
0, 139, 254, 28, 32, 0.00023467399296350777
0, 161, 382, 41, 58, 0.00021529132209252566
0, 163, 106, 155, 175, 0.00020044168923050165
0, 159, 82, 50, 27, 0.00019554191385395825
0, 175, 590, 10, 30, 0.0001955286570591852
0, 11, 762, 22, 25, 0.0001905955286929384
0, 246, 395, 40, 48, 0.00018844711303245276
0, 221, 318, 36, 30, 0.00018299036310054362
0, 258, 538, 52, 55, 0.00018217717297375202
0, 157, 297, 36, 55, 0.0001789359812391922
0, 379, 23, 3, 47, 0.00017886620480567217
0, 259, 486, 30, 20, 0.00017746840603649616
0, 180, 553, 15, 17, 0.00017700789612717927
0, 61, 42, 123, 85, 0.0001758971338858828
0, 102, 88, 14, 23, 0.00017281741020269692
0, 250, 501, 21, 22, 0.00017122377175837755
0, 269, 487, 15, 15, 0.0001684814051259309
0, 161, 289, 17, 22, 0.00016447690722998232
0, 187, 580, 19, 28, 0.0001586170110385865
0, 161, 299, 20, 37, 0.00015663052909076214
0, 172, 81, 46, 35, 0.00015582269406877458
0, 150, 75, 58, 52, 0.00015575214638374746
0, 214, 413, 122, 176, 0.00015379949763882905
0, 213, 300, 52, 39, 0.00015245022950693965
0, 266, 556, 38, 28, 0.0001519465004093945
0, 75, 274, 13, 8, 0.00014939358516130596
0, 273, 483, 22, 23, 0.00014719352475367486
0, 171, 287, 39, 55, 0.0001442794018657878
0, 109, 112, 30, 52, 0.00014288810780271888
0, 266, 439, 26, 32, 0.00014266021025832742
0, 187, 605, 29, 17, 0.00014190099318511784
0, 223, 342, 50, 43, 0.00013929363922215998
0, 177, 535, 23, 31, 0.00013345194747671485
0, 378, 484, 4, 113, 0.0001302027958445251
0, 345, 772, 29, 7, 0.00012939050793647766
0, 272, 433, 9, 15, 0.00012797901581507176
0, 279, 466, 31, 35, 0.00012452754890546203
0, 214, 121, 256, 242, 0.00012213370064273477
0, 271, 473, 16, 15, 0.00011786421964643523
0, 20, 102, 40, 205, 0.00011638519208645448
0, 198, 734, 11, 11, 0.00011570642527658492
0, 182, 540, 16, 16, 0.0001149368763435632
0, 190, 74, 15, 16, 0.0001147457878687419
0, 271, 453, 14, 19, 0.00011452814214862883
0, 177, 62, 61, 69, 0.00011415013432269916
0, 278, 472, 15, 18, 0.00010717916302382946
0, 344, 311, 23, 14, 0.00010604785347823054
0, 266, 459, 11, 11, 0.00010587264114292338
0, 191, 539, 11, 11, 0.0001055209941114299
0, 378, 569, 4, 116, 0.0001045817625708878
0, 312, 562, 11, 14, 0.00010453609866090119
0, 114, 81, 49, 61, 0.00010224787547485903
0, 104, 143, 15, 21, 9.7677118901629e-05
0, 368, 32, 24, 65, 9.696059714769945e-05
0, 367, 726, 26, 99, 9.613742440706119e-05
0, 205, 482, 16, 19, 9.581627818988636e-05
0, 215, 512, 13, 16, 9.375340596307069e-05
0, 11, 29, 23, 58, 9.359726391267031e-05
0, 182, 592, 14, 19, 9.318075171904638e-05
0, 72, 275, 11, 8, 9.053143730852753e-05
0, 257, 504, 19, 15, 8.939697727328166e-05
0, 224, 466, 126, 172, 8.906971197575331e-05
0, 261, 447, 14, 13, 8.849047299008816e-05
0, 261, 501, 36, 30, 8.806955884210765e-05
0, 278, 454, 23, 30, 8.771871216595173e-05
0, 343, 308, 41, 23, 8.672132389619946e-05
0, 107, 118, 22, 34, 8.572945807827637e-05
0, 216, 178, 41, 38, 8.554344094591215e-05
0, 326, 302, 35, 32, 8.38389532873407e-05
0, 215, 433, 71, 46, 8.295177394757047e-05
0, 212, 558, 9, 8, 8.240556053351611e-05
0, 372, 564, 16, 148, 8.22394504211843e-05
0, 125, 188, 56, 44, 8.164574683178216e-05
0, 230, 251, 62, 58, 8.151093061314896e-05
0, 111, 146, 36, 38, 8.020815585041419e-05
0, 197, 601, 23, 32, 8.003822586033493e-05
0, 182, 428, 45, 41, 7.968592399265617e-05
0, 178, 596, 15, 29, 7.950566214276478e-05
0, 228, 485, 95, 106, 7.932300650281832e-05
0, 264, 473, 18, 15, 7.725963223492727e-05
0, 210, 123, 65, 78, 7.700880814809352e-05
0, 170, 412, 47, 53, 7.497352635255083e-05
0, 214, 580, 11, 15, 7.400556205539033e-05
0, 157, 276, 52, 77, 7.37371010472998e-05
0, 22, 763, 40, 22, 7.350156374741346e-05
0, 227, 456, 70, 43, 7.26788493921049e-05
0, 205, 75, 26, 30, 7.267524051712826e-05
0, 230, 31, 229, 62, 7.267483306350186e-05
