0, 709, 749, 26, 29, 0.25555145740509033
0, 679, 675, 33, 50, 0.1964082270860672
0, 262, 337, 41, 27, 0.19277460873126984
0, 272, 296, 40, 38, 0.14107216894626617
0, 675, 843, 70, 147, 0.12673324346542358
0, 704, 795, 22, 21, 0.12152417749166489
0, 678, 831, 49, 78, 0.1087106317281723
0, 637, 720, 32, 50, 0.10869152098894119
0, 264, 287, 27, 21, 0.0992782786488533
0, 734, 275, 27, 21, 0.09668051451444626
0, 631, 789, 19, 23, 0.07840210944414139
0, 175, 328, 22, 29, 0.07264430075883865
0, 682, 737, 23, 29, 0.07072324305772781
0, 631, 781, 25, 41, 0.06823399662971497
0, 609, 896, 19, 17, 0.06483905017375946
0, 210, 328, 14, 20, 0.06178443506360054
0, 640, 704, 27, 23, 0.05576685816049576
0, 669, 608, 17, 24, 0.05225043743848801
0, 644, 892, 24, 25, 0.04989705979824066
0, 685, 733, 32, 42, 0.049892161041498184
0, 698, 742, 47, 51, 0.04823931306600571
0, 695, 715, 19, 23, 0.047740139067173004
0, 637, 527, 24, 25, 0.04664988070726395
0, 242, 283, 12, 16, 0.04416666179895401
0, 688, 435, 13, 13, 0.04288429021835327
0, 610, 951, 29, 28, 0.03920847922563553
0, 280, 306, 20, 17, 0.038861289620399475
0, 671, 768, 20, 33, 0.03839162364602089
0, 685, 687, 48, 73, 0.03831177204847336
0, 699, 343, 25, 26, 0.03758209943771362
0, 349, 334, 20, 22, 0.03751019388437271
0, 603, 948, 52, 45, 0.03601900115609169
0, 756, 294, 40, 85, 0.03566226363182068
0, 656, 897, 49, 49, 0.03353630006313324
0, 611, 864, 14, 20, 0.03198976069688797
0, 333, 307, 19, 19, 0.03048577718436718
0, 680, 870, 44, 63, 0.02928021363914013
0, 678, 824, 32, 58, 0.028948435559868813
0, 621, 946, 64, 45, 0.02743147499859333
0, 602, 943, 38, 30, 0.026200352236628532
0, 702, 336, 22, 19, 0.026069067418575287
0, 587, 938, 24, 22, 0.02596886269748211
0, 666, 922, 20, 18, 0.024018235504627228
0, 674, 880, 20, 27, 0.023589419201016426
0, 239, 308, 10, 15, 0.023527996614575386
0, 754, 309, 28, 52, 0.022846154868602753
0, 272, 371, 17, 19, 0.021849412471055984
0, 686, 711, 65, 122, 0.021792497485876083
0, 638, 940, 20, 25, 0.020232200622558594
0, 358, 359, 24, 20, 0.0195804201066494
0, 669, 815, 44, 95, 0.01912909932434559
0, 671, 889, 26, 38, 0.018561769276857376
0, 690, 720, 33, 36, 0.01824280433356762
0, 601, 912, 21, 20, 0.01794467680156231
0, 129, 316, 16, 14, 0.017675401642918587
0, 668, 892, 63, 76, 0.01718660444021225
0, 645, 873, 138, 200, 0.017001861706376076
0, 603, 905, 30, 32, 0.01648692972958088
0, 621, 934, 36, 25, 0.01612088643014431
0, 599, 930, 16, 16, 0.015451534651219845
0, 713, 332, 41, 20, 0.014788443222641945
0, 208, 338, 21, 45, 0.014421403408050537
0, 605, 930, 24, 19, 0.01297803781926632
0, 704, 340, 44, 34, 0.011889062821865082
0, 659, 424, 18, 15, 0.011657893657684326
0, 246, 369, 18, 28, 0.010961184278130531
0, 399, 319, 21, 19, 0.010363323614001274
0, 208, 354, 16, 15, 0.010356762446463108
0, 193, 297, 14, 13, 0.010125559754669666
0, 592, 937, 36, 31, 0.008358153514564037
0, 637, 941, 53, 42, 0.008199287578463554
0, 670, 358, 16, 14, 0.007782700937241316
0, 668, 782, 32, 65, 0.00767197459936142
0, 660, 549, 24, 16, 0.007558578625321388
0, 672, 345, 14, 24, 0.007550116628408432
0, 633, 938, 116, 71, 0.007170806173235178
0, 350, 338, 38, 45, 0.007008383050560951
0, 181, 302, 24, 18, 0.006892744451761246
0, 676, 725, 47, 59, 0.006349668372422457
0, 695, 348, 39, 40, 0.006123724393546581
0, 636, 570, 17, 18, 0.005921672098338604
0, 657, 528, 12, 21, 0.005889429710805416
0, 70, 339, 20, 21, 0.005881628952920437
0, 727, 330, 19, 17, 0.005850332323461771
0, 365, 285, 9, 18, 0.005644223187118769
0, 696, 811, 30, 48, 0.005480100866407156
0, 344, 334, 50, 75, 0.004820778034627438
0, 499, 200, 12, 16, 0.004725632257759571
0, 648, 531, 38, 28, 0.0046967132948338985
0, 699, 502, 22, 17, 0.004494147375226021
0, 655, 760, 17, 27, 0.004319439176470041
0, 247, 298, 27, 38, 0.004286040551960468
0, 210, 286, 17, 15, 0.0041942838579416275
0, 667, 386, 16, 15, 0.003852784400805831
0, 670, 791, 99, 206, 0.003769075032323599
0, 687, 317, 18, 16, 0.003715608501806855
0, 18, 267, 18, 14, 0.003641350893303752
0, 615, 924, 66, 72, 0.003322396194562316
0, 779, 210, 20, 31, 0.003263401798903942
0, 279, 373, 32, 25, 0.0031872764229774475
0, 80, 338, 43, 24, 0.003133606631308794
0, 254, 351, 36, 51, 0.0031021879985928535
0, 323, 373, 12, 13, 0.0029237098060548306
0, 782, 219, 16, 26, 0.0026959378737956285
0, 681, 793, 44, 70, 0.0026351807173341513
0, 706, 709, 29, 31, 0.0025794142857193947
0, 651, 468, 14, 17, 0.002549998927861452
0, 655, 575, 11, 20, 0.002496731234714389
0, 596, 926, 48, 63, 0.0023384843952953815
0, 660, 517, 13, 14, 0.0023228374775499105
0, 608, 879, 26, 47, 0.002281803172081709
0, 642, 749, 49, 104, 0.0022625206038355827
0, 263, 403, 15, 12, 0.002219397109001875
0, 645, 564, 45, 27, 0.0021182901691645384
0, 711, 343, 61, 58, 0.0019852963741868734
0, 684, 895, 43, 61, 0.0019556074403226376
0, 442, 21, 22, 24, 0.0019189479062333703
0, 657, 432, 16, 17, 0.0018438384868204594
0, 673, 377, 23, 18, 0.0018332055769860744
0, 708, 810, 23, 31, 0.001733513898216188
0, 686, 374, 32, 20, 0.0016041221097111702
0, 651, 924, 59, 60, 0.0015878024278208613
0, 725, 314, 81, 68, 0.0015054402174428105
0, 185, 288, 28, 20, 0.0014614424435421824
0, 179, 312, 35, 42, 0.0014533408684656024
0, 631, 562, 17, 17, 0.001421612803824246
0, 672, 451, 20, 14, 0.0013923182850703597
0, 692, 773, 57, 76, 0.0013132609892636538
0, 377, 300, 13, 18, 0.0012702606618404388
0, 699, 527, 17, 18, 0.0012642809888347983
0, 660, 524, 26, 23, 0.0012065776390954852
0, 133, 302, 18, 20, 0.001194958807900548
0, 657, 592, 9, 13, 0.0011571826180443168
0, 611, 898, 35, 33, 0.001138609484769404
0, 674, 607, 28, 35, 0.0011138831032440066
0, 268, 313, 48, 83, 0.0010173411574214697
0, 260, 370, 43, 32, 0.0009536925936117768
0, 519, 240, 21, 19, 0.0009243248496204615
0, 777, 262, 19, 31, 0.0009240333456546068
0, 683, 464, 16, 12, 0.0008807039703242481
0, 104, 295, 13, 12, 0.0008391556330025196
0, 215, 325, 25, 28, 0.0008160955039784312
0, 350, 361, 39, 31, 0.0008137286640703678
0, 678, 440, 40, 25, 0.0007821322651579976
0, 224, 337, 47, 42, 0.0007494528545066714
0, 724, 332, 72, 48, 0.0007326757768169045
0, 178, 295, 47, 36, 0.0007204585708677769
0, 99, 339, 19, 18, 0.0007170498720370233
0, 696, 920, 17, 24, 0.0007122324896045029
0, 206, 350, 27, 23, 0.0006501944153569639
0, 440, 19, 34, 34, 0.0006463597528636456
0, 761, 271, 86, 155, 0.0006294903578236699
0, 148, 300, 17, 17, 0.0006274359184317291
0, 682, 364, 40, 46, 0.0006131544942036271
0, 690, 435, 26, 19, 0.0006089528906159103
0, 650, 829, 24, 67, 0.0005833157338202
0, 662, 609, 29, 33, 0.0005750639829784632
0, 234, 312, 18, 14, 0.0005703537608496845
0, 707, 532, 26, 26, 0.0005689098034054041
0, 200, 293, 34, 20, 0.0005503057618625462
0, 686, 388, 39, 20, 0.0005352706066332757
0, 698, 509, 20, 12, 0.0005334698362275958
0, 686, 430, 23, 25, 0.0005193264223635197
0, 778, 201, 24, 27, 0.0005170907825231552
0, 697, 390, 22, 17, 0.0005097161629237235
0, 501, 275, 13, 25, 0.0004643323482014239
0, 703, 359, 52, 69, 0.0004568752192426473
0, 338, 315, 35, 39, 0.00045068899635225534
0, 662, 534, 67, 37, 0.0004186705336906016
0, 709, 748, 53, 33, 0.0004159838135819882
0, 590, 159, 14, 11, 0.00041116043576039374
0, 779, 227, 26, 41, 0.0004111474845558405
0, 209, 313, 126, 73, 0.0004073014424648136
0, 697, 537, 14, 26, 0.0004052139993291348
0, 662, 574, 25, 27, 0.0003971381520386785
0, 650, 611, 53, 36, 0.0003871995722874999
0, 741, 307, 112, 121, 0.00037578001501969993
0, 700, 298, 23, 15, 0.00036489084595814347
0, 650, 554, 41, 36, 0.0003595660673454404
0, 621, 883, 24, 45, 0.00033315454493276775
0, 345, 327, 115, 98, 0.0003330945037305355
0, 131, 308, 31, 40, 0.0003224180545657873
0, 699, 450, 16, 18, 0.0003173602162860334
0, 230, 286, 32, 21, 0.00031695200596004725
0, 655, 452, 22, 21, 0.0003107076627202332
0, 651, 524, 42, 52, 0.0003096737782470882
0, 397, 324, 64, 64, 0.00030559999868273735
0, 717, 349, 111, 82, 0.00029472270398400724
0, 894, 1176, 7, 95, 0.000289358344161883
0, 785, 227, 20, 30, 0.0002890718460548669
0, 384, 306, 25, 22, 0.00028791389195248485
0, 771, 283, 36, 90, 0.0002858927473425865
0, 367, 296, 14, 22, 0.0002846169809345156
0, 472, 278, 13, 23, 0.00028282435960136354
0, 638, 721, 53, 64, 0.0002795681357383728
0, 689, 542, 12, 14, 0.00027261636569164693
0, 552, 280, 12, 9, 0.0002716006711125374
0, 188, 336, 59, 55, 0.0002710830303840339
0, 230, 330, 122, 76, 0.000267184863332659
0, 387, 297, 52, 41, 0.0002666850050445646
0, 408, 296, 32, 21, 0.0002629262744449079
0, 710, 698, 115, 134, 0.0002557922271080315
0, 692, 681, 115, 206, 0.00024818204110488296
0, 640, 618, 19, 17, 0.0002450438041705638
0, 487, 279, 27, 24, 0.00023644448083359748
0, 744, 268, 52, 44, 0.0002347080153413117
0, 675, 530, 71, 69, 0.00023414319730363786
0, 677, 478, 60, 75, 0.0002336300676688552
0, 698, 604, 13, 19, 0.00022235910000745207
0, 377, 334, 65, 58, 0.00022060656920075417
0, 165, 328, 44, 36, 0.0002185046032536775
0, 232, 348, 66, 62, 0.0002085907181026414
0, 652, 475, 14, 27, 0.0002070473274216056
0, 2, 296, 5, 89, 0.0002049103641184047
0, 769, 233, 24, 24, 0.00020106570445932448
0, 420, 297, 26, 18, 0.00019491421699058264
0, 592, 191, 13, 10, 0.00019461133342701942
0, 694, 528, 25, 24, 0.00019260213593952358
0, 234, 304, 48, 39, 0.00019075277668889612
0, 160, 306, 85, 55, 0.00018963693582918495
0, 3, 244, 6, 154, 0.00018587487284094095
0, 297, 318, 118, 88, 0.00018377880041953176
0, 692, 349, 60, 53, 0.00018270355940330774
0, 566, 191, 15, 12, 0.00017999349802266806
0, 396, 329, 27, 40, 0.00017893905169330537
0, 650, 484, 32, 69, 0.0001746908383211121
0, 702, 536, 52, 45, 0.00017275298887398094
0, 691, 466, 37, 20, 0.0001704475871520117
0, 268, 386, 33, 46, 0.00017030039452947676
0, 37, 79, 75, 158, 0.00016981395310722291
0, 712, 651, 20, 24, 0.00016976067854557186
0, 660, 626, 55, 99, 0.00016823195619508624
0, 4, 42, 8, 85, 0.00016798653814475983
0, 362, 348, 55, 44, 0.00016672079800628126
0, 553, 240, 16, 11, 0.00016290810890495777
0, 409, 318, 49, 27, 0.00015726042329333723
0, 259, 280, 50, 42, 0.00015539626474492252
0, 680, 430, 51, 52, 0.0001553510664962232
0, 772, 209, 36, 47, 0.00014962595014367253
0, 649, 580, 47, 51, 0.00014913226186763495
0, 703, 509, 37, 37, 0.00014384723908733577
0, 544, 210, 17, 14, 0.00014223057951312512
0, 695, 441, 47, 44, 0.0001417854946339503
0, 681, 322, 229, 176, 0.00014013025793246925
0, 728, 262, 215, 230, 0.0001376147411065176
0, 128, 320, 22, 21, 0.00013678151299245656
0, 696, 301, 32, 22, 0.0001344144984614104
0, 162, 298, 48, 38, 0.00013398939336184412
0, 695, 424, 22, 17, 0.0001338444562861696
0, 674, 921, 51, 52, 0.00013277781545184553
0, 454, 278, 19, 22, 0.00013226779992692173
0, 691, 843, 149, 198, 0.00012986280489712954
0, 277, 299, 63, 50, 0.0001288135099457577
0, 672, 377, 43, 38, 0.00012676713231485337
0, 660, 445, 48, 41, 0.00012654333841055632
0, 670, 588, 59, 101, 0.00012424407759681344
0, 416, 19, 80, 38, 0.00012232520384714007
0, 674, 465, 43, 35, 0.00012187915126560256
0, 703, 286, 29, 19, 0.00012029777280986309
0, 584, 159, 16, 11, 0.0001178487145807594
0, 690, 515, 37, 30, 0.00011780647037085146
0, 732, 369, 19, 23, 0.00011718265159288421
0, 269, 356, 56, 73, 0.00011575730604818091
0, 633, 608, 24, 23, 0.00011534421355463564
0, 878, 1170, 39, 106, 0.00011189695214852691
0, 671, 362, 48, 57, 0.00011170494690304622
0, 649, 461, 26, 39, 0.00011069432366639376
0, 704, 393, 36, 20, 0.00010803843179019168
0, 688, 407, 17, 11, 0.00010717732220655307
0, 443, 208, 19, 19, 0.00010646622104104608
0, 155, 391, 28, 13, 0.00010626183939166367
0, 401, 224, 18, 15, 0.00010580290836514905
0, 704, 430, 49, 88, 0.00010493960144231096
0, 662, 411, 22, 21, 0.00010472187568666413
0, 742, 374, 65, 75, 0.00010209676111117005
0, 207, 280, 95, 84, 0.00010173824557568878
0, 701, 478, 50, 81, 0.00010050245327875018
0, 643, 962, 143, 147, 9.97323077172041e-05
0, 38, 211, 77, 408, 9.85069855232723e-05
0, 138, 318, 46, 35, 9.710143058327958e-05
0, 716, 193, 63, 77, 9.678859350970015e-05
0, 662, 505, 39, 54, 9.65589570114389e-05
0, 774, 285, 76, 90, 9.480860899202526e-05
0, 713, 633, 19, 27, 9.32683251448907e-05
0, 664, 902, 215, 271, 9.3230621132534e-05
0, 379, 335, 126, 87, 9.15650452952832e-05
0, 691, 847, 80, 102, 9.128545207204297e-05
0, 669, 673, 33, 55, 9.082040924113244e-05
0, 781, 254, 30, 36, 9.080628660740331e-05
0, 697, 191, 17, 19, 9.069526277016848e-05
0, 646, 816, 54, 102, 8.995238022180274e-05
0, 312, 308, 52, 23, 8.992965013021603e-05
0, 81, 348, 51, 43, 8.954406803241e-05
0, 17, 257, 34, 167, 8.925413567340001e-05
0, 155, 637, 13, 12, 8.887542207958177e-05
0, 703, 757, 147, 199, 8.76809936016798e-05
0, 683, 508, 49, 34, 8.691082621226087e-05
0, 642, 512, 28, 37, 8.656986756250262e-05
0, 409, 299, 47, 44, 8.426712884102017e-05
0, 163, 336, 32, 21, 8.287002128781751e-05
