0, 179, 246, 193, 110, 0.662076473236084
0, 438, 410, 80, 108, 0.5358471274375916
0, 295, 333, 158, 144, 0.3291148841381073
0, 503, 666, 35, 64, 0.0350579172372818
0, 370, 754, 17, 11, 0.034789036959409714
0, 504, 683, 20, 29, 0.03407316282391548
0, 120, 244, 66, 59, 0.03134094178676605
0, 270, 302, 221, 208, 0.025990350171923637
0, 242, 256, 57, 71, 0.025984425097703934
0, 320, 302, 90, 71, 0.01404647994786501
0, 473, 624, 26, 55, 0.013720610179007053
0, 398, 348, 29, 55, 0.01195286214351654
0, 245, 305, 65, 49, 0.010204204358160496
0, 217, 246, 99, 89, 0.010093611665070057
0, 391, 332, 14, 21, 0.009318443015217781
0, 723, 172, 7, 11, 0.008115975186228752
0, 548, 687, 11, 24, 0.007298814132809639
0, 179, 242, 89, 88, 0.005936793517321348
0, 325, 327, 91, 93, 0.005634150467813015
0, 277, 352, 91, 59, 0.005520401522517204
0, 499, 648, 19, 24, 0.005462931469082832
0, 304, 294, 56, 48, 0.004824105184525251
0, 492, 668, 13, 13, 0.004525142256170511
0, 142, 248, 112, 83, 0.00424999138340354
0, 425, 386, 49, 58, 0.004072562325745821
0, 320, 358, 99, 85, 0.003972245380282402
0, 724, 325, 11, 34, 0.003501704428344965
0, 388, 431, 10, 22, 0.003425304079428315
0, 228, 298, 29, 30, 0.003331494051963091
0, 503, 412, 13, 21, 0.0030749619472771883
0, 414, 446, 21, 36, 0.003071674844250083
0, 358, 750, 18, 8, 0.002786030061542988
0, 363, 728, 27, 19, 0.002783846342936158
0, 452, 406, 42, 45, 0.002782776951789856
0, 176, 222, 71, 44, 0.0026979567483067513
0, 445, 390, 60, 68, 0.0026088666636496782
0, 724, 201, 13, 31, 0.002526617608964443
0, 262, 346, 64, 38, 0.002459655050188303
0, 428, 420, 44, 68, 0.0024390043690800667
0, 283, 311, 130, 86, 0.0024203541688621044
0, 345, 327, 41, 62, 0.002394116949290037
0, 473, 612, 20, 28, 0.0023797827307134867
0, 540, 460, 11, 13, 0.002361864084377885
0, 393, 338, 20, 35, 0.0022279126569628716
0, 107, 248, 40, 42, 0.002215104643255472
0, 41, 240, 14, 23, 0.0021388623863458633
0, 433, 417, 31, 40, 0.002133829751983285
0, 292, 345, 34, 34, 0.0020940746180713177
0, 371, 422, 12, 17, 0.0020625924225896597
0, 409, 753, 21, 28, 0.0020589972846210003
0, 677, 892, 18, 20, 0.0020314017310738564
0, 328, 368, 62, 74, 0.0020219117868691683
0, 210, 255, 24, 41, 0.0019961625803261995
0, 332, 383, 48, 42, 0.0019351855153217912
0, 171, 253, 42, 48, 0.0018679330823943019
0, 310, 356, 47, 60, 0.0017950457986444235
0, 414, 390, 28, 36, 0.0017425456317141652
0, 430, 668, 17, 12, 0.00174014363437891
0, 406, 760, 12, 17, 0.001699656480923295
0, 160, 213, 31, 23, 0.0015060093719512224
0, 247, 339, 30, 19, 0.001497410237789154
0, 404, 693, 126, 88, 0.0014470228925347328
0, 297, 338, 26, 21, 0.0014095179503783584
0, 37, 216, 15, 18, 0.0013257337268441916
0, 512, 676, 21, 35, 0.0013133403845131397
0, 492, 645, 71, 107, 0.001292465371079743
0, 251, 342, 42, 28, 0.001280694268643856
0, 401, 758, 15, 19, 0.0012804369907826185
0, 736, 269, 9, 29, 0.0012355372309684753
0, 576, 520, 9, 13, 0.0012142828200012445
0, 309, 364, 31, 36, 0.0012082590255886316
0, 399, 753, 13, 19, 0.0011958566028624773
0, 18, 208, 21, 33, 0.0011930214241147041
0, 259, 276, 101, 109, 0.0011346600949764252
0, 409, 347, 55, 60, 0.0009941994212567806
0, 246, 326, 55, 49, 0.0009941443568095565
0, 173, 267, 38, 43, 0.0009936756687238812
0, 422, 437, 40, 54, 0.0009250649018213153
0, 430, 373, 33, 30, 0.0008731728885322809
0, 268, 307, 25, 23, 0.0008657169528305531
0, 32, 201, 61, 83, 0.0008613162208348513
0, 342, 352, 59, 81, 0.0008313978323712945
0, 265, 257, 21, 33, 0.0007690243655815721
0, 47, 171, 23, 18, 0.0007606209837831557
0, 406, 365, 17, 23, 0.000752969179302454
0, 158, 261, 68, 56, 0.0007155620842240751
0, 669, 891, 37, 21, 0.000706639199052006
0, 724, 295, 8, 16, 0.0006929041119292378
0, 166, 218, 45, 31, 0.0006215915782377124
0, 25, 212, 17, 30, 0.0006107445224188268
0, 421, 785, 19, 20, 0.0005711803678423166
0, 365, 729, 32, 35, 0.0005668492522090673
0, 224, 258, 50, 53, 0.0005566297913901508
0, 498, 654, 26, 39, 0.0005326814716681838
0, 354, 412, 15, 6, 0.0005228800582699478
0, 420, 741, 82, 70, 0.0005013601621612906
0, 401, 744, 32, 23, 0.000492442341055721
0, 508, 464, 20, 17, 0.0004830971884075552
0, 30, 218, 39, 73, 0.00047281209845095873
0, 148, 228, 83, 49, 0.0004576637002173811
0, 499, 678, 33, 40, 0.00042936703539453447
0, 360, 364, 26, 35, 0.00042185027268715203
0, 209, 247, 47, 75, 0.0004214262298773974
0, 379, 428, 29, 34, 0.0004125559644307941
0, 202, 220, 79, 53, 0.0004122723184991628
0, 428, 713, 68, 42, 0.0004087068955413997
0, 51, 205, 19, 32, 0.0004075980104971677
0, 45, 189, 36, 57, 0.00040740222902968526
0, 33, 233, 23, 36, 0.0004066548717673868
0, 399, 725, 115, 100, 0.0003956215805374086
0, 304, 275, 80, 88, 0.00039441243279725313
0, 278, 270, 50, 65, 0.00039334152825176716
0, 354, 344, 38, 71, 0.00039243235369212925
0, 388, 434, 24, 31, 0.0003912618267349899
0, 335, 315, 63, 67, 0.00038667485932819545
0, 177, 285, 67, 67, 0.0003845614264719188
0, 722, 345, 15, 65, 0.000376800395315513
0, 481, 444, 16, 14, 0.00037531458656303585
0, 387, 736, 82, 64, 0.000373650633264333
0, 347, 380, 52, 46, 0.0003640635113697499
0, 196, 304, 37, 42, 0.00036021944833919406
0, 156, 210, 63, 41, 0.0003587355895433575
0, 477, 683, 12, 17, 0.00035170704359188676
0, 85, 196, 15, 18, 0.00034714434877969325
0, 182, 299, 18, 17, 0.00034167547710239887
0, 38, 184, 18, 15, 0.0003354712971486151
0, 205, 305, 17, 26, 0.00033077874104492366
0, 386, 740, 17, 13, 0.0003290478780400008
0, 227, 270, 67, 102, 0.00032865567482076585
0, 49, 173, 35, 34, 0.0003114286228083074
0, 306, 268, 303, 344, 0.00030740731745027006
0, 848, 869, 7, 67, 0.00028544224915094674
0, 224, 310, 65, 47, 0.00028426633798517287
0, 23, 50, 47, 100, 0.00028281225240789354
0, 60, 156, 14, 11, 0.00028078167815692723
0, 408, 751, 36, 34, 0.0002542567381169647
0, 726, 192, 7, 14, 0.00024345466226805001
0, 212, 297, 37, 45, 0.00024032483634073287
0, 186, 209, 75, 57, 0.00022956756583880633
0, 13, 196, 27, 59, 0.00022538259509019554
0, 15, 192, 25, 18, 0.000224925548536703
0, 193, 224, 226, 222, 0.00022148480638861656
0, 424, 667, 30, 19, 0.00021208323596511036
0, 369, 423, 19, 26, 0.00020720335305668414
0, 13, 58, 26, 117, 0.0002046393638011068
0, 456, 695, 16, 10, 0.00020348808902781457
0, 361, 838, 10, 9, 0.00020175646932329983
0, 361, 420, 33, 30, 0.00019999688083771616
0, 150, 190, 15, 14, 0.00019981541845481843
0, 195, 283, 40, 57, 0.00019276785315014422
0, 89, 193, 24, 25, 0.0001913307496579364
0, 408, 386, 167, 170, 0.00018867291510105133
0, 266, 249, 79, 75, 0.00018641942006070167
0, 130, 221, 71, 47, 0.0001850846892921254
0, 386, 429, 47, 45, 0.00018181533960159868
0, 54, 206, 13, 23, 0.0001810230896808207
0, 380, 748, 49, 27, 0.0001768619695212692
0, 64, 177, 17, 26, 0.00017070553440134972
0, 433, 722, 31, 19, 0.00017061717517208308
0, 195, 305, 61, 67, 0.00016489665722474456
0, 352, 393, 42, 51, 0.00016373129619751126
0, 339, 393, 51, 43, 0.00016345831681974232
0, 3, 28, 6, 56, 0.00016169312584679574
0, 466, 460, 114, 61, 0.00015807269664946944
0, 227, 213, 71, 63, 0.00015789916506037116
0, 338, 279, 68, 60, 0.00015476926637347788
0, 414, 777, 35, 36, 0.0001542624377179891
0, 426, 364, 52, 61, 0.00015366756997536868
0, 395, 207, 8, 11, 0.00015201505448203534
0, 701, 21, 11, 12, 0.00015193939907476306
0, 655, 615, 10, 11, 0.00015135694411583245
0, 208, 201, 67, 63, 0.00014907597505953163
0, 12, 220, 24, 77, 0.00014862263924442232
0, 457, 359, 36, 44, 0.0001482923689763993
0, 525, 274, 525, 480, 0.00014815655595157295
0, 325, 257, 105, 75, 0.00014814044698141515
0, 454, 717, 26, 22, 0.00014446275599766523
0, 763, 699, 12, 19, 0.00014224034384824336
0, 119, 209, 85, 55, 0.0001393846468999982
0, 481, 500, 16, 10, 0.00013899378245696425
0, 472, 447, 80, 34, 0.00013853622658643872
0, 135, 205, 42, 25, 0.00013850940740667284
0, 491, 455, 63, 40, 0.0001383367634844035
0, 435, 363, 42, 42, 0.00013737323752138764
0, 420, 668, 190, 167, 0.0001318902213824913
0, 503, 410, 22, 28, 0.00013151396706234664
0, 489, 620, 58, 52, 0.00013038692122790962
0, 631, 549, 28, 21, 0.00013007348752580583
0, 481, 443, 30, 29, 0.00012621580390259624
0, 247, 227, 53, 67, 0.0001238637778442353
0, 344, 335, 257, 239, 0.00012311743921600282
0, 4, 171, 9, 103, 0.00012210133718326688
0, 348, 185, 521, 371, 0.00012133044947404414
0, 369, 424, 70, 56, 0.00012121492181904614
0, 410, 365, 44, 63, 0.00012097197031835094
0, 629, 547, 36, 43, 0.0001207097084261477
0, 513, 644, 26, 21, 0.0001205133885378018
0, 447, 713, 43, 35, 0.00011784557136707008
0, 449, 361, 32, 33, 0.00011726782395271584
0, 395, 598, 459, 484, 0.00011697465379256755
0, 366, 360, 25, 57, 0.00011636144336080179
0, 714, 4, 19, 8, 0.00011631174857029691
0, 431, 349, 77, 67, 0.00011529275070643052
0, 426, 715, 45, 28, 0.00011416657798690721
0, 168, 196, 61, 58, 0.00011249703675275669
0, 352, 308, 66, 81, 0.00010945220128633082
0, 411, 764, 31, 47, 0.00010933871089946479
0, 414, 404, 40, 62, 0.00010764016042230651
0, 457, 375, 57, 46, 0.00010597669461276382
0, 14, 110, 29, 221, 0.00010464740626048297
0, 228, 347, 78, 64, 0.00010379233572166413
0, 648, 628, 35, 27, 0.00010370666132075712
0, 41, 168, 68, 55, 0.00010336840932723135
0, 647, 631, 26, 16, 0.00010330465011065826
0, 77, 37, 155, 75, 0.00010306575131835416
0, 149, 288, 89, 82, 0.00010281377763021737
0, 29, 196, 58, 244, 0.00010265203309245408
0, 499, 395, 86, 64, 0.00010085643589263782
0, 3, 235, 6, 66, 9.862776641966775e-05
0, 571, 545, 518, 476, 9.786750160856172e-05
0, 376, 315, 78, 80, 9.578868775861338e-05
0, 73, 192, 62, 80, 9.427149052498862e-05
0, 614, 6, 12, 11, 9.405239688931033e-05
0, 817, 48, 68, 96, 9.368923201691359e-05
0, 468, 390, 75, 76, 9.051917731994763e-05
0, 351, 412, 83, 82, 9.01222083484754e-05
0, 123, 173, 11, 11, 8.614979014964774e-05
0, 488, 662, 51, 73, 8.604223694419488e-05
0, 414, 326, 27, 23, 8.443355181952938e-05
0, 518, 422, 50, 54, 8.442606485914439e-05
0, 828, 876, 47, 52, 8.389933645958081e-05
0, 474, 343, 87, 78, 8.345727110281587e-05
0, 294, 248, 61, 58, 8.245091885328293e-05
0, 97, 227, 37, 28, 8.039690874284133e-05
0, 110, 209, 53, 41, 8.034495112951845e-05
0, 494, 594, 57, 59, 8.030657045310363e-05
0, 477, 251, 70, 82, 7.93916333350353e-05
0, 3, 120, 6, 114, 7.884322258178145e-05
0, 606, 650, 17, 18, 7.86868404247798e-05
0, 140, 195, 68, 61, 7.826253568055108e-05
0, 578, 463, 91, 63, 7.812362309778109e-05
0, 88, 269, 75, 76, 7.811364048393443e-05
0, 616, 685, 14, 16, 7.796286809025332e-05
0, 342, 269, 33, 37, 7.710095087531954e-05
0, 453, 699, 31, 20, 7.704318704782054e-05
0, 700, 891, 68, 22, 7.625023135915399e-05
0, 653, 891, 85, 23, 7.554219337180257e-05
0, 87, 250, 66, 46, 7.444788934662938e-05
0, 48, 210, 29, 37, 7.441615889547393e-05
0, 97, 195, 38, 31, 7.410026591969654e-05
0, 375, 406, 82, 76, 7.408818055409938e-05
0, 450, 481, 15, 13, 7.381525938399136e-05
0, 324, 264, 50, 52, 7.374413689831272e-05
0, 206, 183, 413, 366, 7.364139310084283e-05
0, 210, 321, 80, 88, 7.245001324918121e-05
0, 348, 855, 11, 11, 7.240090053528547e-05
0, 478, 425, 32, 30, 7.237743557197973e-05
0, 64, 161, 28, 34, 7.198378443717957e-05
0, 601, 129, 23, 17, 7.149390148697421e-05
0, 405, 440, 41, 45, 7.104961696313694e-05
0, 547, 690, 19, 33, 7.084110256982967e-05
0, 615, 514, 14, 13, 7.049687701510265e-05
0, 728, 207, 19, 46, 7.019527402007952e-05
0, 479, 496, 27, 23, 6.944610504433513e-05
0, 264, 220, 49, 52, 6.934095290489495e-05
0, 837, 865, 28, 75, 6.780929834349081e-05
0, 626, 547, 22, 14, 6.765653961338103e-05
0, 474, 502, 41, 27, 6.642938387813047e-05
0, 406, 314, 50, 64, 6.597118772333488e-05
0, 119, 173, 13, 12, 6.572159327333793e-05
0, 370, 674, 27, 28, 6.525067146867514e-05
0, 537, 452, 27, 50, 6.524687341880053e-05
0, 439, 892, 25, 19, 6.509238301077858e-05
0, 491, 411, 31, 26, 6.499977462226525e-05
0, 542, 415, 91, 70, 6.411005597328767e-05
0, 774, 295, 12, 10, 6.36268305242993e-05
0, 363, 379, 39, 54, 6.295586354099214e-05
0, 472, 493, 45, 33, 6.290563760558143e-05
0, 317, 248, 66, 58, 6.254142499528825e-05
0, 449, 253, 78, 86, 6.172066059662029e-05
0, 707, 5, 37, 10, 6.168524123495445e-05
0, 378, 757, 39, 20, 6.153676804387942e-05
0, 255, 560, 470, 490, 6.1006117903161794e-05
0, 531, 665, 102, 91, 6.058712097001262e-05
0, 441, 501, 65, 54, 6.045016925781965e-05
0, 236, 201, 43, 51, 6.0239552112761885e-05
0, 433, 820, 11, 12, 5.999224231345579e-05
0, 625, 535, 27, 33, 5.9816298744408414e-05
0, 572, 471, 41, 35, 5.972162398393266e-05
0, 15, 271, 31, 269, 5.949084516032599e-05
0, 373, 329, 41, 83, 5.946890087216161e-05
0, 396, 784, 13, 10, 5.92181968386285e-05
0, 507, 469, 26, 27, 5.85631096328143e-05
0, 428, 310, 56, 58, 5.842098471475765e-05
0, 465, 503, 63, 40, 5.8320569223724306e-05
0, 705, 317, 292, 313, 5.790029899799265e-05
0, 405, 385, 53, 69, 5.6892989960033447e-05
0, 456, 489, 46, 31, 5.682011760654859e-05
0, 483, 589, 40, 44, 5.662328112521209e-05
0, 46, 241, 34, 30, 5.6414810387650505e-05
