0, 342, 200, 148, 101, 0.36351677775382996
0, 202, 202, 107, 68, 0.3414471447467804
0, 273, 168, 25, 41, 0.26596546173095703
0, 489, 182, 108, 94, 0.1531015932559967
0, 223, 193, 66, 47, 0.1237550750374794
0, 433, 188, 22, 40, 0.12037007510662079
0, 499, 171, 71, 68, 0.10403743386268616
0, 528, 173, 160, 120, 0.10232546180486679
0, 243, 189, 25, 36, 0.07796389609575272
0, 212, 197, 42, 34, 0.07604455202817917
0, 552, 142, 99, 56, 0.058723174035549164
0, 385, 183, 60, 51, 0.054702892899513245
0, 340, 195, 27, 32, 0.051072243601083755
0, 284, 228, 22, 18, 0.0480228029191494
0, 386, 191, 34, 33, 0.03975626826286316
0, 611, 135, 33, 23, 0.03975451737642288
0, 138, 186, 14, 21, 0.036551058292388916
0, 574, 128, 51, 23, 0.03528428077697754
0, 167, 205, 32, 51, 0.033920954912900925
0, 441, 180, 41, 63, 0.03320588916540146
0, 368, 190, 82, 50, 0.0329723134636879
0, 452, 181, 91, 87, 0.03151829168200493
0, 408, 211, 25, 29, 0.03099871054291725
0, 384, 195, 23, 21, 0.030301153659820557
0, 433, 226, 14, 19, 0.029237430542707443
0, 325, 212, 56, 72, 0.027807608246803284
0, 303, 198, 44, 40, 0.027193546295166016
0, 558, 147, 75, 32, 0.0269628819078207
0, 570, 149, 36, 20, 0.025904333218932152
0, 319, 196, 16, 30, 0.025738656520843506
0, 452, 161, 26, 33, 0.025168700143694878
0, 570, 137, 60, 43, 0.02495875023305416
0, 369, 155, 37, 34, 0.02172793820500374
0, 419, 197, 51, 61, 0.02146560698747635
0, 459, 378, 161, 14, 0.019628753885626793
0, 365, 196, 23, 29, 0.01874971017241478
0, 290, 203, 22, 20, 0.01785719208419323
0, 555, 164, 77, 70, 0.017606666311621666
0, 313, 198, 22, 38, 0.015882590785622597
0, 634, 175, 15, 8, 0.01499420590698719
0, 613, 140, 93, 45, 0.014430881477892399
0, 227, 194, 155, 108, 0.014375558122992516
0, 410, 184, 15, 14, 0.014035006985068321
0, 210, 206, 55, 54, 0.013727560639381409
0, 562, 176, 45, 31, 0.01362175215035677
0, 183, 208, 65, 53, 0.013459168374538422
0, 162, 212, 24, 37, 0.013452236540615559
0, 199, 206, 26, 37, 0.013333827257156372
0, 640, 145, 28, 18, 0.012195229530334473
0, 592, 151, 135, 76, 0.011829624883830547
0, 611, 154, 24, 15, 0.011261320672929287
0, 496, 184, 17, 27, 0.011110847815871239
0, 310, 149, 13, 12, 0.011052306741476059
0, 208, 180, 14, 12, 0.010556395165622234
0, 175, 203, 27, 40, 0.010415359400212765
0, 625, 143, 66, 30, 0.010243326425552368
0, 521, 198, 264, 167, 0.010183390229940414
0, 533, 149, 29, 26, 0.009974041022360325
0, 336, 199, 38, 48, 0.009718159213662148
0, 494, 158, 49, 44, 0.009645264595746994
0, 478, 177, 24, 30, 0.00782278086990118
0, 402, 167, 23, 19, 0.007737226318567991
0, 482, 186, 41, 47, 0.007666592951864004
0, 514, 175, 62, 52, 0.007519867736846209
0, 304, 211, 61, 60, 0.007338097784668207
0, 260, 222, 17, 19, 0.007063183467835188
0, 401, 182, 31, 42, 0.007018229458481073
0, 414, 210, 40, 38, 0.0069251107051968575
0, 546, 184, 12, 15, 0.005951999686658382
0, 427, 227, 28, 24, 0.005945793818682432
0, 486, 152, 31, 26, 0.0057073794305324554
0, 443, 162, 40, 41, 0.0056056915782392025
0, 566, 165, 62, 46, 0.00559376971796155
0, 225, 221, 21, 16, 0.00554683618247509
0, 526, 147, 14, 22, 0.005501061212271452
0, 356, 232, 24, 29, 0.005036856513470411
0, 299, 205, 132, 88, 0.005027917679399252
0, 432, 160, 16, 28, 0.004922087769955397
0, 523, 378, 190, 14, 0.004841384943574667
0, 288, 215, 35, 47, 0.00465614628046751
0, 680, 209, 36, 25, 0.004634849727153778
0, 496, 185, 37, 42, 0.004597803112119436
0, 530, 179, 25, 27, 0.004569121170789003
0, 714, 29, 195, 59, 0.004472125321626663
0, 473, 195, 54, 62, 0.004421133082360029
0, 384, 186, 214, 102, 0.004216464702039957
0, 595, 138, 69, 35, 0.00404677027836442
0, 253, 186, 65, 86, 0.0037270025350153446
0, 471, 212, 28, 26, 0.003722767811268568
0, 321, 231, 38, 33, 0.003624346572905779
0, 447, 200, 14, 23, 0.003492913208901882
0, 325, 236, 27, 22, 0.0034200879745185375
0, 29, 2, 58, 5, 0.0032667862251400948
0, 466, 194, 24, 24, 0.0032129697501659393
0, 493, 189, 52, 62, 0.003069985890761018
0, 356, 154, 69, 54, 0.0030023655854165554
0, 579, 153, 54, 27, 0.0029557617381215096
0, 602, 179, 10, 10, 0.0028860028833150864
0, 216, 156, 8, 10, 0.0028757790569216013
0, 478, 207, 42, 36, 0.002869479591026902
0, 253, 222, 19, 18, 0.002804022515192628
0, 263, 173, 15, 32, 0.002658028854057193
0, 467, 216, 19, 18, 0.002642531180754304
0, 105, 30, 211, 61, 0.002265078481286764
0, 283, 30, 238, 61, 0.002262623980641365
0, 582, 162, 30, 21, 0.00222222157754004
0, 383, 232, 18, 12, 0.002146504819393158
0, 347, 167, 12, 14, 0.0020740930922329426
0, 779, 2, 64, 4, 0.0019895315635949373
0, 306, 231, 70, 37, 0.001987545285373926
0, 263, 171, 50, 55, 0.001930193742737174
0, 207, 185, 32, 27, 0.0019267997704446316
0, 199, 229, 19, 10, 0.0019247871823608875
0, 586, 378, 198, 15, 0.0019074133597314358
0, 247, 174, 19, 25, 0.001853590365499258
0, 535, 186, 42, 31, 0.0017976699164137244
0, 248, 219, 25, 25, 0.001758812926709652
0, 279, 226, 36, 25, 0.0016374726546928287
0, 232, 210, 43, 40, 0.0015102782053872943
0, 455, 200, 51, 52, 0.001504025305621326
0, 168, 184, 24, 17, 0.0014586409088224173
0, 677, 219, 30, 30, 0.001325760968029499
0, 202, 157, 15, 9, 0.001316912705078721
0, 499, 141, 18, 16, 0.0012890194775536656
0, 302, 187, 59, 64, 0.0012637813342735171
0, 335, 234, 35, 27, 0.0011267246445640922
0, 368, 217, 14, 9, 0.0011096774833276868
0, 362, 226, 32, 29, 0.0010939347557723522
0, 208, 159, 28, 19, 0.0010822383919730783
0, 457, 177, 223, 124, 0.001057392219081521
0, 215, 176, 38, 29, 0.0010106507688760757
0, 490, 381, 130, 8, 0.0009831814095377922
0, 254, 202, 46, 64, 0.0009723878465592861
0, 328, 378, 205, 15, 0.0009689309517852962
0, 345, 166, 28, 25, 0.0009584050858393312
0, 507, 30, 227, 60, 0.0008737285388633609
0, 246, 378, 207, 15, 0.0008551274077035487
0, 606, 159, 36, 30, 0.000820386630948633
0, 389, 166, 52, 31, 0.0008114943047985435
0, 801, 19, 21, 38, 0.0007660642731934786
0, 312, 243, 23, 13, 0.0007591843022964895
0, 104, 377, 202, 17, 0.0007344472105614841
0, 116, 182, 18, 13, 0.0007079188362695277
0, 535, 138, 42, 56, 0.0006216472247615457
0, 461, 369, 196, 32, 0.000617793295532465
0, 680, 223, 39, 51, 0.00060990487691015
0, 366, 31, 232, 62, 0.0006045610061846673
0, 507, 142, 27, 28, 0.0006042349268682301
0, 230, 170, 65, 52, 0.0006041425513103604
0, 393, 156, 80, 55, 0.0006019070860929787
0, 385, 235, 33, 17, 0.0006001770379953086
0, 219, 236, 154, 173, 0.0005997184780426323
0, 665, 152, 14, 25, 0.0005777386832050979
0, 51, 33, 102, 67, 0.0005496360827237368
0, 581, 182, 176, 139, 0.0005376770277507603
0, 135, 165, 8, 10, 0.0005229572998359799
0, 808, 16, 6, 21, 0.0005143238231539726
0, 312, 149, 19, 17, 0.0005110145430080593
0, 673, 229, 22, 35, 0.0005097586545161903
0, 95, 173, 11, 12, 0.0004815430147573352
0, 372, 171, 232, 186, 0.00045625458005815744
0, 776, 22, 70, 45, 0.00045561653678305447
0, 661, 140, 10, 10, 0.00043504397035576403
0, 266, 222, 60, 40, 0.0004079153877682984
0, 287, 166, 47, 46, 0.0004027890390716493
0, 399, 197, 44, 58, 0.0004022146458737552
0, 786, 345, 50, 81, 0.0003989317629020661
0, 628, 30, 242, 60, 0.0003969954268541187
0, 311, 3, 117, 6, 0.0003936408902518451
0, 651, 131, 15, 14, 0.0003888347127940506
0, 112, 186, 17, 12, 0.0003855409740936011
0, 594, 118, 73, 52, 0.0003731760662049055
0, 51, 376, 103, 18, 0.000370729248970747
0, 502, 3, 113, 6, 0.0003631163854151964
0, 233, 173, 34, 24, 0.0003615388704929501
0, 475, 150, 73, 66, 0.000351945695001632
0, 400, 236, 17, 12, 0.00033994726254604757
0, 144, 195, 33, 39, 0.00032412854488939047
0, 115, 215, 11, 12, 0.00032261147862300277
0, 356, 382, 140, 6, 0.0003123566275462508
0, 388, 361, 8, 9, 0.00030498261912725866
0, 303, 156, 31, 26, 0.00029972175252623856
0, 243, 382, 140, 7, 0.0002944269508589059
0, 351, 3, 116, 7, 0.00027766459970735013
0, 504, 132, 49, 64, 0.0002731286222115159
0, 566, 115, 71, 65, 0.0002728376421146095
0, 377, 237, 56, 25, 0.00026534387143328786
0, 113, 208, 11, 8, 0.0002617370046209544
0, 419, 147, 80, 63, 0.00025563762756064534
0, 111, 185, 32, 30, 0.0002543954469729215
0, 110, 177, 45, 38, 0.0002515918458811939
0, 336, 170, 32, 18, 0.0002460251853335649
0, 435, 227, 49, 35, 0.0002446483413223177
0, 384, 150, 42, 45, 0.00024287388077937067
0, 646, 3, 112, 6, 0.0002425304992357269
0, 526, 130, 72, 60, 0.00024178034800570458
0, 756, 3, 111, 7, 0.000240769557422027
0, 313, 135, 52, 52, 0.00023852191225159913
0, 318, 142, 33, 35, 0.0002341295767109841
0, 309, 162, 72, 47, 0.00023191937361843884
0, 434, 382, 143, 6, 0.0002310610143467784
0, 188, 168, 377, 337, 0.0002307857939740643
0, 27, 369, 54, 32, 0.00022551008441951126
0, 786, 383, 50, 4, 0.00022545200772583485
0, 489, 137, 50, 64, 0.00022182887187227607
0, 270, 3, 117, 6, 0.00021801576076541096
0, 202, 30, 233, 60, 0.00021567923249676824
0, 336, 141, 62, 59, 0.00021416263189166784
0, 639, 173, 33, 17, 0.0002125879400409758
0, 618, 382, 138, 6, 0.00021146313520148396
0, 71, 381, 142, 8, 0.00021119332814123482
0, 461, 215, 168, 176, 0.0002103595033986494
0, 27, 382, 54, 6, 0.00020964468421880156
0, 654, 137, 37, 45, 0.0002002773981075734
0, 197, 227, 28, 25, 0.00019770461949519813
0, 634, 175, 26, 10, 0.00019624775450211018
0, 464, 3, 111, 7, 0.0001948149874806404
0, 111, 382, 139, 6, 0.00019273330690339208
0, 210, 151, 35, 40, 0.00018813346105162054
0, 294, 382, 144, 6, 0.00018368716700933874
0, 352, 247, 179, 228, 0.00018304793047718704
0, 519, 194, 64, 42, 0.00018115535203833133
0, 808, 25, 7, 47, 0.0001761895400704816
0, 149, 204, 52, 57, 0.00017422174278181046
0, 684, 3, 110, 6, 0.00016879400936886668
0, 111, 206, 14, 14, 0.00016822217730805278
0, 219, 3, 114, 6, 0.00016803748439997435
0, 182, 382, 138, 6, 0.0001670121419010684
0, 501, 125, 239, 251, 0.00016129552386701107
0, 526, 368, 214, 35, 0.0001603909768164158
0, 448, 134, 48, 66, 0.00015580204490106553
0, 312, 173, 199, 157, 0.00015076565614435822
0, 395, 135, 62, 67, 0.00014920864487066865
0, 765, 321, 8, 13, 0.00014687611837871373
0, 785, 370, 52, 31, 0.00014556203677784652
0, 613, 128, 50, 47, 0.0001436629972886294
0, 589, 175, 49, 32, 0.0001414545113220811
0, 215, 223, 47, 35, 0.00013787309580948204
0, 23, 124, 43, 234, 0.0001363246119581163
0, 346, 129, 55, 55, 0.00013558049977291375
0, 118, 196, 34, 43, 0.00013454389409162104
0, 430, 134, 52, 64, 0.0001309642248088494
0, 238, 226, 51, 32, 0.00012994666758459061
0, 423, 232, 44, 39, 0.000128930012579076
0, 615, 155, 47, 47, 0.00012786008301191032
0, 751, 43, 121, 86, 0.00012769705790560693
0, 394, 379, 124, 12, 0.00012744854029733688
0, 369, 138, 49, 66, 0.00012691518350038677
0, 605, 3, 117, 6, 0.00012670332216657698
0, 435, 118, 14, 13, 0.00012544692435767502
0, 198, 171, 66, 66, 0.00012521805183496326
0, 518, 363, 90, 44, 0.0001229237677762285
0, 114, 207, 33, 33, 0.00012283693649806082
0, 395, 147, 294, 294, 0.0001226208987645805
0, 667, 376, 198, 18, 0.00012056671403115615
0, 415, 77, 19, 11, 0.00011651289241854101
0, 167, 246, 335, 278, 0.0001135989441536367
0, 274, 138, 50, 56, 0.00010945356189040467
0, 468, 128, 76, 61, 0.00010734157694969326
0, 601, 181, 21, 16, 0.00010690927592804655
0, 55, 3, 111, 6, 0.00010120933438884094
0, 624, 116, 66, 58, 9.953697008313611e-05
0, 477, 356, 92, 59, 9.941402822732925e-05
0, 413, 3, 116, 6, 9.777804370969534e-05
0, 331, 173, 49, 34, 9.690153819974512e-05
0, 654, 126, 54, 59, 9.656383917899802e-05
0, 289, 151, 58, 74, 9.631655120756477e-05
0, 175, 175, 66, 70, 9.550703543936834e-05
0, 284, 134, 32, 43, 9.275991033064201e-05
0, 295, 134, 46, 53, 9.261071681976318e-05
0, 528, 126, 176, 158, 9.107077494263649e-05
0, 113, 189, 55, 48, 9.007667540572584e-05
0, 801, 347, 21, 70, 8.893747872207314e-05
0, 33, 64, 65, 129, 8.827311830827966e-05
0, 588, 126, 246, 253, 8.793982124188915e-05
0, 671, 238, 17, 24, 8.767706458456814e-05
0, 406, 232, 72, 43, 8.657771832076833e-05
0, 679, 199, 51, 41, 8.512119529768825e-05
0, 494, 370, 82, 30, 8.447928848909214e-05
0, 315, 158, 455, 316, 8.260177855845541e-05
0, 758, 315, 97, 99, 8.195205737138167e-05
0, 766, 327, 9, 24, 8.158955461112782e-05
0, 134, 162, 10, 14, 7.990415906533599e-05
0, 44, 323, 88, 124, 7.983340037753806e-05
0, 103, 357, 202, 56, 7.981590169947594e-05
0, 416, 72, 30, 36, 7.841290789656341e-05
0, 628, 246, 367, 279, 7.737472333246842e-05
0, 529, 104, 63, 80, 7.488491974072531e-05
0, 144, 152, 288, 304, 7.44732387829572e-05
0, 572, 183, 70, 50, 7.264406303875148e-05
0, 254, 142, 55, 56, 7.237066893139854e-05
0, 668, 383, 139, 5, 7.182018453022465e-05
0, 122, 176, 41, 48, 7.115443440852687e-05
0, 604, 362, 230, 46, 7.06785504007712e-05
0, 31, 266, 61, 238, 7.049425039440393e-05
0, 12, 361, 24, 48, 6.886458868393674e-05
0, 317, 363, 221, 45, 6.873533857287839e-05
0, 236, 362, 223, 47, 6.758161180187017e-05
0, 713, 215, 100, 59, 6.713256152579561e-05
0, 279, 141, 300, 283, 6.672638846794143e-05
