0, 209, 783, 90, 87, 0.4027236998081207
0, 650, 190, 56, 43, 0.39485278725624084
0, 464, 408, 42, 30, 0.18644917011260986
0, 519, 341, 50, 30, 0.14194387197494507
0, 196, 781, 50, 67, 0.12686148285865784
0, 288, 632, 47, 62, 0.0854206532239914
0, 455, 417, 71, 64, 0.07953505218029022
0, 384, 557, 46, 42, 0.06934899836778641
0, 430, 512, 61, 72, 0.06898274272680283
0, 424, 524, 44, 48, 0.047332048416137695
0, 464, 471, 20, 31, 0.04582291096448898
0, 560, 303, 32, 36, 0.04525487497448921
0, 418, 476, 29, 35, 0.0430973656475544
0, 599, 251, 82, 49, 0.040815986692905426
0, 159, 779, 27, 49, 0.040585581213235855
0, 439, 433, 43, 58, 0.03917567431926727
0, 438, 430, 24, 31, 0.039063774049282074
0, 497, 425, 48, 30, 0.037087004631757736
0, 285, 647, 37, 28, 0.0361749492585659
0, 224, 707, 29, 39, 0.0357709676027298
0, 616, 247, 50, 40, 0.03562948852777481
0, 413, 515, 112, 135, 0.03542404621839523
0, 483, 430, 19, 16, 0.035313475877046585
0, 352, 644, 34, 33, 0.03351511061191559
0, 337, 573, 27, 25, 0.03278022259473801
0, 295, 651, 32, 22, 0.030997298657894135
0, 413, 499, 73, 99, 0.030128713697195053
0, 384, 550, 32, 32, 0.030125441029667854
0, 493, 406, 29, 22, 0.029175929725170135
0, 566, 282, 17, 15, 0.028236618265509605
0, 476, 393, 65, 49, 0.027930540964007378
0, 166, 776, 13, 39, 0.026623334735631943
0, 407, 484, 53, 64, 0.025759128853678703
0, 391, 501, 23, 28, 0.02533365599811077
0, 184, 768, 20, 44, 0.02469077706336975
0, 576, 301, 62, 45, 0.023540074005723
0, 523, 389, 16, 15, 0.0232922974973917
0, 284, 653, 61, 102, 0.02184121124446392
0, 440, 497, 30, 34, 0.02183646894991398
0, 419, 465, 25, 31, 0.021070413291454315
0, 489, 378, 37, 22, 0.016899188980460167
0, 493, 412, 36, 36, 0.01568399742245674
0, 445, 485, 63, 71, 0.015458226203918457
0, 535, 390, 42, 30, 0.015371331013739109
0, 534, 340, 87, 44, 0.015118064358830452
0, 277, 692, 24, 22, 0.014906580559909344
0, 565, 239, 14, 19, 0.014859335497021675
0, 433, 428, 26, 45, 0.01331845298409462
0, 443, 454, 20, 17, 0.012117007747292519
0, 224, 768, 44, 30, 0.010813495144248009
0, 294, 618, 30, 35, 0.010757654905319214
0, 595, 292, 24, 18, 0.010680044069886208
0, 120, 813, 15, 18, 0.010528501123189926
0, 416, 534, 25, 27, 0.009783506393432617
0, 450, 456, 111, 149, 0.009708559140563011
0, 534, 400, 30, 37, 0.009635808877646923
0, 390, 543, 57, 72, 0.00943772029131651
0, 457, 475, 37, 45, 0.009297329001128674
0, 220, 794, 57, 57, 0.00917802657932043
0, 370, 499, 16, 23, 0.009100358001887798
0, 495, 435, 59, 62, 0.008731101639568806
0, 387, 534, 23, 23, 0.008517203852534294
0, 534, 380, 33, 25, 0.008416347205638885
0, 396, 529, 17, 21, 0.008263004943728447
0, 183, 755, 20, 22, 0.008173231035470963
0, 277, 684, 50, 53, 0.00815649889409542
0, 235, 734, 18, 27, 0.008148156106472015
0, 478, 459, 54, 63, 0.007990220561623573
0, 265, 670, 29, 24, 0.007936300709843636
0, 397, 484, 35, 42, 0.007855606265366077
0, 140, 831, 12, 17, 0.007606582250446081
0, 620, 196, 10, 14, 0.007546423468738794
0, 532, 356, 80, 60, 0.007509536109864712
0, 568, 235, 24, 30, 0.007439670618623495
0, 581, 291, 51, 30, 0.007339580915868282
0, 485, 400, 95, 99, 0.0071164509281516075
0, 545, 366, 20, 18, 0.0070241596549749374
0, 289, 656, 45, 37, 0.006872803438454866
0, 571, 284, 31, 21, 0.006438133306801319
0, 230, 790, 39, 44, 0.0063981106504797935
0, 598, 272, 103, 105, 0.0063874246552586555
0, 501, 429, 177, 229, 0.006337717641144991
0, 486, 437, 29, 31, 0.006313326768577099
0, 493, 439, 39, 45, 0.006310201250016689
0, 221, 739, 46, 37, 0.006126618944108486
0, 502, 379, 136, 128, 0.005974156782031059
0, 258, 729, 15, 15, 0.005929360631853342
0, 531, 323, 29, 19, 0.005673638079315424
0, 215, 804, 38, 37, 0.005642170552164316
0, 494, 366, 24, 23, 0.0055584898218512535
0, 464, 449, 289, 304, 0.005540897604078054
0, 506, 367, 79, 79, 0.005154023878276348
0, 175, 776, 47, 68, 0.005149268079549074
0, 422, 481, 161, 197, 0.004945427644997835
0, 234, 797, 25, 29, 0.00479150703176856
0, 577, 253, 26, 20, 0.00466547254472971
0, 561, 336, 28, 17, 0.0045668380334973335
0, 538, 372, 43, 31, 0.004283688496798277
0, 527, 334, 40, 33, 0.004175842273980379
0, 552, 347, 55, 37, 0.0038380054756999016
0, 389, 491, 56, 52, 0.00321406964212656
0, 275, 695, 37, 37, 0.003098181216046214
0, 129, 824, 36, 37, 0.0029894683975726366
0, 555, 359, 47, 36, 0.0029005364049226046
0, 418, 527, 69, 84, 0.0027679339982569218
0, 544, 380, 67, 83, 0.0026806402020156384
0, 219, 751, 40, 22, 0.0023957756347954273
0, 228, 708, 46, 60, 0.002348068868741393
0, 250, 673, 132, 144, 0.002260635606944561
0, 491, 454, 19, 25, 0.0022121400106698275
0, 203, 798, 64, 71, 0.0021846177987754345
0, 525, 295, 16, 15, 0.0021193164866417646
0, 248, 664, 12, 20, 0.002103337785229087
0, 555, 369, 35, 29, 0.0021030206698924303
0, 240, 735, 37, 30, 0.0020467950962483883
0, 211, 751, 22, 16, 0.0020282664336264133
0, 536, 409, 17, 21, 0.001997660379856825
0, 286, 671, 45, 49, 0.0019796169362962246
0, 427, 463, 54, 97, 0.0019596219062805176
0, 594, 957, 17, 19, 0.0018668746342882514
0, 156, 775, 56, 62, 0.0018096701242029667
0, 577, 244, 39, 40, 0.0016476560849696398
0, 537, 316, 39, 31, 0.001646200893446803
0, 222, 832, 15, 10, 0.0015586494700983167
0, 535, 935, 11, 16, 0.0013558127684518695
0, 296, 703, 15, 16, 0.0013216459192335606
0, 213, 738, 25, 21, 0.0012096564751118422
0, 401, 652, 14, 12, 0.0011190775549039245
0, 418, 434, 19, 25, 0.001102300244383514
0, 564, 359, 32, 27, 0.0010355331469327211
0, 628, 191, 27, 28, 0.0009790163021534681
0, 317, 594, 13, 19, 0.0009598159231245518
0, 240, 727, 22, 19, 0.0009408711921423674
0, 606, 941, 17, 14, 0.0009324480779469013
0, 251, 730, 30, 22, 0.0008456349023617804
0, 596, 955, 25, 27, 0.0008454705239273608
0, 512, 409, 77, 64, 0.0008431290043517947
0, 675, 913, 12, 13, 0.0008315487648360431
0, 226, 723, 177, 195, 0.0007850526599213481
0, 252, 658, 21, 32, 0.0007626390433870256
0, 211, 716, 58, 74, 0.0007568961009383202
0, 154, 755, 210, 154, 0.0007391935214400291
0, 626, 213, 22, 17, 0.0006912960670888424
0, 510, 19, 9, 12, 0.0006113615818321705
0, 452, 405, 114, 126, 0.0005792160518467426
0, 666, 204, 23, 21, 0.0005633410182781518
0, 207, 766, 58, 86, 0.0005412859609350562
0, 205, 750, 102, 160, 0.0005322546348907053
0, 364, 550, 23, 38, 0.0005033101770095527
0, 501, 357, 203, 185, 0.0004997546202503145
0, 560, 315, 50, 72, 0.0004585901915561408
0, 544, 307, 60, 56, 0.00044794546556659043
0, 634, 956, 34, 24, 0.00044080137740820646
0, 639, 952, 22, 19, 0.00036915912642143667
0, 331, 585, 41, 50, 0.00035514970659278333
0, 803, 1056, 6, 81, 0.0003450393269304186
0, 123, 814, 25, 26, 0.00033616588916629553
0, 686, 978, 12, 9, 0.0003352043859194964
0, 624, 237, 54, 45, 0.00033106771297752857
0, 556, 353, 138, 154, 0.00032633807859383523
0, 528, 288, 20, 21, 0.0003230549627915025
0, 565, 50, 9, 10, 0.00026831217110157013
0, 226, 694, 25, 36, 0.00026282304315827787
0, 620, 962, 40, 16, 0.0002544839808251709
0, 576, 270, 44, 50, 0.0002451922046020627
0, 562, 921, 13, 14, 0.00024075117835309356
0, 2, 32, 5, 64, 0.00023931305622681975
0, 298, 605, 21, 27, 0.00022150528093334287
0, 108, 842, 10, 27, 0.00022068231191951782
0, 432, 538, 115, 85, 0.00021851001656614244
0, 635, 953, 56, 39, 0.00021831365302205086
0, 13, 57, 27, 115, 0.00021336284407880157
0, 109, 851, 10, 31, 0.00020229410438332707
0, 634, 225, 101, 126, 0.00018229846318718046
0, 369, 500, 30, 35, 0.00017683768237475306
0, 652, 242, 21, 22, 0.00017193118401337415
0, 336, 607, 28, 36, 0.00017006283451337367
0, 231, 766, 66, 52, 0.0001692060468485579
0, 633, 276, 17, 19, 0.00015331717440858483
0, 290, 735, 14, 14, 0.00015015921962913126
0, 634, 254, 28, 45, 0.00013814945123158395
0, 514, 328, 85, 88, 0.00013752200175076723
0, 137, 866, 10, 14, 0.00013743809540756047
0, 317, 599, 76, 92, 0.00013512697478290647
0, 131, 788, 24, 26, 0.00013325166946742684
0, 357, 647, 37, 60, 0.0001326511410297826
0, 535, 406, 358, 429, 0.0001284932077396661
0, 638, 902, 22, 13, 0.00012685781985055655
0, 591, 245, 170, 151, 0.00012418058759067208
0, 666, 191, 98, 63, 0.00011964375153183937
0, 665, 164, 37, 41, 0.0001186909357784316
0, 546, 269, 16, 21, 0.00011266044020885602
0, 140, 826, 34, 35, 0.00011172199447173625
0, 577, 941, 15, 12, 0.00011015656491508707
0, 417, 901, 603, 390, 0.00010891508281929418
0, 683, 160, 10, 14, 0.00010661678243195638
0, 209, 805, 127, 147, 0.00010482098878128454
0, 309, 631, 108, 98, 0.00010439832840347663
0, 109, 834, 10, 21, 0.00010404751083115116
0, 3, 1046, 6, 99, 0.00010308579658158123
0, 303, 656, 27, 33, 0.00010225392179563642
0, 646, 245, 32, 30, 0.00010127932182513177
0, 71, 840, 11, 10, 0.00010066849063150585
0, 526, 847, 561, 498, 9.716255590319633e-05
0, 328, 604, 23, 27, 9.602848876966164e-05
0, 785, 1050, 43, 91, 9.585904626874253e-05
0, 620, 927, 14, 18, 9.506843343842775e-05
0, 308, 672, 21, 24, 9.468121425015852e-05
0, 654, 164, 34, 26, 9.236553887603804e-05
0, 300, 681, 43, 46, 9.194109588861465e-05
0, 638, 926, 26, 22, 9.05948254512623e-05
0, 269, 701, 65, 66, 8.982791769085452e-05
0, 657, 894, 86, 98, 8.969772898126394e-05
0, 752, 68, 108, 137, 8.867529686540365e-05
0, 606, 45, 10, 11, 8.540185808669776e-05
0, 99, 832, 22, 25, 8.420760423177853e-05
0, 362, 644, 63, 42, 8.344311208929867e-05
0, 602, 218, 33, 17, 8.047983283177018e-05
0, 13, 811, 27, 280, 8.020815585041419e-05
0, 505, 11, 27, 23, 8.019254892133176e-05
0, 563, 915, 14, 14, 8.010511373868212e-05
0, 124, 871, 60, 44, 7.934395398478955e-05
0, 295, 704, 28, 43, 7.921686483314261e-05
0, 142, 701, 285, 289, 7.659851689822972e-05
0, 306, 699, 43, 40, 7.329739310080186e-05
0, 673, 169, 30, 21, 7.293733506230637e-05
0, 590, 215, 17, 11, 7.237205136334524e-05
0, 592, 939, 86, 69, 7.183443085523322e-05
0, 152, 813, 82, 63, 7.126131822587922e-05
0, 555, 326, 246, 280, 7.004656072240323e-05
0, 478, 510, 25, 29, 6.931900134077296e-05
0, 248, 902, 497, 388, 6.91095701768063e-05
0, 382, 650, 45, 23, 6.895448314025998e-05
0, 632, 907, 23, 15, 6.786273297620937e-05
0, 247, 665, 38, 43, 6.782954005757347e-05
0, 630, 901, 70, 87, 6.655111792497337e-05
0, 573, 228, 31, 37, 6.6079490352422e-05
0, 561, 240, 37, 40, 6.543692870764062e-05
0, 610, 285, 58, 39, 6.467603088822216e-05
0, 72, 76, 9, 9, 6.434757960960269e-05
0, 622, 943, 64, 52, 6.335721991490573e-05
0, 582, 955, 49, 32, 6.236525950953364e-05
0, 571, 333, 79, 85, 6.202298391144723e-05
0, 193, 721, 99, 93, 6.193368608364835e-05
0, 522, 313, 44, 62, 6.034235411789268e-05
0, 284, 618, 66, 94, 6.029122232575901e-05
0, 651, 924, 61, 41, 6.022732122801244e-05
0, 235, 784, 65, 60, 5.894977948628366e-05
0, 602, 908, 16, 18, 5.826920096296817e-05
0, 71, 46, 142, 92, 5.756902100984007e-05
0, 675, 917, 16, 22, 5.741496352129616e-05
0, 607, 302, 30, 25, 5.6772241805447266e-05
0, 660, 229, 96, 98, 5.525853339349851e-05
0, 195, 886, 63, 39, 5.52287747268565e-05
0, 187, 668, 375, 588, 5.517113095265813e-05
0, 338, 467, 356, 254, 5.499427061295137e-05
0, 633, 928, 77, 66, 5.4186693887459114e-05
0, 642, 224, 59, 54, 5.381730807130225e-05
0, 258, 735, 52, 37, 5.3805404604645446e-05
0, 140, 833, 24, 27, 5.315211819834076e-05
0, 14, 698, 29, 296, 5.2913765102857724e-05
0, 339, 631, 51, 64, 5.169266660232097e-05
0, 680, 898, 59, 72, 5.138779306435026e-05
0, 595, 325, 25, 32, 5.1007165893679485e-05
0, 32, 1041, 64, 111, 5.095888627693057e-05
0, 287, 741, 16, 21, 5.053409040556289e-05
0, 640, 917, 45, 34, 5.035763751948252e-05
0, 769, 1063, 74, 67, 5.024985148338601e-05
0, 297, 669, 128, 146, 4.9462203605799004e-05
0, 241, 819, 60, 47, 4.883244037046097e-05
0, 549, 261, 18, 24, 4.809512392967008e-05
0, 612, 194, 44, 32, 4.793723928742111e-05
0, 663, 969, 59, 46, 4.769010411109775e-05
0, 345, 547, 19, 32, 4.745800470118411e-05
0, 649, 263, 75, 74, 4.705987885245122e-05
0, 628, 195, 75, 57, 4.645551962312311e-05
0, 96, 847, 33, 47, 4.589208401739597e-05
0, 538, 269, 22, 21, 4.568114673020318e-05
0, 16, 894, 33, 298, 4.548618380795233e-05
0, 564, 953, 20, 17, 4.5363336539594457e-05
0, 413, 846, 11, 10, 4.434534639585763e-05
0, 3, 743, 6, 142, 4.378778612590395e-05
0, 664, 950, 21, 22, 4.3724696297431365e-05
0, 151, 882, 41, 19, 4.365091081126593e-05
0, 537, 53, 372, 106, 4.3647251004585996e-05
0, 489, 6, 41, 13, 4.360514503787272e-05
0, 668, 146, 74, 88, 4.2216684960294515e-05
0, 192, 910, 92, 68, 4.205984441796318e-05
0, 431, 369, 35, 41, 4.1993036575149745e-05
0, 420, 436, 75, 95, 4.109195288037881e-05
0, 3, 607, 6, 136, 4.093390816706233e-05
0, 403, 394, 312, 217, 4.03774029109627e-05
0, 642, 979, 11, 8, 4.008876203442924e-05
0, 159, 744, 61, 78, 4.001279376097955e-05
0, 308, 727, 98, 76, 3.996707164333202e-05
0, 119, 852, 36, 45, 3.9236587326740846e-05
0, 137, 910, 123, 82, 3.859862408717163e-05
0, 175, 868, 10, 10, 3.8151356420712546e-05
0, 238, 684, 87, 95, 3.794185977312736e-05
0, 299, 251, 384, 388, 3.6688841646537185e-05
