0, 272, 357, 76, 110, 0.3889342248439789
0, 301, 477, 97, 144, 0.1695789098739624
0, 312, 687, 93, 108, 0.10789722949266434
0, 249, 378, 25, 44, 0.08060231059789658
0, 298, 504, 31, 18, 0.07212512940168381
0, 269, 420, 29, 27, 0.06345874071121216
0, 251, 754, 24, 17, 0.05873328447341919
0, 320, 642, 47, 26, 0.048413775861263275
0, 278, 469, 21, 39, 0.0404471755027771
0, 322, 617, 44, 31, 0.038569267839193344
0, 304, 682, 69, 53, 0.037869859486818314
0, 323, 651, 70, 49, 0.037768855690956116
0, 296, 588, 27, 35, 0.03731907531619072
0, 317, 678, 43, 39, 0.035798490047454834
0, 318, 779, 58, 60, 0.033239223062992096
0, 159, 211, 15, 20, 0.03293934464454651
0, 289, 447, 63, 82, 0.029440775513648987
0, 293, 508, 41, 29, 0.025297075510025024
0, 285, 681, 29, 32, 0.023884832859039307
0, 231, 318, 15, 15, 0.023481857031583786
0, 307, 527, 48, 34, 0.02303732931613922
0, 312, 483, 29, 23, 0.01933198608458042
0, 214, 275, 22, 24, 0.018553458154201508
0, 298, 518, 41, 44, 0.017796361818909645
0, 348, 693, 18, 23, 0.017319172620773315
0, 315, 460, 50, 97, 0.017002316191792488
0, 265, 732, 19, 18, 0.015693385154008865
0, 327, 516, 20, 22, 0.01515775267034769
0, 300, 528, 33, 24, 0.01466104295104742
0, 246, 303, 12, 16, 0.014388413168489933
0, 310, 527, 23, 25, 0.014031450264155865
0, 305, 459, 21, 30, 0.013255863450467587
0, 310, 529, 63, 54, 0.013171516358852386
0, 247, 730, 16, 16, 0.012453699484467506
0, 314, 487, 46, 37, 0.012104284949600697
0, 242, 334, 14, 19, 0.01183224469423294
0, 314, 506, 56, 77, 0.010986994951963425
0, 310, 471, 40, 48, 0.01096484437584877
0, 272, 428, 23, 30, 0.010873216204345226
0, 261, 384, 49, 54, 0.010697693563997746
0, 331, 524, 19, 29, 0.01045585609972477
0, 279, 696, 19, 17, 0.010451707057654858
0, 311, 728, 55, 28, 0.01045096293091774
0, 346, 662, 24, 25, 0.009988958947360516
0, 306, 786, 29, 39, 0.009849716909229755
0, 316, 594, 75, 79, 0.009663177654147148
0, 305, 663, 26, 13, 0.009456283412873745
0, 280, 663, 15, 20, 0.008944487199187279
0, 304, 447, 24, 38, 0.00872312393039465
0, 239, 326, 35, 36, 0.008637046441435814
0, 294, 706, 67, 55, 0.008317402563989162
0, 293, 730, 24, 18, 0.008095085620880127
0, 334, 582, 14, 16, 0.007976417429745197
0, 282, 698, 29, 26, 0.00777258537709713
0, 323, 690, 26, 21, 0.007202535402029753
0, 342, 582, 27, 27, 0.006709428504109383
0, 291, 520, 36, 30, 0.006432955618947744
0, 302, 775, 18, 19, 0.006382841616868973
0, 244, 306, 10, 20, 0.006230544298887253
0, 300, 496, 53, 40, 0.0062079839408397675
0, 330, 609, 61, 58, 0.006123553495854139
0, 273, 342, 22, 40, 0.006096960976719856
0, 336, 565, 13, 14, 0.005975394509732723
0, 297, 644, 23, 27, 0.0059617552906274796
0, 335, 574, 22, 33, 0.005911433137953281
0, 289, 430, 36, 41, 0.005857203155755997
0, 293, 650, 16, 16, 0.00581116508692503
0, 345, 588, 23, 20, 0.005030685570091009
0, 318, 651, 93, 128, 0.00477933045476675
0, 277, 343, 37, 72, 0.004395567812025547
0, 223, 296, 15, 17, 0.004346216097474098
0, 334, 776, 41, 52, 0.004260018467903137
0, 328, 685, 57, 53, 0.004021055530756712
0, 312, 691, 118, 174, 0.0040054963901638985
0, 350, 667, 19, 19, 0.004000344313681126
0, 215, 170, 17, 33, 0.0038215273525565863
0, 264, 314, 10, 15, 0.0037077688612043858
0, 217, 283, 20, 15, 0.0035266224294900894
0, 229, 290, 13, 11, 0.003514058655127883
0, 300, 435, 31, 46, 0.003443524008616805
0, 333, 777, 23, 20, 0.003374130930751562
0, 173, 136, 7, 12, 0.003353681182488799
0, 287, 378, 38, 50, 0.0033262590877711773
0, 339, 627, 22, 19, 0.0032608264591544867
0, 270, 725, 25, 26, 0.003128134412690997
0, 411, 4, 31, 8, 0.0030390198808163404
0, 329, 706, 18, 23, 0.002981833415105939
0, 352, 580, 14, 26, 0.002921079518273473
0, 320, 568, 10, 19, 0.002881024731323123
0, 330, 765, 33, 30, 0.002861143322661519
0, 228, 315, 35, 43, 0.0025998088531196117
0, 343, 765, 21, 24, 0.002478917594999075
0, 351, 595, 18, 26, 0.0023906310088932514
0, 288, 662, 31, 38, 0.0023701039608567953
0, 261, 723, 46, 36, 0.002293156925588846
0, 279, 688, 33, 50, 0.0022714161314070225
0, 254, 351, 133, 135, 0.002233798149973154
0, 326, 720, 29, 27, 0.0022040598560124636
0, 302, 586, 47, 47, 0.002094038762152195
0, 288, 475, 43, 56, 0.0020815429743379354
0, 272, 703, 22, 21, 0.0018831680063158274
0, 430, 4, 19, 9, 0.0017748178215697408
0, 296, 399, 14, 12, 0.0017657947028055787
0, 148, 163, 14, 25, 0.0017423159442842007
0, 151, 156, 10, 10, 0.0017022629035636783
0, 258, 703, 12, 11, 0.0016703256405889988
0, 313, 629, 61, 85, 0.0016084081726148725
0, 255, 740, 35, 41, 0.0016012241831049323
0, 247, 332, 23, 31, 0.0015820248518139124
0, 208, 311, 11, 14, 0.0015169227262958884
0, 138, 143, 9, 10, 0.001505445223301649
0, 302, 436, 53, 56, 0.0014740839833393693
0, 296, 388, 20, 30, 0.0013795346021652222
0, 300, 416, 25, 17, 0.0013716944959014654
0, 2, 30, 4, 60, 0.0012187863467261195
0, 266, 501, 8, 13, 0.0012041430454701185
0, 331, 707, 54, 55, 0.0009541701292619109
0, 251, 727, 24, 25, 0.0009012247901409864
0, 213, 318, 17, 27, 0.0008966189343482256
0, 310, 468, 150, 189, 0.0008926245500333607
0, 268, 331, 33, 56, 0.0008806922123767436
0, 300, 658, 56, 60, 0.0008768815314397216
0, 158, 140, 18, 18, 0.0008276113658212125
0, 337, 577, 47, 40, 0.0008235928835347295
0, 306, 737, 61, 51, 0.0007891245768405497
0, 351, 631, 22, 19, 0.0007737358100712299
0, 304, 751, 19, 11, 0.0007575618219561875
0, 166, 187, 13, 9, 0.0007389385718852282
0, 295, 375, 22, 22, 0.0006924277986399829
0, 340, 766, 34, 34, 0.0006219865172170103
0, 354, 636, 14, 18, 0.0006143659702502191
0, 287, 561, 10, 12, 0.0005780779756605625
0, 336, 758, 27, 21, 0.000515454332344234
0, 278, 728, 57, 32, 0.000499297515489161
0, 269, 449, 41, 78, 0.0004953319439664483
0, 21, 841, 42, 126, 0.0004897182225249708
0, 320, 754, 16, 12, 0.00046888599172234535
0, 248, 311, 19, 33, 0.00043504935456439853
0, 422, 15, 10, 9, 0.00043098063906654716
0, 235, 302, 40, 34, 0.0004296540573704988
0, 12, 52, 24, 104, 0.0004231320053804666
0, 322, 486, 53, 78, 0.0004168104496784508
0, 338, 547, 199, 283, 0.0004159984819125384
0, 252, 316, 52, 43, 0.00041122821858152747
0, 339, 503, 17, 20, 0.0004022855719085783
0, 317, 546, 50, 62, 0.00038222139119170606
0, 260, 699, 18, 21, 0.0003820997371803969
0, 220, 143, 18, 19, 0.00036341664963401854
0, 84, 755, 9, 14, 0.0003592568391468376
0, 329, 516, 37, 46, 0.00035171728814020753
0, 471, 866, 5, 76, 0.00033527438063174486
0, 219, 303, 30, 37, 0.00033274825545959175
0, 263, 410, 56, 62, 0.00031282330746762455
0, 394, 4, 24, 9, 0.00031139832572080195
0, 167, 179, 18, 20, 0.00026679207803681493
0, 160, 153, 22, 13, 0.0002615209959913045
0, 282, 748, 33, 22, 0.0002546308096498251
0, 289, 393, 51, 51, 0.00024530093651264906
0, 451, 59, 45, 118, 0.00020780878548976034
0, 231, 329, 60, 62, 0.0002055269287666306
0, 156, 175, 39, 56, 0.0001983715483220294
0, 18, 364, 37, 232, 0.0001954188774107024
0, 291, 363, 58, 87, 0.0001934454485308379
0, 155, 136, 18, 17, 0.00019216409418731928
0, 2, 862, 4, 84, 0.00017908088921103626
0, 187, 133, 12, 15, 0.00017521483823657036
0, 447, 7, 44, 14, 0.00017457596550229937
0, 172, 171, 13, 22, 0.0001741785672493279
0, 298, 403, 155, 253, 0.00017369611305184662
0, 188, 120, 8, 12, 0.00016988665447570384
0, 142, 130, 8, 9, 0.0001645049633225426
0, 224, 277, 74, 41, 0.00016094279999379069
0, 275, 695, 56, 82, 0.00014947693853173405
0, 165, 212, 33, 23, 0.00014879660739097744
0, 268, 734, 61, 62, 0.0001482964726164937
0, 207, 256, 10, 12, 0.00014429824659600854
0, 234, 343, 40, 50, 0.00014417749480344355
0, 210, 170, 31, 38, 0.00013916751777287573
0, 350, 588, 42, 52, 0.00013751123333349824
0, 140, 156, 13, 15, 0.00012963305925950408
0, 334, 673, 278, 336, 0.00012517650611698627
0, 289, 768, 53, 55, 0.0001202774656121619
0, 17, 498, 34, 240, 0.00011952002387261018
0, 280, 292, 63, 65, 0.00011455173807917163
0, 182, 138, 22, 24, 0.00011131694191135466
0, 185, 177, 11, 18, 0.00011038631782867014
0, 342, 780, 68, 64, 0.00011013670882675797
0, 389, 36, 169, 72, 0.00010912954894592986
0, 19, 203, 39, 225, 0.00010886576637858525
0, 344, 404, 257, 347, 0.00010791776003316045
0, 326, 742, 61, 61, 0.00010735181422205642
0, 135, 143, 13, 13, 0.00010608740558382124
0, 27, 801, 55, 205, 0.00010604259296087548
0, 444, 855, 58, 99, 0.00010182734695263207
0, 15, 108, 31, 214, 0.00010160193050978705
0, 237, 376, 50, 66, 9.77669405983761e-05
0, 213, 197, 14, 17, 9.454345126869157e-05
0, 68, 35, 136, 71, 9.288453293265775e-05
0, 421, 58, 105, 117, 9.228902490576729e-05
0, 429, 11, 51, 22, 9.123541531153023e-05
0, 17, 592, 35, 234, 8.789639105089009e-05
0, 171, 197, 14, 13, 8.723023347556591e-05
0, 170, 220, 341, 441, 8.707224333193153e-05
0, 192, 173, 59, 40, 8.514791261404753e-05
0, 291, 581, 39, 62, 8.144993626046926e-05
0, 217, 323, 232, 221, 7.795550482114777e-05
0, 215, 139, 22, 24, 7.407355587929487e-05
0, 346, 607, 49, 68, 6.995310832280666e-05
0, 379, 5, 41, 10, 6.951759860385209e-05
0, 33, 365, 66, 306, 6.928688526386395e-05
0, 87, 773, 9, 10, 6.843455048510805e-05
0, 281, 527, 67, 61, 6.829770427430049e-05
0, 338, 537, 17, 33, 6.823241710662842e-05
0, 195, 145, 20, 29, 6.74065449857153e-05
0, 281, 594, 21, 42, 6.505396595457569e-05
0, 306, 402, 68, 72, 6.479289004346356e-05
0, 149, 172, 23, 45, 6.456997653003782e-05
0, 210, 268, 40, 45, 6.392654177034274e-05
0, 170, 147, 14, 21, 6.388059409800917e-05
0, 327, 757, 106, 114, 6.284208211582154e-05
0, 16, 679, 33, 218, 6.256445340113714e-05
0, 194, 133, 13, 13, 6.172213034005836e-05
0, 177, 211, 40, 22, 6.111156835686415e-05
0, 254, 231, 439, 463, 6.10355637036264e-05
0, 215, 316, 44, 50, 6.054316691006534e-05
0, 204, 311, 15, 26, 6.0013589973095804e-05
0, 293, 311, 33, 32, 5.982194488751702e-05
0, 284, 722, 117, 113, 5.946118471911177e-05
0, 316, 38, 280, 76, 5.909121682634577e-05
0, 445, 15, 12, 11, 5.8975590945919976e-05
0, 291, 781, 34, 26, 5.8722660469356924e-05
0, 148, 202, 116, 69, 5.773957309429534e-05
0, 247, 300, 57, 50, 5.475982106872834e-05
0, 128, 38, 257, 77, 5.433172918856144e-05
0, 344, 737, 30, 40, 5.402772512752563e-05
0, 186, 145, 17, 23, 5.3629290050594136e-05
0, 195, 210, 19, 16, 5.3404379286803305e-05
0, 331, 564, 284, 335, 5.218524165684357e-05
0, 217, 166, 27, 47, 5.198412691242993e-05
0, 122, 170, 244, 271, 5.126366522745229e-05
0, 273, 683, 204, 137, 5.121079448144883e-05
0, 71, 753, 13, 15, 4.925847679260187e-05
0, 251, 760, 27, 35, 4.821221955353394e-05
0, 173, 216, 56, 37, 4.694790914072655e-05
0, 183, 167, 99, 102, 4.688155968324281e-05
0, 285, 577, 124, 116, 4.3996653403155506e-05
0, 3, 53, 6, 107, 4.305763286538422e-05
0, 218, 144, 30, 35, 4.242748036631383e-05
0, 262, 473, 36, 45, 4.218569665681571e-05
0, 19, 751, 38, 223, 4.1216640966013074e-05
0, 353, 694, 46, 42, 4.114559851586819e-05
0, 89, 238, 13, 12, 4.104081017430872e-05
0, 175, 193, 42, 52, 4.0849288780009374e-05
0, 191, 131, 36, 45, 4.0708899177843705e-05
0, 291, 327, 74, 63, 4.062462903675623e-05
0, 292, 611, 59, 84, 4.034630546811968e-05
0, 297, 318, 264, 257, 3.9500177081208676e-05
0, 274, 554, 88, 101, 3.949919846490957e-05
0, 260, 490, 34, 54, 3.539400131558068e-05
0, 248, 586, 237, 171, 3.495538476272486e-05
0, 252, 448, 50, 64, 3.4713480999926105e-05
0, 319, 416, 52, 40, 3.458662467892282e-05
0, 280, 454, 105, 102, 3.4447552025085315e-05
0, 244, 750, 40, 29, 3.411784200579859e-05
0, 283, 668, 56, 88, 3.3714935852913186e-05
0, 250, 285, 106, 82, 3.306392318336293e-05
0, 246, 634, 300, 286, 3.224136889912188e-05
0, 181, 128, 27, 36, 3.176072641508654e-05
0, 70, 758, 33, 28, 3.1291605409933254e-05
0, 268, 501, 42, 33, 3.1263683922588825e-05
0, 329, 434, 65, 62, 3.106598887825385e-05
0, 150, 211, 35, 25, 3.097900844295509e-05
0, 473, 33, 1, 66, 3.023783392563928e-05
0, 456, 14, 34, 28, 2.9630949939019047e-05
0, 448, 811, 50, 187, 2.936200689873658e-05
0, 298, 299, 26, 29, 2.8551929062814452e-05
0, 209, 127, 81, 79, 2.8492440833360888e-05
0, 349, 630, 40, 48, 2.829966069839429e-05
0, 383, 504, 11, 11, 2.752427099039778e-05
0, 228, 320, 74, 116, 2.7518208298715763e-05
0, 196, 274, 129, 85, 2.7064963433076628e-05
0, 239, 471, 11, 10, 2.7050204153056256e-05
0, 350, 568, 51, 49, 2.6637981136445887e-05
0, 325, 402, 62, 53, 2.6396151952212676e-05
0, 223, 407, 101, 106, 2.631667666719295e-05
0, 345, 541, 32, 61, 2.619413862703368e-05
0, 142, 205, 197, 171, 2.6088089725817554e-05
0, 38, 168, 77, 309, 2.5970701244659722e-05
0, 250, 755, 89, 103, 2.5753615773282945e-05
0, 17, 8, 30, 16, 2.5644385459600016e-05
0, 247, 465, 39, 48, 2.5472572815488093e-05
0, 223, 254, 66, 74, 2.5198371076839976e-05
0, 347, 657, 55, 61, 2.51951514655957e-05
0, 130, 282, 261, 476, 2.517485700082034e-05
0, 350, 758, 246, 293, 2.5001183530548587e-05
0, 78, 792, 157, 225, 2.4701223082956858e-05
0, 228, 38, 244, 76, 2.4696348191355355e-05
0, 273, 404, 81, 182, 2.4554388801334426e-05
0, 32, 501, 64, 304, 2.423504884063732e-05
0, 338, 500, 45, 56, 2.3715481802355498e-05
