0, 941, 162, 98, 76, 0.31108078360557556
0, 157, 985, 20, 28, 0.1698780506849289
0, 306, 650, 26, 40, 0.168420672416687
0, 877, 283, 204, 184, 0.09026625007390976
0, 387, 599, 28, 32, 0.07213462144136429
0, 145, 1044, 15, 18, 0.0676964670419693
0, 474, 576, 14, 14, 0.06084758788347244
0, 853, 256, 110, 113, 0.0551900640130043
0, 388, 579, 25, 20, 0.04890309274196625
0, 358, 581, 26, 23, 0.047919243574142456
0, 318, 696, 24, 47, 0.046973180025815964
0, 389, 590, 35, 42, 0.04680049046874046
0, 413, 609, 20, 30, 0.04464396461844444
0, 288, 704, 20, 39, 0.04239983856678009
0, 218, 1053, 25, 26, 0.04082178324460983
0, 541, 507, 28, 20, 0.04031849652528763
0, 357, 636, 18, 24, 0.03913213312625885
0, 830, 320, 113, 98, 0.03634456917643547
0, 312, 663, 40, 72, 0.035376567393541336
0, 252, 711, 25, 27, 0.03441805765032768
0, 376, 646, 34, 46, 0.0333937332034111
0, 964, 227, 31, 25, 0.031938645988702774
0, 857, 301, 71, 57, 0.031112156808376312
0, 805, 331, 61, 77, 0.030928926542401314
0, 512, 532, 19, 19, 0.03056224249303341
0, 289, 823, 21, 32, 0.03054582141339779
0, 850, 287, 99, 80, 0.028009390458464622
0, 260, 706, 22, 32, 0.02716323919594288
0, 389, 630, 25, 27, 0.027127191424369812
0, 393, 629, 18, 20, 0.0267491452395916
0, 279, 710, 38, 52, 0.026659509167075157
0, 388, 618, 25, 31, 0.025644006207585335
0, 871, 234, 83, 68, 0.024344852194190025
0, 363, 641, 26, 35, 0.024227334186434746
0, 321, 754, 22, 18, 0.024045344442129135
0, 216, 880, 23, 19, 0.02376602031290531
0, 290, 702, 94, 72, 0.023566624149680138
0, 349, 594, 28, 30, 0.023061051964759827
0, 258, 706, 40, 41, 0.02164286933839321
0, 661, 422, 18, 20, 0.020596981048583984
0, 847, 255, 92, 62, 0.020373187959194183
0, 250, 922, 14, 22, 0.020048504695296288
0, 314, 685, 28, 32, 0.019708070904016495
0, 679, 404, 25, 16, 0.019683105871081352
0, 474, 564, 15, 31, 0.019396072253584862
0, 316, 648, 23, 48, 0.019337302073836327
0, 210, 887, 39, 35, 0.01922549493610859
0, 378, 643, 59, 64, 0.019042622298002243
0, 187, 929, 18, 20, 0.0184137225151062
0, 371, 657, 21, 32, 0.017334550619125366
0, 224, 1051, 16, 21, 0.017214035615324974
0, 503, 515, 23, 26, 0.017140699550509453
0, 198, 888, 16, 29, 0.01706531085073948
0, 361, 592, 39, 46, 0.01697048358619213
0, 322, 617, 14, 20, 0.01620490849018097
0, 380, 597, 51, 54, 0.01559786032885313
0, 375, 619, 68, 97, 0.015019727870821953
0, 399, 620, 51, 51, 0.014469780027866364
0, 344, 602, 18, 18, 0.014383193105459213
0, 841, 272, 92, 45, 0.01411648653447628
0, 909, 236, 141, 71, 0.014081066474318504
0, 645, 480, 20, 17, 0.014008736237883568
0, 494, 555, 17, 20, 0.013744097203016281
0, 797, 321, 38, 48, 0.013288278132677078
0, 862, 225, 57, 45, 0.013195368461310863
0, 319, 694, 44, 65, 0.012162531726062298
0, 932, 184, 94, 67, 0.011920788325369358
0, 828, 266, 55, 40, 0.011589476838707924
0, 305, 703, 50, 64, 0.011469473131000996
0, 544, 505, 40, 29, 0.011344201862812042
0, 464, 588, 28, 36, 0.011166531592607498
0, 671, 460, 16, 18, 0.010794619098305702
0, 501, 526, 44, 45, 0.010554895736277103
0, 573, 516, 33, 21, 0.010250532068312168
0, 853, 257, 50, 33, 0.010227834805846214
0, 674, 416, 46, 43, 0.01014685072004795
0, 927, 245, 32, 24, 0.01006826851516962
0, 569, 469, 16, 23, 0.010055093094706535
0, 183, 1052, 15, 17, 0.009980978444218636
0, 680, 409, 36, 26, 0.009854489006102085
0, 478, 498, 18, 22, 0.009727303870022297
0, 913, 241, 63, 39, 0.008885751478374004
0, 751, 391, 20, 21, 0.008810334838926792
0, 960, 233, 41, 40, 0.008773371577262878
0, 818, 271, 36, 29, 0.008736389689147472
0, 493, 546, 20, 18, 0.008576062507927418
0, 876, 265, 46, 34, 0.008453944697976112
0, 618, 486, 15, 18, 0.008377842605113983
0, 923, 179, 57, 34, 0.008023504167795181
0, 333, 679, 17, 28, 0.008006655611097813
0, 402, 597, 69, 64, 0.00790032185614109
0, 792, 353, 29, 29, 0.007029959000647068
0, 427, 577, 26, 26, 0.0068450612016022205
0, 465, 595, 21, 22, 0.006812191568315029
0, 290, 688, 19, 34, 0.006588644813746214
0, 472, 527, 19, 24, 0.006463949102908373
0, 369, 623, 124, 122, 0.006440326105803251
0, 935, 206, 31, 21, 0.006347751710563898
0, 331, 665, 24, 65, 0.0060363453812897205
0, 170, 1015, 23, 27, 0.006016325671225786
0, 666, 456, 23, 20, 0.005965481046587229
0, 896, 238, 32, 34, 0.005780301056802273
0, 443, 522, 23, 22, 0.005756850354373455
0, 739, 317, 31, 25, 0.005570281762629747
0, 167, 939, 15, 14, 0.005564877297729254
0, 550, 487, 69, 66, 0.005437750834971666
0, 880, 174, 231, 111, 0.005429486744105816
0, 708, 333, 26, 21, 0.0053351749666035175
0, 364, 656, 50, 66, 0.005009690299630165
0, 875, 213, 34, 27, 0.00498164352029562
0, 644, 476, 27, 25, 0.004760424606502056
0, 215, 959, 23, 17, 0.004714049398899078
0, 919, 196, 85, 43, 0.004657030571252108
0, 622, 489, 23, 23, 0.0046138097532093525
0, 921, 260, 51, 46, 0.004551101475954056
0, 250, 882, 21, 12, 0.004524897318333387
0, 791, 308, 33, 42, 0.004467798862606287
0, 763, 362, 34, 20, 0.004448799882084131
0, 500, 551, 61, 59, 0.00441609276458621
0, 293, 719, 22, 70, 0.0044125886633992195
0, 282, 719, 60, 84, 0.004383599851280451
0, 580, 491, 22, 17, 0.0043624150566756725
0, 418, 577, 31, 32, 0.00429524015635252
0, 442, 577, 51, 33, 0.004097824916243553
0, 477, 507, 22, 29, 0.004062046762555838
0, 732, 333, 87, 61, 0.004036681726574898
0, 758, 357, 32, 17, 0.004034237936139107
0, 439, 560, 344, 250, 0.003955429885536432
0, 405, 598, 121, 116, 0.003915041219443083
0, 517, 546, 24, 37, 0.003850438864901662
0, 534, 522, 72, 65, 0.0038326852954924107
0, 557, 483, 42, 37, 0.003786612069234252
0, 522, 526, 131, 124, 0.003648951882496476
0, 623, 431, 16, 14, 0.0036245533265173435
0, 625, 466, 15, 13, 0.003487319452688098
0, 528, 542, 49, 31, 0.0034645788837224245
0, 348, 647, 119, 94, 0.003348293714225292
0, 303, 705, 73, 117, 0.003333674743771553
0, 719, 331, 55, 34, 0.0032241635490208864
0, 171, 1049, 21, 15, 0.0031940615735948086
0, 959, 152, 55, 44, 0.0031766120810061693
0, 560, 468, 35, 39, 0.0031474540010094643
0, 543, 503, 100, 89, 0.003131479024887085
0, 399, 560, 17, 19, 0.003116412553936243
0, 886, 204, 36, 19, 0.0030574360862374306
0, 940, 237, 67, 48, 0.003000593278557062
0, 509, 515, 78, 57, 0.002796726766973734
0, 477, 544, 199, 165, 0.0027493250090628862
0, 525, 484, 22, 20, 0.0027207238599658012
0, 658, 464, 35, 32, 0.0026899559888988733
0, 179, 931, 32, 24, 0.002576816128566861
0, 673, 361, 18, 16, 0.002518310444429517
0, 484, 566, 44, 47, 0.0024977612774819136
0, 293, 755, 13, 12, 0.0023216523695737123
0, 153, 985, 33, 38, 0.0022960747592151165
0, 345, 600, 56, 65, 0.0022516180761158466
0, 546, 539, 30, 24, 0.002246551215648651
0, 348, 640, 31, 43, 0.0022331401705741882
0, 169, 1006, 24, 21, 0.0022273880895227194
0, 764, 369, 31, 21, 0.0022147558629512787
0, 534, 506, 60, 51, 0.0022114347666502
0, 439, 564, 75, 71, 0.0022078983020037413
0, 629, 486, 41, 31, 0.0021476480178534985
0, 349, 659, 54, 79, 0.0020965770818293095
0, 673, 434, 56, 78, 0.0019804330077022314
0, 352, 627, 53, 91, 0.0019213395426049829
0, 501, 570, 19, 24, 0.0019146230770274997
0, 460, 521, 35, 33, 0.001857060706242919
0, 459, 516, 55, 44, 0.001839740201830864
0, 640, 400, 31, 32, 0.00169046048540622
0, 769, 361, 47, 37, 0.001651980448514223
0, 465, 514, 73, 68, 0.0016415953869000077
0, 927, 254, 74, 75, 0.0016364667098969221
0, 314, 668, 93, 135, 0.001620941678993404
0, 925, 271, 39, 31, 0.0016194122144952416
0, 894, 196, 27, 21, 0.0016092699952423573
0, 750, 394, 28, 31, 0.0015327783767133951
0, 851, 218, 302, 214, 0.0014810127904638648
0, 465, 574, 49, 61, 0.0014507378218695521
0, 417, 564, 25, 25, 0.0013987381244078279
0, 886, 278, 125, 90, 0.001361357164569199
0, 647, 452, 27, 20, 0.0013408432714641094
0, 414, 611, 38, 36, 0.0013255961239337921
0, 168, 1014, 38, 35, 0.0013186284340918064
0, 127, 1088, 24, 26, 0.0013140346854925156
0, 391, 571, 36, 41, 0.0012957649305462837
0, 419, 529, 17, 19, 0.0012808351311832666
0, 318, 753, 34, 26, 0.0012647422263398767
0, 492, 584, 20, 22, 0.0011775110615417361
0, 786, 322, 72, 77, 0.001109635690227151
0, 963, 140, 42, 31, 0.001082820468582213
0, 554, 461, 29, 32, 0.0010286287870258093
0, 206, 1050, 46, 32, 0.0010239883558824658
0, 971, 159, 34, 26, 0.0010080813663080335
0, 394, 643, 91, 93, 0.0009848393965512514
0, 441, 527, 32, 33, 0.0009841922437772155
0, 189, 1081, 13, 11, 0.0009812755743041635
0, 247, 924, 28, 34, 0.0009282079990953207
0, 162, 999, 52, 62, 0.0009215341415256262
0, 308, 663, 158, 186, 0.0009149588877335191
0, 469, 545, 103, 112, 0.0009077495196834207
0, 419, 541, 20, 18, 0.0009039574069902301
0, 217, 928, 18, 16, 0.0008768355473875999
0, 921, 297, 338, 398, 0.000861524255014956
0, 440, 603, 26, 19, 0.0008485818980261683
0, 229, 935, 62, 44, 0.000819360779132694
0, 476, 586, 44, 43, 0.0008168925996869802
0, 654, 410, 64, 56, 0.0008098585531115532
0, 327, 613, 23, 31, 0.0008088470785878599
0, 767, 373, 73, 73, 0.0008013143669813871
0, 221, 957, 28, 25, 0.0007956996560096741
0, 228, 927, 20, 20, 0.0007675326196476817
0, 705, 345, 88, 58, 0.0007250920170918107
0, 481, 493, 29, 32, 0.0007121748058125377
0, 196, 1082, 17, 13, 0.0006835938547737896
0, 772, 300, 24, 20, 0.000673737667966634
0, 214, 945, 26, 33, 0.0006620465428568423
0, 702, 338, 36, 27, 0.000659054727293551
0, 821, 265, 56, 67, 0.000654637988191098
0, 267, 721, 38, 62, 0.0006516572320833802
0, 326, 704, 29, 57, 0.0006408909102901816
0, 141, 1133, 13, 16, 0.0006208097329363227
0, 294, 672, 62, 94, 0.0006124086794443429
0, 133, 1086, 19, 21, 0.0005904832505621016
0, 585, 513, 32, 18, 0.0005835290066897869
0, 198, 985, 14, 20, 0.0005833496688865125
0, 502, 528, 399, 426, 0.000572191143874079
0, 952, 175, 71, 45, 0.0005681152106262743
0, 241, 909, 41, 55, 0.0005680718459188938
0, 757, 385, 52, 38, 0.0005674554849974811
0, 487, 486, 29, 22, 0.0005503592547029257
0, 544, 458, 29, 30, 0.0005366414552554488
0, 671, 367, 28, 23, 0.0005286065861582756
0, 199, 889, 33, 36, 0.0005274286377243698
0, 352, 692, 15, 19, 0.0005189834628254175
0, 656, 377, 14, 16, 0.0005130815552547574
0, 293, 826, 34, 40, 0.0005019791424274445
0, 429, 609, 46, 35, 0.0004941425868310034
0, 191, 933, 44, 33, 0.0004918294143863022
0, 914, 271, 73, 70, 0.00048815066111274064
0, 684, 356, 46, 34, 0.0004844145732931793
0, 754, 317, 62, 52, 0.0004774069820996374
0, 897, 193, 105, 104, 0.0004764929472003132
0, 505, 481, 23, 20, 0.00046378865954466164
0, 416, 567, 59, 71, 0.00045534520177170634
0, 224, 867, 17, 11, 0.0004411130794323981
0, 144, 1022, 16, 18, 0.00041818866156972945
0, 620, 467, 21, 19, 0.00040778398397378623
0, 1087, 46, 6, 93, 0.00040280172834172845
0, 357, 672, 35, 57, 0.0004027892427984625
0, 746, 397, 43, 43, 0.00038887583650648594
0, 640, 484, 46, 38, 0.0003805059823207557
0, 379, 575, 56, 46, 0.0003743424895219505
0, 278, 852, 9, 18, 0.00036754156462848186
0, 523, 454, 19, 18, 0.0003659399226307869
0, 726, 376, 17, 16, 0.0003602519282139838
0, 559, 525, 73, 53, 0.0003433864039834589
0, 1047, 61, 86, 123, 0.00034200280788354576
0, 329, 632, 62, 85, 0.0003415342653170228
0, 257, 777, 20, 15, 0.00033155447454191744
0, 249, 890, 26, 25, 0.00033091119257733226
0, 1086, 77, 9, 154, 0.00033039014670066535
0, 647, 390, 33, 44, 0.0003153166326228529
0, 626, 428, 20, 21, 0.00031479698373004794
0, 217, 993, 42, 83, 0.0003120435285381973
0, 1077, 86, 27, 173, 0.0003084868367295712
0, 505, 470, 9, 12, 0.00030844274442642927
0, 173, 1049, 57, 26, 0.0003065357741434127
0, 946, 212, 77, 65, 0.0003036897396668792
0, 259, 894, 13, 20, 0.000301688996842131
0, 395, 580, 188, 206, 0.0002961670979857445
0, 211, 954, 32, 26, 0.0002809886645991355
0, 266, 755, 18, 13, 0.0002726192178670317
0, 806, 292, 80, 107, 0.0002698964672163129
0, 687, 421, 117, 68, 0.0002633741241879761
0, 128, 1036, 13, 13, 0.00026061024982482195
0, 192, 919, 44, 48, 0.00025209729210473597
0, 618, 447, 28, 44, 0.00024926484911702573
0, 578, 517, 48, 36, 0.0002461112744640559
0, 174, 915, 22, 26, 0.00024232709256466478
0, 556, 496, 298, 173, 0.00023290056560654193
0, 159, 1019, 51, 62, 0.00022519637423101813
0, 701, 431, 22, 21, 0.00022450134565588087
0, 1003, 170, 23, 24, 0.00021289769210852683
0, 225, 937, 20, 18, 0.00021061378356534988
0, 151, 1072, 17, 21, 0.00020837661577388644
0, 560, 469, 54, 51, 0.0002053283096756786
0, 1071, 50, 39, 100, 0.00020382090588100255
0, 637, 431, 131, 90, 0.00019693268404807895
0, 569, 436, 19, 25, 0.00019618096121121198
0, 582, 502, 38, 40, 0.0001925701944855973
0, 541, 439, 13, 14, 0.00019239840912632644
0, 272, 94, 13, 13, 0.00018872672808356583
0, 443, 596, 74, 60, 0.00018080331210512668
0, 165, 940, 27, 38, 0.0001745791087159887
0, 771, 305, 112, 103, 0.00017054185445886105
0, 638, 413, 70, 97, 0.0001670032215770334
0, 968, 155, 80, 63, 0.00016618466179352254
0, 996, 56, 189, 113, 0.00016145956760738045
0, 299, 756, 113, 216, 0.0001608731399755925
