0, 160, 240, 28, 46, 0.4640205502510071
0, 165, 641, 90, 80, 0.3790298402309418
0, 282, 291, 49, 37, 0.2560614347457886
0, 115, 189, 29, 48, 0.15384988486766815
0, 120, 701, 97, 53, 0.11606566607952118
0, 152, 180, 26, 20, 0.10962546616792679
0, 135, 212, 25, 41, 0.0855623185634613
0, 334, 323, 80, 65, 0.08130013197660446
0, 97, 702, 47, 45, 0.07611864060163498
0, 276, 270, 38, 29, 0.070719875395298
0, 331, 439, 21, 17, 0.06880456209182739
0, 238, 547, 67, 54, 0.06492646783590317
0, 358, 377, 21, 31, 0.06397395581007004
0, 207, 581, 236, 203, 0.061961282044649124
0, 147, 662, 52, 36, 0.05897277221083641
0, 338, 411, 36, 32, 0.05895457789301872
0, 344, 395, 51, 71, 0.056868866086006165
0, 106, 163, 13, 19, 0.0475231297314167
0, 334, 464, 21, 24, 0.04717795178294182
0, 318, 318, 49, 53, 0.04535738006234169
0, 141, 200, 12, 18, 0.04130738228559494
0, 149, 705, 40, 18, 0.036933980882167816
0, 332, 309, 109, 100, 0.031311120837926865
0, 182, 200, 24, 22, 0.0311005599796772
0, 159, 731, 19, 22, 0.030375750735402107
0, 367, 346, 32, 22, 0.029506541788578033
0, 231, 524, 48, 33, 0.02932814322412014
0, 312, 310, 34, 36, 0.029021160677075386
0, 221, 599, 43, 47, 0.02497229166328907
0, 81, 737, 17, 17, 0.02491029165685177
0, 273, 510, 30, 29, 0.02488957718014717
0, 233, 538, 40, 23, 0.02263186313211918
0, 252, 522, 117, 100, 0.02140134386718273
0, 267, 259, 20, 27, 0.02122781239449978
0, 128, 685, 37, 17, 0.020345564931631088
0, 125, 202, 43, 61, 0.01881507970392704
0, 182, 627, 86, 60, 0.01859990693628788
0, 92, 713, 32, 22, 0.01851070486009121
0, 281, 462, 19, 14, 0.01791241206228733
0, 281, 498, 53, 57, 0.017826398834586143
0, 295, 486, 24, 30, 0.01757737807929516
0, 198, 608, 91, 65, 0.01746930181980133
0, 236, 530, 41, 20, 0.01684691198170185
0, 143, 710, 59, 40, 0.016258612275123596
0, 146, 723, 50, 49, 0.016063561663031578
0, 251, 520, 83, 62, 0.015101033262908459
0, 138, 657, 32, 26, 0.014372443780303001
0, 279, 279, 43, 32, 0.013568095862865448
0, 313, 303, 25, 22, 0.01342044211924076
0, 218, 600, 32, 23, 0.012583705596625805
0, 144, 719, 23, 15, 0.01243667397648096
0, 157, 670, 30, 18, 0.012152595445513725
0, 85, 159, 14, 19, 0.011579240672290325
0, 293, 283, 25, 27, 0.010206370614469051
0, 330, 335, 37, 31, 0.01014005672186613
0, 198, 527, 28, 36, 0.009854759089648724
0, 185, 624, 125, 110, 0.009336394257843494
0, 356, 399, 21, 20, 0.009306908585131168
0, 517, 862, 4, 84, 0.009228969924151897
0, 98, 657, 14, 24, 0.009135732427239418
0, 223, 583, 30, 25, 0.008990036323666573
0, 344, 335, 52, 39, 0.00887907762080431
0, 146, 623, 18, 21, 0.008002582006156445
0, 125, 216, 34, 34, 0.007670657243579626
0, 275, 511, 50, 39, 0.007567970547825098
0, 154, 625, 36, 30, 0.006979743484407663
0, 252, 563, 128, 208, 0.006951266899704933
0, 174, 598, 29, 15, 0.00691157765686512
0, 214, 567, 83, 52, 0.006836780812591314
0, 234, 572, 76, 94, 0.00669187493622303
0, 362, 382, 40, 47, 0.006216963287442923
0, 218, 524, 64, 46, 0.006108191329985857
0, 189, 570, 28, 21, 0.005997887346893549
0, 106, 156, 17, 32, 0.005726151168346405
0, 191, 582, 26, 12, 0.0057051414623856544
0, 256, 611, 306, 311, 0.0055150301195681095
0, 295, 503, 25, 29, 0.005444759503006935
0, 364, 340, 41, 37, 0.005440252833068371
0, 143, 193, 46, 48, 0.00543385511264205
0, 288, 462, 26, 17, 0.0052926307544112206
0, 95, 773, 15, 31, 0.005206810776144266
0, 224, 556, 45, 31, 0.005104814190417528
0, 260, 498, 17, 12, 0.004967434331774712
0, 86, 163, 18, 29, 0.004942035768181086
0, 125, 165, 11, 13, 0.004897651728242636
0, 106, 142, 13, 21, 0.004400898236781359
0, 181, 577, 56, 48, 0.004338225815445185
0, 82, 733, 21, 28, 0.003907487727701664
0, 246, 214, 12, 21, 0.0038567648734897375
0, 264, 538, 22, 18, 0.003582376753911376
0, 141, 215, 85, 106, 0.0035697624552994967
0, 283, 286, 57, 74, 0.0034454818814992905
0, 352, 442, 12, 13, 0.0034391824156045914
0, 336, 440, 35, 23, 0.0034067656379193068
0, 94, 778, 24, 46, 0.0033608130179345608
0, 166, 587, 19, 22, 0.003331430722028017
0, 104, 656, 26, 32, 0.003077736357226968
0, 175, 604, 27, 11, 0.0029493214096874
0, 346, 369, 69, 113, 0.002946325112134218
0, 111, 651, 16, 20, 0.002908822614699602
0, 143, 674, 156, 151, 0.0027971870731562376
0, 202, 565, 56, 30, 0.002764978213235736
0, 116, 643, 13, 15, 0.0027419612742960453
0, 288, 481, 39, 58, 0.0027232130523771048
0, 188, 622, 50, 47, 0.002281151944771409
0, 167, 562, 14, 12, 0.0020075333304703236
0, 132, 660, 73, 55, 0.0018607687670737505
0, 39, 766, 78, 277, 0.0018482096493244171
0, 81, 711, 21, 21, 0.0017430061707273126
0, 254, 539, 63, 75, 0.0017118474934250116
0, 251, 557, 44, 45, 0.0016592968022450805
0, 23, 785, 47, 238, 0.0016402986366301775
0, 273, 517, 65, 70, 0.0015852079959586263
0, 119, 171, 20, 25, 0.001504941494204104
0, 296, 496, 34, 50, 0.0014542961725965142
0, 128, 648, 53, 29, 0.001416974700987339
0, 134, 625, 41, 31, 0.0013840727042406797
0, 299, 308, 72, 87, 0.0013522194931283593
0, 143, 681, 86, 80, 0.0013002414489164948
0, 102, 146, 17, 33, 0.0012661573709920049
0, 16, 837, 33, 135, 0.0012550593819469213
0, 183, 644, 53, 68, 0.0011697225272655487
0, 502, 850, 35, 109, 0.0011137266410514712
0, 349, 440, 21, 17, 0.0010148058645427227
0, 188, 647, 38, 32, 0.0010041537461802363
0, 123, 627, 27, 32, 0.0009876324329525232
0, 343, 319, 191, 217, 0.0009424009476788342
0, 2, 30, 4, 61, 0.0009096291614696383
0, 160, 589, 27, 25, 0.0008920964901335537
0, 178, 667, 30, 23, 0.000858056009747088
0, 267, 464, 8, 15, 0.000839386775624007
0, 151, 701, 57, 33, 0.0008207681821659207
0, 506, 876, 27, 56, 0.0007892234716564417
0, 173, 239, 56, 51, 0.0007790616364218295
0, 133, 180, 64, 46, 0.000677636475302279
0, 161, 197, 12, 17, 0.0006240472430363297
0, 20, 579, 41, 274, 0.0006091652903705835
0, 127, 637, 49, 73, 0.0005993059021420777
0, 165, 591, 47, 31, 0.000575137441046536
0, 108, 723, 76, 67, 0.0005660229362547398
0, 520, 26, 0, 53, 0.0005618184222839773
0, 172, 694, 15, 13, 0.0005414748447947204
0, 500, 52, 38, 104, 0.0005046646110713482
0, 514, 836, 11, 136, 0.000496888009365648
0, 152, 232, 44, 68, 0.0004873161087743938
0, 262, 538, 205, 282, 0.0004753096727654338
0, 94, 153, 30, 33, 0.00045276578748598695
0, 112, 677, 62, 74, 0.00045173181570135057
0, 19, 695, 39, 282, 0.00045132523518987
0, 101, 165, 18, 27, 0.0004406310326885432
0, 340, 454, 46, 51, 0.0004272653313819319
0, 312, 468, 63, 41, 0.0004247557953931391
0, 154, 617, 72, 70, 0.00042444534483365715
0, 51, 560, 103, 331, 0.00040665778215043247
0, 171, 640, 239, 236, 0.0004008937976323068
0, 146, 593, 14, 21, 0.0003983849019277841
0, 90, 656, 13, 24, 0.0003590707201510668
0, 18, 473, 36, 251, 0.0003539875615388155
0, 10, 51, 21, 102, 0.0003497423604130745
0, 269, 263, 32, 37, 0.00033157310099340975
0, 69, 744, 138, 321, 0.00032655001268722117
0, 303, 315, 49, 60, 0.0003211764560546726
0, 190, 555, 62, 63, 0.00031792616937309504
0, 160, 727, 42, 33, 0.000285055284621194
0, 509, 38, 20, 76, 0.0002845561830326915
0, 18, 382, 36, 248, 0.00023901410168036819
0, 2, 862, 4, 84, 0.00023661045997869223
0, 169, 199, 51, 33, 0.00023449775471817702
0, 312, 447, 9, 10, 0.0002262705675093457
0, 161, 692, 63, 59, 0.00021862985158804804
0, 155, 673, 68, 43, 0.00021677334734704345
0, 113, 646, 49, 62, 0.00020967546151950955
0, 180, 560, 43, 44, 0.00020031386520713568
0, 295, 449, 13, 12, 0.00019138258357997984
0, 231, 509, 84, 74, 0.00019115424947813153
0, 278, 464, 31, 19, 0.00018189771799370646
0, 517, 56, 4, 113, 0.00018109611119143665
0, 134, 621, 48, 61, 0.00017843370733316988
0, 124, 161, 16, 21, 0.00017220285371877253
0, 87, 745, 33, 40, 0.00016521661018487066
0, 46, 670, 92, 311, 0.00016167061403393745
0, 292, 453, 17, 19, 0.00016104071983136237
0, 338, 359, 115, 153, 0.00015896721743047237
0, 103, 750, 71, 68, 0.00015828975301701576
0, 474, 53, 90, 107, 0.00015685876132920384
0, 349, 305, 56, 44, 0.00015265664842445403
0, 316, 502, 13, 13, 0.0001519723009550944
0, 213, 517, 209, 144, 0.00015187132521532476
0, 244, 219, 15, 34, 0.0001497065823059529
0, 167, 579, 70, 84, 0.00014948377793189138
0, 13, 116, 27, 230, 0.00013472953287418932
0, 18, 292, 37, 259, 0.00012962181062903255
0, 259, 490, 89, 80, 0.0001258372503798455
0, 151, 735, 40, 39, 0.00012045651965308934
0, 336, 365, 40, 48, 0.00011959789117099717
0, 101, 137, 17, 23, 0.00011907421139767393
0, 97, 179, 195, 214, 0.00010935581667581573
0, 306, 263, 91, 72, 0.00010885620577028021
0, 202, 631, 70, 79, 0.00010694505908759311
0, 75, 552, 151, 373, 0.00010560081136645749
0, 372, 292, 277, 326, 0.0001034835004247725
0, 344, 415, 65, 121, 9.997740562539548e-05
0, 325, 293, 52, 57, 9.694940672488883e-05
0, 271, 474, 54, 46, 9.633904846850783e-05
0, 122, 728, 128, 114, 9.38171724556014e-05
0, 33, 474, 67, 313, 9.380321716889739e-05
0, 520, 836, 0, 135, 9.320199023932219e-05
0, 362, 295, 56, 59, 9.220273204846308e-05
0, 433, 48, 173, 96, 9.040228906087577e-05
0, 513, 77, 12, 154, 8.758990588830784e-05
0, 114, 741, 56, 32, 8.300090848933905e-05
0, 14, 227, 29, 228, 8.225310011766851e-05
0, 149, 594, 73, 90, 8.156519470503554e-05
0, 308, 269, 35, 15, 8.122662984533235e-05
0, 163, 190, 58, 46, 7.90198755566962e-05
0, 367, 473, 116, 71, 7.845959044061601e-05
0, 325, 445, 37, 32, 7.747802010271698e-05
0, 347, 421, 59, 62, 7.687923061894253e-05
0, 53, 845, 106, 117, 7.619353709742427e-05
0, 104, 185, 58, 82, 7.506394467782229e-05
0, 495, 806, 49, 194, 7.474216545233503e-05
0, 169, 553, 81, 94, 7.455210288753733e-05
0, 199, 237, 123, 85, 7.124086550902575e-05
0, 181, 678, 61, 66, 7.026620005490258e-05
0, 363, 392, 104, 102, 6.615628080908209e-05
0, 84, 716, 62, 77, 6.55763506074436e-05
0, 297, 528, 312, 372, 6.414313975255936e-05
0, 63, 140, 126, 281, 6.360020051943138e-05
0, 178, 459, 357, 481, 6.229791324585676e-05
0, 365, 283, 83, 71, 6.151552952360362e-05
0, 91, 762, 132, 97, 6.141044286778197e-05
0, 342, 281, 52, 55, 6.01522988290526e-05
0, 100, 161, 200, 322, 5.980164132779464e-05
0, 37, 361, 75, 315, 5.9039175539510325e-05
0, 286, 457, 32, 33, 5.898267409065738e-05
0, 174, 183, 82, 71, 5.873699774383567e-05
0, 319, 335, 67, 58, 5.8564281061990187e-05
0, 125, 635, 251, 149, 5.7813453167909756e-05
0, 61, 42, 122, 85, 5.6947381381178275e-05
0, 122, 651, 245, 295, 5.537474498851225e-05
0, 191, 518, 74, 74, 5.514067743206397e-05
0, 272, 462, 70, 75, 5.503345892066136e-05
0, 377, 582, 80, 82, 5.4278083553072065e-05
0, 105, 151, 31, 44, 5.25309078511782e-05
0, 208, 509, 61, 81, 5.070125189376995e-05
0, 488, 101, 62, 203, 5.0157064833911136e-05
0, 331, 388, 77, 97, 4.9359339755028486e-05
0, 370, 399, 56, 57, 4.916668331134133e-05
0, 124, 165, 52, 43, 4.8817913921084255e-05
0, 316, 448, 71, 51, 4.868550968240015e-05
0, 271, 554, 74, 60, 4.7949764848453924e-05
0, 2, 57, 5, 114, 4.758330760523677e-05
0, 1, 712, 3, 119, 4.7043948143254966e-05
0, 29, 870, 58, 69, 4.64458207716234e-05
0, 115, 182, 111, 164, 4.584357520798221e-05
0, 1, 588, 3, 121, 4.5706423406954855e-05
0, 1, 645, 3, 118, 4.4898952182848006e-05
0, 264, 265, 67, 61, 4.4293781684245914e-05
0, 183, 725, 261, 315, 4.401415208121762e-05
0, 164, 257, 47, 97, 4.07532206736505e-05
0, 395, 590, 49, 52, 4.072835508850403e-05
0, 84, 764, 40, 65, 4.000401895609684e-05
0, 1, 759, 3, 117, 3.950450991396792e-05
0, 201, 495, 284, 259, 3.929133163182996e-05
0, 108, 693, 123, 90, 3.906946585630067e-05
0, 329, 252, 106, 94, 3.807372195296921e-05
0, 478, 855, 83, 98, 3.776447192649357e-05
0, 360, 457, 81, 33, 3.75853014702443e-05
0, 460, 135, 118, 271, 3.721292523550801e-05
0, 492, 897, 54, 14, 3.700268644024618e-05
0, 225, 621, 62, 67, 3.659149297163822e-05
0, 172, 194, 203, 223, 3.619539347710088e-05
0, 283, 254, 51, 60, 3.588018080336042e-05
0, 94, 709, 188, 166, 3.478187500149943e-05
0, 1, 543, 3, 120, 3.4637589124031365e-05
0, 1, 807, 3, 119, 3.4500088077038527e-05
0, 241, 237, 12, 14, 3.421053406782448e-05
0, 351, 587, 47, 46, 3.405003735679202e-05
0, 268, 317, 68, 70, 3.324353747302666e-05
0, 519, 583, 0, 139, 3.247412678319961e-05
0, 73, 736, 41, 30, 3.217821358703077e-05
0, 166, 716, 65, 45, 3.2060808734968305e-05
0, 434, 448, 71, 81, 3.201238359906711e-05
0, 519, 357, 0, 136, 3.1836658308748156e-05
0, 114, 519, 58, 64, 3.161754284519702e-05
0, 139, 163, 82, 72, 3.157848914270289e-05
0, 292, 274, 123, 140, 3.154700607410632e-05
0, 397, 575, 65, 78, 3.134658982162364e-05
0, 36, 893, 73, 22, 3.126768206129782e-05
0, 319, 513, 93, 66, 3.066848512389697e-05
0, 366, 323, 63, 71, 3.0624672945123166e-05
0, 290, 37, 263, 75, 3.0621609766967595e-05
0, 105, 634, 72, 89, 3.028556784556713e-05
0, 158, 544, 317, 196, 3.008951898664236e-05
0, 519, 446, 0, 139, 3.00831779895816e-05
0, 112, 152, 54, 53, 2.978237171191722e-05
0, 267, 310, 157, 137, 2.9463379178196192e-05
0, 200, 672, 48, 56, 2.9343505957513116e-05
0, 375, 445, 117, 76, 2.928842877736315e-05
0, 91, 514, 89, 88, 2.8503993235062808e-05
