0, 129, 643, 44, 41, 0.27270832657814026
0, 183, 412, 26, 13, 0.2430919110774994
0, 222, 189, 31, 22, 0.20758311450481415
0, 130, 548, 22, 15, 0.20652814209461212
0, 137, 450, 27, 22, 0.20248807966709137
0, 248, 171, 47, 36, 0.16822153329849243
0, 218, 350, 18, 17, 0.1451624035835266
0, 168, 529, 17, 20, 0.14336316287517548
0, 199, 220, 21, 27, 0.13725171983242035
0, 263, 224, 36, 39, 0.13491323590278625
0, 219, 211, 18, 15, 0.12845265865325928
0, 147, 764, 16, 21, 0.12063951790332794
0, 192, 288, 19, 14, 0.11963902413845062
0, 147, 526, 17, 19, 0.11925952136516571
0, 206, 616, 21, 36, 0.11568387597799301
0, 176, 574, 38, 24, 0.11518843472003937
0, 150, 486, 22, 26, 0.11466944962739944
0, 144, 591, 21, 15, 0.11402509361505508
0, 239, 268, 16, 18, 0.11377333104610443
0, 168, 952, 19, 34, 0.11216434091329575
0, 236, 167, 22, 22, 0.10233475267887115
0, 217, 286, 20, 19, 0.09637345373630524
0, 159, 994, 28, 28, 0.09374816715717316
0, 176, 627, 20, 20, 0.08576652407646179
0, 290, 175, 22, 18, 0.08544722199440002
0, 224, 244, 13, 12, 0.08540614694356918
0, 189, 329, 16, 20, 0.08407989144325256
0, 169, 358, 22, 36, 0.08403963595628738
0, 236, 221, 14, 24, 0.0777343362569809
0, 220, 200, 36, 44, 0.07709041982889175
0, 181, 481, 27, 32, 0.07422993332147598
0, 116, 687, 22, 38, 0.07075951248407364
0, 147, 923, 17, 35, 0.06951986998319626
0, 244, 265, 28, 24, 0.06800765544176102
0, 212, 435, 27, 19, 0.06627970188856125
0, 216, 269, 14, 11, 0.06605417281389236
0, 169, 939, 25, 58, 0.06429246813058853
0, 187, 732, 21, 17, 0.06093688681721687
0, 175, 922, 32, 47, 0.06075162813067436
0, 164, 455, 30, 15, 0.05899304524064064
0, 119, 725, 16, 19, 0.05836549401283264
0, 146, 575, 14, 14, 0.05775991827249527
0, 167, 601, 17, 17, 0.05640074238181114
0, 189, 311, 15, 14, 0.05569443851709366
0, 178, 913, 24, 32, 0.05476527288556099
0, 247, 258, 35, 40, 0.05420062318444252
0, 167, 615, 118, 109, 0.05352580547332764
0, 136, 806, 43, 45, 0.052600156515836716
0, 150, 716, 24, 18, 0.051614854484796524
0, 188, 937, 13, 19, 0.0507594533264637
0, 214, 347, 23, 25, 0.050066180527210236
0, 270, 230, 22, 28, 0.049436505883932114
0, 137, 486, 24, 28, 0.048709262162446976
0, 202, 388, 20, 15, 0.04651220887899399
0, 152, 452, 59, 27, 0.04621581360697746
0, 237, 372, 12, 25, 0.04620053619146347
0, 136, 476, 20, 14, 0.04612104967236519
0, 149, 480, 28, 21, 0.045732803642749786
0, 105, 893, 14, 16, 0.04462015628814697
0, 257, 164, 37, 30, 0.04359819367527962
0, 261, 166, 76, 46, 0.04335491359233856
0, 158, 527, 44, 28, 0.04214194416999817
0, 233, 302, 17, 14, 0.04158487170934677
0, 179, 723, 15, 16, 0.04116300493478775
0, 138, 817, 27, 22, 0.04043717682361603
0, 194, 965, 19, 18, 0.03993663191795349
0, 163, 645, 118, 57, 0.03976425155997276
0, 171, 641, 38, 53, 0.03924348205327988
0, 166, 927, 16, 25, 0.038801588118076324
0, 161, 657, 18, 22, 0.037562813609838486
0, 252, 236, 22, 27, 0.03550053387880325
0, 284, 170, 23, 30, 0.03533612936735153
0, 173, 945, 63, 88, 0.03511640056967735
0, 190, 582, 65, 40, 0.03402573615312576
0, 192, 618, 54, 46, 0.032836608588695526
0, 142, 664, 81, 84, 0.03106614202260971
0, 171, 798, 17, 18, 0.03103025071322918
0, 153, 430, 21, 18, 0.03002059832215309
0, 181, 711, 24, 17, 0.02989325486123562
0, 191, 688, 15, 12, 0.02988327108323574
0, 162, 834, 20, 21, 0.029407726600766182
0, 152, 392, 27, 22, 0.02879944071173668
0, 147, 761, 23, 33, 0.028309956192970276
0, 228, 240, 22, 25, 0.0281870998442173
0, 204, 284, 47, 28, 0.02778478153049946
0, 207, 606, 32, 61, 0.026254579424858093
0, 158, 710, 23, 18, 0.025230858474969864
0, 147, 624, 17, 14, 0.024751460179686546
0, 145, 691, 16, 23, 0.02461692877113819
0, 218, 551, 12, 18, 0.024481015279889107
0, 175, 409, 48, 24, 0.02385975979268551
0, 199, 631, 34, 69, 0.02359694242477417
0, 209, 274, 30, 22, 0.02349536120891571
0, 163, 458, 37, 28, 0.02336982823908329
0, 183, 325, 27, 29, 0.022576840594410896
0, 173, 621, 41, 43, 0.02242295816540718
0, 217, 220, 41, 46, 0.022405777126550674
0, 189, 293, 22, 28, 0.022211970761418343
0, 251, 241, 64, 79, 0.021269189193844795
0, 192, 260, 20, 18, 0.02098187431693077
0, 126, 795, 27, 28, 0.020951643586158752
0, 191, 369, 26, 19, 0.020689023658633232
0, 162, 669, 123, 119, 0.02065415121614933
0, 166, 485, 56, 48, 0.020323194563388824
0, 213, 587, 21, 18, 0.01867763325572014
0, 154, 689, 37, 33, 0.01864008978009224
0, 183, 313, 34, 57, 0.018445180729031563
0, 124, 720, 36, 34, 0.01817157119512558
0, 152, 470, 60, 58, 0.01785445772111416
0, 258, 251, 18, 20, 0.017672669142484665
0, 169, 980, 18, 13, 0.01761169731616974
0, 104, 882, 20, 40, 0.01663617603480816
0, 150, 702, 49, 51, 0.01643291674554348
0, 147, 811, 66, 60, 0.01613863930106163
0, 184, 638, 44, 53, 0.016121402382850647
0, 126, 689, 38, 42, 0.015909938141703606
0, 157, 938, 46, 70, 0.015566729009151459
0, 207, 212, 39, 32, 0.014854128472507
0, 149, 697, 97, 73, 0.014098718762397766
0, 132, 957, 16, 19, 0.013707206584513187
0, 155, 419, 23, 27, 0.01349893119186163
0, 218, 291, 21, 14, 0.013390607200562954
0, 264, 303, 14, 14, 0.013161757960915565
0, 170, 421, 58, 34, 0.012734873220324516
0, 213, 385, 22, 15, 0.012518656440079212
0, 291, 249, 11, 17, 0.011717341840267181
0, 145, 586, 34, 40, 0.011481362394988537
0, 132, 914, 14, 23, 0.011474939994513988
0, 185, 380, 97, 91, 0.01142163947224617
0, 104, 873, 18, 22, 0.011330894194543362
0, 277, 201, 12, 18, 0.010943463072180748
0, 238, 224, 82, 68, 0.01070208940654993
0, 194, 266, 22, 17, 0.010683401487767696
0, 145, 929, 31, 50, 0.010513637214899063
0, 167, 403, 62, 47, 0.010416007600724697
0, 235, 141, 20, 19, 0.01038774661719799
0, 182, 724, 32, 36, 0.010271845385432243
0, 202, 653, 13, 22, 0.009255906566977501
0, 231, 308, 23, 20, 0.008975209668278694
0, 161, 828, 24, 20, 0.008954782038927078
0, 189, 353, 70, 64, 0.008539900183677673
0, 110, 728, 41, 29, 0.007999679073691368
0, 195, 329, 61, 58, 0.007938865572214127
0, 234, 250, 101, 103, 0.007603130768984556
0, 225, 272, 62, 49, 0.0073491656221449375
0, 139, 720, 67, 44, 0.007033585105091333
0, 242, 143, 31, 23, 0.006528743542730808
0, 151, 595, 39, 19, 0.0060392869636416435
0, 172, 675, 22, 22, 0.006003376562148333
0, 131, 495, 30, 31, 0.00592804467305541
0, 203, 370, 62, 53, 0.005229898262768984
0, 180, 413, 90, 38, 0.005204786080867052
0, 146, 772, 58, 39, 0.005159902386367321
0, 203, 350, 104, 107, 0.004713601898401976
0, 199, 311, 37, 26, 0.00465784827247262
0, 164, 695, 67, 48, 0.004520013462752104
0, 157, 834, 32, 29, 0.004401617217808962
0, 194, 941, 27, 18, 0.004337861202657223
0, 211, 142, 14, 18, 0.004255261737853289
0, 208, 583, 33, 35, 0.004244184121489525
0, 187, 416, 51, 22, 0.004121523350477219
0, 117, 694, 43, 59, 0.00406670244410634
0, 224, 247, 23, 21, 0.003951679915189743
0, 213, 307, 150, 205, 0.0038595099467784166
0, 140, 780, 24, 21, 0.0038151408080011606
0, 160, 751, 19, 18, 0.0036503286100924015
0, 178, 861, 11, 13, 0.0036413720808923244
0, 197, 295, 54, 39, 0.0034919509198516607
0, 152, 795, 83, 95, 0.003486126661300659
0, 145, 513, 57, 67, 0.0034658946096897125
0, 171, 535, 45, 23, 0.0031133207958191633
0, 138, 486, 50, 56, 0.002973763970658183
0, 223, 360, 38, 38, 0.002845441224053502
0, 170, 720, 65, 42, 0.002756098983809352
0, 145, 535, 53, 39, 0.0027392113115638494
0, 135, 458, 38, 41, 0.0026719295419752598
0, 177, 463, 104, 90, 0.002599070779979229
0, 129, 897, 12, 20, 0.0025435283314436674
0, 210, 341, 39, 40, 0.002504586474969983
0, 252, 183, 68, 70, 0.0024820570833981037
0, 234, 176, 45, 40, 0.002358282683417201
0, 113, 606, 20, 14, 0.0023309094831347466
0, 213, 460, 23, 16, 0.0023183501325547695
0, 161, 725, 118, 209, 0.0022802643943578005
0, 161, 332, 12, 16, 0.0022013308480381966
0, 183, 420, 117, 73, 0.0021968786604702473
0, 126, 669, 54, 59, 0.0021594236604869366
0, 207, 468, 13, 13, 0.0019965199753642082
0, 151, 398, 40, 36, 0.0018442263826727867
0, 210, 265, 60, 39, 0.0017255075508728623
0, 163, 495, 84, 97, 0.0016940427012741566
0, 196, 958, 27, 32, 0.0016845038626343012
0, 196, 428, 61, 38, 0.0016618273220956326
0, 127, 952, 24, 23, 0.001579512725584209
0, 152, 731, 106, 85, 0.0015447601908817887
0, 193, 278, 44, 56, 0.0014588069170713425
0, 278, 186, 42, 53, 0.0013796680141240358
0, 124, 513, 17, 17, 0.0013753786915913224
0, 174, 667, 171, 241, 0.001342156669124961
0, 158, 834, 42, 51, 0.0013320721918717027
0, 184, 545, 18, 14, 0.0013227206654846668
0, 146, 443, 43, 39, 0.0012468600180000067
0, 152, 421, 53, 61, 0.001245922758243978
0, 244, 337, 14, 16, 0.0012358921812847257
0, 235, 304, 39, 22, 0.0012315107742324471
0, 270, 228, 57, 59, 0.0012156825978308916
0, 210, 206, 59, 59, 0.001184510183520615
0, 165, 377, 56, 65, 0.0011809916468337178
0, 187, 477, 50, 48, 0.0010207633022218943
0, 191, 969, 33, 33, 0.0009906485211104155
0, 162, 528, 101, 176, 0.0009660720243118703
0, 186, 739, 24, 34, 0.0009532542317174375
0, 189, 683, 27, 22, 0.0008995711104944348
0, 164, 434, 74, 84, 0.0008753517176955938
0, 198, 393, 41, 29, 0.0008596022380515933
0, 169, 847, 28, 39, 0.0007919789641164243
0, 180, 748, 29, 36, 0.0007822742918506265
0, 219, 380, 42, 48, 0.0007811293471604586
0, 168, 740, 57, 51, 0.000775815628003329
0, 205, 231, 42, 51, 0.0007683061412535608
0, 427, 33, 0, 66, 0.0007501166546717286
0, 178, 904, 20, 20, 0.0007349184015765786
0, 174, 544, 24, 17, 0.0007343495963141322
0, 264, 286, 15, 14, 0.0007085634861141443
0, 208, 389, 40, 33, 0.0007071003201417625
0, 100, 733, 26, 18, 0.000658414966892451
0, 153, 777, 109, 150, 0.0006526840152218938
0, 172, 758, 25, 20, 0.0005944989388808608
0, 413, 48, 26, 96, 0.0005772036965936422
0, 125, 822, 23, 42, 0.0005720575572922826
0, 121, 942, 13, 16, 0.0005123213632032275
0, 129, 556, 28, 33, 0.0005044316058047116
0, 130, 1006, 16, 15, 0.00043889236985705793
0, 391, 79, 71, 159, 0.00041694476385600865
0, 424, 1120, 4, 86, 0.0003984251816291362
0, 177, 799, 35, 32, 0.0003916544374078512
0, 244, 330, 16, 16, 0.00038463054806925356
0, 219, 540, 11, 37, 0.0003560773911885917
0, 227, 318, 34, 27, 0.0003477419086266309
0, 186, 821, 14, 15, 0.0003427360497880727
0, 264, 154, 94, 94, 0.00033930002246052027
0, 288, 209, 17, 20, 0.0003243059618398547
0, 203, 471, 44, 48, 0.00031599283101968467
0, 123, 572, 23, 16, 0.00030361965764313936
0, 155, 563, 57, 36, 0.0002947350440081209
0, 138, 774, 56, 63, 0.0002941169368568808
0, 237, 372, 27, 34, 0.0002937109093181789
0, 122, 797, 43, 39, 0.0002700993209145963
0, 157, 775, 62, 71, 0.00025785641628317535
0, 175, 990, 47, 34, 0.000247812713496387
0, 154, 584, 171, 221, 0.00024549910449422896
0, 125, 733, 46, 41, 0.0002387389977229759
0, 165, 940, 118, 152, 0.00023748964304104447
0, 141, 997, 36, 29, 0.00022185403213370591
0, 216, 520, 12, 15, 0.0002201806055381894
0, 150, 834, 88, 124, 0.00021009672491345555
0, 163, 358, 40, 59, 0.0002047754096565768
0, 189, 730, 36, 26, 0.00020256644347682595
0, 150, 983, 50, 63, 0.00019139972573611885
0, 103, 692, 39, 37, 0.0001844752550823614
0, 134, 927, 46, 61, 0.00018215614545624703
0, 95, 704, 22, 17, 0.00017882033716887236
0, 136, 922, 82, 102, 0.00017823951202444732
0, 212, 554, 26, 32, 0.00017242862668354064
0, 136, 599, 58, 40, 0.00017035154451150447
0, 427, 68, 0, 136, 0.00016978965140879154
0, 167, 821, 55, 66, 0.00016938279441092163
0, 247, 369, 292, 374, 0.00016792920359876007
0, 149, 921, 47, 68, 0.000148423234350048
0, 416, 86, 21, 173, 0.00014481086691375822
0, 268, 284, 26, 22, 0.00013907386164646596
0, 190, 689, 33, 23, 0.00013724570453632623
0, 193, 222, 45, 36, 0.00013708144251722842
0, 99, 668, 28, 26, 0.00013638805830851197
0, 238, 694, 10, 12, 0.00012678586062975228
0, 346, 82, 161, 165, 0.00012069670628989115
0, 133, 845, 25, 24, 0.00011799343337770551
0, 266, 296, 31, 40, 0.00011644280311884359
0, 181, 998, 31, 33, 0.00011477981752250344
0, 248, 172, 118, 149, 0.00011079253454227
0, 164, 175, 305, 230, 0.00010851678962353617
0, 176, 304, 63, 77, 0.00010373741679359227
0, 28, 79, 57, 158, 9.7574622486718e-05
0, 166, 353, 189, 182, 9.579261677572504e-05
0, 219, 614, 70, 71, 9.203266381518915e-05
0, 190, 258, 37, 52, 9.160119952866808e-05
0, 129, 614, 66, 66, 8.557876572012901e-05
0, 153, 842, 147, 190, 8.392750896746293e-05
0, 250, 316, 40, 47, 8.151434303727001e-05
0, 217, 435, 45, 28, 7.529558206442744e-05
0, 126, 793, 63, 72, 7.419557368848473e-05
0, 209, 518, 17, 13, 7.29289895389229e-05
0, 232, 138, 40, 32, 7.248269685078412e-05
0, 416, 1113, 21, 100, 6.942193431314081e-05
0, 390, 1107, 73, 113, 6.870663492009044e-05
0, 203, 543, 35, 55, 6.812325591454282e-05
0, 185, 708, 44, 32, 6.425804895116016e-05
0, 125, 906, 28, 39, 6.162485806271434e-05
0, 142, 388, 70, 97, 6.066846617613919e-05
0, 241, 145, 67, 49, 5.949084516032599e-05
