0, 780, 851, 23, 20, 0.4593316316604614
0, 835, 112, 19, 18, 0.3878258764743805
0, 928, 127, 19, 21, 0.3514108955860138
0, 53, 559, 21, 17, 0.3496961295604706
0, 178, 449, 21, 23, 0.3411616384983063
0, 718, 283, 17, 19, 0.3302736282348633
0, 139, 436, 24, 21, 0.3163854479789734
0, 82, 325, 23, 22, 0.31590643525123596
0, 728, 181, 19, 18, 0.3129950165748596
0, 138, 30, 21, 20, 0.30599185824394226
0, 128, 380, 21, 20, 0.30181965231895447
0, 454, 977, 20, 18, 0.2995622158050537
0, 958, 254, 21, 18, 0.29944127798080444
0, 261, 459, 21, 21, 0.295568585395813
0, 176, 311, 21, 18, 0.29518577456474304
0, 571, 399, 21, 23, 0.29108238220214844
0, 275, 658, 21, 21, 0.29049378633499146
0, 536, 196, 20, 18, 0.2889992296695709
0, 358, 660, 17, 19, 0.28548625111579895
0, 314, 843, 18, 19, 0.2815070152282715
0, 755, 86, 18, 15, 0.2805185616016388
0, 108, 20, 16, 21, 0.2801574170589447
0, 829, 308, 19, 16, 0.27720019221305847
0, 961, 59, 21, 17, 0.11215340346097946
0, 914, 675, 16, 18, 0.128871887922287
0, 948, 214, 20, 17, 0.1670563519001007
0, 789, 779, 15, 22, 0.14151796698570251
0, 759, 520, 17, 23, 0.12233667075634003
0, 181, 588, 19, 24, 0.1581050008535385
0, 502, 86, 21, 23, 0.18832087516784668
0, 597, 207, 16, 17, 0.10587119311094284
0, 953, 232, 22, 20, 0.2125808745622635
0, 700, 629, 20, 17, 0.15033477544784546
0, 14, 554, 18, 19, 0.2321549952030182
0, 593, 76, 19, 20, 0.1949405074119568
0, 239, 440, 17, 18, 0.12115943431854248
0, 339, 858, 19, 17, 0.10753237456083298
0, 716, 96, 18, 18, 0.10903851687908173
0, 213, 336, 16, 17, 0.149077907204628
0, 954, 152, 14, 17, 0.10508421063423157
0, 246, 654, 18, 18, 0.15367205440998077
0, 698, 351, 16, 22, 0.1887170523405075
0, 947, 119, 22, 15, 0.11456745457043527
0, 915, 303, 16, 19, 0.15356371136556762
0, 573, 424, 19, 18, 0.17143311356027258
0, 721, 697, 19, 16, 0.08968987934121436
0, 968, 511, 17, 20, 0.10652247071266174
0, 888, 963, 20, 20, 0.16944259405136108
0, 579, 855, 19, 16, 0.22203116730506306
0, 466, 4, 15, 9, 0.07614771364189943
0, 974, 418, 17, 15, 0.14373744406202899
0, 909, 143, 19, 18, 0.18588005933649593
0, 206, 231, 20, 20, 0.15153139486991057
0, 299, 75, 16, 18, 0.16369160834524793
0, 46, 675, 20, 18, 0.11294695133270038
0, 180, 332, 18, 21, 0.10348471979631005
0, 224, 102, 15, 19, 0.16832809177709812
0, 812, 299, 22, 16, 0.10974631487103238
0, 466, 4, 15, 9, 0.07614771364189943
0, 166, 111, 17, 23, 0.12003450995355103
0, 924, 279, 20, 17, 0.16444687515176004
0, 46, 235, 19, 21, 0.13770854536619417
0, 903, 814, 19, 16, 0.18586628139019012
0, 535, 561, 18, 16, 0.12063776735926679
0, 299, 75, 16, 18, 0.16369160834524793
0, 46, 675, 20, 18, 0.11294695133270038
0, 342, 105, 20, 18, 0.15126679734818432
0, 409, 231, 19, 20, 0.11083650129831642
0, 301, 541, 19, 17, 0.15545585365829845
0, 850, 348, 19, 19, 0.19387798919899496
0, 962, 193, 18, 21, 0.1642878863371604
0, 320, 237, 17, 16, 0.09101977312783269
0, 877, 391, 21, 21, 0.14040891385012028
0, 724, 769, 17, 19, 0.1413080315240843
0, 260, 111, 22, 21, 0.15639535930746762
0, 535, 561, 18, 16, 0.12063776735926679
0, 691, 286, 21, 19, 0.17034786805184482
0, 11, 310, 17, 15, 0.13499867195167714
0, 676, 437, 22, 17, 0.16685888292026907
0, 962, 193, 18, 21, 0.1642878863371604
0, 289, 970, 18, 17, 0.1201211641486453
0, 815, 548, 19, 18, 0.19855326727800598
0, 740, 97, 21, 16, 0.1947552253854109
0, 345, 310, 19, 19, 0.11056575962063753
0, 947, 432, 19, 17, 0.1858111289933322
0, 894, 837, 15, 18, 0.14851630887108946
0, 345, 310, 19, 19, 0.11056575962063753
0, 404, 69, 19, 16, 0.16154873958664545
0, 890, 13, 17, 18, 0.17260771446563183
0, 778, 671, 18, 18, 0.12723218737823047
0, 814, 332, 16, 19, 0.15226833563084688
0, 46, 235, 19, 21, 0.13770854536619417
0, 319, 746, 22, 16, 0.11282369379656021
0, 267, 155, 24, 18, 0.15266067771467817
0, 962, 193, 18, 21, 0.1642878863371604
0, 595, 902, 16, 19, 0.1991778744235091
0, 466, 4, 15, 9, 0.07614771364189943
0, 168, 374, 18, 19, 0.12526362398715268
0, 792, 694, 17, 16, 0.1848359044939044
0, 435, 137, 17, 18, 0.14303194801678143
0, 347, 139, 17, 23, 0.14346776997180216
0, 778, 671, 18, 18, 0.12723218737823047
0, 785, 65, 25, 20, 0.14744684006460962
0, 850, 348, 19, 19, 0.19387798919899496
0, 883, 282, 20, 15, 0.1458814630841711
0, 921, 441, 18, 21, 0.14639947149445515
0, 218, 198, 21, 19, 0.17390907950654377
0, 456, 594, 18, 15, 0.1383922558005132
0, 101, 469, 21, 21, 0.2077162700316279
0, 792, 694, 17, 16, 0.1848359044939044
0, 521, 316, 19, 23, 0.1613631053432329
0, 965, 313, 19, 19, 0.16936844746193364
0, 797, 675, 18, 20, 0.14234053875882643
0, 143, 652, 18, 20, 0.11703444403495475
0, 521, 316, 19, 23, 0.1613631053432329
0, 145, 885, 18, 17, 0.18513123087066674
0, 435, 137, 17, 18, 0.14303194801678143
0, 769, 486, 16, 18, 0.17309333022718043
0, 409, 231, 19, 20, 0.11083650129831642
0, 814, 332, 16, 19, 0.15226833563084688
0, 448, 331, 16, 17, 0.149184449542752
0, 635, 616, 20, 18, 0.1724940951946959
0, 636, 204, 16, 18, 0.1629634916546983
0, 143, 652, 18, 20, 0.11703444403495475
0, 425, 662, 20, 14, 0.15599749310636774
0, 829, 810, 22, 16, 0.1517338714848523
0, 814, 332, 16, 19, 0.15226833563084688
0, 738, 581, 18, 19, 0.12787452465853782
0, 180, 634, 18, 17, 0.1628904470212443
0, 112, 115, 21, 18, 0.20677542541665486
0, 808, 132, 18, 17, 0.19573068592023762
0, 312, 490, 17, 18, 0.1521185905037471
0, 934, 671, 22, 22, 0.14248539125784626
0, 229, 13, 15, 17, 0.18042381297069757
0, 890, 13, 17, 18, 0.17260771446563183
0, 342, 105, 20, 18, 0.15126679734818432
0, 797, 675, 18, 20, 0.14234053875882643
0, 218, 198, 21, 19, 0.17390907950654377
0, 843, 838, 22, 25, 0.11343126538452138
0, 820, 695, 17, 19, 0.17975354142804634
0, 362, 696, 18, 21, 0.13201458029627738
0, 229, 13, 15, 17, 0.18042381297069757
0, 440, 617, 18, 20, 0.16756896533867566
0, 883, 282, 20, 15, 0.1458814630841711
0, 152, 923, 22, 20, 0.1300645105997368
0, 223, 31, 23, 18, 0.14658467866560046
0, 699, 719, 24, 15, 0.11693166997201838
0, 738, 581, 18, 19, 0.12787452465853782
0, 820, 695, 17, 19, 0.17975354142804634
0, 436, 915, 22, 17, 0.150520260888528
0, 436, 915, 22, 17, 0.150520260888528
0, 603, 658, 16, 19, 0.11557341256496034
0, 425, 662, 20, 14, 0.15599749310636774
0, 459, 631, 22, 22, 0.1499856345961912
0, 29, 428, 20, 22, 0.21336811571415273
0, 768, 111, 16, 17, 0.13850520572375458
0, 740, 208, 17, 16, 0.09354894441222131
0, 521, 316, 19, 23, 0.1613631053432329
0, 930, 204, 23, 22, 0.17631117332398138
0, 164, 235, 19, 20, 0.1457373493341445
0, 212, 15, 15, 18, 0.20547817197707113
0, 676, 437, 22, 17, 0.16685888292026907
0, 128, 342, 19, 18, 0.1324080885665193
0, 77, 677, 21, 21, 0.13418763215992394
0, 570, 76, 19, 19, 0.15232761843497578
0, 714, 563, 17, 19, 0.14043030437596732
0, 456, 594, 18, 15, 0.1383922558005132
0, 33, 566, 22, 20, 0.14087753746133247
0, 223, 31, 23, 18, 0.14658467866560046
0, 237, 43, 17, 16, 0.1721076368430628
0, 904, 99, 19, 24, 0.15129767201504424
0, 29, 428, 20, 22, 0.21336811571415273
0, 456, 594, 18, 15, 0.1383922558005132
0, 145, 885, 18, 17, 0.18513123087066674
0, 570, 76, 19, 19, 0.15232761843497578
0, 662, 747, 21, 19, 0.12348746751061568
0, 168, 24, 23, 20, 0.12189940099844476
0, 113, 901, 19, 22, 0.12431708180665907
0, 254, 406, 20, 19, 0.23153976153769734
0, 639, 662, 19, 21, 0.14095206611307234
0, 115, 879, 19, 19, 0.13155641803143972
0, 768, 111, 16, 17, 0.13850520572375458
0, 5, 361, 9, 21, 0.18231077327283787
0, 137, 318, 21, 19, 0.15924896061472857
0, 144, 114, 23, 19, 0.14430664908072893
0, 415, 189, 19, 18, 0.1372071492583824
0, 10, 197, 20, 19, 0.17417407520611844
0, 579, 855, 19, 16, 0.22203116730506306
0, 267, 155, 24, 18, 0.15266067771467817
0, 151, 183, 19, 19, 0.12804638467181914
0, 875, 897, 22, 21, 0.17473547403296674
0, 415, 189, 19, 18, 0.1372071492583824
0, 442, 32, 26, 16, 0.18078957793214046
0, 167, 195, 17, 19, 0.1569195079110048
0, 662, 747, 21, 19, 0.12348746751061568
0, 875, 897, 22, 21, 0.17473547403296674
0, 684, 383, 22, 16, 0.10308268634931939
0, 152, 923, 22, 20, 0.1300645105997368
0, 514, 200, 15, 22, 0.10274482958519426
0, 59, 760, 18, 16, 0.14848072970951715
0, 321, 649, 19, 17, 0.2111694160680347
0, 68, 392, 16, 18, 0.16180170711472316
0, 699, 719, 24, 15, 0.11693166997201838
0, 662, 747, 21, 19, 0.12348746751061568
0, 63, 590, 18, 19, 0.24499392144922938
0, 522, 222, 18, 20, 0.15871226797163274
0, 890, 13, 17, 18, 0.17260771446563183
0, 845, 467, 18, 24, 0.148757095169137
0, 340, 533, 18, 18, 0.19268189655410267
0, 68, 392, 16, 18, 0.16180170711472316
0, 918, 657, 23, 19, 0.15017365399265142
0, 444, 820, 22, 21, 0.2070221700316776
0, 442, 32, 26, 16, 0.18078957793214046
0, 10, 197, 20, 19, 0.17417407520611844
0, 684, 383, 22, 16, 0.10308268634931939
0, 639, 662, 19, 21, 0.14095206611307234
0, 556, 60, 20, 18, 0.1414501975152466
0, 537, 702, 21, 16, 0.1582576987148155
0, 151, 183, 19, 19, 0.12804638467181914
0, 400, 106, 20, 21, 0.13229905970105027
0, 786, 467, 18, 23, 0.10584704401916792
0, 786, 467, 18, 23, 0.10584704401916792
0, 481, 336, 18, 17, 0.14566988868754696
0, 645, 10, 17, 17, 0.1868941057790252
0, 713, 132, 21, 15, 0.11495801167920464
0, 684, 383, 22, 16, 0.10308268634931939
0, 442, 32, 26, 16, 0.18078957793214046
0, 836, 74, 17, 19, 0.21023374589435867
0, 756, 223, 18, 20, 0.14778965852665502
0, 785, 108, 18, 19, 0.14156525792766472
0, 151, 183, 19, 19, 0.12804638467181914
0, 48, 409, 23, 18, 0.20178389572955874
0, 713, 753, 18, 17, 0.13711484150602687
0, 665, 867, 17, 25, 0.1540162479806081
0, 841, 882, 21, 19, 0.17667449779774808
0, 786, 467, 18, 23, 0.10584704401916792
0, 785, 65, 25, 20, 0.14744684006460962
0, 733, 798, 22, 22, 0.16012451497461672
0, 254, 406, 20, 19, 0.23153976153769734
0, 48, 409, 23, 18, 0.20178389572955874
0, 317, 471, 20, 18, 0.1777785071211801
0, 150, 454, 31, 28, 0.18986786975819614
0, 150, 454, 31, 28, 0.18986786975819614
0, 629, 340, 21, 16, 0.16545352866235463
