0, 193, 10, 22, 19, 0.597084641456604
0, 882, 602, 22, 27, 0.5608294606208801
0, 183, 55, 23, 22, 0.5536105632781982
0, 510, 257, 19, 20, 0.4683245122432709
0, 879, 190, 17, 23, 0.46185848116874695
0, 173, 38, 18, 17, 0.45773404836654663
0, 409, 15, 21, 22, 0.4444640874862671
0, 201, 48, 19, 21, 0.44445160031318665
0, 426, 526, 27, 32, 0.4342123866081238
0, 435, 472, 24, 21, 0.43262779712677
0, 624, 200, 21, 19, 0.4285578727722168
0, 638, 227, 20, 20, 0.42223817110061646
0, 893, 193, 16, 23, 0.41378840804100037
0, 875, 97, 23, 22, 0.4050524830818176
0, 429, 678, 34, 24, 0.4022316634654999
0, 60, 51, 18, 18, 0.38919463753700256
0, 712, 910, 20, 18, 0.386333703994751
0, 781, 479, 19, 19, 0.37133121490478516
0, 301, 334, 22, 23, 0.36320430040359497
0, 872, 165, 22, 23, 0.3587292730808258
0, 316, 225, 20, 20, 0.3571198582649231
0, 552, 315, 22, 23, 0.35324761271476746
0, 229, 126, 20, 19, 0.35251981019973755
0, 506, 736, 19, 19, 0.3443703353404999
0, 392, 49, 26, 21, 0.32937705516815186
0, 33, 122, 18, 21, 0.3290877640247345
0, 42, 662, 25, 22, 0.3287365436553955
0, 358, 249, 25, 21, 0.3130010664463043
0, 637, 281, 21, 18, 0.3123362064361572
0, 211, 454, 20, 18, 0.3101426064968109
0, 7, 536, 14, 23, 0.30938318371772766
0, 284, 498, 23, 23, 0.30501922965049744
0, 108, 106, 23, 24, 0.29474347829818726
0, 346, 190, 19, 20, 0.2944469153881073
0, 365, 288, 18, 19, 0.28863754868507385
0, 13, 95, 18, 18, 0.28762829303741455
0, 78, 140, 20, 25, 0.2834424674510956
0, 513, 235, 20, 18, 0.27824583649635315
0, 128, 6, 15, 12, 0.09965910017490387
0, 903, 694, 20, 16, 0.16490110754966736
0, 370, 35, 20, 21, 0.2245658040046692
0, 343, 20, 17, 16, 0.15831075608730316
0, 374, 272, 15, 16, 0.08056797087192535
0, 162, 954, 19, 24, 0.09011282026767731
0, 840, 415, 16, 21, 0.12666524946689606
0, 310, 101, 20, 17, 0.11105489730834961
0, 69, 24, 21, 19, 0.19720548391342163
0, 172, 8, 18, 17, 0.09176304191350937
0, 953, 150, 19, 21, 0.0955575630068779
0, 914, 207, 21, 23, 0.07702705264091492
0, 937, 103, 24, 26, 0.09140141308307648
0, 190, 279, 19, 23, 0.07556896656751633
0, 73, 837, 18, 16, 0.07109847664833069
0, 527, 948, 17, 18, 0.09220685809850693
0, 278, 345, 22, 22, 0.2570576071739197
0, 363, 36, 23, 19, 0.0990067720413208
0, 727, 614, 16, 22, 0.19160677675577723
0, 884, 75, 22, 21, 0.20643428371738037
0, 642, 314, 19, 19, 0.07240034163859596
0, 494, 321, 22, 23, 0.10348686275133787
0, 245, 187, 18, 21, 0.1780062840945121
0, 52, 16, 19, 12, 0.13967549883897207
0, 156, 8, 19, 15, 0.14952063709257657
0, 240, 313, 17, 18, 0.13452594031306814
0, 159, 50, 20, 22, 0.21351909258388269
0, 395, 973, 19, 23, 0.1072028017884668
0, 141, 19, 21, 19, 0.11531991142671388
0, 545, 286, 23, 23, 0.10869769216068623
0, 251, 267, 22, 23, 0.16814328136709691
0, 81, 506, 20, 19, 0.14814376896779424
0, 82, 474, 20, 19, 0.16270493142571393
0, 965, 7, 23, 14, 0.13568075205092794
0, 316, 443, 25, 19, 0.14082630834961593
0, 642, 249, 19, 21, 0.13931376045334753
0, 272, 210, 25, 23, 0.20128610263703103
0, 298, 222, 24, 19, 0.17113584963186304
0, 483, 762, 21, 20, 0.16839952191183616
0, 141, 19, 21, 19, 0.11531991142671388
0, 127, 966, 20, 19, 0.10486719057953048
0, 98, 73, 22, 18, 0.15377154987947456
0, 26, 87, 20, 18, 0.11927417006012464
0, 656, 587, 19, 20, 0.1289889001818903
0, 26, 87, 20, 18, 0.11927417006012464
0, 928, 612, 17, 18, 0.14652363251216843
0, 923, 143, 21, 20, 0.16095821611308522
0, 528, 252, 21, 19, 0.14109126602432548
0, 231, 106, 20, 18, 0.14752643447413116
0, 110, 91, 23, 20, 0.16792723112430344
0, 137, 976, 17, 16, 0.1872371717779134
0, 440, 573, 22, 23, 0.18230810790908691
0, 145, 128, 15, 18, 0.10907556857976881
0, 923, 143, 21, 20, 0.16095821611308522
0, 251, 533, 20, 20, 0.1375442710376403
0, 326, 142, 19, 20, 0.11802274561756179
0, 528, 252, 21, 19, 0.14109126602432548
0, 175, 617, 19, 23, 0.16230540080504519
0, 137, 976, 17, 16, 0.1872371717779134
0, 82, 474, 20, 19, 0.16270493142571393
0, 395, 973, 19, 23, 0.1072028017884668
0, 298, 238, 21, 18, 0.2122055519459593
0, 257, 555, 21, 23, 0.10328824214713511
0, 218, 144, 16, 20, 0.10235823984275093
0, 118, 852, 24, 21, 0.11863723494636852
0, 385, 736, 20, 20, 0.2235933183862036
0, 231, 106, 20, 18, 0.14752643447413116
0, 107, 115, 22, 21, 0.1712222174260336
0, 251, 267, 22, 23, 0.16814328136709691
0, 118, 852, 24, 21, 0.11863723494636852
0, 217, 87, 19, 20, 0.13707403280275823
0, 528, 252, 21, 19, 0.14109126602432548
0, 231, 89, 21, 19, 0.23982371927619725
0, 257, 555, 21, 23, 0.10328824214713511
0, 673, 634, 25, 18, 0.2181814837892433
0, 208, 29, 20, 22, 0.19438579357658892
0, 231, 89, 21, 19, 0.23982371927619725
0, 889, 173, 17, 17, 0.16102178055416808
0, 889, 173, 17, 17, 0.16102178055416808
0, 234, 270, 16, 26, 0.15659527018823843
0, 316, 443, 25, 19, 0.14082630834961593
0, 51, 30, 18, 18, 0.10609367516267039
0, 279, 585, 21, 19, 0.18997971851366546
0, 903, 677, 20, 18, 0.176775035414803
0, 689, 542, 15, 21, 0.11863658119577318
0, 903, 677, 20, 18, 0.176775035414803
0, 903, 677, 20, 18, 0.176775035414803
0, 609, 189, 20, 18, 0.17432301420879193
0, 522, 342, 24, 18, 0.13167384327841997
0, 272, 210, 25, 23, 0.20128610263703103
0, 316, 443, 25, 19, 0.14082630834961593
0, 217, 87, 19, 20, 0.13707403280275823
0, 13, 503, 25, 19, 0.15791214101096362
0, 667, 537, 20, 25, 0.16435054901308402
0, 332, 403, 26, 19, 0.1745904861227376
0, 332, 403, 26, 19, 0.1745904861227376
0, 62, 137, 19, 24, 0.17908526420230542
0, 279, 585, 21, 19, 0.18997971851366546
0, 261, 192, 19, 20, 0.17336722669458884
0, 842, 866, 21, 19, 0.18038796256947115
0, 261, 192, 19, 20, 0.17336722669458884
0, 370, 710, 21, 20, 0.1855408348093498
0, 915, 596, 19, 19, 0.13137560125559705
0, 416, 613, 24, 23, 0.20954792902089603
0, 62, 137, 19, 24, 0.17908526420230542
0, 324, 114, 22, 17, 0.16935467509503446
0, 370, 710, 21, 20, 0.1855408348093498
0, 324, 114, 22, 17, 0.16935467509503446
0, 352, 34, 20, 18, 0.22561244036447403
0, 522, 342, 24, 18, 0.13167384327841997
0, 29, 31, 23, 19, 0.1669914320887474
0, 416, 613, 24, 23, 0.20954792902089603
0, 29, 31, 23, 19, 0.1669914320887474
0, 886, 190, 21, 22, 0.11868489522048942
0, 62, 137, 19, 24, 0.17908526420230542
0, 319, 352, 21, 26, 0.18557014890004322
0, 167, 545, 26, 21, 0.15076936794142332
0, 522, 342, 24, 18, 0.13167384327841997
0, 894, 870, 29, 22, 0.10756911052455166
0, 244, 294, 22, 22, 0.15657916949898593
0, 352, 34, 20, 18, 0.22561244036447403
0, 265, 487, 22, 24, 0.23276116445558528
0, 886, 190, 21, 22, 0.11868489522048942
0, 68, 712, 24, 16, 0.10298178090774443
0, 68, 712, 24, 16, 0.10298178090774443
0, 842, 866, 21, 19, 0.18038796256947115
0, 96, 810, 21, 21, 0.13920764079551184
0, 98, 134, 19, 20, 0.19477441584210092
0, 886, 190, 21, 22, 0.11868489522048942
0, 98, 134, 19, 20, 0.19477441584210092
0, 31, 874, 21, 19, 0.18451914642004247
0, 18, 548, 21, 19, 0.18544789802929884
0, 416, 613, 24, 23, 0.20954792902089603
0, 98, 134, 19, 20, 0.19477441584210092
0, 18, 548, 21, 19, 0.18544789802929884
0, 18, 548, 21, 19, 0.18544789802929884
