0, 166, 755, 104, 148, 0.8276623487472534
0, 349, 466, 78, 85, 0.26308268308639526
0, 250, 483, 64, 51, 0.22237378358840942
0, 192, 549, 84, 92, 0.2217322736978531
0, 800, 204, 78, 107, 0.22109486162662506
0, 171, 624, 35, 54, 0.20234127342700958
0, 648, 263, 95, 86, 0.15125329792499542
0, 685, 227, 176, 160, 0.10260002315044403
0, 261, 560, 28, 41, 0.09834564477205276
0, 503, 372, 38, 38, 0.07239443808794022
0, 130, 678, 20, 23, 0.0686873197555542
0, 725, 252, 74, 73, 0.06484820693731308
0, 321, 427, 21, 16, 0.057501595467329025
0, 187, 559, 64, 60, 0.05719590187072754
0, 559, 281, 16, 13, 0.05500791594386101
0, 174, 607, 24, 18, 0.05144030600786209
0, 265, 483, 35, 36, 0.049488216638565063
0, 160, 741, 76, 97, 0.04587109386920929
0, 501, 350, 70, 87, 0.04517429694533348
0, 176, 576, 36, 32, 0.04210826754570007
0, 487, 323, 31, 30, 0.03987397626042366
0, 637, 250, 62, 54, 0.03920853137969971
0, 689, 221, 62, 50, 0.03821557015180588
0, 339, 484, 25, 42, 0.03785058856010437
0, 846, 240, 14, 18, 0.03638790175318718
0, 364, 458, 46, 65, 0.03624889627099037
0, 705, 238, 113, 88, 0.03442259877920151
0, 697, 215, 40, 28, 0.03380604088306427
0, 162, 682, 16, 18, 0.03199551999568939
0, 524, 353, 14, 16, 0.031146779656410217
0, 199, 535, 19, 18, 0.030840391293168068
0, 670, 276, 63, 60, 0.029390806332230568
0, 781, 224, 31, 50, 0.029230352491140366
0, 254, 476, 42, 41, 0.02907850407063961
0, 462, 310, 14, 14, 0.028769047930836678
0, 504, 366, 55, 54, 0.02871272899210453
0, 524, 346, 21, 32, 0.028365442529320717
0, 206, 548, 51, 60, 0.027778154239058495
0, 261, 463, 21, 14, 0.02682672254741192
0, 191, 539, 35, 25, 0.025823138654232025
0, 735, 220, 67, 85, 0.02581789717078209
0, 510, 341, 23, 22, 0.02394022047519684
0, 168, 570, 33, 37, 0.023803407326340675
0, 327, 483, 39, 42, 0.023152915760874748
0, 628, 244, 35, 38, 0.022278258576989174
0, 740, 238, 49, 55, 0.021241046488285065
0, 491, 331, 46, 49, 0.021147074177861214
0, 682, 285, 36, 35, 0.02087915688753128
0, 297, 438, 14, 12, 0.02064627781510353
0, 729, 212, 68, 46, 0.020608844235539436
0, 671, 251, 93, 106, 0.020251218229532242
0, 185, 547, 46, 40, 0.01993962749838829
0, 532, 334, 21, 14, 0.019885839894413948
0, 746, 204, 51, 38, 0.019119743257761
0, 135, 767, 25, 38, 0.019065821543335915
0, 704, 216, 68, 37, 0.019021088257431984
0, 220, 521, 142, 144, 0.018856661394238472
0, 746, 199, 67, 60, 0.01882035844027996
0, 772, 215, 133, 138, 0.018818121403455734
0, 375, 447, 23, 40, 0.018628781661391258
0, 612, 250, 22, 25, 0.018458401784300804
0, 791, 220, 52, 63, 0.018090656027197838
0, 584, 291, 14, 13, 0.017631862312555313
0, 731, 232, 38, 36, 0.017279621213674545
0, 363, 399, 23, 13, 0.01678137481212616
0, 157, 724, 53, 57, 0.016686776652932167
0, 377, 438, 19, 22, 0.016581807285547256
0, 164, 787, 75, 67, 0.016362115740776062
0, 411, 400, 14, 14, 0.016340412199497223
0, 140, 789, 28, 50, 0.015948394313454628
0, 625, 289, 20, 19, 0.015821650624275208
0, 148, 720, 36, 41, 0.01572408713400364
0, 722, 268, 38, 42, 0.014536275528371334
0, 148, 703, 20, 19, 0.014292819425463676
0, 612, 266, 24, 27, 0.014199873432517052
0, 392, 371, 14, 13, 0.013357617892324924
0, 517, 314, 12, 12, 0.012988835573196411
0, 140, 719, 29, 27, 0.0129214096814394
0, 354, 449, 19, 36, 0.012917894870042801
0, 213, 535, 42, 54, 0.012815995141863823
0, 634, 229, 24, 20, 0.012201952748000622
0, 181, 774, 64, 91, 0.012179220095276833
0, 149, 802, 35, 35, 0.011394589208066463
0, 818, 204, 43, 60, 0.010926619172096252
0, 545, 295, 14, 11, 0.010877314954996109
0, 607, 265, 30, 38, 0.01065785437822342
0, 793, 172, 64, 46, 0.010495378635823727
0, 415, 402, 24, 18, 0.010388637892901897
0, 569, 305, 19, 17, 0.010196114890277386
0, 148, 813, 26, 31, 0.010168280452489853
0, 187, 795, 49, 54, 0.00996051263064146
0, 435, 344, 14, 16, 0.009785839356482029
0, 161, 667, 24, 26, 0.009553021751344204
0, 433, 319, 20, 12, 0.009533911012113094
0, 230, 485, 26, 22, 0.009397698566317558
0, 769, 184, 21, 19, 0.009219161234796047
0, 735, 204, 38, 23, 0.009009072557091713
0, 819, 191, 30, 32, 0.008962469175457954
0, 702, 266, 57, 49, 0.008746426552534103
0, 812, 180, 49, 54, 0.008628986775875092
0, 348, 479, 51, 60, 0.008513766340911388
0, 668, 288, 35, 31, 0.008432603441178799
0, 504, 289, 10, 8, 0.007888897322118282
0, 413, 332, 12, 9, 0.00749226612970233
0, 620, 287, 33, 24, 0.007449225522577763
0, 168, 666, 16, 17, 0.007298022974282503
0, 458, 352, 13, 9, 0.00718095013871789
0, 669, 295, 27, 23, 0.007105377968400717
0, 138, 749, 33, 67, 0.006830204278230667
0, 569, 269, 11, 11, 0.006638366729021072
0, 156, 814, 27, 27, 0.006608943920582533
0, 174, 607, 47, 87, 0.006580098532140255
0, 134, 685, 25, 34, 0.006569801829755306
0, 637, 290, 29, 24, 0.0064637316390872
0, 791, 247, 24, 17, 0.0063537489622831345
0, 211, 510, 28, 29, 0.006144349463284016
0, 611, 235, 34, 30, 0.006096819415688515
0, 222, 619, 13, 12, 0.006068384274840355
0, 459, 416, 18, 19, 0.005919096525758505
0, 137, 728, 26, 30, 0.005749665666371584
0, 419, 318, 15, 12, 0.005572699010372162
0, 210, 501, 20, 23, 0.0055613345466554165
0, 206, 825, 13, 10, 0.005479217506945133
0, 655, 229, 82, 49, 0.005463009234517813
0, 563, 277, 24, 20, 0.005386222619563341
0, 236, 497, 39, 28, 0.005370667669922113
0, 173, 808, 59, 41, 0.005306310020387173
0, 195, 786, 35, 41, 0.0052838693372905254
0, 790, 175, 27, 22, 0.005207895301282406
0, 278, 509, 10, 11, 0.005133380647748709
0, 166, 693, 21, 42, 0.005061030853539705
0, 648, 296, 24, 21, 0.0050598205998539925
0, 253, 516, 15, 18, 0.004969325382262468
0, 202, 521, 48, 57, 0.004886201117187738
0, 605, 242, 20, 21, 0.004826800432056189
0, 176, 721, 38, 54, 0.004731155000627041
0, 388, 372, 27, 18, 0.004616059362888336
0, 155, 695, 17, 20, 0.004585404880344868
0, 156, 685, 30, 35, 0.004502998664975166
0, 396, 341, 16, 21, 0.00445012841373682
0, 816, 162, 17, 20, 0.004440045915544033
0, 780, 177, 31, 23, 0.004313915967941284
0, 403, 338, 23, 21, 0.004171436652541161
0, 559, 286, 20, 26, 0.0041601695120334625
0, 800, 247, 26, 18, 0.00398162892088294
0, 409, 334, 16, 13, 0.00393951591104269
0, 180, 675, 16, 18, 0.00370617862790823
0, 457, 347, 22, 24, 0.0035637228284031153
0, 191, 749, 30, 37, 0.0034943907521665096
0, 293, 541, 14, 19, 0.003350095357745886
0, 172, 700, 37, 62, 0.0031793161761015654
0, 549, 264, 12, 14, 0.0031739166006445885
0, 388, 355, 23, 20, 0.003124147653579712
0, 573, 330, 22, 18, 0.0029369464609771967
0, 563, 309, 44, 55, 0.00286687770858407
0, 780, 183, 82, 58, 0.0028572932351380587
0, 278, 492, 23, 31, 0.0027906412724405527
0, 821, 169, 30, 36, 0.0026990792248398066
0, 386, 351, 27, 44, 0.0026691025123000145
0, 221, 591, 12, 8, 0.0026167933829128742
0, 580, 299, 25, 29, 0.002524730283766985
0, 464, 409, 23, 19, 0.002451550215482712
0, 464, 358, 30, 33, 0.002423569792881608
0, 208, 771, 14, 24, 0.002344483742490411
0, 807, 238, 40, 35, 0.0023012824822217226
0, 522, 359, 39, 46, 0.00229603867046535
0, 567, 297, 40, 37, 0.00229596346616745
0, 457, 334, 18, 19, 0.0022707495372742414
0, 199, 763, 31, 44, 0.0022199780214577913
0, 599, 274, 44, 52, 0.0022097111213952303
0, 194, 762, 41, 73, 0.0021746328566223383
0, 418, 351, 12, 12, 0.0021570175886154175
0, 221, 523, 53, 83, 0.002128606429323554
0, 390, 423, 14, 10, 0.0021079196594655514
0, 312, 431, 45, 31, 0.002101374324411154
0, 808, 156, 22, 19, 0.002084512496367097
0, 592, 240, 18, 19, 0.0019500257913023233
0, 150, 778, 67, 100, 0.001823969534598291
0, 524, 328, 39, 37, 0.0018173756543546915
0, 180, 847, 12, 11, 0.0018074268009513617
0, 725, 208, 267, 257, 0.001804264378733933
0, 418, 345, 10, 19, 0.001765911583788693
0, 385, 365, 31, 32, 0.0017277859151363373
0, 483, 406, 14, 12, 0.0016313079977408051
0, 469, 365, 20, 27, 0.0016130097210407257
0, 602, 256, 44, 60, 0.0015577867161482573
0, 256, 500, 43, 54, 0.0015341202961280942
0, 609, 328, 21, 14, 0.0014889287995174527
0, 469, 413, 45, 30, 0.0014851154992356896
0, 382, 434, 29, 34, 0.001445954549126327
0, 557, 280, 29, 29, 0.0013002606574445963
0, 533, 336, 31, 22, 0.0012721676612272859
0, 444, 348, 33, 29, 0.0011854537297040224
0, 710, 284, 47, 46, 0.001184327993541956
0, 786, 239, 37, 63, 0.0011816758196800947
0, 704, 213, 98, 66, 0.0011207605712115765
0, 582, 315, 73, 57, 0.0010307923657819629
0, 229, 490, 62, 57, 0.0009641204378567636
0, 456, 420, 25, 31, 0.0009380730916745961
0, 737, 280, 41, 34, 0.0009330261964350939
0, 530, 343, 37, 39, 0.0009239523787982762
0, 492, 277, 9, 12, 0.0009213766315951943
0, 590, 296, 42, 34, 0.0008971666684374213
0, 421, 330, 50, 38, 0.0008918827516026795
0, 402, 342, 34, 32, 0.0008893454214558005
0, 167, 599, 47, 51, 0.0008638427825644612
0, 151, 659, 15, 20, 0.00083705730503425
0, 495, 362, 137, 132, 0.0008312200079672039
0, 281, 508, 18, 13, 0.0008234092965722084
0, 434, 344, 17, 40, 0.000818137894384563
0, 2, 1001, 5, 66, 0.0007980357622727752
0, 366, 439, 47, 45, 0.0007748887874186039
0, 493, 384, 67, 60, 0.000746309116948396
0, 819, 234, 33, 34, 0.0007390350219793618
0, 370, 368, 15, 17, 0.0007331091328524053
0, 560, 250, 13, 13, 0.0007206501322798431
0, 196, 583, 50, 23, 0.0007143775001168251
0, 398, 347, 57, 47, 0.0007045617676340044
0, 616, 359, 12, 11, 0.0006140548503026366
0, 581, 331, 26, 26, 0.0006130902329459786
0, 335, 431, 28, 20, 0.0006118013407103717
0, 322, 437, 24, 34, 0.0005926429876126349
0, 538, 369, 20, 21, 0.0005764072993770242
0, 341, 413, 71, 57, 0.0005742445937357843
0, 476, 399, 60, 53, 0.0005707561504095793
0, 137, 678, 39, 59, 0.0005585030885413289
0, 886, 647, 230, 267, 0.000546340539585799
0, 756, 186, 56, 64, 0.0005396187189035118
0, 797, 216, 408, 432, 0.0005352303269319236
0, 143, 708, 55, 81, 0.0005258975434117019
0, 848, 241, 22, 26, 0.0005024135462008417
0, 1, 34, 3, 68, 0.0005005023558624089
0, 2, 672, 4, 132, 0.0004762382013723254
0, 2, 541, 4, 134, 0.0004733053792733699
0, 2, 607, 4, 134, 0.00045464173308573663
0, 2, 789, 4, 132, 0.0004546048876363784
0, 2, 724, 4, 134, 0.00045281974598765373
0, 2, 477, 4, 134, 0.0004453935252968222
0, 2, 841, 4, 133, 0.0004414197464939207
0, 172, 652, 35, 70, 0.00044129224261268973
0, 722, 187, 61, 68, 0.0004299258580431342
0, 555, 257, 25, 32, 0.00042381000821478665
0, 198, 737, 49, 84, 0.0004234491498209536
0, 916, 67, 171, 134, 0.00041906864498741925
0, 596, 321, 53, 41, 0.0004110736190341413
0, 2, 894, 4, 132, 0.00040325106238014996
0, 356, 425, 32, 32, 0.0004014938895124942
0, 382, 372, 46, 54, 0.00039297575131058693
0, 2, 412, 4, 132, 0.00038664150633849204
0, 377, 482, 36, 35, 0.00038378688623197377
0, 311, 502, 24, 28, 0.0003757665690500289
0, 512, 313, 27, 26, 0.00037024362245574594
0, 619, 234, 61, 52, 0.00036978398566134274
0, 138, 728, 44, 75, 0.0003583630023058504
0, 553, 285, 39, 50, 0.00035663152812048793
0, 2, 961, 5, 134, 0.00035173119977116585
0, 509, 281, 19, 19, 0.0003509340458549559
0, 747, 178, 206, 135, 0.00034890248207375407
0, 2, 360, 4, 132, 0.000340335420332849
0, 450, 354, 42, 43, 0.00033575642737559974
0, 473, 369, 73, 84, 0.0003355640801601112
0, 427, 317, 36, 36, 0.00033372550387866795
0, 377, 461, 74, 82, 0.0003327377780806273
0, 821, 203, 55, 101, 0.000329260976286605
0, 355, 409, 42, 42, 0.0003289233718533069
0, 755, 274, 36, 32, 0.00032527855364605784
0, 882, 101, 238, 202, 0.000318228208925575
0, 454, 310, 27, 19, 0.00031773923547007143
0, 328, 427, 34, 25, 0.00031635636696591973
0, 2, 309, 4, 129, 0.00031540411873720586
0, 164, 674, 55, 47, 0.00031269987812265754
0, 191, 811, 44, 37, 0.0003101645561400801
0, 526, 376, 48, 40, 0.0003093509585596621
0, 502, 290, 17, 18, 0.0003072315303143114
0, 298, 524, 15, 13, 0.0003068462829105556
0, 395, 375, 23, 25, 0.0002858976658899337
0, 622, 290, 115, 73, 0.0002808009448926896
0, 2, 258, 5, 129, 0.0002759647322818637
0, 155, 634, 30, 64, 0.0002734170120675117
0, 189, 694, 30, 54, 0.0002717011666391045
0, 561, 247, 20, 24, 0.0002635158016346395
0, 199, 574, 106, 163, 0.00025293006910942495
0, 304, 515, 22, 18, 0.0002511087222956121
0, 355, 495, 40, 39, 0.00024401751579716802
0, 256, 464, 61, 49, 0.00024100956215988845
0, 2, 66, 5, 132, 0.00024010316701605916
0, 157, 817, 46, 39, 0.00023614730162080377
0, 273, 555, 59, 49, 0.00022793027164880186
0, 2, 208, 5, 127, 0.00022505084052681923
0, 263, 546, 56, 76, 0.00022347940830513835
0, 567, 260, 20, 39, 0.00022284597798716277
0, 878, 373, 246, 552, 0.00021792099869344383
0, 363, 400, 34, 22, 0.00020979324472136796
0, 2, 157, 5, 128, 0.00020737905288115144
0, 794, 250, 46, 39, 0.00020652287639677525
0, 625, 1001, 164, 67, 0.00019724595767911524
0, 207, 864, 15, 18, 0.00019628163136076182
0, 626, 210, 36, 53, 0.00019139188225381076
0, 272, 517, 21, 23, 0.00019080298079643399
0, 667, 193, 44, 56, 0.00018797317170538008
