0, 381, 665, 72, 92, 0.3851921260356903
0, 903, 172, 100, 84, 0.347377747297287
0, 614, 551, 30, 37, 0.27195319533348083
0, 829, 278, 38, 46, 0.24658437073230743
0, 855, 241, 56, 66, 0.2336399257183075
0, 547, 603, 24, 31, 0.16356569528579712
0, 433, 640, 27, 28, 0.14384369552135468
0, 827, 362, 36, 41, 0.13991603255271912
0, 291, 773, 47, 52, 0.1387212574481964
0, 865, 250, 97, 92, 0.12165206670761108
0, 286, 782, 37, 33, 0.11860822886228561
0, 569, 569, 35, 20, 0.11806298047304153
0, 889, 159, 39, 49, 0.1146298423409462
0, 830, 371, 26, 24, 0.08966942876577377
0, 848, 228, 39, 35, 0.08888055384159088
0, 293, 762, 37, 31, 0.08520442992448807
0, 412, 656, 141, 118, 0.0845632329583168
0, 463, 621, 32, 66, 0.07545595616102219
0, 561, 549, 22, 18, 0.07347210496664047
0, 459, 640, 19, 31, 0.07318735867738724
0, 435, 650, 35, 47, 0.07300543785095215
0, 290, 755, 25, 15, 0.07270868867635727
0, 580, 591, 15, 15, 0.06073841080069542
0, 464, 606, 17, 33, 0.06065261363983154
0, 626, 526, 19, 15, 0.05956922098994255
0, 880, 163, 61, 64, 0.05918857827782631
0, 555, 600, 30, 28, 0.059032853692770004
0, 487, 632, 17, 29, 0.0575827993452549
0, 860, 259, 31, 29, 0.057021357119083405
0, 904, 194, 26, 23, 0.05529122054576874
0, 571, 561, 45, 43, 0.05370350554585457
0, 419, 601, 30, 17, 0.0534447580575943
0, 531, 568, 24, 21, 0.05166634917259216
0, 505, 601, 16, 20, 0.04902861639857292
0, 396, 642, 34, 42, 0.045573893934488297
0, 235, 832, 21, 38, 0.04394622892141342
0, 914, 197, 52, 36, 0.04255952313542366
0, 478, 628, 35, 43, 0.04192822799086571
0, 426, 655, 64, 65, 0.04148905724287033
0, 465, 631, 51, 86, 0.041258081793785095
0, 470, 615, 24, 47, 0.041232045739889145
0, 896, 264, 22, 28, 0.03756944462656975
0, 886, 255, 47, 54, 0.03512032330036163
0, 650, 522, 12, 16, 0.034812696278095245
0, 926, 178, 33, 34, 0.03231749311089516
0, 742, 368, 19, 21, 0.03206281736493111
0, 806, 298, 24, 17, 0.031985022127628326
0, 482, 622, 58, 66, 0.03146221861243248
0, 291, 719, 20, 21, 0.03132867068052292
0, 365, 637, 19, 24, 0.031247705221176147
0, 623, 512, 19, 20, 0.03105803392827511
0, 806, 394, 19, 25, 0.03096114657819271
0, 944, 153, 41, 27, 0.02963491901755333
0, 759, 380, 12, 19, 0.029369402676820755
0, 931, 170, 24, 16, 0.02835318259894848
0, 621, 491, 20, 23, 0.027360253036022186
0, 375, 680, 46, 41, 0.0262642502784729
0, 924, 201, 30, 33, 0.024733033031225204
0, 616, 541, 44, 63, 0.024604149162769318
0, 929, 210, 21, 16, 0.024580128490924835
0, 701, 487, 17, 17, 0.024553000926971436
0, 592, 502, 19, 14, 0.02397863380610943
0, 500, 626, 21, 26, 0.02204681746661663
0, 869, 265, 57, 46, 0.021102357655763626
0, 573, 544, 37, 37, 0.018189573660492897
0, 864, 184, 25, 21, 0.018119240179657936
0, 946, 145, 65, 45, 0.017662720754742622
0, 885, 146, 25, 24, 0.017541857436299324
0, 381, 692, 38, 46, 0.016895592212677002
0, 749, 376, 36, 38, 0.016864081844687462
0, 562, 542, 29, 34, 0.015293668955564499
0, 447, 644, 90, 116, 0.015215804800391197
0, 590, 547, 89, 111, 0.014122753404080868
0, 850, 218, 30, 24, 0.013129880651831627
0, 909, 238, 21, 20, 0.011736804619431496
0, 402, 627, 20, 18, 0.011314015835523605
0, 396, 631, 29, 26, 0.011231685988605022
0, 772, 400, 18, 21, 0.01099929679185152
0, 619, 520, 35, 81, 0.010932748205959797
0, 964, 144, 32, 37, 0.010468804277479649
0, 561, 595, 53, 48, 0.01023932360112667
0, 916, 150, 116, 54, 0.00995351281017065
0, 796, 371, 41, 76, 0.009498639032244682
0, 787, 365, 25, 64, 0.009437675587832928
0, 435, 635, 56, 50, 0.009359369054436684
0, 822, 290, 35, 29, 0.009253064170479774
0, 897, 126, 19, 13, 0.008944191038608551
0, 798, 394, 34, 29, 0.008927675895392895
0, 928, 181, 54, 56, 0.00873458944261074
0, 903, 128, 31, 17, 0.008648882620036602
0, 493, 612, 42, 47, 0.008642462082207203
0, 637, 490, 16, 27, 0.008319703862071037
0, 969, 136, 20, 18, 0.008142157457768917
0, 832, 265, 47, 44, 0.008122907020151615
0, 786, 354, 21, 27, 0.007824057713150978
0, 762, 388, 19, 40, 0.007132954895496368
0, 621, 524, 66, 99, 0.006914176512509584
0, 749, 452, 24, 24, 0.006675713695585728
0, 823, 347, 29, 26, 0.0065294490195810795
0, 413, 675, 56, 61, 0.0063356370665133
0, 398, 689, 24, 31, 0.006217048969119787
0, 903, 145, 38, 35, 0.006161876954138279
0, 882, 208, 53, 19, 0.005963403265923262
0, 558, 528, 19, 19, 0.005922629497945309
0, 490, 562, 15, 10, 0.0058500273153185844
0, 571, 579, 42, 47, 0.005770430900156498
0, 923, 137, 14, 12, 0.0055039809085428715
0, 785, 317, 18, 18, 0.005366097670048475
0, 764, 335, 10, 9, 0.005026910919696093
0, 876, 290, 33, 31, 0.004915041849017143
0, 579, 529, 19, 21, 0.004901506006717682
0, 887, 296, 20, 21, 0.004895233083516359
0, 780, 385, 60, 54, 0.004642114508897066
0, 416, 635, 53, 34, 0.004598807077854872
0, 903, 257, 50, 60, 0.004580629989504814
0, 787, 406, 12, 12, 0.004574107471853495
0, 577, 535, 53, 91, 0.004036724101752043
0, 592, 526, 18, 19, 0.0038484458345919847
0, 287, 726, 26, 39, 0.0038298775907605886
0, 908, 133, 40, 33, 0.0037549587432295084
0, 768, 394, 20, 33, 0.0035997030790895224
0, 888, 275, 44, 62, 0.0035887330304831266
0, 587, 505, 27, 14, 0.0034717610105872154
0, 852, 323, 14, 12, 0.0032911894377321005
0, 860, 188, 29, 17, 0.0029914064798504114
0, 732, 445, 71, 47, 0.0029641222208738327
0, 368, 714, 21, 19, 0.002955119591206312
0, 644, 483, 14, 17, 0.0028823467437177896
0, 761, 423, 16, 19, 0.0026215955149382353
0, 364, 652, 36, 57, 0.002410267712548375
0, 849, 304, 14, 15, 0.0023010417353361845
0, 748, 444, 32, 43, 0.0022523680236190557
0, 505, 625, 42, 49, 0.0022279422264546156
0, 913, 219, 45, 36, 0.0021903442684561014
0, 634, 527, 40, 29, 0.002127907471731305
0, 438, 656, 204, 164, 0.002123485319316387
0, 609, 575, 16, 15, 0.002081221202388406
0, 928, 210, 26, 27, 0.0018965138588100672
0, 725, 442, 85, 85, 0.0018199518090113997
0, 786, 346, 25, 53, 0.0018144224304705858
0, 741, 455, 22, 31, 0.0017383006634190679
0, 419, 597, 38, 30, 0.0017221097368746996
0, 459, 600, 24, 26, 0.0017098765820264816
0, 529, 568, 21, 37, 0.0015455590328201652
0, 757, 431, 28, 34, 0.0014313352294266224
0, 510, 610, 29, 40, 0.0014133373042568564
0, 741, 436, 39, 53, 0.0013831858523190022
0, 523, 605, 52, 34, 0.0013476342428475618
0, 880, 300, 22, 23, 0.0013451863778755069
0, 572, 523, 38, 42, 0.001291637192480266
0, 404, 688, 44, 51, 0.0011946719605475664
0, 940, 166, 52, 66, 0.0011825242545455694
0, 504, 639, 44, 32, 0.0010810579406097531
0, 700, 475, 41, 51, 0.0010414558928459883
0, 543, 561, 59, 46, 0.0010162198450416327
0, 288, 752, 42, 95, 0.0010113307507708669
0, 408, 613, 65, 56, 0.000986956525593996
0, 466, 669, 50, 37, 0.0009426622418686748
0, 522, 550, 17, 16, 0.0009391059866175056
0, 484, 565, 22, 11, 0.0008632507524453104
0, 746, 408, 41, 39, 0.0008406097185797989
0, 740, 366, 32, 38, 0.0008331004646606743
0, 754, 440, 63, 67, 0.0008274383144453168
0, 652, 524, 27, 22, 0.0008164494065567851
0, 347, 767, 8, 10, 0.0007829033420421183
0, 399, 630, 91, 90, 0.0007174199563451111
0, 896, 214, 147, 167, 0.0006949800299480557
0, 628, 501, 45, 69, 0.0006677202763967216
0, 768, 423, 31, 35, 0.0006672114250250161
0, 664, 492, 16, 16, 0.0006626165704801679
0, 540, 595, 44, 49, 0.0006395125528797507
0, 888, 266, 186, 152, 0.0006161474157124758
0, 131, 375, 13, 12, 0.0006153812282718718
0, 862, 301, 39, 29, 0.0006016541155986488
0, 1076, 925, 16, 12, 0.0005882318946532905
0, 736, 414, 78, 120, 0.0005816790508106351
0, 366, 697, 41, 57, 0.0005745161324739456
0, 714, 442, 52, 56, 0.0005472841439768672
0, 147, 369, 12, 13, 0.0005359138594940305
0, 777, 353, 39, 48, 0.000535259663593024
0, 152, 424, 10, 9, 0.0005270316614769399
0, 299, 716, 22, 30, 0.0005078891990706325
0, 946, 181, 386, 362, 0.0005074263899587095
0, 816, 324, 11, 14, 0.0004962241509929299
0, 219, 339, 13, 12, 0.0004924812819808722
0, 491, 655, 43, 38, 0.0004914362216368318
0, 441, 619, 71, 75, 0.0004868500109296292
0, 823, 341, 53, 89, 0.00046557438326999545
0, 931, 133, 102, 75, 0.00045238074380904436
0, 116, 421, 16, 12, 0.00044295701081864536
0, 592, 583, 48, 29, 0.0004302169836591929
0, 957, 193, 13, 25, 0.0004279852146282792
0, 382, 701, 56, 54, 0.00041988518205471337
0, 990, 891, 11, 8, 0.0003847460902761668
0, 720, 463, 62, 61, 0.00037851251545362175
0, 818, 285, 71, 67, 0.0003711072786245495
0, 701, 424, 20, 22, 0.0003702808462549001
0, 522, 619, 57, 57, 0.00035331075196154416
0, 1022, 127, 235, 255, 0.00035229549393989146
0, 707, 486, 32, 23, 0.0003473068936727941
0, 722, 414, 34, 35, 0.0003138587053399533
0, 82, 320, 11, 10, 0.00031352558289654553
0, 541, 615, 62, 57, 0.0003119266184512526
0, 109, 375, 15, 13, 0.00029837663169018924
0, 508, 552, 16, 16, 0.0002951866772491485
0, 610, 509, 147, 161, 0.0002913906064350158
0, 34, 494, 14, 12, 0.0002906930458266288
0, 945, 198, 36, 36, 0.00028216291684657335
0, 598, 494, 42, 46, 0.00028155959444120526
0, 695, 436, 24, 20, 0.000269456795649603
0, 899, 287, 52, 56, 0.00026811935822479427
0, 553, 546, 63, 56, 0.00026597504620440304
0, 773, 432, 69, 71, 0.0002643741900101304
0, 913, 243, 46, 41, 0.00026320721372030675
0, 237, 994, 17, 10, 0.00026289018569514155
0, 640, 483, 34, 60, 0.0002627130306791514
0, 56, 4, 109, 9, 0.00026222330052405596
0, 997, 907, 276, 244, 0.00026009022258222103
0, 651, 495, 39, 41, 0.00025882068439386785
0, 833, 332, 47, 42, 0.00025859352899715304
0, 648, 528, 38, 33, 0.0002559317508712411
0, 830, 256, 66, 98, 0.0002484600117895752
0, 246, 896, 11, 20, 0.0002477498783264309
0, 294, 799, 34, 22, 0.00024369826132897288
0, 710, 421, 41, 45, 0.00024320711963810027
0, 527, 546, 35, 40, 0.00023683028121013194
0, 138, 371, 23, 18, 0.000233811471844092
0, 428, 697, 44, 36, 0.00023125429288484156
0, 695, 422, 22, 25, 0.00023039706866256893
0, 494, 557, 30, 26, 0.0002242279442725703
0, 1089, 6, 98, 13, 0.00021395851217675954
0, 515, 561, 38, 22, 0.00021390528127085418
0, 460, 694, 41, 26, 0.00021344728884287179
0, 250, 906, 13, 11, 0.00021229463163763285
0, 1033, 977, 208, 104, 0.0002107491745846346
0, 90, 400, 33, 30, 0.000209686259040609
0, 1049, 939, 75, 64, 0.00020879249495919794
0, 136, 689, 53, 49, 0.00020482519175857306
0, 520, 583, 51, 61, 0.0002008671872317791
0, 783, 415, 33, 32, 0.00020018633222207427
0, 801, 320, 33, 29, 0.0001986689167097211
0, 992, 210, 12, 9, 0.00019760963914450258
0, 379, 963, 23, 18, 0.0001912789448397234
0, 123, 670, 70, 59, 0.00018934316176455468
0, 301, 741, 48, 67, 0.00018501481099519879
0, 129, 284, 259, 210, 0.00018116760475095361
0, 652, 553, 107, 70, 0.00017717760056257248
0, 490, 682, 31, 21, 0.00017507503798697144
0, 1115, 1028, 49, 3, 0.0001745749614201486
0, 30, 1028, 60, 3, 0.00016871580737642944
0, 128, 677, 44, 37, 0.00016796427371446043
0, 137, 679, 26, 24, 0.00016682401474099606
0, 1110, 2, 59, 5, 0.00016535798204131424
0, 799, 306, 56, 43, 0.00016442593187093735
0, 794, 407, 39, 39, 0.00016171995957847685
0, 373, 964, 35, 26, 0.00016072472499217838
0, 483, 625, 102, 88, 0.00015679416537750512
0, 1076, 900, 74, 78, 0.00015243235975503922
0, 701, 493, 21, 35, 0.0001519030483905226
0, 761, 464, 56, 44, 0.0001496196782682091
0, 1078, 890, 123, 275, 0.0001485976972617209
0, 78, 402, 38, 35, 0.0001485459943069145
0, 473, 596, 38, 59, 0.00014845210534986109
0, 482, 575, 25, 30, 0.00014662815374322236
0, 695, 446, 64, 76, 0.00014329797704704106
0, 364, 438, 11, 10, 0.00014141203428152949
0, 627, 482, 42, 59, 0.00014116655802354217
0, 781, 455, 62, 51, 0.00014006280980538577
0, 380, 953, 20, 16, 0.00013934013259131461
0, 57, 885, 107, 86, 0.0001392864651279524
0, 874, 333, 11, 12, 0.00013824774941895157
0, 116, 415, 18, 21, 0.00013648290769197047
0, 715, 481, 64, 42, 0.0001350640959572047
0, 520, 549, 64, 62, 0.0001343220064882189
0, 103, 407, 42, 41, 0.00013380081509239972
0, 6, 0, 13, 0, 0.00013344660692382604
0, 578, 510, 48, 49, 0.00013243059220258147
0, 41, 472, 76, 89, 0.00013171200407668948
0, 870, 319, 31, 28, 0.00013001383922528476
0, 1096, 929, 64, 61, 0.00012838211841881275
0, 94, 996, 83, 66, 0.00012772507034242153
0, 1083, 911, 111, 121, 0.00012758836965076625
0, 988, 933, 113, 68, 0.00012547981168609113
0, 1089, 1027, 100, 4, 0.00012444102321751416
0, 489, 572, 28, 30, 0.00012413595686666667
0, 283, 730, 52, 53, 0.00012408080510795116
0, 362, 838, 57, 67, 0.00012336445797700435
0, 484, 700, 41, 32, 0.00011931642075069249
0, 102, 399, 33, 26, 0.0001192321433336474
0, 67, 413, 52, 50, 0.00011922726116608828
0, 693, 414, 16, 21, 0.00011922305566258729
0, 264, 2, 119, 5, 0.0001187632733490318
0, 927, 288, 71, 64, 0.00011800479842349887
0, 387, 603, 75, 71, 0.00011761734640458599
0, 878, 304, 49, 58, 0.00011724377691280097
0, 1076, 929, 20, 23, 0.00011673107655951753
0, 60, 978, 99, 102, 0.00011626296327449381
0, 1060, 950, 41, 34, 0.00011610452202148736
0, 711, 429, 167, 153, 0.00011589712084969506
0, 361, 854, 44, 48, 0.0001155355348601006
