0, 199, 935, 116, 147, 0.512272298336029
0, 185, 972, 66, 71, 0.3133493959903717
0, 266, 723, 24, 22, 0.15841145813465118
0, 438, 462, 26, 23, 0.1110830008983612
0, 325, 774, 38, 45, 0.10780283063650131
0, 306, 754, 117, 99, 0.09384651482105255
0, 365, 690, 20, 13, 0.09071231633424759
0, 669, 164, 20, 27, 0.08871183544397354
0, 343, 504, 19, 20, 0.060514938086271286
0, 295, 681, 31, 18, 0.06018579751253128
0, 211, 906, 89, 77, 0.05144130811095238
0, 339, 702, 23, 14, 0.04937556013464928
0, 366, 684, 25, 25, 0.047715675085783005
0, 290, 806, 17, 21, 0.04341953620314598
0, 194, 812, 16, 19, 0.040250007063150406
0, 381, 594, 27, 27, 0.03702623397111893
0, 311, 808, 22, 17, 0.033174723386764526
0, 283, 751, 56, 61, 0.0327768437564373
0, 179, 866, 19, 17, 0.03210229426622391
0, 269, 770, 24, 21, 0.03095272369682789
0, 284, 747, 34, 24, 0.030210088938474655
0, 156, 954, 21, 27, 0.02879713475704193
0, 218, 899, 50, 56, 0.02506578527390957
0, 105, 1015, 22, 27, 0.02456909790635109
0, 270, 825, 20, 23, 0.023656552657485008
0, 194, 921, 30, 31, 0.023070093244314194
0, 230, 811, 18, 16, 0.02226361818611622
0, 292, 732, 30, 23, 0.020853038877248764
0, 326, 734, 61, 40, 0.020671699196100235
0, 619, 243, 19, 14, 0.02055373042821884
0, 581, 413, 58, 51, 0.02050178311765194
0, 183, 914, 26, 26, 0.02008470706641674
0, 510, 492, 19, 13, 0.018121445551514626
0, 293, 804, 31, 25, 0.01720442995429039
0, 277, 727, 49, 30, 0.01638801395893097
0, 164, 951, 39, 35, 0.01530714426189661
0, 430, 634, 32, 38, 0.015109986066818237
0, 179, 841, 12, 12, 0.01509607769548893
0, 174, 864, 22, 19, 0.014952500350773335
0, 264, 772, 37, 36, 0.01479300856590271
0, 674, 160, 29, 37, 0.01446272898465395
0, 339, 712, 25, 29, 0.014059588313102722
0, 302, 735, 44, 32, 0.013320771977305412
0, 234, 922, 35, 31, 0.013076912611722946
0, 325, 529, 11, 9, 0.01276008877903223
0, 340, 739, 46, 28, 0.012483214028179646
0, 573, 448, 20, 19, 0.012375179678201675
0, 141, 897, 15, 18, 0.01228695921599865
0, 353, 739, 25, 20, 0.011613760143518448
0, 249, 793, 20, 18, 0.01153169758617878
0, 302, 811, 43, 34, 0.011288473382592201
0, 332, 757, 50, 50, 0.01091304887086153
0, 365, 597, 59, 45, 0.010814581997692585
0, 494, 538, 20, 16, 0.010753966867923737
0, 173, 980, 44, 52, 0.010502739809453487
0, 373, 619, 14, 11, 0.01037609577178955
0, 312, 304, 18, 19, 0.01008208841085434
0, 238, 882, 23, 24, 0.009646426886320114
0, 588, 415, 28, 31, 0.009444458410143852
0, 684, 152, 14, 27, 0.009305501356720924
0, 226, 886, 46, 39, 0.0089358389377594
0, 313, 784, 57, 66, 0.008934774436056614
0, 257, 777, 65, 58, 0.008709362708032131
0, 214, 883, 21, 31, 0.008602284826338291
0, 355, 604, 29, 27, 0.008537506684660912
0, 177, 854, 24, 41, 0.007334080524742603
0, 434, 602, 21, 17, 0.007241527549922466
0, 574, 429, 66, 50, 0.007119965273886919
0, 241, 793, 34, 25, 0.007079471834003925
0, 504, 497, 29, 16, 0.0070281559601426125
0, 401, 620, 12, 15, 0.006692610215395689
0, 230, 795, 20, 22, 0.005831716116517782
0, 584, 398, 47, 57, 0.005818632896989584
0, 203, 988, 28, 38, 0.005694003310054541
0, 396, 578, 16, 14, 0.0055927191860973835
0, 385, 591, 44, 39, 0.005458428058773279
0, 340, 700, 28, 25, 0.005275209899991751
0, 106, 1004, 18, 16, 0.00507719861343503
0, 482, 563, 23, 13, 0.004963354207575321
0, 558, 417, 23, 24, 0.004835381172597408
0, 598, 402, 19, 13, 0.004645129665732384
0, 178, 934, 63, 69, 0.004603699315339327
0, 298, 652, 12, 15, 0.004526130389422178
0, 518, 536, 16, 14, 0.0044470662251114845
0, 346, 730, 45, 44, 0.004332281649112701
0, 423, 602, 36, 18, 0.00419914023950696
0, 163, 895, 18, 14, 0.004055699333548546
0, 568, 421, 94, 101, 0.004025557078421116
0, 347, 706, 41, 39, 0.0038310654927045107
0, 275, 821, 20, 30, 0.003809702815487981
0, 495, 494, 50, 29, 0.0037700387183576822
0, 567, 448, 35, 27, 0.003697338281199336
0, 552, 471, 28, 35, 0.00324985827319324
0, 305, 756, 158, 149, 0.00300950207747519
0, 220, 874, 29, 19, 0.002965507796034217
0, 467, 543, 13, 14, 0.0029268194921314716
0, 505, 538, 29, 13, 0.002908591413870454
0, 233, 900, 46, 67, 0.002901133382692933
0, 393, 590, 64, 58, 0.0028428530786186457
0, 558, 460, 32, 20, 0.0028135529719293118
0, 245, 789, 52, 45, 0.002741936594247818
0, 180, 923, 44, 47, 0.002705135615542531
0, 686, 146, 12, 17, 0.002700305311009288
0, 411, 591, 135, 141, 0.002683053258806467
0, 378, 603, 34, 49, 0.0026588481850922108
0, 325, 631, 24, 20, 0.00262676109559834
0, 595, 392, 27, 33, 0.0026027048006653786
0, 549, 462, 26, 19, 0.0025835935957729816
0, 473, 591, 18, 17, 0.0025448447559028864
0, 266, 816, 45, 41, 0.0025107802357524633
0, 314, 724, 80, 53, 0.002495057648047805
0, 555, 462, 60, 59, 0.002479461021721363
0, 345, 313, 13, 11, 0.0024764896370470524
0, 353, 587, 26, 31, 0.002475540619343519
0, 503, 456, 12, 13, 0.002188598271459341
0, 514, 455, 24, 17, 0.0021718409843742847
0, 543, 476, 38, 46, 0.0021702193189412355
0, 556, 425, 36, 43, 0.0021412840578705072
0, 550, 444, 36, 26, 0.0020668928045779467
0, 632, 221, 45, 55, 0.00206302129663527
0, 623, 238, 36, 31, 0.002032976131886244
0, 639, 265, 17, 20, 0.002009365474805236
0, 315, 663, 25, 24, 0.001980897504836321
0, 433, 598, 39, 31, 0.0019541820511221886
0, 336, 757, 74, 95, 0.0018791694892570376
0, 391, 560, 48, 66, 0.001854623667895794
0, 295, 826, 32, 29, 0.0018118263687938452
0, 397, 617, 105, 85, 0.0017945237923413515
0, 631, 214, 31, 35, 0.0017832171870395541
0, 455, 537, 24, 19, 0.0017259865999221802
0, 313, 644, 41, 43, 0.0017168803606182337
0, 637, 230, 30, 29, 0.001689595403149724
0, 464, 595, 41, 33, 0.0016290700295940042
0, 134, 1011, 14, 23, 0.001625130302272737
0, 355, 609, 44, 37, 0.0016203715931624174
0, 458, 542, 45, 31, 0.0015904473839327693
0, 398, 574, 42, 45, 0.0015890850918367505
0, 322, 658, 23, 22, 0.0015795661602169275
0, 535, 465, 51, 40, 0.0015296275960281491
0, 447, 598, 62, 42, 0.0015197695465758443
0, 586, 380, 36, 28, 0.0015171191189438105
0, 525, 429, 19, 24, 0.0015085047343745828
0, 484, 570, 31, 27, 0.0014769770205020905
0, 533, 467, 17, 21, 0.0014556962996721268
0, 634, 220, 71, 77, 0.001422986970283091
0, 413, 563, 12, 13, 0.0014173336094245315
0, 529, 416, 106, 87, 0.0013775515835732222
0, 324, 652, 26, 19, 0.0013722354779019952
0, 308, 656, 52, 75, 0.001353371306322515
0, 411, 581, 85, 81, 0.0013442020863294601
0, 648, 300, 13, 11, 0.0013231433695182204
0, 617, 359, 22, 20, 0.0013224253198131919
0, 477, 588, 33, 32, 0.0013144578551873565
0, 487, 552, 38, 33, 0.0012776416260749102
0, 553, 429, 142, 145, 0.0012639053165912628
0, 440, 457, 36, 34, 0.0012583205243572593
0, 462, 540, 19, 21, 0.0012416294775903225
0, 138, 904, 18, 30, 0.001215859199874103
0, 462, 580, 82, 74, 0.0012134070275351405
0, 644, 235, 22, 20, 0.0012092383112758398
0, 181, 864, 34, 31, 0.0012035977561026812
0, 578, 375, 17, 15, 0.001183309592306614
0, 644, 261, 26, 22, 0.0011678710579872131
0, 363, 695, 26, 33, 0.0011525144800543785
0, 476, 578, 52, 55, 0.001120188389904797
0, 544, 367, 18, 13, 0.0011188772041350603
0, 540, 484, 55, 66, 0.0011122168507426977
0, 354, 693, 49, 48, 0.0010722475126385689
0, 265, 737, 71, 65, 0.0010347259230911732
0, 543, 444, 66, 66, 0.0010339563013985753
0, 558, 281, 18, 15, 0.0010229800827801228
0, 610, 155, 14, 10, 0.0009400889393873513
0, 541, 501, 28, 24, 0.0009341807453893125
0, 593, 374, 45, 49, 0.0009314020862802863
0, 386, 548, 32, 35, 0.0009310406167060137
0, 483, 565, 48, 49, 0.0009029408101923764
0, 328, 633, 35, 30, 0.0008635353879071772
0, 500, 417, 27, 29, 0.0008595932158641517
0, 422, 701, 16, 13, 0.0008419067016802728
0, 455, 502, 24, 11, 0.000834069971460849
0, 655, 256, 15, 12, 0.0008167832274921238
0, 146, 903, 22, 34, 0.0008057568920776248
0, 514, 407, 62, 71, 0.0007710114005021751
0, 499, 403, 25, 25, 0.000760878378059715
0, 232, 809, 25, 30, 0.0007562130340375006
0, 391, 627, 24, 30, 0.0007512469310313463
0, 243, 747, 15, 14, 0.0007429286488331854
0, 237, 910, 73, 85, 0.0007396945147775114
0, 601, 216, 27, 30, 0.0007390258833765984
0, 646, 238, 60, 65, 0.0006847757031209767
0, 588, 403, 102, 115, 0.0006831588107161224
0, 372, 591, 71, 77, 0.000677864474710077
0, 616, 350, 29, 37, 0.0006545631331391633
0, 457, 620, 30, 21, 0.000646936590783298
0, 253, 839, 20, 16, 0.0006380146369338036
0, 654, 222, 62, 65, 0.0006358753307722509
0, 600, 223, 16, 19, 0.0006355533841997385
0, 299, 671, 45, 43, 0.0006314287311397493
0, 467, 617, 33, 23, 0.0006102010956965387
0, 591, 362, 35, 28, 0.0005696434527635574
0, 550, 325, 477, 360, 0.000566623464692384
0, 537, 503, 35, 37, 0.0005535442032851279
0, 647, 269, 41, 36, 0.0005531412898562849
0, 622, 339, 69, 72, 0.0005492315394803882
0, 434, 565, 127, 116, 0.0005391668528318405
0, 521, 498, 64, 37, 0.0005073968786746264
0, 320, 629, 38, 53, 0.0005060516996309161
0, 309, 305, 36, 26, 0.0005027239676564932
0, 353, 567, 20, 29, 0.0004971350426785648
0, 528, 402, 23, 27, 0.0004966121632605791
0, 622, 360, 38, 31, 0.000481569382827729
0, 640, 280, 47, 55, 0.0004727760097011924
0, 653, 297, 29, 23, 0.00046559813199564815
0, 608, 348, 49, 50, 0.0004572102043312043
0, 296, 714, 23, 26, 0.0004396953445393592
0, 421, 640, 53, 51, 0.000438952207332477
0, 234, 773, 31, 34, 0.0004195726942270994
0, 567, 282, 26, 22, 0.0004183250421192497
0, 443, 506, 26, 15, 0.0004167248262092471
0, 397, 538, 34, 36, 0.00039536820258945227
0, 448, 535, 23, 18, 0.000395009177736938
0, 432, 513, 15, 12, 0.0003949926176574081
0, 179, 333, 11, 13, 0.00039492789073847234
0, 559, 277, 23, 29, 0.000390433007851243
0, 417, 536, 50, 52, 0.0003849350323434919
0, 423, 269, 484, 484, 0.0003790102491620928
0, 634, 306, 61, 57, 0.0003787512832786888
0, 460, 559, 106, 80, 0.00037221802631393075
0, 634, 258, 50, 50, 0.0003653628227766603
0, 427, 560, 15, 14, 0.00036428103339858353
0, 446, 540, 53, 41, 0.00036265369271859527
0, 645, 309, 35, 36, 0.00035454228054732084
0, 628, 280, 85, 96, 0.0003524268395267427
0, 625, 230, 110, 108, 0.00034016379504464567
0, 429, 484, 21, 16, 0.00033976385020650923
0, 297, 306, 36, 30, 0.0003371925267856568
0, 678, 172, 28, 24, 0.00033500403515063226
0, 510, 536, 43, 17, 0.0003325877769384533
0, 505, 431, 67, 71, 0.0003289544547442347
0, 548, 395, 39, 79, 0.0003280727833043784
0, 495, 419, 46, 48, 0.0003277264186181128
0, 645, 322, 31, 27, 0.00032587916939519346
0, 142, 893, 21, 31, 0.0003233874449506402
0, 579, 273, 25, 29, 0.00032209884375333786
0, 434, 527, 35, 32, 0.00032033794559538364
0, 325, 609, 15, 19, 0.00031391080119647086
0, 534, 182, 110, 108, 0.00031041036709211767
0, 484, 644, 502, 411, 0.00030912720831111073
0, 590, 336, 15, 16, 0.00030458453693427145
0, 667, 226, 40, 53, 0.0003022858581971377
0, 515, 471, 64, 52, 0.00030227345996536314
0, 252, 845, 18, 19, 0.0002990153734572232
0, 621, 248, 26, 28, 0.0002947167959064245
0, 480, 615, 22, 21, 0.0002945645246654749
0, 444, 518, 42, 37, 0.00029151345370337367
0, 589, 285, 58, 56, 0.0002862732217181474
0, 600, 234, 56, 54, 0.00028300780104473233
0, 578, 452, 62, 50, 0.0002803320239763707
0, 508, 202, 161, 152, 0.00027881405549123883
0, 306, 295, 56, 52, 0.00027537360438145697
0, 601, 129, 357, 259, 0.00027430165209807456
0, 675, 214, 23, 25, 0.0002732961147557944
0, 291, 720, 42, 39, 0.0002685673243831843
0, 586, 270, 27, 25, 0.0002676744188647717
0, 363, 682, 34, 44, 0.00026732042897492647
0, 701, 137, 11, 9, 0.00026084689307026565
0, 593, 224, 32, 35, 0.00026076409267261624
0, 408, 682, 31, 25, 0.0002585585170891136
0, 293, 699, 54, 57, 0.00025506209931336343
0, 604, 369, 97, 90, 0.00025427903165109456
0, 437, 629, 76, 61, 0.0002530528581701219
0, 498, 391, 22, 37, 0.0002530185738578439
0, 610, 212, 49, 52, 0.00024977896828204393
0, 542, 525, 513, 380, 0.0002445366408210248
0, 407, 632, 71, 52, 0.00024436021340079606
0, 336, 788, 52, 62, 0.0002438265655655414
0, 199, 1129, 229, 71, 0.00023860245710238814
0, 292, 1128, 170, 72, 0.00023726015933789313
0, 289, 493, 562, 584, 0.00023668173525948077
0, 350, 780, 278, 204, 0.00023645686451345682
0, 187, 838, 26, 25, 0.00023562619753647596
0, 323, 723, 101, 111, 0.0002336138131795451
0, 324, 815, 54, 37, 0.00023287837393581867
0, 116, 944, 17, 18, 0.0002325298119103536
0, 560, 355, 10, 11, 0.0002322997897863388
0, 643, 322, 52, 53, 0.00023210738436318934
0, 625, 310, 41, 38, 0.00023209610662888736
0, 746, 227, 128, 280, 0.00023156782845035195
0, 615, 342, 147, 238, 0.00023057553335092962
0, 361, 672, 19, 24, 0.00022846506908535957
0, 434, 507, 22, 17, 0.00022081487986724824
0, 108, 952, 18, 24, 0.00021982777980156243
0, 402, 523, 27, 22, 0.0002197745634475723
0, 605, 265, 59, 60, 0.00021932301751803607
0, 577, 355, 15, 16, 0.00021570884564425796
0, 357, 639, 117, 127, 0.00021452702640090138
0, 549, 391, 23, 39, 0.00021337729413062334
0, 564, 290, 41, 41, 0.00021251378348097205
0, 99, 329, 197, 261, 0.00021110153465997428
0, 692, 108, 12, 15, 0.0002106085594277829
