0, 280, 376, 16, 18, 0.21582472324371338
0, 475, 92, 24, 24, 0.21199199557304382
0, 868, 360, 28, 29, 0.18201951682567596
0, 310, 346, 14, 14, 0.17243283987045288
0, 874, 367, 42, 45, 0.13010495901107788
0, 281, 308, 14, 14, 0.12018919736146927
0, 311, 289, 24, 14, 0.1099977046251297
0, 175, 630, 20, 19, 0.1093938946723938
0, 194, 710, 14, 19, 0.10778337717056274
0, 821, 278, 22, 15, 0.10645677149295807
0, 282, 434, 15, 21, 0.10388904064893723
0, 152, 788, 17, 13, 0.10152453184127808
0, 236, 572, 18, 13, 0.09606605768203735
0, 161, 717, 19, 24, 0.0918366089463234
0, 886, 378, 21, 29, 0.08597870171070099
0, 193, 672, 17, 13, 0.08531473577022552
0, 192, 651, 20, 15, 0.07296272367238998
0, 290, 400, 20, 14, 0.07250836491584778
0, 224, 607, 17, 17, 0.07183661311864853
0, 151, 803, 15, 11, 0.06933213770389557
0, 223, 613, 18, 16, 0.06896276026964188
0, 258, 509, 17, 17, 0.06585200130939484
0, 324, 236, 17, 18, 0.06311673671007156
0, 308, 289, 30, 27, 0.06100325286388397
0, 311, 281, 21, 23, 0.060648124665021896
0, 681, 531, 32, 35, 0.05411206930875778
0, 130, 765, 15, 13, 0.053072474896907806
0, 847, 294, 23, 17, 0.05204761028289795
0, 863, 320, 23, 29, 0.04880976304411888
0, 149, 827, 26, 15, 0.0462348647415638
0, 820, 288, 26, 35, 0.044231899082660675
0, 675, 199, 17, 18, 0.043216969817876816
0, 782, 293, 18, 17, 0.04226226732134819
0, 732, 232, 50, 71, 0.04157012701034546
0, 204, 630, 17, 14, 0.041527967900037766
0, 280, 440, 20, 36, 0.04081837460398674
0, 265, 461, 13, 20, 0.04081404581665993
0, 840, 334, 20, 15, 0.040179770439863205
0, 169, 745, 13, 9, 0.03920989856123924
0, 850, 332, 17, 19, 0.03916623070836067
0, 241, 535, 15, 15, 0.03856955096125603
0, 313, 182, 16, 27, 0.03797487914562225
0, 274, 459, 19, 25, 0.03559263423085213
0, 259, 421, 15, 15, 0.03481149673461914
0, 168, 662, 21, 33, 0.0340731255710125
0, 238, 486, 19, 27, 0.03297063335776329
0, 738, 233, 33, 51, 0.032867681235075
0, 214, 613, 39, 43, 0.03265788406133652
0, 276, 435, 32, 40, 0.032462649047374725
0, 286, 374, 27, 24, 0.03194832429289818
0, 323, 259, 14, 9, 0.0317525751888752
0, 174, 743, 23, 11, 0.031230952590703964
0, 196, 605, 28, 30, 0.031167998909950256
0, 718, 212, 19, 22, 0.031067563220858574
0, 309, 303, 22, 20, 0.030343972146511078
0, 284, 425, 17, 26, 0.030110513791441917
0, 855, 323, 42, 39, 0.029951948672533035
0, 192, 660, 25, 35, 0.029623884707689285
0, 188, 659, 40, 47, 0.02927163802087307
0, 187, 650, 34, 25, 0.029063981026411057
0, 162, 716, 27, 36, 0.02808223105967045
0, 292, 395, 24, 24, 0.02787584438920021
0, 201, 670, 35, 23, 0.026127319782972336
0, 744, 228, 21, 28, 0.025602979585528374
0, 194, 631, 27, 22, 0.02496446669101715
0, 284, 430, 23, 40, 0.024913446977734566
0, 139, 829, 23, 15, 0.024328073486685753
0, 169, 675, 14, 12, 0.024137524887919426
0, 965, 378, 17, 18, 0.023688072338700294
0, 200, 650, 36, 24, 0.022326774895191193
0, 235, 496, 30, 54, 0.02225097082555294
0, 745, 255, 16, 23, 0.021936966106295586
0, 696, 204, 22, 25, 0.0219359640032053
0, 177, 657, 38, 37, 0.02181622013449669
0, 1032, 507, 14, 16, 0.021461691707372665
0, 721, 249, 20, 20, 0.020269466564059258
0, 833, 292, 57, 45, 0.01992429606616497
0, 134, 743, 14, 16, 0.019909895956516266
0, 152, 789, 25, 22, 0.019588446244597435
0, 160, 803, 27, 16, 0.01940334588289261
0, 685, 197, 39, 35, 0.019051264971494675
0, 447, 84, 21, 17, 0.01828652247786522
0, 246, 475, 18, 18, 0.01815035752952099
0, 201, 614, 68, 64, 0.016941901296377182
0, 237, 568, 21, 23, 0.016516508534550667
0, 273, 454, 27, 38, 0.016463812440633774
0, 196, 640, 61, 58, 0.016244729980826378
0, 291, 365, 20, 17, 0.016233470290899277
0, 285, 415, 24, 49, 0.016196874901652336
0, 845, 297, 30, 27, 0.016186393797397614
0, 855, 309, 39, 41, 0.015511488541960716
0, 314, 234, 23, 18, 0.015429290011525154
0, 182, 708, 20, 22, 0.015291729010641575
0, 313, 194, 19, 46, 0.015131005086004734
0, 153, 821, 31, 24, 0.015106289647519588
0, 180, 590, 11, 16, 0.014945526607334614
0, 158, 795, 30, 27, 0.014325134456157684
0, 698, 211, 60, 52, 0.014203866012394428
0, 289, 307, 21, 16, 0.014065260998904705
0, 738, 217, 35, 44, 0.014046321623027325
0, 778, 274, 23, 27, 0.014005660079419613
0, 252, 464, 24, 24, 0.014005240052938461
0, 777, 267, 19, 20, 0.013874337077140808
0, 319, 226, 25, 34, 0.013468763791024685
0, 231, 573, 24, 19, 0.013405791483819485
0, 241, 487, 31, 41, 0.013075854629278183
0, 740, 256, 23, 35, 0.012794740498065948
0, 728, 252, 33, 34, 0.012562522664666176
0, 239, 525, 25, 23, 0.012531294487416744
0, 211, 650, 25, 26, 0.012515214271843433
0, 152, 812, 31, 23, 0.012396294623613358
0, 784, 290, 26, 33, 0.012180901132524014
0, 720, 225, 37, 44, 0.012173403985798359
0, 858, 336, 85, 113, 0.012157691642642021
0, 872, 326, 31, 38, 0.012109566479921341
0, 695, 212, 20, 17, 0.0119334040209651
0, 672, 193, 22, 28, 0.011783615685999393
0, 256, 432, 17, 28, 0.011682577431201935
0, 311, 217, 20, 32, 0.011590772308409214
0, 879, 337, 21, 32, 0.011533067561686039
0, 710, 208, 30, 25, 0.011379923671483994
0, 703, 193, 17, 18, 0.011375370435416698
0, 534, 116, 20, 18, 0.01124027743935585
0, 226, 593, 16, 22, 0.011173704639077187
0, 681, 174, 10, 13, 0.011073757894337177
0, 288, 393, 26, 57, 0.011004303582012653
0, 174, 715, 56, 46, 0.010846100747585297
0, 719, 243, 31, 37, 0.010630572214722633
0, 787, 297, 17, 19, 0.010511301457881927
0, 876, 345, 59, 95, 0.010211295448243618
0, 161, 691, 20, 25, 0.009907091967761517
0, 266, 429, 27, 32, 0.009872805327177048
0, 263, 469, 27, 37, 0.009842739440500736
0, 752, 286, 14, 13, 0.009586915373802185
0, 311, 341, 18, 28, 0.00948220957070589
0, 527, 115, 25, 21, 0.009195344522595406
0, 455, 91, 39, 25, 0.009068777784705162
0, 441, 78, 17, 17, 0.009059985168278217
0, 965, 379, 27, 23, 0.00890605803579092
0, 265, 488, 13, 14, 0.008860715664923191
0, 241, 467, 28, 26, 0.008717933669686317
0, 174, 735, 28, 22, 0.008621997199952602
0, 320, 214, 31, 61, 0.008618207648396492
0, 882, 331, 32, 47, 0.008541426621377468
0, 250, 410, 19, 32, 0.00852618832141161
0, 231, 478, 24, 29, 0.00844581052660942
0, 860, 325, 66, 66, 0.00810951367020607
0, 462, 89, 52, 38, 0.00809532217681408
0, 680, 166, 10, 16, 0.00800769031047821
0, 254, 441, 12, 21, 0.007874754257500172
0, 726, 233, 103, 104, 0.007729285396635532
0, 154, 690, 21, 24, 0.007724160328507423
0, 911, 347, 14, 14, 0.007709883619099855
0, 153, 780, 17, 16, 0.00764754181727767
0, 974, 389, 15, 15, 0.007587101310491562
0, 783, 281, 43, 47, 0.0075844950042665005
0, 261, 414, 22, 33, 0.007518779020756483
0, 294, 329, 11, 11, 0.007484136149287224
0, 178, 693, 19, 19, 0.00748019851744175
0, 240, 542, 16, 27, 0.007258168421685696
0, 548, 118, 25, 16, 0.007181565277278423
0, 299, 350, 26, 18, 0.0070039937272667885
0, 281, 345, 16, 16, 0.006835450418293476
0, 681, 641, 24, 22, 0.006775915622711182
0, 225, 560, 10, 20, 0.0067591373808681965
0, 689, 180, 21, 19, 0.006678806152194738
0, 810, 249, 15, 16, 0.0066045839339494705
0, 191, 666, 86, 107, 0.006597717758268118
0, 813, 286, 40, 47, 0.006367790512740612
0, 231, 584, 22, 31, 0.006341923028230667
0, 118, 788, 14, 11, 0.006280226167291403
0, 497, 244, 10, 9, 0.006236644461750984
0, 793, 263, 29, 26, 0.006024698261171579
0, 209, 546, 18, 20, 0.006008435506373644
0, 190, 521, 19, 15, 0.005894188769161701
0, 153, 765, 18, 21, 0.005887146573513746
0, 240, 431, 14, 14, 0.005732958670705557
0, 171, 775, 20, 17, 0.005334795452654362
0, 316, 236, 28, 32, 0.0053012860007584095
0, 771, 268, 31, 27, 0.005275289993733168
0, 703, 229, 27, 19, 0.005135148763656616
0, 774, 253, 45, 61, 0.005118003115057945
0, 535, 109, 24, 29, 0.0051030442118644714
0, 248, 392, 18, 21, 0.0050904592499136925
0, 366, 472, 10, 10, 0.005019756034016609
0, 219, 578, 42, 49, 0.004884200170636177
0, 737, 271, 15, 18, 0.004864704329520464
0, 1015, 296, 15, 12, 0.004803381860256195
0, 161, 763, 21, 21, 0.0047828517854213715
0, 299, 294, 55, 47, 0.004779375623911619
0, 419, 75, 10, 10, 0.004656405188143253
0, 548, 109, 27, 29, 0.004584481939673424
0, 636, 187, 7, 8, 0.004561073146760464
0, 335, 203, 16, 18, 0.004453095607459545
0, 845, 342, 26, 27, 0.004451685585081577
0, 198, 634, 104, 111, 0.004424226004630327
0, 860, 360, 59, 55, 0.004375503398478031
0, 806, 258, 16, 21, 0.004358411300927401
0, 241, 421, 13, 14, 0.0042736404575407505
0, 526, 108, 21, 28, 0.004231627564877272
0, 180, 581, 12, 21, 0.004210830666124821
0, 349, 148, 15, 26, 0.004174076020717621
0, 516, 116, 32, 17, 0.003968898206949234
0, 210, 556, 30, 36, 0.003908935468643904
0, 239, 405, 10, 21, 0.0038230670616030693
0, 198, 710, 23, 24, 0.003661067457869649
0, 232, 534, 32, 22, 0.003623225726187229
0, 223, 549, 16, 30, 0.0035645070020109415
0, 776, 232, 24, 23, 0.0035122944973409176
0, 1023, 433, 9, 10, 0.0034697456285357475
0, 319, 195, 35, 51, 0.003440187545493245
0, 323, 159, 8, 16, 0.003347372403368354
0, 797, 254, 32, 31, 0.0033419281244277954
0, 1038, 443, 15, 12, 0.003331516170874238
0, 276, 375, 27, 26, 0.003291211323812604
0, 279, 333, 18, 21, 0.003216640092432499
0, 750, 254, 124, 107, 0.003203445579856634
0, 840, 306, 79, 80, 0.0031891176477074623
0, 665, 192, 45, 38, 0.0031375414691865444
0, 138, 842, 12, 18, 0.003086343640461564
0, 768, 233, 24, 28, 0.0030527955386787653
0, 205, 686, 21, 21, 0.003041573567315936
0, 597, 147, 19, 19, 0.003040437353774905
0, 232, 497, 55, 74, 0.003004377242177725
0, 747, 268, 21, 44, 0.0029717767611145973
0, 174, 617, 27, 49, 0.0029550185427069664
0, 817, 300, 25, 40, 0.002953900257125497
0, 112, 789, 13, 10, 0.0029517370276153088
0, 605, 150, 26, 22, 0.0029127721209079027
0, 201, 583, 44, 59, 0.00289956689812243
0, 775, 291, 28, 21, 0.0028803576715290546
0, 1011, 442, 17, 13, 0.002879334846511483
0, 280, 367, 29, 50, 0.0028666213620454073
0, 226, 465, 13, 19, 0.0028290622867643833
0, 194, 686, 22, 32, 0.00279828580096364
0, 333, 147, 19, 28, 0.0027788865845650434
0, 150, 751, 42, 34, 0.0027424294967204332
0, 211, 535, 16, 18, 0.0027246379759162664
0, 622, 149, 15, 18, 0.002654839074239135
0, 608, 157, 22, 20, 0.002640907885506749
0, 554, 128, 19, 17, 0.002631070790812373
0, 577, 133, 19, 21, 0.002624740358442068
0, 131, 759, 17, 28, 0.002559890504926443
0, 563, 131, 24, 21, 0.002526885597035289
0, 333, 156, 21, 23, 0.0024978313595056534
0, 614, 151, 31, 26, 0.002471853978931904
0, 315, 262, 25, 20, 0.0024445541203022003
0, 261, 444, 64, 77, 0.0023984143044799566
0, 620, 156, 16, 18, 0.0023537389934062958
0, 968, 462, 9, 8, 0.0023148420732468367
0, 156, 680, 20, 17, 0.0022653487976640463
0, 532, 109, 37, 39, 0.0022498522885143757
0, 546, 118, 38, 28, 0.0022323254961520433
0, 324, 152, 12, 27, 0.0022306577302515507
0, 160, 789, 43, 41, 0.0022302076686173677
0, 335, 193, 27, 27, 0.0022038856986910105
0, 240, 443, 19, 28, 0.0021872813813388348
0, 334, 160, 32, 58, 0.002184306038543582
0, 917, 348, 19, 13, 0.002153625013306737
0, 732, 196, 24, 22, 0.002125682309269905
0, 146, 798, 29, 33, 0.0021132745314389467
0, 317, 564, 19, 16, 0.002070444403216243
0, 172, 758, 30, 33, 0.0020581362769007683
0, 895, 338, 45, 49, 0.0020499161910265684
0, 1009, 414, 14, 19, 0.0020265972707420588
0, 237, 553, 27, 45, 0.002001424552872777
0, 143, 781, 40, 29, 0.001998285995796323
0, 160, 661, 25, 30, 0.00198550708591938
0, 511, 264, 13, 14, 0.00193631777074188
0, 889, 350, 118, 121, 0.0019216403597965837
0, 135, 357, 271, 214, 0.001920331153087318
0, 787, 235, 25, 27, 0.0018457735422998667
0, 355, 48, 12, 10, 0.001833045855164528
0, 578, 118, 17, 10, 0.0018145941430702806
0, 539, 92, 11, 11, 0.0018106488278135657
0, 584, 141, 26, 22, 0.0017926405416801572
0, 289, 315, 27, 23, 0.0017508816672489047
0, 537, 117, 53, 43, 0.001743840053677559
0, 251, 378, 13, 18, 0.0017237820429727435
0, 338, 172, 32, 34, 0.001676712417975068
0, 237, 566, 30, 36, 0.0016438155435025692
0, 288, 374, 43, 42, 0.0016313227824866772
0, 1012, 461, 15, 10, 0.0015806328738108277
0, 368, 548, 14, 12, 0.0015783574199303985
0, 950, 364, 15, 15, 0.0015750584425404668
0, 1009, 407, 13, 19, 0.00155746191740036
0, 268, 332, 12, 17, 0.0015382160199806094
0, 788, 310, 30, 29, 0.0015300967497751117
0, 201, 561, 24, 30, 0.0015293173491954803
0, 396, 76, 12, 19, 0.001525874249637127
0, 223, 561, 51, 62, 0.0015042393933981657
0, 270, 346, 15, 17, 0.0014883766416460276
0, 595, 133, 15, 17, 0.0014775904128327966
0, 307, 353, 19, 30, 0.0014694079291075468
0, 755, 229, 42, 46, 0.0014317305758595467
0, 394, 562, 15, 14, 0.0014148206682875752
0, 151, 394, 15, 17, 0.0014012600295245647
0, 407, 74, 18, 20, 0.0013941334327682853
0, 214, 586, 91, 126, 0.0013797401916235685
0, 534, 152, 28, 31, 0.0013787287753075361
