0, 304, 377, 52, 61, 0.5008783340454102
0, 248, 846, 34, 46, 0.3502681255340576
0, 253, 359, 22, 38, 0.25198855996131897
0, 135, 1069, 40, 66, 0.24476772546768188
0, 267, 756, 40, 54, 0.23477908968925476
0, 342, 251, 22, 27, 0.1714019775390625
0, 204, 594, 25, 29, 0.1532450020313263
0, 211, 880, 20, 18, 0.14548026025295258
0, 140, 1015, 14, 21, 0.14414097368717194
0, 209, 669, 18, 19, 0.1414533257484436
0, 179, 976, 20, 23, 0.13600961863994598
0, 176, 932, 19, 27, 0.1340116262435913
0, 155, 942, 17, 13, 0.11995866894721985
0, 293, 296, 20, 13, 0.10994365811347961
0, 343, 217, 27, 25, 0.10874436050653458
0, 288, 657, 39, 21, 0.1075696051120758
0, 203, 883, 36, 20, 0.10704463720321655
0, 198, 976, 27, 20, 0.10618999600410461
0, 131, 1050, 27, 28, 0.1042376384139061
0, 271, 744, 34, 27, 0.10251115262508392
0, 144, 1084, 61, 94, 0.09974468499422073
0, 255, 801, 24, 24, 0.09964612126350403
0, 307, 448, 27, 14, 0.0994647890329361
0, 221, 924, 50, 39, 0.09674612432718277
0, 351, 284, 18, 33, 0.09567935019731522
0, 230, 921, 32, 29, 0.0926169902086258
0, 206, 544, 25, 16, 0.09238546341657639
0, 324, 347, 31, 28, 0.09235356748104095
0, 182, 1078, 28, 29, 0.08082681894302368
0, 348, 210, 35, 35, 0.07739996165037155
0, 290, 587, 44, 15, 0.07513046264648438
0, 206, 927, 19, 25, 0.0741896703839302
0, 251, 512, 25, 21, 0.07168272137641907
0, 166, 1041, 28, 20, 0.07166054099798203
0, 141, 998, 18, 51, 0.06771287322044373
0, 211, 939, 69, 69, 0.06634420901536942
0, 285, 299, 34, 20, 0.06456775218248367
0, 141, 984, 16, 24, 0.05983416363596916
0, 296, 317, 11, 11, 0.05684809759259224
0, 220, 936, 37, 56, 0.05580168217420578
0, 284, 663, 48, 35, 0.05490625277161598
0, 227, 951, 24, 25, 0.05021115392446518
0, 358, 202, 21, 25, 0.04868977516889572
0, 180, 1006, 22, 23, 0.04840520769357681
0, 163, 1085, 62, 64, 0.048267681151628494
0, 169, 998, 21, 19, 0.0457165353000164
0, 279, 672, 34, 21, 0.04470953717827797
0, 157, 954, 18, 29, 0.044022202491760254
0, 164, 1049, 35, 32, 0.043823085725307465
0, 193, 972, 49, 36, 0.04159640520811081
0, 169, 1032, 31, 28, 0.041179485619068146
0, 214, 617, 29, 19, 0.041178107261657715
0, 183, 992, 49, 53, 0.04046366736292839
0, 244, 561, 12, 12, 0.040418628603219986
0, 260, 679, 20, 21, 0.03944900631904602
0, 215, 835, 16, 16, 0.038750987499952316
0, 249, 464, 31, 15, 0.03851646929979324
0, 242, 461, 48, 30, 0.03835699334740639
0, 163, 1062, 56, 70, 0.03788535296916962
0, 267, 676, 39, 22, 0.03731919452548027
0, 173, 925, 26, 31, 0.03716477379202843
0, 247, 515, 42, 41, 0.03598811849951744
0, 180, 1077, 35, 49, 0.035938721150159836
0, 172, 1010, 29, 42, 0.03545861318707466
0, 154, 1122, 24, 22, 0.032836973667144775
0, 261, 719, 21, 35, 0.03257375210523605
0, 347, 255, 30, 40, 0.03205963596701622
0, 347, 268, 37, 67, 0.03181590884923935
0, 283, 280, 34, 22, 0.03148937225341797
0, 230, 645, 24, 16, 0.03015831857919693
0, 166, 1046, 109, 165, 0.030065609142184258
0, 280, 681, 35, 44, 0.0298610869795084
0, 285, 290, 40, 38, 0.029198775067925453
0, 239, 474, 45, 35, 0.027720727026462555
0, 264, 776, 41, 77, 0.027612745761871338
0, 238, 821, 19, 21, 0.02721109427511692
0, 251, 828, 39, 83, 0.025255192071199417
0, 179, 1020, 50, 56, 0.024962514638900757
0, 231, 903, 34, 25, 0.02406567893922329
0, 238, 507, 43, 27, 0.023901665583252907
0, 208, 673, 25, 32, 0.02297179400920868
0, 169, 1029, 43, 50, 0.022548483684659004
0, 283, 447, 14, 13, 0.022242577746510506
0, 262, 709, 16, 15, 0.022130783647298813
0, 298, 371, 86, 84, 0.021259861066937447
0, 311, 440, 41, 21, 0.02118992619216442
0, 188, 1007, 30, 28, 0.02106720209121704
0, 169, 1106, 25, 22, 0.021045558154582977
0, 266, 739, 46, 70, 0.02076617442071438
0, 212, 603, 39, 52, 0.01957765221595764
0, 196, 950, 105, 108, 0.019493060186505318
0, 328, 190, 15, 15, 0.018710562959313393
0, 282, 701, 12, 14, 0.018500393256545067
0, 158, 955, 35, 54, 0.017926357686519623
0, 171, 1016, 82, 108, 0.01661399006843567
0, 310, 432, 22, 13, 0.01605379581451416
0, 229, 913, 44, 48, 0.015770336613059044
0, 168, 934, 37, 49, 0.015691522508859634
0, 207, 664, 23, 30, 0.015258950181305408
0, 199, 644, 22, 16, 0.014911266043782234
0, 143, 980, 25, 65, 0.014704158529639244
0, 172, 1092, 36, 57, 0.014288883656263351
0, 283, 303, 43, 42, 0.014252889901399612
0, 169, 962, 48, 56, 0.01333451084792614
0, 174, 1053, 60, 103, 0.012752227485179901
0, 281, 411, 25, 28, 0.01265519205480814
0, 143, 947, 33, 25, 0.011923013255000114
0, 252, 453, 36, 29, 0.011881565675139427
0, 310, 560, 15, 13, 0.011673007160425186
0, 200, 539, 33, 25, 0.011606892570853233
0, 223, 507, 19, 24, 0.01146729476749897
0, 146, 964, 38, 55, 0.011371755972504616
0, 209, 876, 31, 29, 0.011172682046890259
0, 331, 359, 30, 35, 0.010784806683659554
0, 344, 414, 18, 35, 0.0107298968359828
0, 245, 536, 20, 13, 0.009924037382006645
0, 346, 232, 37, 67, 0.009627480991184711
0, 284, 420, 21, 20, 0.008687024936079979
0, 235, 495, 36, 37, 0.008203448727726936
0, 205, 1193, 14, 16, 0.007767850067466497
0, 264, 397, 20, 19, 0.006938467267900705
0, 238, 844, 62, 52, 0.006938326172530651
0, 309, 187, 12, 10, 0.006918640807271004
0, 291, 247, 18, 14, 0.006853146944195032
0, 278, 273, 22, 18, 0.006761230528354645
0, 350, 150, 16, 16, 0.006720120552927256
0, 226, 698, 20, 18, 0.006505995523184538
0, 262, 343, 23, 29, 0.006416804622858763
0, 211, 1116, 25, 19, 0.006221516523510218
0, 140, 988, 41, 77, 0.006146114319562912
0, 325, 349, 44, 44, 0.0056577641516923904
0, 194, 564, 18, 16, 0.005333014763891697
0, 148, 970, 54, 80, 0.005218206439167261
0, 214, 803, 11, 12, 0.005057792644947767
0, 261, 665, 85, 56, 0.004862361587584019
0, 259, 618, 14, 11, 0.004758746363222599
0, 229, 825, 43, 49, 0.004724946338683367
0, 284, 338, 18, 20, 0.004457714501768351
0, 240, 560, 22, 16, 0.004398594610393047
0, 249, 811, 43, 41, 0.004373615607619286
0, 292, 494, 20, 11, 0.003952376544475555
0, 348, 197, 49, 66, 0.003920936491340399
0, 150, 887, 12, 16, 0.0038455037865787745
0, 197, 560, 32, 25, 0.0038112630136311054
0, 185, 525, 10, 12, 0.0037694640923291445
0, 341, 217, 54, 40, 0.0037214821204543114
0, 257, 709, 23, 19, 0.0035299453884363174
0, 205, 836, 27, 17, 0.003439876949414611
0, 229, 670, 36, 30, 0.0033428657334297895
0, 306, 450, 35, 24, 0.0033035101369023323
0, 292, 453, 34, 24, 0.0032524080015718937
0, 186, 836, 35, 17, 0.003213168354704976
0, 234, 655, 39, 44, 0.0030867999885231256
0, 220, 883, 55, 33, 0.0029934134799987078
0, 327, 226, 43, 30, 0.002869386924430728
0, 316, 228, 22, 25, 0.0028599505312740803
0, 300, 311, 46, 31, 0.002837238134816289
0, 216, 670, 40, 34, 0.0028326292522251606
0, 118, 1177, 16, 22, 0.0027974515687674284
0, 201, 551, 38, 35, 0.0027754821348935366
0, 226, 686, 31, 40, 0.0025821379385888577
0, 254, 406, 32, 24, 0.0025711345952004194
0, 173, 1113, 31, 33, 0.002419471275061369
0, 334, 275, 45, 71, 0.0022599482908844948
0, 290, 254, 32, 48, 0.002247345633804798
0, 321, 267, 22, 19, 0.002177415881305933
0, 329, 239, 58, 59, 0.0021020681597292423
0, 212, 588, 34, 37, 0.0020097310189157724
0, 278, 412, 36, 40, 0.001978041371330619
0, 232, 530, 60, 36, 0.0019760148134082556
0, 203, 595, 46, 40, 0.0019011482363566756
0, 326, 261, 80, 109, 0.0018791408510878682
0, 228, 731, 18, 11, 0.001847718027420342
0, 255, 789, 43, 74, 0.0018301333766430616
0, 277, 567, 76, 50, 0.0018161433981731534
0, 207, 843, 47, 36, 0.0017811218276619911
0, 304, 292, 81, 55, 0.0017751556588336825
0, 347, 181, 39, 49, 0.0017625264590606093
0, 172, 912, 51, 63, 0.001750280032865703
0, 201, 523, 36, 51, 0.0017185360193252563
0, 199, 789, 10, 21, 0.001666828291490674
0, 331, 178, 16, 25, 0.0016571979504078627
0, 291, 344, 30, 31, 0.0015945208724588156
0, 181, 715, 17, 12, 0.0014074509963393211
0, 356, 179, 26, 67, 0.0013539334759116173
0, 257, 772, 77, 120, 0.0013259842526167631
0, 199, 1113, 24, 20, 0.0012748932931572199
0, 284, 217, 12, 12, 0.0012672136072069407
0, 285, 583, 60, 26, 0.0012179033365100622
0, 320, 312, 54, 62, 0.0012021741131320596
0, 306, 332, 102, 170, 0.0011940001277253032
0, 189, 567, 16, 17, 0.0011810311116278172
0, 335, 405, 24, 40, 0.0011698801536113024
0, 133, 897, 7, 8, 0.0011689311359077692
0, 258, 844, 56, 57, 0.0011573628289625049
0, 254, 376, 38, 67, 0.0011457932414487004
0, 348, 291, 21, 59, 0.0011144132586196065
0, 250, 557, 45, 27, 0.0011105334851890802
0, 295, 623, 36, 25, 0.0010882060742005706
0, 244, 455, 64, 77, 0.0010720452992245555
0, 233, 737, 37, 61, 0.0010566777782514691
0, 167, 847, 42, 36, 0.0010290703503414989
0, 155, 852, 23, 25, 0.0009941136231645942
0, 188, 515, 16, 32, 0.0009923422476276755
0, 283, 671, 62, 57, 0.0009849660564213991
0, 317, 429, 62, 55, 0.0009783919667825103
0, 161, 943, 71, 42, 0.0008859829977154732
0, 227, 714, 24, 45, 0.0008666107896715403
0, 171, 907, 33, 29, 0.0008374162134714425
0, 274, 710, 72, 125, 0.0008231495739892125
0, 283, 621, 56, 32, 0.0008156709955073893
0, 2, 1239, 5, 104, 0.000799652945715934
0, 300, 235, 39, 44, 0.0007816717843525112
0, 157, 1130, 22, 22, 0.0007777020800858736
0, 259, 413, 79, 141, 0.0007195661892183125
0, 265, 439, 64, 57, 0.0007148481090553105
0, 137, 867, 11, 14, 0.0007069541024975479
0, 279, 336, 73, 123, 0.0006838314002379775
0, 300, 412, 73, 79, 0.0006701055099256337
0, 169, 732, 23, 25, 0.0006476534181274474
0, 208, 575, 51, 82, 0.0006189472624100745
0, 205, 749, 14, 12, 0.0005977542605251074
0, 172, 724, 24, 18, 0.0005793041200377047
0, 154, 863, 19, 21, 0.0005540234851650894
0, 220, 682, 57, 62, 0.0005305901868268847
0, 134, 1031, 38, 65, 0.0005283421487547457
0, 265, 587, 41, 17, 0.0005258737364783883
0, 3, 774, 6, 163, 0.0005183706525713205
0, 257, 512, 95, 76, 0.0005052227061241865
0, 173, 753, 26, 17, 0.0004973763134330511
0, 3, 854, 6, 160, 0.0004946164553985
0, 214, 1097, 25, 37, 0.0004847753734793514
0, 276, 547, 29, 23, 0.0004837409360334277
0, 213, 993, 179, 243, 0.00047786731738597155
0, 181, 731, 44, 40, 0.0004562513204291463
0, 172, 785, 22, 28, 0.000455344095826149
0, 131, 1009, 29, 38, 0.000454130582511425
0, 172, 818, 22, 23, 0.0004534705076366663
0, 222, 972, 71, 76, 0.000449558807304129
0, 186, 826, 50, 45, 0.00043247867142781615
0, 235, 939, 95, 88, 0.0004321115557104349
0, 3, 712, 6, 166, 0.0004307009803596884
0, 3, 69, 6, 138, 0.00042611989192664623
0, 148, 1114, 52, 57, 0.000424838624894619
0, 171, 795, 19, 25, 0.00041840941412374377
0, 3, 919, 6, 159, 0.0004177372611593455
0, 362, 200, 34, 39, 0.00041735274135135114
0, 214, 751, 34, 29, 0.00040793285006657243
0, 3, 646, 6, 167, 0.0004024422960355878
0, 306, 552, 33, 36, 0.00039846598519943655
0, 3, 1000, 6, 158, 0.00039314510650001466
0, 178, 747, 36, 36, 0.00039229224785231054
0, 2, 1065, 5, 159, 0.00038647529436275363
0, 3, 549, 6, 168, 0.00038645905442535877
0, 226, 733, 26, 28, 0.0003860792494378984
0, 199, 663, 43, 46, 0.00038563544512726367
0, 273, 607, 49, 33, 0.0003810786292888224
0, 178, 765, 30, 30, 0.00037478809827007353
0, 287, 596, 52, 34, 0.0003697505162563175
0, 252, 621, 29, 22, 0.0003673404862638563
0, 3, 485, 6, 168, 0.00036429334431886673
0, 3, 403, 6, 168, 0.00036185039789415896
0, 289, 818, 126, 123, 0.00035952695179730654
0, 3, 1184, 6, 163, 0.00035782906343229115
0, 277, 781, 75, 90, 0.0003513970586936921
0, 3, 290, 6, 168, 0.0003454069374129176
0, 134, 953, 35, 40, 0.00034536331077106297
0, 237, 540, 59, 69, 0.0003395465901121497
0, 181, 789, 43, 66, 0.00033947554766200483
0, 243, 438, 50, 41, 0.0003305564750917256
0, 3, 226, 6, 169, 0.0003217376070097089
0, 278, 298, 66, 98, 0.0003214809694327414
0, 274, 665, 75, 112, 0.0003208193520549685
0, 364, 240, 45, 51, 0.00031130333081819117
0, 219, 888, 108, 122, 0.00030853302450850606
0, 201, 737, 67, 49, 0.00030423339921981096
0, 289, 480, 41, 31, 0.0003025011974386871
0, 3, 160, 6, 165, 0.0002944297739304602
0, 382, 1063, 193, 449, 0.00029346486553549767
0, 284, 645, 64, 71, 0.0002866908616852015
0, 260, 510, 69, 42, 0.000275988393696025
0, 350, 149, 20, 27, 0.00027483145822770894
0, 200, 720, 42, 31, 0.00027069071074947715
0, 225, 799, 56, 77, 0.00026793943834491074
0, 243, 569, 19, 41, 0.00026609402266331017
0, 243, 409, 31, 24, 0.0002634607953950763
0, 297, 484, 33, 22, 0.0002583798486739397
0, 139, 884, 17, 23, 0.0002580698928795755
0, 302, 495, 41, 27, 0.00025681540137156844
0, 228, 607, 56, 33, 0.0002539296692702919
0, 130, 965, 27, 48, 0.00025192814064212143
0, 133, 990, 32, 46, 0.0002495237858965993
0, 364, 279, 77, 76, 0.00024738992215134203
0, 304, 1027, 349, 525, 0.0002441699616611004
0, 204, 769, 37, 71, 0.000243098838836886
0, 153, 817, 12, 20, 0.00024275213945657015
0, 168, 862, 56, 53, 0.00024011320783756673
0, 124, 1070, 82, 81, 0.00023671987582929432
0, 152, 1260, 222, 65, 0.0002346858527744189
0, 280, 394, 144, 117, 0.0002320071798749268
