0, 352, 407, 166, 364, 0.32695940136909485
0, 366, 828, 20, 25, 0.2762700617313385
0, 334, 143, 26, 42, 0.16345417499542236
0, 358, 473, 133, 223, 0.16189873218536377
0, 387, 486, 46, 21, 0.14769750833511353
0, 244, 828, 51, 38, 0.14696429669857025
0, 173, 771, 34, 23, 0.1422492265701294
0, 255, 823, 28, 23, 0.14042462408542633
0, 329, 888, 21, 17, 0.13356955349445343
0, 305, 845, 33, 33, 0.13105078041553497
0, 146, 746, 32, 23, 0.13010473549365997
0, 194, 803, 41, 55, 0.12574684619903564
0, 344, 451, 64, 67, 0.12474264949560165
0, 374, 663, 26, 34, 0.1205892264842987
0, 332, 265, 93, 73, 0.10521116107702255
0, 112, 766, 39, 33, 0.10321679711341858
0, 195, 807, 34, 31, 0.10298530757427216
0, 433, 767, 29, 50, 0.10152048617601395
0, 388, 479, 50, 41, 0.09591387212276459
0, 408, 814, 21, 15, 0.09560449421405792
0, 356, 589, 33, 18, 0.09374352544546127
0, 271, 833, 78, 52, 0.08967284858226776
0, 275, 849, 27, 26, 0.088099904358387
0, 120, 727, 32, 17, 0.08652191609144211
0, 337, 349, 91, 107, 0.08513402193784714
0, 431, 758, 23, 28, 0.08095058053731918
0, 110, 759, 32, 19, 0.07861436158418655
0, 391, 523, 20, 22, 0.07860404253005981
0, 281, 821, 48, 24, 0.07595942914485931
0, 290, 844, 67, 41, 0.07495097815990448
0, 187, 820, 21, 19, 0.07408885657787323
0, 432, 784, 22, 18, 0.0719497799873352
0, 422, 534, 15, 13, 0.06995443254709244
0, 360, 538, 93, 100, 0.0688878744840622
0, 137, 750, 55, 35, 0.06842464208602905
0, 428, 712, 20, 18, 0.06468553096055984
0, 216, 853, 18, 15, 0.06406068801879883
0, 230, 831, 24, 23, 0.06325724720954895
0, 353, 442, 119, 124, 0.062321312725543976
0, 131, 737, 65, 50, 0.060601856559515
0, 413, 515, 28, 19, 0.05679895728826523
0, 329, 562, 18, 13, 0.05280982330441475
0, 441, 640, 21, 22, 0.050441380590200424
0, 425, 707, 33, 33, 0.05006631463766098
0, 127, 760, 75, 54, 0.049877725541591644
0, 354, 264, 44, 50, 0.04987681657075882
0, 377, 471, 81, 65, 0.049790158867836
0, 424, 692, 36, 49, 0.049195319414138794
0, 335, 320, 123, 188, 0.047350961714982986
0, 393, 861, 15, 20, 0.04407581314444542
0, 414, 523, 28, 31, 0.04290006682276726
0, 355, 254, 34, 25, 0.04289642721414566
0, 365, 637, 19, 17, 0.042252153158187866
0, 373, 549, 52, 55, 0.042243994772434235
0, 316, 411, 24, 26, 0.04184563085436821
0, 337, 434, 33, 24, 0.04180765897035599
0, 346, 384, 90, 59, 0.04159220680594444
0, 292, 855, 42, 22, 0.04110926017165184
0, 107, 780, 20, 16, 0.04102128744125366
0, 261, 842, 54, 42, 0.04086016118526459
0, 358, 504, 47, 33, 0.03970078378915787
0, 343, 220, 25, 14, 0.03847748041152954
0, 276, 892, 18, 12, 0.037931907922029495
0, 163, 795, 31, 18, 0.0375211276113987
0, 329, 588, 13, 17, 0.03715173900127411
0, 204, 796, 40, 43, 0.03608214855194092
0, 273, 820, 67, 35, 0.03454594314098358
0, 169, 783, 47, 45, 0.033899929374456406
0, 320, 312, 53, 45, 0.03378036990761757
0, 366, 495, 48, 31, 0.033383674919605255
0, 348, 369, 34, 20, 0.03247590735554695
0, 429, 683, 25, 33, 0.032302599400281906
0, 321, 378, 49, 46, 0.03225157409906387
0, 210, 786, 22, 18, 0.031509798020124435
0, 239, 839, 67, 50, 0.03013443574309349
0, 316, 409, 37, 37, 0.02760916016995907
0, 419, 729, 15, 16, 0.027415698394179344
0, 207, 871, 14, 9, 0.027332795783877373
0, 409, 730, 26, 21, 0.02719344012439251
0, 336, 317, 70, 46, 0.026616336777806282
0, 382, 466, 42, 25, 0.0253472700715065
0, 352, 511, 63, 55, 0.02530755288898945
0, 435, 639, 35, 39, 0.02530369535088539
0, 339, 364, 80, 59, 0.02473808266222477
0, 330, 420, 57, 45, 0.02469557523727417
0, 187, 868, 17, 11, 0.024370303377509117
0, 144, 760, 120, 79, 0.024244051426649094
0, 318, 860, 26, 13, 0.02408016286790371
0, 343, 465, 44, 39, 0.02401716634631157
0, 408, 612, 21, 17, 0.023909442126750946
0, 233, 880, 21, 9, 0.02390049770474434
0, 338, 418, 79, 88, 0.023773718625307083
0, 379, 403, 23, 18, 0.023386932909488678
0, 378, 519, 51, 42, 0.02303512766957283
0, 213, 792, 30, 29, 0.022776078432798386
0, 185, 797, 70, 68, 0.022514719516038895
0, 330, 533, 21, 29, 0.02208445593714714
0, 385, 506, 69, 62, 0.021955562755465508
0, 388, 561, 19, 23, 0.020906908437609673
0, 312, 306, 35, 33, 0.020792098715901375
0, 389, 526, 30, 30, 0.02043568342924118
0, 287, 868, 21, 16, 0.020126502960920334
0, 337, 539, 35, 46, 0.01983051374554634
0, 351, 316, 34, 36, 0.019659487530589104
0, 431, 721, 48, 41, 0.019533120095729828
0, 358, 393, 63, 41, 0.018890434876084328
0, 353, 541, 45, 45, 0.01850293017923832
0, 201, 869, 22, 11, 0.0180424302816391
0, 381, 861, 11, 17, 0.018038418143987656
0, 372, 653, 34, 51, 0.01780046336352825
0, 324, 436, 34, 22, 0.017664583399891853
0, 429, 624, 15, 14, 0.01760867051780224
0, 339, 837, 14, 18, 0.01758117415010929
0, 434, 588, 27, 26, 0.01722685806453228
0, 322, 245, 45, 32, 0.017042288556694984
0, 164, 799, 36, 41, 0.016803190112113953
0, 184, 812, 36, 38, 0.01671195775270462
0, 387, 449, 23, 28, 0.016678696498274803
0, 362, 432, 33, 24, 0.01665659435093403
0, 355, 251, 50, 39, 0.01655145362019539
0, 356, 578, 40, 24, 0.015839703381061554
0, 191, 866, 24, 15, 0.015620456077158451
0, 167, 766, 52, 41, 0.015249666757881641
0, 187, 830, 21, 24, 0.015132149681448936
0, 433, 806, 13, 13, 0.014903443865478039
0, 326, 890, 32, 23, 0.01465272530913353
0, 344, 284, 29, 31, 0.014518527314066887
0, 350, 345, 22, 18, 0.014372942969202995
0, 429, 684, 63, 87, 0.014067647978663445
0, 343, 521, 45, 43, 0.013772612437605858
0, 376, 397, 31, 30, 0.013484415598213673
0, 155, 787, 130, 98, 0.013420644216239452
0, 367, 566, 69, 49, 0.012939460575580597
0, 271, 839, 139, 75, 0.012937535531818867
0, 183, 841, 23, 11, 0.01247922983020544
0, 320, 338, 48, 81, 0.012122070416808128
0, 443, 732, 24, 17, 0.011848151683807373
0, 352, 336, 60, 78, 0.011782006360590458
0, 426, 644, 38, 28, 0.011666792444884777
0, 420, 711, 58, 70, 0.011370711028575897
0, 301, 856, 60, 43, 0.011342287994921207
0, 205, 860, 47, 32, 0.011024962179362774
0, 423, 769, 56, 55, 0.010697875171899796
0, 416, 733, 22, 27, 0.01049721147865057
0, 366, 423, 27, 23, 0.010324683040380478
0, 342, 244, 22, 25, 0.010319378226995468
0, 416, 727, 48, 34, 0.009723185561597347
0, 373, 299, 16, 30, 0.009624253027141094
0, 423, 623, 26, 28, 0.009231368079781532
0, 333, 497, 23, 23, 0.008936160244047642
0, 162, 818, 24, 20, 0.008848446421325207
0, 394, 728, 9, 15, 0.00876446533948183
0, 338, 860, 23, 17, 0.008684992790222168
0, 373, 254, 16, 20, 0.008667172864079475
0, 428, 726, 72, 143, 0.008570878766477108
0, 307, 241, 33, 23, 0.008526584133505821
0, 401, 630, 17, 12, 0.008282138966023922
0, 362, 299, 37, 36, 0.00795868132263422
0, 378, 355, 14, 37, 0.00768411997705698
0, 116, 751, 44, 31, 0.007420195732265711
0, 406, 781, 23, 24, 0.007347659207880497
0, 154, 759, 69, 55, 0.007296533789485693
0, 373, 449, 56, 51, 0.007199801504611969
0, 286, 860, 41, 41, 0.006525494158267975
0, 419, 616, 42, 39, 0.00652535492554307
0, 184, 824, 33, 39, 0.006228734739124775
0, 341, 481, 42, 34, 0.006084672641009092
0, 112, 779, 38, 32, 0.006014034152030945
0, 378, 369, 15, 18, 0.0060027590952813625
0, 379, 346, 12, 24, 0.00587912043556571
0, 347, 589, 48, 25, 0.005850598681718111
0, 427, 783, 31, 28, 0.00578785827383399
0, 420, 646, 47, 45, 0.005743168294429779
0, 436, 747, 39, 47, 0.005698197055608034
0, 365, 416, 42, 44, 0.005615034140646458
0, 130, 788, 25, 16, 0.005427553318440914
0, 311, 362, 32, 27, 0.005281173624098301
0, 359, 310, 46, 63, 0.00507966335862875
0, 240, 825, 103, 70, 0.004961654078215361
0, 237, 796, 12, 19, 0.00479568587616086
0, 311, 866, 45, 22, 0.004740653093904257
0, 406, 415, 319, 381, 0.004538929555565119
0, 373, 551, 146, 135, 0.004517235793173313
0, 182, 776, 65, 42, 0.004433558788150549
0, 427, 587, 43, 37, 0.004421404097229242
0, 230, 878, 28, 17, 0.004163973964750767
0, 264, 816, 90, 62, 0.0040518855676054955
0, 419, 811, 39, 26, 0.00388344912789762
0, 367, 870, 14, 14, 0.0038048955611884594
0, 446, 709, 28, 40, 0.0037707570008933544
0, 377, 883, 21, 11, 0.003740368876606226
0, 313, 255, 56, 51, 0.003674448002129793
0, 408, 734, 39, 34, 0.0035412698052823544
0, 323, 142, 47, 47, 0.0032905780244618654
0, 328, 868, 42, 29, 0.0031850412487983704
0, 217, 799, 52, 50, 0.0030867529567331076
0, 345, 576, 48, 43, 0.003040284151211381
0, 264, 876, 11, 14, 0.0030198625754565
0, 411, 795, 27, 22, 0.0030148245859891176
0, 316, 470, 17, 25, 0.0028331694193184376
0, 294, 271, 17, 19, 0.0027232118882238865
0, 381, 865, 34, 32, 0.002654429990798235
0, 326, 244, 73, 43, 0.0026115914806723595
0, 168, 821, 36, 28, 0.0025892930570989847
0, 229, 850, 97, 52, 0.002572103403508663
0, 116, 731, 50, 34, 0.0025565128307789564
0, 410, 577, 14, 17, 0.002510037738829851
0, 202, 875, 36, 26, 0.00247314665466547
0, 342, 224, 36, 30, 0.0024411133490502834
0, 451, 695, 20, 34, 0.002333668991923332
0, 156, 783, 179, 150, 0.002295201178640127
0, 239, 411, 360, 376, 0.002261658664792776
0, 370, 885, 11, 10, 0.002204882213845849
0, 312, 202, 16, 10, 0.002121811965480447
0, 153, 797, 70, 59, 0.0020916257053613663
0, 371, 842, 21, 15, 0.002067034365609288
0, 347, 836, 70, 48, 0.002021167194470763
0, 370, 860, 28, 27, 0.0020084010902792215
0, 380, 584, 38, 22, 0.0020009693689644337
0, 344, 509, 72, 105, 0.0019808204378932714
0, 316, 482, 12, 22, 0.001976537751033902
0, 426, 626, 52, 56, 0.0019688254687935114
0, 236, 820, 151, 98, 0.0018350230529904366
0, 266, 883, 10, 6, 0.0018120402237400413
0, 340, 848, 37, 46, 0.001795730204321444
0, 391, 456, 48, 68, 0.0017785759409889579
0, 405, 562, 20, 29, 0.00172938231844455
0, 423, 602, 56, 56, 0.001700322492979467
0, 407, 616, 34, 27, 0.0015675588510930538
0, 447, 684, 26, 33, 0.0015454310923814774
0, 445, 737, 29, 34, 0.0014794250018894672
0, 395, 598, 107, 76, 0.001467904425226152
0, 337, 196, 10, 12, 0.0013394640991464257
0, 305, 294, 39, 46, 0.0013389578089118004
0, 353, 233, 44, 41, 0.0012341953115537763
0, 396, 640, 12, 28, 0.0011953299399465322
0, 421, 579, 48, 67, 0.0011747428216040134
0, 423, 779, 69, 116, 0.0010736273834481835
0, 394, 857, 21, 29, 0.0010404245695099235
0, 362, 834, 35, 40, 0.001037526410073042
0, 445, 671, 28, 36, 0.0010333842365071177
0, 234, 804, 80, 74, 0.0009507146314717829
0, 306, 130, 17, 14, 0.0009222556836903095
0, 417, 746, 60, 65, 0.000811994366813451
0, 314, 174, 18, 11, 0.0007521555526182055
0, 435, 706, 108, 194, 0.000732703716494143
0, 376, 431, 38, 46, 0.0007216817466542125
0, 430, 800, 31, 35, 0.0006411364884115756
0, 369, 824, 34, 43, 0.000634718919172883
0, 334, 527, 46, 78, 0.0006272493628785014
0, 343, 210, 32, 43, 0.0006195369060151279
0, 189, 772, 87, 74, 0.0005968632758595049
0, 309, 816, 72, 70, 0.0005797130870632827
0, 380, 355, 28, 48, 0.000553627556655556
0, 107, 772, 56, 51, 0.0005461390246637166
0, 442, 264, 347, 524, 0.000540748646017164
0, 257, 893, 26, 14, 0.000532856211066246
0, 383, 672, 21, 18, 0.0005186788039281964
0, 368, 613, 14, 9, 0.0005087982281111181
0, 299, 837, 166, 115, 0.0005083042779006064
0, 376, 637, 45, 32, 0.0005004014237783849
0, 229, 889, 29, 21, 0.0004668289329856634
0, 241, 882, 47, 18, 0.0004546304699033499
0, 409, 604, 43, 35, 0.0004513104213401675
0, 414, 542, 34, 40, 0.0004477062029764056
0, 399, 508, 80, 92, 0.0004409066750667989
0, 540, 877, 151, 311, 0.00042990295332856476
0, 167, 812, 48, 48, 0.00042859395034611225
0, 279, 889, 32, 16, 0.0003944861236959696
0, 349, 865, 51, 40, 0.0003925848286598921
0, 223, 784, 93, 87, 0.00037767644971609116
0, 130, 722, 72, 51, 0.0003720615932252258
0, 364, 243, 36, 52, 0.00037023230106569827
0, 190, 868, 39, 19, 0.0003654561878647655
0, 379, 815, 9, 23, 0.00035109499003738165
0, 402, 857, 42, 30, 0.00034595944453030825
0, 359, 653, 46, 52, 0.0003426509501878172
0, 377, 617, 30, 19, 0.000336332741426304
0, 422, 621, 76, 102, 0.00033530345535837114
0, 3, 767, 7, 109, 0.0003350657061673701
0, 362, 589, 58, 30, 0.000328506255755201
0, 400, 781, 19, 21, 0.00032849752460606396
0, 351, 891, 23, 16, 0.0003249422588851303
0, 247, 875, 46, 19, 0.000318401784170419
0, 174, 741, 112, 81, 0.0003162471984978765
0, 472, 823, 286, 414, 0.0002943811996374279
0, 305, 887, 75, 21, 0.0002926984161604196
0, 241, 793, 334, 171, 0.00028403307078406215
0, 3, 727, 7, 110, 0.00027492240769788623
0, 321, 209, 38, 30, 0.00027096777921542525
0, 178, 834, 44, 34, 0.0002679690660443157
0, 406, 813, 31, 22, 0.00026287315995432436
0, 337, 192, 15, 23, 0.00025078526232391596
0, 339, 889, 47, 19, 0.00024271993606816977
0, 609, 1015, 12, 34, 0.00024103415489662439
0, 366, 637, 32, 25, 0.00023770735424477607
0, 327, 1000, 156, 64, 0.00023007678100839257
0, 327, 549, 28, 42, 0.00022337099653668702
0, 11, 822, 23, 253, 0.00021425637532956898
0, 268, 799, 54, 62, 0.00020979464170522988
