0, 346, 239, 127, 106, 0.615079939365387
0, 274, 487, 79, 132, 0.5988000631332397
0, 141, 423, 79, 114, 0.5934958457946777
0, 128, 502, 60, 49, 0.42551150918006897
0, 227, 575, 37, 38, 0.21198882162570953
0, 183, 328, 59, 73, 0.16443991661071777
0, 411, 153, 102, 61, 0.15327061712741852
0, 532, 235, 48, 41, 0.1527375727891922
0, 594, 195, 106, 81, 0.15257634222507477
0, 617, 184, 61, 44, 0.13729192316532135
0, 112, 478, 20, 18, 0.12426530569791794
0, 537, 279, 52, 34, 0.12029876559972763
0, 594, 222, 38, 32, 0.0970318466424942
0, 284, 524, 41, 56, 0.07970338314771652
0, 571, 195, 31, 32, 0.06882336735725403
0, 194, 384, 29, 18, 0.06634320318698883
0, 138, 437, 66, 68, 0.06510209292173386
0, 183, 340, 54, 39, 0.060089047998189926
0, 552, 269, 18, 12, 0.05614631995558739
0, 418, 213, 52, 43, 0.04710761830210686
0, 274, 453, 55, 59, 0.046546194702386856
0, 203, 575, 104, 100, 0.04398050159215927
0, 164, 621, 20, 20, 0.0421534888446331
0, 393, 150, 58, 46, 0.04182478040456772
0, 566, 199, 46, 48, 0.03690487891435623
0, 706, 766, 8, 19, 0.03279932960867882
0, 530, 282, 31, 27, 0.03236181288957596
0, 110, 582, 28, 41, 0.03138488158583641
0, 623, 765, 12, 11, 0.03104906901717186
0, 227, 565, 48, 64, 0.029481494799256325
0, 475, 212, 37, 41, 0.02939779870212078
0, 196, 598, 11, 25, 0.029185114428400993
0, 291, 512, 24, 27, 0.028696337714791298
0, 266, 501, 40, 31, 0.028674336150288582
0, 128, 443, 41, 37, 0.026640793308615685
0, 271, 484, 58, 80, 0.025789320468902588
0, 184, 584, 16, 12, 0.025538617745041847
0, 181, 591, 27, 29, 0.023616189137101173
0, 125, 607, 26, 26, 0.023302003741264343
0, 64, 674, 21, 30, 0.022871065884828568
0, 119, 590, 47, 61, 0.021788598969578743
0, 552, 177, 18, 20, 0.021718380972743034
0, 698, 528, 10, 7, 0.02120448835194111
0, 115, 543, 19, 15, 0.020936865359544754
0, 240, 415, 15, 9, 0.020820358768105507
0, 191, 594, 23, 35, 0.019389761611819267
0, 225, 255, 31, 24, 0.018613368272781372
0, 475, 251, 12, 10, 0.018368013203144073
0, 214, 598, 20, 25, 0.01835913397371769
0, 443, 335, 30, 18, 0.018046418204903603
0, 257, 519, 18, 11, 0.01800619065761566
0, 154, 404, 47, 67, 0.017573310062289238
0, 220, 299, 30, 31, 0.017337782308459282
0, 249, 242, 15, 20, 0.017213890329003334
0, 554, 188, 59, 44, 0.017204729840159416
0, 281, 538, 36, 27, 0.01694045588374138
0, 501, 143, 20, 22, 0.016925018280744553
0, 259, 448, 20, 23, 0.01576819084584713
0, 521, 186, 16, 12, 0.014993233606219292
0, 505, 236, 27, 19, 0.014830010943114758
0, 183, 402, 27, 17, 0.014759792014956474
0, 222, 279, 15, 13, 0.014608481898903847
0, 501, 148, 18, 11, 0.014036709442734718
0, 134, 455, 51, 34, 0.01350098755210638
0, 275, 511, 60, 58, 0.012898847460746765
0, 254, 424, 15, 13, 0.012802060693502426
0, 153, 597, 19, 23, 0.01253166701644659
0, 524, 264, 10, 8, 0.012246286496520042
0, 144, 492, 24, 26, 0.011682356707751751
0, 185, 534, 13, 22, 0.011632571928203106
0, 230, 426, 24, 18, 0.011553247459232807
0, 138, 575, 15, 21, 0.011531888507306576
0, 468, 250, 20, 13, 0.011379076167941093
0, 222, 493, 16, 25, 0.010696366429328918
0, 170, 558, 19, 18, 0.010689239017665386
0, 229, 433, 31, 37, 0.010549747385084629
0, 472, 205, 27, 24, 0.010444633662700653
0, 499, 230, 20, 15, 0.010422487743198872
0, 228, 248, 43, 36, 0.01034295093268156
0, 105, 570, 17, 15, 0.010292449034750462
0, 330, 250, 72, 73, 0.01010087039321661
0, 476, 226, 32, 14, 0.010020270943641663
0, 395, 153, 39, 31, 0.009831721894443035
0, 517, 230, 61, 41, 0.009469499811530113
0, 266, 446, 35, 34, 0.009446158073842525
0, 638, 649, 19, 9, 0.009336394257843494
0, 458, 555, 13, 12, 0.009050127118825912
0, 196, 471, 22, 14, 0.008991200476884842
0, 629, 182, 33, 39, 0.008960157632827759
0, 127, 512, 54, 25, 0.008838478475809097
0, 507, 225, 105, 69, 0.008812041953206062
0, 269, 235, 20, 32, 0.00875602662563324
0, 242, 511, 12, 16, 0.008740033023059368
0, 144, 486, 20, 15, 0.008587843738496304
0, 131, 630, 23, 17, 0.008565357886254787
0, 505, 206, 8, 14, 0.008399753831326962
0, 600, 177, 23, 26, 0.008362699300050735
0, 182, 309, 25, 29, 0.008202563971281052
0, 614, 159, 21, 16, 0.00818584207445383
0, 262, 572, 15, 10, 0.008017442189157009
0, 184, 384, 57, 25, 0.007535924203693867
0, 509, 239, 20, 11, 0.007481671404093504
0, 127, 617, 31, 44, 0.006984623149037361
0, 136, 547, 10, 9, 0.0069543346762657166
0, 233, 423, 31, 30, 0.006689355242997408
0, 538, 184, 52, 37, 0.006602404173463583
0, 387, 168, 48, 34, 0.00636474322527647
0, 499, 229, 53, 39, 0.006362609099596739
0, 532, 258, 34, 20, 0.0063465312123298645
0, 380, 173, 29, 22, 0.0062837922014296055
0, 130, 560, 9, 9, 0.006255542393773794
0, 385, 238, 44, 50, 0.0061699338257312775
0, 203, 288, 13, 11, 0.006029314361512661
0, 176, 357, 35, 19, 0.0060149007476866245
0, 456, 357, 21, 11, 0.005784394219517708
0, 133, 611, 51, 56, 0.005656238179653883
0, 277, 464, 44, 36, 0.0056008584797382355
0, 446, 343, 39, 36, 0.005577306263148785
0, 179, 548, 37, 40, 0.005485095549374819
0, 467, 225, 20, 13, 0.0054341391660273075
0, 287, 461, 25, 29, 0.005306023173034191
0, 263, 482, 17, 15, 0.005276243668049574
0, 162, 541, 6, 7, 0.005213815253227949
0, 431, 526, 24, 26, 0.005176507402211428
0, 598, 173, 16, 18, 0.005141476634889841
0, 727, 471, 9, 8, 0.005036529153585434
0, 224, 392, 8, 14, 0.0050260815769433975
0, 180, 495, 10, 13, 0.004940518643707037
0, 193, 551, 17, 13, 0.004920336417853832
0, 309, 256, 55, 51, 0.004833193030208349
0, 98, 487, 14, 12, 0.004824609030038118
0, 539, 223, 27, 14, 0.004788947757333517
0, 105, 486, 29, 14, 0.004785362631082535
0, 706, 539, 10, 8, 0.004619013983756304
0, 350, 758, 11, 20, 0.004577200394123793
0, 176, 391, 61, 40, 0.004418245982378721
0, 506, 237, 38, 37, 0.004358833655714989
0, 188, 575, 62, 73, 0.004313137382268906
0, 542, 246, 25, 17, 0.0042507643811404705
0, 261, 235, 41, 38, 0.0042274342849850655
0, 165, 353, 19, 18, 0.004191211890429258
0, 474, 243, 16, 16, 0.004114428535103798
0, 193, 343, 32, 31, 0.004081460647284985
0, 108, 481, 31, 26, 0.003932016436010599
0, 246, 246, 21, 28, 0.0038418739568442106
0, 590, 189, 73, 53, 0.003807989414781332
0, 523, 255, 78, 84, 0.0037344670854508877
0, 274, 339, 8, 7, 0.0036844657734036446
0, 312, 261, 29, 27, 0.0036615943536162376
0, 183, 599, 54, 54, 0.0036354479379951954
0, 431, 146, 59, 38, 0.003349665552377701
0, 490, 211, 11, 23, 0.0033376174978911877
0, 180, 574, 26, 26, 0.0033041085116565228
0, 204, 565, 10, 10, 0.0032948972657322884
0, 257, 575, 25, 18, 0.0032752498518675566
0, 222, 264, 28, 42, 0.0032398661132901907
0, 277, 433, 13, 18, 0.0031589095015078783
0, 504, 134, 20, 14, 0.0031349684577435255
0, 703, 766, 17, 20, 0.0030854386277496815
0, 164, 378, 16, 13, 0.0030791263561695814
0, 147, 458, 25, 23, 0.003032450331375003
0, 227, 546, 27, 24, 0.0030225971713662148
0, 536, 251, 30, 21, 0.0030171531252563
0, 725, 638, 14, 9, 0.0029930821619927883
0, 460, 317, 28, 13, 0.002982939360663295
0, 508, 173, 12, 11, 0.0029668062925338745
0, 301, 240, 16, 15, 0.002951748203486204
0, 336, 278, 20, 16, 0.002879659179598093
0, 249, 512, 24, 20, 0.002834889106452465
0, 292, 250, 72, 70, 0.0027554112020879984
0, 157, 385, 32, 29, 0.002717756200581789
0, 322, 266, 52, 42, 0.0027160458266735077
0, 166, 587, 67, 61, 0.002644921187311411
0, 123, 469, 44, 41, 0.0026173770893365145
0, 570, 203, 162, 107, 0.0026033115573227406
0, 652, 648, 49, 13, 0.0025995750911533833
0, 221, 541, 16, 15, 0.0025915573351085186
0, 607, 208, 72, 66, 0.0025915498845279217
0, 473, 246, 31, 24, 0.0025833307299762964
0, 353, 253, 73, 62, 0.0025341096334159374
0, 141, 591, 33, 39, 0.002472251420840621
0, 499, 401, 13, 11, 0.0024184645153582096
0, 619, 767, 22, 18, 0.002305466216057539
0, 295, 325, 14, 11, 0.002200737129896879
0, 273, 248, 31, 64, 0.002189455321058631
0, 386, 224, 26, 20, 0.0021604637149721384
0, 172, 553, 26, 28, 0.0020873602479696274
0, 274, 319, 9, 9, 0.002043783897534013
0, 583, 159, 9, 8, 0.0020044271368533373
0, 296, 492, 11, 15, 0.001951128477230668
0, 434, 201, 18, 14, 0.0019118294585496187
0, 529, 601, 271, 180, 0.0018894324311986566
0, 514, 212, 7, 11, 0.0018838096875697374
0, 731, 387, 63, 151, 0.0018723950488492846
0, 153, 426, 47, 35, 0.0018702327506616712
0, 443, 709, 126, 86, 0.00181039038579911
0, 319, 224, 23, 26, 0.0018091421807184815
0, 718, 639, 21, 9, 0.0017968358006328344
0, 665, 647, 24, 11, 0.0017556487582623959
0, 215, 454, 11, 11, 0.0017480469541624188
0, 292, 219, 13, 16, 0.0017290200339630246
0, 163, 420, 27, 28, 0.001718215411528945
0, 202, 562, 20, 19, 0.0017156434478238225
0, 221, 593, 38, 39, 0.0016908241668716073
0, 332, 240, 33, 35, 0.0016726719914004207
0, 170, 406, 55, 29, 0.0016552606830373406
0, 371, 230, 69, 72, 0.0016262487042695284
0, 284, 444, 29, 39, 0.0016102760564535856
0, 718, 463, 9, 9, 0.001603365526534617
0, 459, 209, 59, 43, 0.001454492099583149
0, 306, 228, 42, 41, 0.001383694470860064
0, 296, 241, 33, 57, 0.0013794525293633342
0, 256, 525, 31, 29, 0.001379090012051165
0, 291, 268, 18, 26, 0.001378533779643476
0, 624, 761, 15, 23, 0.001375338644720614
0, 729, 695, 11, 9, 0.0013417208101600409
0, 233, 391, 26, 16, 0.0013305777683854103
0, 384, 765, 10, 13, 0.0013061614008620381
0, 246, 579, 48, 30, 0.0012998513411730528
0, 362, 267, 47, 32, 0.0012834899825975299
0, 150, 529, 10, 6, 0.0012816673843190074
0, 260, 495, 50, 54, 0.0012750693131238222
0, 383, 230, 124, 92, 0.0012674442259594798
0, 342, 242, 37, 46, 0.0012459945864975452
0, 404, 207, 67, 36, 0.001233561779372394
0, 277, 577, 9, 8, 0.0012286975979804993
0, 398, 252, 17, 25, 0.0012022576993331313
0, 122, 546, 40, 23, 0.0011881606187671423
0, 376, 254, 62, 50, 0.0011651258682832122
0, 706, 472, 12, 9, 0.0011559134582057595
0, 177, 618, 48, 31, 0.0011425050906836987
0, 733, 638, 25, 10, 0.0011418239446356893
0, 711, 639, 14, 9, 0.0011255654972046614
0, 685, 725, 15, 17, 0.0011081715347245336
0, 209, 301, 39, 30, 0.0010887805838137865
0, 118, 423, 17, 17, 0.0010441909544169903
0, 369, 273, 35, 23, 0.0010374863632023335
0, 294, 229, 18, 36, 0.0010371404932811856
0, 343, 214, 71, 44, 0.001023637130856514
0, 507, 483, 15, 10, 0.0010222040582448244
0, 416, 137, 16, 20, 0.0010216385126113892
0, 519, 183, 21, 20, 0.0010151099413633347
0, 505, 485, 21, 15, 0.00101018778514117
0, 480, 774, 21, 7, 0.0009860261343419552
0, 190, 546, 31, 45, 0.000980494311079383
0, 693, 497, 10, 8, 0.0009769184980541468
0, 608, 165, 34, 26, 0.0009574216092005372
0, 495, 259, 10, 7, 0.0009560324251651764
0, 535, 217, 39, 27, 0.0009518752340227365
0, 669, 647, 41, 14, 0.000941850186791271
0, 660, 635, 72, 54, 0.0009128784877248108
0, 385, 253, 42, 32, 0.0009080250165425241
0, 329, 222, 37, 24, 0.0008989644702523947
0, 221, 550, 28, 33, 0.0008985157473944128
0, 264, 431, 43, 30, 0.0008984618471004069
0, 437, 211, 55, 41, 0.0008916512015275657
0, 724, 468, 18, 18, 0.0008914056234061718
0, 240, 552, 30, 36, 0.0008774172747507691
0, 132, 566, 27, 43, 0.0008736789459362626
0, 623, 138, 279, 277, 0.0008713652496226132
0, 164, 610, 33, 45, 0.000871291384100914
0, 692, 602, 141, 136, 0.0008701119804754853
0, 228, 390, 42, 22, 0.0008685716893523932
0, 241, 439, 63, 44, 0.0008476153598167002
0, 340, 230, 33, 38, 0.0008325763628818095
0, 709, 694, 10, 8, 0.0008065653964877129
0, 326, 222, 74, 42, 0.0008059092797338963
0, 260, 535, 40, 29, 0.0008017905638553202
0, 509, 527, 46, 59, 0.0007949016289785504
0, 377, 701, 11, 10, 0.0007869937107898295
0, 428, 196, 23, 20, 0.000770070415455848
0, 523, 212, 28, 15, 0.0007602941477671266
0, 612, 767, 56, 20, 0.0007548184366896749
0, 442, 153, 31, 23, 0.0007486832910217345
0, 374, 271, 31, 15, 0.0007465972448699176
0, 464, 484, 9, 7, 0.0007232304778881371
0, 555, 169, 189, 137, 0.000717529037501663
0, 238, 388, 19, 10, 0.000713268993422389
0, 250, 564, 45, 39, 0.000700542819686234
0, 474, 716, 66, 64, 0.0006984782521612942
0, 243, 239, 75, 57, 0.0006894347607158124
0, 387, 308, 8, 7, 0.000686023966409266
0, 689, 645, 20, 12, 0.0006825578748248518
0, 704, 535, 18, 17, 0.0006752106710337102
0, 366, 359, 13, 10, 0.0006746876752004027
0, 291, 273, 14, 14, 0.0006745401187799871
0, 213, 281, 36, 28, 0.0006554782739840448
0, 408, 481, 9, 10, 0.0006521253380924463
0, 380, 197, 13, 13, 0.0006513663101941347
0, 605, 169, 57, 46, 0.0006479102885350585
0, 617, 680, 71, 60, 0.0006461367593146861
0, 500, 544, 20, 24, 0.000644929998088628
0, 468, 770, 39, 14, 0.0006351092015393078
0, 397, 410, 16, 16, 0.0006293776095844805
0, 543, 261, 43, 36, 0.0006271674646995962
0, 630, 375, 265, 404, 0.0006231385632418096
0, 263, 746, 10, 14, 0.0006224761018529534
0, 727, 449, 70, 270, 0.0006224398966878653
0, 302, 347, 9, 7, 0.0006211527506820858
0, 116, 565, 26, 28, 0.0006110242684371769
