0, 525, 425, 59, 27, 0.3767912685871124
0, 568, 480, 24, 13, 0.29385191202163696
0, 266, 268, 56, 29, 0.25889867544174194
0, 538, 424, 30, 19, 0.1569792777299881
0, 556, 612, 117, 115, 0.12423883378505707
0, 307, 268, 17, 14, 0.10045409202575684
0, 526, 577, 37, 48, 0.09597016870975494
0, 565, 479, 35, 19, 0.07598543912172318
0, 533, 562, 21, 17, 0.06844381988048553
0, 615, 695, 19, 19, 0.06706619262695312
0, 526, 564, 33, 25, 0.06662945449352264
0, 526, 589, 27, 23, 0.06471768021583557
0, 586, 639, 36, 36, 0.0534697063267231
0, 591, 619, 18, 14, 0.05214511975646019
0, 518, 650, 19, 22, 0.049825526773929596
0, 586, 584, 21, 16, 0.04516039416193962
0, 482, 477, 33, 40, 0.044299375265836716
0, 252, 264, 30, 16, 0.04267384111881256
0, 365, 356, 14, 11, 0.04014071449637413
0, 577, 639, 57, 51, 0.03760984539985657
0, 542, 533, 21, 19, 0.035139236599206924
0, 577, 551, 14, 12, 0.034579306840896606
0, 517, 526, 17, 21, 0.03409459814429283
0, 562, 652, 28, 30, 0.03325195237994194
0, 523, 646, 32, 30, 0.032849982380867004
0, 300, 269, 30, 23, 0.032160911709070206
0, 544, 534, 27, 32, 0.030112018808722496
0, 501, 494, 85, 88, 0.03004949726164341
0, 546, 580, 98, 66, 0.02914913184940815
0, 518, 523, 126, 154, 0.028882594779133797
0, 554, 648, 30, 28, 0.027873506769537926
0, 527, 679, 22, 24, 0.027781927958130836
0, 517, 570, 58, 65, 0.02765652723610401
0, 513, 612, 15, 17, 0.026642845943570137
0, 474, 456, 16, 10, 0.024745123460888863
0, 586, 687, 25, 17, 0.02449101023375988
0, 580, 615, 39, 23, 0.024197563529014587
0, 534, 579, 136, 174, 0.023991495370864868
0, 485, 490, 28, 40, 0.021917494013905525
0, 502, 501, 20, 22, 0.021904516965150833
0, 381, 272, 19, 11, 0.021763013675808907
0, 538, 647, 63, 42, 0.021640781313180923
0, 510, 508, 41, 60, 0.021123990416526794
0, 565, 660, 21, 16, 0.02025419846177101
0, 543, 519, 27, 45, 0.02019648440182209
0, 489, 480, 60, 61, 0.01939825713634491
0, 526, 488, 15, 26, 0.01936691626906395
0, 509, 501, 32, 27, 0.01875186152756214
0, 559, 596, 35, 27, 0.017963744699954987
0, 538, 473, 18, 17, 0.017679136246442795
0, 521, 594, 40, 52, 0.017065109685063362
0, 581, 591, 43, 42, 0.015791036188602448
0, 564, 602, 23, 17, 0.015351877547800541
0, 542, 496, 16, 19, 0.014913619495928288
0, 523, 612, 31, 19, 0.014735078439116478
0, 486, 512, 23, 29, 0.014723493717610836
0, 552, 606, 39, 39, 0.01446973904967308
0, 541, 633, 82, 87, 0.014464796520769596
0, 524, 496, 16, 23, 0.014455819502472878
0, 524, 477, 32, 33, 0.014216163195669651
0, 505, 603, 17, 20, 0.013964014127850533
0, 537, 593, 58, 44, 0.013460947200655937
0, 488, 520, 21, 21, 0.01335239689797163
0, 514, 471, 16, 21, 0.013172334991395473
0, 540, 517, 88, 80, 0.013158036395907402
0, 614, 651, 19, 14, 0.012698336504399776
0, 395, 497, 11, 9, 0.012560701929032803
0, 471, 457, 23, 23, 0.01252826303243637
0, 512, 462, 16, 19, 0.012178421951830387
0, 523, 463, 22, 15, 0.011546459048986435
0, 498, 550, 21, 22, 0.011386174708604813
0, 547, 484, 45, 38, 0.011107773520052433
0, 493, 463, 17, 17, 0.01095031388103962
0, 511, 630, 16, 13, 0.010079295374453068
0, 504, 559, 35, 29, 0.009893400594592094
0, 510, 610, 27, 28, 0.009821036830544472
0, 526, 670, 27, 24, 0.009644126519560814
0, 472, 449, 23, 21, 0.009500567801296711
0, 570, 609, 37, 29, 0.00915560033172369
0, 572, 524, 14, 9, 0.008460714481770992
0, 522, 661, 27, 31, 0.007838837802410126
0, 526, 681, 32, 39, 0.00780136976391077
0, 569, 677, 14, 11, 0.007140260189771652
0, 547, 491, 25, 31, 0.006808514706790447
0, 553, 530, 50, 40, 0.006662982981652021
0, 591, 718, 22, 19, 0.006607134360820055
0, 504, 522, 44, 57, 0.006386015098541975
0, 276, 259, 81, 45, 0.00625721737742424
0, 470, 438, 22, 20, 0.005778788588941097
0, 489, 531, 19, 21, 0.005616935435682535
0, 495, 558, 22, 20, 0.005093234125524759
0, 130, 68, 15, 34, 0.004844094626605511
0, 322, 311, 126, 98, 0.004555140621960163
0, 591, 663, 20, 15, 0.0044716354459524155
0, 427, 312, 60, 70, 0.004468861501663923
0, 597, 708, 36, 44, 0.0043563758954405785
0, 199, 268, 15, 14, 0.003992315847426653
0, 482, 453, 43, 37, 0.003975055646151304
0, 497, 445, 18, 13, 0.003837961470708251
0, 572, 538, 20, 32, 0.0038014031015336514
0, 578, 575, 37, 49, 0.0036320642102509737
0, 616, 694, 29, 27, 0.003570897737517953
0, 566, 490, 29, 32, 0.0035114483907818794
0, 568, 508, 11, 9, 0.0034997116308659315
0, 176, 262, 19, 13, 0.003467830363661051
0, 398, 338, 14, 11, 0.0032502259127795696
0, 309, 341, 32, 38, 0.0031585099641233683
0, 527, 697, 21, 27, 0.0031552386935800314
0, 578, 565, 27, 40, 0.0031386869959533215
0, 508, 626, 22, 25, 0.003043349599465728
0, 449, 670, 12, 12, 0.0030408913735300303
0, 562, 546, 41, 25, 0.0030262318905442953
0, 303, 329, 25, 17, 0.0029519672971218824
0, 129, 95, 13, 18, 0.0028759853448718786
0, 364, 354, 17, 20, 0.0028566005639731884
0, 604, 643, 39, 43, 0.0026474129408597946
0, 190, 267, 34, 17, 0.0026397050824016333
0, 365, 523, 13, 9, 0.002636371646076441
0, 509, 395, 19, 21, 0.0024992467369884253
0, 591, 690, 34, 29, 0.002449934370815754
0, 592, 719, 36, 32, 0.0023480509407818317
0, 71, 47, 133, 93, 0.002237756038084626
0, 131, 77, 20, 59, 0.0022023869678378105
0, 315, 351, 23, 20, 0.0021982714533805847
0, 410, 319, 21, 17, 0.0020550722256302834
0, 533, 468, 30, 23, 0.0020142069552093744
0, 552, 670, 49, 40, 0.0020105831790715456
0, 456, 380, 29, 23, 0.0019989972934126854
0, 248, 351, 76, 87, 0.0019870384130626917
0, 393, 313, 126, 98, 0.0019383063772693276
0, 42, 569, 77, 69, 0.0019225432770326734
0, 437, 304, 28, 28, 0.0018630179110914469
0, 131, 92, 17, 40, 0.0017560875276103616
0, 476, 424, 15, 15, 0.0017472641775384545
0, 504, 394, 17, 17, 0.001738770748488605
0, 344, 268, 24, 16, 0.0017222563037648797
0, 273, 250, 51, 34, 0.0016779069555923343
0, 165, 260, 46, 24, 0.0016778231365606189
0, 204, 292, 10, 8, 0.0016703518340364099
0, 302, 318, 44, 47, 0.0016588364960625768
0, 578, 684, 38, 28, 0.001651506987400353
0, 317, 337, 53, 53, 0.0016130382427945733
0, 347, 311, 229, 109, 0.0016031990526244044
0, 579, 617, 54, 57, 0.0015644305385649204
0, 560, 474, 45, 41, 0.0015447336481884122
0, 164, 240, 82, 76, 0.0015029322821646929
0, 345, 321, 61, 64, 0.0014956047525629401
0, 405, 309, 78, 56, 0.0014776854077354074
0, 303, 308, 24, 25, 0.0014733675634488463
0, 182, 320, 59, 60, 0.0014612323138862848
0, 306, 283, 18, 19, 0.0014470856403931975
0, 598, 700, 58, 52, 0.0014303296338766813
0, 480, 438, 39, 36, 0.0014217467978596687
0, 557, 664, 141, 128, 0.001419686246663332
0, 165, 278, 10, 10, 0.0014185706386342645
0, 435, 310, 39, 49, 0.0014120794367045164
0, 189, 254, 29, 27, 0.0013658179668709636
0, 594, 655, 34, 31, 0.001354897627606988
0, 290, 311, 44, 45, 0.0013321996666491032
0, 181, 1007, 57, 54, 0.0012839179253205657
0, 187, 371, 11, 10, 0.001260193414054811
0, 612, 657, 20, 27, 0.001224570907652378
0, 332, 328, 16, 17, 0.001212742063216865
0, 356, 311, 50, 51, 0.001210613176226616
0, 570, 692, 117, 80, 0.001194125972688198
0, 549, 686, 39, 30, 0.0011796964099630713
0, 570, 515, 19, 23, 0.0011780199129134417
0, 428, 301, 29, 33, 0.001174106844700873
0, 502, 758, 10, 9, 0.0011738474713638425
0, 323, 310, 44, 44, 0.001160163781605661
0, 177, 1016, 38, 36, 0.001156091340817511
0, 133, 106, 14, 27, 0.0011356523027643561
0, 185, 226, 17, 20, 0.0011246133362874389
0, 527, 411, 56, 57, 0.0011067537125200033
0, 409, 323, 40, 41, 0.0011065618600696325
0, 415, 354, 25, 22, 0.0011010236339643598
0, 142, 90, 284, 181, 0.0010955125326290727
0, 362, 348, 27, 36, 0.0010934548918157816
0, 111, 51, 90, 98, 0.0010681113926693797
0, 379, 310, 73, 60, 0.0010610567405819893
0, 187, 233, 29, 38, 0.0010570945451036096
0, 161, 257, 32, 16, 0.001050467835739255
0, 369, 294, 14, 17, 0.001040444360114634
0, 271, 502, 12, 12, 0.0010230683255940676
0, 343, 295, 81, 73, 0.0009553750278428197
0, 413, 304, 41, 51, 0.0009380811243318021
0, 403, 318, 31, 25, 0.0009296470670960844
0, 313, 357, 41, 58, 0.000928642344661057
0, 906, 26, 1, 52, 0.0009117819718085229
0, 581, 553, 25, 21, 0.0009112859843298793
0, 489, 326, 19, 16, 0.0008855111664161086
0, 367, 304, 28, 32, 0.0008814293541945517
0, 386, 418, 100, 90, 0.0008612510282546282
0, 319, 369, 25, 26, 0.0008607808849774301
0, 436, 680, 13, 9, 0.0008548272307962179
0, 331, 306, 29, 25, 0.0008475035429000854
0, 440, 296, 25, 33, 0.000829364696983248
0, 119, 330, 13, 10, 0.0008187289931811392
0, 340, 273, 37, 25, 0.0008100190898403525
0, 304, 379, 21, 16, 0.0008099566330201924
0, 289, 448, 13, 11, 0.0008042943081818521
0, 327, 368, 24, 20, 0.0007916318718343973
0, 358, 316, 30, 25, 0.0007847908418625593
0, 405, 343, 33, 30, 0.0007794362609274685
0, 314, 375, 24, 21, 0.0007780033047311008
0, 593, 533, 16, 15, 0.0007721753790974617
0, 295, 381, 18, 14, 0.0007251725764945149
0, 452, 370, 37, 50, 0.0007215263321995735
0, 69, 578, 23, 26, 0.0007169193122535944
0, 247, 284, 21, 23, 0.0007072984590195119
0, 470, 669, 13, 10, 0.0006947025540284812
0, 375, 442, 184, 161, 0.0006884253234602511
0, 283, 304, 38, 26, 0.0006860056892037392
0, 94, 87, 25, 23, 0.0006707652937620878
0, 335, 301, 49, 41, 0.0006694700568914413
0, 96, 66, 61, 58, 0.0006685299449600279
0, 447, 383, 31, 28, 0.000660800957120955
0, 299, 265, 54, 44, 0.0006550829857587814
0, 321, 370, 54, 37, 0.0006531958351843059
0, 423, 349, 47, 37, 0.0006513160187751055
0, 307, 930, 14, 17, 0.000634899188298732
0, 98, 96, 18, 17, 0.0006313216872513294
0, 205, 341, 15, 18, 0.000629710266366601
0, 330, 342, 268, 210, 0.0006265508709475398
0, 54, 587, 33, 24, 0.0006249576690606773
0, 123, 120, 14, 14, 0.0006056273123249412
0, 181, 218, 21, 25, 0.0005975907552056015
0, 0, 12, 1, 24, 0.000595110934227705
0, 350, 335, 31, 47, 0.0005852754693478346
0, 153, 185, 81, 89, 0.0005713091813959181
0, 289, 275, 50, 41, 0.0005681498441845179
0, 122, 538, 19, 19, 0.0005651444662362337
0, 163, 414, 89, 87, 0.0005645138444378972
0, 138, 108, 27, 40, 0.0005608951905742288
0, 156, 216, 86, 91, 0.0005560931167565286
0, 48, 33, 84, 66, 0.0005462613771669567
0, 463, 358, 19, 21, 0.000543955247849226
0, 72, 72, 18, 15, 0.0005405577248893678
0, 483, 424, 15, 14, 0.0005233510164543986
0, 85, 52, 53, 48, 0.0005215694545768201
0, 355, 355, 32, 21, 0.0005214493721723557
0, 153, 161, 19, 19, 0.0005204257322475314
0, 82, 69, 47, 45, 0.0005117579130455852
0, 89, 84, 19, 15, 0.0005026815924793482
0, 164, 312, 97, 90, 0.0004989703884348273
0, 216, 488, 12, 12, 0.0004937781486660242
0, 178, 275, 39, 24, 0.0004929786664433777
0, 360, 297, 35, 34, 0.00048661776236258447
0, 112, 548, 25, 26, 0.00047061327495612204
0, 286, 286, 103, 61, 0.0004703747108578682
0, 470, 446, 22, 53, 0.00046917505096644163
0, 192, 203, 20, 24, 0.000466599827632308
0, 176, 201, 31, 43, 0.0004561567329801619
0, 269, 303, 21, 18, 0.00044403717038221657
0, 294, 336, 76, 71, 0.0004408452950883657
0, 160, 164, 31, 36, 0.0004378358134999871
0, 115, 59, 201, 118, 0.0004367555375210941
0, 162, 176, 28, 34, 0.00043306429870426655
0, 150, 153, 26, 31, 0.00042777592898346484
0, 592, 636, 58, 63, 0.00042485789163038135
0, 269, 334, 110, 103, 0.00041746554779820144
0, 185, 336, 53, 53, 0.0004163375124335289
0, 110, 409, 221, 235, 0.00041551198228262365
0, 459, 334, 15, 15, 0.0004125376872252673
0, 65, 54, 44, 40, 0.00040730804903432727
0, 1, 27, 2, 53, 0.00040626528789289296
0, 171, 189, 22, 28, 0.0004049371345899999
0, 437, 282, 18, 16, 0.000404645805247128
0, 270, 333, 74, 72, 0.00040405779145658016
0, 44, 582, 45, 37, 0.00040271205944009125
0, 373, 357, 35, 15, 0.0004023670917376876
0, 160, 86, 51, 68, 0.0003973837592639029
0, 720, 480, 94, 75, 0.0003921634634025395
0, 396, 304, 46, 49, 0.00038872292498126626
0, 199, 202, 16, 13, 0.00038731732638552785
0, 173, 176, 44, 50, 0.00038260017754510045
0, 211, 1016, 116, 37, 0.0003815988020505756
0, 673, 491, 226, 190, 0.0003756874066311866
0, 31, 888, 22, 13, 0.00037354143569245934
0, 166, 187, 19, 19, 0.0003675637999549508
0, 237, 339, 48, 52, 0.0003655028704088181
0, 606, 723, 43, 30, 0.00036359630757942796
0, 180, 293, 47, 44, 0.00036327721318230033
0, 113, 203, 25, 17, 0.0003580964694265276
0, 91, 495, 182, 189, 0.0003579746116884053
0, 159, 508, 318, 231, 0.00035771055263467133
0, 74, 559, 48, 49, 0.00035503710387274623
0, 380, 290, 22, 24, 0.00035457845660857856
0, 156, 62, 64, 104, 0.00035410080454312265
0, 406, 352, 31, 22, 0.00035260847653262317
0, 2, 52, 4, 103, 0.000350822985637933
0, 158, 142, 32, 32, 0.00034584454260766506
0, 353, 488, 62, 64, 0.00034329216578043997
0, 191, 187, 38, 43, 0.0003421756555326283
0, 104, 164, 209, 216, 0.0003401232825126499
0, 109, 75, 32, 44, 0.0003394040104467422
0, 200, 317, 19, 24, 0.00033742489176802337
0, 83, 575, 22, 22, 0.00033278221962973475
0, 128, 433, 16, 13, 0.000330356415361166
0, 111, 483, 115, 93, 0.00033024465665221214
