0, 432, 354, 103, 138, 0.38214099407196045
0, 314, 965, 129, 292, 0.32298043370246887
0, 424, 273, 45, 59, 0.18810293078422546
0, 411, 524, 78, 96, 0.1716262549161911
0, 304, 972, 78, 73, 0.13992808759212494
0, 313, 924, 112, 160, 0.13983869552612305
0, 426, 448, 89, 65, 0.12331313639879227
0, 289, 1073, 80, 73, 0.1180475503206253
0, 415, 688, 59, 80, 0.09627781808376312
0, 435, 419, 145, 292, 0.08483234792947769
0, 423, 500, 110, 160, 0.08296145498752594
0, 374, 757, 22, 30, 0.06638039648532867
0, 312, 828, 35, 23, 0.06528831273317337
0, 307, 876, 76, 116, 0.06429403275251389
0, 411, 704, 40, 52, 0.06280551105737686
0, 340, 684, 31, 20, 0.06203053146600723
0, 455, 459, 40, 68, 0.05659710243344307
0, 373, 642, 33, 37, 0.05444812774658203
0, 319, 779, 36, 34, 0.05331207066774368
0, 312, 846, 43, 57, 0.05052180960774422
0, 407, 504, 58, 51, 0.049395348876714706
0, 396, 712, 71, 100, 0.04871496185660362
0, 339, 773, 30, 24, 0.045159962028265
0, 416, 399, 42, 42, 0.04270083084702492
0, 383, 648, 48, 42, 0.04261098429560661
0, 405, 606, 52, 46, 0.03966520354151726
0, 270, 1087, 43, 40, 0.03890024870634079
0, 336, 774, 40, 42, 0.03814825415611267
0, 431, 384, 86, 75, 0.03786788880825043
0, 341, 672, 36, 49, 0.03746494650840759
0, 314, 903, 65, 88, 0.037446241825819016
0, 297, 1060, 39, 39, 0.03715331107378006
0, 372, 848, 32, 27, 0.03447366878390312
0, 325, 767, 49, 47, 0.032137081027030945
0, 343, 722, 23, 24, 0.03110622800886631
0, 395, 597, 46, 56, 0.0302436500787735
0, 315, 925, 35, 39, 0.030241046100854874
0, 302, 898, 66, 60, 0.02997768484055996
0, 393, 773, 24, 33, 0.029808446764945984
0, 313, 940, 60, 61, 0.028370870277285576
0, 441, 334, 68, 88, 0.027694109827280045
0, 418, 551, 56, 51, 0.02740052156150341
0, 282, 1010, 40, 43, 0.026639334857463837
0, 412, 572, 91, 137, 0.02559785358607769
0, 318, 890, 37, 39, 0.025545358657836914
0, 300, 1009, 61, 46, 0.025280820205807686
0, 401, 711, 95, 157, 0.023450346663594246
0, 413, 418, 38, 20, 0.02230917103588581
0, 353, 664, 55, 60, 0.02223975956439972
0, 423, 668, 43, 43, 0.021477099508047104
0, 374, 835, 43, 56, 0.02026006579399109
0, 394, 627, 92, 100, 0.019845126196742058
0, 410, 430, 57, 47, 0.019640078768134117
0, 285, 918, 31, 39, 0.019582275301218033
0, 416, 603, 42, 32, 0.019383886829018593
0, 418, 411, 57, 32, 0.01811281032860279
0, 395, 618, 37, 37, 0.017991937696933746
0, 339, 923, 54, 59, 0.017654772847890854
0, 421, 621, 34, 21, 0.01747194491326809
0, 353, 881, 29, 28, 0.01716430112719536
0, 411, 286, 40, 56, 0.01701381988823414
0, 388, 658, 72, 83, 0.016506627202033997
0, 294, 1035, 83, 97, 0.0159604474902153
0, 106, 1168, 16, 20, 0.015637049451470375
0, 266, 1095, 28, 31, 0.015176999382674694
0, 416, 578, 145, 283, 0.014300157316029072
0, 385, 780, 44, 74, 0.014063190668821335
0, 343, 686, 44, 94, 0.013989807106554508
0, 378, 810, 37, 33, 0.013828275725245476
0, 404, 520, 185, 503, 0.013682905584573746
0, 381, 703, 38, 55, 0.013643937185406685
0, 461, 270, 23, 22, 0.012436680495738983
0, 117, 1216, 21, 13, 0.01219108421355486
0, 383, 593, 31, 49, 0.012098943814635277
0, 414, 601, 78, 80, 0.011986952275037766
0, 397, 350, 27, 26, 0.011895411647856236
0, 425, 569, 64, 85, 0.011275558732450008
0, 413, 356, 31, 30, 0.011039512231945992
0, 363, 653, 83, 81, 0.010624500922858715
0, 270, 1002, 30, 40, 0.010178041644394398
0, 442, 308, 31, 38, 0.010130569338798523
0, 326, 1015, 34, 34, 0.010041911154985428
0, 319, 987, 77, 85, 0.009750587865710258
0, 441, 295, 24, 35, 0.008877583779394627
0, 416, 481, 82, 51, 0.008574728854000568
0, 429, 321, 58, 66, 0.008450443856418133
0, 112, 1203, 22, 19, 0.00841801892966032
0, 454, 539, 26, 37, 0.008254323154687881
0, 421, 339, 79, 65, 0.007830619812011719
0, 407, 355, 51, 39, 0.00740996515378356
0, 418, 637, 56, 53, 0.007364514749497175
0, 361, 820, 81, 86, 0.006655664648860693
0, 574, 284, 2, 176, 0.00614984380081296
0, 448, 546, 39, 53, 0.006134331692010164
0, 335, 916, 82, 100, 0.005841907113790512
0, 574, 413, 2, 176, 0.005774549208581448
0, 381, 575, 28, 29, 0.005666295997798443
0, 453, 365, 52, 74, 0.0053323544561862946
0, 574, 489, 2, 175, 0.005325813312083483
0, 383, 551, 34, 41, 0.005221822299063206
0, 574, 564, 2, 174, 0.004985265899449587
0, 574, 210, 2, 177, 0.004536379128694534
0, 574, 638, 2, 176, 0.004489635583013296
0, 574, 135, 2, 178, 0.004071136936545372
0, 574, 713, 2, 175, 0.004042778629809618
0, 396, 634, 139, 162, 0.003907390870153904
0, 355, 888, 41, 48, 0.00365590862929821
0, 574, 787, 2, 177, 0.003337105270475149
0, 396, 792, 84, 129, 0.003329840023070574
0, 120, 1213, 28, 22, 0.0031629768200218678
0, 340, 783, 73, 69, 0.003144191112369299
0, 150, 1164, 19, 20, 0.003137411782518029
0, 444, 221, 24, 18, 0.002978295786306262
0, 306, 1101, 38, 27, 0.0029295829590409994
0, 574, 863, 2, 175, 0.0028063433710485697
0, 452, 298, 46, 48, 0.0026512141339480877
0, 393, 484, 47, 56, 0.0025038013700395823
0, 318, 746, 23, 33, 0.002437533810734749
0, 316, 1147, 21, 11, 0.002397882752120495
0, 327, 809, 54, 77, 0.0023354003205895424
0, 574, 84, 2, 168, 0.0022049513645470142
0, 356, 765, 70, 55, 0.002156186383217573
0, 573, 41, 5, 82, 0.0021225782111287117
0, 574, 938, 2, 175, 0.0020857341587543488
0, 320, 720, 15, 18, 0.0018219088669866323
0, 429, 643, 38, 36, 0.0018009654013440013
0, 449, 462, 78, 77, 0.001726425252854824
0, 421, 201, 20, 21, 0.0017263160552829504
0, 415, 151, 320, 297, 0.0017048742156475782
0, 434, 138, 18, 17, 0.0017028303118422627
0, 371, 622, 49, 56, 0.0015925340121611953
0, 248, 1166, 15, 23, 0.0014635621337220073
0, 117, 1207, 36, 30, 0.0013915349263697863
0, 102, 1202, 22, 19, 0.0013525139074772596
0, 318, 823, 49, 44, 0.001258335541933775
0, 337, 808, 85, 137, 0.0012093678815290332
0, 397, 125, 22, 26, 0.0011610548244789243
0, 431, 262, 68, 94, 0.0011565726017579436
0, 574, 1015, 2, 173, 0.0010870704427361488
0, 329, 1121, 16, 14, 0.0010711734648793936
0, 456, 610, 238, 428, 0.0010238796239718795
0, 104, 1160, 22, 38, 0.0009638807387091219
0, 461, 500, 215, 209, 0.0009451984660699964
0, 283, 290, 566, 571, 0.0008403350366279483
0, 402, 129, 19, 25, 0.0007511910516768694
0, 294, 172, 24, 22, 0.0007283259183168411
0, 428, 214, 25, 28, 0.0007252378854900599
0, 442, 412, 92, 159, 0.000628351466730237
0, 317, 1107, 40, 37, 0.000626850756816566
0, 574, 1450, 2, 71, 0.0005808444693684578
0, 148, 1172, 19, 36, 0.0005794910248368979
0, 310, 1024, 99, 157, 0.000574197038076818
0, 283, 1131, 15, 21, 0.0005705179646611214
0, 272, 1084, 66, 57, 0.0005668278899975121
0, 465, 282, 44, 44, 0.0005449923919513822
0, 562, 291, 27, 269, 0.0004976108320988715
0, 2, 19, 4, 38, 0.0004931093426421285
0, 357, 739, 128, 195, 0.0004905304522253573
0, 450, 700, 153, 136, 0.00046708201989531517
0, 1, 1176, 3, 82, 0.00046295099309645593
0, 412, 433, 87, 65, 0.00046217782073654234
0, 436, 143, 24, 27, 0.00046178893535397947
0, 1, 1215, 3, 76, 0.00046170331188477576
0, 1, 1252, 3, 87, 0.00045477563980966806
0, 562, 419, 27, 272, 0.0004384309577289969
0, 1, 1133, 3, 86, 0.00042974151438102126
0, 574, 1072, 2, 172, 0.00040202814852818847
0, 1, 1092, 3, 92, 0.00040000624721869826
0, 2, 1465, 4, 42, 0.000396907445974648
0, 250, 494, 501, 522, 0.000393277412513271
0, 1, 1286, 3, 94, 0.00039266268140636384
0, 422, 718, 173, 212, 0.0003893219109158963
0, 149, 1167, 34, 32, 0.00038815103471279144
0, 541, 98, 69, 193, 0.0003789011389017105
0, 1, 1050, 3, 108, 0.0003675290790852159
0, 304, 1146, 29, 11, 0.00036281030043028295
0, 493, 87, 165, 174, 0.00035891192965209484
0, 561, 119, 28, 239, 0.0003578180039767176
0, 562, 551, 27, 268, 0.0003565946244634688
0, 361, 870, 74, 126, 0.00035441116779111326
0, 1, 1013, 3, 114, 0.00033818907104432583
0, 1, 1325, 3, 110, 0.00033516858820803463
0, 249, 1175, 18, 40, 0.0003316998772788793
0, 484, 1354, 182, 267, 0.00032081047538667917
0, 561, 680, 28, 272, 0.00031626320560462773
0, 434, 321, 282, 643, 0.0003105275973211974
0, 558, 48, 34, 96, 0.00030917112599126995
0, 411, 299, 81, 115, 0.0003077647997997701
0, 2, 1362, 4, 105, 0.00030370912281796336
0, 323, 1130, 30, 33, 0.0002993311209138483
0, 337, 975, 101, 144, 0.0002882915432564914
0, 2, 962, 4, 136, 0.0002873843186534941
0, 485, 426, 180, 355, 0.00028340553399175406
0, 225, 1267, 17, 20, 0.0002815147745423019
0, 2, 1429, 4, 110, 0.00027432438218966126
0, 12, 1105, 24, 332, 0.00026222082669846714
0, 145, 1189, 22, 36, 0.00025486157392151654
0, 115, 1173, 26, 42, 0.00024193993886001408
0, 565, 358, 20, 243, 0.00024187672534026206
0, 2, 907, 4, 140, 0.00024090895021799952
0, 561, 813, 29, 270, 0.00024050043430179358
0, 416, 401, 96, 77, 0.00023716448049526662
0, 420, 207, 28, 34, 0.00023651233641430736
0, 132, 1183, 24, 46, 0.00023536932712886482
0, 316, 1136, 40, 34, 0.0002281098422827199
0, 2, 852, 5, 140, 0.00022299520787782967
0, 496, 335, 158, 144, 0.00021814634965267032
0, 299, 1130, 45, 30, 0.00021779096277896315
0, 532, 335, 86, 237, 0.00021096911223139614
0, 152, 1153, 26, 40, 0.00020943749404978007
0, 439, 174, 21, 39, 0.00019546695693861693
0, 565, 609, 20, 252, 0.0001951483282027766
0, 2, 795, 5, 142, 0.0001947847194969654
0, 430, 168, 37, 88, 0.00019367576169315726
0, 102, 1175, 25, 41, 0.00018564301717560738
0, 100, 1152, 20, 22, 0.0001846734230639413
0, 282, 1138, 12, 16, 0.0001794495910871774
0, 436, 735, 120, 139, 0.00017928524175658822
0, 2, 739, 5, 143, 0.0001774127595126629
0, 12, 981, 25, 301, 0.00017730485706124455
0, 246, 1197, 14, 13, 0.00017678760923445225
0, 264, 1311, 11, 17, 0.0001765564811648801
0, 535, 743, 81, 320, 0.00017519076936878264
0, 523, 549, 104, 365, 0.00017272663535550237
0, 560, 928, 30, 263, 0.00017108063912019134
0, 565, 751, 20, 255, 0.0001680927671259269
0, 2, 41, 5, 80, 0.0001663214643485844
0, 229, 1290, 21, 28, 0.0001633540668990463
0, 230, 1280, 24, 22, 0.00016212291666306555
0, 203, 1331, 407, 312, 0.00015963937039487064
0, 450, 804, 250, 487, 0.00015896388504188508
0, 2, 681, 5, 144, 0.00015688255371060222
0, 425, 356, 158, 626, 0.00015527541108895093
0, 494, 422, 163, 164, 0.00015513479593209922
0, 574, 1130, 2, 171, 0.00015361423720605671
0, 375, 599, 68, 124, 0.00015231045836117119
0, 267, 1125, 23, 16, 0.00015146292571444064
0, 446, 240, 46, 58, 0.00015006073226686567
0, 135, 1237, 22, 34, 0.00014713108248542994
0, 162, 1127, 14, 14, 0.00014440891391132027
0, 3, 624, 6, 145, 0.00014356426254380494
0, 574, 1418, 2, 135, 0.00014250657113734633
0, 154, 1172, 32, 54, 0.0001409833348589018
0, 397, 1047, 357, 554, 0.00013966763799544424
0, 356, 90, 439, 180, 0.00013822918117512017
0, 3, 567, 6, 143, 0.00013321520236786455
0, 565, 208, 21, 253, 0.0001331081730313599
0, 523, 39, 104, 79, 0.00013078414485789835
0, 11, 1220, 23, 319, 0.00012918203719891608
0, 293, 1273, 16, 31, 0.00012908820644952357
0, 565, 869, 20, 245, 0.00012843428703490645
0, 307, 839, 123, 144, 0.0001279677962884307
0, 279, 1289, 10, 12, 0.00012748342123813927
0, 342, 1419, 335, 136, 0.00012712797615677118
0, 150, 1150, 45, 59, 0.00012474469258449972
0, 388, 1371, 374, 232, 0.00012183615763206035
0, 370, 666, 157, 167, 0.00011841386731248349
0, 137, 1248, 18, 18, 0.00011834556062240154
0, 253, 1401, 433, 173, 0.00011711372644640505
0, 457, 506, 80, 145, 0.00011642392200883478
0, 574, 1187, 2, 167, 0.00011525989248184487
0, 487, 463, 148, 94, 0.00011127861944260076
0, 271, 1419, 156, 137, 0.00011070803884649649
0, 3, 511, 6, 140, 0.00011005283158738166
0, 421, 1451, 174, 71, 0.00010752823436632752
0, 3, 81, 6, 145, 0.00010618152737151831
0, 500, 1451, 151, 72, 0.00010536584886722267
0, 91, 329, 183, 607, 0.00010526140249567106
0, 449, 227, 37, 34, 0.00010449792898725718
0, 3, 272, 6, 135, 0.0001025997698889114
0, 449, 552, 135, 150, 0.00010100194776896387
0, 540, 849, 71, 335, 0.00010084421228384599
0, 251, 155, 503, 310, 9.870652138488367e-05
0, 365, 923, 131, 109, 9.836684330366552e-05
0, 574, 1246, 2, 165, 9.735416097100824e-05
0, 454, 1229, 242, 511, 9.6632466011215e-05
0, 3, 455, 6, 140, 9.64971914072521e-05
0, 384, 934, 296, 430, 9.61430196184665e-05
0, 280, 69, 236, 138, 9.569191752234474e-05
0, 273, 1198, 19, 18, 9.368539758725092e-05
0, 3, 142, 6, 137, 9.315561328548938e-05
0, 128, 1207, 60, 63, 9.295010386267677e-05
0, 155, 1129, 25, 23, 9.294194751419127e-05
0, 3, 399, 6, 138, 9.044772741617635e-05
0, 337, 1421, 143, 133, 9.02543033589609e-05
0, 3, 326, 6, 137, 9.011636575451121e-05
0, 3, 219, 6, 132, 9.001699072541669e-05
0, 540, 961, 70, 333, 8.969275950221345e-05
0, 12, 875, 25, 303, 8.965779124991968e-05
0, 216, 1419, 152, 136, 8.952963253250346e-05
0, 360, 1451, 172, 70, 8.88889844645746e-05
0, 399, 256, 108, 119, 8.880265522748232e-05
0, 448, 549, 100, 94, 8.856644853949547e-05
0, 391, 852, 58, 54, 8.833534229779616e-05
0, 556, 1443, 38, 89, 8.821336814435199e-05
0, 574, 1303, 2, 164, 8.703712956048548e-05
0, 565, 984, 20, 242, 8.627508213976398e-05
0, 273, 1309, 21, 29, 8.5943189333193e-05
0, 467, 51, 216, 103, 8.588206401327625e-05
0, 574, 1358, 2, 165, 8.571189391659573e-05
