0, 630, 571, 370, 533, 0.4991612136363983
0, 207, 1221, 165, 127, 0.35429647564888
0, 558, 721, 109, 119, 0.31666427850723267
0, 373, 1119, 64, 60, 0.282251238822937
0, 818, 297, 98, 104, 0.2557903528213501
0, 867, 219, 196, 273, 0.2269166111946106
0, 421, 1032, 96, 88, 0.15616458654403687
0, 748, 402, 131, 154, 0.1478322595357895
0, 851, 202, 106, 118, 0.11280347406864166
0, 882, 157, 144, 136, 0.10379008948802948
0, 193, 1220, 103, 99, 0.09950579702854156
0, 605, 641, 61, 61, 0.08682389557361603
0, 404, 1054, 134, 135, 0.08212164789438248
0, 423, 1018, 51, 52, 0.08052917569875717
0, 509, 765, 46, 44, 0.06492704153060913
0, 501, 852, 62, 43, 0.0643780454993248
0, 501, 925, 42, 37, 0.06361658126115799
0, 762, 370, 103, 88, 0.056710708886384964
0, 540, 853, 46, 38, 0.05260854214429855
0, 547, 740, 158, 178, 0.049603428691625595
0, 492, 914, 72, 64, 0.04886562004685402
0, 313, 1140, 26, 32, 0.04396486282348633
0, 613, 579, 92, 77, 0.043640922755002975
0, 484, 992, 33, 30, 0.04295233637094498
0, 435, 969, 33, 23, 0.0421355664730072
0, 717, 434, 206, 243, 0.0413077212870121
0, 856, 189, 81, 71, 0.04031428322196007
0, 931, 181, 37, 32, 0.03997451812028885
0, 306, 1146, 42, 46, 0.039288025349378586
0, 769, 351, 71, 48, 0.037492141127586365
0, 804, 281, 62, 64, 0.037473611533641815
0, 397, 1035, 41, 51, 0.03724383935332298
0, 816, 319, 59, 56, 0.03709142282605171
0, 157, 1256, 36, 31, 0.03524160385131836
0, 186, 1214, 67, 49, 0.03458782657980919
0, 752, 384, 72, 59, 0.034454863518476486
0, 662, 489, 110, 126, 0.03428584709763527
0, 727, 445, 115, 89, 0.03422369807958603
0, 685, 468, 98, 104, 0.034102655947208405
0, 834, 227, 56, 59, 0.03180244192481041
0, 674, 468, 46, 57, 0.03044973872601986
0, 358, 1068, 36, 32, 0.029867704957723618
0, 517, 845, 102, 66, 0.029606055468320847
0, 540, 759, 107, 65, 0.0290971826761961
0, 616, 610, 108, 136, 0.02892741933465004
0, 259, 1191, 53, 59, 0.02813180722296238
0, 741, 440, 68, 57, 0.027626486495137215
0, 509, 886, 26, 22, 0.027509072795510292
0, 506, 780, 52, 51, 0.025841448456048965
0, 636, 511, 45, 63, 0.02499009482562542
0, 902, 127, 78, 63, 0.02490253746509552
0, 477, 929, 53, 45, 0.02433527447283268
0, 713, 455, 41, 56, 0.02404075115919113
0, 439, 973, 45, 35, 0.023019466549158096
0, 240, 1202, 90, 83, 0.022137286141514778
0, 505, 957, 32, 19, 0.021787410601973534
0, 788, 349, 48, 43, 0.02070392668247223
0, 166, 1255, 56, 41, 0.02067170850932598
0, 486, 937, 87, 75, 0.019223449751734734
0, 747, 409, 82, 97, 0.019220221787691116
0, 480, 982, 36, 35, 0.0187658853828907
0, 313, 1195, 35, 26, 0.01857716776430607
0, 758, 342, 50, 30, 0.01848430372774601
0, 540, 820, 40, 17, 0.017497191205620766
0, 514, 902, 44, 29, 0.017471978440880775
0, 193, 1198, 79, 66, 0.016890302300453186
0, 573, 732, 72, 87, 0.01639707200229168
0, 688, 451, 54, 76, 0.01586930826306343
0, 147, 1258, 59, 43, 0.015384211204946041
0, 499, 888, 45, 31, 0.0151589997112751
0, 612, 552, 25, 22, 0.01508789137005806
0, 831, 249, 57, 33, 0.014217419549822807
0, 75, 1255, 46, 60, 0.014058847911655903
0, 256, 1138, 46, 32, 0.013854465447366238
0, 444, 1049, 45, 43, 0.013643404468894005
0, 688, 511, 41, 39, 0.01331558357924223
0, 581, 699, 199, 213, 0.013024155050516129
0, 840, 270, 91, 119, 0.012698796577751637
0, 681, 507, 233, 320, 0.011772599071264267
0, 804, 265, 44, 35, 0.011684862896800041
0, 547, 741, 81, 58, 0.011583159677684307
0, 630, 542, 89, 139, 0.011470646597445011
0, 640, 577, 61, 53, 0.011226369999349117
0, 833, 267, 130, 173, 0.011151871643960476
0, 919, 187, 63, 60, 0.011105316691100597
0, 430, 1086, 36, 23, 0.011045797728002071
0, 792, 332, 52, 40, 0.011036692187190056
0, 712, 287, 510, 392, 0.010992125608026981
0, 210, 1183, 37, 27, 0.010603939183056355
0, 68, 1260, 33, 33, 0.01031606737524271
0, 102, 1259, 25, 37, 0.010063417255878448
0, 649, 583, 42, 32, 0.010013815946877003
0, 459, 924, 28, 40, 0.009978067129850388
0, 549, 814, 62, 32, 0.009859264828264713
0, 690, 523, 39, 38, 0.009260280057787895
0, 130, 1243, 31, 36, 0.009175884537398815
0, 891, 191, 123, 81, 0.00914779119193554
0, 576, 686, 46, 36, 0.00900415237993002
0, 564, 783, 53, 45, 0.008468935266137123
0, 435, 1039, 211, 209, 0.00844994094222784
0, 514, 915, 71, 54, 0.00803296361118555
0, 589, 661, 112, 111, 0.00800729263573885
0, 477, 946, 121, 127, 0.007786866743117571
0, 692, 422, 26, 29, 0.007672366686165333
0, 92, 1259, 44, 45, 0.007586293388158083
0, 503, 801, 44, 32, 0.007524371147155762
0, 531, 905, 37, 25, 0.007452265825122595
0, 439, 986, 69, 55, 0.007427940610796213
0, 722, 495, 41, 38, 0.007180993910878897
0, 866, 247, 38, 33, 0.0071767899207770824
0, 722, 506, 29, 24, 0.0071159955114126205
0, 385, 1044, 64, 68, 0.006834287662059069
0, 753, 333, 40, 25, 0.006564846262335777
0, 112, 1256, 31, 38, 0.00637286389246583
0, 628, 559, 135, 223, 0.006234384141862392
0, 554, 719, 87, 65, 0.006224954966455698
0, 917, 144, 96, 115, 0.006137397140264511
0, 447, 1011, 69, 54, 0.006125878542661667
0, 115, 1256, 119, 62, 0.005946613848209381
0, 416, 1083, 65, 36, 0.005704162176698446
0, 841, 307, 82, 78, 0.0055741495452821255
0, 887, 134, 55, 31, 0.005523844622075558
0, 177, 1258, 105, 76, 0.005137073341757059
0, 725, 400, 46, 37, 0.005121209193021059
0, 383, 1080, 68, 54, 0.004900206346064806
0, 560, 695, 64, 42, 0.004885178525000811
0, 161, 1240, 108, 130, 0.00484175281599164
0, 584, 697, 51, 60, 0.004817050416022539
0, 853, 260, 84, 63, 0.0047732628881931305
0, 521, 864, 85, 63, 0.004744416102766991
0, 609, 630, 151, 304, 0.004716905299574137
0, 248, 1168, 35, 20, 0.004663055296987295
0, 712, 491, 450, 735, 0.00463524553924799
0, 74, 1333, 20, 22, 0.0045842663384974
0, 144, 1273, 49, 43, 0.004507517907768488
0, 701, 531, 24, 22, 0.004461714066565037
0, 703, 511, 75, 65, 0.004444879945367575
0, 723, 470, 81, 93, 0.004417336080223322
0, 510, 892, 116, 137, 0.0043503656052052975
0, 655, 537, 45, 35, 0.0042683458887040615
0, 355, 1062, 52, 49, 0.004236517008394003
0, 429, 1070, 64, 58, 0.00409689312800765
0, 680, 525, 65, 60, 0.003838831325992942
0, 151, 1245, 201, 100, 0.0036172952968627214
0, 631, 596, 90, 76, 0.003593486500903964
0, 256, 1174, 63, 57, 0.0035032005980610847
0, 308, 1172, 49, 85, 0.00348407169803977
0, 927, 112, 58, 46, 0.0032013587187975645
0, 792, 344, 105, 104, 0.0030303075909614563
0, 239, 1172, 46, 32, 0.002999573480337858
0, 494, 977, 69, 59, 0.0028871886897832155
0, 618, 670, 49, 43, 0.002634118078276515
0, 280, 1124, 106, 91, 0.002262353664264083
0, 216, 1176, 49, 40, 0.0022443977650254965
0, 722, 496, 61, 57, 0.002186904661357403
0, 564, 776, 80, 92, 0.0021330309100449085
0, 910, 110, 84, 65, 0.0021077310666441917
0, 456, 945, 84, 89, 0.002067998517304659
0, 951, 234, 375, 328, 0.002040884690359235
0, 703, 405, 49, 62, 0.0020272396504878998
0, 211, 1187, 83, 66, 0.0020006627310067415
0, 777, 313, 55, 47, 0.0019994177855551243
0, 542, 802, 90, 75, 0.001970729324966669
0, 794, 374, 65, 68, 0.0019635003991425037
0, 515, 917, 190, 181, 0.0019487891113385558
0, 914, 87, 22, 19, 0.0018889810889959335
0, 138, 1243, 66, 88, 0.0017363985534757376
0, 394, 1108, 104, 65, 0.0017089449102059007
0, 451, 1023, 110, 121, 0.001686456031166017
0, 577, 580, 37, 38, 0.0016671647317707539
0, 883, 221, 91, 90, 0.0015975687419995666
0, 643, 344, 665, 628, 0.0015890601789578795
0, 710, 428, 103, 146, 0.0015600690385326743
0, 942, 106, 28, 24, 0.0014062437694519758
0, 428, 1060, 89, 84, 0.0013724255841225386
0, 566, 670, 68, 51, 0.0013230324257165194
0, 321, 1102, 16, 35, 0.001316597918048501
0, 756, 323, 42, 49, 0.001292184111662209
0, 321, 1087, 14, 18, 0.001291707274504006
0, 598, 709, 93, 118, 0.0012407664908096194
0, 660, 544, 104, 118, 0.0012113640550523996
0, 781, 418, 144, 112, 0.0011616572737693787
0, 223, 1193, 217, 211, 0.0011615791590884328
0, 650, 498, 177, 189, 0.0011425496777519584
0, 292, 1117, 41, 55, 0.0011309609981253743
0, 2, 1193, 5, 174, 0.001110360026359558
0, 807, 397, 36, 36, 0.0010835396824404597
0, 559, 878, 19, 14, 0.0010490177664905787
0, 624, 690, 36, 38, 0.001035225810483098
0, 234, 1234, 95, 99, 0.0009271450689993799
0, 6, 1169, 12, 345, 0.000866452232003212
0, 288, 1159, 77, 95, 0.0008609236101619899
0, 892, 226, 493, 453, 0.0008125818567350507
0, 235, 1171, 103, 103, 0.0007760984590277076
0, 526, 734, 99, 137, 0.0007566700805909932
0, 259, 1141, 76, 59, 0.0007451280253008008
0, 562, 687, 95, 116, 0.0007328524370677769
0, 3, 1030, 6, 185, 0.0006901717279106379
0, 302, 1125, 50, 87, 0.000687602732796222
0, 8, 1318, 16, 331, 0.0006559970206581056
0, 459, 976, 202, 241, 0.0006559232133440673
0, 2, 1255, 5, 186, 0.0005795214092358947
0, 3, 1122, 6, 187, 0.0005582228768616915
0, 3, 1423, 6, 119, 0.0005504657747223973
0, 583, 763, 247, 284, 0.0005309025873430073
0, 2, 48, 4, 97, 0.0005175917758606374
0, 3, 958, 6, 189, 0.0004860037879552692
0, 208, 1252, 103, 91, 0.0004497382033150643
0, 75, 1234, 39, 47, 0.0004379000747576356
0, 3, 852, 7, 189, 0.00042947736801579595
0, 521, 926, 115, 101, 0.00042610205127857625
0, 3, 1374, 7, 180, 0.00040993248694576323
0, 3, 780, 7, 190, 0.0003864023310597986
0, 446, 538, 754, 619, 0.0003860901342704892
0, 804, 343, 207, 279, 0.00034932218841277063
0, 627, 682, 63, 68, 0.0003432303201407194
0, 5, 1054, 11, 342, 0.0003413353697396815
0, 649, 641, 54, 61, 0.0003409873752389103
0, 938, 181, 81, 80, 0.0003371388593222946
0, 3, 706, 7, 186, 0.0003354708314873278
0, 495, 821, 61, 56, 0.00033519414137117565
0, 349, 1072, 78, 75, 0.000324783701216802
0, 760, 380, 193, 211, 0.0003232508897781372
0, 1064, 91, 149, 181, 0.00032036242191679776
0, 432, 1090, 165, 143, 0.0003198939375579357
0, 3, 1315, 6, 181, 0.00030066707404330373
0, 1136, 42, 4, 84, 0.0002989022177644074
0, 783, 300, 110, 119, 0.0002931332273874432
0, 3, 632, 7, 183, 0.00028878424200229347
0, 184, 1236, 254, 208, 0.00028490772820077837
0, 560, 794, 119, 167, 0.0002768625854514539
0, 919, 210, 137, 105, 0.00027528987266123295
0, 1107, 84, 63, 168, 0.0002725646481849253
0, 824, 333, 100, 94, 0.00026418972993269563
0, 3, 558, 7, 182, 0.00025889178505167365
0, 4, 95, 8, 190, 0.0002498465764801949
0, 785, 338, 142, 184, 0.0002496427623555064
0, 1120, 59, 37, 118, 0.00023101299302652478
0, 3, 485, 7, 180, 0.00023076729848980904
0, 423, 1446, 290, 74, 0.00022158428328111768
0, 458, 1412, 381, 139, 0.00022151120356284082
0, 310, 1092, 32, 31, 0.00021812306658830494
0, 3, 411, 7, 181, 0.00021395913790911436
0, 3, 208, 7, 182, 0.00021238393674138933
0, 3, 282, 7, 182, 0.000212094746530056
0, 742, 171, 479, 343, 0.0002109005581587553
0, 559, 1419, 255, 124, 0.00020154594676569104
0, 967, 363, 343, 653, 0.00019703373254742473
0, 500, 788, 86, 157, 0.0001878966431831941
0, 1056, 832, 164, 339, 0.00018766315770335495
0, 842, 576, 506, 543, 0.00018352907500229776
0, 345, 1449, 206, 68, 0.00018204833031632006
0, 520, 1441, 212, 84, 0.00017767871031537652
0, 1075, 7, 58, 15, 0.00017484198906458914
0, 776, 467, 180, 170, 0.00017090373148676008
0, 870, 108, 172, 95, 0.000166817000717856
0, 445, 916, 37, 48, 0.00016159925144165754
0, 316, 1196, 49, 38, 0.00016154517652466893
0, 654, 1414, 220, 137, 0.00015948327200021595
0, 1074, 12, 129, 24, 0.00015499892469961196
0, 952, 90, 161, 154, 0.00015086719940882176
0, 894, 283, 200, 157, 0.00014957517851144075
0, 766, 331, 102, 115, 0.00014870145241729915
0, 995, 818, 287, 416, 0.0001453250297345221
0, 651, 444, 183, 141, 0.00014265313802752644
0, 1069, 552, 138, 202, 0.00014217986608855426
0, 548, 863, 72, 71, 0.0001409454271197319
0, 1133, 74, 10, 147, 0.00014068977907299995
0, 255, 1447, 304, 72, 0.0001399077009409666
0, 910, 96, 110, 110, 0.00013757222041022032
0, 1074, 25, 129, 50, 0.00013721678988076746
0, 1136, 1447, 5, 72, 0.00013327988563105464
0, 673, 611, 156, 135, 0.0001267306215595454
0, 986, 100, 304, 200, 0.00012548675294965506
0, 579, 830, 185, 133, 0.00012456199328880757
0, 705, 562, 138, 141, 0.00012029754725517705
0, 956, 1448, 155, 71, 0.00011948914470849559
0, 411, 1006, 100, 119, 0.00011793943849625066
0, 280, 1227, 108, 105, 0.00011537248064996675
0, 75, 1285, 30, 52, 0.00011223892215639353
0, 69, 968, 135, 134, 0.00010747821943368763
0, 429, 979, 110, 154, 0.00010711580398492515
0, 304, 1423, 418, 118, 0.00010660255065886304
0, 898, 1450, 151, 66, 0.00010302703594788909
0, 79, 1256, 83, 88, 0.00010276465764036402
0, 353, 1092, 271, 240, 0.00010169904999202117
0, 1086, 40, 105, 80, 0.00010147828288609162
0, 370, 1137, 56, 57, 0.00010089779243571684
0, 1037, 51, 203, 102, 0.00010043932707048953
0, 161, 1438, 323, 91, 9.81434786808677e-05
0, 530, 860, 175, 207, 9.7435804491397e-05
0, 279, 1251, 83, 94, 9.700064401840791e-05
0, 660, 1353, 456, 261, 9.617777686798945e-05
0, 246, 1457, 176, 52, 9.601338388165459e-05
0, 641, 723, 168, 137, 9.59193057497032e-05
0, 772, 423, 299, 315, 9.560845501255244e-05
0, 576, 864, 174, 86, 9.487644274486229e-05
0, 1060, 929, 157, 225, 9.41534381126985e-05
0, 220, 1386, 441, 194, 9.403168223798275e-05
0, 1052, 628, 172, 360, 9.383568976772949e-05
