0, 809, 699, 43, 33, 0.35974910855293274
0, 490, 519, 77, 49, 0.3100387454032898
0, 226, 556, 59, 49, 0.27996671199798584
0, 500, 300, 50, 42, 0.265202134847641
0, 968, 637, 31, 39, 0.23047226667404175
0, 321, 261, 64, 47, 0.2007482498884201
0, 774, 712, 16, 23, 0.19923433661460876
0, 312, 748, 26, 39, 0.1987707018852234
0, 480, 490, 52, 27, 0.19028766453266144
0, 391, 205, 49, 64, 0.17291978001594543
0, 1081, 436, 30, 64, 0.1476536989212036
0, 1053, 659, 21, 23, 0.1265111267566681
0, 997, 652, 16, 21, 0.12537051737308502
0, 696, 527, 60, 57, 0.12435874342918396
0, 1015, 640, 22, 14, 0.11053410172462463
0, 765, 711, 29, 22, 0.1010793074965477
0, 392, 329, 28, 35, 0.1006738469004631
0, 979, 608, 18, 18, 0.09679117798805237
0, 1009, 641, 37, 32, 0.09069891273975372
0, 399, 340, 56, 56, 0.08879975974559784
0, 1042, 431, 36, 35, 0.08282388746738434
0, 523, 799, 27, 18, 0.07274943590164185
0, 998, 648, 22, 31, 0.07261534780263901
0, 1064, 430, 68, 76, 0.07221753150224686
0, 277, 743, 26, 26, 0.0682140663266182
0, 193, 531, 21, 20, 0.06633921712636948
0, 1046, 434, 57, 48, 0.06608311086893082
0, 591, 513, 42, 59, 0.06537534296512604
0, 181, 548, 28, 29, 0.06485051661729813
0, 400, 210, 30, 50, 0.06020978093147278
0, 1007, 605, 13, 13, 0.05953343212604523
0, 546, 319, 14, 22, 0.058817457407712936
0, 792, 674, 15, 13, 0.05222085118293762
0, 585, 309, 43, 42, 0.05027250200510025
0, 631, 707, 27, 13, 0.04988452419638634
0, 188, 541, 43, 43, 0.049305349588394165
0, 942, 460, 72, 57, 0.049277305603027344
0, 603, 530, 20, 27, 0.04783639684319496
0, 1007, 634, 23, 19, 0.04631999507546425
0, 657, 756, 19, 13, 0.04631735756993294
0, 245, 763, 23, 24, 0.04479103162884712
0, 369, 552, 44, 25, 0.0445328913629055
0, 218, 484, 20, 36, 0.04436936229467392
0, 588, 306, 32, 27, 0.044093213975429535
0, 645, 745, 25, 29, 0.04152978956699371
0, 175, 728, 23, 18, 0.0409521609544754
0, 790, 288, 76, 64, 0.039902426302433014
0, 1068, 403, 30, 21, 0.03963012620806694
0, 127, 706, 30, 29, 0.03897544741630554
0, 502, 758, 23, 23, 0.038302138447761536
0, 860, 306, 25, 35, 0.037886254489421844
0, 593, 278, 26, 22, 0.03606376424431801
0, 810, 276, 29, 35, 0.03591578081250191
0, 653, 747, 30, 33, 0.03463675454258919
0, 601, 295, 73, 66, 0.03293038532137871
0, 544, 775, 22, 17, 0.03172712028026581
0, 270, 229, 16, 17, 0.031306855380535126
0, 213, 549, 88, 70, 0.03124336339533329
0, 724, 729, 31, 30, 0.03037225268781185
0, 305, 250, 28, 26, 0.028848187997937202
0, 1067, 417, 29, 53, 0.02796449325978756
0, 929, 455, 41, 46, 0.027509545907378197
0, 959, 473, 30, 28, 0.02719162404537201
0, 929, 460, 29, 26, 0.02699960209429264
0, 755, 289, 21, 14, 0.02643696777522564
0, 580, 761, 42, 43, 0.02610243670642376
0, 303, 206, 28, 26, 0.025802813470363617
0, 277, 734, 27, 20, 0.025336727499961853
0, 1014, 675, 16, 13, 0.02511397749185562
0, 858, 298, 22, 17, 0.02472328208386898
0, 668, 775, 14, 16, 0.024508150294423103
0, 958, 507, 21, 11, 0.023972811177372932
0, 499, 750, 32, 39, 0.023890944197773933
0, 459, 762, 31, 36, 0.023038476705551147
0, 789, 281, 21, 30, 0.022596782073378563
0, 201, 533, 33, 29, 0.022275850176811218
0, 395, 173, 24, 20, 0.02220042236149311
0, 1153, 436, 15, 17, 0.021553562954068184
0, 166, 688, 21, 23, 0.021252043545246124
0, 653, 328, 23, 19, 0.021185414865612984
0, 605, 281, 52, 32, 0.019900621846318245
0, 719, 535, 118, 75, 0.019685346633195877
0, 577, 324, 28, 15, 0.019657593220472336
0, 678, 553, 20, 20, 0.019546987488865852
0, 784, 673, 26, 17, 0.019258569926023483
0, 461, 771, 23, 18, 0.018912507221102715
0, 342, 560, 15, 14, 0.018757730722427368
0, 161, 680, 27, 25, 0.01871670037508011
0, 358, 552, 48, 36, 0.018593449145555496
0, 845, 303, 46, 31, 0.018488015979528427
0, 717, 736, 28, 23, 0.01786958985030651
0, 739, 276, 19, 24, 0.01758183352649212
0, 134, 433, 18, 22, 0.01747722551226616
0, 813, 665, 19, 14, 0.017182504758238792
0, 770, 247, 17, 15, 0.016768239438533783
0, 93, 678, 38, 24, 0.016699926927685738
0, 247, 744, 20, 21, 0.016466276720166206
0, 922, 497, 26, 16, 0.01605229079723358
0, 585, 294, 52, 54, 0.01594478078186512
0, 324, 715, 12, 15, 0.015662560239434242
0, 968, 463, 27, 27, 0.01563180238008499
0, 767, 256, 26, 35, 0.015333451330661774
0, 837, 292, 73, 60, 0.015249194577336311
0, 743, 763, 10, 11, 0.015066576190292835
0, 914, 309, 17, 16, 0.01503990963101387
0, 336, 209, 22, 15, 0.014678116887807846
0, 618, 280, 32, 27, 0.014597523957490921
0, 377, 368, 34, 25, 0.0144243985414505
0, 986, 642, 27, 40, 0.014251790940761566
0, 850, 277, 47, 43, 0.0140017569065094
0, 855, 267, 40, 30, 0.013615007512271404
0, 1050, 415, 71, 51, 0.013384749181568623
0, 757, 309, 23, 16, 0.013298504054546356
0, 296, 207, 43, 41, 0.013217602856457233
0, 147, 461, 21, 29, 0.01307719573378563
0, 828, 292, 20, 33, 0.012834407389163971
0, 694, 280, 17, 17, 0.012591439299285412
0, 862, 348, 19, 21, 0.01251427736133337
0, 398, 183, 32, 36, 0.012159638106822968
0, 276, 199, 24, 22, 0.01202476304024458
0, 776, 302, 59, 33, 0.011550127528607845
0, 143, 394, 31, 21, 0.011546459048986435
0, 555, 555, 17, 10, 0.011055199429392815
0, 691, 292, 34, 40, 0.011031785048544407
0, 703, 301, 34, 26, 0.011028185486793518
0, 832, 302, 23, 24, 0.011026245541870594
0, 640, 338, 51, 42, 0.011008803732693195
0, 197, 709, 22, 18, 0.010536878369748592
0, 109, 695, 73, 58, 0.010524402372539043
0, 718, 296, 25, 20, 0.010495884343981743
0, 370, 369, 18, 19, 0.010410883463919163
0, 460, 795, 23, 16, 0.010386001318693161
0, 289, 176, 31, 24, 0.010210929438471794
0, 529, 741, 20, 18, 0.01010098960250616
0, 114, 663, 29, 22, 0.009868177585303783
0, 350, 530, 27, 14, 0.009750527329742908
0, 626, 548, 11, 13, 0.009719195775687695
0, 354, 472, 17, 12, 0.009689468890428543
0, 964, 698, 16, 13, 0.00968575943261385
0, 103, 655, 44, 37, 0.009510466828942299
0, 498, 490, 79, 38, 0.009426645003259182
0, 755, 283, 27, 31, 0.009324523620307446
0, 1083, 593, 15, 24, 0.009212581440806389
0, 511, 746, 57, 52, 0.009121344424784184
0, 759, 526, 26, 24, 0.009117978624999523
0, 245, 759, 28, 41, 0.009050383232533932
0, 310, 213, 50, 50, 0.009022065438330173
0, 1047, 493, 26, 19, 0.008982032537460327
0, 262, 191, 18, 22, 0.008927037939429283
0, 480, 459, 22, 13, 0.008781200274825096
0, 570, 749, 20, 21, 0.008745979517698288
0, 914, 497, 18, 15, 0.008612428791821003
0, 755, 536, 32, 35, 0.008365614339709282
0, 630, 349, 31, 22, 0.008296619169414043
0, 216, 500, 27, 74, 0.00825425237417221
0, 22, 529, 18, 22, 0.008127560839056969
0, 1041, 402, 50, 29, 0.008092593401670456
0, 474, 525, 45, 40, 0.007946203462779522
0, 299, 224, 23, 15, 0.007891708053648472
0, 855, 487, 15, 16, 0.007759247440844774
0, 775, 504, 16, 28, 0.007654489483684301
0, 957, 485, 31, 30, 0.007532304618507624
0, 121, 695, 41, 46, 0.007469808682799339
0, 170, 666, 23, 19, 0.0074007548391819
0, 974, 449, 25, 20, 0.007267878390848637
0, 285, 200, 53, 31, 0.00713442824780941
0, 1072, 629, 27, 25, 0.007097187917679548
0, 806, 686, 49, 35, 0.006943907123059034
0, 1065, 627, 24, 21, 0.006742645055055618
0, 283, 189, 63, 50, 0.006647932808846235
0, 1037, 457, 41, 17, 0.006503505632281303
0, 659, 763, 35, 41, 0.00647213077172637
0, 518, 281, 14, 16, 0.0064447494223713875
0, 262, 120, 22, 18, 0.00642837630584836
0, 71, 559, 13, 11, 0.0063517712987959385
0, 498, 734, 28, 33, 0.0063078273087739944
0, 974, 513, 34, 24, 0.006297745276242495
0, 162, 675, 36, 39, 0.006295564118772745
0, 984, 509, 20, 17, 0.006264963652938604
0, 744, 512, 24, 28, 0.006254757288843393
0, 110, 526, 19, 18, 0.0061488645151257515
0, 524, 554, 24, 16, 0.006029128562659025
0, 149, 446, 21, 53, 0.005981345195323229
0, 735, 323, 30, 16, 0.005915654823184013
0, 1007, 511, 12, 17, 0.005798105150461197
0, 206, 656, 15, 12, 0.00575630459934473
0, 643, 709, 47, 16, 0.0055909669026732445
0, 339, 228, 18, 13, 0.005561901722103357
0, 1172, 547, 16, 15, 0.005427663680166006
0, 775, 708, 26, 24, 0.005153214558959007
0, 28, 518, 26, 43, 0.005096246022731066
0, 1184, 404, 25, 15, 0.005038469564169645
0, 748, 538, 52, 61, 0.00502591161057353
0, 707, 293, 73, 50, 0.004984057042747736
0, 755, 267, 51, 54, 0.004954270087182522
0, 566, 313, 56, 43, 0.00492045097053051
0, 875, 492, 19, 17, 0.0048841796815395355
0, 823, 286, 144, 81, 0.004784701857715845
0, 161, 649, 35, 36, 0.004493921063840389
0, 322, 520, 16, 21, 0.0044533852487802505
0, 257, 578, 11, 10, 0.004378884565085173
0, 665, 747, 29, 32, 0.004251626320183277
0, 755, 516, 34, 39, 0.004224575124680996
0, 158, 658, 52, 55, 0.004136980511248112
0, 719, 305, 36, 34, 0.004128304310142994
0, 487, 460, 41, 19, 0.004037199541926384
0, 245, 156, 16, 12, 0.0038356545846909285
0, 430, 259, 27, 28, 0.00380331976339221
0, 685, 302, 41, 30, 0.0037359914276748896
0, 143, 664, 22, 32, 0.0036826948635280132
0, 741, 311, 43, 32, 0.0036556548438966274
0, 412, 497, 15, 12, 0.003642262890934944
0, 172, 735, 28, 27, 0.003595014801248908
0, 759, 551, 25, 32, 0.003558240830898285
0, 525, 495, 37, 29, 0.003549686400219798
0, 96, 622, 19, 13, 0.0034835864789783955
0, 247, 747, 24, 39, 0.003455685218796134
0, 288, 746, 44, 40, 0.0034427877981215715
0, 793, 529, 20, 19, 0.0034358371049165726
0, 151, 432, 18, 24, 0.0033374493941664696
0, 555, 347, 23, 18, 0.003223680891096592
0, 1182, 409, 28, 14, 0.0031972574070096016
0, 800, 702, 69, 47, 0.0030984210316091776
0, 1079, 640, 19, 16, 0.002971323672682047
0, 249, 736, 15, 16, 0.0029411257710307837
0, 426, 281, 18, 14, 0.002914207288995385
0, 887, 475, 19, 17, 0.002905115718021989
0, 334, 754, 17, 21, 0.0028677992522716522
0, 964, 515, 30, 29, 0.00283992663025856
0, 756, 520, 46, 65, 0.00283454661257565
0, 361, 165, 17, 23, 0.0028045065701007843
0, 549, 309, 44, 49, 0.002800006652250886
0, 746, 322, 46, 21, 0.0027768893633037806
0, 649, 290, 27, 25, 0.002749638631939888
0, 156, 698, 34, 40, 0.002749574836343527
0, 581, 537, 24, 21, 0.0026706161443144083
0, 362, 547, 65, 57, 0.002626618603244424
0, 974, 461, 44, 36, 0.0025531677529215813
0, 504, 715, 25, 26, 0.002529469784349203
0, 1015, 670, 21, 20, 0.002483183750882745
0, 523, 712, 18, 18, 0.0024734854232519865
0, 731, 285, 35, 40, 0.002430371707305312
0, 710, 113, 16, 19, 0.0023958145175129175
0, 807, 502, 11, 22, 0.00235011731274426
0, 165, 695, 48, 80, 0.0023185298778116703
0, 888, 466, 29, 31, 0.002271176315844059
0, 331, 745, 27, 39, 0.0022668216843158007
0, 220, 733, 17, 10, 0.002245822688564658
0, 454, 234, 13, 17, 0.0022200150415301323
0, 597, 519, 70, 79, 0.0022025418002158403
0, 498, 725, 36, 53, 0.0021831663325428963
0, 1010, 666, 25, 14, 0.002150815213099122
0, 142, 605, 21, 15, 0.0021215807646512985
0, 399, 171, 30, 30, 0.002118001924827695
0, 1108, 396, 24, 21, 0.002104171784594655
0, 457, 560, 26, 18, 0.002092478796839714
0, 800, 672, 49, 32, 0.0020376115571707487
0, 424, 774, 21, 14, 0.002028366783633828
0, 516, 734, 44, 40, 0.0020051312167197466
0, 175, 678, 49, 43, 0.001974627375602722
0, 285, 175, 44, 37, 0.0019160632509738207
0, 810, 340, 24, 22, 0.001902531017549336
0, 839, 532, 15, 14, 0.001895494177006185
0, 341, 729, 12, 16, 0.0018861583666875958
0, 185, 730, 22, 19, 0.0018197239842265844
0, 923, 693, 19, 10, 0.0018004794837906957
0, 226, 736, 16, 14, 0.0017870960291475058
0, 441, 753, 80, 78, 0.00176810915581882
0, 486, 752, 44, 49, 0.0017561342101544142
0, 497, 502, 102, 89, 0.0017538612009957433
0, 885, 296, 24, 18, 0.0016952842706814408
0, 71, 644, 12, 12, 0.0016877700109034777
0, 1102, 424, 39, 76, 0.001686136587522924
0, 328, 207, 43, 40, 0.0016397895524278283
0, 523, 548, 24, 16, 0.0016236974624916911
0, 179, 702, 58, 46, 0.001597095630131662
0, 679, 545, 57, 45, 0.0015802672132849693
0, 229, 707, 22, 19, 0.0015771795297041535
0, 978, 429, 19, 23, 0.001568292616866529
0, 188, 662, 13, 15, 0.0015471780207008123
0, 1084, 645, 21, 14, 0.0015385280130431056
0, 531, 795, 38, 23, 0.0015259513165801764
0, 764, 505, 28, 34, 0.0015143501805141568
0, 795, 273, 115, 73, 0.0014823595993220806
0, 631, 302, 70, 67, 0.0014728513779118657
0, 660, 574, 23, 25, 0.0014459738740697503
0, 767, 310, 82, 43, 0.0014445267152041197
0, 457, 753, 48, 58, 0.0014210592489689589
0, 1107, 648, 21, 18, 0.0013968073762953281
0, 623, 286, 73, 39, 0.0013910061679780483
0, 171, 654, 50, 43, 0.0013783953618258238
0, 496, 462, 69, 29, 0.0013750912621617317
0, 880, 466, 26, 24, 0.001371836755424738
0, 349, 561, 81, 37, 0.0013586475979536772
0, 668, 562, 40, 48, 0.001353944418951869
0, 201, 523, 40, 56, 0.0013316529802978039
0, 205, 708, 67, 50, 0.0013020922197028995
0, 535, 762, 41, 46, 0.001300024800002575
0, 443, 728, 19, 16, 0.0012574153952300549
0, 750, 273, 80, 80, 0.001249122666195035
