2, 35, 96, 24, 28, 0.9060458933420007
2, 50, 127, 24, 27, 0.852473851440918
2, 75, 17, 24, 25, 0.8646510767651892
2, 103, 23, 20, 21, 0.8527342448061519
2, 58, 32, 24, 24, 0.9208171399102032
2, 92, 134, 32, 15, 0.8283058382398424
2, 90, 92, 24, 26, 0.8663952950895992
2, 26, 46, 25, 27, 0.9017943528854784
2, 90, 92, 25, 26, 0.865880179904807
3, 13, 5, 26, 11, 0.8613797946112722
2, 26, 46, 26, 28, 0.9006938087982227
2, 36, 17, 26, 24, 0.9076983608673375
3, 7, 66, 14, 27, 0.8691830330944821
3, 38, 14, 32, 29, 0.9105553670392801
2, 50, 127, 24, 27, 0.852473851440918
2, 93, 134, 31, 15, 0.8281480353925575
3, 48, 74, 27, 29, 0.9208031474152298
3, 58, 5, 24, 10, 0.8878136005493834
3, 75, 119, 20, 26, 0.8485870919602843
3, 6, 41, 12, 33, 0.8821752928917188
3, 48, 75, 28, 29, 0.9178890203821954
3, 57, 5, 26, 10, 0.865894332238543
3, 67, 59, 26, 25, 0.921728884021612
3, 35, 96, 24, 28, 0.9060458933420007
