0, 141, 520, 38, 32, 0.9057333876119062
0, 229, 511, 39, 36, 0.9495437159336246
0, 534, 480, 42, 39, 0.9068838469469227
0, 462, 351, 48, 38, 0.9328483163106551
0, 654, 429, 18, 42, 0.8494392544601492
0, 450, 397, 37, 39, 0.9164173413615391
0, 212, 575, 44, 44, 0.9179980025648974
0, 220, 541, 38, 27, 0.9067684025212059
0, 385, 436, 44, 47, 0.9187686631621257
0, 56, 486, 40, 44, 0.9175719817448621
0, 408, 239, 33, 27, 0.9402797331087955
0, 380, 293, 35, 28, 0.9418985374364558
0, 551, 530, 42, 40, 0.9388860365911192
0, 488, 629, 41, 36, 0.8711131775606509
0, 615, 337, 36, 40, 0.909457403105078
0, 119, 391, 28, 33, 0.9203236437507649
0, 423, 502, 32, 37, 0.9231390684706606
0, 262, 382, 34, 36, 0.9404857976884397
0, 228, 621, 30, 34, 0.9306637952861001
0, 535, 247, 29, 26, 0.907509174145877
0, 372, 240, 34, 30, 0.9481901553149117
0, 170, 459, 33, 35, 0.964579958566939
0, 151, 605, 37, 36, 0.929684245519008
0, 115, 356, 35, 32, 0.9300189677498902
0, 243, 248, 32, 29, 0.9507927161542808
0, 276, 405, 31, 30, 0.9291770601705963
0, 275, 507, 36, 39, 0.959089441333467
0, 521, 440, 45, 40, 0.9424207997289878
0, 415, 390, 25, 35, 0.9256588728953277
0, 125, 430, 33, 32, 0.9297088234305911
0, 12, 557, 24, 29, 0.8964439562512426
0, 357, 581, 33, 30, 0.8960350059625328
0, 120, 269, 37, 25, 0.9169555217638041
0, 336, 9, 24, 18, 0.864690935484023
0, 513, 608, 37, 41, 0.9113103948130675
0, 497, 384, 39, 36, 0.9232989267855938
0, 147, 405, 42, 35, 0.9373714303063181
0, 465, 290, 38, 26, 0.947640268325687
0, 351, 479, 33, 23, 0.9015026055167221
0, 150, 570, 32, 29, 0.9284655402631844
0, 33, 17, 33, 26, 0.9326438261798067
0, 212, 638, 36, 29, 0.8687866841994973
0, 193, 445, 33, 29, 0.9319405851346296
0, 568, 172, 40, 36, 0.9355640128637119
0, 186, 305, 38, 25, 0.929018621276817
0, 443, 536, 34, 33, 0.9228209774780236
0, 126, 317, 32, 30, 0.9303585741105573
0, 654, 353, 18, 33, 0.8594824798543147
0, 585, 548, 30, 31, 0.9402612357588116
0, 120, 192, 37, 36, 0.9474724767687668
0, 204, 358, 31, 24, 0.9243571124675402
0, 492, 514, 48, 36, 0.9273052356655376
0, 583, 148, 31, 25, 0.9516319186124546
0, 337, 618, 31, 30, 0.9387192401484953
0, 480, 109, 44, 37, 0.9526940056281686
0, 191, 417, 26, 26, 0.8951829456037894
0, 89, 327, 33, 26, 0.9239814108946623
0, 315, 373, 33, 27, 0.9051621180025071
0, 485, 585, 32, 34, 0.9138133798598784
0, 377, 604, 24, 36, 0.9282041108849696
0, 317, 183, 28, 21, 0.9002267984730815
0, 58, 188, 26, 20, 0.9157441681694805
0, 192, 385, 28, 25, 0.9026086764263732
0, 133, 226, 32, 39, 0.9163185815356021
0, 23, 483, 26, 32, 0.920870072479012
0, 301, 457, 33, 34, 0.9244894575106262
0, 368, 155, 27, 23, 0.9070724780070197
0, 208, 474, 37, 26, 0.9078732969137387
0, 209, 250, 28, 24, 0.8996629360894437
0, 485, 266, 32, 25, 0.9336694046049738
0, 109, 299, 31, 25, 0.9370200355277195
0, 348, 221, 34, 32, 0.9622303888116124
0, 141, 370, 26, 24, 0.9096268490714032
0, 281, 126, 35, 22, 0.9256681096131129
0, 459, 249, 33, 25, 0.9006431202362871
0, 573, 80, 27, 22, 0.9091963839827071
0, 294, 249, 33, 22, 0.9244444006121665
0, 124, 543, 30, 31, 0.919805912385701
0, 356, 269, 31, 29, 0.8942552480873782
0, 396, 327, 32, 29, 0.9458616752197683
0, 447, 494, 34, 35, 0.9399310999975132
0, 506, 217, 30, 25, 0.9387123622653988
0, 448, 171, 26, 28, 0.9346429359788121
0, 646, 634, 34, 37, 0.8677060890757488
0, 329, 503, 33, 29, 0.9358266794253168
0, 487, 237, 35, 22, 0.8883545605748377
0, 46, 405, 29, 32, 0.9170649950830294
0, 103, 553, 30, 33, 0.8909449228920686
0, 94, 449, 38, 36, 0.9574437832867754
0, 117, 607, 33, 34, 0.8973175700197968
0, 575, 104, 31, 23, 0.9105582004725925
0, 250, 360, 27, 22, 0.9133604715923512
0, 38, 441, 23, 21, 0.8800320121836136
0, 615, 21, 29, 30, 0.8936223701614738
0, 374, 202, 22, 21, 0.8635023554737628
0, 315, 216, 25, 19, 0.8778767246132497
0, 397, 71, 27, 26, 0.945912498834934
0, 325, 453, 20, 21, 0.8863657123118827
1, 316, 157, 24, 24, 0.9197068592844021
0, 222, 269, 33, 21, 0.918323315460195
0, 351, 33, 27, 24, 0.9292437267843499
0, 422, 308, 37, 35, 0.9391766149164706
0, 610, 448, 22, 22, 0.8830035916418515
0, 168, 355, 31, 22, 0.8849159182465474
0, 436, 117, 34, 25, 0.9141124320367993
0, 625, 288, 25, 23, 0.8848252526306115
0, 537, 86, 39, 26, 0.9084837931968304
0, 343, 180, 29, 31, 0.9305790604236637
0, 245, 77, 29, 28, 0.9103105437407267
0, 480, 41, 34, 27, 0.9396650908014675
0, 541, 582, 37, 39, 0.9287565138243844
0, 103, 497, 27, 22, 0.9177244870685342
0, 214, 320, 41, 22, 0.9034173603179971
0, 505, 74, 27, 28, 0.9158934588832333
0, 334, 250, 33, 28, 0.9494890458506972
0, 352, 100, 36, 22, 0.9149107670920752
0, 70, 307, 31, 22, 0.9262351161823879
0, 227, 388, 30, 22, 0.9122055266875365
0, 217, 415, 24, 28, 0.8873609713790003
0, 402, 41, 33, 26, 0.9194093566233237
0, 431, 429, 28, 29, 0.9422592509063172
0, 502, 172, 31, 30, 0.9222575365696581
0, 254, 307, 39, 24, 0.9443603584338202
0, 257, 225, 31, 25, 0.8976735748012725
0, 373, 557, 37, 39, 0.9356572108526322
0, 85, 188, 30, 25, 0.925848023348154
0, 121, 46, 29, 20, 0.8932655836152278
0, 23, 278, 32, 24, 0.9091444233485922
0, 582, 615, 40, 37, 0.9061386403448346
0, 381, 176, 24, 24, 0.8960145354489241
0, 39, 212, 33, 24, 0.9279938822787787
0, 626, 424, 44, 40, 0.887695105387277
0, 194, 218, 27, 22, 0.9134022545211584
0, 658, 510, 11, 33, 0.8454110671010838
0, 58, 364, 40, 24, 0.9269055929736119
0, 191, 135, 31, 29, 0.9051191840842012
0, 113, 158, 32, 27, 0.919532876242225
0, 536, 191, 38, 36, 0.9572510904156583
0, 186, 245, 24, 26, 0.9054834931460629
0, 297, 137, 26, 26, 0.9212667082780917
0, 466, 598, 33, 39, 0.912512784384004
0, 307, 408, 37, 43, 0.925135967628301
0, 408, 98, 30, 24, 0.9092048400454759
0, 619, 87, 26, 29, 0.9020901973617863
0, 71, 590, 39, 41, 0.9200176291643647
0, 518, 122, 29, 24, 0.9049491923293933
0, 455, 222, 33, 20, 0.9211122007673387
0, 276, 640, 29, 23, 0.8545584217184058
0, 237, 346, 28, 22, 0.912890782658775
0, 163, 322, 30, 22, 0.9281363553398511
0, 565, 128, 29, 23, 0.8860623019072986
0, 185, 510, 24, 22, 0.8653531437851765
0, 16, 328, 27, 21, 0.8585763213179982
0, 283, 91, 24, 31, 0.9065319722928719
0, 40, 540, 35, 37, 0.9042143197723863
0, 295, 175, 28, 26, 0.9323639964216949
0, 242, 602, 29, 31, 0.9306808503168986
0, 589, 36, 33, 31, 0.9236029226895384
0, 441, 459, 35, 30, 0.934036011279306
0, 36, 302, 29, 19, 0.9078315174537739
0, 258, 264, 31, 29, 0.9135310882014613
0, 94, 222, 32, 24, 0.9223265514545967
0, 455, 202, 25, 22, 0.9068581015080093
0, 596, 209, 34, 25, 0.8905222896424803
0, 346, 143, 22, 27, 0.9220196058415686
0, 401, 16, 31, 24, 0.9006273840591484
0, 359, 311, 29, 23, 0.8743385117150092
0, 480, 192, 25, 23, 0.929573817930596
0, 331, 548, 26, 29, 0.9422144058487636
0, 595, 495, 41, 52, 0.9253440797451714
0, 495, 17, 26, 24, 0.8854507936486224
0, 64, 423, 23, 29, 0.8681141724298083
