0, 1368, 1089, 31, 33, 0.9626777939957529
0, 1074, 1066, 30, 33, 0.869790972774017
0, 736, 601, 31, 30, 0.9154446478163278
0, 934, 1333, 32, 33, 0.9503930160826718
0, 1014, 1111, 33, 34, 0.9340214503560041
0, 1185, 136, 35, 32, 0.9407387379896945
0, 1202, 1554, 34, 32, 0.9458805711848397
0, 1023, 578, 30, 32, 0.9157860427133219
0, 1581, 1654, 32, 30, 0.9397310849324997
0, 1051, 1291, 34, 35, 0.9074292326431482
0, 1089, 1521, 31, 32, 0.9407059522060855
0, 1287, 448, 31, 33, 0.9483720970712425
0, 1526, 1612, 32, 31, 0.965772078926283
0, 267, 982, 33, 35, 0.9601983732193102
0, 822, 1087, 31, 33, 0.9357614000456342
0, 1540, 1645, 29, 28, 0.9479098387123578
0, 1047, 1389, 31, 31, 0.9316102578298063
0, 1042, 344, 26, 27, 0.9315416680381873
0, 151, 1223, 34, 28, 0.9582116259284675
0, 1134, 245, 35, 37, 0.9615086827921046
0, 254, 1332, 29, 34, 0.9684171611762061
0, 1413, 1229, 36, 33, 0.9268144352128587
0, 477, 1390, 34, 33, 0.9599614271181315
0, 705, 1224, 25, 31, 0.9039205117625588
0, 1176, 1719, 26, 26, 0.9145843281555003
0, 210, 1320, 28, 34, 0.9143017544394528
0, 398, 94, 33, 30, 0.9270099728191759
0, 1079, 1116, 29, 31, 0.9460449062167162
0, 1163, 97, 27, 33, 0.9271845581583441
0, 970, 1050, 36, 36, 0.9240267033555577
0, 1033, 1002, 32, 34, 0.9225729601677595
0, 1546, 1367, 31, 34, 0.920532557763875
0, 1341, 1532, 33, 32, 0.9400004997876306
0, 1251, 1723, 35, 35, 0.9089106308501489
0, 781, 347, 31, 29, 0.9575093157938158
0, 162, 1178, 34, 32, 0.9305397609855023
0, 901, 1293, 33, 28, 0.9272243708459658
0, 706, 992, 33, 35, 0.9050980319418978
0, 1710, 1373, 29, 28, 0.9325409883958943
0, 1119, 1323, 32, 30, 0.9648508546411169
0, 377, 158, 26, 32, 0.9251663748795032
0, 904, 939, 32, 31, 0.8988566741161473
0, 1527, 342, 29, 31, 0.9414060497411707
0, 149, 871, 29, 34, 0.9404797170983442
0, 209, 373, 32, 31, 0.9767306096233284
0, 1603, 647, 29, 33, 0.9515876528445286
0, 1330, 1047, 32, 30, 0.9150855271883501
0, 1010, 1249, 31, 33, 0.9403025822246125
0, 115, 859, 28, 31, 0.9116270410061329
0, 726, 367, 31, 28, 0.9605506738863359
0, 836, 1197, 34, 28, 0.95598516451012
0, 1723, 323, 34, 31, 0.9413607830953564
0, 826, 741, 33, 33, 0.9313787716543462
0, 1449, 437, 31, 31, 0.9279905959112744
0, 1485, 1159, 34, 40, 0.953522495116458
0, 447, 1407, 29, 27, 0.9544446761467397
0, 97, 142, 33, 35, 0.9218436906564134
0, 1537, 1099, 28, 30, 0.9453610263341765
0, 688, 667, 32, 30, 0.9022808296305664
0, 507, 579, 36, 27, 0.9237831148353977
0, 487, 1246, 35, 35, 0.9199679002621483
0, 239, 244, 29, 31, 0.964691489814043
0, 911, 1044, 30, 30, 0.9510478677088541
0, 385, 679, 33, 31, 0.9007872722975792
0, 1175, 1686, 27, 30, 0.903403905673526
0, 698, 1272, 31, 30, 0.9383293818923912
0, 1250, 1474, 28, 28, 0.8590869530502411
0, 1015, 1447, 27, 29, 0.9276303589574815
0, 342, 412, 32, 34, 0.9442711437930276
0, 144, 674, 32, 34, 0.953761301799016
0, 1329, 790, 26, 28, 0.9236966550713122
0, 496, 1452, 28, 29, 0.9210739306221982
0, 589, 372, 29, 30, 0.9365509945252807
0, 1403, 897, 26, 26, 0.9251129699626812
0, 629, 588, 25, 26, 0.9214706738266698
0, 1712, 1599, 30, 35, 0.9373654113558296
0, 100, 894, 28, 26, 0.9011921242004758
0, 1224, 104, 31, 29, 0.9325983158271464
0, 339, 497, 31, 28, 0.9003255345139932
0, 1449, 560, 25, 28, 0.9176671605344229
0, 75, 750, 33, 28, 0.9596193229774506
0, 1214, 1475, 27, 31, 0.9262484845075946
0, 69, 1670, 30, 31, 0.9178680524948971
0, 1548, 1058, 32, 34, 0.9263731197307307
0, 535, 1036, 30, 27, 0.8856183072877224
0, 727, 1414, 36, 31, 0.9245354728534625
0, 470, 1710, 30, 29, 0.9410765172470387
0, 915, 96, 33, 30, 0.9227426244970822
0, 350, 58, 34, 28, 0.9311123380714719
0, 1274, 274, 34, 38, 0.937667254118928
0, 1086, 786, 30, 27, 0.9356868764122359
0, 316, 1007, 26, 27, 0.8627988623084786
0, 1004, 1507, 27, 29, 0.9126955990954156
0, 54, 138, 26, 29, 0.8972323459617635
0, 994, 916, 31, 32, 0.9082955853908412
0, 1155, 904, 28, 28, 0.9413642050711059
0, 49, 1722, 27, 28, 0.8888908241633469
0, 559, 1709, 32, 32, 0.9122340991710647
0, 281, 713, 32, 32, 0.9273110517946737
0, 1154, 1125, 28, 35, 0.9227896995019261
0, 1281, 1756, 33, 28, 0.869007388474088
0, 1156, 462, 35, 28, 0.9444278419009013
0, 1044, 12, 30, 25, 0.9155834736269353
0, 1223, 1042, 30, 28, 0.9331439296971685
0, 629, 1157, 24, 33, 0.9389327529075762
0, 664, 1227, 35, 32, 0.9389277604395471
0, 1484, 1475, 29, 29, 0.9041936563432205
0, 658, 809, 28, 25, 0.8931329808164133
0, 1069, 894, 26, 29, 0.9401879766820627
0, 1508, 983, 32, 38, 0.9195649905968898
0, 20, 461, 36, 36, 0.9149354145840264
0, 715, 852, 27, 31, 0.8786257754800455
0, 1374, 34, 34, 26, 0.9337044862227237
0, 1215, 1705, 32, 32, 0.9399895645003927
0, 1715, 813, 29, 28, 0.9193810474860449
0, 785, 913, 33, 25, 0.8808845925472674
0, 219, 1644, 36, 33, 0.9698840813508997
0, 850, 1720, 32, 34, 0.9093886558493813
0, 776, 58, 27, 27, 0.9115817828061985
0, 867, 1290, 23, 30, 0.8683501356581238
0, 989, 579, 31, 33, 0.9441353593007726
0, 13, 1379, 27, 31, 0.9126565209095402
0, 1239, 653, 29, 33, 0.9503918759247701
0, 247, 1696, 29, 27, 0.9268162402173742
0, 1155, 350, 31, 31, 0.9061539755915496
0, 1481, 95, 33, 38, 0.954254521233878
0, 69, 1424, 29, 30, 0.9351480125529128
0, 1620, 512, 27, 27, 0.9155006118455034
0, 392, 1007, 26, 41, 0.8886530646314623
0, 316, 1228, 34, 25, 0.8876968012786443
0, 760, 120, 27, 32, 0.9398258881380485
0, 973, 1124, 27, 30, 0.919552639900282
0, 904, 755, 25, 28, 0.9087445129508046
0, 1320, 1488, 31, 30, 0.93296937482938
0, 1275, 607, 26, 28, 0.8837928945804769
0, 272, 100, 30, 32, 0.8680456658735929
0, 62, 1467, 34, 31, 0.9357689764286148
0, 1376, 211, 30, 26, 0.8999659139193195
0, 936, 830, 26, 25, 0.9060467487315347
0, 92, 1733, 37, 35, 0.9207951255979158
0, 202, 1249, 31, 28, 0.926410280981811
0, 1357, 296, 29, 31, 0.9344319792247389
0, 447, 75, 29, 29, 0.9227442757872489
0, 1655, 1566, 31, 31, 0.9259112876763009
0, 691, 417, 29, 27, 0.9155001659719924
0, 1186, 524, 28, 26, 0.9272136595548223
0, 1561, 1580, 25, 27, 0.9327747981956112
0, 909, 1751, 29, 29, 0.8534491470021789
0, 108, 1374, 28, 27, 0.9388064296391142
0, 265, 918, 29, 26, 0.9332165853073676
0, 1044, 654, 41, 32, 0.9233816320034003
0, 727, 1739, 26, 24, 0.9113274620433146
0, 734, 10, 32, 19, 0.8548966823301443
0, 741, 1219, 27, 29, 0.9259994922174029
0, 1128, 1487, 26, 26, 0.9055171988138538
0, 910, 1718, 29, 25, 0.8913368682478225
0, 1310, 1346, 29, 31, 0.9449296991698863
0, 831, 1616, 29, 31, 0.9473138541155062
0, 1286, 826, 30, 28, 0.8925782834344583
0, 307, 515, 24, 29, 0.9156424570202019
0, 231, 1493, 29, 30, 0.9134594437171525
0, 161, 1544, 27, 34, 0.9148751325443597
0, 360, 940, 44, 31, 0.9203433563251002
0, 754, 672, 26, 29, 0.8982779807143705
0, 1531, 146, 28, 31, 0.8816996624377945
0, 406, 557, 27, 32, 0.9265054653247353
0, 750, 1360, 27, 34, 0.9444957543896362
0, 274, 322, 22, 25, 0.8600673088050104
0, 271, 1386, 27, 26, 0.9314098732735265
0, 1259, 1636, 34, 28, 0.9399027511892
0, 11, 586, 22, 27, 0.9371336892212981
0, 1674, 545, 37, 30, 0.9279967257646432
0, 1152, 1667, 27, 25, 0.9290373334444699
0, 110, 1280, 29, 30, 0.9281180497167212
0, 684, 235, 26, 28, 0.8703303617341669
0, 349, 579, 36, 32, 0.8997922076905466
0, 646, 159, 23, 35, 0.9019090238673338
0, 1099, 1697, 25, 33, 0.8872370828002316
0, 1136, 533, 27, 33, 0.9029363330078085
0, 323, 832, 29, 26, 0.9276513167793123
0, 808, 1031, 41, 38, 0.9639243115268991
0, 1068, 1445, 24, 31, 0.9222077461206726
0, 1398, 848, 27, 30, 0.9298598744351991
0, 795, 1205, 23, 29, 0.9127066550428958
0, 1681, 474, 29, 30, 0.8992439236701608
0, 1119, 1595, 31, 30, 0.903323500792139
0, 499, 980, 24, 24, 0.9252808047614038
0, 1296, 640, 34, 31, 0.9384201287791871
0, 71, 1098, 27, 28, 0.8657669733365063
0, 990, 73, 28, 26, 0.882663037293191
0, 1533, 210, 27, 28, 0.8907735987081997
0, 404, 651, 30, 32, 0.9125273218100839
0, 257, 290, 24, 27, 0.8845057953141773
0, 660, 775, 27, 31, 0.8924440860750043
0, 166, 754, 23, 26, 0.9392004866353847
0, 163, 450, 26, 28, 0.9361828683891444
0, 80, 1550, 32, 34, 0.9222128765796713
0, 499, 196, 29, 35, 0.9289655147719613
0, 1107, 1087, 21, 39, 0.8697852856647875
0, 1681, 1468, 27, 33, 0.9255107687454269
0, 354, 1381, 29, 30, 0.9442115732178199
