2, 602, 264, 26, 23, 0.8758224048551047
2, 602, 265, 25, 25, 0.8758559586386302
2, 315, 145, 26, 29, 0.8556079574603903
2, 315, 147, 28, 26, 0.8645280442732887
2, 488, 15, 29, 25, 0.8673543297556819
2, 488, 14, 26, 23, 0.8547264157513499
2, 613, 111, 26, 21, 0.8451910787178092
3, 118, 201, 233, 314, 0.8545557694025331
2, 33, 341, 22, 17, 0.8426706976722265
2, 487, 13, 28, 23, 0.8538077050092814
3, 82, 82, 164, 164, 0.857611072958707
2, 33, 340, 19, 16, 0.8589920463299753
2, 601, 264, 25, 25, 0.8848446612219039
3, 612, 34, 75, 69, 0.8536193444419097
2, 316, 145, 27, 29, 0.8704586428339273
2, 165, 18, 22, 24, 0.843129138138442
2, 614, 112, 31, 25, 0.8418155526523813
3, 33, 341, 25, 21, 0.860192433033203
3, 121, 222, 243, 294, 0.867046771739782
3, 31, 341, 31, 20, 0.8594604075194272
3, 32, 301, 64, 68, 0.8557641446849565
3, 83, 75, 166, 150, 0.8644623658491429
