0, 673, 181, 29, 37, 0.9025431677362877
0, 835, 58, 42, 27, 0.889676233901633
0, 633, 153, 35, 26, 0.9120775293424078
0, 503, 102, 28, 27, 0.8919759553450525
0, 1422, 372, 33, 40, 0.8856734722387798
0, 525, 71, 28, 35, 0.8951266870204359
0, 1132, 107, 28, 31, 0.8845648789782993
0, 525, 173, 31, 29, 0.9102350912326373
0, 167, 104, 33, 32, 0.8537074690295103
0, 449, 391, 48, 29, 0.9113092120139569
0, 65, 376, 40, 30, 0.871106418993796
0, 420, 143, 30, 35, 0.8936516069744517
0, 899, 123, 41, 26, 0.8807356594532135
0, 634, 200, 30, 29, 0.8988117810467505
0, 673, 251, 25, 42, 0.8887320557144317
0, 781, 42, 32, 27, 0.874309712784735
0, 704, 168, 27, 30, 0.8634120235793655
0, 604, 218, 39, 47, 0.9100030410164396
0, 1667, 244, 28, 23, 0.8593458133206273
0, 847, 23, 37, 31, 0.8758776671185141
0, 1184, 124, 41, 25, 0.8620981276988415
0, 1006, 262, 35, 28, 0.8707539717258884
0, 551, 104, 26, 30, 0.85530375762735
0, 1547, 132, 37, 39, 0.8719732126012033
0, 1325, 391, 31, 33, 0.861016634072926
0, 188, 45, 25, 26, 0.8902100772289794
0, 1266, 274, 38, 31, 0.8757274445500441
0, 897, 324, 33, 22, 0.8910663880509797
0, 406, 179, 32, 25, 0.8837567030827697
0, 622, 123, 25, 26, 0.869787527375426
0, 513, 299, 41, 29, 0.8860951057062716
0, 782, 136, 34, 32, 0.8954710174593296
0, 390, 104, 33, 28, 0.890166787021892
0, 1494, 199, 31, 30, 0.8605784605287253
0, 1574, 243, 30, 42, 0.853422398891172
0, 930, 332, 27, 25, 0.8574625768333046
0, 307, 72, 26, 26, 0.8661253730436544
0, 1044, 272, 28, 26, 0.8575394415289027
0, 701, 251, 29, 45, 0.8677706259195175
0, 1317, 279, 46, 38, 0.8798755668020789
0, 1407, 414, 31, 30, 0.8686887171895755
0, 956, 116, 26, 28, 0.9022414451772838
0, 780, 364, 31, 31, 0.8877235114917176
0, 109, 340, 43, 31, 0.8823585849292537
0, 749, 42, 25, 28, 0.8817351137633649
0, 134, 32, 28, 23, 0.847772361277836
0, 158, 364, 36, 34, 0.8761286322765798
0, 478, 251, 28, 30, 0.8946283067459029
0, 501, 33, 30, 25, 0.8795421977218143
0, 394, 203, 35, 31, 0.8731620141479838
0, 452, 82, 32, 27, 0.895438123716811
0, 467, 305, 32, 35, 0.8995584056732883
0, 1599, 291, 29, 27, 0.866458719377756
0, 833, 195, 25, 31, 0.9027724291425765
0, 677, 308, 32, 37, 0.8815324014043452
0, 709, 44, 31, 28, 0.8593938423491531
0, 51, 34, 27, 23, 0.8967545581408272
0, 234, 55, 21, 26, 0.8574868166713286
0, 573, 372, 28, 23, 0.8908301733123006
0, 342, 153, 24, 30, 0.8853968098581428
0, 364, 45, 33, 37, 0.8932564251693335
0, 920, 10, 44, 21, 0.883858709289701
0, 749, 226, 24, 40, 0.8878170191927679
0, 1040, 356, 39, 40, 0.9071615265971418
0, 1269, 358, 28, 22, 0.8518571732524387
0, 1635, 299, 27, 32, 0.8847324302625369
0, 389, 316, 25, 30, 0.8822707333157835
0, 1523, 301, 28, 28, 0.9073553688784928
0, 775, 330, 36, 35, 0.8689034725689313
0, 723, 234, 26, 41, 0.8834316458539827
0, 553, 17, 29, 28, 0.8820415619125905
0, 1647, 220, 24, 25, 0.9011147939232828
0, 903, 404, 28, 31, 0.8859440550068747
0, 355, 322, 32, 24, 0.8976144019524896
0, 1157, 304, 37, 23, 0.8567122677804828
0, 442, 24, 34, 27, 0.8761098893933097
0, 900, 79, 37, 35, 0.8659021293583385
0, 963, 265, 34, 44, 0.9134198742993265
