1, 34, 338, 18, 20, 0.9277072682682046
1, 267, 259, 22, 19, 0.8849277174321306
1, 194, 173, 17, 18, 0.9392765192058473
1, 223, 349, 19, 20, 0.9408595264159256
1, 432, 37, 21, 20, 0.9164267449877241
1, 146, 340, 19, 20, 0.9388026060865906
1, 451, 161, 17, 18, 0.9469732099499983
1, 118, 207, 22, 19, 0.9308738576685778
1, 202, 138, 19, 19, 0.89421340014682
1, 202, 51, 19, 20, 0.9378011692775943
1, 224, 41, 19, 19, 0.9457617347958265
1, 51, 300, 19, 20, 0.933336135178261
1, 26, 174, 19, 22, 0.9152813003179253
1, 264, 82, 18, 19, 0.903503738409289
1, 250, 279, 20, 19, 0.9223605412024439
1, 157, 46, 17, 23, 0.9001179395759468
1, 90, 81, 18, 19, 0.9338137473610895
1, 405, 131, 22, 14, 0.882183326616508
1, 82, 32, 19, 19, 0.9274578911980111
1, 183, 372, 20, 19, 0.931519313152749
1, 280, 163, 18, 20, 0.964524374444081
1, 124, 99, 18, 18, 0.9248349001616079
1, 424, 328, 19, 15, 0.8812276462571886
1, 373, 188, 20, 20, 0.923926472736164
1, 296, 175, 17, 17, 0.8809137076862075
1, 106, 55, 22, 17, 0.8967392620845368
1, 453, 203, 23, 17, 0.9312553480736946
1, 269, 131, 14, 16, 0.9370267434417674
1, 284, 369, 22, 19, 0.9412475851273084
1, 234, 129, 20, 19, 0.8920300672141657
1, 363, 96, 18, 20, 0.9494292989795552
1, 142, 402, 17, 17, 0.9571471568236877
1, 165, 232, 19, 19, 0.9246473753652733
1, 139, 80, 19, 18, 0.9109034865862202
1, 144, 221, 21, 16, 0.9270273882514328
1, 101, 32, 16, 16, 0.9323093060373515
1, 79, 322, 17, 19, 0.9316174543795026
1, 13, 19, 20, 17, 0.9195206609608704
1, 143, 133, 21, 24, 0.8903375002078785
1, 310, 55, 19, 16, 0.8903551287579874
1, 260, 117, 18, 19, 0.9012416979951452
1, 131, 166, 17, 17, 0.9623731054133065
1, 403, 385, 23, 19, 0.9400886158246272
1, 388, 153, 16, 21, 0.9378176655296562
1, 112, 179, 20, 16, 0.937642483201076
1, 456, 131, 19, 15, 0.8812141547862966
1, 246, 33, 15, 18, 0.886556013843019
1, 357, 207, 15, 15, 0.8721222621756237
1, 403, 115, 20, 13, 0.94048823803547
1, 26, 294, 18, 18, 0.8855440817155253
1, 402, 50, 20, 22, 0.9249362318554655
1, 360, 41, 19, 21, 0.8758834572984542
1, 42, 37, 26, 21, 0.9123694995915578
1, 301, 252, 18, 18, 0.9512726986932583
1, 148, 201, 21, 18, 0.9375658243367541
1, 71, 127, 19, 24, 0.9034896402500686
1, 202, 211, 21, 17, 0.9084054605497647
1, 252, 195, 18, 18, 0.9390420993550891
1, 431, 381, 19, 19, 0.8373126448572732
1, 476, 415, 22, 18, 0.8495830830680228
1, 417, 14, 26, 18, 0.915417797027472
1, 293, 43, 23, 21, 0.9085856086585233
1, 209, 330, 18, 22, 0.9641912751907418
1, 476, 282, 24, 17, 0.8705247011771455
1, 376, 113, 18, 17, 0.8882195769181205
1, 158, 411, 16, 22, 0.8572376825317793
1, 271, 339, 18, 18, 0.8499147654442364
1, 147, 178, 20, 20, 0.9474027014068007
1, 470, 117, 19, 19, 0.8714900047797838
1, 21, 127, 18, 19, 0.8276161779536202
1, 476, 39, 22, 16, 0.8674900887851054
1, 138, 48, 15, 21, 0.9124145196529813
1, 39, 361, 19, 18, 0.9431230532723023
1, 126, 191, 17, 16, 0.9095421373276726
1, 316, 223, 20, 18, 0.939717775220816
1, 469, 186, 23, 16, 0.8658914092352886
1, 267, 32, 18, 19, 0.8943309223565571
1, 212, 222, 16, 16, 0.8795884499610518
1, 4, 104, 9, 23, 0.902299414503737
1, 42, 217, 26, 23, 0.8801250553596544
1, 372, 315, 20, 25, 0.938493566442899
1, 58, 92, 16, 19, 0.8471800872623657
1, 123, 265, 15, 15, 0.885305878177194
1, 344, 118, 21, 17, 0.9242314935654236
1, 246, 109, 18, 18, 0.9448789273739227
1, 174, 151, 18, 24, 0.9387229991740169
1, 14, 229, 18, 19, 0.9580133583937664
1, 447, 52, 26, 18, 0.9353367326656115
1, 390, 233, 21, 16, 0.9080158607543422
1, 186, 196, 23, 14, 0.9341214520042718
1, 405, 335, 19, 15, 0.9198265841456081
1, 342, 64, 18, 16, 0.9280685890393223
1, 107, 258, 19, 26, 0.9269986732409584
1, 40, 280, 21, 18, 0.9388580317561402
1, 140, 300, 18, 16, 0.8943815837589433
1, 204, 379, 19, 16, 0.8167845818397237
1, 303, 348, 20, 19, 0.857526719053663
1, 34, 236, 23, 20, 0.8736388800322411
1, 485, 105, 11, 23, 0.8494570649583876
1, 116, 229, 21, 17, 0.8698912729487065
1, 328, 208, 19, 14, 0.9348458819682491
1, 369, 140, 25, 22, 0.9220393716947471
1, 99, 18, 16, 10, 0.9170223168642131
1, 321, 88, 19, 18, 0.9534032401890584
1, 51, 12, 21, 21, 0.9602794345955961
1, 337, 296, 20, 19, 0.8945968278145988
1, 199, 237, 23, 17, 0.8844290424198958
1, 291, 294, 24, 26, 0.9255431186682122
1, 335, 100, 15, 15, 0.8923813620749335
1, 70, 16, 21, 18, 0.9273657728626178
1, 487, 300, 7, 15, 0.8381948853576625
1, 381, 174, 20, 15, 0.8986317017767602
1, 70, 161, 17, 20, 0.9402749403175513
1, 143, 106, 19, 19, 0.9336938933994252
1, 291, 113, 18, 16, 0.9170358809737739
1, 219, 304, 22, 21, 0.9076740397389227
1, 230, 264, 24, 18, 0.9557071025592514
1, 372, 23, 27, 17, 0.916814566018211
1, 456, 228, 22, 24, 0.8747945636087893
1, 192, 258, 15, 18, 0.8754932521885275
1, 187, 7, 18, 14, 0.9390169450050533
1, 407, 223, 17, 18, 0.8583894593879862
1, 430, 180, 23, 18, 0.8542468726845078
1, 71, 234, 16, 18, 0.8668424470364903
1, 96, 391, 20, 22, 0.904284478475644
1, 216, 64, 17, 17, 0.8777327537433872
1, 265, 212, 19, 15, 0.82436608362776
1, 468, 158, 13, 17, 0.8647474329373843
1, 172, 49, 14, 15, 0.9267334998441091
1, 289, 13, 24, 18, 0.8703022588585325
1, 206, 394, 20, 16, 0.9149840950181332
1, 303, 132, 18, 24, 0.9347199456963853
1, 474, 60, 22, 19, 0.8447157290014375
