0, 482, 29, 26, 26, 0.8938163885282207
0, 486, 105, 27, 28, 0.901073711280572
0, 493, 55, 28, 24, 0.8423354173077121
0, 233, 333, 28, 21, 0.9247479366330906
0, 398, 199, 25, 24, 0.8893538744073035
0, 128, 159, 24, 27, 0.9203494027324896
0, 430, 56, 27, 22, 0.8466281957415078
0, 302, 433, 24, 22, 0.845482516083619
0, 147, 404, 26, 23, 0.9244164593720265
0, 396, 407, 30, 29, 0.8968539882308406
0, 326, 214, 23, 28, 0.9120895805175415
0, 328, 119, 22, 23, 0.9159961155201033
0, 125, 103, 29, 28, 0.9461925934281601
0, 448, 29, 29, 26, 0.9112340818026148
0, 113, 210, 27, 25, 0.8924327751145781
0, 413, 169, 22, 29, 0.9314622703047417
0, 83, 317, 24, 24, 0.924162413057547
0, 481, 245, 23, 26, 0.9080344653535871
0, 171, 72, 25, 29, 0.918803834471393
0, 431, 262, 39, 31, 0.9228024238753652
0, 464, 49, 23, 23, 0.9131663057780004
0, 116, 409, 27, 23, 0.9112232111220882
0, 358, 145, 22, 22, 0.9330481319782856
0, 241, 12, 22, 24, 0.932574922087346
0, 505, 206, 13, 23, 0.8425203674098766
0, 236, 253, 31, 28, 0.9221631791043293
0, 417, 26, 26, 24, 0.9144338070470898
0, 153, 107, 24, 27, 0.9102169474354065
0, 30, 265, 30, 28, 0.9097803209321369
0, 162, 24, 22, 27, 0.9228274537548351
0, 300, 104, 28, 27, 0.9335242622840269
0, 226, 42, 22, 23, 0.9427942822120314
0, 331, 94, 28, 24, 0.8979519104433025
0, 74, 40, 22, 21, 0.88978634922746
0, 152, 193, 24, 21, 0.8919845779120508
0, 353, 342, 25, 23, 0.8973457732279909
0, 207, 23, 25, 23, 0.9088132822596146
0, 499, 386, 23, 25, 0.8480628344633121
0, 261, 146, 22, 26, 0.9324263657212547
0, 205, 244, 31, 21, 0.9024851841777033
0, 284, 295, 28, 28, 0.9214740513385764
0, 144, 58, 28, 26, 0.9196298238470106
0, 17, 329, 33, 30, 0.8976832204284002
0, 128, 277, 37, 32, 0.9265511406861331
0, 405, 251, 23, 23, 0.9165651835534373
0, 204, 388, 24, 22, 0.8712721081359552
0, 298, 55, 19, 23, 0.9157505324676877
0, 242, 214, 22, 26, 0.8758410482168553
0, 195, 258, 30, 18, 0.8596157243101851
0, 140, 82, 24, 19, 0.914777286136707
0, 500, 125, 22, 24, 0.8409857735020314
0, 95, 426, 34, 28, 0.8686413971458119
0, 49, 234, 26, 25, 0.9284257450114499
0, 31, 302, 25, 21, 0.9241840041768234
0, 209, 177, 24, 22, 0.8765409292520103
0, 169, 423, 23, 21, 0.8720125435208341
0, 74, 72, 31, 28, 0.9395932415280877
0, 221, 220, 18, 25, 0.919362427423651
0, 286, 132, 25, 26, 0.9116866959584445
0, 286, 339, 22, 23, 0.9135843027446401
0, 178, 400, 28, 25, 0.8687005849907932
0, 47, 116, 25, 24, 0.896959617883605
0, 375, 372, 25, 23, 0.8892626254934282
0, 192, 83, 23, 23, 0.8979562334166982
0, 89, 345, 21, 20, 0.8761936751919602
0, 376, 427, 28, 26, 0.8536716516297896
0, 95, 394, 27, 24, 0.921974282641685
0, 259, 395, 32, 26, 0.9400538176291664
0, 211, 312, 35, 32, 0.9455522264199487
0, 117, 189, 20, 19, 0.8874437876413375
0, 157, 162, 27, 31, 0.8941634385261436
0, 153, 219, 31, 26, 0.8949306859831907
0, 453, 144, 29, 30, 0.9368870102370723
0, 399, 362, 35, 29, 0.9150590417130247
0, 313, 352, 28, 20, 0.8575607387444758
0, 66, 165, 32, 31, 0.9122604898861869
0, 266, 284, 26, 33, 0.8996061146774231
0, 497, 195, 18, 21, 0.8320993771823313
0, 129, 434, 24, 22, 0.8348440889715785
0, 336, 46, 23, 24, 0.9154724027922044
0, 236, 409, 30, 25, 0.8652799058796692
0, 488, 162, 20, 27, 0.8827635326929115
0, 422, 99, 30, 28, 0.9176635227711906
0, 347, 10, 24, 20, 0.8764353576668237
0, 371, 173, 35, 34, 0.9549077518909396
0, 46, 189, 34, 28, 0.913566125569562
0, 44, 66, 22, 24, 0.9141408766363236
0, 183, 11, 30, 22, 0.8985973484747527
0, 300, 207, 25, 29, 0.9386534664555679
0, 453, 93, 23, 22, 0.921730939251168
0, 493, 430, 17, 29, 0.8443039917014471
0, 412, 346, 21, 19, 0.8521240908359375
0, 181, 273, 21, 21, 0.9373251608749527
0, 115, 332, 22, 21, 0.8829395079126429
0, 421, 307, 29, 31, 0.8909779996268913
0, 220, 382, 27, 23, 0.9032044771787907
0, 5, 105, 11, 23, 0.851031694687325
0, 193, 59, 21, 18, 0.8748794742092143
0, 3, 254, 6, 21, 0.8405728605234425
0, 204, 352, 35, 30, 0.9316666814793825
0, 384, 222, 24, 27, 0.9239333896813711
0, 15, 36, 21, 23, 0.9113526663567577
0, 415, 122, 18, 18, 0.8892558690421319
0, 311, 292, 23, 35, 0.8944564885736027
0, 253, 371, 28, 20, 0.9088292743179753
0, 159, 265, 16, 28, 0.9129420876395998
0, 66, 10, 23, 20, 0.8912307691919821
0, 393, 154, 16, 23, 0.9238702522726955
0, 249, 68, 23, 27, 0.9226417105839001
0, 261, 11, 20, 22, 0.915062829670876
0, 393, 10, 20, 21, 0.9399277099510996
0, 349, 187, 20, 31, 0.88236184141421
0, 432, 77, 26, 18, 0.9176815090976753
0, 275, 102, 25, 26, 0.9101584736929654
0, 94, 67, 20, 32, 0.9305608342029837
0, 366, 37, 22, 18, 0.8379063621750824
0, 430, 164, 19, 23, 0.8609457738162323
0, 76, 217, 21, 21, 0.8728701093647581
3, 448, 329, 127, 141, 0.8915272098496474
