0, 556.0, 85.0, 21.0, 19.0, 0.5573740601539612
0, 614.0, 89.0, 20.0, 19.0, 0.5210163593292236
0, 16.0, 731.0, 17.0, 20.0, 0.5095973014831543
0, 840.0, 264.0, 20.0, 23.0, 0.4272817373275757
0, 982.0, 6.0, 17.0, 13.0, 0.4266299605369568
0, 534.0, 81.0, 20.0, 19.0, 0.39050033688545227
0, 530.0, 103.0, 21.0, 20.0, 0.38911134004592896
0, 606.0, 73.0, 16.0, 14.0, 0.3381497859954834
0, 28.0, 678.0, 15.0, 16.0, 0.33760562539100647
0, 593.0, 68.0, 12.0, 17.0, 0.3352985382080078
0, 809.0, 258.0, 17.0, 17.0, 0.3313850462436676
0, 930.0, 640.0, 18.0, 19.0, 0.32987120747566223
0, 939.0, 246.0, 19.0, 20.0, 0.3210050165653229
0, 356.0, 878.0, 16.0, 16.0, 0.3171934187412262
0, 4.0, 678.0, 9.0, 16.0, 0.3114658296108246
0, 241.0, 180.0, 16.0, 14.0, 0.29429861903190613
0, 428.0, 936.0, 19.0, 14.0, 0.285500168800354
0, 266.0, 198.0, 13.0, 13.0, 0.27723428606987
0, 5.0, 137.0, 11.0, 13.0, 0.27395495772361755
0, 799.0, 244.0, 15.0, 16.0, 0.2699480354785919
0, 381.0, 40.0, 16.0, 17.0, 0.2673085629940033
0, 257.0, 184.0, 16.0, 17.0, 0.2623315751552582
0, 660.0, 663.0, 21.0, 20.0, 0.26198798418045044
0, 546.0, 116.0, 17.0, 17.0, 0.2619476318359375
0, 416.0, 885.0, 18.0, 23.0, 0.2613619267940521
0, 326.0, 225.0, 18.0, 20.0, 0.2586685121059418
0, 255.0, 904.0, 23.0, 19.0, 0.23957717418670654
0, 934.0, 214.0, 16.0, 20.0, 0.23698019981384277
0, 918.0, 618.0, 19.0, 17.0, 0.23617853224277496
0, 243.0, 922.0, 15.0, 15.0, 0.2304447740316391
0, 443.0, 608.0, 17.0, 16.0, 0.22859296202659607
0, 320.0, 21.0, 15.0, 14.0, 0.22778403759002686
0, 442.0, 89.0, 14.0, 14.0, 0.22409281134605408
0, 309.0, 953.0, 15.0, 18.0, 0.22216615080833435
0, 514.0, 267.0, 18.0, 17.0, 0.21835002303123474
0, 799.0, 243.0, 15.0, 17.0, 0.21818438172340393
0, 309.0, 746.0, 20.0, 18.0, 0.21474561095237732
0, 207.0, 181.0, 17.0, 16.0, 0.21346352994441986
0, 697.0, 472.0, 17.0, 19.0, 0.2122068852186203
0, 606.0, 104.0, 16.0, 14.0, 0.2052219808101654
0, 244.0, 197.0, 16.0, 14.0, 0.20416410267353058
0, 6.0, 692.0, 12.0, 14.0, 0.20105400681495667
0, 510.0, 886.0, 15.0, 16.0, 0.2001059651374817
0, 765.0, 353.0, 14.0, 12.0, 0.19557544589042664
0, 988.0, 776.0, 14.0, 12.0, 0.19085010886192322
0, 689.0, 202.0, 20.0, 20.0, 0.18985611200332642
0, 825.0, 419.0, 17.0, 14.0, 0.1891794502735138
0, 219.0, 204.0, 19.0, 13.0, 0.18842381238937378
0, 685.0, 311.0, 17.0, 15.0, 0.1845978945493698
0, 229.0, 182.0, 15.0, 15.0, 0.18443931639194489
0, 955.0, 478.0, 15.0, 15.0, 0.18371237814426422
0, 268.0, 105.0, 14.0, 14.0, 0.18370413780212402
0, 784.0, 44.0, 18.0, 13.0, 0.1811205893754959
0, 218.0, 5.0, 15.0, 10.0, 0.18096107244491577
0, 709.0, 112.0, 20.0, 15.0, 0.180202454328537
0, 224.0, 928.0, 15.0, 15.0, 0.17797838151454926
0, 701.0, 96.0, 16.0, 14.0, 0.17617879807949066
0, 714.0, 425.0, 17.0, 15.0, 0.17568209767341614
0, 429.0, 951.0, 17.0, 13.0, 0.1747661978006363
0, 83.0, 726.0, 13.0, 18.0, 0.17216286063194275
0, 355.0, 16.0, 14.0, 16.0, 0.1684681624174118
0, 274.0, 936.0, 14.0, 15.0, 0.16823813319206238
0, 545.0, 195.0, 17.0, 19.0, 0.16805705428123474
0, 428.0, 146.0, 21.0, 21.0, 0.16677987575531006
0, 342.0, 354.0, 19.0, 19.0, 0.16305088996887207
0, 192.0, 923.0, 16.0, 18.0, 0.1627492606639862
0, 138.0, 708.0, 14.0, 13.0, 0.1613275706768036
0, 731.0, 285.0, 16.0, 14.0, 0.16096441447734833
0, 651.0, 245.0, 14.0, 13.0, 0.15970557928085327
0, 215.0, 682.0, 14.0, 16.0, 0.15676048398017883
0, 208.0, 666.0, 16.0, 17.0, 0.15631860494613647
0, 235.0, 900.0, 16.0, 20.0, 0.15578551590442657
0, 767.0, 208.0, 18.0, 18.0, 0.155565083026886
0, 372.0, 25.0, 16.0, 15.0, 0.1525058150291443
0, 712.0, 106.0, 19.0, 15.0, 0.1511751264333725
0, 214.0, 937.0, 14.0, 16.0, 0.14952142536640167
0, 44.0, 680.0, 16.0, 14.0, 0.14908021688461304
0, 336.0, 644.0, 15.0, 22.0, 0.14789800345897675
0, 416.0, 885.0, 18.0, 23.0, 0.14428214728832245
0, 305.0, 872.0, 16.0, 20.0, 0.14102137088775635
0, 765.0, 110.0, 17.0, 14.0, 0.138144850730896
0, 704.0, 663.0, 15.0, 18.0, 0.1380494385957718
0, 275.0, 186.0, 13.0, 14.0, 0.136948361992836
0, 607.0, 201.0, 21.0, 26.0, 0.13621845841407776
0, 316.0, 860.0, 13.0, 18.0, 0.1360049694776535
0, 213.0, 897.0, 15.0, 19.0, 0.13496533036231995
0, 665.0, 57.0, 19.0, 18.0, 0.13444384932518005
0, 541.0, 900.0, 16.0, 20.0, 0.13404718041419983
0, 448.0, 583.0, 16.0, 17.0, 0.13134649395942688
0, 666.0, 251.0, 19.0, 14.0, 0.13099274039268494
0, 919.0, 631.0, 17.0, 13.0, 0.12973403930664062
0, 329.0, 431.0, 19.0, 19.0, 0.1275859773159027
0, 94.0, 722.0, 14.0, 19.0, 0.12712271511554718
0, 948.0, 853.0, 19.0, 22.0, 0.12611712515354156
0, 567.0, 351.0, 19.0, 20.0, 0.1236986368894577
0, 436.0, 122.0, 13.0, 18.0, 0.12185390293598175
0, 15.0, 677.0, 14.0, 18.0, 0.12179618328809738
0, 349.0, 818.0, 14.0, 15.0, 0.12143740057945251
0, 760.0, 804.0, 14.0, 18.0, 0.12115806341171265
0, 309.0, 995.0, 17.0, 8.0, 0.12055297195911407
0, 723.0, 117.0, 16.0, 17.0, 0.11863171309232712
0, 199.0, 939.0, 13.0, 14.0, 0.11702324450016022
0, 541.0, 487.0, 15.0, 15.0, 0.11679209023714066
0, 286.0, 681.0, 15.0, 14.0, 0.11678192019462585
0, 655.0, 296.0, 17.0, 15.0, 0.11644359678030014
0, 358.0, 827.0, 16.0, 17.0, 0.11527862399816513
0, 788.0, 360.0, 15.0, 16.0, 0.1139167994260788
0, 209.0, 15.0, 14.0, 15.0, 0.11347629129886627
0, 706.0, 76.0, 18.0, 21.0, 0.11303361505270004
0, 356.0, 33.0, 13.0, 19.0, 0.11239298433065414
0, 395.0, 954.0, 16.0, 14.0, 0.11116737127304077
0, 504.0, 979.0, 14.0, 22.0, 0.11056169122457504
0, 392.0, 721.0, 16.0, 13.0, 0.10968984663486481
0, 836.0, 376.0, 16.0, 15.0, 0.10867392271757126
0, 818.0, 372.0, 16.0, 14.0, 0.10853375494480133
0, 411.0, 93.0, 15.0, 16.0, 0.10758323967456818
0, 302.0, 685.0, 15.0, 15.0, 0.10746191442012787
0, 713.0, 510.0, 15.0, 15.0, 0.10661106556653976
0, 303.0, 202.0, 22.0, 17.0, 0.10575760900974274
0, 801.0, 534.0, 15.0, 15.0, 0.10562670230865479
0, 181.0, 995.0, 23.0, 9.0, 0.10547372698783875
0, 541.0, 73.0, 20.0, 14.0, 0.10537393391132355
0, 350.0, 820.0, 15.0, 15.0, 0.10389929264783859
0, 447.0, 177.0, 13.0, 18.0, 0.10381992161273956
0, 933.0, 665.0, 14.0, 17.0, 0.10274306684732437
0, 341.0, 701.0, 14.0, 17.0, 0.10022792965173721
0, 444.0, 75.0, 16.0, 14.0, 0.10000583529472351
0, 281.0, 970.0, 13.0, 13.0, 0.0985780581831932
0, 327.0, 224.0, 17.0, 18.0, 0.09833606332540512
0, 781.0, 95.0, 18.0, 14.0, 0.09809809178113937
0, 423.0, 610.0, 17.0, 19.0, 0.0977746769785881
0, 175.0, 780.0, 14.0, 14.0, 0.09722283482551575
0, 377.0, 86.0, 17.0, 13.0, 0.09694656729698181
0, 183.0, 966.0, 19.0, 18.0, 0.09565965831279755
0, 322.0, 6.0, 18.0, 12.0, 0.09460502117872238
0, 3.0, 164.0, 7.0, 17.0, 0.0937160849571228
0, 766.0, 430.0, 14.0, 14.0, 0.09336373209953308
0, 309.0, 8.0, 14.0, 15.0, 0.09163596481084824
0, 262.0, 685.0, 15.0, 13.0, 0.09148792922496796
0, 345.0, 27.0, 16.0, 16.0, 0.09058013558387756
0, 324.0, 6.0, 17.0, 13.0, 0.09007681161165237
0, 4.0, 102.0, 9.0, 13.0, 0.08887258172035217
0, 438.0, 923.0, 15.0, 13.0, 0.08868776261806488
0, 286.0, 878.0, 15.0, 17.0, 0.0883961096405983
0, 428.0, 937.0, 19.0, 15.0, 0.08828587085008621
0, 340.0, 879.0, 18.0, 20.0, 0.08770082145929337
0, 338.0, 243.0, 15.0, 13.0, 0.08721936494112015
0, 559.0, 321.0, 14.0, 13.0, 0.08702828735113144
0, 724.0, 854.0, 14.0, 16.0, 0.08522890508174896
0, 249.0, 208.0, 20.0, 12.0, 0.083585225045681
0, 991.0, 441.0, 15.0, 15.0, 0.0827600359916687
0, 739.0, 8.0, 16.0, 17.0, 0.0819687694311142
0, 404.0, 700.0, 16.0, 14.0, 0.08098530024290085
0, 407.0, 72.0, 19.0, 16.0, 0.07991763949394226
0, 470.0, 561.0, 13.0, 13.0, 0.07972460240125656
0, 272.0, 941.0, 16.0, 20.0, 0.079381063580513
0, 453.0, 197.0, 12.0, 16.0, 0.07935195416212082
0, 326.0, 736.0, 13.0, 14.0, 0.07781998068094254
0, 456.0, 82.0, 15.0, 13.0, 0.077785924077034
0, 727.0, 432.0, 15.0, 12.0, 0.07741324603557587
0, 165.0, 790.0, 15.0, 12.0, 0.07674533873796463
0, 293.0, 925.0, 13.0, 14.0, 0.07663808763027191
0, 709.0, 111.0, 21.0, 15.0, 0.07636163383722305
0, 251.0, 25.0, 14.0, 16.0, 0.07593198865652084
0, 340.0, 664.0, 14.0, 15.0, 0.07549596577882767
0, 902.0, 659.0, 17.0, 14.0, 0.07463619858026505
0, 420.0, 724.0, 17.0, 15.0, 0.07452142238616943
0, 766.0, 88.0, 13.0, 13.0, 0.07393456250429153
0, 182.0, 46.0, 15.0, 12.0, 0.07358742505311966
0, 961.0, 461.0, 16.0, 15.0, 0.07348760962486267
0, 921.0, 791.0, 15.0, 14.0, 0.07289809733629227
0, 762.0, 446.0, 15.0, 15.0, 0.072676882147789
0, 660.0, 663.0, 22.0, 21.0, 0.07265997678041458
0, 988.0, 967.0, 13.0, 19.0, 0.07206450402736664
0, 123.0, 707.0, 14.0, 14.0, 0.07182346284389496
0, 363.0, 605.0, 17.0, 13.0, 0.07148054242134094
0, 349.0, 426.0, 15.0, 19.0, 0.07135370373725891
0, 728.0, 311.0, 13.0, 15.0, 0.07131385803222656
0, 223.0, 932.0, 15.0, 16.0, 0.07115045934915543
0, 696.0, 690.0, 21.0, 21.0, 0.07074201852083206
0, 64.0, 715.0, 16.0, 15.0, 0.07065309584140778
0, 184.0, 938.0, 15.0, 17.0, 0.07040707767009735
0, 732.0, 83.0, 17.0, 15.0, 0.07015461474657059
0, 288.0, 195.0, 15.0, 12.0, 0.06960878521203995
0, 167.0, 48.0, 15.0, 14.0, 0.0694882795214653
0, 419.0, 724.0, 16.0, 14.0, 0.06907492876052856
0, 810.0, 47.0, 13.0, 12.0, 0.0689115822315216
0, 309.0, 218.0, 13.0, 17.0, 0.06802577525377274
0, 709.0, 219.0, 14.0, 16.0, 0.06774790585041046
0, 306.0, 929.0, 15.0, 13.0, 0.0673268660902977
0, 942.0, 406.0, 16.0, 17.0, 0.06672565639019012
0, 102.0, 643.0, 19.0, 16.0, 0.06639757007360458
0, 431.0, 743.0, 14.0, 15.0, 0.06584226340055466
0, 262.0, 685.0, 14.0, 13.0, 0.06574591249227524
0, 368.0, 818.0, 17.0, 11.0, 0.06545475125312805
0, 264.0, 72.0, 13.0, 14.0, 0.06494894623756409
0, 453.0, 94.0, 14.0, 11.0, 0.06454407423734665
0, 218.0, 248.0, 15.0, 15.0, 0.06412693113088608
0, 678.0, 267.0, 18.0, 15.0, 0.06404010206460953
0, 751.0, 344.0, 16.0, 13.0, 0.06171036511659622
0, 196.0, 908.0, 16.0, 17.0, 0.060884345322847366
0, 328.0, 856.0, 12.0, 16.0, 0.06037452816963196
0, 328.0, 868.0, 13.0, 17.0, 0.0603371262550354
0, 747.0, 335.0, 17.0, 15.0, 0.05913609266281128
0, 330.0, 876.0, 17.0, 19.0, 0.05865669995546341
0, 623.0, 102.0, 15.0, 12.0, 0.05864584073424339
0, 356.0, 408.0, 14.0, 12.0, 0.05805090814828873
0, 355.0, 247.0, 15.0, 10.0, 0.05778258293867111
0, 410.0, 579.0, 15.0, 16.0, 0.05649065971374512
0, 193.0, 925.0, 16.0, 18.0, 0.05643634498119354
0, 316.0, 861.0, 12.0, 17.0, 0.05639629065990448
0, 923.0, 355.0, 15.0, 14.0, 0.05615496262907982
0, 436.0, 107.0, 13.0, 17.0, 0.05563001334667206
0, 530.0, 878.0, 13.0, 13.0, 0.05536926910281181
0, 781.0, 476.0, 18.0, 17.0, 0.054740238934755325
0, 272.0, 124.0, 15.0, 14.0, 0.05458097532391548
0, 268.0, 627.0, 14.0, 15.0, 0.05442078411579132
0, 753.0, 203.0, 14.0, 13.0, 0.05439607799053192
0, 259.0, 54.0, 13.0, 16.0, 0.053789522498846054
0, 665.0, 710.0, 18.0, 17.0, 0.053742215037345886
0, 365.0, 890.0, 12.0, 14.0, 0.053720470517873764
0, 308.0, 704.0, 18.0, 17.0, 0.05352191627025604
0, 954.0, 158.0, 15.0, 13.0, 0.053330328315496445
0, 775.0, 366.0, 15.0, 12.0, 0.0530502051115036
0, 714.0, 425.0, 17.0, 14.0, 0.05298943817615509
0, 746.0, 807.0, 15.0, 14.0, 0.05287417396903038
0, 287.0, 947.0, 15.0, 21.0, 0.052067577838897705
0, 31.0, 727.0, 13.0, 18.0, 0.05205637216567993
0, 873.0, 543.0, 16.0, 14.0, 0.05197923630475998
0, 651.0, 451.0, 13.0, 13.0, 0.05168836563825607
0, 188.0, 980.0, 14.0, 14.0, 0.051508963108062744
0, 683.0, 316.0, 18.0, 23.0, 0.051324836909770966
0, 537.0, 39.0, 17.0, 16.0, 0.05036693066358566
0, 320.0, 954.0, 13.0, 16.0, 0.0503540076315403
0, 685.0, 185.0, 15.0, 15.0, 0.050294145941734314
0, 127.0, 741.0, 11.0, 14.0, 0.05006203055381775
