0, 644.0, 354.0, 24.0, 25.0, 0.2724510133266449
0, 122.0, 989.0, 27.0, 19.0, 0.23692236840724945
0, 392.0, 708.0, 20.0, 21.0, 0.23564167320728302
0, 547.0, 493.0, 22.0, 20.0, 0.23341351747512817
0, 126.0, 166.0, 17.0, 19.0, 0.22864015400409698
0, 364.0, 816.0, 20.0, 18.0, 0.22410894930362701
0, 148.0, 115.0, 17.0, 18.0, 0.18620839715003967
0, 975.0, 605.0, 20.0, 21.0, 0.18334293365478516
0, 604.0, 7.0, 20.0, 14.0, 0.1788751780986786
0, 879.0, 245.0, 21.0, 22.0, 0.17687810957431793
0, 557.0, 430.0, 22.0, 25.0, 0.1742650419473648
0, 440.0, 431.0, 17.0, 16.0, 0.1715165376663208
0, 938.0, 757.0, 18.0, 18.0, 0.17088839411735535
0, 850.0, 251.0, 18.0, 18.0, 0.16998574137687683
0, 714.0, 784.0, 19.0, 25.0, 0.15907083451747894
0, 147.0, 969.0, 23.0, 22.0, 0.15844550728797913
0, 371.0, 795.0, 19.0, 16.0, 0.1530233472585678
0, 391.0, 8.0, 26.0, 16.0, 0.14930398762226105
0, 584.0, 444.0, 23.0, 29.0, 0.14500285685062408
0, 223.0, 136.0, 20.0, 19.0, 0.14228413999080658
0, 584.0, 452.0, 24.0, 18.0, 0.14002157747745514
0, 510.0, 855.0, 17.0, 19.0, 0.13770654797554016
0, 170.0, 120.0, 18.0, 21.0, 0.13596706092357635
0, 115.0, 239.0, 19.0, 18.0, 0.1342635303735733
0, 667.0, 316.0, 28.0, 26.0, 0.13296842575073242
0, 143.0, 5.0, 20.0, 11.0, 0.13187943398952484
0, 531.0, 446.0, 24.0, 25.0, 0.12697996199131012
0, 580.0, 537.0, 19.0, 19.0, 0.12667250633239746
0, 384.0, 811.0, 18.0, 19.0, 0.125482439994812
0, 510.0, 371.0, 18.0, 18.0, 0.12270921468734741
0, 552.0, 736.0, 21.0, 20.0, 0.12209326028823853
0, 653.0, 473.0, 18.0, 19.0, 0.12147300690412521
0, 479.0, 501.0, 22.0, 19.0, 0.11783906817436218
0, 508.0, 607.0, 20.0, 19.0, 0.11744716018438339
0, 682.0, 418.0, 25.0, 28.0, 0.11571747809648514
0, 188.0, 7.0, 25.0, 14.0, 0.11542697250843048
0, 612.0, 346.0, 21.0, 22.0, 0.11357906460762024
0, 992.0, 23.0, 14.0, 14.0, 0.11285903304815292
0, 547.0, 184.0, 21.0, 18.0, 0.11166863888502121
0, 452.0, 935.0, 18.0, 21.0, 0.11088427156209946
0, 910.0, 170.0, 17.0, 19.0, 0.11073901504278183
0, 625.0, 486.0, 19.0, 19.0, 0.10495965927839279
0, 140.0, 211.0, 16.0, 15.0, 0.10483971238136292
0, 723.0, 39.0, 18.0, 22.0, 0.10438770800828934
0, 9.0, 429.0, 18.0, 23.0, 0.10415159910917282
0, 115.0, 266.0, 17.0, 17.0, 0.10404358059167862
0, 183.0, 595.0, 17.0, 18.0, 0.10318030416965485
0, 857.0, 297.0, 17.0, 17.0, 0.10141606628894806
0, 823.0, 138.0, 17.0, 19.0, 0.09939482808113098
0, 790.0, 377.0, 16.0, 16.0, 0.0975910946726799
0, 907.0, 724.0, 15.0, 16.0, 0.0951976403594017
0, 876.0, 313.0, 25.0, 25.0, 0.09481319785118103
0, 237.0, 27.0, 20.0, 19.0, 0.0938568115234375
0, 894.0, 713.0, 19.0, 16.0, 0.09358654916286469
0, 277.0, 377.0, 15.0, 17.0, 0.09125605970621109
0, 289.0, 493.0, 18.0, 19.0, 0.09080208837985992
0, 987.0, 392.0, 22.0, 21.0, 0.08878934383392334
0, 877.0, 744.0, 18.0, 19.0, 0.08846043050289154
0, 595.0, 965.0, 20.0, 20.0, 0.08779206871986389
0, 507.0, 427.0, 17.0, 18.0, 0.08760187029838562
0, 805.0, 301.0, 16.0, 18.0, 0.08741160482168198
0, 354.0, 803.0, 16.0, 17.0, 0.0852576270699501
0, 82.0, 990.0, 24.0, 18.0, 0.0843135342001915
0, 80.0, 124.0, 15.0, 18.0, 0.0818091481924057
0, 858.0, 347.0, 24.0, 22.0, 0.08178193122148514
0, 958.0, 223.0, 17.0, 16.0, 0.08115490525960922
0, 177.0, 827.0, 18.0, 19.0, 0.08087266236543655
0, 594.0, 712.0, 23.0, 18.0, 0.08066871762275696
0, 901.0, 265.0, 17.0, 16.0, 0.08005193620920181
0, 967.0, 7.0, 21.0, 14.0, 0.07987092435359955
0, 152.0, 180.0, 18.0, 25.0, 0.07890239357948303
0, 593.0, 526.0, 17.0, 15.0, 0.07838162779808044
0, 319.0, 251.0, 20.0, 17.0, 0.07816566526889801
0, 634.0, 890.0, 25.0, 19.0, 0.07559375464916229
0, 913.0, 625.0, 18.0, 21.0, 0.07515338063240051
0, 534.0, 52.0, 20.0, 19.0, 0.07455498725175858
0, 7.0, 465.0, 14.0, 18.0, 0.07358347624540329
0, 232.0, 119.0, 18.0, 20.0, 0.07319869846105576
0, 921.0, 260.0, 21.0, 21.0, 0.07212181389331818
0, 332.0, 634.0, 17.0, 17.0, 0.0720609650015831
0, 457.0, 590.0, 27.0, 21.0, 0.07175032049417496
0, 39.0, 6.0, 20.0, 13.0, 0.07139885425567627
0, 565.0, 357.0, 19.0, 19.0, 0.07011274248361588
0, 351.0, 252.0, 19.0, 22.0, 0.06969631463289261
0, 118.0, 185.0, 17.0, 16.0, 0.06947240233421326
0, 295.0, 819.0, 19.0, 18.0, 0.06844540685415268
0, 310.0, 706.0, 20.0, 18.0, 0.06814607977867126
0, 675.0, 793.0, 19.0, 19.0, 0.06795073300600052
0, 656.0, 204.0, 19.0, 18.0, 0.06719102710485458
0, 965.0, 256.0, 22.0, 24.0, 0.06684897840023041
0, 991.0, 237.0, 15.0, 15.0, 0.0667169839143753
0, 619.0, 222.0, 19.0, 19.0, 0.06586156785488129
0, 36.0, 507.0, 23.0, 20.0, 0.06558062136173248
0, 27.0, 814.0, 21.0, 21.0, 0.06481152772903442
0, 447.0, 760.0, 16.0, 16.0, 0.06350347399711609
0, 742.0, 190.0, 17.0, 18.0, 0.06281024217605591
0, 380.0, 37.0, 21.0, 19.0, 0.06131643429398537
0, 546.0, 947.0, 30.0, 26.0, 0.06097427010536194
0, 104.0, 284.0, 19.0, 16.0, 0.060486167669296265
0, 470.0, 831.0, 25.0, 20.0, 0.06045336276292801
0, 511.0, 917.0, 15.0, 17.0, 0.05965667963027954
0, 993.0, 902.0, 13.0, 19.0, 0.05947619304060936
0, 979.0, 240.0, 16.0, 16.0, 0.059166599065065384
0, 893.0, 770.0, 18.0, 20.0, 0.05912512168288231
0, 590.0, 472.0, 29.0, 18.0, 0.058889176696538925
0, 788.0, 4.0, 18.0, 8.0, 0.05878517031669617
0, 779.0, 327.0, 20.0, 18.0, 0.058614544570446014
0, 627.0, 325.0, 19.0, 18.0, 0.05853588506579399
0, 726.0, 260.0, 28.0, 22.0, 0.057801809161901474
0, 884.0, 727.0, 22.0, 19.0, 0.057678528130054474
0, 464.0, 952.0, 26.0, 21.0, 0.057558171451091766
0, 214.0, 480.0, 17.0, 15.0, 0.057466331869363785
0, 715.0, 7.0, 19.0, 14.0, 0.05734844133257866
0, 981.0, 267.0, 18.0, 20.0, 0.05715542659163475
0, 407.0, 530.0, 20.0, 16.0, 0.05685096234083176
0, 658.0, 347.0, 18.0, 17.0, 0.056172773241996765
0, 631.0, 906.0, 20.0, 18.0, 0.05532936379313469
0, 937.0, 578.0, 31.0, 29.0, 0.05508355051279068
0, 893.0, 360.0, 22.0, 22.0, 0.054970238357782364
0, 75.0, 368.0, 16.0, 18.0, 0.05475954711437225
0, 69.0, 153.0, 19.0, 17.0, 0.05471014231443405
0, 78.0, 581.0, 18.0, 18.0, 0.05470418930053711
0, 445.0, 779.0, 17.0, 16.0, 0.054420147091150284
0, 139.0, 55.0, 16.0, 16.0, 0.05427850782871246
0, 815.0, 109.0, 15.0, 16.0, 0.053984615951776505
0, 980.0, 729.0, 19.0, 18.0, 0.05383260175585747
0, 705.0, 852.0, 20.0, 17.0, 0.05379585549235344
0, 768.0, 220.0, 20.0, 20.0, 0.0537523552775383
0, 810.0, 388.0, 15.0, 20.0, 0.053463973104953766
0, 625.0, 828.0, 20.0, 20.0, 0.05343298614025116
0, 850.0, 313.0, 15.0, 16.0, 0.053309012204408646
0, 882.0, 297.0, 17.0, 16.0, 0.0532686710357666
0, 177.0, 172.0, 16.0, 15.0, 0.053212523460388184
0, 167.0, 181.0, 15.0, 18.0, 0.05271273851394653
0, 895.0, 634.0, 19.0, 20.0, 0.05257550626993179
0, 584.0, 422.0, 16.0, 16.0, 0.05227341130375862
0, 582.0, 511.0, 18.0, 17.0, 0.0522628128528595
0, 654.0, 392.0, 16.0, 19.0, 0.052216991782188416
0, 247.0, 120.0, 16.0, 19.0, 0.052200403064489365
0, 695.0, 756.0, 18.0, 20.0, 0.05216914415359497
0, 729.0, 852.0, 23.0, 22.0, 0.05208278447389603
0, 586.0, 254.0, 20.0, 17.0, 0.05191035941243172
0, 833.0, 851.0, 16.0, 21.0, 0.05174108222126961
0, 419.0, 692.0, 21.0, 25.0, 0.051327068358659744
0, 269.0, 129.0, 17.0, 22.0, 0.05111991614103317
0, 274.0, 257.0, 17.0, 19.0, 0.05073804780840874
0, 51.0, 380.0, 21.0, 23.0, 0.05072026327252388
0, 671.0, 470.0, 18.0, 15.0, 0.05058819428086281
0, 489.0, 749.0, 18.0, 17.0, 0.050561923533678055
0, 503.0, 713.0, 17.0, 19.0, 0.05026043578982353
0, 129.0, 68.0, 17.0, 16.0, 0.05009790509939194
