0, 1205, 1162, 51, 40, 0.17422330379486084
0, 1017, 1155, 138, 96, 0.13146157562732697
0, 1151, 1480, 109, 59, 0.12551717460155487
0, 1035, 1146, 76, 41, 0.12096112966537476
0, 199, 625, 49, 44, 0.11785420775413513
0, 1038, 1141, 94, 71, 0.11772509664297104
0, 925, 667, 41, 56, 0.11689510941505432
0, 279, 554, 72, 53, 0.11392997950315475
0, 1556, 1502, 190, 120, 0.10796152800321579
0, 430, 483, 43, 33, 0.10141173750162125
0, 1512, 1524, 60, 48, 0.0994732677936554
0, 1567, 1492, 37, 39, 0.09379802644252777
0, 1197, 1111, 57, 44, 0.09230271726846695
0, 1860, 690, 28, 29, 0.0779682993888855
0, 1599, 1473, 108, 79, 0.07583019137382507
0, 1491, 1526, 45, 43, 0.07370531558990479
0, 751, 1154, 44, 39, 0.07353710383176804
0, 367, 583, 31, 30, 0.07251998782157898
0, 1050, 1155, 80, 40, 0.067311130464077
0, 977, 1144, 55, 46, 0.06344161927700043
0, 361, 535, 25, 27, 0.06245708465576172
0, 1859, 671, 108, 92, 0.05860578641295433
0, 1187, 1493, 44, 35, 0.057540882378816605
0, 999, 1150, 90, 71, 0.0570489726960659
0, 318, 616, 52, 28, 0.055361099541187286
0, 1904, 663, 39, 29, 0.05428168922662735
0, 1587, 1468, 60, 38, 0.05367955565452576
0, 1529, 1491, 48, 39, 0.05318110063672066
0, 1031, 1468, 74, 48, 0.052792441099882126
0, 1850, 672, 52, 53, 0.05086250975728035
0, 1519, 1513, 98, 86, 0.05024806410074234
0, 928, 668, 68, 78, 0.04976482316851616
0, 1466, 1118, 33, 27, 0.047649405896663666
0, 1934, 694, 27, 24, 0.0460478737950325
0, 1617, 1454, 75, 43, 0.04403279721736908
0, 864, 1168, 27, 29, 0.04395383223891258
0, 1575, 1482, 52, 62, 0.04204569384455681
0, 1829, 672, 37, 38, 0.040351904928684235
0, 762, 368, 25, 25, 0.03850178048014641
0, 495, 459, 23, 35, 0.0384431816637516
0, 1955, 663, 19, 20, 0.0380721390247345
0, 154, 666, 46, 54, 0.037163663655519485
0, 1890, 660, 52, 41, 0.03704080730676651
0, 1879, 639, 36, 32, 0.035917166620492935
0, 1166, 1146, 17, 20, 0.034711889922618866
0, 186, 636, 75, 66, 0.03388194367289543
0, 1034, 1180, 71, 59, 0.03375035151839256
0, 1345, 1122, 42, 27, 0.0332319475710392
0, 143, 688, 38, 32, 0.03292079642415047
0, 890, 644, 30, 32, 0.02937326580286026
0, 1043, 1192, 40, 33, 0.027254080399870872
0, 393, 513, 23, 24, 0.025877997279167175
0, 871, 701, 38, 35, 0.02488885447382927
0, 155, 653, 38, 41, 0.024753306061029434
0, 817, 1117, 47, 32, 0.024540334939956665
0, 379, 746, 62, 35, 0.023998089134693146
0, 1861, 649, 75, 64, 0.022604677826166153
0, 374, 523, 51, 45, 0.022403018549084663
0, 375, 577, 51, 43, 0.021683840081095695
0, 265, 572, 65, 78, 0.02161320112645626
0, 159, 674, 72, 67, 0.01850949041545391
0, 879, 650, 40, 43, 0.018486566841602325
0, 1355, 1114, 38, 36, 0.018123215064406395
0, 1952, 652, 28, 39, 0.017597530037164688
0, 810, 667, 26, 23, 0.016789620742201805
0, 992, 1182, 74, 61, 0.016359390690922737
0, 1457, 1544, 19, 29, 0.015240905806422234
0, 1460, 1109, 33, 42, 0.01415232103317976
0, 1908, 671, 103, 65, 0.013537649996578693
0, 960, 1134, 44, 42, 0.013354839757084846
0, 1907, 680, 64, 58, 0.01322881504893303
0, 1944, 641, 25, 23, 0.012695472687482834
0, 1811, 686, 51, 45, 0.012675590813159943
0, 824, 344, 50, 42, 0.012188510969281197
0, 1423, 1095, 17, 18, 0.012181916274130344
0, 1063, 286, 27, 32, 0.012085705064237118
0, 951, 619, 26, 29, 0.0112324059009552
0, 170, 656, 100, 104, 0.010908113792538643
0, 833, 334, 43, 52, 0.010432703420519829
0, 1197, 1154, 78, 55, 0.010295183397829533
0, 575, 427, 15, 12, 0.010096600279211998
0, 443, 473, 61, 41, 0.010023914277553558
0, 809, 381, 17, 25, 0.010022721253335476
0, 1025, 585, 31, 21, 0.00999648217111826
0, 1860, 678, 166, 128, 0.009886257350444794
0, 889, 684, 62, 52, 0.00935618206858635
0, 877, 1174, 46, 22, 0.009122662246227264
0, 1494, 1530, 91, 71, 0.008702519349753857
0, 1829, 680, 85, 64, 0.008545470423996449
0, 952, 295, 28, 23, 0.008395294658839703
0, 1298, 1115, 22, 26, 0.008385241962969303
0, 249, 603, 27, 29, 0.008276774547994137
0, 797, 673, 32, 21, 0.008020833134651184
0, 939, 1180, 26, 25, 0.007868215441703796
0, 1922, 675, 60, 45, 0.007554616779088974
0, 306, 625, 35, 39, 0.007537899538874626
0, 1891, 652, 144, 78, 0.007308477070182562
0, 650, 390, 26, 29, 0.007264221552759409
0, 1401, 1093, 18, 19, 0.007007168605923653
0, 307, 604, 52, 67, 0.006836550310254097
0, 332, 616, 60, 41, 0.006787131540477276
0, 928, 1178, 39, 26, 0.006519209127873182
0, 230, 593, 41, 42, 0.005884320475161076
0, 460, 564, 24, 24, 0.005850967485457659
0, 906, 657, 93, 81, 0.005777076352387667
0, 768, 362, 41, 41, 0.005421996116638184
0, 353, 584, 45, 49, 0.005184754263609648
0, 804, 387, 26, 39, 0.005049202125519514
0, 346, 599, 87, 57, 0.005021595396101475
0, 822, 897, 27, 27, 0.004998977296054363
0, 838, 367, 21, 24, 0.0049285124987363815
0, 523, 508, 13, 13, 0.0048935748636722565
0, 953, 1190, 42, 37, 0.004890255630016327
0, 210, 599, 40, 36, 0.004869217053055763
0, 290, 777, 61, 39, 0.004710138309746981
0, 1496, 1123, 30, 31, 0.004629603587090969
0, 306, 597, 43, 33, 0.00457367766648531
0, 1800, 640, 51, 36, 0.004492048639804125
0, 444, 561, 27, 23, 0.004459304269403219
0, 474, 465, 40, 44, 0.004459054674953222
0, 1783, 676, 24, 29, 0.004429892171174288
0, 797, 392, 27, 43, 0.004382409155368805
0, 1377, 1103, 20, 31, 0.00435834564268589
0, 1866, 633, 55, 49, 0.0042031798511743546
0, 285, 589, 83, 82, 0.0041723717004060745
0, 469, 467, 88, 36, 0.0041557601653039455
0, 1783, 689, 23, 30, 0.003925664350390434
0, 1326, 1114, 66, 39, 0.0037747391033917665
0, 790, 353, 21, 31, 0.0037130056880414486
0, 1177, 1113, 87, 54, 0.003440955886617303
0, 852, 1167, 33, 31, 0.003436841070652008
0, 918, 612, 31, 30, 0.003249280620366335
0, 1786, 643, 30, 22, 0.003166785929352045
0, 783, 368, 64, 59, 0.0030558391008526087
0, 208, 630, 79, 58, 0.003033915301784873
0, 1542, 657, 55, 35, 0.00300210271961987
0, 1556, 652, 35, 32, 0.0029607885517179966
0, 1841, 628, 66, 46, 0.0029580462723970413
0, 954, 307, 31, 45, 0.002946818247437477
0, 937, 308, 34, 26, 0.002825428731739521
0, 1127, 559, 22, 20, 0.0028246333822607994
0, 1006, 310, 34, 31, 0.002717243041843176
0, 1813, 693, 78, 66, 0.002700187498703599
0, 345, 565, 63, 62, 0.0026429195422679186
0, 1701, 690, 19, 17, 0.002622282598167658
0, 1476, 1114, 71, 57, 0.002540700137615204
0, 967, 1405, 19, 21, 0.0024171164259314537
0, 727, 377, 23, 21, 0.0024101566523313522
0, 675, 646, 18, 23, 0.0022868402302265167
0, 1984, 699, 34, 28, 0.0021481774747371674
0, 605, 450, 20, 20, 0.002031598938629031
0, 817, 1138, 64, 59, 0.002022314118221402
0, 327, 608, 95, 79, 0.001921523129567504
0, 354, 528, 48, 40, 0.0019002490444108844
0, 765, 925, 22, 30, 0.0018889543134719133
0, 786, 928, 18, 33, 0.0018524994375184178
0, 902, 637, 55, 63, 0.00174887350294739
0, 194, 610, 65, 53, 0.0017228344222530723
0, 1426, 692, 16, 18, 0.001707670628093183
0, 1364, 740, 30, 28, 0.0016639480600133538
0, 410, 564, 15, 20, 0.0016389029333367944
0, 1821, 634, 84, 57, 0.00157968420535326
0, 425, 497, 38, 37, 0.0015322179533541203
0, 451, 573, 29, 21, 0.0014812018489465117
0, 389, 741, 85, 53, 0.0014443623367697
0, 348, 539, 51, 45, 0.0014347421238198876
0, 781, 681, 41, 24, 0.0014322943752631545
0, 714, 1131, 17, 24, 0.0014182822778820992
0, 440, 542, 24, 25, 0.0014036701759323478
0, 821, 1170, 40, 24, 0.00135531194973737
0, 1025, 1248, 32, 52, 0.0013550648000091314
0, 271, 562, 109, 103, 0.0013505927054211497
0, 925, 302, 27, 31, 0.001284620608203113
0, 1440, 1113, 51, 34, 0.0012737535871565342
0, 836, 1152, 28, 25, 0.0012575590517371893
0, 617, 416, 33, 28, 0.0012102684704586864
0, 146, 726, 31, 25, 0.0012097930302843451
0, 444, 743, 24, 25, 0.0011950009502470493
0, 686, 400, 24, 36, 0.0011787202674895525
0, 246, 635, 193, 179, 0.0011580399004742503
0, 576, 458, 15, 20, 0.001157868537120521
0, 918, 315, 20, 24, 0.0011345105012878776
0, 822, 349, 91, 81, 0.0010530399158596992
0, 1377, 732, 19, 27, 0.0010329054202884436
0, 724, 1130, 27, 24, 0.0009661157964728773
0, 249, 589, 137, 98, 0.0009095857967622578
0, 824, 1160, 66, 36, 0.0009043037425726652
0, 407, 525, 30, 43, 0.0008877778309397399
0, 1989, 634, 18, 30, 0.0008848217548802495
0, 1445, 1037, 28, 30, 0.0008677440346218646
0, 947, 1182, 77, 51, 0.0008482133271172643
0, 562, 417, 35, 29, 0.0008362751686945558
0, 717, 382, 30, 28, 0.0008336372557096183
0, 855, 696, 34, 25, 0.0007721408037468791
0, 1089, 1380, 51, 29, 0.0007481591310352087
0, 635, 405, 29, 34, 0.000745425233617425
0, 772, 1154, 44, 38, 0.0007440012414008379
0, 987, 306, 46, 31, 0.0006969416863285005
0, 761, 687, 17, 17, 0.000684882455971092
0, 1949, 697, 47, 36, 0.0006758393137715757
0, 1016, 314, 44, 28, 0.0006473035318776965
0, 1580, 1551, 299, 229, 0.0006158779142424464
0, 1347, 1515, 29, 36, 0.0006151915295049548
0, 1030, 1232, 23, 27, 0.0005973988445475698
0, 841, 663, 19, 36, 0.0005954575608484447
0, 291, 623, 33, 46, 0.0005907869781367481
0, 1404, 669, 17, 18, 0.0005877583171240985
0, 426, 492, 93, 54, 0.0005722419009543955
0, 762, 404, 19, 21, 0.0005529167247004807
0, 1337, 1134, 57, 37, 0.0005280068726278841
0, 607, 423, 24, 30, 0.0005252956179901958
0, 1417, 683, 35, 37, 0.0005224794731475413
0, 1146, 1110, 49, 29, 0.0005104982410557568
0, 863, 681, 125, 49, 0.0005041378899477422
0, 932, 1160, 64, 48, 0.000504002149682492
0, 1172, 1494, 97, 66, 0.000503454590216279
0, 334, 544, 153, 93, 0.0004784730263054371
0, 1379, 1077, 19, 25, 0.00047012168215587735
0, 924, 824, 41, 28, 0.0004600878746714443
0, 818, 1114, 65, 48, 0.0004593543126247823
0, 547, 425, 18, 20, 0.00045874607167206705
0, 1334, 1511, 56, 52, 0.000458617287222296
0, 911, 1120, 27, 23, 0.00045427802251651883
0, 765, 1134, 82, 72, 0.00044377584708854556
0, 1449, 1068, 40, 28, 0.00044314219849184155
0, 942, 1451, 18, 24, 0.00044116290519014
0, 1404, 1079, 20, 28, 0.0004368785594124347
0, 884, 1167, 70, 43, 0.0004361328901723027
0, 841, 650, 14, 35, 0.0004342149186413735
0, 791, 1167, 25, 25, 0.00039209017995744944
0, 1796, 699, 52, 53, 0.0003885827318299562
0, 771, 678, 40, 27, 0.00038314113044179976
0, 735, 1089, 17, 29, 0.00037160218926146626
0, 578, 472, 21, 34, 0.0003620905627030879
0, 1111, 701, 14, 23, 0.00034456877619959414
0, 568, 619, 22, 16, 0.0003436923143453896
0, 705, 397, 17, 30, 0.0003429024072829634
0, 889, 1162, 23, 36, 0.0003402343427296728
0, 335, 717, 23, 25, 0.00033821683609858155
0, 1037, 302, 78, 39, 0.0003366566088516265
0, 1313, 1498, 31, 32, 0.0003338986134622246
0, 814, 659, 45, 45, 0.00032201071735471487
0, 157, 716, 56, 42, 0.0003068790538236499
0, 1409, 1110, 51, 32, 0.0003012024681083858
0, 1023, 1194, 135, 125, 0.0003000431170221418
0, 651, 414, 57, 35, 0.0002966331085190177
0, 1516, 1477, 118, 117, 0.00029007758712396026
0, 1001, 1161, 199, 138, 0.00028809180366806686
0, 816, 858, 16, 20, 0.0002874295169021934
0, 861, 1118, 24, 30, 0.00028661516262218356
0, 1349, 1075, 26, 24, 0.00028213814948685467
0, 1390, 1113, 41, 38, 0.00027450858033262193
0, 509, 459, 32, 46, 0.0002695426228456199
0, 1977, 664, 45, 52, 0.0002645040221977979
0, 1122, 559, 36, 25, 0.00026387281832285225
0, 683, 426, 16, 20, 0.0002543149166740477
0, 1521, 1524, 143, 119, 0.00024986659991554916
0, 616, 458, 29, 21, 0.0002469829050824046
0, 671, 653, 27, 37, 0.00024214117729570717
0, 813, 691, 19, 11, 0.0002323768858332187
0, 141, 698, 55, 73, 0.00022865008213557303
0, 853, 663, 183, 111, 0.0002235778811154887
0, 1124, 1486, 121, 82, 0.00022247404558584094
0, 307, 636, 96, 75, 0.00021820003166794777
0, 1970, 182, 330, 365, 0.0002169387589674443
0, 1672, 699, 22, 26, 0.000215934996958822
0, 1650, 1445, 40, 28, 0.00021574627317022532
0, 545, 643, 14, 18, 0.00020842849335167557
0, 729, 1140, 49, 45, 0.00020632328232750297
0, 670, 636, 34, 35, 0.00020094227511435747
0, 839, 400, 17, 18, 0.00019839256128761917
0, 975, 1355, 14, 20, 0.00019789813086390495
0, 714, 903, 26, 25, 0.00019683338177856058
0, 1928, 662, 231, 139, 0.00019227828306611627
0, 301, 766, 104, 62, 0.00018879762501455843
0, 1379, 703, 16, 23, 0.00018756423378363252
0, 778, 404, 41, 45, 0.00018284664838574827
0, 1751, 701, 33, 35, 0.0001805194333428517
0, 1148, 1467, 165, 107, 0.00018037833797279745
0, 785, 918, 20, 27, 0.000179937036591582
0, 787, 349, 136, 116, 0.000179736249265261
0, 463, 460, 122, 92, 0.0001792055700207129
0, 927, 802, 45, 56, 0.00017535271763335913
0, 597, 466, 19, 42, 0.00017473965999670327
0, 647, 425, 27, 15, 0.00017374282469972968
0, 1201, 1176, 53, 111, 0.00017371798458043486
0, 230, 645, 63, 71, 0.00017343927174806595
0, 763, 1167, 102, 80, 0.0001703494490357116
0, 803, 652, 46, 34, 0.00016999815125018358
0, 608, 407, 28, 25, 0.00016508040425833315
0, 190, 714, 43, 27, 0.000163882490596734
0, 1931, 695, 53, 57, 0.00016265822341665626
0, 432, 587, 27, 11, 0.00015758736117277294
0, 750, 1093, 32, 27, 0.00015582195192109793
0, 700, 423, 21, 28, 0.00015486404299736023
0, 407, 521, 131, 100, 0.00015318683290388435
0, 573, 404, 18, 17, 0.00015307134890463203
0, 1348, 1121, 77, 64, 0.00015115691348910332
0, 1403, 1105, 202, 148, 0.00014912913320586085
0, 1319, 675, 13, 24, 0.00014800758799538016
