0, 442, 802, 42, 46, 0.37110817432403564
0, 208, 1069, 31, 31, 0.31386858224868774
0, 284, 950, 71, 105, 0.3053329885005951
0, 708, 1357, 29, 42, 0.2763310670852661
0, 483, 1021, 36, 76, 0.21735826134681702
0, 389, 273, 46, 25, 0.1895437091588974
0, 290, 998, 32, 30, 0.1843906193971634
0, 481, 1003, 29, 42, 0.16209177672863007
0, 297, 942, 44, 72, 0.15680168569087982
0, 512, 571, 27, 24, 0.14535224437713623
0, 409, 1134, 30, 48, 0.12899388372898102
0, 480, 1037, 29, 44, 0.11771803349256516
0, 279, 988, 62, 48, 0.110049769282341
0, 447, 1204, 35, 32, 0.10432638227939606
0, 264, 983, 29, 29, 0.10249399393796921
0, 253, 180, 23, 23, 0.09277784079313278
0, 712, 1314, 25, 20, 0.07932969927787781
0, 290, 143, 22, 25, 0.06309060752391815
0, 305, 894, 18, 28, 0.058433182537555695
0, 499, 700, 28, 31, 0.052147287875413895
0, 716, 1354, 56, 51, 0.05051381513476372
0, 500, 785, 23, 24, 0.04570701718330383
0, 165, 1149, 27, 18, 0.041138533502817154
0, 398, 341, 19, 29, 0.03627166524529457
0, 483, 594, 31, 25, 0.033025965094566345
0, 328, 1027, 24, 40, 0.03292204067111015
0, 346, 264, 15, 18, 0.030349677428603172
0, 479, 918, 21, 27, 0.029777901247143745
0, 284, 181, 28, 21, 0.02801484987139702
0, 586, 454, 18, 22, 0.0271797776222229
0, 373, 224, 26, 15, 0.02689426578581333
0, 458, 693, 21, 27, 0.022701110690832138
0, 398, 1296, 33, 38, 0.018101949244737625
0, 426, 1172, 27, 24, 0.01769200898706913
0, 703, 1296, 43, 54, 0.01597963087260723
0, 435, 886, 17, 19, 0.015753744170069695
0, 72, 1238, 32, 35, 0.015559189952909946
0, 698, 1312, 33, 24, 0.015376918017864227
0, 696, 1292, 29, 32, 0.014850165694952011
0, 285, 1000, 57, 44, 0.014457490295171738
0, 661, 1229, 33, 26, 0.01410680077970028
0, 474, 667, 20, 23, 0.013900777325034142
0, 425, 235, 21, 17, 0.013646882027387619
0, 499, 798, 27, 38, 0.012728472240269184
0, 268, 129, 32, 22, 0.012433184310793877
0, 365, 232, 29, 23, 0.011588330380618572
0, 503, 639, 27, 20, 0.010591065511107445
0, 281, 150, 35, 30, 0.01020499411970377
0, 380, 1311, 101, 81, 0.010097796097397804
0, 351, 1340, 46, 18, 0.010079970583319664
0, 75, 1248, 29, 31, 0.008561503142118454
0, 506, 698, 53, 30, 0.0076181236654520035
0, 391, 1191, 20, 20, 0.007497615180909634
0, 358, 1406, 31, 38, 0.007360583636909723
0, 542, 666, 33, 29, 0.0073257493786513805
0, 290, 91, 23, 31, 0.007238826714456081
0, 458, 1172, 29, 22, 0.00718254130333662
0, 709, 1334, 47, 48, 0.006955516990274191
0, 400, 351, 20, 24, 0.006776127964258194
0, 419, 1187, 24, 32, 0.006654252298176289
0, 427, 304, 19, 17, 0.006535347551107407
0, 563, 518, 14, 22, 0.006365796085447073
0, 416, 1207, 17, 31, 0.006280143279582262
0, 119, 1154, 18, 23, 0.0056828344240784645
0, 279, 1088, 20, 19, 0.005606308113783598
0, 259, 160, 23, 13, 0.0054309675469994545
0, 446, 694, 21, 19, 0.004805518314242363
0, 275, 175, 41, 47, 0.004712964408099651
0, 479, 324, 29, 35, 0.004571328870952129
0, 255, 1117, 22, 27, 0.0042320373468101025
0, 154, 1251, 14, 10, 0.004219274502247572
0, 688, 1280, 22, 35, 0.004164567217230797
0, 299, 94, 25, 37, 0.0039316932670772076
0, 562, 473, 18, 14, 0.003921161871403456
0, 246, 1109, 21, 21, 0.0034035081043839455
0, 473, 685, 18, 34, 0.0033223615027964115
0, 416, 1221, 17, 25, 0.0032504869159311056
0, 689, 1336, 20, 24, 0.0031775138340890408
0, 567, 456, 29, 21, 0.0031575991306453943
0, 288, 140, 576, 281, 0.0029734461568295956
0, 338, 1341, 24, 16, 0.002908478258177638
0, 503, 613, 41, 38, 0.002898268634453416
0, 248, 132, 29, 21, 0.002494905609637499
0, 473, 317, 19, 38, 0.0023752248380333185
0, 540, 650, 33, 38, 0.002288519637659192
0, 124, 1186, 19, 12, 0.002265189541503787
0, 431, 751, 11, 23, 0.002061721868813038
0, 365, 1323, 67, 50, 0.002011437900364399
0, 485, 695, 41, 41, 0.001857606228441
0, 256, 174, 32, 39, 0.0016907388344407082
0, 425, 1181, 60, 83, 0.001658704481087625
0, 334, 1463, 18, 28, 0.0015689334832131863
0, 279, 186, 31, 31, 0.0014768281253054738
0, 322, 97, 17, 23, 0.0014761931961402297
0, 290, 144, 38, 32, 0.0012858649715781212
0, 508, 142, 511, 285, 0.001232005306519568
0, 290, 1061, 17, 11, 0.0012216361938044429
0, 530, 520, 23, 32, 0.0012177251046523452
0, 290, 117, 27, 17, 0.0011126460740342736
0, 326, 245, 18, 18, 0.0011082191485911608
0, 469, 554, 17, 18, 0.0010942374356091022
0, 303, 109, 26, 30, 0.0010491202119737864
0, 152, 1243, 22, 21, 0.000989191816188395
0, 419, 235, 17, 19, 0.0009884386090561748
0, 458, 800, 81, 61, 0.0009813163196668029
0, 279, 90, 37, 32, 0.000941809790674597
0, 270, 976, 54, 53, 0.000843524350784719
0, 459, 1184, 34, 25, 0.0008188892970792949
0, 407, 1178, 53, 56, 0.0008149873465299606
0, 458, 853, 23, 27, 0.0007564173429273069
0, 417, 1070, 13, 18, 0.0007561676320619881
0, 670, 1334, 18, 23, 0.000648408429697156
0, 288, 174, 41, 24, 0.0005832890165038407
0, 534, 376, 17, 19, 0.0005740527994930744
0, 497, 773, 26, 15, 0.0005646364879794419
0, 712, 1349, 73, 172, 0.0005239089950919151
0, 525, 518, 18, 23, 0.0005209920345805585
0, 493, 672, 49, 34, 0.000517788459546864
0, 50, 1213, 11, 15, 0.0004988422733731568
0, 505, 600, 37, 21, 0.00048727268585935235
0, 403, 300, 42, 24, 0.00047373329289257526
0, 467, 671, 35, 40, 0.0004703728773165494
0, 518, 452, 27, 16, 0.0004421181511133909
0, 526, 668, 52, 31, 0.0004289834760129452
0, 450, 1198, 56, 55, 0.0004235585802234709
0, 420, 1077, 20, 27, 0.0004186441656202078
0, 694, 1299, 70, 73, 0.00041327512008138
0, 484, 331, 28, 26, 0.0004049879207741469
0, 551, 646, 24, 27, 0.0003913724503945559
0, 352, 245, 34, 17, 0.00037619846989400685
0, 491, 648, 45, 27, 0.0003594311710912734
0, 451, 694, 39, 34, 0.0003579281910788268
0, 455, 962, 11, 16, 0.00033964694011956453
0, 164, 1140, 30, 35, 0.000324400287354365
0, 304, 1017, 68, 67, 0.0003218121419195086
0, 430, 263, 18, 14, 0.00030628309468738735
0, 407, 1292, 66, 51, 0.0003053824184462428
0, 523, 655, 27, 32, 0.0003035846457350999
0, 494, 603, 53, 46, 0.00030225934460759163
0, 300, 78, 23, 20, 0.0002967974287457764
0, 383, 1285, 32, 29, 0.000288303941488266
0, 209, 1072, 57, 33, 0.0002830644662026316
0, 265, 946, 116, 139, 0.0002829670556820929
0, 734, 1351, 36, 50, 0.00028168660355731845
0, 447, 1214, 42, 71, 0.0002815714105963707
0, 390, 283, 54, 48, 0.00026263415929861367
0, 431, 1273, 23, 20, 0.00025685454602353275
0, 694, 1323, 67, 54, 0.00024253442825283855
0, 292, 147, 63, 44, 0.00023996584059204906
0, 386, 944, 17, 21, 0.0002357716002734378
0, 243, 1089, 20, 19, 0.00022929170518182218
0, 374, 256, 75, 76, 0.0002173474640585482
0, 671, 1270, 22, 25, 0.00021220033522695303
0, 438, 1159, 71, 51, 0.00021215582091826946
0, 315, 1320, 24, 22, 0.00019659929967019707
0, 490, 805, 39, 56, 0.00019249382603447884
0, 339, 1460, 30, 38, 0.0001869371917564422
0, 155, 1152, 29, 25, 0.00018539006123319268
0, 332, 1446, 17, 32, 0.0001839842734625563
0, 343, 940, 19, 22, 0.00017967147869057953
0, 573, 454, 35, 37, 0.00017901721002999693
0, 384, 1027, 281, 228, 0.00017785769887268543
0, 454, 706, 28, 49, 0.00017589896742720157
0, 433, 1041, 18, 22, 0.00017535689403302968
0, 475, 1140, 10, 19, 0.00016994497855193913
0, 328, 1426, 16, 22, 0.00016579104703851044
0, 376, 1375, 18, 16, 0.00016478457837365568
0, 391, 1200, 23, 31, 0.0001647222088649869
0, 266, 1040, 19, 14, 0.00016098054766189307
0, 691, 1348, 60, 57, 0.0001526256528450176
0, 130, 193, 260, 381, 0.00015006573812570423
0, 342, 875, 24, 22, 0.00014953453501220793
0, 230, 136, 19, 17, 0.00014899055531714112
0, 482, 992, 39, 145, 0.0001442949433112517
0, 75, 1221, 30, 32, 0.00013967389531899244
0, 379, 1099, 119, 158, 0.00013175170170143247
0, 262, 127, 53, 36, 0.00012897686974611133
0, 325, 1326, 19, 33, 0.0001262785226572305
0, 147, 1235, 20, 21, 0.00011501142580527812
0, 477, 721, 75, 66, 0.00011424477270338684
0, 491, 958, 18, 28, 0.00011398208152968436
0, 479, 321, 42, 58, 0.00011176557745784521
0, 375, 207, 30, 23, 0.00011015782365575433
0, 86, 1251, 48, 53, 0.0001084295945474878
0, 523, 534, 26, 42, 0.00010705188469728455
0, 319, 109, 23, 27, 0.00010600347013678402
0, 288, 1490, 13, 22, 0.0001046818433678709
0, 12, 1582, 25, 196, 0.00010157944780075923
0, 278, 78, 37, 30, 0.0001011539570754394
0, 686, 1316, 111, 130, 9.481529559707269e-05
0, 396, 1136, 67, 68, 9.358226816402748e-05
0, 354, 1416, 45, 68, 9.150071127805859e-05
0, 721, 1365, 74, 81, 8.478127710986882e-05
0, 442, 769, 39, 108, 8.468068699585274e-05
0, 691, 1353, 109, 72, 8.435444033239037e-05
0, 314, 946, 147, 149, 8.341669308720157e-05
0, 705, 457, 35, 19, 8.301413618028164e-05
0, 109, 1153, 38, 29, 8.117753895930946e-05
0, 27, 1238, 24, 26, 8.07340256869793e-05
0, 447, 839, 39, 39, 7.671942876186222e-05
0, 392, 315, 39, 60, 7.671386265428737e-05
0, 271, 1072, 34, 31, 7.656981324544176e-05
0, 641, 754, 245, 281, 7.489298877771944e-05
0, 298, 1058, 29, 17, 7.418192399200052e-05
0, 253, 146, 90, 119, 7.180354441516101e-05
0, 217, 1084, 30, 56, 7.16551803634502e-05
0, 85, 1244, 62, 30, 7.093419117154554e-05
0, 449, 263, 17, 20, 7.083712262101471e-05
0, 405, 289, 65, 36, 6.889565702294931e-05
0, 190, 1087, 87, 81, 6.838418630650267e-05
0, 437, 981, 17, 19, 6.799428956583142e-05
0, 400, 341, 29, 40, 6.701059464830905e-05
0, 1, 1627, 2, 111, 6.674878386547789e-05
0, 177, 1153, 44, 24, 6.666100671282038e-05
0, 206, 1079, 36, 55, 6.643603410338983e-05
0, 401, 1186, 86, 82, 6.62907914374955e-05
0, 373, 184, 20, 16, 6.504646444227546e-05
0, 619, 182, 288, 352, 6.393251533154398e-05
0, 436, 1019, 18, 18, 6.328373274300247e-05
0, 342, 237, 96, 35, 6.167971150716767e-05
0, 552, 437, 22, 23, 6.161639612400904e-05
0, 291, 183, 78, 58, 6.0894111811649054e-05
0, 728, 1337, 71, 111, 5.8752793847816065e-05
0, 180, 116, 306, 214, 5.807204797747545e-05
0, 613, 838, 301, 684, 5.798146594315767e-05
0, 306, 1049, 70, 90, 5.783386222901754e-05
0, 255, 280, 510, 556, 5.757412873208523e-05
0, 241, 177, 41, 28, 5.750487980549224e-05
0, 517, 639, 70, 51, 5.7438184740021825e-05
0, 444, 720, 29, 45, 5.688756937161088e-05
0, 499, 719, 27, 18, 5.6509303249185905e-05
0, 502, 798, 106, 89, 5.580982906394638e-05
0, 538, 406, 17, 15, 5.489487375598401e-05
0, 549, 275, 428, 540, 5.371706356527284e-05
0, 426, 772, 83, 132, 5.324318044586107e-05
0, 417, 1144, 71, 96, 5.1905761210946366e-05
0, 463, 914, 24, 28, 5.057960515841842e-05
0, 323, 903, 74, 65, 5.032398985349573e-05
0, 440, 136, 23, 18, 4.979448567610234e-05
0, 313, 924, 45, 89, 4.961872036801651e-05
0, 512, 692, 66, 53, 4.8651720135239884e-05
0, 390, 1190, 47, 40, 4.769856604980305e-05
0, 738, 1316, 51, 356, 4.730383807327598e-05
0, 311, 96, 37, 56, 4.650285700336099e-05
0, 715, 20, 97, 39, 4.6116620069369674e-05
0, 510, 722, 74, 64, 4.554256520350464e-05
0, 544, 427, 21, 25, 4.4802334741689265e-05
0, 228, 161, 17, 25, 4.477909897104837e-05
0, 414, 895, 14, 23, 4.477217953535728e-05
0, 509, 713, 36, 36, 4.4532189349411055e-05
0, 502, 578, 53, 39, 4.447739775059745e-05
0, 248, 1035, 111, 96, 4.379785241326317e-05
0, 457, 1029, 85, 147, 4.27747072535567e-05
0, 430, 325, 18, 16, 4.13932248193305e-05
0, 455, 863, 24, 31, 4.113943941774778e-05
0, 358, 273, 112, 33, 4.0989452827489004e-05
0, 116, 1254, 24, 16, 4.090581205673516e-05
0, 393, 902, 22, 23, 4.060948413098231e-05
0, 443, 892, 33, 25, 3.968269083998166e-05
0, 353, 813, 22, 25, 3.912195825250819e-05
0, 458, 305, 16, 23, 3.906477286363952e-05
0, 436, 1291, 54, 94, 3.888165520038456e-05
0, 148, 1250, 23, 15, 3.862498851958662e-05
0, 254, 913, 63, 65, 3.838634438579902e-05
0, 451, 892, 70, 82, 3.7715457438025624e-05
0, 244, 194, 488, 388, 3.685948468046263e-05
0, 572, 469, 42, 48, 3.564632424968295e-05
0, 229, 1048, 75, 73, 3.5338081943336874e-05
0, 3, 14, 6, 29, 3.4477525332476944e-05
0, 554, 456, 71, 37, 3.4119402698706836e-05
0, 496, 754, 26, 22, 3.4054683055728674e-05
0, 479, 349, 35, 38, 3.4009211958618835e-05
0, 328, 258, 25, 30, 3.33466668962501e-05
0, 19, 1337, 38, 479, 3.318570088595152e-05
0, 195, 960, 260, 212, 3.2439307688036934e-05
0, 189, 1048, 75, 97, 3.2256499252980575e-05
0, 41, 1213, 25, 20, 3.2047450076788664e-05
0, 315, 945, 87, 84, 3.188612390658818e-05
0, 452, 370, 9, 13, 3.170752461301163e-05
0, 413, 984, 15, 26, 3.105245195911266e-05
0, 606, 578, 14, 12, 3.0951072403695434e-05
0, 391, 1345, 100, 108, 3.065462442464195e-05
0, 562, 521, 18, 35, 3.0319000870804302e-05
0, 470, 658, 44, 40, 3.0245479138102382e-05
0, 482, 774, 42, 27, 3.0121012969175354e-05
0, 482, 964, 36, 36, 2.9935137717984617e-05
0, 412, 992, 14, 21, 2.9650112992385402e-05
0, 336, 209, 110, 70, 2.9183684091549367e-05
0, 519, 571, 46, 32, 2.9008044293732382e-05
0, 484, 756, 35, 26, 2.8827247660956345e-05
0, 388, 245, 61, 29, 2.8772592486348003e-05
0, 291, 194, 92, 128, 2.859664527932182e-05
0, 175, 1090, 40, 30, 2.8585331165231764e-05
0, 370, 1348, 37, 26, 2.8212034521857277e-05
0, 528, 398, 29, 34, 2.7812029657070525e-05
0, 451, 979, 14, 15, 2.779713031486608e-05
0, 148, 1147, 26, 21, 2.7365742425899953e-05
0, 494, 1241, 131, 94, 2.7353138648322783e-05
0, 458, 1188, 95, 108, 2.6215953766950406e-05
0, 168, 1097, 41, 33, 2.619668703118805e-05
