0, 263, 832, 31, 42, 0.38196951150894165
0, 255, 980, 37, 36, 0.22788608074188232
0, 188, 594, 22, 27, 0.21023936569690704
0, 238, 967, 75, 71, 0.20692075788974762
0, 223, 507, 27, 25, 0.1751013696193695
0, 255, 883, 53, 28, 0.150322824716568
0, 187, 608, 21, 57, 0.13338910043239594
0, 260, 905, 40, 17, 0.1294804811477661
0, 259, 1221, 25, 20, 0.12623649835586548
0, 222, 525, 38, 50, 0.12311452627182007
0, 237, 685, 30, 29, 0.11707574129104614
0, 188, 393, 30, 34, 0.11235491186380386
0, 236, 860, 24, 24, 0.11123998463153839
0, 244, 625, 29, 25, 0.10948813706636429
0, 180, 431, 23, 21, 0.10892222821712494
0, 224, 1136, 27, 28, 0.09139864146709442
0, 124, 319, 24, 24, 0.09074030816555023
0, 242, 880, 62, 54, 0.08716925233602524
0, 232, 944, 44, 28, 0.08667663484811783
0, 264, 1296, 29, 22, 0.08606050908565521
0, 185, 895, 18, 33, 0.08500070124864578
0, 217, 537, 26, 30, 0.08115917444229126
0, 249, 1254, 21, 17, 0.08114233613014221
0, 151, 262, 28, 29, 0.07827876508235931
0, 255, 1069, 15, 18, 0.07265324890613556
0, 217, 1055, 32, 16, 0.07058005034923553
0, 226, 949, 63, 42, 0.0677318423986435
0, 220, 960, 44, 30, 0.06690207868814468
0, 270, 1147, 18, 25, 0.06646128743886948
0, 186, 473, 40, 24, 0.06355264782905579
0, 231, 653, 35, 23, 0.06161050871014595
0, 243, 733, 46, 37, 0.058163098990917206
0, 224, 773, 25, 22, 0.05797958746552467
0, 233, 525, 27, 31, 0.054426439106464386
0, 259, 725, 21, 22, 0.05255698040127754
0, 253, 728, 35, 32, 0.05081310495734215
0, 249, 1179, 20, 21, 0.04816426336765289
0, 280, 1260, 15, 19, 0.0466630645096302
0, 270, 946, 17, 19, 0.0466340109705925
0, 219, 1107, 25, 19, 0.04367540031671524
0, 244, 748, 30, 21, 0.04287181794643402
0, 175, 396, 61, 48, 0.0408194325864315
0, 180, 461, 31, 22, 0.040754277259111404
0, 251, 1122, 16, 16, 0.04058315232396126
0, 215, 364, 18, 30, 0.0403607115149498
0, 257, 779, 16, 19, 0.039681900292634964
0, 253, 1274, 22, 13, 0.03632456809282303
0, 169, 492, 22, 30, 0.03578857704997063
0, 169, 545, 16, 26, 0.035703208297491074
0, 235, 725, 69, 61, 0.03371167555451393
0, 160, 584, 20, 15, 0.033400874584913254
0, 172, 403, 34, 26, 0.03306785225868225
0, 230, 881, 107, 70, 0.031725119799375534
0, 277, 1173, 22, 21, 0.03070426732301712
0, 184, 493, 53, 68, 0.030262604355812073
0, 270, 1325, 25, 26, 0.029546286910772324
0, 181, 864, 17, 29, 0.028390610590577126
0, 299, 1201, 26, 25, 0.027818774804472923
0, 170, 504, 25, 58, 0.026934560388326645
0, 212, 900, 21, 19, 0.02691524662077427
0, 237, 622, 48, 35, 0.026790546253323555
0, 209, 534, 50, 44, 0.02660040371119976
0, 178, 611, 45, 67, 0.02631284110248089
0, 275, 1092, 27, 19, 0.025104548782110214
0, 234, 646, 37, 15, 0.024882283061742783
0, 228, 863, 53, 38, 0.023832011967897415
0, 163, 213, 52, 24, 0.023738287389278412
0, 187, 471, 47, 52, 0.019458148628473282
0, 170, 522, 20, 52, 0.01927846670150757
0, 273, 1158, 21, 43, 0.01897820085287094
0, 169, 623, 18, 36, 0.018920009955763817
0, 230, 1129, 40, 44, 0.018793722614645958
0, 186, 511, 26, 41, 0.018652822822332382
0, 186, 327, 23, 40, 0.018352286890149117
0, 185, 935, 33, 20, 0.01813696138560772
0, 243, 563, 23, 17, 0.0177718885242939
0, 145, 168, 56, 32, 0.016037985682487488
0, 197, 484, 25, 32, 0.015260383486747742
0, 162, 334, 14, 27, 0.014436062425374985
0, 221, 985, 46, 30, 0.014299008063971996
0, 268, 1310, 41, 55, 0.013875016011297703
0, 224, 611, 26, 37, 0.011952817440032959
0, 210, 951, 85, 57, 0.011941486038267612
0, 252, 1218, 30, 21, 0.011757813394069672
0, 178, 431, 33, 33, 0.01155476737767458
0, 151, 457, 16, 20, 0.011449999175965786
0, 238, 1161, 21, 20, 0.011248363181948662
0, 242, 657, 50, 25, 0.011068860068917274
0, 169, 634, 15, 25, 0.01086723804473877
0, 150, 367, 24, 25, 0.01083466224372387
0, 228, 423, 20, 18, 0.010743810795247555
0, 206, 721, 22, 19, 0.010523082688450813
0, 188, 543, 23, 31, 0.01048011239618063
0, 202, 752, 18, 20, 0.010260095819830894
0, 266, 1145, 29, 46, 0.010160393081605434
0, 224, 1059, 29, 19, 0.009806922636926174
0, 126, 327, 29, 43, 0.009524933062493801
0, 193, 519, 58, 78, 0.009330922737717628
0, 246, 581, 25, 37, 0.009028756991028786
0, 134, 288, 20, 20, 0.009008705615997314
0, 210, 884, 27, 34, 0.008539617992937565
0, 179, 774, 22, 21, 0.007921529933810234
0, 147, 410, 13, 26, 0.0075840107165277
0, 151, 376, 20, 18, 0.007522541098296642
0, 203, 683, 21, 29, 0.0075032771565020084
0, 252, 1263, 32, 38, 0.007448739837855101
0, 278, 1267, 18, 23, 0.006718707736581564
0, 218, 767, 46, 38, 0.006689364556223154
0, 181, 971, 21, 18, 0.006503351032733917
0, 267, 1173, 28, 27, 0.006486628204584122
0, 224, 687, 57, 35, 0.0061242468655109406
0, 217, 604, 47, 67, 0.005990625359117985
0, 223, 1202, 14, 13, 0.005643096752464771
0, 181, 756, 26, 25, 0.005640258081257343
0, 199, 493, 75, 86, 0.005541512742638588
0, 266, 1294, 37, 43, 0.005142686422914267
0, 254, 907, 56, 36, 0.004911556839942932
0, 250, 1070, 28, 24, 0.004855357110500336
0, 235, 848, 100, 75, 0.004654321353882551
0, 194, 327, 24, 40, 0.004623699001967907
0, 197, 338, 20, 26, 0.004166420083492994
0, 152, 309, 24, 19, 0.004135833587497473
0, 201, 514, 111, 122, 0.004071918316185474
0, 146, 327, 30, 38, 0.0038604543078690767
0, 204, 1013, 10, 10, 0.0037463619373738766
0, 237, 778, 49, 41, 0.0036659787874668837
0, 184, 831, 16, 19, 0.0036297955084592104
0, 228, 564, 38, 28, 0.003385214600712061
0, 149, 272, 26, 25, 0.0033723944798111916
0, 258, 1163, 46, 56, 0.003233484923839569
0, 174, 477, 65, 70, 0.003008286003023386
0, 230, 931, 79, 57, 0.0029608248732984066
0, 221, 1058, 49, 23, 0.0029577636159956455
0, 267, 1097, 16, 17, 0.0027673838194459677
0, 242, 1151, 54, 67, 0.0026968366000801325
0, 193, 439, 35, 39, 0.0026159249246120453
0, 204, 625, 35, 49, 0.0025776890106499195
0, 150, 236, 30, 19, 0.002566214883700013
0, 207, 793, 20, 18, 0.002472084481269121
0, 126, 164, 50, 24, 0.0024311812594532967
0, 223, 663, 63, 50, 0.0023231846280395985
0, 193, 833, 29, 25, 0.0022636500652879477
0, 164, 231, 47, 30, 0.0022525384556502104
0, 154, 320, 24, 39, 0.002102177357301116
0, 132, 271, 17, 19, 0.0019400580786168575
0, 226, 1033, 18, 12, 0.0019017544109374285
0, 221, 931, 72, 35, 0.0018282902892678976
0, 264, 1278, 57, 64, 0.001795528456568718
0, 211, 432, 51, 24, 0.001671023084782064
0, 207, 565, 37, 32, 0.0016539373900741339
0, 227, 435, 25, 39, 0.0016319380374625325
0, 175, 767, 32, 36, 0.0015988879604265094
0, 175, 511, 65, 93, 0.0015717122005298734
0, 187, 382, 52, 61, 0.0015710181323811412
0, 232, 456, 25, 27, 0.001531005371361971
0, 220, 1126, 42, 58, 0.0015164806973189116
0, 187, 414, 40, 66, 0.0014570734929293394
0, 258, 743, 40, 37, 0.0014492168556898832
0, 231, 521, 61, 65, 0.001295364578254521
0, 224, 478, 40, 52, 0.001276580966077745
0, 280, 1188, 42, 36, 0.0012492119567468762
0, 194, 302, 44, 96, 0.0012429269263520837
0, 264, 791, 30, 52, 0.0012320998357608914
0, 158, 206, 56, 28, 0.0011985524324700236
0, 200, 803, 18, 22, 0.0011616289848461747
0, 177, 260, 23, 25, 0.0011499105021357536
0, 265, 777, 27, 29, 0.0011234949342906475
0, 245, 1194, 22, 25, 0.0011142523726448417
0, 208, 359, 34, 46, 0.0010728079359978437
0, 256, 1083, 37, 31, 0.0010422489140182734
0, 179, 887, 34, 55, 0.001010761596262455
0, 179, 268, 21, 37, 0.0009509719093330204
0, 231, 815, 90, 90, 0.0009161857888102531
0, 260, 1187, 39, 34, 0.0009092496475204825
0, 174, 952, 25, 33, 0.0008973812800832093
0, 159, 591, 30, 32, 0.0008849548758007586
0, 109, 198, 15, 10, 0.000863576540723443
0, 283, 1181, 31, 27, 0.0008212907705456018
0, 192, 352, 32, 27, 0.0007908224361017346
0, 227, 742, 101, 86, 0.0007351530366577208
0, 168, 438, 52, 64, 0.0007269664201885462
0, 215, 620, 77, 77, 0.000717587536200881
0, 257, 823, 43, 59, 0.0006779248360544443
0, 277, 1160, 40, 58, 0.00066784443333745
0, 142, 339, 46, 69, 0.0006538177258335054
0, 172, 551, 37, 52, 0.0006411652429960668
0, 189, 908, 40, 47, 0.000587711576372385
0, 235, 342, 14, 22, 0.000584042863920331
0, 203, 573, 61, 99, 0.0005827270215377212
0, 148, 181, 77, 59, 0.0005531415226869285
0, 216, 276, 13, 26, 0.0005407228600233793
0, 271, 694, 14, 18, 0.0005255775758996606
0, 165, 723, 24, 16, 0.0005230759852565825
0, 155, 341, 54, 48, 0.0004479409835767001
0, 200, 280, 23, 33, 0.0004404168576002121
0, 168, 921, 14, 21, 0.00043871108209714293
0, 261, 887, 81, 71, 0.0004168986342847347
0, 153, 250, 35, 44, 0.0004003081703558564
0, 228, 1012, 40, 19, 0.0003889051149599254
0, 253, 1238, 35, 46, 0.00037435442209243774
0, 179, 594, 66, 86, 0.0003714927297551185
0, 266, 1197, 37, 39, 0.000353932729922235
0, 204, 739, 100, 59, 0.0003476938290987164
0, 255, 1114, 36, 33, 0.000345808599377051
0, 219, 588, 77, 104, 0.0003220942453481257
0, 250, 1087, 31, 16, 0.00029937506769783795
0, 223, 1109, 38, 39, 0.00028670451138168573
0, 109, 306, 130, 127, 0.0002517622197046876
0, 209, 976, 72, 47, 0.00025033685960806906
0, 263, 1076, 43, 39, 0.00024553260300308466
0, 210, 355, 56, 34, 0.0002369757421547547
0, 267, 1305, 68, 68, 0.00021822165581397712
0, 187, 724, 47, 21, 0.0002070627233479172
0, 97, 106, 194, 200, 0.00020612253865692765
0, 294, 1210, 21, 22, 0.00020247568318154663
0, 2, 1444, 4, 85, 0.00019780852016992867
0, 155, 373, 65, 109, 0.00018765653658192605
0, 161, 134, 14, 21, 0.00018727456335909665
0, 294, 1285, 25, 27, 0.0001868552208179608
0, 202, 398, 76, 42, 0.00018572517728898674
0, 214, 1047, 47, 35, 0.00018229341367259622
0, 213, 1120, 134, 155, 0.0001702318841125816
0, 247, 690, 66, 40, 0.00016892973508220166
0, 130, 307, 48, 72, 0.00016789205255918205
0, 202, 936, 173, 159, 0.0001620501425350085
0, 146, 263, 43, 45, 0.00015837352839298546
0, 311, 141, 225, 283, 0.00013866944937035441
0, 182, 961, 40, 44, 0.00013755005784332752
0, 139, 151, 58, 35, 0.00013732229126617312
0, 229, 1139, 63, 68, 0.00013582027168013155
0, 270, 831, 60, 49, 0.0001353054103674367
0, 18, 74, 37, 149, 0.00013052574649918824
0, 228, 355, 30, 44, 0.00012900453293696046
0, 126, 332, 44, 67, 0.00012785130820702761
0, 230, 521, 88, 107, 0.00012568446982186288
0, 168, 573, 50, 82, 0.00012038910790579394
0, 195, 603, 127, 131, 0.00011742123024305329
0, 242, 987, 68, 58, 0.00010065092646982521
0, 200, 330, 49, 79, 9.879446588456631e-05
0, 286, 1259, 27, 20, 9.528861846774817e-05
0, 269, 1329, 45, 47, 9.223545202985406e-05
0, 214, 695, 86, 58, 9.191715798806399e-05
0, 170, 256, 66, 81, 8.691313996678218e-05
0, 383, 199, 81, 99, 8.451345638604835e-05
0, 169, 660, 17, 18, 7.96297172200866e-05
0, 281, 1183, 71, 69, 7.78351750341244e-05
0, 287, 1296, 51, 56, 7.633528002770618e-05
0, 10, 118, 21, 236, 7.578853546874598e-05
0, 238, 1198, 38, 47, 7.494035526178777e-05
0, 279, 1101, 34, 27, 7.204126450233161e-05
0, 142, 140, 51, 26, 7.164035923779011e-05
0, 221, 1092, 28, 20, 7.019835175015032e-05
0, 124, 348, 197, 189, 6.711688183713704e-05
0, 212, 269, 24, 52, 6.564010982401669e-05
0, 28, 1421, 57, 133, 6.518897862406448e-05
0, 192, 873, 202, 190, 6.384886364685372e-05
0, 206, 1048, 48, 23, 6.321159162325785e-05
0, 208, 807, 61, 36, 6.265526462811977e-05
0, 377, 624, 93, 159, 6.178043258842081e-05
0, 196, 266, 25, 40, 6.148609099909663e-05
0, 211, 135, 423, 271, 5.9002923080697656e-05
0, 369, 324, 109, 175, 5.760411295341328e-05
0, 236, 450, 47, 66, 5.745905582443811e-05
0, 283, 1132, 26, 30, 5.7151664805132896e-05
0, 263, 1222, 34, 33, 5.5882952437968925e-05
0, 292, 1196, 49, 42, 5.547760520130396e-05
0, 220, 528, 155, 180, 5.519407568499446e-05
0, 242, 654, 77, 53, 5.509563197847456e-05
0, 226, 988, 99, 98, 5.3726747864857316e-05
0, 201, 1099, 44, 58, 5.308226536726579e-05
0, 249, 943, 184, 131, 4.913448356091976e-05
0, 138, 409, 28, 35, 4.693385199061595e-05
0, 245, 461, 30, 27, 4.6552555431844667e-05
0, 142, 143, 83, 85, 4.54921719210688e-05
0, 207, 11, 165, 22, 4.548861397779547e-05
0, 246, 1206, 59, 43, 4.530738806352019e-05
0, 207, 721, 142, 106, 4.3858453864231706e-05
0, 248, 615, 61, 54, 4.373666160972789e-05
0, 160, 219, 79, 53, 4.246658500051126e-05
0, 258, 896, 248, 197, 4.044283559778705e-05
0, 320, 59, 207, 119, 4.0274648199556395e-05
0, 221, 1084, 50, 63, 3.9751659642206505e-05
0, 248, 1267, 77, 62, 3.929938611690886e-05
0, 123, 140, 118, 122, 3.869979991577566e-05
0, 134, 235, 22, 24, 3.8424142985604703e-05
0, 242, 1037, 62, 41, 3.814247975242324e-05
0, 180, 868, 38, 62, 3.8106449210317805e-05
0, 131, 194, 89, 56, 3.782675776164979e-05
0, 364, 237, 46, 21, 3.767260568565689e-05
0, 348, 243, 137, 148, 3.711620593094267e-05
0, 190, 733, 188, 163, 3.6695520975627005e-05
0, 203, 1293, 171, 231, 3.5694662074092776e-05
0, 239, 633, 84, 82, 3.5530083550838754e-05
0, 236, 394, 13, 19, 3.4320361010031775e-05
0, 289, 1157, 87, 121, 3.425430986681022e-05
0, 118, 411, 236, 204, 3.2989151804940775e-05
0, 378, 575, 90, 141, 3.222569284844212e-05
0, 131, 1121, 262, 399, 3.215419565094635e-05
0, 6, 1393, 13, 189, 3.1786574254510924e-05
0, 291, 1247, 53, 61, 3.1500469049206004e-05
