0, 609, 186, 43, 45, 0.252163290977478
0, 779, 134, 52, 31, 0.22352254390716553
0, 547, 172, 82, 89, 0.18477539718151093
0, 466, 189, 94, 63, 0.18125902116298676
0, 507, 215, 51, 38, 0.17667551338672638
0, 443, 235, 32, 51, 0.1452605277299881
0, 215, 392, 195, 144, 0.1348586082458496
0, 573, 177, 33, 39, 0.10542915016412735
0, 388, 234, 79, 78, 0.09691029787063599
0, 374, 250, 41, 38, 0.09457176178693771
0, 200, 423, 91, 61, 0.07591445744037628
0, 232, 353, 69, 53, 0.07390904426574707
0, 729, 141, 42, 41, 0.06396332383155823
0, 537, 158, 60, 57, 0.05988159775733948
0, 156, 449, 38, 30, 0.057258959859609604
0, 457, 201, 53, 55, 0.05663616955280304
0, 352, 277, 40, 69, 0.05276840552687645
0, 228, 355, 269, 266, 0.04612778499722481
0, 530, 162, 45, 36, 0.042033933103084564
0, 592, 180, 75, 52, 0.041467275470495224
0, 253, 398, 43, 34, 0.0414411760866642
0, 549, 149, 35, 36, 0.0393364317715168
0, 213, 412, 57, 36, 0.03144613653421402
0, 352, 290, 33, 40, 0.030248727649450302
0, 470, 222, 34, 47, 0.029720375314354897
0, 145, 449, 67, 51, 0.027374858036637306
0, 467, 211, 28, 28, 0.02571180835366249
0, 181, 426, 51, 43, 0.024761078879237175
0, 286, 310, 98, 59, 0.024553220719099045
0, 306, 300, 51, 31, 0.023058796301484108
0, 720, 145, 26, 29, 0.021800540387630463
0, 211, 363, 104, 78, 0.021062491461634636
0, 720, 150, 65, 58, 0.020845379680395126
0, 305, 303, 28, 22, 0.02018771506845951
0, 268, 364, 86, 60, 0.019858919084072113
0, 147, 409, 27, 21, 0.01947781816124916
0, 322, 332, 44, 29, 0.01794576831161976
0, 175, 393, 90, 73, 0.017326021566987038
0, 809, 129, 89, 45, 0.01696423999965191
0, 185, 435, 28, 23, 0.016214551404118538
0, 503, 193, 186, 157, 0.015492623671889305
0, 163, 398, 62, 47, 0.01429566740989685
0, 539, 192, 54, 45, 0.014149998314678669
0, 243, 341, 33, 24, 0.013556849211454391
0, 621, 157, 18, 18, 0.013334285467863083
0, 656, 153, 29, 35, 0.012974604964256287
0, 168, 423, 21, 17, 0.0126998545601964
0, 121, 437, 26, 25, 0.012168222106993198
0, 433, 218, 167, 116, 0.011787854135036469
0, 156, 409, 49, 32, 0.011605487205088139
0, 562, 177, 153, 99, 0.011367752216756344
0, 809, 129, 17, 13, 0.011299042031168938
0, 228, 414, 95, 68, 0.01128122117370367
0, 523, 191, 85, 83, 0.011098160408437252
0, 250, 364, 21, 22, 0.011088885366916656
0, 199, 433, 60, 39, 0.010659351944923401
0, 232, 394, 112, 63, 0.01039132010191679
0, 259, 319, 34, 25, 0.009970392100512981
0, 800, 131, 31, 21, 0.009714851155877113
0, 746, 150, 137, 69, 0.009693620726466179
0, 414, 218, 22, 24, 0.009058923460543156
0, 344, 256, 23, 26, 0.008961334824562073
0, 483, 237, 324, 250, 0.00881623663008213
0, 510, 182, 87, 53, 0.008726670406758785
0, 311, 328, 20, 20, 0.008597052656114101
0, 355, 250, 43, 35, 0.00850995909422636
0, 815, 114, 25, 13, 0.008507593534886837
0, 248, 318, 28, 21, 0.008296724408864975
0, 248, 336, 67, 78, 0.007964172400534153
0, 244, 349, 39, 41, 0.007615809794515371
0, 251, 330, 45, 44, 0.00754278851673007
0, 483, 212, 66, 34, 0.0073446654714643955
0, 487, 175, 50, 30, 0.007183183915913105
0, 332, 310, 70, 79, 0.006659281440079212
0, 197, 382, 93, 52, 0.006577752064913511
0, 193, 439, 31, 28, 0.0063573503866791725
0, 494, 173, 32, 22, 0.00617979746311903
0, 259, 314, 52, 46, 0.0058710603043437
0, 563, 186, 54, 63, 0.005802389234304428
0, 241, 342, 59, 33, 0.005783003754913807
0, 273, 388, 20, 19, 0.005567379295825958
0, 287, 361, 54, 47, 0.005464138928800821
0, 788, 138, 66, 48, 0.005176367238163948
0, 509, 169, 68, 38, 0.005176318343728781
0, 820, 127, 31, 20, 0.004762578289955854
0, 298, 295, 68, 60, 0.004704916849732399
0, 844, 132, 27, 25, 0.004585596267133951
0, 442, 200, 35, 30, 0.004550572019070387
0, 439, 195, 65, 38, 0.004070093389600515
0, 708, 172, 27, 23, 0.003989418037235737
0, 415, 201, 16, 17, 0.003963416442275047
0, 245, 344, 160, 114, 0.003874494694173336
0, 758, 151, 22, 22, 0.003719515400007367
0, 151, 476, 33, 32, 0.003605170175433159
0, 814, 120, 30, 24, 0.0034129556734114885
0, 320, 295, 22, 17, 0.003257381496950984
0, 430, 235, 62, 61, 0.003020800184458494
0, 550, 203, 34, 26, 0.002694331808015704
0, 431, 276, 24, 18, 0.0026042365934699774
0, 259, 383, 113, 95, 0.0024738924112170935
0, 349, 308, 26, 38, 0.0018931528320536017
0, 329, 283, 75, 88, 0.001874395995400846
0, 353, 277, 62, 105, 0.0017775933956727386
0, 376, 290, 31, 26, 0.0016982631059363484
0, 331, 326, 58, 45, 0.0016280233394354582
0, 317, 315, 43, 49, 0.0014825190883129835
0, 372, 282, 49, 48, 0.0014517833478748798
0, 770, 145, 68, 40, 0.0014133292715996504
0, 319, 280, 414, 407, 0.001408858341164887
0, 288, 350, 42, 25, 0.0014061479596421123
0, 307, 266, 24, 28, 0.0012934358092024922
0, 631, 184, 16, 22, 0.0011960160918533802
0, 295, 287, 108, 99, 0.0010450547561049461
0, 385, 212, 26, 21, 0.0009436732507310808
0, 391, 212, 22, 31, 0.0008757772156968713
0, 140, 404, 74, 74, 0.0007698272238485515
0, 752, 155, 19, 18, 0.0006673862808384001
0, 142, 414, 51, 22, 0.0006113374256528914
0, 171, 440, 82, 50, 0.0005743149667978287
0, 457, 4, 135, 9, 0.0005481468397192657
0, 673, 4, 129, 9, 0.0005429565790109336
0, 612, 5, 131, 10, 0.0005381956580094993
0, 394, 201, 13, 22, 0.0005289712571538985
0, 756, 133, 98, 66, 0.0005268970271572471
0, 793, 99, 314, 199, 0.0005255109281279147
0, 720, 4, 131, 8, 0.0004868743708357215
0, 530, 4, 138, 9, 0.0004858113534282893
0, 189, 453, 166, 84, 0.0004587655421346426
0, 702, 172, 43, 30, 0.0004422709462232888
0, 409, 3, 143, 6, 0.0004418661701492965
0, 518, 219, 50, 21, 0.0004248886543791741
0, 767, 3, 141, 6, 0.000402487552491948
0, 335, 260, 83, 65, 0.00038899300852790475
0, 362, 2, 150, 5, 0.0003651239676401019
0, 853, 83, 195, 167, 0.00035371584817767143
0, 833, 118, 70, 64, 0.00034613232128322124
0, 345, 91, 381, 182, 0.0002896169316954911
0, 483, 166, 79, 50, 0.00024457956897094846
0, 496, 150, 345, 301, 0.00024295564799103886
0, 544, 194, 375, 157, 0.0002388735447311774
0, 623, 18, 145, 37, 0.00023483090626541525
0, 154, 468, 47, 65, 0.00022756870021112263
0, 827, 2, 144, 4, 0.00022120685025583953
0, 387, 209, 45, 38, 0.00021084344189148396
0, 516, 16, 146, 32, 0.00019655731739476323
0, 254, 2, 156, 4, 0.00018697464838624
0, 456, 19, 147, 38, 0.00018563929188530892
0, 351, 259, 171, 164, 0.00018234364688396454
0, 310, 2, 144, 4, 0.00017540590488351882
0, 640, 88, 400, 176, 0.00017181842122226954
0, 767, 17, 149, 34, 0.00016918685287237167
0, 690, 154, 97, 60, 0.00016822441830299795
0, 299, 361, 41, 33, 0.00016726218746043742
0, 672, 19, 143, 38, 0.00016517769836355
0, 307, 271, 47, 45, 0.00015461337170563638
0, 126, 421, 40, 30, 0.00015349636669270694
0, 193, 87, 370, 174, 0.00015135652211029083
0, 514, 612, 15, 13, 0.00014437518257182091
0, 318, 354, 93, 86, 0.00014238771109376103
0, 319, 263, 50, 49, 0.00013843270426150411
0, 263, 404, 74, 60, 0.0001310770312556997
0, 719, 20, 143, 40, 0.0001261775178136304
0, 381, 265, 62, 62, 0.0001233863440575078
0, 805, 116, 173, 136, 0.00012283904652576894
0, 674, 180, 16, 12, 0.00011738528701243922
0, 755, 153, 175, 112, 0.00011459849338280037
0, 554, 133, 75, 66, 0.00011404644465073943
0, 570, 140, 180, 185, 0.00011112327774753794
0, 327, 16, 160, 32, 0.0001082334274542518
0, 398, 19, 153, 38, 0.00010483268124517053
0, 912, 103, 9, 8, 0.00010429544636281207
0, 315, 261, 27, 22, 0.00010331381054129452
0, 935, 449, 15, 14, 0.00010225030564470217
0, 689, 176, 48, 25, 0.00010202201519859955
0, 21, 642, 42, 2, 0.00010079354979097843
0, 129, 469, 81, 83, 0.00010063115769298747
0, 543, 141, 47, 32, 9.803235298022628e-05
0, 677, 177, 27, 20, 9.541409235680476e-05
0, 880, 2, 140, 4, 9.459575812797993e-05
0, 364, 172, 405, 344, 9.314947965322062e-05
0, 195, 2, 157, 4, 9.29937232285738e-05
0, 184, 298, 369, 412, 9.138386667473242e-05
0, 576, 21, 134, 43, 8.814710599835962e-05
0, 125, 290, 17, 17, 8.772774162935093e-05
0, 682, 157, 396, 314, 8.649387018522248e-05
0, 664, 140, 68, 69, 8.607695053797215e-05
0, 936, 460, 28, 150, 8.420576341450214e-05
0, 414, 201, 88, 62, 8.122368308249861e-05
0, 165, 299, 17, 12, 8.095428347587585e-05
0, 245, 156, 398, 312, 7.715809624642134e-05
0, 110, 394, 91, 88, 7.476897008018568e-05
0, 583, 139, 13, 10, 7.438955071847886e-05
0, 570, 143, 66, 56, 7.413821731461212e-05
0, 339, 285, 100, 138, 7.341778837144375e-05
0, 936, 264, 28, 138, 7.267663022503257e-05
0, 245, 9, 161, 19, 7.21729447832331e-05
0, 639, 160, 57, 53, 7.190989708760753e-05
0, 464, 257, 13, 9, 7.166782597778365e-05
0, 646, 150, 32, 28, 7.003940845606849e-05
0, 455, 176, 64, 41, 6.854766979813576e-05
0, 782, 122, 57, 58, 6.7440043494571e-05
0, 712, 132, 78, 69, 6.742891855537891e-05
0, 624, 172, 86, 91, 6.662643136223778e-05
0, 142, 274, 65, 66, 6.648515409324318e-05
0, 533, 214, 82, 54, 6.488773942692205e-05
0, 245, 451, 347, 384, 6.443016172852367e-05
0, 119, 449, 49, 60, 6.442912126658484e-05
0, 365, 301, 58, 61, 6.412748189177364e-05
0, 66, 2, 132, 5, 6.392660725396127e-05
0, 472, 235, 47, 55, 6.390416820067912e-05
0, 361, 243, 67, 69, 6.374908844009042e-05
0, 139, 374, 79, 83, 6.284477422013879e-05
0, 809, 162, 282, 325, 5.9144214901607484e-05
0, 114, 278, 65, 72, 5.847895226906985e-05
0, 209, 356, 63, 53, 5.8330966567154974e-05
0, 512, 143, 80, 67, 5.8017365518026054e-05
0, 501, 158, 66, 52, 5.73571196582634e-05
0, 127, 354, 79, 80, 5.674572093994357e-05
0, 819, 107, 58, 63, 5.627118662232533e-05
0, 447, 162, 61, 51, 5.607191997114569e-05
0, 584, 130, 67, 58, 5.593066453002393e-05
0, 433, 158, 68, 68, 5.592091110884212e-05
0, 125, 278, 45, 54, 5.502789281308651e-05
0, 119, 288, 19, 17, 5.432240868685767e-05
0, 558, 56, 66, 85, 5.414258339442313e-05
0, 115, 421, 73, 75, 5.3511481382884085e-05
0, 591, 66, 66, 87, 5.3457930334843695e-05
0, 814, 15, 155, 30, 5.2161009080009535e-05
0, 31, 634, 62, 18, 5.184615292819217e-05
0, 371, 215, 72, 58, 5.080308619653806e-05
0, 427, 181, 67, 70, 5.045844227424823e-05
0, 279, 67, 82, 104, 4.983077451470308e-05
0, 656, 161, 50, 57, 4.907187394564971e-05
0, 814, 119, 43, 40, 4.872378121945076e-05
0, 866, 117, 94, 76, 4.852342317462899e-05
0, 599, 142, 83, 65, 4.8373818572144955e-05
0, 382, 187, 60, 78, 4.82013238070067e-05
0, 475, 129, 68, 78, 4.8059268010547385e-05
0, 194, 368, 68, 59, 4.706042091129348e-05
0, 423, 103, 65, 75, 4.649150650948286e-05
0, 383, 304, 17, 33, 4.5738033804809675e-05
0, 178, 287, 54, 49, 4.534330946626142e-05
0, 530, 59, 65, 82, 4.5228993258206174e-05
0, 943, 451, 14, 105, 4.473308945307508e-05
0, 411, 69, 62, 77, 4.443386205821298e-05
0, 501, 121, 66, 76, 4.4426997192204e-05
0, 168, 367, 67, 50, 4.442665886017494e-05
0, 351, 207, 73, 63, 4.3969223042950034e-05
0, 454, 145, 62, 58, 4.394562347442843e-05
0, 918, 135, 64, 271, 4.367535439087078e-05
0, 444, 267, 60, 70, 4.361175888334401e-05
0, 188, 456, 73, 57, 4.3587184336502105e-05
0, 366, 177, 61, 79, 4.2986288462998345e-05
0, 832, 90, 63, 75, 4.2355808545835316e-05
0, 388, 250, 51, 41, 4.23366655013524e-05
0, 212, 259, 68, 77, 4.22377088398207e-05
0, 577, 61, 41, 54, 4.20677060901653e-05
0, 925, 449, 49, 97, 4.182777047390118e-05
0, 423, 128, 68, 76, 4.0900038584368303e-05
0, 861, 102, 64, 67, 4.0350882045459e-05
0, 160, 414, 127, 137, 3.997351086582057e-05
0, 64, 630, 126, 26, 3.963617200497538e-05
0, 626, 185, 67, 50, 3.949441452277824e-05
0, 83, 390, 67, 85, 3.925167038687505e-05
0, 101, 468, 78, 79, 3.908906728611328e-05
0, 331, 202, 69, 71, 3.8729074731236324e-05
0, 804, 147, 139, 94, 3.8619942642981187e-05
0, 187, 275, 58, 60, 3.856297553284094e-05
0, 935, 215, 30, 132, 3.823264705715701e-05
0, 343, 188, 58, 67, 3.7462061300175264e-05
0, 938, 120, 24, 141, 3.741721957339905e-05
0, 438, 119, 55, 66, 3.7083300412632525e-05
0, 406, 177, 68, 74, 3.577893949113786e-05
0, 943, 270, 14, 83, 3.5679651773534715e-05
0, 856, 60, 80, 95, 3.558199750841595e-05
0, 93, 363, 61, 81, 3.557639865903184e-05
0, 671, 188, 68, 40, 3.538023156579584e-05
0, 435, 57, 66, 85, 3.522247789078392e-05
0, 505, 60, 67, 87, 3.484993794700131e-05
0, 325, 237, 71, 72, 3.476771598798223e-05
0, 619, 68, 72, 85, 3.468571594567038e-05
0, 566, 63, 24, 27, 3.466901762294583e-05
0, 471, 59, 70, 86, 3.463633402134292e-05
0, 305, 67, 58, 81, 3.4338921977905557e-05
0, 638, 142, 71, 64, 3.393078441149555e-05
0, 919, 270, 62, 104, 3.3780008379835635e-05
0, 796, 106, 76, 72, 3.3707445254549384e-05
0, 925, 238, 51, 310, 3.3662698115222156e-05
0, 327, 55, 77, 98, 3.3208936656592414e-05
0, 121, 289, 30, 24, 3.3163112675538287e-05
0, 920, 640, 60, 7, 3.292393739684485e-05
0, 319, 217, 61, 67, 3.2893844036152586e-05
0, 249, 68, 81, 99, 3.285033017164096e-05
0, 598, 198, 65, 58, 3.27910493069794e-05
0, 419, 89, 10, 9, 3.272575850132853e-05
0, 236, 260, 69, 77, 3.25046457874123e-05
0, 186, 477, 104, 82, 3.2355517760152e-05
0, 426, 80, 55, 66, 3.229913272662088e-05
0, 920, 194, 61, 113, 3.1965679227141663e-05
0, 387, 56, 64, 88, 3.163440487696789e-05
