0, 246, 693, 73, 157, 0.4749521017074585
0, 147, 325, 86, 44, 0.45282745361328125
0, 124, 290, 54, 35, 0.17578677833080292
0, 183, 434, 34, 34, 0.1576787829399109
0, 121, 262, 70, 94, 0.15037718415260315
0, 244, 635, 46, 38, 0.11752717196941376
0, 244, 654, 58, 79, 0.09051302820444107
0, 125, 353, 30, 14, 0.08947186917066574
0, 246, 683, 63, 67, 0.061154503375291824
0, 249, 742, 47, 62, 0.046879641711711884
0, 200, 474, 22, 13, 0.030864926055073738
0, 255, 669, 38, 28, 0.030557530000805855
0, 278, 332, 25, 17, 0.028576882556080818
0, 220, 452, 18, 23, 0.020172996446490288
0, 162, 346, 21, 11, 0.01603834703564644
0, 247, 733, 36, 36, 0.015936290845274925
0, 205, 523, 15, 16, 0.014870654791593552
0, 184, 466, 16, 17, 0.01454430352896452
0, 236, 599, 23, 20, 0.013761378824710846
0, 107, 240, 30, 34, 0.013532835990190506
0, 226, 479, 21, 31, 0.012961489148437977
0, 133, 309, 49, 11, 0.012408367358148098
0, 295, 322, 57, 37, 0.01179340947419405
0, 286, 328, 41, 28, 0.011267322115600109
0, 219, 561, 20, 27, 0.0106681352481246
0, 52, 165, 27, 22, 0.010627057403326035
0, 211, 569, 37, 44, 0.009979339316487312
0, 170, 395, 12, 9, 0.00968986377120018
0, 207, 406, 13, 13, 0.009584465995430946
0, 294, 323, 20, 17, 0.00946897640824318
0, 419, 789, 39, 21, 0.009410491213202477
0, 429, 789, 18, 18, 0.009383033961057663
0, 251, 713, 49, 61, 0.008721387945115566
0, 237, 725, 20, 21, 0.008625279180705547
0, 304, 321, 33, 21, 0.008292590267956257
0, 411, 791, 21, 17, 0.007886288687586784
0, 201, 584, 18, 18, 0.0077687762677669525
0, 204, 520, 22, 23, 0.007687076460570097
0, 260, 689, 33, 47, 0.007583217229694128
0, 233, 646, 34, 34, 0.007507236674427986
0, 136, 292, 31, 21, 0.006976109463721514
0, 143, 351, 70, 25, 0.0058307708241045475
0, 225, 662, 20, 20, 0.005772795062512159
0, 106, 255, 46, 72, 0.005701464135199785
0, 215, 458, 32, 38, 0.005457610357552767
0, 112, 264, 23, 17, 0.005307075101882219
0, 227, 474, 16, 21, 0.005234899464994669
0, 204, 474, 26, 20, 0.005137307569384575
0, 187, 446, 38, 51, 0.0051031578332185745
0, 333, 332, 24, 17, 0.004920581821352243
0, 423, 518, 20, 13, 0.004864935297518969
0, 178, 461, 21, 26, 0.004817889537662268
0, 331, 344, 18, 12, 0.0047831148840487
0, 226, 674, 23, 35, 0.004529657308012247
0, 108, 229, 19, 23, 0.004518464673310518
0, 219, 472, 25, 29, 0.0042112222872674465
0, 157, 456, 9, 14, 0.003866989631205797
0, 400, 346, 27, 21, 0.0038474639877676964
0, 212, 618, 12, 22, 0.0038117009680718184
0, 218, 625, 12, 21, 0.0034394061658531427
0, 124, 323, 57, 27, 0.003222804516553879
0, 259, 613, 20, 12, 0.0032096807844936848
0, 447, 507, 25, 15, 0.003121456364169717
0, 223, 685, 16, 20, 0.0030561804305762053
0, 177, 331, 23, 20, 0.003036720445379615
0, 214, 481, 49, 35, 0.003006324637681246
0, 335, 324, 21, 20, 0.0028963235672563314
0, 339, 340, 32, 21, 0.002683023689314723
0, 224, 693, 19, 30, 0.002268338343128562
0, 277, 327, 32, 23, 0.00222207885235548
0, 274, 341, 23, 18, 0.002105245366692543
0, 142, 302, 106, 96, 0.0020539790857583284
0, 102, 230, 26, 31, 0.0020187217742204666
0, 353, 420, 17, 14, 0.001951955957338214
0, 332, 390, 23, 13, 0.0019171679159626365
0, 478, 688, 27, 17, 0.0018471060320734978
0, 237, 625, 32, 34, 0.0018219271441921592
0, 252, 338, 13, 14, 0.0016919545596465468
0, 315, 322, 66, 43, 0.0016240529948845506
0, 406, 785, 41, 28, 0.0015592121053487062
0, 229, 599, 42, 46, 0.001558444811962545
0, 226, 593, 32, 21, 0.001531493733637035
0, 435, 683, 25, 14, 0.0015239176573231816
0, 177, 312, 19, 19, 0.0014509906759485602
0, 210, 517, 23, 21, 0.0014178426936268806
0, 125, 240, 21, 32, 0.001407420146279037
0, 199, 404, 21, 18, 0.001358471461571753
0, 169, 342, 38, 19, 0.001358168781735003
0, 410, 774, 13, 12, 0.0013372921384871006
0, 391, 782, 11, 9, 0.0012893276289105415
0, 437, 511, 52, 30, 0.0012052503880113363
0, 144, 336, 65, 34, 0.0010649104369804263
0, 138, 429, 14, 17, 0.0009951189858838916
0, 263, 311, 18, 14, 0.0009574686409905553
0, 270, 355, 12, 10, 0.0009315689094364643
0, 289, 358, 20, 21, 0.0009315108763985336
0, 308, 335, 82, 52, 0.0008733868598937988
0, 285, 357, 20, 15, 0.0008492408087477088
0, 220, 418, 7, 9, 0.0007960109505802393
0, 160, 430, 18, 22, 0.0007625177386216819
0, 258, 317, 24, 21, 0.0007331594824790955
0, 350, 342, 19, 13, 0.0007327253697440028
0, 211, 584, 44, 32, 0.0007318802527152002
0, 222, 582, 29, 46, 0.0007117025670595467
0, 195, 468, 40, 31, 0.0006930395029485226
0, 276, 694, 152, 166, 0.0006620535277761519
0, 289, 365, 16, 14, 0.0006503257318399847
0, 296, 352, 41, 33, 0.0006408459739759564
0, 421, 522, 26, 21, 0.000629048387054354
0, 355, 400, 13, 26, 0.0006231747684068978
0, 244, 527, 12, 23, 0.0006180763011798263
0, 244, 517, 14, 45, 0.0006104204221628606
0, 148, 190, 19, 7, 0.0005562977748923004
0, 334, 333, 53, 54, 0.0005506696179509163
0, 292, 854, 20, 30, 0.0005193555844016373
0, 322, 362, 24, 13, 0.0004840359033551067
0, 167, 305, 32, 20, 0.0004510392318479717
0, 333, 362, 30, 12, 0.0004484034434426576
0, 172, 322, 52, 45, 0.0004338080470915884
0, 425, 435, 11, 12, 0.00042326029506511986
0, 488, 539, 10, 11, 0.0004123220278415829
0, 353, 355, 12, 11, 0.0004005047376267612
0, 174, 439, 56, 51, 0.0003655457403510809
0, 473, 551, 8, 9, 0.0003639713686425239
0, 309, 307, 63, 62, 0.00035166164161637425
0, 213, 605, 18, 22, 0.00033555031404830515
0, 88, 136, 22, 13, 0.00032490139710716903
0, 289, 315, 80, 62, 0.00032396544702351093
0, 230, 477, 33, 49, 0.0003135722072329372
0, 91, 225, 13, 18, 0.0003113526036031544
0, 243, 508, 9, 26, 0.00029169971821829677
0, 106, 121, 162, 117, 0.0002913489588536322
0, 199, 622, 10, 19, 0.0002761823998298496
0, 421, 535, 21, 14, 0.0002715020382311195
0, 200, 530, 20, 29, 0.00026051010354422033
0, 269, 344, 44, 32, 0.00025047818780876696
0, 330, 366, 43, 24, 0.00024641273193992674
0, 120, 344, 49, 46, 0.00023760356998536736
0, 323, 367, 23, 15, 0.0002311623829882592
0, 574, 64, 192, 129, 0.00023105042055249214
0, 173, 310, 28, 31, 0.00022247996821533889
0, 303, 361, 46, 33, 0.0002167826605727896
0, 253, 322, 27, 29, 0.00021483363525476307
0, 171, 682, 318, 188, 0.00020669247896876186
0, 2, 945, 5, 51, 0.0002045866713160649
0, 239, 504, 18, 61, 0.00020165588648524135
0, 150, 385, 13, 12, 0.00019885238725692034
0, 476, 747, 191, 180, 0.00019278956460766494
0, 340, 351, 45, 25, 0.00019175537454430014
0, 489, 564, 23, 16, 0.0001875045127235353
0, 498, 539, 22, 15, 0.00018712748715188354
0, 351, 412, 25, 31, 0.00018557169823907316
0, 210, 416, 17, 19, 0.0001844247744884342
0, 107, 325, 89, 81, 0.00018343652482144535
0, 449, 419, 9, 11, 0.0001747639907989651
0, 547, 780, 246, 381, 0.00016536239127162844
0, 315, 378, 10, 12, 0.00016483926447108388
0, 329, 384, 34, 29, 0.00016336669796146452
0, 208, 556, 37, 44, 0.00016252534987870604
0, 143, 426, 17, 23, 0.00015373455244116485
0, 100, 304, 200, 198, 0.00015131640248000622
0, 488, 554, 34, 35, 0.0001492675655754283
0, 163, 457, 21, 26, 0.00014665709750261158
0, 257, 607, 26, 21, 0.0001454457815270871
0, 336, 395, 32, 27, 0.00013881655468139797
0, 154, 303, 59, 22, 0.00013633930939249694
0, 357, 417, 30, 25, 0.00013180749374441803
0, 201, 430, 36, 37, 0.00013141907402314246
0, 251, 313, 23, 17, 0.00012980213796254247
0, 265, 602, 13, 9, 0.0001290537475142628
0, 210, 411, 27, 28, 0.0001285710313823074
0, 216, 544, 21, 23, 0.00012690089351963252
0, 278, 321, 120, 88, 0.00012272137973923236
0, 198, 577, 34, 39, 0.00011948982864851132
0, 213, 511, 39, 47, 0.00011782118963310495
0, 53, 153, 30, 36, 0.00011279781756456941
0, 155, 781, 310, 378, 0.00011164733587065712
0, 108, 296, 59, 51, 0.00010955600009765476
0, 250, 322, 192, 133, 0.0001080776855815202
0, 199, 463, 72, 109, 0.0001048961712513119
0, 65, 209, 11, 13, 0.00010422625200590119
0, 117, 348, 160, 122, 0.00010268130426993594
0, 124, 358, 37, 26, 9.907702769851312e-05
0, 183, 423, 59, 61, 9.658446651883423e-05
0, 375, 422, 10, 10, 9.636983304517344e-05
0, 392, 379, 19, 14, 9.58219388849102e-05
0, 341, 362, 51, 31, 9.420885180588812e-05
0, 439, 744, 113, 125, 9.318057709606364e-05
0, 201, 279, 231, 165, 8.814727334538475e-05
0, 252, 337, 20, 22, 8.771711873123422e-05
0, 207, 404, 17, 22, 8.74793840921484e-05
0, 161, 394, 25, 11, 8.612810779595748e-05
0, 644, 832, 53, 121, 8.381369116250426e-05
0, 269, 632, 188, 186, 8.180044096661732e-05
0, 422, 437, 20, 17, 8.158332639141008e-05
0, 639, 59, 63, 116, 7.914513116702437e-05
0, 398, 340, 87, 63, 7.893838483141735e-05
0, 643, 116, 9, 10, 7.870882836868986e-05
0, 314, 371, 34, 30, 7.653178181499243e-05
0, 210, 776, 100, 90, 7.421949703712016e-05
0, 284, 664, 286, 229, 7.266533066285774e-05
0, 75, 121, 151, 189, 7.09360174369067e-05
0, 430, 771, 79, 65, 7.065045065246522e-05
0, 411, 571, 11, 11, 7.009039109107107e-05
0, 179, 433, 91, 98, 6.887516065035015e-05
0, 153, 297, 71, 52, 6.812182255089283e-05
0, 489, 536, 36, 30, 6.756672519259155e-05
0, 302, 366, 74, 54, 6.670049333479255e-05
0, 229, 726, 67, 59, 6.664549437118694e-05
0, 169, 77, 338, 155, 6.597666651941836e-05
0, 434, 522, 55, 42, 6.543611380038783e-05
0, 415, 820, 60, 68, 6.285071140155196e-05
0, 216, 618, 275, 344, 6.240024231374264e-05
0, 40, 157, 81, 285, 6.229517748579383e-05
0, 89, 131, 21, 10, 6.170141568873078e-05
0, 123, 115, 10, 10, 6.0801507061114535e-05
0, 152, 389, 16, 15, 6.019884312991053e-05
0, 140, 280, 53, 30, 6.0005058912793174e-05
0, 355, 389, 9, 16, 5.923542630625889e-05
0, 304, 341, 97, 93, 5.772223084932193e-05
0, 53, 125, 98, 101, 5.76003803871572e-05
0, 424, 351, 78, 47, 5.735126615036279e-05
0, 610, 5, 28, 10, 5.732529461965896e-05
0, 4, 908, 8, 124, 5.6406202929792926e-05
0, 236, 496, 18, 27, 5.635818888549693e-05
0, 231, 766, 70, 73, 5.633040564134717e-05
0, 559, 376, 223, 368, 5.5699183576507494e-05
0, 502, 777, 65, 89, 5.520749618881382e-05
0, 271, 846, 9, 13, 5.478880848386325e-05
0, 340, 320, 99, 88, 5.464870628202334e-05
0, 143, 344, 88, 87, 5.433479236671701e-05
0, 134, 391, 9, 12, 5.429780503618531e-05
0, 64, 157, 53, 41, 5.330175190465525e-05
0, 152, 109, 86, 96, 5.287200474413112e-05
0, 209, 493, 36, 38, 5.262310878606513e-05
0, 137, 276, 68, 56, 5.2266022976255044e-05
0, 214, 628, 22, 48, 5.1224909839220345e-05
0, 463, 383, 160, 129, 5.0657177780522034e-05
0, 492, 568, 31, 29, 4.9245845730183646e-05
0, 414, 798, 55, 49, 4.878645631833933e-05
0, 214, 617, 43, 31, 4.8355093895224854e-05
0, 258, 573, 9, 10, 4.8189649533014745e-05
0, 45, 155, 48, 46, 4.765736957779154e-05
0, 88, 893, 177, 155, 4.716874173027463e-05
0, 642, 382, 57, 121, 4.666852328227833e-05
0, 480, 521, 55, 59, 4.658390753320418e-05
0, 262, 722, 86, 104, 4.62854077341035e-05
0, 215, 439, 22, 42, 4.567897121887654e-05
0, 194, 284, 98, 97, 4.523507595877163e-05
0, 570, 57, 98, 115, 4.456804890651256e-05
0, 572, 665, 196, 379, 4.399325553094968e-05
0, 381, 688, 14, 11, 4.369014277472161e-05
0, 523, 59, 103, 119, 4.329009243519977e-05
0, 641, 768, 58, 115, 4.2999199649784714e-05
0, 329, 636, 382, 392, 4.298014027881436e-05
0, 552, 91, 237, 182, 4.2710351408459246e-05
0, 232, 704, 61, 74, 4.2495510570006445e-05
0, 18, 171, 36, 291, 4.2003444832516834e-05
0, 406, 353, 43, 39, 4.197978341835551e-05
0, 156, 255, 171, 151, 4.1540846723364666e-05
0, 410, 379, 21, 16, 4.152191468165256e-05
0, 175, 766, 84, 107, 4.1444454836891964e-05
0, 349, 344, 68, 67, 4.085462569491938e-05
0, 96, 357, 92, 92, 4.066552355652675e-05
0, 175, 396, 25, 14, 4.062865991727449e-05
0, 476, 500, 64, 53, 4.0567836549598724e-05
0, 37, 930, 74, 81, 4.033787627122365e-05
0, 221, 741, 301, 309, 4.0168972191167995e-05
0, 612, 6, 74, 12, 4.011602868558839e-05
0, 164, 350, 49, 24, 3.9845253922976553e-05
0, 585, 464, 170, 370, 3.976117659476586e-05
0, 555, 245, 231, 355, 3.9388571167364717e-05
0, 496, 504, 20, 23, 3.904667028109543e-05
0, 429, 837, 90, 94, 3.8854224840179086e-05
0, 646, 315, 48, 106, 3.879890573443845e-05
0, 286, 619, 115, 113, 3.877467679558322e-05
0, 209, 632, 38, 62, 3.858975469483994e-05
0, 235, 516, 23, 53, 3.854175884043798e-05
0, 192, 708, 96, 82, 3.810746784438379e-05
0, 94, 247, 44, 55, 3.7441808672156185e-05
0, 187, 584, 82, 71, 3.717454455909319e-05
0, 225, 278, 340, 366, 3.7157780752750114e-05
0, 356, 346, 50, 39, 3.713617115863599e-05
0, 68, 157, 13, 14, 3.701377136167139e-05
0, 134, 121, 58, 59, 3.606732207117602e-05
0, 619, 68, 10, 14, 3.592973007471301e-05
0, 353, 417, 40, 42, 3.5814202419715e-05
0, 288, 840, 48, 79, 3.5408720577834174e-05
0, 557, 889, 226, 162, 3.512949115247466e-05
0, 201, 751, 98, 85, 3.503353946143761e-05
0, 138, 125, 35, 32, 3.49977781297639e-05
0, 263, 311, 60, 60, 3.493232361506671e-05
0, 519, 527, 81, 81, 3.489653317956254e-05
0, 232, 673, 54, 76, 3.456562262726948e-05
0, 469, 743, 34, 35, 3.4423348552081734e-05
0, 462, 735, 45, 34, 3.429150456213392e-05
0, 138, 431, 22, 31, 3.417173138586804e-05
0, 315, 394, 67, 57, 3.399248089408502e-05
0, 157, 202, 314, 405, 3.383407602086663e-05
0, 96, 218, 20, 15, 3.3466483728261665e-05
