0, 455, 823, 54, 36, 0.5908834338188171
0, 475, 889, 82, 72, 0.5878911018371582
0, 472, 974, 65, 52, 0.44404393434524536
0, 521, 972, 22, 24, 0.3356786072254181
0, 445, 793, 33, 17, 0.20534886419773102
0, 535, 1016, 19, 24, 0.20287993550300598
0, 75, 21, 53, 43, 0.14930297434329987
0, 486, 978, 34, 40, 0.14167460799217224
0, 483, 932, 35, 26, 0.08608171343803406
0, 478, 1016, 40, 26, 0.05978786200284958
0, 473, 897, 56, 41, 0.05494023859500885
0, 493, 1059, 30, 32, 0.04307977110147476
0, 397, 578, 17, 17, 0.04212384670972824
0, 421, 664, 22, 17, 0.02664637193083763
0, 476, 1009, 46, 17, 0.026427138596773148
0, 536, 950, 14, 15, 0.025992274284362793
0, 520, 933, 14, 13, 0.02469434216618538
0, 502, 976, 74, 45, 0.02289419248700142
0, 471, 930, 58, 37, 0.022879263386130333
0, 487, 933, 52, 36, 0.019581371918320656
0, 314, 534, 13, 12, 0.018067533150315285
0, 548, 929, 18, 13, 0.017004037275910378
0, 499, 933, 54, 24, 0.015285168774425983
0, 95, 24, 125, 47, 0.014991317875683308
0, 526, 964, 37, 44, 0.014313668012619019
0, 421, 770, 15, 18, 0.013936255127191544
0, 491, 890, 67, 46, 0.01258873101323843
0, 506, 1063, 26, 34, 0.012403289787471294
0, 471, 1014, 59, 40, 0.01209497731178999
0, 370, 535, 12, 14, 0.010300476104021072
0, 472, 999, 66, 60, 0.010135648772120476
0, 483, 931, 101, 162, 0.00985597912222147
0, 520, 1069, 14, 11, 0.008871195837855339
0, 517, 969, 51, 70, 0.008860222063958645
0, 236, 332, 12, 16, 0.00810669083148241
0, 511, 1005, 13, 12, 0.0075472514145076275
0, 524, 1017, 53, 39, 0.007384267169982195
0, 451, 740, 10, 11, 0.0069708749651908875
0, 435, 714, 9, 10, 0.006626143120229244
0, 390, 584, 40, 30, 0.006543677765876055
0, 378, 591, 14, 11, 0.006128288339823484
0, 366, 396, 73, 79, 0.006089738570153713
0, 506, 1044, 64, 78, 0.005256928037852049
0, 138, 127, 18, 16, 0.004978762939572334
0, 323, 503, 12, 19, 0.004959281533956528
0, 219, 213, 14, 19, 0.004560733214020729
0, 524, 976, 33, 37, 0.00451506394892931
0, 317, 533, 16, 23, 0.0033763605169951916
0, 371, 624, 8, 10, 0.0032361692283302546
0, 457, 809, 70, 66, 0.0032217062544077635
0, 319, 508, 18, 28, 0.0025453290436416864
0, 255, 301, 13, 10, 0.0021166871301829815
0, 518, 948, 31, 31, 0.0019143233075737953
0, 268, 329, 31, 16, 0.0018039664719253778
0, 399, 694, 13, 17, 0.0017035380005836487
0, 467, 858, 31, 15, 0.0016713349614292383
0, 210, 272, 16, 11, 0.001641464070416987
0, 474, 868, 60, 34, 0.001540032564662397
0, 513, 1033, 35, 33, 0.0014850794104859233
0, 399, 576, 32, 29, 0.0013540616491809487
0, 393, 544, 14, 13, 0.0013304682215675712
0, 441, 780, 58, 44, 0.0013112144079059362
0, 461, 849, 52, 22, 0.0013030642876401544
0, 170, 128, 15, 19, 0.0012857872061431408
0, 500, 787, 13, 14, 0.0012181219644844532
0, 528, 1024, 31, 42, 0.000996308634057641
0, 316, 501, 23, 21, 0.0009022548911161721
0, 467, 920, 72, 61, 0.0008898383239284158
0, 211, 212, 20, 22, 0.0008653742843307555
0, 98, 1206, 197, 44, 0.0007764931069687009
0, 38, 1218, 77, 21, 0.0007287441985681653
0, 512, 835, 17, 12, 0.0007060387870296836
0, 403, 741, 18, 16, 0.0005452781915664673
0, 404, 564, 20, 17, 0.000537704152520746
0, 397, 545, 19, 17, 0.0005055380170233548
0, 443, 787, 38, 32, 0.0005046917940489948
0, 523, 1085, 12, 15, 0.0004991776077076793
0, 517, 899, 21, 20, 0.000465043936856091
0, 470, 825, 90, 53, 0.000460361159639433
0, 246, 331, 31, 21, 0.00042017686064355075
0, 425, 771, 25, 32, 0.00041750658419914544
0, 455, 897, 152, 141, 0.00038437690818682313
0, 359, 601, 7, 13, 0.0003810348571278155
0, 184, 175, 12, 19, 0.0003779379476327449
0, 484, 1192, 111, 72, 0.000371994188753888
0, 387, 418, 28, 31, 0.0003692708851303905
0, 444, 952, 167, 219, 0.0003540655307006091
0, 496, 1064, 39, 61, 0.00034322947612963617
0, 540, 1191, 129, 74, 0.000319573882734403
0, 436, 1187, 95, 82, 0.00030586813227273524
0, 366, 469, 18, 21, 0.0002890351752284914
0, 468, 990, 86, 96, 0.00026870076544582844
0, 218, 199, 14, 22, 0.0002613928518258035
0, 296, 468, 10, 12, 0.00025264156283810735
0, 310, 376, 10, 9, 0.00025079146143980324
0, 218, 234, 14, 17, 0.00024997000582516193
0, 379, 534, 31, 25, 0.0002394890325376764
0, 491, 1012, 58, 146, 0.0002394018229097128
0, 267, 314, 29, 13, 0.00023445571423508227
0, 431, 731, 10, 17, 0.0002174289256799966
0, 414, 765, 37, 45, 0.00021717532945331186
0, 152, 125, 56, 38, 0.0002120884892065078
0, 207, 196, 14, 15, 0.00020806631073355675
0, 469, 814, 110, 100, 0.00019984837854281068
0, 440, 801, 104, 100, 0.00018924984033219516
0, 259, 317, 41, 37, 0.0001723332970868796
0, 579, 1177, 120, 103, 0.00016904414223972708
0, 476, 874, 104, 123, 0.00016600079834461212
0, 406, 1194, 124, 68, 0.00015856180107221007
0, 542, 1015, 35, 30, 0.00015799359243828803
0, 479, 989, 135, 126, 0.0001477202313253656
0, 175, 157, 13, 15, 0.00014748364628758281
0, 56, 25, 113, 50, 0.00014701932377647609
0, 241, 325, 21, 34, 0.0001244343729922548
0, 611, 1211, 111, 35, 0.00012392732605803758
0, 153, 117, 16, 14, 0.0001186182998935692
0, 175, 150, 21, 17, 0.00011640883894870058
0, 297, 390, 20, 23, 0.00011610851652221754
0, 372, 381, 37, 36, 0.00010860715701710433
0, 509, 1211, 268, 33, 0.00010716566612245515
0, 448, 1029, 123, 93, 9.969493839889765e-05
0, 377, 669, 14, 27, 8.94190525286831e-05
0, 434, 1212, 192, 31, 8.919652464101091e-05
0, 395, 690, 23, 27, 8.909503230825067e-05
0, 211, 221, 29, 51, 8.644398621981964e-05
0, 451, 1166, 121, 86, 8.448887820122764e-05
0, 511, 43, 14, 13, 8.001792593859136e-05
0, 354, 441, 29, 22, 7.914732123026624e-05
0, 56, 1213, 113, 30, 7.797164289513603e-05
0, 366, 387, 55, 49, 7.63346251915209e-05
0, 297, 442, 12, 19, 7.596051727887243e-05
0, 617, 64, 98, 128, 7.247924077091739e-05
0, 238, 301, 14, 18, 7.152253965614364e-05
0, 405, 734, 17, 27, 7.003406790317968e-05
0, 385, 588, 63, 41, 6.817933899583295e-05
0, 460, 789, 69, 35, 6.577237945748493e-05
0, 64, 591, 16, 16, 6.392702925950289e-05
0, 126, 1172, 252, 113, 6.274285988183692e-05
0, 396, 500, 18, 23, 6.002091322443448e-05
0, 185, 148, 19, 15, 5.985617826809175e-05
0, 315, 510, 28, 41, 5.969457924948074e-05
0, 373, 561, 12, 11, 5.965582386124879e-05
0, 56, 66, 113, 133, 5.822904495289549e-05
0, 337, 1193, 143, 71, 5.802660234621726e-05
0, 359, 1211, 168, 32, 5.781257277703844e-05
0, 341, 377, 22, 24, 5.6882196076912805e-05
0, 496, 906, 67, 54, 5.4651416576234624e-05
0, 299, 374, 23, 16, 5.408989454736002e-05
0, 159, 133, 39, 35, 5.375334876589477e-05
0, 183, 171, 19, 26, 5.186306589166634e-05
0, 468, 782, 220, 181, 5.163714013178833e-05
0, 30, 32, 60, 65, 5.044415593147278e-05
0, 292, 363, 19, 16, 4.844311115448363e-05
0, 122, 9, 219, 19, 4.7993406042223796e-05
0, 257, 286, 25, 38, 4.797281508217566e-05
0, 621, 192, 91, 138, 4.762039316119626e-05
0, 552, 950, 159, 176, 4.73942345706746e-05
0, 429, 859, 95, 72, 4.7218472900567576e-05
0, 488, 1051, 68, 72, 4.680553320213221e-05
0, 126, 116, 249, 222, 4.67446880065836e-05
0, 554, 195, 132, 144, 4.63088508695364e-05
0, 572, 1207, 188, 43, 4.615990837919526e-05
0, 629, 124, 74, 140, 4.607859591487795e-05
0, 311, 393, 31, 27, 4.5871827751398087e-05
0, 170, 148, 78, 79, 4.582784094964154e-05
0, 295, 1212, 199, 32, 4.580665336106904e-05
0, 429, 835, 107, 69, 4.539215660770424e-05
0, 171, 1208, 230, 39, 4.437694587977603e-05
0, 265, 276, 19, 25, 4.033530058222823e-05
0, 133, 44, 183, 89, 3.997522799181752e-05
0, 4, 740, 9, 158, 3.9952854422153905e-05
0, 346, 371, 124, 141, 3.970828038291074e-05
0, 93, 765, 187, 208, 3.959351670346223e-05
0, 326, 421, 12, 14, 3.946158540202305e-05
0, 138, 124, 29, 29, 3.884562829625793e-05
0, 338, 511, 57, 58, 3.835696043097414e-05
0, 437, 971, 124, 81, 3.7057845474919304e-05
0, 4, 451, 9, 163, 3.693080725497566e-05
0, 608, 445, 117, 148, 3.687541538965888e-05
0, 320, 391, 22, 20, 3.685976844280958e-05
0, 521, 802, 290, 514, 3.6671277484856546e-05
0, 389, 238, 16, 16, 3.607395774452016e-05
0, 370, 475, 33, 35, 3.528578599798493e-05
0, 633, 837, 15, 15, 3.5210188798373565e-05
0, 507, 878, 82, 73, 3.446904520387761e-05
0, 4, 26, 9, 53, 3.405140159884468e-05
0, 396, 750, 21, 22, 3.3813885238487273e-05
0, 389, 499, 20, 22, 3.378774272277951e-05
0, 526, 885, 231, 210, 3.373912477400154e-05
0, 326, 252, 17, 16, 3.365496013429947e-05
0, 232, 1213, 184, 30, 3.3542175515322015e-05
0, 73, 1191, 146, 75, 3.348401151015423e-05
0, 510, 1184, 313, 88, 3.287649815320037e-05
0, 376, 805, 289, 273, 3.248744906159118e-05
0, 423, 624, 19, 15, 3.200695209670812e-05
0, 633, 579, 66, 129, 3.119899338344112e-05
0, 610, 1191, 112, 74, 3.093496343353763e-05
0, 527, 993, 278, 430, 3.092346014454961e-05
0, 373, 655, 9, 13, 3.06039146380499e-05
0, 305, 393, 40, 40, 3.053636828553863e-05
0, 276, 67, 114, 127, 3.022780038008932e-05
0, 575, 1002, 119, 173, 3.0152168619679287e-05
0, 374, 1185, 101, 86, 3.011366061400622e-05
0, 640, 74, 52, 94, 2.9956441721878946e-05
0, 327, 405, 76, 60, 2.973134905914776e-05
0, 398, 558, 60, 60, 2.911607407440897e-05
0, 243, 286, 23, 25, 2.8863474653917365e-05
0, 4, 542, 9, 162, 2.877775114029646e-05
0, 223, 100, 447, 200, 2.8771988581866026e-05
0, 4, 376, 9, 165, 2.8607282729353756e-05
0, 366, 596, 25, 21, 2.8509890398709103e-05
0, 140, 139, 20, 20, 2.845743983925786e-05
0, 215, 64, 129, 124, 2.839893386408221e-05
0, 376, 484, 48, 56, 2.8342390578472987e-05
0, 290, 1194, 138, 66, 2.803518327709753e-05
0, 215, 251, 33, 58, 2.8018317607347853e-05
0, 547, 1185, 77, 63, 2.7962129024672322e-05
0, 543, 939, 33, 39, 2.778991802188102e-05
0, 4, 880, 9, 162, 2.7772061002906412e-05
0, 4, 634, 9, 165, 2.7345991838956252e-05
0, 607, 637, 119, 150, 2.730950654949993e-05
0, 302, 452, 23, 40, 2.7115085686091334e-05
0, 426, 668, 46, 36, 2.7054384190705605e-05
0, 434, 697, 9, 20, 2.614522418298293e-05
0, 404, 713, 11, 10, 2.5844177798717283e-05
0, 608, 772, 117, 144, 2.5676610675873235e-05
0, 633, 454, 66, 127, 2.550823410274461e-05
0, 172, 720, 111, 122, 2.5507530153845437e-05
0, 4, 315, 9, 166, 2.5042156266863458e-05
0, 346, 532, 72, 44, 2.4951021259767003e-05
0, 557, 68, 218, 137, 2.4904238671297207e-05
0, 662, 14, 9, 28, 2.4721019144635648e-05
0, 536, 796, 260, 279, 2.4704899260541424e-05
0, 435, 592, 10, 21, 2.4364842829527333e-05
0, 4, 802, 9, 161, 2.427334948151838e-05
0, 377, 352, 111, 140, 2.3881977540440857e-05
0, 159, 581, 29, 26, 2.3330121621256694e-05
0, 193, 573, 136, 145, 2.32869315368589e-05
0, 477, 781, 26, 18, 2.3007189156487584e-05
0, 441, 891, 111, 87, 2.2725733288098127e-05
0, 533, 328, 136, 134, 2.244789357064292e-05
0, 601, 1066, 131, 194, 2.2446736693382263e-05
0, 4, 144, 9, 162, 2.2337977497954853e-05
0, 393, 756, 16, 25, 2.233721170341596e-05
0, 114, 483, 29, 24, 2.229981510026846e-05
0, 440, 735, 28, 25, 2.2097729015513323e-05
0, 344, 375, 35, 45, 2.2051499399822205e-05
0, 327, 373, 76, 59, 2.1984455088386312e-05
0, 416, 1049, 93, 89, 2.1972884496790357e-05
0, 39, 1172, 78, 112, 2.19110916077625e-05
0, 328, 504, 30, 31, 2.1827585442224517e-05
0, 290, 348, 18, 18, 2.157870403607376e-05
0, 610, 330, 113, 135, 2.131194014509674e-05
0, 472, 73, 104, 113, 2.129562562913634e-05
0, 4, 941, 9, 163, 2.128360756614711e-05
0, 384, 415, 45, 53, 2.11865444725845e-05
0, 538, 963, 76, 83, 2.1066245608380996e-05
0, 4, 252, 9, 169, 2.1053732780274004e-05
0, 158, 485, 16, 15, 2.1003537767683156e-05
0, 438, 768, 37, 39, 2.0986599338357337e-05
0, 299, 77, 34, 37, 2.090910857077688e-05
0, 5, 83, 10, 167, 2.0773200958501548e-05
0, 648, 87, 37, 67, 2.0770783521584235e-05
0, 208, 780, 35, 29, 2.0762427084264345e-05
0, 113, 506, 118, 123, 2.0587893232004717e-05
0, 607, 568, 118, 153, 2.0350022168713622e-05
0, 292, 724, 77, 79, 2.0194702301523648e-05
0, 291, 306, 118, 84, 2.0180379578960128e-05
0, 516, 235, 300, 459, 2.0124760339967906e-05
0, 340, 540, 17, 18, 2.0073583073099144e-05
0, 532, 337, 39, 35, 1.943541064974852e-05
0, 143, 734, 267, 217, 1.9379960576770827e-05
0, 244, 1196, 141, 63, 1.9208730009268038e-05
0, 413, 677, 29, 50, 1.9177283320459537e-05
0, 224, 844, 108, 125, 1.9073631847277284e-05
0, 5, 1035, 10, 166, 1.8934571926365606e-05
0, 343, 601, 17, 15, 1.8876156900660135e-05
0, 421, 725, 64, 72, 1.8834331058315e-05
0, 265, 308, 70, 70, 1.8716087652137503e-05
0, 181, 987, 107, 104, 1.871171480161138e-05
0, 232, 773, 127, 134, 1.8607421225169674e-05
0, 603, 7, 117, 15, 1.8561853721621446e-05
0, 398, 497, 113, 110, 1.8482807718100958e-05
0, 638, 23, 56, 46, 1.8460557839716785e-05
0, 181, 123, 128, 136, 1.839983269746881e-05
0, 5, 1097, 11, 171, 1.839607830333989e-05
0, 115, 788, 64, 72, 1.828175300033763e-05
0, 305, 359, 50, 46, 1.824014907469973e-05
0, 409, 559, 22, 19, 1.8176613593823276e-05
0, 138, 1196, 137, 62, 1.8110464225173928e-05
0, 416, 646, 63, 76, 1.8014174202107824e-05
0, 574, 207, 26, 24, 1.798074117687065e-05
0, 414, 911, 130, 84, 1.7963824575417675e-05
0, 129, 37, 85, 64, 1.7877842765301466e-05
0, 437, 72, 27, 25, 1.787373548722826e-05
0, 608, 716, 116, 133, 1.7866781490738504e-05
0, 511, 839, 61, 39, 1.7818627384258434e-05
0, 430, 912, 382, 265, 1.762800820870325e-05
0, 509, 125, 314, 250, 1.7409984138794243e-05
0, 421, 581, 39, 28, 1.7253245459869504e-05
