0, 417, 526, 99, 107, 0.4355517029762268
0, 434, 362, 96, 123, 0.4070342183113098
0, 423, 273, 43, 54, 0.25614306330680847
0, 290, 1074, 76, 55, 0.13305725157260895
0, 312, 977, 41, 47, 0.11339874565601349
0, 309, 834, 34, 37, 0.09740471839904785
0, 317, 928, 33, 28, 0.09471191465854645
0, 378, 638, 33, 36, 0.09119857847690582
0, 297, 1068, 46, 40, 0.09084237366914749
0, 425, 446, 91, 67, 0.07744577527046204
0, 321, 893, 37, 38, 0.06517715007066727
0, 331, 778, 50, 39, 0.06504642963409424
0, 323, 956, 81, 98, 0.06396546214818954
0, 410, 611, 62, 44, 0.058702487498521805
0, 319, 784, 36, 41, 0.05714081972837448
0, 301, 903, 28, 24, 0.05547881871461868
0, 380, 763, 33, 32, 0.05504445359110832
0, 373, 761, 17, 27, 0.046982377767562866
0, 426, 481, 118, 199, 0.0437668152153492
0, 384, 630, 27, 26, 0.04300478473305702
0, 401, 712, 59, 79, 0.039605043828487396
0, 313, 910, 57, 58, 0.03786436840891838
0, 387, 779, 53, 67, 0.0377533845603466
0, 383, 645, 49, 50, 0.036317307502031326
0, 373, 848, 32, 32, 0.03488311171531677
0, 304, 848, 44, 64, 0.03388025984168053
0, 316, 905, 110, 183, 0.03233740106225014
0, 425, 543, 74, 62, 0.030038554221391678
0, 343, 774, 24, 21, 0.02999156154692173
0, 265, 1078, 30, 40, 0.029907360672950745
0, 417, 437, 65, 45, 0.02903539501130581
0, 409, 715, 33, 43, 0.027835048735141754
0, 365, 657, 82, 82, 0.027478564530611038
0, 412, 683, 42, 40, 0.02702711895108223
0, 410, 698, 36, 41, 0.026388777419924736
0, 263, 1089, 26, 29, 0.02466822788119316
0, 279, 952, 24, 31, 0.0230591781437397
0, 407, 501, 61, 49, 0.02091921865940094
0, 299, 873, 62, 113, 0.020752346143126488
0, 398, 726, 42, 50, 0.020705044269561768
0, 304, 967, 76, 67, 0.01949785090982914
0, 294, 1018, 37, 21, 0.019012877717614174
0, 351, 665, 50, 62, 0.01895684376358986
0, 391, 779, 29, 50, 0.01808123104274273
0, 395, 744, 66, 121, 0.0178370401263237
0, 449, 455, 49, 64, 0.017485979944467545
0, 353, 876, 28, 25, 0.017208140343427658
0, 310, 993, 84, 89, 0.0169990174472332
0, 420, 489, 87, 89, 0.016941146925091743
0, 433, 388, 72, 62, 0.016457898542284966
0, 288, 906, 35, 38, 0.016123322769999504
0, 299, 1027, 40, 31, 0.014975658617913723
0, 413, 415, 38, 20, 0.014711864292621613
0, 426, 337, 63, 67, 0.014521263539791107
0, 341, 721, 17, 22, 0.01433655247092247
0, 284, 1012, 37, 28, 0.014198779128491879
0, 430, 399, 52, 44, 0.013708115555346012
0, 424, 414, 65, 50, 0.0129780862480402
0, 456, 472, 33, 43, 0.012509576044976711
0, 281, 915, 23, 33, 0.012089548632502556
0, 345, 935, 36, 39, 0.011877082288265228
0, 312, 1026, 56, 38, 0.0115476343780756
0, 333, 1015, 29, 24, 0.011407073587179184
0, 389, 652, 83, 66, 0.011067467741668224
0, 434, 284, 36, 43, 0.01073219534009695
0, 366, 844, 49, 41, 0.010398407466709614
0, 443, 357, 71, 76, 0.010165669955313206
0, 339, 679, 30, 31, 0.009819678962230682
0, 336, 898, 64, 73, 0.009584017097949982
0, 398, 669, 96, 116, 0.009553194046020508
0, 428, 665, 33, 39, 0.009540812112390995
0, 329, 1027, 31, 32, 0.009378470480442047
0, 452, 377, 52, 54, 0.009285670705139637
0, 399, 655, 44, 35, 0.00866834819316864
0, 405, 633, 99, 70, 0.00847963709384203
0, 393, 602, 38, 46, 0.008382621221244335
0, 292, 1022, 72, 53, 0.00826913770288229
0, 392, 754, 55, 72, 0.008133082650601864
0, 375, 687, 26, 30, 0.008124589920043945
0, 323, 851, 31, 32, 0.0075982254929840565
0, 309, 964, 161, 302, 0.007578044664114714
0, 432, 396, 121, 228, 0.007266426458954811
0, 390, 484, 35, 46, 0.00668075866997242
0, 345, 716, 26, 33, 0.006663452833890915
0, 284, 1002, 47, 39, 0.00653833569958806
0, 450, 302, 38, 39, 0.0059719509445130825
0, 417, 344, 46, 42, 0.005411443300545216
0, 379, 725, 131, 224, 0.0053564198315143585
0, 415, 287, 37, 51, 0.00518069788813591
0, 324, 783, 62, 74, 0.005128821358084679
0, 455, 482, 27, 30, 0.004551386460661888
0, 331, 859, 50, 43, 0.004543833434581757
0, 327, 975, 62, 61, 0.004416895564645529
0, 345, 802, 94, 122, 0.0043469942174851894
0, 388, 805, 21, 28, 0.004207912366837263
0, 379, 621, 28, 47, 0.004037703853100538
0, 416, 597, 55, 32, 0.003995269536972046
0, 378, 805, 39, 36, 0.003985295537859201
0, 348, 771, 81, 72, 0.0036867214366793633
0, 262, 1032, 15, 20, 0.0036122375167906284
0, 302, 1060, 75, 76, 0.003501065308228135
0, 271, 1001, 31, 31, 0.003297372255474329
0, 384, 551, 33, 34, 0.0030684946104884148
0, 455, 338, 42, 55, 0.0029164571315050125
0, 419, 678, 59, 73, 0.002534326398745179
0, 463, 266, 21, 23, 0.002389033790677786
0, 108, 1166, 13, 22, 0.002226499142125249
0, 393, 561, 50, 41, 0.0022038659080863
0, 394, 346, 17, 26, 0.002182443393394351
0, 279, 978, 47, 46, 0.0021265684626996517
0, 416, 586, 77, 45, 0.0017032257746905088
0, 115, 1214, 18, 14, 0.0016950987046584487
0, 411, 287, 55, 86, 0.00149829953443259
0, 110, 1207, 17, 22, 0.001494295778684318
0, 331, 1014, 49, 42, 0.0013918840559199452
0, 353, 882, 45, 62, 0.0013410814572125673
0, 283, 962, 54, 63, 0.0012291623279452324
0, 336, 921, 81, 120, 0.0011684740893542767
0, 450, 539, 33, 38, 0.0011460307287052274
0, 443, 223, 27, 25, 0.0010892743011936545
0, 425, 630, 50, 62, 0.0009785658912733197
0, 360, 768, 51, 42, 0.0008982387953437865
0, 423, 562, 121, 252, 0.0008749185944907367
0, 413, 694, 124, 215, 0.0008577772532589734
0, 384, 589, 36, 42, 0.0008575659594498575
0, 294, 926, 76, 115, 0.0006689092260785401
0, 431, 137, 15, 17, 0.0006224692915566266
0, 422, 198, 15, 20, 0.0005758453626185656
0, 148, 1164, 11, 20, 0.00036549591459333897
0, 435, 230, 43, 36, 0.0003478191501926631
0, 461, 423, 228, 340, 0.00032069976441562176
0, 512, 1415, 126, 145, 0.00025846288190223277
0, 320, 722, 16, 20, 0.00025478503084741533
0, 324, 746, 41, 62, 0.00025438598822802305
0, 235, 139, 470, 278, 0.00023968001187313348
0, 406, 152, 338, 305, 0.0002330034039914608
0, 121, 136, 242, 269, 0.00023099931422621012
0, 311, 806, 89, 133, 0.00019923309446312487
0, 344, 683, 65, 108, 0.0001875229354482144
0, 98, 1203, 17, 15, 0.00018536161223892123
0, 442, 275, 266, 551, 0.00018378264212515205
0, 430, 262, 60, 82, 0.00016967863484751433
0, 281, 1130, 14, 18, 0.00016871612751856446
0, 164, 1093, 16, 19, 0.0001658402179600671
0, 448, 457, 88, 86, 0.000161383519298397
0, 343, 823, 464, 607, 0.00015971504035405815
0, 288, 1089, 83, 115, 0.00014796906907577068
0, 301, 1148, 31, 14, 0.0001456445170333609
0, 471, 272, 30, 32, 0.00014361013018060476
0, 107, 1161, 19, 41, 0.00013872103590983897
0, 272, 1086, 67, 60, 0.00013254732766654342
0, 302, 1058, 126, 125, 0.00012891500955447555
0, 469, 357, 166, 190, 0.00012033987150061876
0, 403, 129, 15, 27, 0.00011731434642570093
0, 458, 352, 65, 142, 0.00011552319483598694
0, 530, 776, 91, 170, 0.00010845534416148439
0, 4, 95, 8, 188, 0.00010694547381717712
0, 440, 174, 14, 21, 0.0001011008134810254
0, 544, 102, 62, 194, 0.0001003621582640335
0, 397, 366, 357, 442, 9.714782208902761e-05
0, 4, 822, 8, 186, 9.555531869409606e-05
0, 410, 634, 330, 595, 9.497999417362735e-05
0, 4, 707, 8, 187, 9.386871533934027e-05
0, 328, 1121, 15, 16, 9.166611562250182e-05
0, 102, 1168, 29, 38, 9.125577344093472e-05
0, 528, 700, 95, 166, 9.103014599531889e-05
0, 535, 833, 81, 172, 9.065229096449912e-05
0, 5, 1448, 10, 79, 9.012873488245532e-05
0, 405, 279, 100, 81, 8.975873060990125e-05
0, 322, 1100, 38, 60, 8.739950862945989e-05
0, 291, 958, 349, 445, 8.701124170329422e-05
0, 457, 763, 213, 352, 8.516618254361674e-05
0, 548, 256, 55, 193, 8.128512854455039e-05
0, 483, 266, 184, 390, 7.987314893398434e-05
0, 284, 1045, 155, 199, 7.896669558249414e-05
0, 299, 1125, 34, 22, 7.615743379574269e-05
0, 224, 1272, 12, 21, 7.506988913519308e-05
0, 245, 1166, 11, 24, 7.505593384848908e-05
0, 378, 813, 81, 116, 7.447827374562621e-05
0, 147, 1174, 12, 29, 7.424539944622666e-05
0, 98, 1181, 36, 53, 7.385617209365591e-05
0, 390, 509, 92, 114, 7.384089258266613e-05
0, 283, 281, 566, 563, 7.158934022299945e-05
0, 525, 962, 100, 177, 6.724366539856419e-05
0, 535, 515, 81, 164, 6.550778925884515e-05
0, 392, 125, 19, 27, 6.525882781716064e-05
0, 5, 1394, 11, 186, 6.439036224037409e-05
0, 536, 366, 78, 294, 6.320056127151474e-05
0, 151, 1154, 14, 29, 6.269997538765892e-05
0, 534, 638, 83, 160, 6.232905434444547e-05
0, 450, 564, 251, 324, 6.14192831562832e-05
0, 107, 1206, 38, 33, 6.028581265127286e-05
0, 527, 382, 96, 159, 5.9470774431247264e-05
0, 227, 1295, 17, 15, 5.8877922128885984e-05
0, 511, 69, 128, 138, 5.777482147095725e-05
0, 4, 634, 8, 188, 5.765225432696752e-05
0, 536, 586, 79, 161, 5.691827755072154e-05
0, 446, 270, 65, 51, 5.664591662934981e-05
0, 403, 180, 215, 278, 5.6154272897401825e-05
0, 547, 458, 56, 164, 5.599903306574561e-05
0, 455, 491, 97, 146, 5.5832191719673574e-05
0, 265, 1121, 20, 18, 5.567719927057624e-05
0, 4, 447, 8, 193, 5.4987081966828555e-05
0, 4, 1007, 8, 192, 5.447892181109637e-05
0, 513, 1350, 125, 171, 5.284317012410611e-05
0, 4, 560, 8, 191, 5.22580485267099e-05
0, 517, 439, 116, 162, 5.222925028647296e-05
0, 413, 407, 92, 112, 5.120435162098147e-05
0, 4, 897, 8, 191, 5.0423521315678954e-05
0, 425, 572, 105, 102, 5.021943070460111e-05
0, 276, 1021, 86, 97, 5.01004651596304e-05
0, 272, 1311, 21, 23, 4.9814243539003655e-05
0, 511, 1224, 128, 184, 4.7846213419688866e-05
0, 448, 427, 114, 145, 4.639916369342245e-05
0, 438, 184, 22, 40, 4.6381595893763006e-05
0, 94, 71, 189, 142, 4.566742791212164e-05
0, 538, 208, 75, 161, 4.5359396608546376e-05
0, 40, 68, 81, 136, 4.5267832319950685e-05
0, 252, 522, 90, 108, 4.5181532186688855e-05
0, 383, 606, 78, 92, 4.414105205796659e-05
0, 161, 1145, 14, 22, 4.360560342320241e-05
0, 281, 1141, 11, 17, 4.239589907228947e-05
0, 281, 1293, 20, 54, 4.0978316974360496e-05
0, 387, 555, 92, 139, 4.094862742931582e-05
0, 521, 1106, 109, 177, 3.974790888605639e-05
0, 515, 1292, 121, 168, 3.956136424676515e-05
0, 548, 330, 55, 173, 3.9329832361545414e-05
0, 4, 338, 8, 188, 3.9249385736184195e-05
0, 532, 906, 87, 178, 3.897007627529092e-05
0, 391, 456, 113, 110, 3.827587715932168e-05
0, 278, 895, 237, 251, 3.7958616303512827e-05
0, 67, 1178, 135, 172, 3.7903053453192115e-05
0, 437, 282, 84, 134, 3.768482565646991e-05
0, 519, 256, 113, 177, 3.738647137652151e-05
0, 521, 1036, 109, 180, 3.7329326005419716e-05
0, 4, 167, 8, 186, 3.578856558306143e-05
0, 350, 999, 136, 141, 3.55187694367487e-05
0, 434, 120, 96, 118, 3.4876171412179247e-05
0, 98, 1152, 95, 96, 3.456826016190462e-05
0, 376, 832, 211, 339, 3.427120464039035e-05
0, 548, 550, 55, 173, 3.3467473258497193e-05
0, 259, 1234, 10, 16, 3.3339703804813325e-05
0, 547, 1455, 56, 65, 3.312322587589733e-05
0, 393, 114, 62, 95, 3.2702610042179e-05
0, 280, 508, 93, 109, 3.25283981510438e-05
0, 437, 144, 23, 35, 3.23900931107346e-05
0, 422, 718, 87, 108, 3.226585249649361e-05
0, 297, 387, 112, 122, 3.20434155582916e-05
0, 4, 1081, 8, 194, 3.131241101073101e-05
0, 531, 201, 88, 402, 3.0861181585351005e-05
0, 258, 1091, 109, 78, 3.060111339436844e-05
0, 3, 232, 7, 159, 3.025121804967057e-05
0, 463, 278, 47, 57, 3.01843901979737e-05
0, 276, 1182, 15, 16, 2.9937193176010624e-05
0, 294, 168, 23, 26, 2.9503331461455673e-05
0, 425, 218, 48, 57, 2.9114269636920653e-05
0, 316, 849, 137, 186, 2.9112383344909176e-05
0, 510, 1163, 130, 168, 2.891113399527967e-05
0, 291, 256, 115, 131, 2.8607282729353756e-05
0, 212, 516, 126, 139, 2.8557455152622424e-05
0, 21, 136, 43, 237, 2.8509510229923762e-05
0, 450, 42, 251, 85, 2.816719097609166e-05
0, 150, 1100, 24, 34, 2.789115569612477e-05
0, 514, 430, 123, 395, 2.7801155738416128e-05
0, 381, 450, 247, 280, 2.778252564894501e-05
0, 346, 259, 124, 113, 2.7772804969572462e-05
0, 118, 1212, 25, 23, 2.7568088626139797e-05
0, 492, 13, 157, 26, 2.7552005121833645e-05
0, 259, 1163, 15, 29, 2.7532118110684678e-05
0, 401, 346, 99, 103, 2.7478215997689404e-05
0, 547, 736, 56, 178, 2.6951123800245114e-05
0, 544, 1364, 63, 158, 2.693557871680241e-05
0, 274, 463, 83, 101, 2.666331965883728e-05
0, 327, 662, 125, 100, 2.6412822990096174e-05
0, 384, 85, 122, 149, 2.637685065565165e-05
0, 273, 405, 84, 113, 2.6231609808746725e-05
0, 425, 1324, 301, 327, 2.6009911380242556e-05
0, 466, 609, 175, 123, 2.5996694603236392e-05
0, 129, 1132, 110, 120, 2.562052759458311e-05
0, 158, 1095, 28, 26, 2.5105426175286993e-05
0, 378, 267, 122, 91, 2.502336610632483e-05
0, 366, 929, 258, 325, 2.4962875613709912e-05
0, 535, 145, 80, 157, 2.492966450517997e-05
0, 464, 105, 223, 210, 2.4817676603561267e-05
0, 159, 1159, 20, 30, 2.4769915398792364e-05
0, 321, 1116, 33, 31, 2.4423887225566432e-05
0, 4, 1268, 8, 193, 2.442013646941632e-05
0, 315, 1129, 57, 53, 2.4385764845646918e-05
0, 315, 537, 520, 633, 2.419895099592395e-05
0, 125, 1203, 14, 27, 2.4097646019072272e-05
0, 142, 42, 285, 84, 2.4076880436041392e-05
0, 87, 1121, 147, 138, 2.3915274141472764e-05
0, 258, 646, 112, 128, 2.3656979465158656e-05
0, 254, 465, 60, 76, 2.3643198801437393e-05
0, 302, 445, 118, 106, 2.3463864636141807e-05
0, 143, 1113, 47, 66, 2.333119118702598e-05
0, 78, 1181, 14, 20, 2.3106995286070742e-05
0, 282, 1418, 163, 139, 2.285808113811072e-05
0, 504, 702, 109, 113, 2.269777178298682e-05
0, 219, 32, 270, 64, 2.2662408809992485e-05
