0, 401, 462, 30, 27, 0.5230603218078613
0, 228, 903, 30, 29, 0.3600282669067383
0, 170, 1013, 35, 47, 0.2649564743041992
0, 258, 922, 27, 26, 0.26233935356140137
0, 277, 891, 23, 20, 0.22337940335273743
0, 260, 777, 19, 26, 0.21047919988632202
0, 402, 343, 30, 42, 0.18094246089458466
0, 452, 294, 26, 26, 0.17503198981285095
0, 237, 799, 23, 19, 0.15596851706504822
0, 197, 970, 25, 20, 0.1481207311153412
0, 174, 1060, 30, 21, 0.14758987724781036
0, 273, 749, 19, 15, 0.13253596425056458
0, 272, 802, 17, 19, 0.13206401467323303
0, 413, 420, 18, 18, 0.12835051119327545
0, 294, 794, 18, 22, 0.10740862786769867
0, 473, 203, 26, 23, 0.10740364342927933
0, 435, 365, 31, 49, 0.10610873997211456
0, 228, 1003, 17, 21, 0.09164734184741974
0, 194, 1083, 24, 25, 0.09077785909175873
0, 205, 967, 44, 32, 0.08142056316137314
0, 342, 737, 19, 28, 0.07958636432886124
0, 237, 777, 19, 23, 0.07849728316068649
0, 216, 912, 63, 49, 0.07485271990299225
0, 238, 809, 25, 39, 0.0746101662516594
0, 197, 921, 25, 26, 0.07299912720918655
0, 268, 805, 26, 27, 0.0666489526629448
0, 438, 371, 21, 35, 0.06369836628437042
0, 166, 965, 16, 23, 0.061326101422309875
0, 313, 693, 16, 21, 0.06114605814218521
0, 256, 943, 28, 36, 0.055220216512680054
0, 277, 717, 19, 27, 0.04998838156461716
0, 472, 366, 18, 27, 0.04778621718287468
0, 180, 1086, 54, 42, 0.04510153457522392
0, 207, 1019, 21, 16, 0.041894037276506424
0, 411, 421, 28, 26, 0.04182153940200806
0, 222, 974, 25, 23, 0.04109686613082886
0, 288, 836, 20, 14, 0.04095469042658806
0, 451, 411, 29, 26, 0.04059981554746628
0, 451, 257, 21, 30, 0.04047312214970589
0, 355, 700, 14, 24, 0.038467153906822205
0, 242, 775, 19, 28, 0.037040919065475464
0, 313, 694, 12, 12, 0.036073584109544754
0, 428, 355, 48, 66, 0.03473665565252304
0, 242, 983, 17, 19, 0.034475382417440414
0, 407, 272, 21, 24, 0.03231639787554741
0, 161, 1094, 27, 23, 0.030752012506127357
0, 251, 916, 47, 49, 0.026188358664512634
0, 205, 953, 43, 32, 0.02468818612396717
0, 236, 787, 29, 49, 0.023987557739019394
0, 173, 1072, 43, 43, 0.023296106606721878
0, 369, 553, 11, 14, 0.02221786417067051
0, 377, 583, 19, 19, 0.020884942263364792
0, 266, 789, 33, 51, 0.02056984230875969
0, 152, 997, 23, 29, 0.019949499517679214
0, 258, 934, 36, 59, 0.01989060640335083
0, 174, 947, 13, 18, 0.01943107880651951
0, 439, 292, 29, 33, 0.018462680280208588
0, 372, 640, 13, 16, 0.018019676208496094
0, 250, 949, 24, 27, 0.017234399914741516
0, 149, 1038, 22, 18, 0.01619153469800949
0, 241, 819, 18, 24, 0.014969970099627972
0, 443, 299, 47, 40, 0.014771528542041779
0, 456, 222, 22, 24, 0.014223502017557621
0, 296, 785, 26, 36, 0.013730395585298538
0, 173, 1100, 65, 72, 0.013621539808809757
0, 169, 958, 23, 39, 0.013539668172597885
0, 417, 274, 41, 32, 0.012767190113663673
0, 267, 773, 23, 25, 0.01260467804968357
0, 463, 213, 37, 44, 0.011167694814503193
0, 163, 1110, 38, 56, 0.010782049968838692
0, 330, 773, 19, 23, 0.01071896031498909
0, 288, 860, 11, 16, 0.01046436931937933
0, 211, 980, 50, 44, 0.010430670343339443
0, 163, 1120, 27, 29, 0.010108917020261288
0, 454, 334, 15, 15, 0.010032671503722668
0, 208, 1039, 15, 12, 0.009385897777974606
0, 280, 799, 41, 41, 0.008885886520147324
0, 250, 798, 59, 62, 0.008701330982148647
0, 345, 588, 15, 14, 0.008522629737854004
0, 232, 998, 29, 50, 0.008330191485583782
0, 387, 526, 22, 15, 0.008260996080935001
0, 163, 1053, 50, 52, 0.007992897182703018
0, 441, 470, 17, 17, 0.007002869620919228
0, 520, 164, 14, 17, 0.0069825537502765656
0, 211, 1011, 31, 33, 0.006972331088036299
0, 399, 494, 25, 24, 0.006635292433202267
0, 147, 1071, 15, 20, 0.006489296443760395
0, 423, 424, 41, 19, 0.006336435209959745
0, 356, 637, 8, 12, 0.005920196417719126
0, 454, 446, 10, 14, 0.005881054792553186
0, 421, 239, 23, 18, 0.0057901968248188496
0, 443, 247, 31, 23, 0.005716819781810045
0, 390, 428, 15, 21, 0.0056290291249752045
0, 225, 962, 69, 91, 0.005606371909379959
0, 211, 947, 68, 70, 0.0054980176500976086
0, 187, 1025, 21, 25, 0.0054855686612427235
0, 467, 401, 21, 19, 0.005257766228169203
0, 269, 750, 31, 23, 0.005014526657760143
0, 424, 217, 25, 21, 0.0049937404692173
0, 221, 941, 29, 20, 0.004887253511697054
0, 188, 1033, 17, 22, 0.004383112769573927
0, 402, 443, 29, 36, 0.004363001324236393
0, 191, 965, 55, 39, 0.004205469507724047
0, 453, 372, 56, 33, 0.004175138659775257
0, 205, 990, 73, 74, 0.004153905902057886
0, 436, 282, 54, 43, 0.004118666518479586
0, 267, 914, 41, 58, 0.004096252843737602
0, 402, 324, 32, 29, 0.0038722443860024214
0, 360, 664, 14, 18, 0.0037829119246453047
0, 283, 705, 22, 29, 0.00371547625400126
0, 393, 489, 20, 22, 0.0036934250965714455
0, 417, 319, 27, 22, 0.0035700274165719748
0, 398, 401, 26, 20, 0.0035596529487520456
0, 464, 168, 12, 14, 0.0034793794620782137
0, 228, 1007, 21, 39, 0.003458193736150861
0, 407, 448, 27, 14, 0.0032219174318015575
0, 311, 669, 14, 14, 0.0031810831278562546
0, 198, 1052, 30, 22, 0.0026768515817821026
0, 374, 633, 17, 16, 0.002443324076011777
0, 348, 585, 18, 20, 0.002435725647956133
0, 166, 1034, 56, 56, 0.0024346564896404743
0, 260, 913, 35, 37, 0.0023813964799046516
0, 425, 244, 28, 19, 0.00236732535995543
0, 411, 500, 23, 20, 0.002215201733633876
0, 345, 697, 15, 19, 0.0019822679460048676
0, 388, 560, 24, 19, 0.00190192018635571
0, 447, 430, 26, 26, 0.0018682701047509909
0, 350, 579, 15, 18, 0.001763117266818881
0, 201, 930, 66, 79, 0.0017044602427631617
0, 442, 201, 22, 18, 0.0016834881389513612
0, 260, 764, 45, 37, 0.0016737020341679454
0, 388, 406, 14, 24, 0.0016659230459481478
0, 451, 191, 14, 20, 0.0016533714951947331
0, 423, 296, 61, 68, 0.0015864515444263816
0, 454, 260, 35, 39, 0.0015335637144744396
0, 343, 615, 15, 17, 0.0013702380238100886
0, 407, 260, 20, 28, 0.0013440370094031096
0, 160, 988, 40, 64, 0.0011780395871028304
0, 427, 230, 33, 37, 0.001106151845306158
0, 426, 313, 78, 56, 0.0010878090979531407
0, 413, 411, 39, 39, 0.0010593498591333628
0, 454, 407, 47, 33, 0.0010520988143980503
0, 349, 616, 15, 16, 0.0009662763332016766
0, 279, 748, 31, 23, 0.0009371418273076415
0, 281, 864, 26, 23, 0.000896166660822928
0, 324, 631, 10, 16, 0.0008602647576481104
0, 377, 592, 16, 23, 0.000855195103213191
0, 287, 706, 44, 49, 0.0008103842264972627
0, 417, 234, 36, 37, 0.0007531816954724491
0, 312, 676, 16, 41, 0.0007232487550936639
0, 227, 1035, 11, 18, 0.0006572836427949369
0, 460, 441, 24, 24, 0.0006325292633846402
0, 431, 466, 41, 17, 0.0006305673159658909
0, 134, 1122, 18, 21, 0.0006103531923145056
0, 419, 222, 37, 30, 0.0006009452044963837
0, 244, 956, 42, 80, 0.0005958717665635049
0, 451, 466, 12, 23, 0.0005947567988187075
0, 157, 1090, 63, 79, 0.0005648173973895609
0, 431, 262, 69, 64, 0.0005132087389938533
0, 392, 524, 35, 20, 0.0004936407785862684
0, 157, 1017, 64, 69, 0.0004593606572598219
0, 436, 502, 13, 20, 0.0004583190311677754
0, 257, 900, 90, 49, 0.0004172274493612349
0, 433, 439, 25, 25, 0.00040498984162695706
0, 203, 971, 129, 152, 0.00040377574623562396
0, 437, 465, 22, 21, 0.0004035075253341347
0, 450, 337, 41, 28, 0.00038223230512812734
0, 446, 228, 100, 65, 0.00036966768675483763
0, 347, 631, 18, 13, 0.0003501989704091102
0, 417, 349, 91, 76, 0.0003312795888632536
0, 401, 486, 34, 49, 0.0003172431024722755
0, 377, 569, 22, 27, 0.0003131873963866383
0, 394, 584, 24, 18, 0.00028627761639654636
0, 163, 1052, 126, 180, 0.0002845616254489869
0, 459, 177, 22, 27, 0.0002723284997045994
0, 445, 364, 65, 55, 0.0002608859504107386
0, 457, 424, 47, 45, 0.00024579704040661454
0, 446, 194, 28, 29, 0.00024128801305778325
0, 395, 565, 19, 20, 0.0002410844899713993
0, 342, 750, 20, 27, 0.0002239181485492736
0, 460, 198, 53, 64, 0.00021870428463444114
0, 350, 706, 17, 37, 0.00020906957797706127
0, 292, 695, 13, 22, 0.00017742002091836184
0, 582, 126, 155, 253, 0.00017620684229768813
0, 437, 218, 64, 47, 0.00017471534374635667
0, 296, 760, 44, 36, 0.00017177697736769915
0, 523, 168, 20, 23, 0.00016813172260299325
0, 435, 492, 13, 15, 0.00016793928807601333
0, 313, 720, 26, 39, 0.00016322080045938492
0, 188, 1042, 78, 49, 0.00015832069038879126
0, 379, 530, 20, 21, 0.0001568882289575413
0, 256, 777, 75, 71, 0.0001528834691271186
0, 346, 594, 20, 25, 0.00015285605331882834
0, 344, 668, 24, 33, 0.0001497585471952334
0, 464, 228, 40, 50, 0.0001397968881065026
0, 518, 133, 282, 267, 0.00013925273378845304
0, 251, 951, 93, 132, 0.00013336837582755834
0, 411, 283, 53, 58, 0.00012144214269937947
0, 234, 805, 54, 55, 0.00012056235573254526
0, 395, 465, 53, 42, 0.00011951501801377162
0, 348, 606, 19, 25, 0.00010606535215629265
0, 308, 781, 58, 49, 0.00010591960017336532
0, 532, 200, 9, 19, 9.343344572698697e-05
0, 143, 1029, 106, 119, 8.924885332817212e-05
0, 0, 1254, 1, 72, 8.665584755362943e-05
0, 228, 1015, 37, 67, 8.647885988466442e-05
0, 487, 171, 15, 15, 8.64186804392375e-05
0, 239, 986, 44, 59, 8.627548959339038e-05
0, 387, 493, 31, 45, 8.569996134610847e-05
0, 451, 279, 62, 63, 8.284450450446457e-05
0, 398, 511, 44, 60, 7.839594036340714e-05
0, 579, 53, 160, 106, 7.729315984761342e-05
0, 500, 155, 13, 10, 7.579359225928783e-05
0, 462, 387, 46, 61, 7.413807907141745e-05
0, 301, 697, 77, 77, 7.237156387418509e-05
0, 373, 593, 21, 31, 6.753354682587087e-05
0, 273, 717, 35, 45, 6.748166924808174e-05
0, 272, 893, 38, 37, 6.633474549744278e-05
0, 488, 170, 108, 83, 6.503405893454328e-05
0, 171, 969, 63, 65, 6.297406071098521e-05
0, 294, 794, 51, 46, 6.054495679563843e-05
0, 334, 746, 30, 18, 5.634410263155587e-05
0, 373, 343, 13, 24, 5.5587275710422546e-05
0, 396, 375, 33, 32, 5.554494055104442e-05
0, 364, 558, 26, 28, 5.380971197155304e-05
0, 306, 706, 30, 44, 5.2845891332253814e-05
0, 368, 630, 22, 28, 5.275399598758668e-05
0, 178, 1094, 102, 152, 5.182069799047895e-05
0, 163, 70, 14, 13, 5.137867628945969e-05
0, 143, 1122, 40, 38, 5.10929457959719e-05
0, 372, 551, 18, 23, 5.0287333579035476e-05
0, 338, 632, 32, 22, 5.01165704918094e-05
0, 382, 592, 27, 33, 4.996543793822639e-05
0, 433, 498, 32, 25, 4.97902583447285e-05
0, 330, 691, 23, 18, 4.939583595842123e-05
0, 503, 165, 19, 17, 4.905054083792493e-05
0, 623, 78, 73, 157, 4.8083245928864926e-05
0, 523, 113, 163, 168, 4.802421972271986e-05
0, 254, 863, 71, 41, 4.5054002839606255e-05
0, 536, 222, 247, 444, 4.44528013758827e-05
0, 387, 356, 44, 30, 4.312535384087823e-05
0, 614, 862, 12, 12, 4.3071351683465764e-05
0, 332, 731, 31, 28, 4.2170613596681505e-05
0, 247, 744, 134, 136, 3.9516417018603534e-05
0, 189, 918, 103, 73, 3.913711043423973e-05
0, 602, 1232, 115, 117, 3.838784687104635e-05
0, 311, 760, 30, 23, 3.8024882087484e-05
0, 460, 459, 22, 36, 3.738304803846404e-05
0, 333, 610, 27, 26, 3.7159730709390715e-05
0, 435, 518, 12, 15, 3.644022217486054e-05
0, 533, 34, 182, 69, 3.6247587559046224e-05
0, 265, 742, 69, 89, 3.605064193834551e-05
0, 396, 534, 23, 16, 3.588384424801916e-05
0, 311, 664, 16, 25, 3.4137403417844325e-05
0, 588, 9, 143, 18, 3.40994301950559e-05
0, 369, 34, 249, 68, 3.3913380320882425e-05
0, 389, 537, 28, 15, 3.391160134924576e-05
0, 122, 1018, 210, 191, 3.3593172702239826e-05
0, 154, 981, 90, 76, 3.282261604908854e-05
0, 459, 452, 88, 68, 3.231872688047588e-05
0, 172, 954, 102, 95, 3.161739368806593e-05
0, 339, 597, 39, 35, 3.144833317492157e-05
0, 423, 224, 178, 184, 3.104537245235406e-05
0, 319, 720, 10, 9, 3.093422492383979e-05
0, 293, 670, 138, 107, 3.0876930395606905e-05
0, 137, 1113, 102, 87, 3.060549352085218e-05
0, 371, 330, 10, 14, 3.0439086913247593e-05
0, 259, 37, 227, 74, 3.0083810997894034e-05
0, 225, 901, 60, 53, 2.992831650772132e-05
0, 410, 424, 92, 103, 2.935960037575569e-05
0, 342, 654, 14, 7, 2.916237099270802e-05
0, 234, 1144, 110, 113, 2.869392301363405e-05
0, 614, 1045, 90, 160, 2.833822691172827e-05
0, 202, 1045, 70, 82, 2.8225704227224924e-05
0, 307, 734, 24, 21, 2.8104377634008415e-05
0, 339, 672, 13, 14, 2.69599404418841e-05
0, 615, 849, 88, 147, 2.6781257474794984e-05
0, 366, 648, 20, 22, 2.659198798937723e-05
0, 283, 842, 34, 31, 2.5951687348424457e-05
0, 599, 773, 118, 152, 2.549891905800905e-05
0, 273, 831, 70, 57, 2.5010293029481545e-05
0, 490, 155, 21, 11, 2.408347063465044e-05
0, 391, 593, 30, 30, 2.4021997887757607e-05
0, 269, 932, 64, 93, 2.324688102817163e-05
0, 457, 30, 159, 60, 2.2882857592776418e-05
0, 408, 297, 149, 134, 2.2639771486865357e-05
0, 238, 843, 16, 21, 2.2271229681791738e-05
0, 632, 95, 54, 118, 2.215535641880706e-05
0, 415, 114, 458, 229, 2.189446604461409e-05
0, 339, 749, 39, 72, 2.1886993636144325e-05
0, 68, 1164, 121, 107, 2.1821468180860393e-05
0, 77, 1244, 114, 91, 2.1817015294800512e-05
0, 306, 687, 38, 53, 2.1469708372023888e-05
0, 644, 1226, 30, 127, 2.074000622087624e-05
0, 279, 796, 111, 83, 2.051254159596283e-05
0, 442, 514, 67, 76, 2.0497953300946392e-05
0, 583, 27, 153, 55, 2.043376116489526e-05
0, 397, 440, 61, 72, 1.979897206183523e-05
0, 115, 1227, 123, 126, 1.9791743397945538e-05
0, 61, 915, 106, 105, 1.975870327441953e-05
