0, 1158, 987, 39, 41, 0.45853057503700256
0, 980, 746, 42, 72, 0.4068686068058014
0, 1016, 797, 21, 23, 0.2947808504104614
0, 1031, 858, 25, 44, 0.2298174649477005
0, 979, 764, 28, 35, 0.21316298842430115
0, 870, 579, 47, 42, 0.2076749950647354
0, 301, 151, 69, 45, 0.18752139806747437
0, 1051, 826, 31, 25, 0.1779908835887909
0, 768, 468, 39, 45, 0.16301383078098297
0, 1022, 843, 47, 75, 0.1515396386384964
0, 944, 714, 45, 37, 0.14570368826389313
0, 1052, 822, 42, 38, 0.14301984012126923
0, 905, 695, 18, 15, 0.13131572306156158
0, 1009, 827, 18, 27, 0.13118141889572144
0, 1125, 962, 18, 31, 0.1238364651799202
0, 733, 497, 37, 35, 0.10933314263820648
0, 808, 523, 36, 32, 0.10409735888242722
0, 808, 592, 18, 15, 0.10077887028455734
0, 952, 719, 29, 25, 0.09941333532333374
0, 828, 571, 22, 22, 0.0949837788939476
0, 1092, 851, 33, 26, 0.08988262712955475
0, 1022, 804, 37, 40, 0.08754182606935501
0, 864, 625, 29, 38, 0.08344700932502747
0, 857, 605, 24, 25, 0.08268339931964874
0, 901, 662, 33, 43, 0.08132801949977875
0, 766, 527, 24, 18, 0.080901600420475
0, 925, 723, 22, 27, 0.07903172820806503
0, 959, 740, 84, 92, 0.06957286596298218
0, 897, 655, 53, 79, 0.06763002276420593
0, 1062, 863, 25, 33, 0.05873972550034523
0, 747, 484, 83, 83, 0.05382818356156349
0, 724, 485, 24, 15, 0.05362406373023987
0, 929, 698, 22, 20, 0.052590079605579376
0, 1097, 930, 34, 20, 0.05156281962990761
0, 1101, 918, 31, 23, 0.049292128533124924
0, 767, 503, 21, 19, 0.048681892454624176
0, 807, 615, 30, 17, 0.04858275502920151
0, 884, 630, 23, 32, 0.045176126062870026
0, 1192, 1063, 35, 35, 0.044795915484428406
0, 1085, 860, 48, 44, 0.04271618276834488
0, 863, 617, 44, 61, 0.04181545227766037
0, 883, 649, 83, 104, 0.04105793684720993
0, 918, 757, 24, 28, 0.0309833362698555
0, 840, 578, 46, 39, 0.03011247143149376
0, 814, 590, 21, 16, 0.030097490176558495
0, 1086, 933, 16, 11, 0.02995198220014572
0, 1081, 882, 22, 25, 0.028223872184753418
0, 1007, 804, 46, 41, 0.02817780151963234
0, 1073, 850, 74, 73, 0.026044834405183792
0, 1111, 913, 44, 22, 0.02513173036277294
0, 944, 772, 21, 26, 0.02440551482141018
0, 1053, 897, 20, 21, 0.023445885628461838
0, 802, 485, 21, 15, 0.021598055958747864
0, 1063, 840, 103, 124, 0.021501559764146805
0, 911, 675, 179, 201, 0.02015957050025463
0, 955, 796, 16, 17, 0.019765544682741165
0, 748, 504, 48, 49, 0.019432036206126213
0, 1043, 802, 29, 25, 0.019365400075912476
0, 993, 811, 19, 24, 0.019328033551573753
0, 1040, 861, 22, 43, 0.019109521061182022
0, 1009, 831, 49, 76, 0.01868472620844841
0, 855, 602, 61, 88, 0.0185763631016016
0, 944, 762, 26, 37, 0.018365846946835518
0, 829, 586, 78, 62, 0.018357276916503906
0, 761, 462, 27, 34, 0.01799720898270607
0, 785, 591, 14, 15, 0.01782851293683052
0, 806, 523, 49, 50, 0.01735898293554783
0, 973, 759, 40, 50, 0.016790591180324554
0, 954, 720, 64, 60, 0.01658148691058159
0, 803, 563, 32, 27, 0.015731800347566605
0, 1048, 843, 59, 90, 0.015123269520699978
0, 760, 549, 24, 18, 0.014626841060817242
0, 1140, 981, 49, 44, 0.014603341929614544
0, 1201, 1002, 18, 29, 0.013712771236896515
0, 932, 740, 52, 63, 0.013524231500923634
0, 784, 493, 93, 97, 0.013137792237102985
0, 726, 499, 62, 54, 0.0126819908618927
0, 806, 604, 32, 24, 0.012622619047760963
0, 796, 566, 27, 20, 0.012463291175663471
0, 930, 699, 61, 43, 0.012425288558006287
0, 1009, 829, 76, 100, 0.012372009456157684
0, 803, 551, 27, 26, 0.012310146354138851
0, 1174, 1057, 24, 21, 0.011578044854104519
0, 837, 635, 13, 18, 0.011366953141987324
0, 777, 471, 76, 55, 0.011103149503469467
0, 937, 765, 49, 48, 0.011099578812718391
0, 1062, 829, 64, 62, 0.010395738296210766
0, 985, 808, 26, 22, 0.009615548886358738
0, 1128, 971, 37, 56, 0.00952146016061306
0, 802, 542, 43, 61, 0.008387994021177292
0, 658, 402, 38, 21, 0.008353274315595627
0, 1187, 1068, 54, 52, 0.008153502829372883
0, 914, 698, 37, 26, 0.007730419747531414
0, 1026, 894, 13, 18, 0.007683243602514267
0, 1079, 889, 17, 22, 0.007430549710988998
0, 1101, 920, 49, 35, 0.0072369626723229885
0, 1023, 790, 29, 29, 0.007213321980088949
0, 149, 92, 15, 17, 0.00695431511849165
0, 769, 432, 17, 15, 0.006441949866712093
0, 1040, 797, 65, 58, 0.006419383455067873
0, 906, 670, 44, 67, 0.0060808006674051285
0, 1094, 973, 12, 14, 0.006069770082831383
0, 648, 359, 14, 16, 0.005933608394116163
0, 676, 366, 22, 19, 0.005400659516453743
0, 849, 595, 118, 95, 0.005391957703977823
0, 950, 778, 33, 48, 0.005271950736641884
0, 815, 563, 37, 43, 0.005079588852822781
0, 938, 676, 18, 20, 0.004806859418749809
0, 1039, 791, 36, 35, 0.004661957733333111
0, 983, 793, 46, 51, 0.0046601677313447
0, 1048, 928, 25, 19, 0.0044248709455132484
0, 1110, 908, 55, 36, 0.0037666161078959703
0, 1124, 895, 24, 15, 0.003194172400981188
0, 803, 599, 50, 38, 0.002914697863161564
0, 1100, 910, 42, 23, 0.002850503195077181
0, 1097, 880, 57, 43, 0.002835778519511223
0, 1143, 972, 60, 78, 0.0027643300127238035
0, 824, 569, 38, 45, 0.0024112609680742025
0, 806, 505, 62, 96, 0.0022350044455379248
0, 830, 622, 76, 42, 0.0019646810833364725
0, 1219, 1047, 20, 16, 0.0019595313351601362
0, 877, 629, 127, 166, 0.0019482318311929703
0, 858, 578, 65, 62, 0.0017592239892110229
0, 834, 581, 117, 156, 0.001709937583655119
0, 1121, 934, 35, 49, 0.0017094120848923922
0, 1186, 972, 9, 19, 0.0014954331563785672
0, 740, 509, 77, 67, 0.001379169407300651
0, 1053, 829, 139, 186, 0.0013350797817111015
0, 807, 537, 163, 183, 0.0012708451831713319
0, 817, 547, 68, 97, 0.0011477300431579351
0, 838, 681, 22, 24, 0.0011320366756990552
0, 1237, 1085, 14, 14, 0.0010818693554028869
0, 1164, 948, 20, 20, 0.001045518321916461
0, 959, 801, 22, 26, 0.000974559981841594
0, 912, 667, 85, 79, 0.0009478104766458273
0, 136, 102, 25, 13, 0.0009459890425205231
0, 1046, 922, 22, 16, 0.0009431163198314607
0, 848, 647, 34, 27, 0.0009370869374834001
0, 652, 360, 37, 23, 0.0009021517471410334
0, 1115, 950, 41, 49, 0.0008221579482778907
0, 1150, 1021, 21, 14, 0.0008124320302158594
0, 1128, 956, 98, 78, 0.0007878615288063884
0, 1149, 921, 15, 18, 0.0007251093629747629
0, 1171, 1048, 40, 28, 0.0007041750359348953
0, 994, 781, 122, 187, 0.000689996755681932
0, 1150, 928, 18, 19, 0.0006834437372162938
0, 1120, 888, 31, 28, 0.0006505721830762923
0, 778, 552, 55, 44, 0.0006473269895650446
0, 1102, 943, 22, 24, 0.000643719919025898
0, 1212, 1011, 14, 19, 0.0006348614115267992
0, 847, 689, 26, 25, 0.0006292483303695917
0, 874, 740, 8, 11, 0.0006107698427513242
0, 992, 761, 48, 46, 0.000581751111894846
0, 775, 500, 164, 160, 0.0005345405079424381
0, 669, 364, 32, 32, 0.0005170501535758376
0, 988, 808, 83, 66, 0.0004886529641225934
0, 910, 713, 72, 60, 0.00048611199599690735
0, 141, 95, 33, 30, 0.000485211523482576
0, 1024, 767, 31, 24, 0.00048498171963728964
0, 937, 783, 43, 64, 0.0004610074101947248
0, 755, 530, 58, 62, 0.0004539925139397383
0, 752, 460, 82, 75, 0.0004223471914883703
0, 1052, 932, 29, 16, 0.000417847593780607
0, 945, 687, 51, 47, 0.0004109999572392553
0, 1152, 1036, 16, 16, 0.0004044448724016547
0, 763, 553, 32, 40, 0.0003544010396581143
0, 958, 788, 60, 59, 0.000346191693097353
0, 1061, 906, 46, 40, 0.0003448872303124517
0, 1209, 1006, 22, 31, 0.0003448438073974103
0, 1198, 1043, 16, 18, 0.00032637943513691425
0, 901, 693, 46, 38, 0.00032402659417130053
0, 1034, 790, 100, 96, 0.0003112549602519721
0, 1192, 1000, 33, 40, 0.0003049442602787167
0, 35, 1293, 70, 3, 0.0003012751112692058
0, 1180, 1056, 33, 43, 0.00029932198231108487
0, 794, 584, 54, 36, 0.0002772070001810789
0, 762, 444, 45, 44, 0.0002700779587030411
0, 1026, 785, 62, 69, 0.00024453477817587554
0, 1194, 973, 17, 20, 0.00024313917674589902
0, 1165, 997, 54, 61, 0.000212165541597642
0, 902, 741, 48, 22, 0.00020317807502578944
0, 875, 720, 10, 13, 0.00020068530284333974
0, 879, 587, 79, 64, 0.0001969754957826808
0, 1031, 908, 16, 29, 0.00019493000581860542
0, 833, 564, 79, 76, 0.00019441789481788874
0, 1103, 938, 54, 42, 0.00019278403487987816
0, 1096, 975, 15, 25, 0.00017554426449351013
0, 1234, 1100, 21, 21, 0.0001718779094517231
0, 653, 387, 25, 20, 0.00017161112918984145
0, 1186, 1020, 18, 13, 0.00014897990331519395
0, 659, 400, 54, 33, 0.0001419157488271594
0, 1090, 898, 105, 112, 0.0001335062988800928
0, 1121, 931, 108, 78, 0.00012984323257114738
0, 733, 478, 119, 134, 0.00012936843268107623
0, 251, 142, 10, 15, 0.00012744258856400847
0, 861, 572, 279, 288, 0.00012118025188101456
0, 198, 89, 18, 14, 0.00012005173630313948
0, 1156, 935, 36, 29, 0.00012003960728179663
0, 848, 689, 42, 47, 0.00011848829308291897
0, 994, 744, 78, 98, 0.00010880577610805631
0, 244, 115, 488, 230, 0.00010405176726635545
0, 1132, 964, 119, 143, 0.00010010809637606144
0, 1193, 1000, 58, 52, 9.842361032497138e-05
0, 802, 590, 75, 63, 9.484947804594412e-05
0, 960, 723, 166, 164, 8.616671402705833e-05
0, 1348, 1292, 68, 4, 8.386494300793856e-05
0, 1170, 962, 49, 45, 8.099064871203154e-05
0, 874, 698, 23, 36, 7.689484482398257e-05
0, 943, 628, 286, 343, 7.130829180823639e-05
0, 1092, 973, 28, 23, 6.955771095817909e-05
0, 1025, 869, 39, 72, 6.625198875553906e-05
0, 196, 72, 26, 21, 6.211111758602783e-05
0, 51, 1266, 102, 57, 6.15382959949784e-05
0, 1034, 785, 214, 247, 5.9610221796901897e-05
0, 612, 502, 13, 14, 5.92075266467873e-05
0, 851, 638, 80, 76, 5.571496149059385e-05
0, 1095, 878, 83, 62, 5.315333328326233e-05
0, 911, 757, 57, 47, 4.881824133917689e-05
0, 1344, 313, 77, 193, 4.8730940761743113e-05
0, 1045, 922, 38, 33, 4.872596764471382e-05
0, 1141, 996, 72, 76, 4.847962554777041e-05
0, 108, 1270, 210, 49, 4.766096390085295e-05
0, 1054, 934, 40, 38, 4.641013583750464e-05
0, 761, 550, 70, 57, 4.546441414277069e-05
0, 1307, 774, 150, 156, 4.524154792306945e-05
0, 1111, 982, 42, 51, 4.421536868903786e-05
0, 784, 533, 248, 262, 4.306929622543976e-05
0, 632, 105, 554, 211, 4.212909334455617e-05
0, 439, 210, 23, 16, 4.131096648052335e-05
0, 452, 211, 17, 15, 4.067820555064827e-05
0, 1341, 707, 83, 147, 3.876007758663036e-05
0, 1358, 1218, 48, 152, 3.722442124853842e-05
0, 496, 225, 14, 14, 3.712455873028375e-05
0, 1204, 1063, 63, 55, 3.5359320463612676e-05
0, 1139, 936, 72, 57, 3.44836080330424e-05
0, 920, 765, 80, 71, 3.397222826606594e-05
0, 1244, 251, 146, 168, 3.354694490553811e-05
0, 849, 558, 494, 575, 3.227745401090942e-05
0, 147, 80, 20, 28, 3.189707422279753e-05
0, 1230, 1109, 60, 68, 3.11808216792997e-05
0, 838, 106, 580, 212, 3.067515353905037e-05
0, 1330, 1032, 104, 151, 3.0423965654335916e-05
0, 942, 756, 400, 493, 2.9637931220349856e-05
0, 686, 486, 9, 15, 2.9153472496545874e-05
0, 1227, 1099, 26, 25, 2.9016675398452207e-05
0, 1306, 710, 113, 138, 2.8911023036926053e-05
0, 784, 155, 22, 17, 2.8755312087014318e-05
0, 276, 129, 118, 114, 2.858617517631501e-05
0, 134, 74, 22, 18, 2.837865577021148e-05
0, 1000, 859, 79, 77, 2.8222313630976714e-05
0, 977, 1293, 179, 3, 2.8016605938319117e-05
0, 869, 564, 93, 77, 2.7905973183806054e-05
0, 680, 116, 27, 18, 2.785447213682346e-05
0, 871, 133, 152, 160, 2.7265401513432153e-05
0, 643, 131, 137, 152, 2.697197487577796e-05
0, 800, 144, 120, 159, 2.6858602723223157e-05
0, 197, 98, 11, 19, 2.6521227482589893e-05
0, 424, 106, 542, 213, 2.5752902729436755e-05
0, 1346, 440, 72, 191, 2.564208443800453e-05
0, 747, 126, 101, 147, 2.5555518732289784e-05
0, 619, 400, 17, 19, 2.5256518711103126e-05
0, 1298, 1292, 169, 5, 2.5056702725123614e-05
0, 1317, 510, 131, 146, 2.4928380298661068e-05
0, 1098, 970, 47, 46, 2.4743732865317725e-05
0, 1360, 481, 41, 104, 2.4637634851387702e-05
0, 1337, 656, 90, 159, 2.4122502509271726e-05
0, 556, 910, 152, 147, 2.3970165784703568e-05
0, 1063, 941, 12, 25, 2.3665530534344725e-05
0, 1216, 590, 173, 137, 2.3645836336072534e-05
0, 1165, 1292, 190, 4, 2.3609130948898382e-05
0, 1216, 1076, 53, 31, 2.3275766579899937e-05
0, 1331, 1267, 102, 55, 2.3149077605921775e-05
0, 1123, 1000, 202, 300, 2.3112394046620466e-05
0, 1120, 847, 165, 128, 2.2982210793998092e-05
0, 1137, 853, 297, 297, 2.2949074264033698e-05
0, 711, 507, 69, 49, 2.2553314920514822e-05
0, 1324, 732, 74, 77, 2.2390358935808763e-05
0, 1152, 1019, 52, 67, 2.230094287369866e-05
0, 1102, 918, 158, 198, 2.220013084297534e-05
0, 1167, 947, 118, 104, 2.2115480533102527e-05
0, 1337, 1231, 91, 127, 2.2108795747044496e-05
0, 599, 980, 139, 136, 2.1859270418644883e-05
0, 493, 216, 104, 110, 2.1667106921086088e-05
0, 950, 204, 144, 147, 2.152300839952659e-05
0, 255, 152, 20, 25, 2.1061565348645672e-05
0, 1026, 1269, 154, 51, 2.0936642613378353e-05
0, 1214, 1030, 196, 188, 2.0850069631705992e-05
0, 227, 87, 21, 23, 2.0817446056753397e-05
0, 1321, 326, 121, 137, 2.0562463760143146e-05
0, 790, 1293, 176, 3, 1.987655741686467e-05
0, 1157, 1029, 127, 194, 1.9816785425064154e-05
0, 1168, 244, 146, 148, 1.981262903427705e-05
0, 864, 700, 82, 73, 1.971063466044143e-05
0, 1205, 968, 146, 126, 1.9698891264852136e-05
0, 163, 335, 138, 118, 1.961739872058388e-05
0, 1324, 673, 57, 57, 1.958328539330978e-05
0, 199, 280, 20, 22, 1.9398821677896194e-05
0, 777, 125, 39, 38, 1.925259675772395e-05
0, 68, 1293, 120, 3, 1.9037286620005034e-05
0, 240, 169, 27, 16, 1.896263347589411e-05
