0, 522, 435, 59, 56, 0.3688153028488159
0, 169, 173, 77, 63, 0.35710036754608154
0, 482, 443, 143, 117, 0.3107365071773529
0, 253, 162, 66, 41, 0.21231980621814728
0, 612, 434, 52, 35, 0.16945880651474
0, 180, 167, 47, 49, 0.10726863145828247
0, 423, 407, 46, 54, 0.10318111628293991
0, 363, 220, 37, 23, 0.07567790150642395
0, 564, 415, 49, 43, 0.06970957666635513
0, 236, 164, 32, 30, 0.05650998651981354
0, 461, 441, 53, 54, 0.04302414506673813
0, 128, 130, 36, 44, 0.04223974421620369
0, 311, 202, 199, 130, 0.041255056858062744
0, 363, 226, 58, 36, 0.02437927946448326
0, 134, 139, 22, 27, 0.021289562806487083
0, 324, 263, 45, 31, 0.020223265513777733
0, 293, 193, 137, 94, 0.01722494512796402
0, 313, 178, 38, 37, 0.017010679468512535
0, 413, 424, 70, 91, 0.016885820776224136
0, 461, 428, 38, 26, 0.013068865984678268
0, 156, 193, 46, 29, 0.01302865520119667
0, 261, 178, 85, 72, 0.012774638831615448
0, 650, 507, 26, 18, 0.012281596660614014
0, 503, 456, 88, 84, 0.011749079450964928
0, 160, 158, 104, 96, 0.01116856373846531
0, 449, 313, 122, 78, 0.010478446260094643
0, 414, 296, 51, 43, 0.009794631972908974
0, 474, 280, 14, 11, 0.008631727658212185
0, 475, 450, 88, 79, 0.007917150855064392
0, 571, 490, 42, 27, 0.007544812746345997
0, 580, 470, 31, 17, 0.007336055394262075
0, 382, 224, 23, 19, 0.0069466764107346535
0, 266, 174, 37, 16, 0.006896959617733955
0, 137, 166, 17, 20, 0.006885997485369444
0, 409, 288, 36, 26, 0.006822794675827026
0, 577, 471, 48, 30, 0.006202626973390579
0, 305, 196, 81, 74, 0.006159950979053974
0, 577, 470, 62, 65, 0.006076638121157885
0, 495, 472, 69, 52, 0.005908852908760309
0, 376, 222, 44, 28, 0.005804325919598341
0, 357, 234, 39, 28, 0.005655431654304266
0, 353, 249, 282, 279, 0.005386728327721357
0, 499, 304, 30, 20, 0.005228074733167887
0, 469, 433, 39, 37, 0.00502882432192564
0, 586, 453, 110, 106, 0.004879495594650507
0, 309, 187, 48, 61, 0.004709617234766483
0, 288, 208, 29, 23, 0.004658911842852831
0, 383, 261, 22, 16, 0.0040833605453372
0, 350, 201, 106, 91, 0.003945343196392059
0, 344, 216, 67, 43, 0.0038954236079007387
0, 411, 309, 24, 16, 0.0038305253256112337
0, 354, 194, 37, 16, 0.0037821251899003983
0, 257, 175, 70, 33, 0.003664338728412986
0, 350, 242, 100, 71, 0.003501279978081584
0, 317, 151, 229, 274, 0.0032838131301105022
0, 323, 170, 17, 16, 0.0030289925634860992
0, 440, 407, 56, 52, 0.002883391221985221
0, 297, 216, 47, 44, 0.002870294265449047
0, 345, 174, 17, 15, 0.002775286789983511
0, 491, 459, 59, 32, 0.002594408579170704
0, 327, 184, 61, 42, 0.002505258424207568
0, 307, 158, 20, 14, 0.002477718750014901
0, 140, 77, 280, 154, 0.0024251448921859264
0, 428, 304, 76, 58, 0.002389234956353903
0, 381, 260, 34, 25, 0.002289402764290571
0, 536, 453, 147, 101, 0.0022704049479216337
0, 342, 202, 46, 25, 0.0022352375090122223
0, 646, 495, 33, 34, 0.0021289242431521416
0, 147, 188, 33, 17, 0.002128878841176629
0, 299, 231, 25, 17, 0.002008688636124134
0, 357, 396, 18, 22, 0.0019475427689030766
0, 403, 447, 29, 34, 0.0019433284178376198
0, 486, 317, 31, 31, 0.0019373279064893723
0, 411, 455, 13, 14, 0.0019168267026543617
0, 292, 179, 74, 44, 0.0019049448892474174
0, 476, 316, 77, 58, 0.001852183835580945
0, 320, 215, 54, 31, 0.0018422884168103337
0, 243, 180, 35, 15, 0.0018306036945432425
0, 339, 198, 26, 19, 0.0018092789687216282
0, 498, 483, 45, 27, 0.001781193888746202
0, 272, 178, 47, 27, 0.0017269644886255264
0, 321, 224, 69, 38, 0.0017114548245444894
0, 398, 442, 52, 57, 0.0017001242376863956
0, 483, 428, 78, 63, 0.0016301126452162862
0, 132, 153, 29, 48, 0.001618918846361339
0, 418, 430, 20, 22, 0.0015859870472922921
0, 291, 231, 11, 12, 0.0015721156960353255
0, 355, 247, 58, 49, 0.0014904927229508758
0, 681, 152, 159, 304, 0.001416752696968615
0, 319, 219, 25, 20, 0.0013979997020214796
0, 237, 156, 46, 32, 0.0013946519466117024
0, 498, 312, 38, 37, 0.0013770143268629909
0, 534, 427, 33, 30, 0.001339087844826281
0, 499, 279, 21, 18, 0.0013280134880915284
0, 519, 427, 50, 32, 0.001315540517680347
0, 304, 230, 15, 13, 0.001304415869526565
0, 402, 205, 10, 8, 0.0012887554476037621
0, 176, 156, 36, 17, 0.0012797266244888306
0, 462, 406, 19, 14, 0.0012346849543973804
0, 390, 221, 37, 30, 0.0012230316642671824
0, 520, 432, 285, 119, 0.0012042163871228695
0, 268, 185, 83, 37, 0.0010996719356626272
0, 344, 377, 9, 13, 0.0010811352403834462
0, 335, 257, 62, 42, 0.0010667715687304735
0, 444, 298, 19, 19, 0.001063970965333283
0, 421, 315, 55, 51, 0.00102265365421772
0, 313, 362, 13, 12, 0.0010013111168518662
0, 451, 425, 111, 96, 0.0009685861878097057
0, 143, 165, 31, 26, 0.0009310906752943993
0, 294, 157, 28, 18, 0.0009300267556682229
0, 470, 421, 48, 46, 0.0009242605301551521
0, 549, 368, 16, 22, 0.0009235162287950516
0, 483, 318, 22, 20, 0.0009105426142923534
0, 131, 165, 31, 23, 0.0008599536959081888
0, 398, 214, 39, 28, 0.0008497818489558995
0, 481, 277, 29, 19, 0.0008325850358232856
0, 353, 198, 48, 28, 0.0008303080103360116
0, 558, 149, 11, 15, 0.0008158455602824688
0, 430, 393, 30, 27, 0.0008126248721964657
0, 595, 442, 18, 15, 0.0007972638704814017
0, 366, 368, 13, 8, 0.0007318589487113059
0, 248, 186, 54, 26, 0.0007273337105289102
0, 490, 324, 44, 51, 0.0007179175736382604
0, 321, 245, 14, 12, 0.0007144176634028554
0, 451, 308, 40, 45, 0.0007093820022419095
0, 477, 308, 48, 35, 0.0006563440547324717
0, 535, 442, 31, 34, 0.0006364998989738524
0, 357, 437, 74, 53, 0.0006024620961397886
0, 615, 497, 16, 26, 0.0005907351733185351
0, 341, 174, 26, 22, 0.0005733463331125677
0, 420, 320, 35, 38, 0.0005654885899275541
0, 324, 245, 27, 15, 0.0005599280702881515
0, 468, 410, 34, 23, 0.0005584192695096135
0, 649, 495, 59, 54, 0.0005400970112532377
0, 235, 63, 307, 126, 0.0005343935335986316
0, 490, 281, 47, 27, 0.0005313333822414279
0, 275, 214, 76, 49, 0.0005301809869706631
0, 375, 207, 78, 51, 0.0005233460105955601
0, 348, 445, 15, 21, 0.0005200708983466029
0, 427, 328, 19, 20, 0.0005151564255356789
0, 344, 444, 35, 32, 0.0005067996680736542
0, 561, 456, 47, 77, 0.0004977303324267268
0, 231, 153, 65, 48, 0.0004913636366836727
0, 417, 407, 35, 30, 0.0004872434656135738
0, 498, 416, 88, 64, 0.00048457764205522835
0, 612, 505, 14, 11, 0.00048107662587426603
0, 245, 202, 76, 59, 0.000468616810394451
0, 407, 359, 18, 17, 0.0004628316091839224
0, 186, 155, 37, 26, 0.00045708296238444746
0, 133, 179, 54, 57, 0.00045608196523971856
0, 280, 151, 83, 53, 0.0004545650153886527
0, 390, 457, 30, 24, 0.00045364146353676915
0, 622, 483, 89, 72, 0.0004521727387327701
0, 234, 215, 47, 30, 0.00045058567775413394
0, 426, 470, 13, 10, 0.00044238544069230556
0, 578, 148, 13, 9, 0.00044025169336237013
0, 489, 345, 14, 15, 0.0004239564877934754
0, 388, 192, 13, 15, 0.0004219928232487291
0, 462, 393, 23, 11, 0.0004140809760428965
0, 472, 338, 13, 15, 0.00041106066782958806
0, 318, 240, 41, 26, 0.0003980872861575335
0, 525, 419, 44, 21, 0.00038862755172885954
0, 333, 376, 31, 22, 0.000382904865546152
0, 353, 448, 30, 21, 0.0003735051432158798
0, 339, 431, 20, 14, 0.00036651859409175813
0, 357, 58, 312, 117, 0.0003631428407970816
0, 485, 346, 16, 15, 0.00036101843579672277
0, 459, 407, 38, 46, 0.0003455128171481192
0, 366, 442, 15, 17, 0.00032873748568817973
0, 295, 438, 28, 17, 0.00032564750290475786
0, 449, 297, 32, 27, 0.0003252974711358547
0, 262, 398, 11, 9, 0.00031608654535375535
0, 599, 441, 27, 22, 0.00030364544363692403
0, 610, 427, 64, 59, 0.00029996188823133707
0, 233, 183, 54, 55, 0.0002965236781165004
0, 389, 434, 30, 35, 0.00028742323047481477
0, 181, 187, 40, 41, 0.000286379421595484
0, 326, 382, 17, 10, 0.0002858665829990059
0, 410, 211, 15, 12, 0.0002841977693606168
0, 587, 491, 41, 27, 0.0002744483936112374
0, 497, 336, 45, 48, 0.00027294561732560396
0, 336, 368, 40, 40, 0.0002707345993258059
0, 361, 443, 28, 23, 0.00026210860232822597
0, 315, 544, 23, 59, 0.0002620551094878465
0, 298, 158, 48, 37, 0.0002582069719210267
0, 562, 476, 71, 44, 0.00025479012401774526
0, 417, 368, 44, 36, 0.0002547056064940989
0, 208, 154, 28, 23, 0.00025211868342012167
0, 425, 379, 39, 41, 0.0002521085843909532
0, 220, 203, 57, 48, 0.00025004081544466317
0, 376, 280, 7, 6, 0.00024889863561838865
0, 433, 373, 15, 14, 0.00024397818197030574
0, 486, 378, 223, 259, 0.00024183708592317998
0, 507, 477, 38, 36, 0.00024086069606710225
0, 586, 423, 69, 51, 0.0002385603729635477
0, 590, 467, 48, 37, 0.0002370611618971452
0, 411, 364, 29, 25, 0.0002254204300697893
0, 510, 346, 13, 10, 0.00022521719802170992
0, 553, 151, 16, 19, 0.00022222641564439982
0, 373, 439, 29, 31, 0.00022089660342317075
0, 632, 70, 256, 140, 0.00021236833708826452
0, 467, 398, 34, 21, 0.00021233008010312915
0, 440, 419, 76, 65, 0.00020868061983492225
0, 601, 463, 26, 27, 0.00020740852050948888
0, 314, 159, 47, 57, 0.0002061862323898822
0, 405, 209, 27, 22, 0.00020515981304924935
0, 130, 144, 260, 196, 0.00020181824220344424
0, 303, 417, 10, 11, 0.000197783243493177
0, 387, 291, 7, 10, 0.00018822909623850137
0, 262, 409, 10, 9, 0.00018574287241790444
0, 538, 479, 17, 26, 0.00018524270853959024
0, 252, 426, 8, 10, 0.00018465984612703323
0, 335, 432, 35, 32, 0.000183927797479555
0, 680, 256, 160, 303, 0.00017513264901936054
0, 448, 459, 38, 35, 0.00017368253611493856
0, 552, 435, 40, 41, 0.00017361233767587692
0, 352, 356, 15, 18, 0.0001722880988381803
0, 562, 151, 22, 22, 0.00017215624393429607
0, 112, 135, 72, 63, 0.00016980453801807016
0, 338, 425, 19, 15, 0.00016979305655695498
0, 222, 212, 18, 13, 0.00016960437642410398
0, 244, 220, 22, 17, 0.0001686739851720631
0, 414, 395, 67, 92, 0.00016690992924850434
0, 549, 407, 59, 36, 0.0001650771009735763
0, 380, 462, 11, 12, 0.00016377095016650856
0, 506, 338, 25, 26, 0.0001632430503377691
0, 420, 142, 315, 285, 0.0001612801424926147
0, 663, 484, 87, 82, 0.00016049224359449
0, 474, 397, 54, 44, 0.00015882450679782778
0, 466, 59, 302, 118, 0.0001547716383356601
0, 304, 442, 13, 13, 0.00015185930533334613
0, 368, 357, 13, 15, 0.0001512491871835664
0, 625, 127, 270, 254, 0.00014786497922614217
0, 391, 270, 28, 33, 0.00014755777374375612
0, 281, 223, 53, 40, 0.00014509641914628446
0, 243, 133, 14, 8, 0.00014304187789093703
0, 217, 213, 13, 11, 0.00014209665823727846
0, 481, 344, 30, 28, 0.0001406755472999066
0, 393, 202, 44, 40, 0.0001370226382277906
0, 577, 421, 47, 36, 0.00013583386316895485
0, 639, 508, 21, 19, 0.0001346744247712195
0, 145, 111, 55, 61, 0.0001343990006716922
0, 340, 376, 17, 19, 0.00013362104073166847
0, 365, 355, 43, 42, 0.00013301656872499734
0, 414, 456, 46, 39, 0.00013245207082945853
0, 253, 177, 314, 165, 0.00013177406799513847
0, 533, 409, 41, 38, 0.0001295750989811495
0, 20, 641, 40, 5, 0.00012852836516685784
0, 630, 492, 45, 26, 0.0001261457655346021
0, 415, 414, 300, 173, 0.00012531182437669486
0, 448, 470, 47, 39, 0.0001248344051418826
0, 661, 459, 168, 115, 0.00012433841766323894
0, 374, 223, 102, 66, 0.00012358016101643443
0, 363, 448, 55, 37, 0.00012341505498625338
0, 344, 367, 21, 35, 0.00012301522656343877
0, 434, 473, 33, 21, 0.00012078720465069637
0, 497, 353, 15, 20, 0.00011780950444517657
0, 124, 113, 44, 65, 0.00011621362500591204
0, 180, 141, 60, 50, 0.00011480959801701829
0, 487, 350, 23, 29, 0.0001143111294368282
0, 434, 382, 22, 33, 0.00011383491073502228
0, 480, 477, 60, 37, 0.00011141570576000959
0, 627, 435, 91, 97, 0.00010966794798150659
0, 334, 170, 52, 45, 0.00010750137153081596
0, 382, 428, 31, 29, 0.00010168256994802505
0, 391, 261, 44, 51, 0.00010166531865252182
0, 685, 487, 150, 309, 9.964589844457805e-05
0, 592, 455, 55, 41, 9.947898797690868e-05
0, 399, 344, 66, 63, 9.894672984955832e-05
0, 186, 132, 296, 265, 9.821162529988214e-05
0, 122, 150, 52, 70, 9.60511970333755e-05
0, 526, 394, 8, 7, 9.598564065527171e-05
0, 194, 153, 70, 51, 9.363556455355138e-05
0, 353, 364, 20, 31, 9.338578820461407e-05
0, 204, 197, 30, 24, 9.235690959030762e-05
0, 238, 141, 37, 26, 9.191374556394294e-05
0, 614, 213, 292, 330, 9.168168617179617e-05
0, 615, 507, 26, 26, 9.157438762485981e-05
0, 162, 451, 17, 10, 9.060406591743231e-05
0, 391, 458, 44, 36, 8.953236829256639e-05
0, 523, 476, 44, 30, 8.933493518270552e-05
0, 292, 233, 43, 31, 8.870286546880379e-05
0, 411, 393, 23, 31, 8.782718941802159e-05
0, 97, 101, 74, 84, 8.730196714168414e-05
0, 394, 133, 58, 68, 8.369189890800044e-05
0, 520, 133, 57, 72, 8.336675091413781e-05
0, 461, 452, 254, 176, 8.331676508532837e-05
0, 571, 130, 58, 62, 8.220503514166921e-05
0, 634, 387, 252, 325, 8.185349724953994e-05
0, 118, 226, 236, 295, 8.12142388895154e-05
0, 515, 337, 18, 19, 7.956329500302672e-05
0, 199, 165, 42, 44, 7.80763293732889e-05
0, 497, 241, 318, 351, 7.638683746336028e-05
0, 242, 365, 11, 9, 7.63598145567812e-05
0, 405, 248, 9, 11, 7.543090760009363e-05
0, 545, 431, 90, 75, 7.415744767058641e-05
0, 516, 153, 6, 6, 7.294923125300556e-05
0, 618, 445, 46, 51, 7.27567239664495e-05
0, 116, 186, 70, 71, 7.239165279315785e-05
0, 238, 129, 59, 59, 7.10767853888683e-05
