0, 204, 292, 18, 28, 0.1959923505783081
0, 312, 519, 99, 105, 0.13905394077301025
0, 346, 659, 28, 27, 0.12734848260879517
0, 343, 589, 31, 32, 0.10187789797782898
0, 284, 307, 20, 30, 0.0845814123749733
0, 182, 180, 22, 40, 0.08051841706037521
0, 328, 603, 15, 21, 0.07482587546110153
0, 230, 313, 15, 27, 0.0703715905547142
0, 314, 622, 29, 31, 0.06796980649232864
0, 267, 324, 13, 17, 0.06265047192573547
0, 280, 550, 17, 27, 0.061488863080739975
0, 276, 312, 36, 46, 0.0576174296438694
0, 281, 558, 20, 37, 0.05524987354874611
0, 343, 512, 27, 20, 0.054771244525909424
0, 234, 265, 20, 19, 0.052614662796258926
0, 213, 341, 15, 20, 0.05118287727236748
0, 270, 521, 21, 28, 0.05081731826066971
0, 209, 260, 15, 19, 0.04974445328116417
0, 184, 194, 28, 29, 0.04929758608341217
0, 318, 499, 77, 59, 0.04745127633213997
0, 321, 705, 15, 27, 0.04694696143269539
0, 312, 530, 73, 65, 0.04337090253829956
0, 340, 655, 42, 37, 0.041106630116701126
0, 254, 425, 40, 84, 0.04032411426305771
0, 356, 540, 20, 17, 0.039594896137714386
0, 177, 266, 16, 17, 0.03920919448137283
0, 322, 626, 27, 26, 0.03750629723072052
0, 192, 181, 41, 47, 0.03654378280043602
0, 200, 291, 30, 37, 0.036431435495615005
0, 254, 340, 11, 15, 0.03556495159864426
0, 313, 697, 37, 43, 0.034730490297079086
0, 331, 498, 37, 31, 0.03455846756696701
0, 164, 172, 11, 16, 0.03410602733492851
0, 232, 189, 29, 20, 0.033084116876125336
0, 248, 374, 28, 45, 0.03262415900826454
0, 199, 252, 35, 35, 0.03243286535143852
0, 197, 173, 24, 29, 0.03228979930281639
0, 195, 183, 61, 67, 0.032178666442632675
0, 409, 727, 24, 17, 0.031432926654815674
0, 307, 520, 44, 34, 0.030985526740550995
0, 177, 164, 15, 32, 0.030564848333597183
0, 313, 552, 52, 44, 0.030268874019384384
0, 269, 276, 16, 30, 0.02975837141275406
0, 230, 216, 30, 20, 0.029576720669865608
0, 318, 617, 42, 48, 0.02824576571583748
0, 249, 365, 20, 24, 0.02797652594745159
0, 307, 466, 23, 17, 0.02747766673564911
0, 290, 492, 31, 26, 0.026662088930606842
0, 320, 689, 26, 42, 0.026160337030887604
0, 244, 384, 23, 27, 0.026151001453399658
0, 355, 645, 24, 18, 0.0260880496352911
0, 336, 489, 35, 35, 0.02463083155453205
0, 319, 605, 33, 30, 0.023395968601107597
0, 187, 170, 25, 27, 0.023347491398453712
0, 333, 475, 22, 18, 0.02332104556262493
0, 229, 198, 50, 42, 0.022915370762348175
0, 306, 550, 31, 21, 0.022336747497320175
0, 323, 534, 49, 34, 0.02229122444987297
0, 301, 511, 57, 62, 0.02225860208272934
0, 387, 634, 20, 17, 0.0221113134175539
0, 216, 187, 97, 82, 0.02185605652630329
0, 241, 389, 14, 20, 0.021417569369077682
0, 367, 574, 17, 21, 0.0213326346129179
0, 295, 549, 24, 26, 0.021318484097719193
0, 190, 241, 23, 20, 0.020895207300782204
0, 191, 230, 28, 22, 0.020845673978328705
0, 318, 537, 128, 166, 0.020727334544062614
0, 329, 751, 37, 26, 0.02049853280186653
0, 284, 357, 16, 38, 0.020485976710915565
0, 283, 572, 21, 23, 0.020088203251361847
0, 307, 685, 32, 19, 0.01953621208667755
0, 367, 666, 22, 18, 0.01951766386628151
0, 315, 559, 34, 28, 0.019483201205730438
0, 354, 658, 46, 38, 0.018954459577798843
0, 224, 213, 47, 32, 0.018848974257707596
0, 218, 240, 95, 74, 0.01881307363510132
0, 303, 494, 52, 33, 0.018678558990359306
0, 242, 243, 18, 23, 0.017809133976697922
0, 346, 713, 13, 16, 0.017615286633372307
0, 384, 719, 28, 22, 0.017418116331100464
0, 337, 755, 20, 19, 0.017029354348778725
0, 321, 468, 54, 27, 0.016339492052793503
0, 239, 253, 25, 40, 0.016311466693878174
0, 166, 198, 17, 27, 0.01629500836133957
0, 249, 399, 38, 79, 0.016205912455916405
0, 199, 166, 17, 18, 0.015876414254307747
0, 218, 197, 37, 29, 0.015611894428730011
0, 327, 638, 21, 16, 0.015455185435712337
0, 393, 716, 38, 23, 0.015012597665190697
0, 175, 155, 21, 20, 0.014908842742443085
0, 282, 520, 45, 40, 0.014802497811615467
0, 337, 480, 29, 24, 0.014579816721379757
0, 427, 811, 18, 15, 0.014259971678256989
0, 317, 670, 33, 34, 0.014023253694176674
0, 299, 687, 22, 19, 0.013157646171748638
0, 206, 342, 25, 24, 0.013147409074008465
0, 244, 196, 26, 30, 0.013138014823198318
0, 165, 163, 14, 32, 0.013084329664707184
0, 309, 603, 28, 32, 0.012817256152629852
0, 286, 277, 15, 26, 0.012759878300130367
0, 211, 191, 23, 28, 0.01274148654192686
0, 225, 224, 131, 169, 0.012667316943407059
0, 325, 519, 68, 41, 0.012621698901057243
0, 294, 646, 22, 25, 0.012519145384430885
0, 249, 397, 31, 43, 0.012233632616698742
0, 232, 226, 58, 48, 0.012137211859226227
0, 183, 260, 23, 30, 0.012073886580765247
0, 376, 742, 32, 29, 0.01196639146655798
0, 257, 437, 28, 57, 0.01176570076495409
0, 329, 684, 71, 82, 0.011713851243257523
0, 371, 706, 54, 38, 0.011654263362288475
0, 417, 748, 17, 16, 0.011650440283119678
0, 332, 648, 46, 34, 0.011448973789811134
0, 265, 260, 27, 51, 0.011364134959876537
0, 335, 601, 42, 57, 0.011290192604064941
0, 290, 347, 22, 42, 0.010937657207250595
0, 169, 185, 22, 51, 0.0107345599681139
0, 339, 564, 25, 24, 0.01065768301486969
0, 297, 469, 52, 30, 0.01063583418726921
0, 177, 203, 40, 49, 0.010634670965373516
0, 291, 333, 11, 15, 0.010558725334703922
0, 378, 731, 29, 18, 0.010062619112432003
0, 383, 709, 35, 31, 0.010001325979828835
0, 270, 272, 54, 85, 0.00987876858562231
0, 317, 684, 54, 59, 0.009422763250768185
0, 318, 735, 17, 14, 0.009342888370156288
0, 256, 316, 17, 21, 0.00906654167920351
0, 255, 262, 18, 30, 0.008993771858513355
0, 305, 627, 46, 48, 0.008800712414085865
0, 333, 636, 72, 57, 0.008685784414410591
0, 348, 636, 38, 37, 0.008679780177772045
0, 352, 706, 24, 23, 0.008493519388139248
0, 259, 450, 23, 32, 0.008413849398493767
0, 262, 243, 12, 18, 0.00834881141781807
0, 313, 667, 29, 16, 0.008337418548762798
0, 184, 207, 28, 28, 0.008226767182350159
0, 409, 775, 15, 12, 0.008224149234592915
0, 193, 283, 48, 62, 0.008094859309494495
0, 233, 185, 43, 49, 0.008092344738543034
0, 273, 385, 15, 15, 0.00791129469871521
0, 283, 273, 22, 39, 0.00789556186646223
0, 412, 736, 35, 37, 0.007838974706828594
0, 395, 756, 14, 19, 0.007739946711808443
0, 358, 710, 37, 32, 0.007579149212688208
0, 304, 596, 19, 26, 0.0074485489167273045
0, 164, 209, 16, 36, 0.007412308361381292
0, 393, 707, 28, 24, 0.007358062081038952
0, 325, 545, 84, 58, 0.0072348834946751595
0, 280, 556, 36, 54, 0.006877335254102945
0, 237, 266, 28, 33, 0.00684590358287096
0, 253, 222, 23, 24, 0.006591316778212786
0, 325, 761, 34, 35, 0.006358944345265627
0, 282, 572, 29, 46, 0.006344405468553305
0, 182, 154, 21, 20, 0.00629699369892478
0, 266, 312, 38, 36, 0.006240162067115307
0, 321, 646, 79, 91, 0.006229071412235498
0, 209, 166, 41, 30, 0.005921936593949795
0, 261, 273, 38, 53, 0.005832239519804716
0, 220, 165, 24, 25, 0.005801824852824211
0, 420, 779, 33, 15, 0.0057812826707959175
0, 259, 225, 17, 17, 0.005763647146522999
0, 163, 219, 12, 22, 0.005584767088294029
0, 227, 370, 8, 15, 0.005536989308893681
0, 228, 305, 26, 46, 0.00535422982648015
0, 318, 797, 10, 11, 0.005284468177706003
0, 240, 210, 59, 80, 0.005282639060169458
0, 432, 780, 23, 13, 0.005203847773373127
0, 367, 738, 44, 21, 0.005170565564185381
0, 253, 260, 59, 85, 0.00511045241728425
0, 279, 331, 43, 81, 0.005105092655867338
0, 191, 241, 42, 52, 0.004851941484957933
0, 360, 693, 107, 92, 0.004675283562391996
0, 357, 693, 20, 20, 0.004653037991374731
0, 348, 559, 55, 53, 0.004583289846777916
0, 338, 623, 107, 103, 0.004536516964435577
0, 290, 374, 16, 25, 0.004414503462612629
0, 327, 773, 17, 15, 0.0044118245132267475
0, 371, 577, 29, 30, 0.004389071837067604
0, 350, 593, 48, 58, 0.00430665910243988
0, 387, 718, 67, 49, 0.004275599028915167
0, 385, 649, 16, 15, 0.004259290173649788
0, 286, 359, 37, 60, 0.0042421892285346985
0, 278, 390, 22, 26, 0.004170586820691824
0, 265, 406, 66, 124, 0.004167458973824978
0, 378, 747, 50, 36, 0.004078796599060297
0, 299, 607, 32, 39, 0.003913576249033213
0, 186, 223, 42, 35, 0.003802346298471093
0, 296, 352, 23, 35, 0.0037622740492224693
0, 254, 292, 70, 77, 0.003627358004450798
0, 370, 731, 91, 65, 0.0036018979735672474
0, 398, 732, 70, 48, 0.003589478088542819
0, 461, 841, 27, 34, 0.0035328161902725697
0, 246, 346, 25, 34, 0.003520869417116046
0, 213, 346, 23, 20, 0.003442566841840744
0, 335, 469, 26, 28, 0.0034305185545235872
0, 440, 779, 18, 15, 0.003403788199648261
0, 346, 734, 14, 11, 0.0033571654930710793
0, 357, 547, 31, 34, 0.0033106678165495396
0, 195, 158, 30, 28, 0.003176334546878934
0, 290, 591, 48, 73, 0.0031233858317136765
0, 352, 657, 103, 80, 0.0030988643411546946
0, 306, 596, 89, 124, 0.0030815452337265015
0, 282, 641, 15, 20, 0.0029493214096874
0, 210, 164, 58, 44, 0.0029488939326256514
0, 252, 471, 18, 22, 0.0029421355575323105
0, 295, 615, 46, 59, 0.0027479655109345913
0, 302, 427, 14, 16, 0.0026647483464330435
0, 281, 385, 31, 54, 0.0026606698520481586
0, 261, 324, 27, 47, 0.0026601902209222317
0, 180, 173, 45, 76, 0.0025971566792577505
0, 376, 586, 25, 30, 0.0025079860351979733
0, 388, 643, 22, 29, 0.002448451239615679
0, 402, 698, 16, 15, 0.002393814967945218
0, 311, 428, 26, 17, 0.002369519090279937
0, 405, 752, 33, 29, 0.0023568738251924515
0, 196, 339, 16, 22, 0.0022954577580094337
0, 264, 367, 33, 68, 0.0022692496422678232
0, 264, 390, 15, 23, 0.002268613548949361
0, 332, 442, 17, 16, 0.002250273944810033
0, 308, 727, 20, 15, 0.0022455095313489437
0, 454, 792, 13, 18, 0.00223010266199708
0, 428, 814, 15, 12, 0.0021511877421289682
0, 257, 461, 30, 45, 0.0021096195559948683
0, 284, 394, 53, 133, 0.002059648046270013
0, 367, 637, 58, 39, 0.00202935840934515
0, 188, 245, 56, 87, 0.0020006229169666767
0, 291, 422, 15, 30, 0.001997581450268626
0, 334, 608, 204, 340, 0.001981739653274417
0, 157, 174, 22, 39, 0.001945168012753129
0, 299, 359, 16, 35, 0.001932751969434321
0, 363, 613, 19, 24, 0.0019244363065809011
0, 150, 161, 9, 16, 0.0018662837101146579
0, 193, 302, 25, 49, 0.0018195603042840958
0, 359, 564, 54, 76, 0.0017011425225064158
0, 380, 598, 21, 20, 0.0016876051668077707
0, 324, 750, 48, 51, 0.0016245872247964144
0, 345, 783, 13, 15, 0.0015939289005473256
0, 268, 526, 40, 46, 0.0015719921793788671
0, 292, 642, 35, 36, 0.0015396139351651073
0, 461, 845, 40, 49, 0.001519427285529673
0, 348, 746, 78, 51, 0.001487652538344264
0, 401, 771, 29, 12, 0.0014194495743140578
0, 374, 601, 48, 90, 0.001377097680233419
0, 289, 407, 25, 55, 0.001339319278486073
0, 212, 1029, 10, 11, 0.0013341385638341308
0, 299, 454, 77, 60, 0.0012799010146409273
0, 244, 366, 43, 45, 0.0012232698500156403
0, 316, 458, 52, 44, 0.0011187546188011765
0, 213, 300, 36, 53, 0.001098556793294847
0, 287, 472, 74, 50, 0.001066793454810977
0, 376, 654, 48, 54, 0.0010624146088957787
0, 168, 163, 43, 40, 0.0010595920030027628
0, 266, 481, 26, 25, 0.001037152367644012
0, 306, 400, 15, 28, 0.00101272645406425
0, 431, 755, 10, 12, 0.0009958958253264427
0, 292, 385, 31, 100, 0.0009649893618188798
0, 372, 689, 63, 71, 0.0009045962360687554
0, 169, 196, 47, 71, 0.000895895529538393
0, 303, 404, 13, 28, 0.0008941831765696406
0, 318, 633, 126, 155, 0.0008836430497467518
0, 309, 658, 51, 56, 0.0008697638986632228
0, 346, 529, 52, 55, 0.0008695885771885514
0, 464, 824, 15, 16, 0.0008508445462211967
0, 154, 187, 18, 30, 0.0008466334547847509
0, 384, 627, 27, 36, 0.0008432419272139668
0, 323, 778, 35, 42, 0.0008378228521905839
0, 243, 462, 14, 27, 0.0007745502516627312
0, 429, 789, 26, 18, 0.0007615293725393713
0, 334, 448, 23, 21, 0.0007269674679264426
0, 414, 736, 47, 60, 0.0006807171739637852
0, 230, 402, 22, 38, 0.0006529064266942441
0, 274, 542, 50, 68, 0.0006227101548574865
0, 305, 488, 105, 107, 0.0006159472395665944
0, 173, 264, 27, 22, 0.0006137269083410501
0, 343, 507, 59, 76, 0.0006011637160554528
0, 317, 433, 38, 27, 0.0005461858818307519
0, 223, 341, 31, 27, 0.0005300943157635629
0, 249, 465, 26, 33, 0.0005164573667570949
0, 314, 394, 15, 18, 0.0004981477977707982
0, 451, 790, 20, 23, 0.00048396852798759937
0, 281, 434, 9, 12, 0.00046123223728500307
0, 192, 159, 61, 60, 0.0004480733769014478
0, 237, 395, 55, 105, 0.00042749918065965176
0, 324, 795, 19, 21, 0.0004131821624469012
0, 448, 823, 9, 9, 0.0004103647661395371
0, 403, 792, 15, 17, 0.0003934714768547565
0, 176, 141, 25, 15, 0.00039246882079169154
0, 171, 148, 33, 33, 0.0003801270795520395
0, 300, 374, 71, 135, 0.00036976055707782507
0, 403, 753, 72, 48, 0.00035122339613735676
0, 312, 406, 40, 44, 0.0003214966272935271
0, 422, 788, 50, 30, 0.0003195622703060508
0, 392, 768, 30, 16, 0.0003120863693766296
0, 239, 321, 29, 57, 0.00029414051095955074
0, 200, 312, 37, 54, 0.00028114274027757347
0, 326, 769, 54, 62, 0.00027113445685245097
0, 231, 317, 19, 53, 0.00025815502158366144
0, 253, 144, 223, 280, 0.0002492463099770248
0, 299, 359, 43, 62, 0.000244834809564054
0, 174, 251, 32, 41, 0.0002444844285491854
