0, 600, 398, 88, 51, 0.19249257445335388
0, 317, 439, 37, 29, 0.12866798043251038
0, 510, 419, 81, 67, 0.10984788089990616
0, 309, 310, 58, 38, 0.10781454294919968
0, 578, 426, 25, 18, 0.10686381906270981
0, 276, 315, 122, 95, 0.10330516844987869
0, 808, 415, 67, 32, 0.10228697210550308
0, 572, 405, 26, 24, 0.08762726187705994
0, 250, 337, 37, 29, 0.08756223320960999
0, 298, 311, 29, 32, 0.08251204341650009
0, 464, 426, 15, 24, 0.07840308547019958
0, 258, 317, 31, 21, 0.06939081847667694
0, 490, 431, 40, 36, 0.06636159121990204
0, 610, 407, 32, 18, 0.06579115986824036
0, 236, 490, 32, 32, 0.06412725895643234
0, 392, 482, 28, 25, 0.0632895678281784
0, 260, 328, 67, 48, 0.0628822073340416
0, 466, 395, 19, 18, 0.060931675136089325
0, 531, 406, 36, 39, 0.05955934524536133
0, 280, 299, 24, 17, 0.05692172423005104
0, 214, 533, 18, 26, 0.0524178147315979
0, 250, 326, 43, 35, 0.05098772794008255
0, 696, 242, 21, 26, 0.05043758451938629
0, 169, 560, 35, 37, 0.05043521150946617
0, 282, 319, 96, 56, 0.04951859265565872
0, 262, 320, 47, 31, 0.048738401383161545
0, 354, 453, 28, 26, 0.0463736392557621
0, 372, 233, 30, 21, 0.044903915375471115
0, 653, 202, 39, 46, 0.039456333965063095
0, 711, 143, 20, 17, 0.03609137237071991
0, 252, 489, 61, 49, 0.03376753255724907
0, 364, 237, 18, 15, 0.03360123187303543
0, 327, 271, 24, 24, 0.03257954493165016
0, 686, 198, 11, 19, 0.031456734985113144
0, 300, 471, 27, 13, 0.03112528845667839
0, 870, 405, 34, 36, 0.031034130603075027
0, 230, 361, 17, 18, 0.030397998169064522
0, 663, 152, 60, 33, 0.029774677008390427
0, 768, 375, 31, 22, 0.02911248989403248
0, 523, 421, 50, 37, 0.028718387708067894
0, 256, 302, 47, 36, 0.025959303602576256
0, 647, 427, 14, 14, 0.025446150451898575
0, 893, 334, 36, 24, 0.025422003120183945
0, 592, 418, 25, 17, 0.024938495829701424
0, 307, 286, 29, 21, 0.023715468123555183
0, 579, 400, 42, 35, 0.023527931421995163
0, 164, 555, 24, 25, 0.023338282480835915
0, 770, 384, 33, 31, 0.022907791659235954
0, 353, 477, 20, 13, 0.02243797853589058
0, 740, 218, 40, 32, 0.022320877760648727
0, 909, 329, 20, 13, 0.021920552477240562
0, 461, 399, 32, 27, 0.021808641031384468
0, 328, 302, 20, 12, 0.021692369133234024
0, 177, 552, 51, 52, 0.021677518263459206
0, 230, 520, 24, 13, 0.021286586299538612
0, 281, 333, 18, 21, 0.020764190703630447
0, 247, 299, 33, 24, 0.020757129415869713
0, 596, 417, 64, 39, 0.02028953842818737
0, 475, 227, 19, 34, 0.020147884264588356
0, 647, 149, 29, 23, 0.019583184272050858
0, 522, 237, 18, 22, 0.0195623692125082
0, 185, 540, 23, 23, 0.018755264580249786
0, 658, 193, 32, 34, 0.01870551146566868
0, 240, 477, 31, 21, 0.017609957605600357
0, 249, 501, 29, 22, 0.017487209290266037
0, 218, 530, 37, 31, 0.01702747866511345
0, 217, 508, 21, 14, 0.016938280314207077
0, 482, 427, 29, 34, 0.01678645797073841
0, 265, 294, 70, 47, 0.016723597422242165
0, 203, 522, 16, 13, 0.016592657193541527
0, 229, 355, 26, 28, 0.01640675589442253
0, 488, 393, 14, 18, 0.016218354925513268
0, 314, 277, 48, 39, 0.015843598172068596
0, 879, 331, 14, 16, 0.01566159725189209
0, 615, 421, 28, 25, 0.015355575829744339
0, 487, 222, 22, 31, 0.014342240057885647
0, 283, 291, 55, 39, 0.014233561232686043
0, 299, 302, 89, 88, 0.01416212972253561
0, 760, 389, 44, 25, 0.014144951477646828
0, 350, 471, 27, 20, 0.013712113723158836
0, 659, 211, 18, 25, 0.013648077845573425
0, 608, 442, 24, 20, 0.013587312772870064
0, 729, 223, 24, 23, 0.012797113507986069
0, 826, 410, 99, 43, 0.012610827572643757
0, 235, 314, 29, 26, 0.012502179481089115
0, 452, 407, 48, 40, 0.012391485273838043
0, 517, 234, 21, 21, 0.012268340215086937
0, 272, 479, 80, 32, 0.012263301759958267
0, 260, 473, 18, 15, 0.01201995462179184
0, 246, 346, 65, 54, 0.01168055646121502
0, 452, 213, 9, 17, 0.0116752739995718
0, 535, 237, 23, 20, 0.011556199751794338
0, 352, 462, 32, 41, 0.011455565690994263
0, 439, 417, 20, 15, 0.011209196411073208
0, 736, 380, 21, 16, 0.011174188926815987
0, 741, 212, 23, 23, 0.011131415143609047
0, 446, 414, 25, 21, 0.010945552960038185
0, 192, 548, 85, 67, 0.010547632351517677
0, 272, 283, 43, 32, 0.009793776087462902
0, 609, 388, 68, 30, 0.009647251106798649
0, 477, 217, 20, 22, 0.009637615643441677
0, 245, 312, 53, 56, 0.009623820893466473
0, 655, 159, 40, 36, 0.009576769545674324
0, 596, 418, 87, 79, 0.009544729255139828
0, 316, 268, 39, 25, 0.009432381950318813
0, 729, 382, 14, 13, 0.009418077766895294
0, 834, 407, 26, 17, 0.009186160750687122
0, 461, 421, 32, 40, 0.008997916243970394
0, 375, 427, 11, 13, 0.0088841263204813
0, 759, 179, 19, 29, 0.008804606273770332
0, 876, 399, 21, 27, 0.00874786451458931
0, 277, 275, 26, 17, 0.008252987638115883
0, 285, 473, 50, 18, 0.007895666174590588
0, 374, 271, 13, 19, 0.007885860279202461
0, 615, 442, 31, 24, 0.00773718161508441
0, 260, 478, 33, 25, 0.007722058799117804
0, 484, 397, 23, 23, 0.007446286268532276
0, 362, 417, 16, 12, 0.007329936139285564
0, 298, 278, 29, 25, 0.007239275146275759
0, 747, 400, 23, 17, 0.007056534755975008
0, 223, 357, 22, 17, 0.007035433780401945
0, 622, 163, 17, 19, 0.006865217816084623
0, 374, 414, 21, 21, 0.006726913619786501
0, 828, 353, 17, 12, 0.006715669296681881
0, 655, 187, 56, 77, 0.006683534476906061
0, 787, 418, 28, 27, 0.006501404568552971
0, 730, 215, 30, 32, 0.006212162785232067
0, 759, 383, 59, 46, 0.0061071752570569515
0, 602, 441, 39, 26, 0.006098143290728331
0, 472, 412, 66, 56, 0.006067308131605387
0, 195, 536, 55, 39, 0.006039250176399946
0, 877, 276, 18, 12, 0.006025192327797413
0, 607, 450, 25, 23, 0.005772124044597149
0, 642, 392, 20, 19, 0.005659208167344332
0, 883, 294, 27, 21, 0.005599146243184805
0, 761, 187, 19, 27, 0.005503448657691479
0, 869, 290, 18, 17, 0.005464556161314249
0, 742, 387, 27, 28, 0.005389153491705656
0, 559, 246, 17, 13, 0.005200050305575132
0, 857, 390, 13, 13, 0.004904889035969973
0, 612, 398, 46, 38, 0.004875829443335533
0, 872, 273, 27, 26, 0.0046663121320307255
0, 239, 331, 55, 62, 0.004357542842626572
0, 786, 407, 28, 16, 0.0042006694711744785
0, 483, 226, 35, 39, 0.004187469836324453
0, 541, 195, 9, 9, 0.004138145595788956
0, 421, 393, 11, 7, 0.003906806465238333
0, 564, 405, 51, 37, 0.0038886836264282465
0, 870, 295, 24, 24, 0.0038654522504657507
0, 878, 259, 13, 16, 0.003765684086829424
0, 646, 180, 98, 96, 0.00375331100076437
0, 215, 513, 38, 30, 0.003677306929603219
0, 511, 230, 21, 25, 0.003642820054665208
0, 789, 360, 15, 17, 0.003603991586714983
0, 217, 501, 23, 20, 0.003540383419021964
0, 402, 399, 13, 13, 0.0035028059501200914
0, 895, 349, 32, 12, 0.003435526741668582
0, 477, 194, 10, 15, 0.00340669765137136
0, 516, 185, 21, 16, 0.0032528655137866735
0, 611, 228, 16, 18, 0.0032515916973352432
0, 907, 333, 33, 22, 0.0032212287187576294
0, 427, 211, 18, 16, 0.003221208695322275
0, 498, 225, 66, 47, 0.0031582398805767298
0, 678, 438, 15, 14, 0.0031214028131216764
0, 846, 365, 24, 21, 0.0030573327094316483
0, 521, 187, 36, 21, 0.003020217176526785
0, 550, 411, 42, 35, 0.003018846269696951
0, 339, 445, 41, 30, 0.002907981863245368
0, 855, 300, 16, 19, 0.0029061036184430122
0, 506, 451, 16, 14, 0.00286227953620255
0, 302, 278, 81, 52, 0.0026292544789612293
0, 592, 256, 12, 13, 0.002608255250379443
0, 881, 314, 29, 20, 0.002600615145638585
0, 825, 393, 23, 15, 0.002513254527002573
0, 870, 265, 14, 25, 0.002463271841406822
0, 497, 397, 32, 27, 0.0024562119506299496
0, 729, 159, 19, 15, 0.002363288076594472
0, 538, 414, 57, 47, 0.0023530335165560246
0, 526, 205, 11, 13, 0.002343564759939909
0, 890, 310, 18, 19, 0.002334348391741514
0, 511, 445, 26, 26, 0.002273344900459051
0, 904, 357, 24, 12, 0.002204533899202943
0, 218, 313, 15, 18, 0.0021494831889867783
0, 812, 364, 28, 12, 0.002123413607478142
0, 805, 362, 34, 19, 0.002114122500643134
0, 690, 393, 13, 15, 0.002107237698510289
0, 861, 293, 21, 23, 0.0020727363880723715
0, 870, 313, 16, 19, 0.002071542199701071
0, 495, 223, 26, 35, 0.0020169212948530912
0, 874, 327, 20, 19, 0.0019769177306443453
0, 883, 251, 13, 13, 0.0019513736478984356
0, 786, 362, 46, 29, 0.0019451845437288284
0, 766, 877, 14, 10, 0.0019380213925614953
0, 150, 611, 25, 21, 0.0019047291716560721
0, 692, 387, 12, 13, 0.001876641996204853
0, 615, 412, 38, 23, 0.0018678104970604181
0, 858, 308, 23, 31, 0.0018482913728803396
0, 513, 232, 38, 37, 0.001841614255681634
0, 892, 335, 58, 38, 0.001746460096910596
0, 770, 375, 42, 52, 0.0017236588755622506
0, 843, 396, 31, 25, 0.0016829569358378649
0, 621, 429, 28, 23, 0.0016594185726717114
0, 564, 243, 25, 21, 0.0016530927969142795
0, 593, 433, 54, 34, 0.0016477039316669106
0, 23, 1029, 45, 4, 0.0016212257323786616
0, 377, 420, 20, 28, 0.0016153973992913961
0, 510, 204, 76, 54, 0.0015851340722292662
0, 521, 238, 43, 21, 0.001573430490680039
0, 465, 453, 12, 22, 0.0015529667725786567
0, 144, 609, 17, 19, 0.0014912005281075835
0, 347, 284, 25, 25, 0.0014616220723837614
0, 864, 279, 26, 34, 0.0014495792565867305
0, 813, 359, 64, 29, 0.0014307362725958228
0, 553, 181, 11, 10, 0.0014152127550914884
0, 883, 322, 55, 39, 0.0014000588562339544
0, 712, 180, 8, 11, 0.0013586520217359066
0, 138, 606, 9, 14, 0.0013231439515948296
0, 373, 413, 38, 25, 0.001318859402090311
0, 231, 519, 65, 67, 0.0012416377430781722
0, 221, 526, 147, 124, 0.0012366647133603692
0, 750, 193, 26, 42, 0.0012210557470098138
0, 242, 511, 39, 29, 0.0012093442492187023
0, 618, 173, 41, 40, 0.0011818052735179663
0, 328, 295, 51, 32, 0.0011792026925832033
0, 494, 416, 120, 93, 0.0011598189594224095
0, 366, 238, 37, 20, 0.0011476316722109914
0, 840, 359, 42, 24, 0.0011300413170829415
0, 671, 364, 13, 10, 0.0011191345984116197
0, 763, 172, 28, 27, 0.0010623113485053182
0, 699, 199, 15, 22, 0.0010577337816357613
0, 401, 480, 47, 33, 0.0010192624758929014
0, 282, 457, 13, 10, 0.0010147903813049197
0, 608, 182, 14, 15, 0.0009965416975319386
0, 609, 171, 23, 21, 0.0009786213049665093
0, 637, 236, 17, 16, 0.0009760066750459373
0, 451, 442, 11, 12, 0.0009597766911610961
0, 875, 296, 45, 29, 0.0009327870793640614
0, 714, 203, 16, 16, 0.0009258398786187172
0, 513, 206, 18, 12, 0.0009209885611198843
0, 886, 274, 35, 22, 0.0008883981499820948
0, 390, 418, 20, 17, 0.0008661270258016884
0, 575, 250, 19, 20, 0.0008627556962892413
0, 209, 531, 73, 68, 0.0008453711052425206
0, 611, 442, 52, 36, 0.0008410591981373727
0, 322, 311, 57, 23, 0.0008395711192861199
0, 457, 216, 13, 21, 0.0008379087666980922
0, 784, 205, 11, 11, 0.0008311083656735718
0, 880, 231, 9, 15, 0.0008077648817561567
0, 94, 617, 19, 27, 0.0008038798114284873
0, 333, 277, 43, 31, 0.0007833110867068172
0, 841, 372, 15, 14, 0.0007779803709127009
0, 465, 216, 9, 29, 0.0007629007450304925
0, 867, 350, 7, 9, 0.0007593666086904705
0, 135, 574, 24, 19, 0.0007520838989876211
0, 362, 425, 24, 26, 0.0007379751186817884
0, 679, 197, 127, 112, 0.0007349156076088548
0, 486, 201, 21, 26, 0.0007342316093854606
0, 747, 199, 40, 59, 0.0007329771178774536
0, 571, 249, 42, 29, 0.0007317620329558849
0, 709, 201, 16, 17, 0.0007280413410626352
0, 38, 1013, 76, 36, 0.000722060794942081
0, 864, 219, 10, 11, 0.0007179123931564391
0, 353, 287, 19, 19, 0.0007084388635121286
0, 638, 220, 22, 28, 0.0007025345112197101
0, 504, 197, 18, 21, 0.0006922292523086071
0, 709, 161, 101, 50, 0.0006867088377475739
0, 156, 566, 76, 55, 0.0006864399183541536
0, 859, 323, 17, 16, 0.0006857533589936793
0, 694, 145, 55, 25, 0.0006527763907797635
0, 137, 563, 23, 16, 0.0006521660834550858
0, 915, 356, 19, 17, 0.0006394220399670303
0, 852, 357, 25, 18, 0.0005971523351036012
0, 714, 151, 32, 30, 0.0005915327346883714
0, 419, 473, 31, 21, 0.000567644543480128
0, 674, 210, 10, 28, 0.0005593218957073987
0, 277, 461, 38, 19, 0.0005553735536523163
0, 852, 374, 17, 20, 0.0005531059578061104
0, 810, 373, 34, 16, 0.0005491383490152657
0, 111, 586, 15, 14, 0.000539271451998502
0, 150, 583, 25, 17, 0.0005309726693667471
0, 558, 410, 167, 74, 0.0005227018846198916
0, 825, 388, 157, 80, 0.0005161495064385235
0, 612, 189, 50, 46, 0.00048803689423948526
0, 452, 199, 9, 26, 0.00045559703721664846
0, 897, 317, 32, 29, 0.00045095436507835984
0, 726, 206, 67, 58, 0.00044370777322910726
0, 890, 262, 24, 23, 0.00041570651228539646
0, 261, 503, 93, 89, 0.00041142350528389215
0, 433, 213, 23, 16, 0.00040745348087511957
0, 582, 255, 27, 19, 0.000402049976401031
0, 865, 381, 19, 22, 0.0003922210307791829
0, 680, 214, 16, 19, 0.00038931373273953795
0, 235, 491, 49, 43, 0.00038230232894420624
0, 719, 156, 45, 44, 0.00037490835529752076
0, 873, 255, 17, 19, 0.0003619614872150123
0, 402, 403, 24, 24, 0.0003602323413360864
0, 423, 474, 56, 26, 0.00036021982668899
0, 613, 212, 18, 23, 0.00035938527435064316
0, 786, 380, 76, 52, 0.0003588522376958281
0, 888, 249, 15, 13, 0.00035763008054345846
