0, 1592, 925, 23, 36, 0.2107391357421875
0, 691, 567, 80, 56, 0.1695980429649353
0, 824, 750, 32, 41, 0.15340664982795715
0, 803, 622, 47, 35, 0.1123960018157959
0, 723, 574, 38, 35, 0.10517638176679611
0, 535, 692, 39, 52, 0.10024148225784302
0, 799, 634, 58, 60, 0.09536762535572052
0, 904, 805, 28, 25, 0.09512237459421158
0, 865, 756, 39, 35, 0.09127389639616013
0, 1407, 904, 25, 22, 0.08560038357973099
0, 568, 846, 33, 26, 0.08369418233633041
0, 542, 798, 25, 27, 0.08327347040176392
0, 1516, 944, 22, 27, 0.0783185139298439
0, 584, 778, 20, 15, 0.07528989762067795
0, 935, 784, 32, 34, 0.07154438644647598
0, 1005, 625, 28, 17, 0.06712955981492996
0, 719, 568, 72, 51, 0.06576982885599136
0, 796, 685, 15, 21, 0.06251296401023865
0, 543, 767, 27, 27, 0.060752540826797485
0, 1069, 994, 26, 23, 0.06068255752325058
0, 1619, 914, 21, 22, 0.05830419063568115
0, 604, 862, 37, 29, 0.055688370019197464
0, 1100, 1053, 52, 45, 0.052469316869974136
0, 753, 1084, 28, 19, 0.052032217383384705
0, 873, 748, 53, 49, 0.051095325499773026
0, 1543, 888, 31, 22, 0.04835449904203415
0, 806, 1120, 32, 37, 0.04700012505054474
0, 1609, 885, 36, 25, 0.04429502785205841
0, 671, 923, 43, 32, 0.03906620666384697
0, 1082, 758, 30, 23, 0.038132354617118835
0, 192, 492, 49, 42, 0.03682401403784752
0, 448, 611, 26, 23, 0.03651956096291542
0, 1483, 934, 26, 29, 0.03548033535480499
0, 565, 812, 34, 33, 0.03536871075630188
0, 836, 755, 66, 36, 0.034818243235349655
0, 640, 897, 40, 24, 0.034078869968652725
0, 1093, 695, 28, 35, 0.03345551714301109
0, 600, 848, 30, 32, 0.032814837992191315
0, 456, 568, 29, 31, 0.03226074203848839
0, 788, 687, 28, 26, 0.0319150947034359
0, 1158, 790, 24, 26, 0.03176330029964447
0, 1124, 731, 29, 26, 0.03129182010889053
0, 519, 755, 26, 26, 0.03128702938556671
0, 962, 611, 27, 24, 0.029316207394003868
0, 977, 605, 27, 23, 0.029127804562449455
0, 896, 1257, 25, 19, 0.02886776626110077
0, 1284, 877, 34, 36, 0.02883201465010643
0, 1000, 598, 16, 17, 0.028409505262970924
0, 467, 687, 29, 23, 0.0259158443659544
0, 1170, 1062, 57, 36, 0.025788461789488792
0, 855, 749, 57, 49, 0.025258667767047882
0, 956, 644, 24, 17, 0.025100024417042732
0, 134, 430, 34, 24, 0.024975484237074852
0, 599, 423, 29, 39, 0.02382163517177105
0, 937, 836, 31, 28, 0.023665474727749825
0, 453, 669, 25, 21, 0.022773180156946182
0, 534, 760, 47, 38, 0.022645900025963783
0, 843, 1217, 23, 19, 0.02208072878420353
0, 1134, 822, 19, 20, 0.02173665538430214
0, 586, 855, 71, 48, 0.021661344915628433
0, 410, 305, 32, 30, 0.02125615067780018
0, 658, 916, 60, 43, 0.02073337882757187
0, 791, 650, 41, 31, 0.020622465759515762
0, 1164, 1153, 36, 36, 0.02035822905600071
0, 932, 821, 27, 25, 0.020283007994294167
0, 947, 842, 27, 16, 0.019388794898986816
0, 795, 417, 18, 19, 0.0193463284522295
0, 1025, 722, 19, 20, 0.019261321052908897
0, 551, 802, 55, 49, 0.018933700397610664
0, 1465, 932, 26, 24, 0.018020275980234146
0, 1441, 906, 17, 17, 0.01732625812292099
0, 920, 790, 55, 54, 0.01729608327150345
0, 694, 1005, 20, 25, 0.017186379060149193
0, 581, 788, 29, 29, 0.017082227393984795
0, 1608, 904, 42, 48, 0.017056800425052643
0, 1154, 1058, 45, 35, 0.017011739313602448
0, 891, 834, 15, 19, 0.01675119623541832
0, 815, 1116, 50, 50, 0.016383986920118332
0, 612, 465, 23, 18, 0.016336334869265556
0, 1247, 1101, 38, 26, 0.016326675191521645
0, 747, 578, 30, 29, 0.016055161133408546
0, 609, 505, 21, 30, 0.015721924602985382
0, 981, 574, 21, 21, 0.015565195120871067
0, 564, 818, 75, 67, 0.015081373043358326
0, 185, 444, 32, 37, 0.01489105075597763
0, 802, 714, 18, 23, 0.014722367748618126
0, 816, 686, 38, 26, 0.014597462490200996
0, 410, 313, 38, 54, 0.01399668212980032
0, 1459, 976, 20, 17, 0.013254084624350071
0, 1226, 868, 22, 19, 0.01267177239060402
0, 751, 644, 25, 26, 0.012528851628303528
0, 862, 1213, 48, 23, 0.012255201116204262
0, 476, 598, 36, 34, 0.012231488712131977
0, 757, 601, 31, 24, 0.012010863982141018
0, 446, 224, 31, 34, 0.01194435078650713
0, 462, 679, 39, 31, 0.011851299554109573
0, 526, 792, 31, 29, 0.011260815896093845
0, 1010, 589, 35, 42, 0.010944272391498089
0, 940, 565, 25, 32, 0.010454409755766392
0, 1507, 938, 34, 43, 0.01040110643953085
0, 942, 1285, 28, 24, 0.010309088975191116
0, 1073, 757, 34, 23, 0.010137476958334446
0, 580, 870, 51, 43, 0.010135242715477943
0, 932, 891, 23, 28, 0.009860618971288204
0, 522, 740, 33, 30, 0.00982101820409298
0, 845, 433, 26, 33, 0.00965849682688713
0, 946, 810, 37, 49, 0.009646544232964516
0, 982, 901, 22, 18, 0.009509775787591934
0, 566, 875, 30, 28, 0.009352142922580242
0, 992, 620, 71, 55, 0.009099962189793587
0, 321, 573, 22, 25, 0.008969871327280998
0, 532, 738, 28, 24, 0.00888134352862835
0, 1185, 1070, 36, 23, 0.008595175109803677
0, 519, 388, 24, 26, 0.008547627367079258
0, 1188, 1158, 31, 27, 0.00837531965225935
0, 824, 378, 21, 21, 0.008313474245369434
0, 927, 811, 56, 47, 0.008149825036525726
0, 536, 857, 13, 22, 0.00807880237698555
0, 782, 341, 32, 25, 0.008024509996175766
0, 1603, 927, 51, 49, 0.00796449650079012
0, 993, 601, 54, 56, 0.007911867462098598
0, 812, 719, 36, 32, 0.007871260866522789
0, 199, 447, 32, 33, 0.007798406761139631
0, 948, 1281, 30, 25, 0.007771346718072891
0, 878, 765, 60, 49, 0.007153456099331379
0, 1537, 899, 34, 29, 0.00714900391176343
0, 1003, 641, 34, 23, 0.0071367183700203896
0, 1548, 894, 35, 34, 0.00687983725219965
0, 1269, 846, 25, 17, 0.006252330262213945
0, 797, 340, 50, 32, 0.0061598713509738445
0, 1232, 865, 23, 20, 0.005989504512399435
0, 1060, 999, 41, 33, 0.005669811274856329
0, 1125, 1057, 117, 53, 0.005526771768927574
0, 976, 661, 39, 28, 0.005436799488961697
0, 940, 1286, 48, 30, 0.005385047756135464
0, 543, 683, 37, 45, 0.005230112001299858
0, 464, 603, 59, 43, 0.005167785100638866
0, 817, 710, 41, 27, 0.0050739021971821785
0, 783, 377, 35, 28, 0.004919521976262331
0, 887, 702, 24, 20, 0.004911407362669706
0, 196, 475, 43, 22, 0.004904135130345821
0, 1258, 855, 43, 25, 0.004904009401798248
0, 793, 382, 21, 17, 0.00473765516653657
0, 690, 1043, 20, 16, 0.004717359319329262
0, 1050, 754, 18, 16, 0.0045156534761190414
0, 644, 430, 18, 21, 0.004407758358865976
0, 1006, 633, 44, 34, 0.004145361483097076
0, 754, 587, 60, 48, 0.004120544996112585
0, 118, 386, 32, 27, 0.004084378946572542
0, 718, 300, 18, 27, 0.003964257892221212
0, 1554, 951, 25, 19, 0.003918114118278027
0, 769, 602, 31, 25, 0.003762656357139349
0, 924, 826, 52, 41, 0.0037472250405699015
0, 1144, 791, 50, 36, 0.0036607161164283752
0, 409, 275, 29, 27, 0.003496551653370261
0, 1094, 758, 38, 26, 0.003469893941655755
0, 770, 643, 66, 45, 0.0034621795639395714
0, 512, 689, 53, 41, 0.0034280414693057537
0, 839, 460, 23, 18, 0.0033082454465329647
0, 1651, 884, 14, 17, 0.003284296952188015
0, 897, 757, 40, 35, 0.003232040675356984
0, 878, 1207, 25, 19, 0.003228351240977645
0, 459, 557, 42, 40, 0.003221747698262334
0, 843, 704, 33, 21, 0.003211191389709711
0, 1156, 804, 34, 23, 0.0031172733288258314
0, 568, 749, 40, 15, 0.0030566423665732145
0, 807, 334, 37, 27, 0.003007016610354185
0, 960, 664, 24, 15, 0.002980609191581607
0, 1576, 900, 113, 59, 0.0028980604838579893
0, 639, 506, 30, 34, 0.00287691131234169
0, 825, 730, 53, 48, 0.0028679315000772476
0, 494, 363, 29, 25, 0.0028506089001893997
0, 1060, 730, 18, 18, 0.002826311392709613
0, 1448, 908, 27, 16, 0.0028156060725450516
0, 507, 371, 39, 30, 0.0028139345813542604
0, 707, 565, 117, 86, 0.0028024057392030954
0, 285, 287, 21, 26, 0.0027006855234503746
0, 1441, 940, 35, 37, 0.002650829963386059
0, 1414, 906, 43, 40, 0.0025637114886194468
0, 399, 286, 36, 26, 0.002554478356614709
0, 1135, 1232, 30, 33, 0.002471845829859376
0, 137, 420, 47, 41, 0.0024345407728105783
0, 770, 691, 35, 25, 0.002396788913756609
0, 1084, 684, 29, 35, 0.0023921304382383823
0, 1168, 779, 33, 35, 0.00238784309476614
0, 192, 464, 40, 42, 0.0023836337495595217
0, 669, 509, 32, 30, 0.0023824195377528667
0, 365, 126, 14, 29, 0.002380470046773553
0, 1584, 925, 41, 47, 0.0022688338067382574
0, 1571, 905, 19, 17, 0.002251778729259968
0, 989, 654, 32, 31, 0.0022459442261606455
0, 957, 591, 56, 49, 0.002232322236523032
0, 110, 394, 52, 48, 0.0022183023393154144
0, 105, 403, 43, 35, 0.0022012542467564344
0, 1106, 800, 19, 22, 0.002193942666053772
0, 1618, 916, 36, 34, 0.002124127233400941
0, 893, 1207, 27, 27, 0.0021160105243325233
0, 1539, 920, 100, 83, 0.002101034391671419
0, 928, 584, 25, 37, 0.002089395420625806
0, 819, 349, 52, 33, 0.002081994665786624
0, 821, 404, 28, 23, 0.002071500988677144
0, 723, 585, 153, 80, 0.0020394129678606987
0, 1128, 779, 32, 30, 0.002026196103543043
0, 181, 435, 27, 32, 0.0019895979203283787
0, 1048, 1020, 16, 20, 0.0019817291758954525
0, 1106, 722, 40, 33, 0.0019679414108395576
0, 834, 418, 42, 46, 0.0019671032205224037
0, 615, 504, 37, 41, 0.0019450354157015681
0, 893, 545, 15, 21, 0.0019309353083372116
0, 497, 736, 27, 25, 0.0019290036289021373
0, 834, 381, 34, 30, 0.0019009481184184551
0, 1139, 824, 34, 24, 0.0019002117915078998
0, 855, 711, 73, 41, 0.0018980009481310844
0, 901, 546, 24, 18, 0.0018777614459395409
0, 1471, 928, 70, 53, 0.0018634798470884562
0, 805, 365, 75, 48, 0.0017964390572160482
0, 596, 871, 83, 63, 0.0017791459104046226
0, 461, 579, 47, 54, 0.0017361853970214725
0, 823, 695, 71, 39, 0.001722276909276843
0, 518, 294, 21, 18, 0.0017222448950633407
0, 802, 412, 30, 29, 0.001714537851512432
0, 1549, 932, 32, 33, 0.0016659359680488706
0, 1250, 1108, 37, 24, 0.0016502331709489226
0, 875, 748, 82, 72, 0.0016349614597856998
0, 1616, 906, 77, 64, 0.0016131957527250051
0, 834, 352, 30, 23, 0.0016113190213218331
0, 1150, 832, 24, 34, 0.0015622311038896441
0, 843, 427, 51, 60, 0.0015601827763020992
0, 1451, 933, 48, 38, 0.0015185580123215914
0, 300, 336, 11, 17, 0.0015029114438220859
0, 473, 640, 17, 13, 0.0014881910756230354
0, 282, 298, 18, 28, 0.0014399990905076265
0, 1189, 774, 28, 34, 0.0014387962874025106
0, 551, 863, 40, 50, 0.0013835140271112323
0, 446, 334, 14, 14, 0.0013696046080440283
0, 579, 857, 100, 98, 0.0013681737473234534
0, 979, 964, 22, 21, 0.0013348533539101481
0, 988, 908, 28, 26, 0.0013094391906633973
0, 766, 377, 30, 36, 0.0012993916170671582
0, 843, 391, 42, 34, 0.0012799223186448216
0, 261, 513, 21, 19, 0.0012547109508886933
0, 908, 773, 76, 69, 0.0012532747350633144
0, 538, 795, 90, 81, 0.0012493017129600048
0, 1269, 866, 61, 49, 0.001248953747563064
0, 552, 743, 53, 46, 0.0012443175073713064
0, 1039, 722, 46, 27, 0.0012317531509324908
0, 786, 694, 41, 36, 0.0012211109278723598
0, 826, 397, 90, 62, 0.0012151941191405058
0, 581, 795, 49, 43, 0.0011959238909184933
0, 976, 565, 32, 34, 0.0011838581413030624
0, 1193, 787, 34, 35, 0.0011825643014162779
0, 1085, 725, 37, 36, 0.0011718359310179949
0, 428, 635, 13, 19, 0.0011694399872794747
0, 756, 619, 56, 32, 0.0011601499281823635
0, 266, 510, 19, 19, 0.0011505541624501348
0, 469, 686, 78, 58, 0.001137058949097991
0, 931, 489, 23, 19, 0.0011294548166915774
0, 751, 595, 154, 127, 0.001095127547159791
0, 442, 614, 32, 33, 0.0010686395689845085
0, 783, 658, 70, 62, 0.0010447640670463443
0, 1166, 758, 29, 24, 0.0010357053251937032
0, 865, 796, 25, 23, 0.00102879642508924
0, 404, 286, 48, 45, 0.0010217236122116446
0, 775, 303, 18, 23, 0.0010047676041722298
0, 1497, 914, 22, 23, 0.0010040000779554248
0, 185, 444, 60, 55, 0.0009775138460099697
0, 856, 1208, 32, 25, 0.0009716168278828263
0, 818, 374, 110, 62, 0.0009655323228798807
0, 641, 435, 21, 29, 0.0009557236917316914
0, 938, 554, 34, 36, 0.0009519513114355505
0, 886, 429, 26, 23, 0.0009030156652443111
0, 760, 1077, 33, 33, 0.0008998446282930672
0, 1099, 766, 58, 36, 0.000870865595061332
0, 491, 369, 20, 28, 0.0008693906129337847
0, 587, 782, 37, 26, 0.000867570866830647
0, 1472, 950, 54, 63, 0.0008527843747287989
0, 1080, 760, 53, 33, 0.0008480807300657034
0, 859, 402, 43, 36, 0.0008404255495406687
0, 1114, 738, 48, 43, 0.0008350767311640084
0, 508, 363, 32, 24, 0.0008242841577157378
0, 516, 747, 56, 47, 0.0008208357612602413
0, 1154, 774, 42, 46, 0.0008086894522421062
0, 762, 1121, 24, 25, 0.0007980345981195569
0, 604, 502, 42, 33, 0.0007699354318901896
0, 357, 580, 18, 19, 0.0007614143542014062
0, 121, 410, 57, 44, 0.0007487122784368694
0, 1084, 1040, 55, 49, 0.000737772264983505
0, 442, 669, 35, 23, 0.0007374626584351063
0, 1302, 1125, 12, 13, 0.000732604181393981
0, 1258, 856, 59, 39, 0.0007153268088586628
0, 779, 1043, 11, 17, 0.0007126686978153884
0, 904, 1196, 18, 16, 0.0007126045529730618
0, 915, 464, 22, 25, 0.0007064297678880394
0, 677, 515, 51, 36, 0.0006945827626623213
0, 98, 409, 21, 36, 0.00068716483656317
0, 787, 326, 56, 32, 0.000679659831803292
0, 837, 764, 67, 70, 0.000638599565718323
0, 324, 579, 33, 34, 0.0006238739588297904
0, 926, 577, 37, 37, 0.0006229894934222102
0, 661, 505, 81, 43, 0.0006203020457178354
