0, 737, 537, 218, 149, 0.7723270058631897
0, 532, 628, 165, 136, 0.47630101442337036
0, 1050, 363, 82, 65, 0.45118120312690735
0, 403, 714, 97, 124, 0.3604627847671509
0, 481, 672, 282, 238, 0.2711498737335205
0, 1078, 354, 141, 95, 0.1440051943063736
0, 319, 767, 49, 52, 0.09552264213562012
0, 384, 718, 195, 166, 0.07969046384096146
0, 694, 554, 130, 110, 0.07117931544780731
0, 1113, 331, 63, 46, 0.04374564439058304
0, 1057, 351, 60, 37, 0.04276643693447113
0, 509, 653, 117, 83, 0.03996781259775162
0, 307, 773, 28, 33, 0.031956762075424194
0, 401, 736, 74, 82, 0.03167765215039253
0, 968, 375, 24, 29, 0.029286624863743782
0, 865, 492, 35, 33, 0.02718043141067028
0, 165, 918, 48, 39, 0.02567327581346035
0, 481, 658, 63, 63, 0.020823538303375244
0, 960, 382, 42, 49, 0.020258912816643715
0, 675, 568, 74, 72, 0.019163351505994797
0, 763, 517, 145, 101, 0.016514936462044716
0, 954, 389, 26, 32, 0.014197010546922684
0, 1091, 322, 82, 36, 0.009479680098593235
0, 796, 507, 80, 75, 0.0093348678201437
0, 549, 597, 97, 66, 0.007462953217327595
0, 906, 418, 23, 25, 0.004910785239189863
0, 246, 813, 38, 27, 0.0047513265162706375
0, 917, 417, 43, 31, 0.004486458841711283
0, 1022, 393, 26, 16, 0.004465790931135416
0, 445, 668, 33, 38, 0.004449551925063133
0, 1089, 345, 110, 60, 0.004260781221091747
0, 513, 633, 528, 321, 0.003985617309808731
0, 342, 725, 106, 142, 0.0039847311563789845
0, 602, 594, 29, 58, 0.003973552957177162
0, 576, 598, 34, 54, 0.003814599011093378
0, 1003, 358, 15, 15, 0.002024461282417178
0, 604, 579, 25, 35, 0.0019778343848884106
0, 440, 671, 94, 79, 0.001926907105371356
0, 588, 599, 55, 69, 0.0018765587592497468
0, 389, 752, 66, 55, 0.0017084893770515919
0, 929, 411, 18, 17, 0.0014630620134994388
0, 575, 582, 29, 36, 0.0014495095238089561
0, 1020, 353, 49, 40, 0.0013985056430101395
0, 285, 837, 17, 20, 0.0013872206909582019
0, 663, 585, 56, 53, 0.0013453298015519977
0, 421, 696, 57, 80, 0.0013323011808097363
0, 956, 444, 17, 15, 0.001274402835406363
0, 944, 394, 91, 78, 0.0011442264076322317
0, 362, 773, 22, 24, 0.0010927837574854493
0, 430, 676, 61, 49, 0.0010095878969877958
0, 929, 425, 21, 23, 0.000969092536251992
0, 648, 575, 442, 271, 0.000951789494138211
0, 796, 489, 73, 43, 0.0008370357099920511
0, 608, 614, 31, 37, 0.0008157814154401422
0, 722, 530, 118, 104, 0.000804847979452461
0, 323, 60, 57, 43, 0.0007755192928016186
0, 290, 836, 28, 25, 0.0007663684082217515
0, 650, 575, 61, 62, 0.0007047860417515039
0, 835, 508, 105, 74, 0.000667654792778194
0, 1099, 322, 107, 61, 0.0006596177699975669
0, 260, 789, 27, 14, 0.000536811538040638
0, 252, 825, 29, 21, 0.0005081124254502356
0, 570, 610, 95, 100, 0.00045630481326952577
0, 423, 711, 302, 237, 0.00041705608600750566
0, 1021, 372, 67, 73, 0.00040463439654558897
0, 521, 603, 36, 21, 0.00038650716305710375
0, 346, 89, 14, 13, 0.00036565709160640836
0, 522, 602, 57, 46, 0.00035582866985350847
0, 330, 730, 30, 30, 0.0003461255691945553
0, 973, 385, 40, 46, 0.0003447872877586633
0, 634, 571, 15, 28, 0.00034298759419471025
0, 1090, 365, 193, 155, 0.0003305668942630291
0, 371, 720, 94, 119, 0.0003137420571874827
0, 256, 791, 32, 31, 0.0003134974685963243
0, 853, 500, 60, 52, 0.0002946341992355883
0, 251, 850, 25, 18, 0.00029221715521998703
0, 623, 606, 48, 38, 0.0002821332891471684
0, 821, 495, 43, 44, 0.0002610738156363368
0, 255, 785, 21, 17, 0.00024718596250750124
0, 318, 777, 62, 89, 0.00024380632385145873
0, 760, 492, 102, 49, 0.00023329418036155403
0, 343, 770, 92, 71, 0.00022165064001455903
0, 581, 623, 303, 168, 0.00020387765835039318
0, 932, 410, 78, 56, 0.00020220210717525333
0, 994, 396, 15, 19, 0.00019435376452747732
0, 1272, 536, 14, 40, 0.00019177513604518026
0, 107, 654, 211, 191, 0.0001704050082480535
0, 251, 807, 62, 53, 0.0001603576383786276
0, 257, 842, 20, 20, 0.0001601615804247558
0, 644, 610, 23, 21, 0.00015797113883309066
0, 398, 662, 72, 49, 0.00015520879242103547
0, 327, 718, 13, 12, 0.00014459893282037228
0, 552, 642, 82, 73, 0.0001325523917330429
0, 270, 811, 66, 37, 0.00013241784472484142
0, 76, 103, 17, 15, 0.00012526761565823108
0, 1087, 272, 386, 545, 0.00012486655032262206
0, 592, 625, 101, 108, 0.0001245586754521355
0, 1017, 399, 26, 26, 0.00012070993398083374
0, 810, 489, 64, 70, 0.00012001248251181096
0, 401, 680, 76, 56, 0.00011909090972039849
0, 969, 422, 22, 19, 0.00011647578503470868
0, 488, 635, 98, 101, 0.00011019281373592094
0, 1060, 325, 107, 73, 0.00010904955706791952
0, 687, 524, 82, 51, 0.0001070177968358621
0, 952, 409, 49, 67, 0.00010549172293394804
0, 518, 611, 95, 69, 0.00010527516133151948
0, 232, 792, 108, 96, 9.997863526223227e-05
0, 879, 482, 49, 46, 9.878975833998993e-05
0, 1264, 123, 32, 147, 9.81781049631536e-05
0, 241, 816, 87, 90, 9.32619150262326e-05
0, 328, 746, 64, 78, 9.325586870545521e-05
0, 1258, 228, 44, 172, 8.962162974057719e-05
0, 1271, 552, 19, 88, 8.819486538413912e-05
0, 824, 468, 467, 542, 8.602607704233378e-05
0, 702, 583, 195, 220, 8.568590419599786e-05
0, 228, 819, 40, 19, 8.568541670683771e-05
0, 1104, 375, 352, 363, 8.489948231726885e-05
0, 783, 472, 92, 40, 8.336945757037029e-05
0, 168, 895, 91, 95, 8.33260637591593e-05
0, 300, 808, 39, 58, 8.277336019091308e-05
0, 968, 956, 21, 21, 8.134351810440421e-05
0, 262, 819, 51, 32, 8.079810504568741e-05
0, 1073, 378, 104, 60, 7.803598418831825e-05
0, 892, 465, 21, 19, 7.78648754931055e-05
0, 721, 491, 88, 60, 7.598145020892844e-05
0, 719, 508, 80, 53, 7.472862489521503e-05
0, 561, 576, 83, 53, 7.305567123694345e-05
0, 121, 112, 242, 224, 7.271017966559157e-05
0, 904, 428, 19, 32, 7.261816062964499e-05
0, 312, 93, 69, 83, 7.088989514159039e-05
0, 862, 469, 25, 37, 7.018516771495342e-05
0, 344, 680, 105, 106, 7.005918450886384e-05
0, 378, 890, 11, 11, 6.94000264047645e-05
0, 1261, 483, 39, 161, 6.811525963712484e-05
0, 291, 814, 31, 29, 6.711880268994719e-05
0, 313, 751, 125, 105, 6.588103860849515e-05
0, 777, 545, 296, 274, 6.563610077137128e-05
0, 273, 785, 76, 78, 6.560518522746861e-05
0, 652, 551, 52, 79, 6.545134237967432e-05
0, 670, 506, 93, 76, 6.428600318031386e-05
0, 263, 765, 112, 106, 6.413304072339088e-05
0, 353, 589, 542, 545, 6.366938032442704e-05
0, 219, 853, 16, 16, 6.349681643769145e-05
0, 1091, 86, 379, 172, 6.31222064839676e-05
0, 1260, 549, 40, 156, 6.250654405448586e-05
0, 596, 564, 92, 92, 6.24030944891274e-05
0, 661, 530, 86, 82, 6.098075755289756e-05
0, 1123, 284, 17, 12, 6.093745105317794e-05
0, 703, 449, 106, 105, 6.089945600251667e-05
0, 627, 618, 98, 57, 6.088766531320289e-05
0, 1113, 306, 85, 62, 6.072032920201309e-05
0, 1232, 234, 96, 123, 5.980164132779464e-05
0, 989, 369, 89, 68, 5.945370139670558e-05
0, 41, 1088, 83, 10, 5.927413440076634e-05
0, 1255, 437, 51, 182, 5.882320328964852e-05
0, 295, 823, 46, 56, 5.790372233605012e-05
0, 494, 589, 102, 84, 5.7901292166206986e-05
0, 320, 43, 54, 70, 5.782553489552811e-05
0, 423, 641, 95, 79, 5.690715624950826e-05
0, 243, 831, 55, 59, 5.685497308149934e-05
0, 303, 691, 113, 117, 5.611332016997039e-05
0, 1272, 232, 17, 109, 5.600474833045155e-05
0, 776, 1003, 15, 15, 5.4580788855673745e-05
0, 686, 412, 496, 538, 5.43079586350359e-05
0, 449, 579, 102, 97, 5.355400935513899e-05
0, 439, 618, 92, 87, 5.22476875630673e-05
0, 408, 659, 86, 82, 5.209246228332631e-05
0, 481, 607, 96, 75, 5.114315354148857e-05
0, 755, 475, 101, 55, 5.086877354187891e-05
0, 921, 872, 17, 13, 5.073066131444648e-05
0, 72, 119, 19, 14, 5.071644045528956e-05
0, 538, 95, 16, 17, 5.045338912168518e-05
0, 521, 322, 571, 580, 5.017519652028568e-05
0, 712, 474, 67, 58, 4.9116541049443185e-05
0, 387, 706, 52, 37, 4.886565875494853e-05
0, 1236, 950, 88, 138, 4.86057651869487e-05
0, 636, 524, 93, 98, 4.859084219788201e-05
0, 694, 473, 90, 76, 4.8430272727273405e-05
0, 311, 673, 77, 86, 4.8333517042919993e-05
0, 867, 583, 106, 124, 4.810241443919949e-05
0, 635, 575, 106, 109, 4.809773599845357e-05
0, 1030, 388, 414, 271, 4.749091749545187e-05
0, 527, 571, 70, 60, 4.7065088438102975e-05
0, 374, 633, 11, 12, 4.694719609688036e-05
0, 661, 484, 98, 89, 4.6945264330133796e-05
0, 949, 945, 126, 140, 4.605596768669784e-05
0, 547, 551, 95, 73, 4.6033619582885876e-05
0, 440, 738, 126, 103, 4.579712913255207e-05
0, 339, 603, 13, 14, 4.5664466597372666e-05
0, 274, 840, 83, 49, 4.5497421524487436e-05
0, 980, 398, 37, 39, 4.538981738733128e-05
0, 517, 549, 92, 90, 4.517024353845045e-05
0, 1256, 375, 49, 158, 4.502939191297628e-05
0, 1144, 197, 272, 395, 4.454675945453346e-05
0, 1035, 341, 93, 83, 4.438249015947804e-05
0, 1238, 124, 84, 134, 4.418847674969584e-05
0, 904, 420, 40, 34, 4.4125648855697364e-05
0, 701, 413, 95, 103, 4.3179879867238924e-05
0, 93, 703, 186, 379, 4.2991207010345533e-05
0, 894, 474, 26, 30, 4.2985713662346825e-05
0, 228, 854, 36, 22, 4.261425056029111e-05
0, 271, 790, 47, 26, 4.2050301999552175e-05
0, 1240, 560, 80, 121, 4.171249383944087e-05
0, 63, 103, 41, 26, 4.144346894463524e-05
0, 605, 687, 109, 103, 4.121141682844609e-05
0, 189, 127, 18, 16, 4.10885077144485e-05
0, 190, 764, 119, 131, 4.088061905349605e-05
0, 273, 773, 32, 31, 4.076115146744996e-05
0, 538, 457, 13, 13, 4.0746377635514364e-05
0, 1270, 121, 21, 87, 4.036308018839918e-05
0, 91, 8, 182, 16, 3.98383017454762e-05
0, 651, 618, 524, 473, 3.982648559031077e-05
0, 1257, 947, 46, 185, 3.963023846154101e-05
0, 1237, 441, 87, 139, 3.953537452616729e-05
0, 59, 126, 35, 28, 3.936847861041315e-05
0, 1258, 612, 45, 183, 3.887142156600021e-05
0, 397, 122, 15, 14, 3.875183392665349e-05
0, 426, 758, 76, 80, 3.8134330679895356e-05
0, 1271, 458, 19, 110, 3.8120371755212545e-05
0, 672, 592, 96, 60, 3.7978170439600945e-05
0, 401, 614, 89, 83, 3.7958292523398995e-05
0, 1234, 263, 54, 57, 3.768931492231786e-05
0, 1262, 1042, 36, 102, 3.764165012398735e-05
0, 1076, 304, 94, 74, 3.7578669434878975e-05
0, 738, 559, 131, 78, 3.727106377482414e-05
0, 312, 802, 95, 106, 3.701691093738191e-05
0, 593, 663, 106, 61, 3.694725455716252e-05
0, 1271, 507, 19, 116, 3.646601544460282e-05
0, 274, 125, 136, 138, 3.644873868324794e-05
0, 1264, 316, 33, 139, 3.586266757338308e-05
0, 328, 383, 588, 588, 3.5826844396069646e-05
0, 35, 121, 18, 15, 3.5645338357426226e-05
0, 324, 107, 27, 20, 3.5455279430607334e-05
0, 282, 446, 16, 13, 3.5042430681642145e-05
0, 745, 456, 97, 75, 3.498673322610557e-05
0, 1254, 167, 51, 163, 3.497819125186652e-05
0, 680, 432, 45, 53, 3.485539127723314e-05
0, 272, 776, 21, 21, 3.47822715411894e-05
0, 1124, 344, 98, 76, 3.4756176319206133e-05
0, 227, 500, 454, 605, 3.466419002506882e-05
0, 439, 540, 73, 86, 3.4060136385960504e-05
0, 1008, 362, 263, 151, 3.381033820915036e-05
0, 269, 722, 109, 92, 3.363420182722621e-05
0, 71, 698, 15, 15, 3.35021541104652e-05
0, 62, 88, 42, 43, 3.344140714034438e-05
0, 619, 550, 89, 92, 3.340978946653195e-05
0, 423, 555, 83, 99, 3.3076001273002476e-05
0, 710, 990, 13, 13, 3.236033080611378e-05
0, 1204, 1074, 152, 38, 3.229802314308472e-05
0, 303, 132, 99, 108, 3.190334246028215e-05
0, 1136, 408, 287, 245, 3.1820996809983626e-05
0, 598, 999, 13, 13, 3.1736475648358464e-05
0, 1271, 1051, 19, 83, 3.1736475648358464e-05
0, 1244, 506, 70, 111, 3.167730028508231e-05
0, 1178, 101, 204, 202, 3.1340401619672775e-05
0, 475, 544, 91, 95, 3.1295006920117885e-05
0, 460, 446, 96, 114, 3.1196021154755726e-05
0, 934, 938, 26, 20, 3.1104882509680465e-05
0, 605, 383, 92, 114, 3.08473790937569e-05
0, 1253, 97, 55, 141, 3.0804490961600095e-05
0, 1033, 195, 69, 76, 3.073365587624721e-05
0, 829, 477, 52, 60, 3.0699939088663086e-05
0, 574, 444, 94, 105, 3.0585797503590584e-05
0, 1021, 196, 92, 118, 3.0547318601747975e-05
0, 275, 686, 92, 96, 3.040320189029444e-05
0, 287, 650, 78, 84, 3.0269715352915227e-05
0, 1018, 306, 449, 522, 3.0159530069795437e-05
0, 525, 452, 88, 112, 3.0134086046018638e-05
0, 664, 428, 89, 100, 2.9979792088852264e-05
0, 221, 846, 26, 30, 2.9781720513710752e-05
0, 1244, 147, 73, 294, 2.935806151072029e-05
0, 583, 382, 42, 46, 2.87858765659621e-05
0, 491, 530, 70, 86, 2.862796827685088e-05
0, 71, 91, 27, 30, 2.8511496566352434e-05
0, 1110, 447, 117, 127, 2.84390443994198e-05
0, 245, 742, 81, 87, 2.800853872031439e-05
0, 956, 371, 69, 77, 2.8004133127979003e-05
0, 914, 510, 130, 117, 2.7987045541522093e-05
0, 1248, 218, 64, 302, 2.7955917175859213e-05
0, 1170, 313, 119, 98, 2.790376493067015e-05
0, 404, 576, 81, 92, 2.7802325348602608e-05
0, 900, 429, 88, 66, 2.7683217922458425e-05
0, 346, 586, 63, 64, 2.7662394131766632e-05
0, 967, 427, 68, 57, 2.7530597435543314e-05
0, 572, 370, 88, 94, 2.7494284950080328e-05
0, 456, 524, 84, 95, 2.7485659302328713e-05
0, 228, 507, 15, 14, 2.7404837965150364e-05
0, 536, 443, 61, 70, 2.714372385526076e-05
0, 829, 259, 69, 71, 2.700044024095405e-05
0, 995, 398, 22, 30, 2.6951893232762814e-05
0, 423, 522, 87, 100, 2.6880074074142613e-05
0, 526, 562, 30, 21, 2.6781564884004183e-05
0, 872, 435, 16, 17, 2.6725434508989565e-05
0, 1114, 391, 101, 81, 2.6648143830243498e-05
0, 955, 1033, 16, 14, 2.642842082423158e-05
0, 48, 102, 97, 133, 2.6221930966130458e-05
0, 620, 481, 79, 89, 2.6147592507186346e-05
0, 1270, 952, 20, 106, 2.6037905627163127e-05
0, 761, 1072, 174, 42, 2.5936074962373823e-05
0, 1222, 967, 12, 14, 2.591560587461572e-05
