0, 725, 455, 19, 17, 0.29939964413642883
0, 985, 76, 17, 18, 0.29410964250564575
0, 986, 93, 19, 16, 0.28502634167671204
0, 514, 140, 21, 18, 0.2780199944972992
0, 371, 134, 24, 20, 0.2766968607902527
0, 331, 123, 22, 15, 0.266631156206131
0, 454, 131, 19, 21, 0.2658202648162842
0, 323, 134, 21, 18, 0.2656812369823456
0, 248, 921, 22, 22, 0.2569654583930969
0, 883, 338, 18, 16, 0.25612279772758484
0, 228, 8, 17, 16, 0.2547377347946167
0, 224, 85, 19, 20, 0.25423359870910645
0, 637, 766, 18, 20, 0.2517941892147064
0, 207, 11, 18, 19, 0.25097185373306274
0, 768, 525, 15, 20, 0.24952565133571625
0, 570, 186, 22, 16, 0.2453954517841339
0, 492, 129, 21, 19, 0.24361778795719147
0, 163, 7, 19, 14, 0.2422461211681366
0, 186, 579, 19, 21, 0.2417622059583664
0, 85, 401, 21, 25, 0.23988257348537445
0, 75, 373, 19, 22, 0.23651240766048431
0, 460, 149, 19, 18, 0.23647350072860718
0, 371, 862, 19, 21, 0.23271068930625916
0, 910, 113, 21, 16, 0.2298462688922882
0, 229, 959, 19, 20, 0.22877070307731628
0, 794, 346, 23, 17, 0.22827818989753723
0, 9, 969, 17, 18, 0.2276449203491211
0, 322, 287, 19, 19, 0.22723965346813202
0, 602, 653, 26, 25, 0.22711364924907684
0, 887, 301, 22, 17, 0.22630898654460907
0, 348, 77, 19, 18, 0.22597023844718933
0, 624, 910, 21, 18, 0.22361856698989868
0, 344, 312, 19, 20, 0.22106172144412994
0, 986, 370, 15, 23, 0.22033073008060455
0, 960, 111, 18, 14, 0.21839524805545807
0, 22, 861, 21, 20, 0.21329762041568756
0, 924, 103, 19, 18, 0.2124606817960739
0, 950, 358, 22, 19, 0.21190784871578217
0, 988, 127, 18, 21, 0.2116841971874237
0, 382, 559, 22, 23, 0.21140508353710175
0, 23, 969, 16, 17, 0.21075358986854553
0, 22, 288, 17, 19, 0.21044045686721802
0, 205, 761, 21, 21, 0.20996908843517303
0, 366, 84, 20, 19, 0.20995959639549255
0, 398, 353, 17, 19, 0.2038402408361435
0, 767, 908, 22, 23, 0.20310476422309875
0, 864, 825, 22, 17, 0.1985076516866684
0, 785, 555, 25, 20, 0.19581665098667145
0, 369, 372, 21, 20, 0.19017386436462402
0, 837, 353, 21, 18, 0.18882374465465546
0, 900, 232, 19, 18, 0.18702344596385956
0, 926, 355, 23, 20, 0.18534442782402039
0, 345, 100, 18, 16, 0.18513105809688568
0, 275, 15, 18, 22, 0.18357190489768982
0, 633, 197, 24, 22, 0.18250910937786102
0, 589, 183, 18, 22, 0.1806931048631668
0, 309, 120, 19, 16, 0.18046073615550995
0, 621, 711, 31, 27, 0.18017268180847168
0, 363, 105, 19, 17, 0.17777077853679657
0, 960, 206, 19, 20, 0.17681215703487396
0, 170, 944, 21, 21, 0.17443206906318665
0, 329, 257, 19, 20, 0.17432428896427155
0, 701, 449, 17, 18, 0.17421747744083405
0, 193, 65, 18, 18, 0.1736452281475067
0, 341, 294, 19, 18, 0.1726163625717163
0, 735, 497, 17, 17, 0.17154519259929657
0, 6, 662, 12, 20, 0.170029878616333
0, 392, 106, 23, 20, 0.16900473833084106
0, 239, 147, 18, 18, 0.1687052696943283
0, 421, 386, 20, 18, 0.16833145916461945
0, 747, 400, 20, 17, 0.16777357459068298
0, 601, 752, 18, 21, 0.1665937751531601
0, 153, 558, 20, 18, 0.16569998860359192
0, 27, 894, 19, 18, 0.16456176340579987
0, 308, 235, 19, 20, 0.1640469878911972
0, 389, 319, 21, 17, 0.1638786643743515
0, 40, 644, 19, 17, 0.16334114968776703
0, 44, 289, 21, 19, 0.16079562902450562
0, 311, 274, 17, 17, 0.16073313355445862
0, 867, 328, 19, 19, 0.16047914326190948
0, 903, 216, 20, 16, 0.1592879295349121
0, 785, 537, 22, 15, 0.15653912723064423
0, 295, 599, 19, 20, 0.15596872568130493
0, 221, 140, 19, 20, 0.15498553216457367
0, 185, 170, 24, 19, 0.15421786904335022
0, 458, 351, 20, 19, 0.15406696498394012
0, 640, 787, 19, 20, 0.15349431335926056
0, 628, 641, 21, 17, 0.15314340591430664
0, 749, 533, 28, 22, 0.15287214517593384
0, 985, 228, 17, 19, 0.1517951786518097
0, 960, 372, 20, 17, 0.15143398940563202
0, 238, 107, 18, 20, 0.15123485028743744
0, 299, 78, 22, 18, 0.15102018415927887
0, 353, 263, 21, 20, 0.14940068125724792
0, 675, 20, 17, 15, 0.14869189262390137
0, 851, 583, 19, 21, 0.1480334997177124
0, 178, 762, 23, 24, 0.14678913354873657
0, 966, 130, 19, 17, 0.14534658193588257
0, 687, 135, 21, 18, 0.14399340748786926
0, 662, 38, 23, 20, 0.1439310908317566
0, 489, 689, 19, 21, 0.1436309516429901
0, 506, 144, 27, 20, 0.1430037021636963
0, 882, 318, 24, 20, 0.1427585482597351
0, 537, 140, 19, 15, 0.14162026345729828
0, 193, 119, 18, 17, 0.14096826314926147
0, 664, 470, 19, 18, 0.14077092707157135
0, 490, 958, 19, 20, 0.14044445753097534
0, 235, 127, 15, 19, 0.13972117006778717
0, 408, 409, 19, 23, 0.13932600617408752
0, 868, 348, 16, 14, 0.13752895593643188
0, 220, 724, 17, 18, 0.13452912867069244
0, 965, 82, 18, 19, 0.13447213172912598
0, 82, 868, 19, 18, 0.13403700292110443
0, 260, 259, 17, 22, 0.13341617584228516
0, 12, 268, 18, 21, 0.1310214251279831
0, 645, 861, 20, 15, 0.13033968210220337
0, 788, 157, 18, 17, 0.13024820387363434
0, 722, 903, 21, 21, 0.12999758124351501
0, 925, 227, 25, 20, 0.1296827495098114
0, 42, 381, 22, 20, 0.12937040627002716
0, 350, 120, 18, 18, 0.12861552834510803
0, 361, 550, 20, 19, 0.12837670743465424
0, 786, 179, 22, 21, 0.1272486001253128
0, 393, 291, 21, 25, 0.1255323588848114
0, 532, 931, 17, 18, 0.1244124323129654
0, 189, 9, 16, 17, 0.12393243610858917
0, 796, 134, 18, 18, 0.12382112443447113
0, 937, 137, 21, 18, 0.12194065749645233
0, 547, 169, 23, 19, 0.12129469215869904
0, 617, 894, 19, 17, 0.1212819367647171
0, 813, 278, 20, 21, 0.12055110186338425
0, 13, 905, 18, 16, 0.11853759735822678
0, 150, 97, 17, 16, 0.11835894733667374
0, 930, 59, 24, 18, 0.11805801838636398
0, 704, 914, 23, 18, 0.11668668687343597
0, 565, 646, 18, 18, 0.11575176566839218
0, 682, 720, 21, 22, 0.11462988704442978
0, 16, 816, 21, 18, 0.11444010585546494
0, 490, 15, 21, 19, 0.11406011879444122
0, 550, 35, 18, 21, 0.11305635422468185
0, 654, 738, 22, 20, 0.11152435839176178
0, 749, 320, 25, 23, 0.11103163659572601
0, 218, 928, 19, 20, 0.11096115410327911
0, 721, 761, 22, 21, 0.11041547358036041
0, 542, 59, 19, 18, 0.1091584637761116
0, 158, 130, 19, 16, 0.1091218888759613
0, 487, 31, 20, 18, 0.1090083196759224
0, 516, 933, 17, 19, 0.10896363109350204
0, 919, 815, 20, 16, 0.10867570340633392
0, 330, 151, 18, 17, 0.10819491744041443
0, 478, 155, 21, 19, 0.1071818619966507
0, 516, 43, 17, 18, 0.10716105997562408
0, 5, 366, 11, 21, 0.10559996962547302
0, 611, 185, 22, 17, 0.10515593737363815
0, 485, 979, 20, 19, 0.10510262846946716
0, 766, 308, 19, 18, 0.10467161983251572
0, 701, 775, 18, 20, 0.1046505719423294
0, 411, 558, 20, 18, 0.10380151122808456
0, 37, 990, 19, 18, 0.10200817137956619
0, 868, 811, 19, 15, 0.10105253756046295
0, 909, 846, 18, 21, 0.10021287947893143
0, 674, 741, 18, 18, 0.09993898123502731
0, 817, 160, 20, 18, 0.09991395473480225
0, 547, 127, 19, 19, 0.09847666323184967
0, 227, 192, 20, 17, 0.09837031364440918
0, 201, 85, 20, 20, 0.09800561517477036
0, 903, 93, 19, 22, 0.09795117378234863
0, 613, 879, 20, 19, 0.09622636437416077
0, 477, 391, 17, 18, 0.09601771086454391
0, 242, 20, 21, 17, 0.09566528350114822
0, 463, 405, 17, 18, 0.0952865481376648
0, 655, 647, 22, 20, 0.09514138102531433
0, 424, 612, 22, 20, 0.09424174576997757
0, 116, 411, 21, 24, 0.09350144118070602
0, 378, 888, 20, 18, 0.09302211552858353
0, 550, 698, 21, 18, 0.0925971269607544
0, 417, 358, 19, 14, 0.09254968911409378
0, 942, 100, 21, 17, 0.09211621433496475
0, 400, 519, 22, 22, 0.09163031727075577
0, 363, 308, 18, 18, 0.09146698564291
0, 386, 583, 20, 19, 0.09135453402996063
0, 664, 711, 22, 20, 0.0913139283657074
0, 404, 258, 18, 19, 0.09126642346382141
0, 879, 137, 19, 22, 0.0910610631108284
0, 410, 869, 23, 22, 0.09099828451871872
0, 911, 331, 18, 16, 0.09074018895626068
0, 626, 657, 20, 19, 0.08926404267549515
0, 681, 457, 22, 18, 0.08839309215545654
0, 955, 180, 21, 20, 0.08829926699399948
0, 744, 801, 17, 17, 0.08740169554948807
0, 429, 866, 19, 20, 0.08735188841819763
0, 940, 32, 23, 20, 0.0864073783159256
0, 863, 200, 19, 17, 0.08610249310731888
0, 217, 880, 24, 18, 0.08516135811805725
0, 6, 876, 13, 22, 0.08492080867290497
0, 607, 598, 22, 22, 0.0833478644490242
0, 934, 953, 19, 19, 0.08308684080839157
0, 57, 655, 19, 20, 0.08231483399868011
0, 391, 386, 18, 17, 0.08214958012104034
0, 609, 853, 17, 16, 0.08192938566207886
0, 52, 989, 21, 19, 0.0812281146645546
0, 797, 315, 17, 14, 0.08114966005086899
0, 415, 345, 18, 14, 0.08082428574562073
0, 700, 748, 22, 18, 0.07992727309465408
0, 693, 864, 19, 21, 0.07969922572374344
0, 259, 881, 24, 20, 0.07938024401664734
0, 90, 379, 18, 21, 0.07932901382446289
0, 874, 218, 15, 15, 0.07921752333641052
0, 298, 283, 21, 22, 0.0787230059504509
0, 660, 455, 20, 18, 0.0780138149857521
0, 779, 679, 19, 20, 0.0775032788515091
0, 46, 364, 20, 20, 0.07732298225164413
0, 669, 902, 23, 25, 0.07728756964206696
0, 439, 814, 22, 21, 0.07726435363292694
0, 650, 899, 18, 19, 0.07719063013792038
0, 946, 78, 26, 21, 0.07683607190847397
0, 311, 610, 18, 20, 0.07667990773916245
0, 467, 959, 21, 18, 0.0761135146021843
0, 6, 39, 12, 19, 0.07521069049835205
0, 814, 537, 19, 19, 0.07517623901367188
0, 157, 157, 18, 20, 0.07477200776338577
0, 597, 862, 20, 20, 0.07450292259454727
0, 823, 213, 21, 17, 0.07365342974662781
0, 759, 145, 19, 19, 0.07335861772298813
0, 824, 242, 20, 18, 0.07305839657783508
0, 577, 633, 20, 18, 0.07224434614181519
0, 712, 52, 16, 16, 0.07220099866390228
0, 722, 38, 19, 16, 0.0720873698592186
0, 660, 787, 22, 22, 0.07203133404254913
0, 700, 146, 17, 19, 0.07183217257261276
0, 694, 480, 19, 21, 0.07129940390586853
0, 646, 753, 26, 21, 0.07118269056081772
0, 675, 925, 20, 20, 0.07096511870622635
0, 879, 185, 23, 17, 0.06908474117517471
0, 610, 633, 18, 17, 0.06783996522426605
0, 796, 333, 20, 17, 0.06777285784482956
0, 961, 44, 19, 19, 0.06776338815689087
0, 669, 868, 20, 17, 0.06720535457134247
0, 640, 921, 22, 19, 0.06696909666061401
0, 334, 608, 26, 20, 0.06694705784320831
0, 330, 323, 22, 17, 0.06684078276157379
0, 197, 144, 21, 17, 0.06628760695457458
0, 163, 90, 17, 20, 0.06606191396713257
0, 573, 828, 20, 20, 0.06518187373876572
0, 301, 94, 20, 16, 0.06506245583295822
0, 6, 549, 12, 21, 0.06445939093828201
0, 527, 57, 16, 19, 0.06389955431222916
0, 387, 335, 17, 19, 0.06371068209409714
0, 553, 154, 21, 17, 0.0630204826593399
0, 344, 887, 21, 22, 0.0630054920911789
0, 956, 663, 18, 18, 0.062981978058815
0, 179, 83, 19, 16, 0.06288434565067291
0, 629, 4, 20, 8, 0.06263821572065353
0, 606, 150, 23, 19, 0.06201563775539398
0, 722, 803, 26, 21, 0.061881788074970245
0, 52, 273, 17, 18, 0.061814576387405396
0, 362, 889, 21, 19, 0.06131180003285408
0, 6, 18, 12, 19, 0.061187826097011566
0, 450, 415, 18, 15, 0.06061997637152672
0, 938, 189, 17, 17, 0.06037559360265732
0, 368, 361, 25, 20, 0.06014123186469078
0, 822, 327, 18, 17, 0.06009942665696144
0, 221, 743, 18, 19, 0.059468839317560196
0, 15, 346, 23, 19, 0.059152085334062576
0, 954, 987, 26, 22, 0.05840030685067177
0, 632, 178, 20, 18, 0.05820774659514427
0, 498, 148, 17, 17, 0.05796315521001816
0, 375, 753, 24, 20, 0.05794477090239525
0, 500, 48, 19, 23, 0.05761973187327385
0, 443, 558, 24, 16, 0.05756933242082596
0, 380, 372, 22, 20, 0.05730561539530754
0, 5, 829, 11, 17, 0.05708590894937515
0, 313, 214, 18, 19, 0.05695079639554024
0, 324, 210, 24, 19, 0.056944139301776886
0, 638, 848, 20, 14, 0.05623743683099747
0, 876, 794, 23, 18, 0.056067366153001785
0, 238, 730, 18, 21, 0.05537373572587967
0, 545, 682, 22, 15, 0.0553702786564827
0, 576, 183, 31, 23, 0.05515676364302635
0, 548, 739, 24, 20, 0.05491255968809128
0, 205, 711, 20, 20, 0.0548015721142292
0, 603, 168, 20, 16, 0.054727744311094284
0, 446, 573, 21, 19, 0.054655805230140686
0, 261, 898, 24, 19, 0.05418365076184273
0, 326, 144, 22, 22, 0.05407893657684326
0, 798, 276, 18, 21, 0.053932707756757736
0, 249, 723, 18, 19, 0.053442999720573425
0, 5, 812, 10, 19, 0.05302782356739044
0, 381, 832, 20, 18, 0.052926018834114075
0, 402, 371, 21, 17, 0.052653465420007706
0, 305, 324, 20, 19, 0.052485037595033646
0, 23, 828, 18, 18, 0.05213036760687828
0, 580, 649, 17, 17, 0.052055880427360535
0, 447, 334, 19, 17, 0.051972050219774246
0, 970, 62, 19, 17, 0.05157051235437393
0, 590, 624, 23, 18, 0.0515659861266613
0, 800, 887, 29, 22, 0.05152641609311104
0, 813, 312, 17, 17, 0.051394615322351456
0, 277, 240, 19, 18, 0.051390089094638824
0, 265, 918, 16, 21, 0.05058292672038078
