0, 121, 990, 28, 19, 0.3377956748008728
0, 222, 136, 20, 19, 0.26205551624298096
0, 605, 7, 22, 14, 0.2589689791202545
0, 393, 708, 20, 20, 0.23513630032539368
0, 723, 39, 17, 22, 0.2048894166946411
0, 147, 969, 22, 23, 0.20036770403385162
0, 126, 165, 18, 19, 0.19705593585968018
0, 237, 27, 18, 18, 0.19195546209812164
0, 975, 605, 21, 23, 0.18777482211589813
0, 274, 257, 17, 19, 0.1811850368976593
0, 653, 473, 19, 20, 0.18079330027103424
0, 143, 5, 21, 11, 0.17822688817977905
0, 380, 37, 20, 18, 0.17697162926197052
0, 153, 225, 17, 14, 0.17580516636371613
0, 758, 16, 18, 16, 0.1680869460105896
0, 245, 300, 27, 23, 0.16518662869930267
0, 170, 123, 18, 19, 0.16483424603939056
0, 850, 250, 17, 18, 0.16455060243606567
0, 148, 114, 16, 18, 0.15549643337726593
0, 131, 974, 17, 15, 0.1554715484380722
0, 383, 811, 19, 20, 0.15129846334457397
0, 140, 211, 17, 15, 0.14463582634925842
0, 546, 494, 22, 20, 0.14439605176448822
0, 397, 8, 19, 16, 0.1415281742811203
0, 910, 170, 18, 19, 0.1411115825176239
0, 642, 353, 21, 24, 0.1410287469625473
0, 364, 817, 20, 19, 0.14076022803783417
0, 102, 283, 20, 18, 0.139534130692482
0, 189, 7, 25, 15, 0.13734403252601624
0, 101, 11, 18, 21, 0.13683441281318665
0, 938, 758, 19, 18, 0.13072636723518372
0, 911, 774, 20, 19, 0.13060784339904785
0, 547, 184, 22, 18, 0.13048306107521057
0, 371, 794, 20, 17, 0.12938028573989868
0, 586, 255, 20, 18, 0.12778359651565552
0, 835, 523, 25, 21, 0.12682895362377167
0, 612, 46, 18, 16, 0.12606072425842285
0, 789, 4, 21, 9, 0.12434089928865433
0, 9, 429, 18, 23, 0.12374114245176315
0, 714, 784, 20, 25, 0.1224522665143013
0, 552, 737, 22, 21, 0.12007174640893936
0, 715, 8, 18, 15, 0.11772561073303223
0, 879, 245, 21, 22, 0.11515721678733826
0, 292, 190, 18, 19, 0.11492956429719925
0, 117, 265, 21, 21, 0.11293303221464157
0, 634, 890, 27, 20, 0.11215844005346298
0, 139, 55, 15, 15, 0.1112935021519661
0, 992, 902, 13, 18, 0.11107461154460907
0, 139, 133, 19, 16, 0.11009073257446289
0, 231, 119, 18, 19, 0.10929221659898758
0, 650, 5, 20, 10, 0.10888594388961792
0, 866, 110, 17, 19, 0.10827130824327469
0, 277, 377, 16, 20, 0.10545754432678223
0, 660, 173, 18, 18, 0.10337416082620621
0, 626, 486, 21, 20, 0.10261629521846771
0, 992, 23, 14, 14, 0.10172700881958008
0, 38, 6, 21, 13, 0.1000433936715126
0, 480, 500, 22, 19, 0.09988626092672348
0, 907, 724, 16, 15, 0.09969142824411392
0, 625, 828, 20, 20, 0.09880197048187256
0, 815, 109, 16, 18, 0.0975632295012474
0, 80, 124, 15, 17, 0.09755662083625793
0, 892, 360, 20, 20, 0.09637754410505295
0, 638, 58, 20, 19, 0.09586439281702042
0, 907, 536, 23, 23, 0.0950562134385109
0, 612, 346, 20, 21, 0.09492593258619308
0, 583, 451, 25, 22, 0.09259568899869919
0, 524, 175, 20, 21, 0.09198638796806335
0, 148, 138, 19, 14, 0.09145529568195343
0, 536, 10, 23, 18, 0.09142883121967316
0, 319, 250, 20, 18, 0.09043047577142715
0, 246, 118, 16, 20, 0.08992766588926315
0, 440, 432, 18, 16, 0.08892854303121567
0, 980, 268, 21, 21, 0.08887264132499695
0, 662, 79, 24, 21, 0.08880964666604996
0, 150, 339, 15, 16, 0.08720146864652634
0, 167, 181, 14, 19, 0.087161585688591
0, 718, 21, 16, 16, 0.08454597741365433
0, 979, 730, 20, 19, 0.08414848148822784
0, 354, 803, 17, 19, 0.08381529152393341
0, 407, 119, 18, 19, 0.08321817219257355
0, 742, 190, 18, 20, 0.0829588994383812
0, 205, 808, 20, 18, 0.08283361792564392
0, 165, 203, 17, 18, 0.08264250308275223
0, 507, 606, 19, 19, 0.08206839859485626
0, 825, 135, 19, 23, 0.08190575242042542
0, 870, 276, 21, 19, 0.08182089775800705
0, 139, 187, 16, 17, 0.08180060982704163
0, 371, 107, 21, 22, 0.08080702275037766
0, 290, 492, 18, 22, 0.08044931292533875
0, 35, 124, 20, 24, 0.07967998832464218
0, 562, 833, 20, 19, 0.07961081713438034
0, 558, 430, 23, 25, 0.07891082018613815
0, 128, 69, 15, 17, 0.07869900017976761
0, 227, 257, 16, 18, 0.07778426259756088
0, 675, 793, 19, 20, 0.07735196501016617
0, 511, 372, 17, 17, 0.07688938826322556
0, 35, 507, 23, 20, 0.07671862095594406
0, 255, 982, 23, 18, 0.07638520747423172
0, 115, 239, 19, 18, 0.07637996226549149
0, 894, 634, 18, 20, 0.07615169882774353
0, 583, 272, 18, 19, 0.07560007274150848
0, 7, 464, 14, 19, 0.07541593164205551
0, 286, 68, 20, 18, 0.07503368705511093
0, 925, 158, 19, 18, 0.07490649074316025
0, 141, 85, 18, 19, 0.07453982532024384
0, 531, 91, 21, 14, 0.0744137316942215
0, 181, 595, 23, 18, 0.07419698685407639
0, 562, 157, 22, 16, 0.07410594820976257
0, 811, 389, 15, 20, 0.07394092530012131
0, 845, 423, 28, 22, 0.07352742552757263
0, 225, 274, 19, 20, 0.07326625287532806
0, 395, 657, 24, 20, 0.07321260869503021
0, 637, 483, 16, 19, 0.07321123033761978
0, 76, 368, 18, 19, 0.07261449843645096
0, 450, 374, 20, 17, 0.072288379073143
0, 583, 510, 21, 19, 0.07219988852739334
0, 68, 153, 18, 17, 0.07174425572156906
0, 273, 811, 19, 26, 0.07156858593225479
0, 511, 917, 16, 19, 0.07095067203044891
0, 188, 186, 14, 17, 0.07082972675561905
0, 462, 140, 16, 20, 0.07038094848394394
0, 544, 205, 21, 17, 0.07013396173715591
0, 760, 734, 19, 17, 0.07013185322284698
0, 626, 325, 19, 18, 0.06990349292755127
0, 275, 45, 17, 15, 0.06956405192613602
0, 4, 649, 9, 18, 0.06894543021917343
0, 535, 52, 18, 18, 0.06863667815923691
0, 452, 935, 18, 21, 0.06842461228370667
0, 293, 450, 17, 19, 0.06815572828054428
0, 992, 726, 14, 19, 0.0677047148346901
0, 992, 238, 14, 15, 0.0674317255616188
0, 395, 69, 17, 19, 0.06740722805261612
0, 458, 589, 24, 21, 0.06728796660900116
0, 959, 223, 18, 16, 0.06715349853038788
0, 920, 262, 24, 21, 0.0669117197394371
0, 375, 61, 19, 18, 0.06653030961751938
0, 217, 4, 18, 8, 0.06561998277902603
0, 991, 897, 17, 25, 0.06491449475288391
0, 934, 238, 23, 26, 0.06366071105003357
0, 5, 622, 11, 20, 0.06364002078771591
0, 279, 196, 16, 17, 0.06362713873386383
0, 937, 577, 32, 28, 0.06358585506677628
0, 329, 450, 18, 17, 0.06348399072885513
0, 767, 218, 18, 18, 0.06341226398944855
0, 88, 333, 19, 19, 0.06327568739652634
0, 338, 191, 16, 17, 0.06213093176484108
0, 177, 828, 18, 20, 0.061712536960840225
0, 511, 855, 17, 19, 0.06159752979874611
0, 631, 906, 22, 19, 0.06073834002017975
0, 152, 178, 17, 21, 0.06070627644658089
0, 803, 56, 18, 24, 0.06068892776966095
0, 214, 480, 16, 16, 0.06040620058774948
0, 595, 965, 22, 21, 0.060377560555934906
0, 877, 745, 18, 18, 0.0601067952811718
0, 336, 123, 20, 19, 0.06002601608633995
0, 277, 506, 18, 16, 0.06001245975494385
0, 844, 384, 18, 25, 0.059124574065208435
0, 659, 347, 18, 16, 0.058939386159181595
0, 964, 165, 18, 21, 0.058781493455171585
0, 897, 713, 25, 18, 0.05871153995394707
0, 596, 678, 25, 21, 0.05849314108490944
0, 216, 883, 21, 18, 0.05738063529133797
0, 558, 911, 22, 21, 0.05701930448412895
0, 671, 470, 19, 17, 0.05680784583091736
0, 849, 72, 22, 26, 0.05573038384318352
0, 386, 8, 19, 17, 0.055648285895586014
0, 564, 358, 19, 20, 0.055634818971157074
0, 145, 437, 18, 16, 0.055373694747686386
0, 730, 853, 23, 21, 0.05526461452245712
0, 375, 425, 17, 18, 0.054747749119997025
0, 233, 9, 17, 15, 0.0547187514603138
0, 949, 106, 22, 19, 0.054702434688806534
0, 342, 425, 20, 20, 0.054687224328517914
0, 508, 427, 19, 18, 0.05433201417326927
0, 700, 356, 22, 21, 0.05390971153974533
0, 13, 249, 23, 19, 0.053647637367248535
0, 623, 364, 19, 15, 0.05346665158867836
0, 988, 391, 22, 21, 0.05337933823466301
0, 591, 555, 18, 18, 0.053310684859752655
0, 21, 48, 19, 17, 0.053217627108097076
0, 728, 8, 15, 16, 0.053165268152952194
0, 450, 796, 21, 17, 0.05285051465034485
0, 681, 419, 26, 30, 0.05259660258889198
0, 27, 813, 22, 22, 0.052584413439035416
0, 256, 993, 21, 11, 0.0519590899348259
0, 424, 398, 17, 17, 0.05195138603448868
0, 977, 417, 23, 18, 0.05162487179040909
0, 310, 706, 21, 19, 0.051275208592414856
0, 134, 333, 16, 15, 0.05127330869436264
0, 629, 5, 15, 10, 0.05121422931551933
0, 983, 775, 17, 17, 0.05116705968976021
0, 914, 991, 21, 16, 0.05100760981440544
0, 569, 108, 22, 18, 0.05092918127775192
0, 657, 205, 18, 20, 0.050853703171014786
0, 434, 53, 22, 20, 0.05077460780739784
0, 158, 106, 19, 17, 0.050679318606853485
0, 598, 267, 17, 17, 0.05066908895969391
0, 936, 918, 15, 17, 0.05057944729924202
0, 328, 232, 15, 16, 0.05054968595504761
0, 406, 530, 20, 18, 0.050283033400774
0, 945, 444, 18, 16, 0.05017755925655365
0, 619, 223, 19, 18, 0.05005307495594025
0, 634, 203, 23, 18, 0.049767572432756424
0, 485, 8, 20, 15, 0.04923662170767784
0, 311, 368, 16, 19, 0.049174144864082336
0, 118, 115, 17, 16, 0.049154236912727356
0, 59, 886, 19, 18, 0.048954691737890244
0, 932, 704, 20, 21, 0.048652853816747665
0, 875, 315, 22, 23, 0.048521749675273895
0, 79, 989, 21, 19, 0.048493560403585434
0, 530, 446, 25, 25, 0.04834292456507683
0, 857, 349, 29, 27, 0.0480688139796257
0, 29, 632, 21, 23, 0.0480620376765728
0, 422, 520, 26, 26, 0.0479256734251976
0, 177, 172, 17, 16, 0.0478677973151207
0, 958, 29, 18, 23, 0.04780196025967598
0, 314, 213, 20, 19, 0.04753605276346207
0, 857, 297, 19, 19, 0.047419819980859756
0, 66, 383, 17, 23, 0.04740980267524719
0, 465, 953, 25, 20, 0.04716211184859276
0, 148, 899, 24, 26, 0.046944037079811096
0, 352, 251, 17, 21, 0.04684164747595787
0, 580, 537, 18, 18, 0.046255189925432205
0, 158, 327, 18, 15, 0.04590221121907234
0, 903, 453, 17, 19, 0.045751117169857025
0, 936, 411, 18, 17, 0.04563545808196068
0, 23, 762, 17, 17, 0.04514215886592865
0, 609, 109, 14, 15, 0.04502243176102638
0, 115, 80, 15, 15, 0.04493428394198418
0, 97, 320, 22, 20, 0.04476834088563919
0, 302, 612, 18, 16, 0.04461413994431496
0, 297, 381, 16, 17, 0.04445473849773407
0, 163, 313, 20, 17, 0.04438961297273636
0, 411, 542, 19, 17, 0.04409852996468544
0, 369, 580, 21, 21, 0.044078726321458817
0, 717, 533, 19, 18, 0.04396189749240875
0, 546, 947, 31, 27, 0.04378626123070717
0, 430, 711, 25, 22, 0.04369793459773064
0, 787, 70, 17, 23, 0.043658796697854996
0, 650, 850, 15, 19, 0.043591953814029694
0, 669, 315, 26, 27, 0.04336898401379585
0, 30, 466, 17, 18, 0.043232254683971405
0, 832, 110, 23, 21, 0.04317886009812355
0, 193, 205, 18, 16, 0.04299827665090561
0, 78, 581, 18, 19, 0.04294582083821297
0, 532, 872, 21, 20, 0.042861584573984146
0, 944, 983, 20, 21, 0.042757753282785416
0, 248, 623, 16, 18, 0.04260222241282463
0, 238, 488, 16, 15, 0.0424465611577034
0, 447, 761, 16, 16, 0.04231623560190201
0, 308, 803, 21, 20, 0.04178934544324875
0, 499, 316, 19, 15, 0.041466206312179565
0, 100, 989, 17, 19, 0.04142826050519943
0, 16, 715, 16, 22, 0.040821373462677
0, 523, 357, 21, 18, 0.04075941443443298
0, 994, 192, 11, 21, 0.0405762642621994
0, 165, 377, 19, 19, 0.04048902913928032
0, 118, 185, 18, 16, 0.04037689045071602
0, 70, 835, 19, 18, 0.04031197726726532
0, 82, 423, 24, 27, 0.04022645205259323
0, 592, 489, 20, 22, 0.0401461161673069
0, 712, 445, 22, 24, 0.0399906262755394
0, 778, 323, 24, 26, 0.03975672274827957
0, 80, 24, 19, 22, 0.03968477249145508
0, 235, 888, 19, 17, 0.03936387598514557
0, 589, 132, 17, 18, 0.03927254676818848
0, 673, 340, 21, 21, 0.03909473121166229
0, 321, 947, 23, 22, 0.038942016661167145
0, 967, 7, 23, 14, 0.03881189599633217
0, 554, 393, 14, 17, 0.03872785344719887
0, 708, 66, 19, 21, 0.03872673213481903
0, 503, 711, 16, 17, 0.038621533662080765
0, 311, 641, 18, 15, 0.03857950121164322
0, 210, 703, 20, 20, 0.038569144904613495
0, 5, 825, 10, 19, 0.038287658244371414
0, 789, 377, 17, 17, 0.038236476480960846
0, 103, 187, 16, 21, 0.03817925602197647
0, 84, 155, 18, 20, 0.038138531148433685
0, 295, 819, 20, 18, 0.038115404546260834
0, 755, 457, 18, 19, 0.037710241973400116
0, 519, 193, 20, 24, 0.03769417479634285
0, 70, 137, 15, 16, 0.0376737117767334
0, 848, 83, 21, 19, 0.037654027342796326
0, 313, 321, 19, 21, 0.03760698065161705
0, 937, 901, 16, 18, 0.03756711259484291
0, 427, 24, 18, 16, 0.037559133023023605
0, 283, 832, 22, 23, 0.037551023066043854
0, 835, 75, 17, 21, 0.03748983517289162
0, 913, 624, 19, 22, 0.037458308041095734
0, 124, 760, 16, 18, 0.03730844706296921
0, 386, 752, 22, 18, 0.03724975511431694
0, 296, 97, 18, 17, 0.0369560532271862
0, 506, 76, 18, 14, 0.03685082122683525
0, 568, 137, 17, 17, 0.036774642765522
0, 340, 231, 17, 16, 0.03661372885107994
0, 487, 440, 23, 21, 0.036580488085746765
0, 994, 604, 11, 20, 0.036496542394161224
0, 962, 851, 22, 24, 0.0364125594496727
0, 336, 248, 17, 17, 0.03637588769197464
