0, 725, 455, 19, 17, 0.29939964413642883
0, 985, 76, 17, 18, 0.29410964250564575
0, 986, 93, 19, 16, 0.28502634167671204
0, 514, 140, 21, 18, 0.2780199944972992
0, 371, 134, 24, 20, 0.2766968607902527
0, 331, 123, 22, 15, 0.266631156206131
0, 454, 131, 19, 21, 0.2658202648162842
0, 323, 134, 21, 18, 0.2656812369823456
0, 248, 921, 22, 22, 0.2569654583930969
0, 883, 338, 18, 16, 0.25612279772758484
0, 228, 8, 17, 16, 0.2547377347946167
0, 224, 85, 19, 20, 0.25423359870910645
0, 637, 766, 18, 20, 0.2517941892147064
0, 207, 11, 18, 19, 0.25097185373306274
0, 768, 525, 15, 20, 0.24952565133571625
0, 490, 958, 19, 20, 0.14044445753097534
0, 22, 861, 21, 20, 0.21329762041568756
0, 163, 90, 17, 20, 0.06606191396713257
0, 868, 348, 16, 14, 0.13752895593643188
0, 694, 480, 19, 21, 0.07129940390586853
0, 617, 894, 19, 17, 0.1212819367647171
0, 341, 294, 19, 18, 0.1726163625717163
0, 911, 331, 18, 16, 0.09074018895626068
0, 966, 130, 19, 17, 0.14534658193588257
0, 909, 846, 18, 21, 0.10021287947893143
0, 611, 185, 22, 17, 0.10515593737363815
0, 934, 953, 19, 19, 0.08308684080839157
0, 467, 959, 21, 18, 0.0761135146021843
0, 516, 933, 17, 19, 0.10896363109350204
0, 490, 15, 21, 19, 0.11406011879444122
0, 660, 455, 20, 18, 0.0780138149857521
0, 785, 537, 22, 15, 0.15653912723064423
0, 721, 761, 22, 21, 0.11041547358036041
0, 675, 925, 20, 20, 0.07096511870622635
0, 624, 910, 21, 18, 0.22361856698989868
0, 350, 120, 18, 18, 0.12861552834510803
0, 386, 583, 20, 19, 0.09135453402996063
0, 924, 103, 19, 18, 0.2124606817960739
0, 193, 65, 18, 18, 0.1736452281475067
0, 577, 633, 20, 18, 0.07224434614181519
0, 704, 914, 23, 18, 0.11668668687343597
0, 597, 862, 20, 20, 0.07450292259454727
0, 189, 9, 16, 17, 0.12393243610858917
0, 796, 333, 20, 17, 0.06777285784482956
0, 646, 753, 26, 21, 0.07118269056081772
0, 960, 206, 19, 20, 0.17681215703487396
0, 788, 157, 18, 17, 0.13024820387363434
0, 460, 149, 19, 18, 0.23647350072860718
0, 900, 232, 19, 18, 0.18702344596385956
0, 345, 100, 18, 16, 0.18513105809688568
0, 797, 315, 17, 14, 0.08114966005086899
0, 960, 372, 20, 17, 0.15143398940563202
0, 22, 288, 17, 19, 0.21044045686721802
0, 301, 94, 20, 16, 0.06506245583295822
0, 23, 969, 16, 17, 0.21075358986854553
0, 779, 679, 19, 20, 0.0775032788515091
0, 229, 959, 19, 20, 0.22877070307731628
0, 186, 579, 19, 21, 0.2417622059583664
0, 747, 400, 20, 17, 0.16777357459068298
0, 378, 888, 20, 18, 0.09302211552858353
0, 44, 289, 21, 19, 0.18056722140266415
0, 735, 497, 17, 17, 0.19816155785081793
0, 392, 106, 23, 20, 0.1153212397548343
0, 759, 145, 19, 19, 0.09833892488002877
0, 309, 120, 19, 16, 0.15102163154923934
0, 655, 647, 22, 20, 0.09975867936739242
0, 193, 119, 18, 17, 0.1016877120016278
0, 960, 111, 18, 14, 0.20867034099583626
0, 879, 185, 23, 17, 0.14171779780901037
0, 411, 558, 20, 18, 0.10380151122808456
0, 613, 879, 20, 19, 0.10533206031692388
0, 693, 864, 19, 21, 0.14522917940088265
0, 361, 550, 20, 19, 0.16450565520176214
0, 391, 386, 18, 17, 0.1817712874281972
0, 329, 257, 19, 20, 0.13849923853591747
0, 201, 85, 20, 20, 0.13072994932916604
0, 361, 550, 20, 19, 0.16450565520176214
0, 330, 323, 22, 17, 0.11665967086818307
0, 910, 113, 21, 16, 0.195847444856999
0, 197, 144, 21, 17, 0.12099706759248222
0, 867, 328, 19, 19, 0.16047914326190948
0, 16, 816, 21, 18, 0.08951377044927061
0, 487, 31, 20, 18, 0.13956311833847918
0, 330, 323, 22, 17, 0.11665967086818307
0, 218, 928, 19, 20, 0.16204216268504407
0, 664, 711, 22, 20, 0.09751743555535977
0, 794, 346, 23, 17, 0.19290417871739274
0, 242, 20, 21, 17, 0.12316852724382837
0, 424, 612, 22, 20, 0.09424174576997757
0, 712, 52, 16, 16, 0.10246691562011237
0, 669, 902, 23, 25, 0.10229170096975426
0, 485, 979, 20, 19, 0.11713232930922785
0, 863, 200, 19, 17, 0.13074605748872448
0, 744, 801, 17, 17, 0.10631928596478638
0, 868, 811, 19, 15, 0.08826176580449135
0, 910, 113, 21, 16, 0.195847444856999
0, 813, 278, 20, 21, 0.09202414330504086
0, 960, 111, 18, 14, 0.20867034099583626
0, 682, 720, 21, 22, 0.08769813954598696
0, 478, 155, 21, 19, 0.153654878099874
0, 322, 287, 19, 19, 0.1462817152866681
0, 669, 902, 23, 25, 0.10229170096975426
0, 6, 662, 12, 20, 0.11723081643747435
0, 930, 59, 24, 18, 0.17913711541754462
0, 227, 192, 20, 17, 0.10163796514805304
0, 6, 876, 13, 22, 0.14209752453704783
0, 814, 537, 19, 19, 0.11067952540669533
0, 90, 379, 18, 21, 0.13790570511505917
0, 879, 185, 23, 17, 0.14171779780901037
0, 40, 644, 19, 17, 0.1348796502428873
0, 550, 35, 18, 21, 0.0937651514389439
0, 950, 358, 22, 19, 0.15246980448877545
0, 675, 20, 17, 15, 0.13568258827922797
0, 682, 720, 21, 22, 0.08769813954598696
0, 868, 811, 19, 15, 0.08826176580449135
0, 40, 644, 19, 17, 0.1348796502428873
0, 961, 44, 19, 19, 0.13233943384819757
0, 75, 373, 19, 22, 0.17395331903695638
0, 153, 558, 20, 18, 0.19671414895954098
0, 823, 213, 21, 17, 0.06839698337843553
0, 218, 928, 19, 20, 0.16204216268504407
0, 926, 355, 23, 20, 0.1349266644598273
0, 550, 35, 18, 21, 0.0937651514389439
0, 311, 274, 17, 17, 0.15439158448517815
0, 879, 137, 19, 22, 0.1490036838124712
0, 722, 38, 19, 16, 0.10137098171817673
0, 163, 7, 19, 14, 0.1551430366033731
0, 6, 39, 12, 19, 0.11463067734204395
0, 942, 100, 21, 17, 0.08677379115901873
0, 485, 979, 20, 19, 0.11713232930922785
0, 868, 811, 19, 15, 0.08826176580449135
0, 950, 358, 22, 19, 0.15246980448877545
0, 330, 323, 22, 17, 0.11665967086818307
0, 607, 598, 22, 22, 0.13747670703148146
0, 9, 969, 17, 18, 0.21173984301714766
0, 864, 825, 22, 17, 0.21326569464317813
0, 650, 899, 18, 19, 0.09275727791931887
0, 837, 353, 21, 18, 0.14820910491943495
0, 153, 558, 20, 18, 0.19671414895954098
0, 463, 405, 17, 18, 0.15239492300640187
0, 382, 559, 22, 23, 0.1769471831032221
0, 837, 353, 21, 18, 0.14820910491943495
0, 311, 274, 17, 17, 0.15439158448517815
0, 57, 655, 19, 20, 0.11599015276585062
0, 712, 52, 16, 16, 0.10246691562011237
0, 369, 372, 21, 20, 0.1529012192329295
0, 925, 227, 25, 20, 0.15965096900594142
0, 516, 43, 17, 18, 0.09072199936192554
0, 217, 880, 24, 18, 0.08863556569297669
0, 610, 633, 18, 17, 0.1251056496305309
0, 400, 519, 22, 22, 0.11977510537247453
0, 749, 533, 28, 22, 0.18618203742988423
0, 417, 358, 19, 14, 0.18167208365027424
0, 6, 549, 12, 21, 0.06714437680041575
0, 532, 931, 17, 18, 0.16761962591146662
0, 919, 815, 20, 16, 0.11904563175404927
0, 12, 268, 18, 21, 0.17801808447058923
0, 417, 358, 19, 14, 0.18167208365027424
0, 542, 59, 19, 18, 0.09865649445150211
0, 348, 77, 19, 18, 0.1924339151768295
0, 13, 905, 18, 16, 0.1645734810524952
0, 930, 59, 24, 18, 0.17913711541754462
0, 42, 381, 22, 20, 0.1400531964565856
0, 487, 31, 20, 18, 0.13956311833847918
0, 369, 372, 21, 20, 0.1529012192329295
0, 387, 335, 17, 19, 0.11149634107872804
0, 925, 227, 25, 20, 0.15965096900594142
0, 75, 373, 19, 22, 0.17395331903695638
0, 527, 57, 16, 19, 0.07588686403082956
0, 628, 641, 21, 17, 0.1098666323201146
0, 353, 263, 21, 20, 0.13498632848079267
0, 404, 258, 18, 19, 0.07495192963891721
0, 389, 319, 21, 17, 0.16971228255701915
0, 421, 386, 20, 18, 0.18538860709182672
0, 882, 318, 24, 20, 0.1285390340874338
0, 391, 386, 18, 17, 0.1817712874281972
0, 837, 353, 21, 18, 0.14820910491943495
0, 5, 366, 11, 21, 0.16920716583250697
0, 5, 366, 11, 21, 0.16920716583250697
0, 458, 351, 20, 19, 0.1933448930487267
0, 722, 903, 21, 21, 0.1744290184176937
0, 640, 921, 22, 19, 0.14287474704736622
0, 700, 146, 17, 19, 0.08875595697753189
0, 220, 724, 17, 18, 0.09863158710260503
0, 786, 179, 22, 21, 0.0966190753451783
0, 492, 129, 21, 19, 0.20668677508514416
0, 85, 401, 21, 25, 0.20267931934142508
0, 601, 752, 18, 21, 0.1158316396915101
0, 458, 351, 20, 19, 0.1933448930487267
0, 633, 197, 24, 22, 0.15797291316343343
0, 965, 82, 18, 19, 0.1689119012271672
0, 687, 135, 21, 18, 0.17668644584712534
0, 408, 409, 19, 23, 0.1736992908914177
0, 532, 931, 17, 18, 0.16761962591146662
0, 965, 82, 18, 19, 0.1689119012271672
0, 170, 944, 21, 21, 0.1760081404324279
0, 602, 653, 26, 25, 0.13085063371971956
0, 602, 653, 26, 25, 0.13085063371971956
