0, 138, 30, 21, 21, 0.3134276568889618
0, 780, 851, 24, 22, 0.31128203868865967
0, 536, 196, 20, 19, 0.2929999828338623
0, 109, 19, 16, 20, 0.29246294498443604
0, 260, 111, 22, 20, 0.2846878468990326
0, 412, 29, 21, 18, 0.27377498149871826
0, 646, 10, 17, 17, 0.2616024911403656
0, 201, 8, 18, 16, 0.256292462348938
0, 929, 128, 19, 21, 0.2559037506580353
0, 707, 990, 19, 18, 0.2521168291568756
0, 112, 116, 21, 18, 0.250463604927063
0, 6, 32, 13, 23, 0.24334143102169037
0, 451, 779, 18, 19, 0.23130962252616882
0, 229, 13, 15, 19, 0.21450088918209076
0, 885, 76, 18, 21, 0.21229466795921326
0, 456, 978, 22, 18, 0.20867237448692322
0, 83, 325, 25, 21, 0.20752498507499695
0, 222, 32, 24, 19, 0.2074577659368515
0, 252, 69, 17, 15, 0.20731249451637268
0, 205, 232, 21, 21, 0.2070600837469101
0, 63, 590, 19, 20, 0.20283621549606323
0, 808, 132, 19, 18, 0.20152583718299866
0, 167, 194, 15, 19, 0.20074371993541718
0, 792, 988, 19, 18, 0.19116075336933136
0, 993, 137, 12, 17, 0.18891605734825134
0, 472, 117, 21, 19, 0.18865454196929932
0, 435, 138, 17, 18, 0.18845447897911072
0, 128, 379, 20, 21, 0.18777775764465332
0, 756, 86, 18, 18, 0.1829562932252884
0, 48, 409, 23, 19, 0.18000870943069458
0, 415, 7, 17, 14, 0.17783036828041077
0, 522, 34, 19, 18, 0.176603764295578
0, 272, 133, 21, 19, 0.17628781497478485
0, 523, 222, 18, 19, 0.17297305166721344
0, 959, 254, 21, 20, 0.1725214421749115
0, 237, 42, 17, 19, 0.17159956693649292
0, 275, 657, 22, 21, 0.1688912808895111
0, 572, 398, 21, 22, 0.16887350380420685
0, 27, 24, 13, 18, 0.1656167060136795
0, 718, 282, 16, 20, 0.16430746018886566
0, 404, 70, 19, 16, 0.16271424293518066
0, 166, 110, 17, 20, 0.16268327832221985
0, 835, 112, 19, 19, 0.1618483066558838
0, 213, 14, 18, 20, 0.16086916625499725
0, 8, 8, 17, 17, 0.1589248925447464
0, 151, 182, 20, 20, 0.15852969884872437
0, 774, 151, 16, 19, 0.1577235758304596
0, 909, 142, 19, 19, 0.15735408663749695
0, 33, 565, 24, 23, 0.15664488077163696
0, 47, 234, 20, 22, 0.15380948781967163
0, 862, 198, 17, 20, 0.15221083164215088
0, 53, 122, 17, 16, 0.15182369947433472
0, 139, 436, 22, 22, 0.1518060863018036
0, 875, 130, 21, 20, 0.1499948650598526
0, 772, 77, 17, 19, 0.14983057975769043
0, 547, 40, 24, 17, 0.14959274232387543
0, 90, 299, 18, 18, 0.1491943746805191
0, 400, 106, 20, 21, 0.14873671531677246
0, 268, 199, 19, 20, 0.1483057290315628
0, 224, 103, 15, 20, 0.1449466496706009
0, 179, 449, 22, 24, 0.1439380645751953
0, 946, 101, 20, 16, 0.1436651647090912
0, 570, 76, 18, 19, 0.14363473653793335
0, 819, 862, 22, 21, 0.14339596033096313
0, 975, 168, 16, 17, 0.14337663352489471
0, 50, 6, 20, 13, 0.14247319102287292
0, 980, 238, 22, 19, 0.14090660214424133
0, 529, 176, 17, 18, 0.1406833976507187
0, 618, 34, 18, 18, 0.14043442904949188
0, 314, 843, 19, 20, 0.14015744626522064
0, 106, 701, 19, 19, 0.13518717885017395
0, 326, 723, 18, 17, 0.13429751992225647
0, 239, 17, 13, 20, 0.13243769109249115
0, 171, 24, 18, 18, 0.13239018619060516
0, 261, 459, 21, 21, 0.1322704702615738
0, 152, 922, 23, 20, 0.13114160299301147
0, 442, 32, 25, 18, 0.13104018568992615
0, 156, 61, 25, 17, 0.13091282546520233
0, 102, 424, 27, 23, 0.12938828766345978
0, 777, 831, 21, 19, 0.12902472913265228
0, 700, 151, 17, 20, 0.1274280697107315
0, 520, 316, 19, 24, 0.12736386060714722
0, 797, 674, 20, 21, 0.12710057199001312
0, 948, 214, 21, 17, 0.12684881687164307
0, 934, 984, 17, 18, 0.1262740045785904
0, 39, 108, 21, 19, 0.12573100626468658
0, 14, 554, 19, 20, 0.1256091147661209
0, 177, 311, 22, 18, 0.12539272010326385
0, 465, 5, 16, 10, 0.12447728961706161
0, 475, 181, 15, 17, 0.109263576567173
0, 698, 351, 17, 22, 0.10871871560811996
0, 953, 233, 24, 19, 0.10690503567457199
0, 948, 119, 23, 16, 0.10017361491918564
0, 59, 760, 20, 18, 0.10031292587518692
0, 888, 963, 20, 19, 0.12375906109809875
0, 54, 558, 21, 19, 0.10758278607824312
0, 67, 393, 18, 19, 0.10277421027421951
0, 95, 9, 15, 17, 0.11215745657682419
0, 597, 206, 17, 17, 0.11310093360698406
0, 297, 94, 16, 19, 0.10585913092829266
0, 667, 12, 20, 21, 0.11637372639233828
0, 728, 181, 20, 19, 0.12250064244399375
0, 444, 819, 22, 21, 0.10577255487442017
0, 534, 51, 19, 16, 0.10777858759227901
0, 912, 468, 18, 18, 0.10757696691925202
0, 144, 114, 23, 19, 0.1170162558555603
0, 872, 328, 18, 18, 0.11546191142144643
0, 298, 116, 18, 17, 0.10605647656890317
0, 857, 160, 16, 16, 0.10884849417783823
0, 593, 76, 19, 20, 0.11275405895475002
0, 756, 245, 21, 20, 0.0988410994971098
0, 181, 118, 16, 19, 0.10688277760132903
0, 501, 86, 21, 23, 0.1148119822831912
0, 727, 217, 20, 19, 0.10366117114166586
0, 724, 74, 18, 21, 0.10379364830944296
0, 739, 208, 17, 17, 0.10148105832660674
0, 11, 310, 18, 16, 0.12216226798778967
0, 922, 164, 16, 17, 0.10125851288535
0, 921, 258, 16, 20, 0.10961195812493649
0, 298, 116, 18, 17, 0.10605647656890317
0, 298, 116, 18, 17, 0.10605647656890317
0, 921, 258, 16, 20, 0.10961195812493649
0, 905, 99, 18, 24, 0.11094643312607755
0, 746, 277, 19, 20, 0.11435758086578066
0, 54, 558, 21, 19, 0.10758278607824312
0, 144, 114, 23, 19, 0.1170162558555603
0, 593, 76, 19, 20, 0.11275405895475002
0, 662, 747, 22, 20, 0.1030710540601592
0, 488, 184, 17, 17, 0.11739580139848332
0, 597, 206, 17, 17, 0.11310093360698406
0, 488, 184, 17, 17, 0.11739580139848332
0, 537, 703, 21, 17, 0.10044026374816895
0, 29, 428, 20, 23, 0.10183053713220927
0, 857, 160, 16, 16, 0.10884849417783823
0, 634, 173, 25, 18, 0.11434051451246624
0, 872, 328, 18, 18, 0.11546191142144643
0, 903, 814, 19, 17, 0.11280262470245361
0, 430, 308, 22, 18, 0.10891530280338838
0, 905, 99, 18, 24, 0.11094643312607755
0, 4, 362, 9, 23, 0.10125263241451271
0, 24, 71, 27, 30, 0.1171210757688903
0, 151, 454, 31, 31, 0.10434580594301224
