0, 218, 613, 19, 19, 0.3574056029319763
0, 656, 586, 22, 23, 0.3336326479911804
0, 174, 48, 19, 19, 0.3125689625740051
0, 543, 477, 18, 19, 0.2874399423599243
0, 188, 30, 17, 22, 0.2806136906147003
0, 431, 266, 18, 20, 0.26648303866386414
0, 204, 626, 19, 19, 0.25874063372612
0, 208, 72, 18, 18, 0.2520711421966553
0, 850, 417, 17, 20, 0.24979831278324127
0, 19, 406, 20, 18, 0.24731087684631348
0, 292, 719, 19, 23, 0.24567292630672455
0, 360, 472, 16, 24, 0.24299433827400208
0, 12, 603, 21, 18, 0.23848941922187805
0, 330, 969, 22, 17, 0.23321595788002014
0, 575, 499, 17, 15, 0.23210391402244568
0, 332, 461, 19, 19, 0.2282084822654724
0, 667, 468, 21, 22, 0.22518664598464966
0, 313, 459, 21, 21, 0.22469371557235718
0, 252, 22, 15, 21, 0.22170352935791016
0, 156, 809, 19, 18, 0.22132445871829987
0, 885, 44, 19, 16, 0.21892473101615906
0, 265, 23, 17, 20, 0.21410296857357025
0, 502, 713, 16, 23, 0.21251222491264343
0, 208, 586, 20, 16, 0.20469984412193298
0, 951, 568, 20, 20, 0.20415382087230682
0, 798, 23, 16, 17, 0.198392853140831
0, 765, 682, 25, 21, 0.19813096523284912
0, 73, 788, 17, 18, 0.19475479423999786
0, 56, 249, 22, 18, 0.18805506825447083
0, 235, 82, 19, 16, 0.18755276501178741
0, 803, 4, 26, 9, 0.18571317195892334
0, 440, 984, 27, 18, 0.18556176126003265
0, 634, 628, 20, 23, 0.18215937912464142
0, 414, 314, 19, 22, 0.179139643907547
0, 213, 33, 16, 20, 0.17793262004852295
0, 810, 764, 17, 22, 0.17692217230796814
0, 817, 540, 17, 17, 0.1762797087430954
0, 494, 443, 15, 18, 0.17383861541748047
0, 458, 468, 17, 16, 0.1717299222946167
0, 613, 716, 18, 22, 0.16885018348693848
0, 443, 312, 19, 17, 0.16847054660320282
0, 980, 571, 18, 18, 0.16747672855854034
0, 976, 543, 24, 19, 0.16612020134925842
0, 947, 139, 22, 17, 0.16579532623291016
0, 825, 773, 18, 21, 0.16567033529281616
0, 647, 691, 26, 20, 0.16543546319007874
0, 972, 517, 17, 16, 0.16460052132606506
0, 238, 23, 17, 22, 0.16049502789974213
0, 706, 789, 27, 23, 0.15860611200332642
0, 291, 292, 24, 19, 0.15521681308746338
0, 75, 642, 14, 14, 0.1541907638311386
0, 547, 392, 20, 21, 0.15325185656547546
0, 11, 227, 22, 17, 0.15235958993434906
0, 797, 349, 21, 22, 0.151741161942482
0, 435, 437, 16, 17, 0.15054942667484283
0, 746, 115, 24, 19, 0.1472148895263672
0, 142, 499, 18, 16, 0.14687475562095642
0, 329, 303, 22, 21, 0.14652493596076965
0, 961, 899, 22, 17, 0.14155788719654083
0, 968, 363, 19, 20, 0.14062806963920593
0, 981, 872, 17, 14, 0.13979758322238922
0, 297, 335, 23, 16, 0.1371838003396988
0, 608, 638, 16, 18, 0.13556334376335144
0, 785, 6, 15, 13, 0.12783293426036835
0, 834, 838, 14, 14, 0.12768881022930145
0, 251, 273, 14, 19, 0.12604869902133942
0, 298, 238, 22, 16, 0.1253882646560669
0, 34, 722, 21, 20, 0.11089348793029785
0, 625, 700, 20, 18, 0.1103372901042098
0, 285, 347, 20, 19, 0.10728624466925332
0, 240, 615, 18, 18, 0.10259149323153025
0, 963, 154, 22, 22, 0.12063024938106537
0, 240, 615, 18, 18, 0.10259149323153025
0, 576, 5, 19, 10, 0.10597943679358962
0, 287, 82, 18, 21, 0.10780297482754092
0, 79, 820, 29, 26, 0.10641080357494143
0, 176, 66, 16, 18, 0.11472004967465343
