0, 192, 15, 22, 30, 0.9341621398925781
0, 301, 61, 20, 28, 0.9294047951698303
0, 208, 481, 34, 39, 0.9276394248008728
0, 476, 429, 37, 26, 0.9230017066001892
0, 494, 254, 34, 27, 0.9224910736083984
0, 414, 350, 45, 28, 0.9169468879699707
0, 151, 262, 25, 42, 0.9160463213920593
0, 365, 155, 31, 35, 0.9094359278678894
0, 284, 308, 35, 32, 0.9091764092445374
0, 372, 359, 29, 20, 0.9078302979469299
0, 38, 256, 22, 31, 0.9072016477584839
0, 107, 434, 31, 22, 0.9057571291923523
0, 212, 386, 24, 34, 0.9056339263916016
0, 139, 9, 28, 18, 0.904100239276886
0, 232, 17, 27, 35, 0.9040877223014832
0, 213, 42, 25, 27, 0.9035624861717224
0, 98, 222, 20, 22, 0.9028587937355042
0, 430, 370, 28, 25, 0.9027757048606873
0, 372, 453, 31, 33, 0.9025605320930481
0, 234, 193, 21, 21, 0.9005585312843323
0, 55, 465, 30, 27, 0.9000333547592163
0, 239, 110, 13, 27, 0.8981198072433472
0, 35, 334, 27, 30, 0.8954041600227356
0, 382, 384, 48, 30, 0.8945960998535156
0, 448, 182, 34, 26, 0.8929111957550049
0, 116, 152, 24, 25, 0.8928446769714355
0, 32, 481, 30, 24, 0.8925610184669495
0, 327, 149, 28, 27, 0.8916297554969788
0, 383, 483, 35, 31, 0.8893804550170898
0, 237, 238, 22, 29, 0.8881186842918396
0, 152, 101, 27, 27, 0.8876152038574219
0, 161, 483, 28, 23, 0.8874884247779846
0, 368, 331, 48, 34, 0.8861342668533325
0, 42, 152, 21, 30, 0.8849920630455017
0, 399, 202, 28, 23, 0.8810376524925232
0, 10, 90, 21, 30, 0.8804705142974854
0, 34, 420, 35, 29, 0.8797243237495422
0, 178, 82, 23, 25, 0.8779464364051819
0, 61, 90, 21, 26, 0.8765202164649963
0, 25, 64, 19, 17, 0.8750622272491455
0, 487, 198, 35, 26, 0.8745787739753723
0, 361, 61, 25, 34, 0.8718440532684326
0, 466, 362, 28, 31, 0.8677040934562683
0, 139, 174, 22, 29, 0.8647432327270508
0, 436, 223, 57, 30, 0.864652156829834
0, 166, 461, 25, 20, 0.8626980185508728
0, 159, 157, 24, 28, 0.8619154095649719
0, 80, 452, 28, 29, 0.8617858290672302
0, 475, 272, 38, 28, 0.8597144484519958
0, 139, 316, 31, 50, 0.8575446605682373
0, 435, 278, 75, 31, 0.8553572297096252
0, 466, 141, 48, 30, 0.8483964204788208
0, 42, 226, 27, 18, 0.8470993638038635
0, 103, 10, 33, 21, 0.8425288200378418
0, 26, 20, 28, 28, 0.841179370880127
0, 399, 164, 15, 22, 0.8397009968757629
0, 9, 333, 18, 26, 0.8380711078643799
0, 451, 328, 33, 22, 0.8369655013084412
0, 166, 405, 38, 39, 0.8363327383995056
0, 270, 502, 25, 19, 0.8343022465705872
0, 130, 485, 20, 18, 0.8325406312942505
0, 180, 363, 24, 35, 0.8299980759620667
0, 474, 392, 35, 23, 0.8291745781898499
0, 174, 232, 18, 36, 0.8250488042831421
0, 462, 82, 24, 45, 0.8249028921127319
0, 323, 213, 20, 27, 0.8244183659553528
0, 15, 250, 16, 25, 0.8210506439208984
0, 388, 86, 32, 35, 0.816383957862854
0, 467, 27, 26, 27, 0.8151956796646118
0, 372, 14, 39, 28, 0.8114224076271057
0, 12, 191, 25, 20, 0.8080544471740723
0, 25, 381, 19, 18, 0.8072361350059509
0, 182, 185, 22, 50, 0.8065494894981384
0, 29, 210, 16, 20, 0.805219829082489
0, 413, 323, 36, 25, 0.8044126629829407
0, 208, 76, 23, 27, 0.3173314332962036
0, 490, 503, 28, 15, 0.7119765877723694
0, 83, 502, 27, 19, 0.6651831865310669
0, 245, 506, 17, 10, 0.24901677668094635
0, 163, 51, 25, 22, 0.6459572911262512
0, 79, 377, 30, 20, 0.5196536779403687
0, 492, 323, 38, 26, 0.6639387011528015
0, 206, 434, 24, 26, 0.3311922252178192
0, 495, 15, 26, 30, 0.239432230591774
0, 345, 505, 17, 12, 0.24262112379074097
0, 433, 202, 32, 16, 0.5331845283508301
0, 276, 21, 13, 40, 0.3695247769355774
0, 204, 304, 27, 18, 0.7228530645370483
0, 486, 113, 35, 22, 0.7519088387489319
0, 425, 245, 28, 18, 0.2768627107143402
0, 49, 303, 22, 22, 0.607523500919342
0, 303, 191, 22, 40, 0.7994592189788818
0, 30, 290, 19, 16, 0.6577129241466364
0, 421, 174, 24, 17, 0.629735984743348
0, 407, 248, 62, 32, 0.5695828795433044
0, 444, 301, 48, 25, 0.6323533654212952
0, 125, 215, 33, 46, 0.30423834919929504
0, 305, 443, 22, 30, 0.635582685470581
0, 6, 20, 12, 35, 0.56915283203125
0, 291, 233, 19, 29, 0.2967284619808197
0, 100, 127, 31, 21, 0.5669739842414856
0, 442, 61, 34, 36, 0.2866008062463647
0, 410, 47, 48, 36, 0.3097201574302823
0, 76, 282, 27, 42, 0.4242298672115931
0, 291, 233, 19, 29, 0.2967284619808197
0, 485, 346, 33, 25, 0.69572947392484
0, 410, 47, 48, 36, 0.3097201574302823
0, 83, 64, 28, 23, 0.6385311484336853
0, 209, 90, 34, 56, 0.41877251863479614
0, 92, 133, 48, 35, 0.3542264699935913
0, 508, 498, 7, 19, 0.578545089358449
0, 100, 68, 57, 32, 0.4390948984910295
0, 60, 496, 18, 18, 0.6497553998940944
0, 392, 247, 33, 30, 0.30768047059382886
0, 128, 37, 40, 34, 0.25076016783714294
0, 207, 327, 24, 26, 0.7052419778647847
0, 119, 38, 24, 27, 0.6682434542974366
0, 434, 421, 38, 17, 0.7072454516022515
0, 433, 493, 44, 33, 0.5917701193861138
0, 100, 254, 28, 37, 0.4336483342188663
0, 486, 67, 29, 50, 0.3512227299378629
0, 491, 161, 41, 51, 0.37091378744385034
0, 83, 353, 32, 34, 0.5134809464080271
0, 430, 93, 25, 24, 0.6117865291315777
0, 430, 93, 25, 24, 0.6117865291315777
0, 278, 437, 29, 25, 0.3031283105059013
0, 430, 93, 25, 24, 0.6117865291315777
0, 83, 353, 32, 34, 0.5134809464080271
0, 433, 493, 44, 33, 0.5917701193861138
0, 100, 68, 57, 32, 0.4390948984910295
0, 410, 47, 48, 36, 0.3097201574302823
0, 442, 61, 34, 36, 0.2866008062463647
0, 442, 61, 34, 36, 0.2866008062463647
0, 278, 437, 29, 25, 0.3031283105059013
