0, 365.0, 426.0, 28.0, 32.0, 0.9455625414848328
0, 297.0, 467.0, 26.0, 27.0, 0.9453616738319397
0, 493.0, 15.0, 22.0, 25.0, 0.9440682530403137
0, 333.0, 234.0, 21.0, 23.0, 0.9420316219329834
0, 343.0, 66.0, 21.0, 33.0, 0.9410696029663086
0, 181.0, 352.0, 25.0, 27.0, 0.9387989640235901
0, 372.0, 80.0, 32.0, 23.0, 0.9375170469284058
0, 340.0, 412.0, 22.0, 31.0, 0.9365009665489197
0, 223.0, 115.0, 32.0, 23.0, 0.9346436262130737
0, 78.0, 377.0, 23.0, 23.0, 0.9335201978683472
0, 393.0, 471.0, 26.0, 26.0, 0.9331811666488647
0, 285.0, 439.0, 28.0, 25.0, 0.9316660165786743
0, 162.0, 79.0, 32.0, 27.0, 0.9314964413642883
0, 244.0, 356.0, 32.0, 41.0, 0.9313738942146301
0, 30.0, 280.0, 30.0, 28.0, 0.9313388466835022
0, 280.0, 282.0, 25.0, 24.0, 0.9302983283996582
0, 486.0, 149.0, 21.0, 28.0, 0.9299894571304321
0, 242.0, 213.0, 27.0, 29.0, 0.9292537569999695
0, 111.0, 298.0, 18.0, 21.0, 0.9290654063224792
0, 228.0, 429.0, 22.0, 33.0, 0.9281945824623108
0, 197.0, 332.0, 26.0, 26.0, 0.926622211933136
0, 485.0, 486.0, 41.0, 41.0, 0.9265931248664856
0, 276.0, 403.0, 30.0, 24.0, 0.9261293411254883
0, 371.0, 458.0, 17.0, 25.0, 0.9257610440254211
0, 480.0, 68.0, 22.0, 26.0, 0.9250800013542175
0, 301.0, 363.0, 21.0, 29.0, 0.9248178005218506
0, 167.0, 472.0, 26.0, 30.0, 0.9244860410690308
0, 213.0, 146.0, 23.0, 19.0, 0.9244763851165771
0, 188.0, 483.0, 22.0, 26.0, 0.9240545630455017
0, 17.0, 260.0, 34.0, 27.0, 0.9236700534820557
0, 160.0, 323.0, 29.0, 25.0, 0.9227505326271057
0, 39.0, 413.0, 19.0, 20.0, 0.9218881726264954
0, 321.0, 473.0, 26.0, 21.0, 0.9214564561843872
0, 504.0, 440.0, 14.0, 27.0, 0.9193632006645203
0, 250.0, 278.0, 31.0, 24.0, 0.9175841212272644
0, 45.0, 230.0, 30.0, 17.0, 0.9171415567398071
0, 79.0, 420.0, 23.0, 19.0, 0.9157723784446716
0, 423.0, 348.0, 17.0, 23.0, 0.9149913787841797
0, 351.0, 462.0, 18.0, 22.0, 0.9128773808479309
0, 471.0, 37.0, 15.0, 18.0, 0.911704957485199
0, 76.0, 252.0, 33.0, 29.0, 0.9112079739570618
0, 306.0, 130.0, 18.0, 22.0, 0.9107974767684937
0, 213.0, 409.0, 27.0, 25.0, 0.9090961217880249
0, 204.0, 221.0, 21.0, 19.0, 0.9086871147155762
0, 259.0, 391.0, 27.0, 25.0, 0.9047785997390747
0, 84.0, 498.0, 31.0, 26.0, 0.9025884866714478
0, 162.0, 186.0, 24.0, 31.0, 0.9014973640441895
0, 10.0, 231.0, 21.0, 35.0, 0.9013146162033081
0, 46.0, 51.0, 19.0, 22.0, 0.8989283442497253
0, 105.0, 423.0, 24.0, 24.0, 0.8980668187141418
0, 147.0, 497.0, 30.0, 22.0, 0.8965023159980774
0, 355.0, 303.0, 24.0, 35.0, 0.8955522179603577
0, 442.0, 246.0, 20.0, 20.0, 0.8949366211891174
0, 303.0, 223.0, 17.0, 28.0, 0.8885599374771118
0, 229.0, 334.0, 16.0, 19.0, 0.8871456384658813
0, 223.0, 63.0, 34.0, 24.0, 0.8866935968399048
0, 67.0, 4.0, 28.0, 8.0, 0.8856908082962036
0, 15.0, 116.0, 31.0, 33.0, 0.8856016993522644
0, 318.0, 426.0, 23.0, 29.0, 0.884151816368103
0, 312.0, 300.0, 19.0, 22.0, 0.8827394843101501
0, 139.0, 24.0, 21.0, 27.0, 0.8826339840888977
0, 353.0, 491.0, 15.0, 18.0, 0.8814001679420471
0, 369.0, 111.0, 21.0, 23.0, 0.8764379620552063
0, 341.0, 187.0, 23.0, 34.0, 0.8763436675071716
0, 402.0, 130.0, 11.0, 12.0, 0.8752210736274719
0, 200.0, 461.0, 10.0, 10.0, 0.8738961815834045
0, 259.0, 431.0, 30.0, 25.0, 0.8728504776954651
0, 265.0, 207.0, 14.0, 28.0, 0.8722206950187683
0, 361.0, 237.0, 16.0, 41.0, 0.8718379139900208
0, 9.0, 493.0, 19.0, 37.0, 0.8714793920516968
0, 84.0, 276.0, 34.0, 24.0, 0.8678371906280518
0, 283.0, 216.0, 18.0, 34.0, 0.8654012680053711
0, 191.0, 268.0, 27.0, 32.0, 0.8649494647979736
0, 412.0, 249.0, 25.0, 35.0, 0.8630689382553101
0, 51.0, 151.0, 34.0, 43.0, 0.8611609935760498
0, 141.0, 263.0, 31.0, 26.0, 0.8590242266654968
0, 240.0, 482.0, 30.0, 23.0, 0.8570288419723511
0, 82.0, 338.0, 30.0, 21.0, 0.8535693287849426
0, 470.0, 297.0, 10.0, 13.0, 0.846415638923645
0, 503.0, 389.0, 17.0, 19.0, 0.8427082896232605
0, 477.0, 207.0, 14.0, 26.0, 0.8403204083442688
0, 53.0, 141.0, 30.0, 22.0, 0.8380505442619324
0, 178.0, 383.0, 19.0, 21.0, 0.8378013372421265
0, 20.0, 313.0, 22.0, 23.0, 0.8356155157089233
0, 161.0, 21.0, 24.0, 14.0, 0.8353366851806641
0, 162.0, 230.0, 25.0, 19.0, 0.8328275680541992
0, 216.0, 498.0, 15.0, 17.0, 0.831407904624939
0, 349.0, 95.0, 18.0, 19.0, 0.8300558924674988
0, 445.0, 288.0, 20.0, 31.0, 0.8285847902297974
0, 9.0, 418.0, 17.0, 15.0, 0.8235250115394592
0, 466.0, 414.0, 24.0, 29.0, 0.8234496116638184
0, 447.0, 184.0, 25.0, 26.0, 0.8229038119316101
0, 325.0, 497.0, 17.0, 21.0, 0.8225944638252258
0, 381.0, 264.0, 30.0, 40.0, 0.8198986649513245
0, 89.0, 223.0, 28.0, 29.0, 0.8193697333335876
0, 144.0, 6.0, 29.0, 12.0, 0.8167086243629456
0, 111.0, 500.0, 20.0, 22.0, 0.8146423697471619
0, 268.0, 231.0, 11.0, 27.0, 0.8144376277923584
0, 204.0, 28.0, 56.0, 22.0, 0.8125366568565369
0, 142.0, 340.0, 14.0, 18.0, 0.8118610382080078
0, 196.0, 87.0, 30.0, 25.0, 0.8106566667556763
0, 216.0, 305.0, 30.0, 29.0, 0.8099223375320435
0, 218.0, 192.0, 24.0, 31.0, 0.8088635802268982
0, 278.0, 39.0, 36.0, 21.0, 0.8039835095405579
0, 18.0, 26.0, 36.0, 28.0, 0.8021777868270874
0, 177.0, 250.0, 19.0, 25.0, 0.8021141886711121
0, 420.0, 164.0, 12.0, 18.0, 0.7974221706390381
0, 231.0, 503.0, 24.0, 16.0, 0.794343888759613
0, 32.0, 5.0, 31.0, 11.0, 0.7914149761199951
0, 146.0, 52.0, 42.0, 22.0, 0.790895938873291
0, 508.0, 99.0, 6.0, 22.0, 0.7829747200012207
0, 338.0, 304.0, 22.0, 24.0, 0.7811423540115356
0, 295.0, 344.0, 12.0, 12.0, 0.7801753282546997
0, 359.0, 127.0, 12.0, 17.0, 0.776431679725647
0, 145.0, 361.0, 38.0, 36.0, 0.7752136588096619
0, 453.0, 230.0, 21.0, 13.0, 0.7750048637390137
0, 500.0, 415.0, 15.0, 15.0, 0.7726385593414307
0, 71.0, 100.0, 25.0, 24.0, 0.7693809270858765
0, 107.0, 360.0, 17.0, 23.0, 0.7672776579856873
0, 492.0, 284.0, 17.0, 27.0, 0.7658679485321045
0, 204.0, 390.0, 18.0, 14.0, 0.764752209186554
0, 316.0, 259.0, 32.0, 27.0, 0.7647046446800232
0, 177.0, 299.0, 31.0, 31.0, 0.7591992616653442
0, 490.0, 400.0, 11.0, 12.0, 0.7573434114456177
0, 477.0, 311.0, 11.0, 13.0, 0.7557194232940674
0, 164.0, 112.0, 27.0, 14.0, 0.7520264387130737
0, 63.0, 404.0, 24.0, 24.0, 0.7483832240104675
0, 78.0, 455.0, 25.0, 13.0, 0.7464188933372498
0, 481.0, 508.0, 18.0, 7.0, 0.7444871068000793
0, 51.0, 349.0, 38.0, 40.0, 0.7440752983093262
0, 276.0, 257.0, 22.0, 23.0, 0.7378365397453308
0, 169.0, 43.0, 33.0, 24.0, 0.7316257357597351
0, 50.0, 504.0, 16.0, 15.0, 0.7234731912612915
0, 437.0, 219.0, 16.0, 25.0, 0.7232728600502014
0, 277.0, 252.0, 18.0, 13.0, 0.7155488133430481
0, 45.0, 434.0, 28.0, 18.0, 0.712207555770874
0, 20.0, 464.0, 35.0, 49.0, 0.709123432636261
0, 220.0, 81.0, 27.0, 17.0, 0.7082043290138245
0, 327.0, 336.0, 16.0, 18.0, 0.7046396732330322
0, 3.0, 307.0, 5.0, 22.0, 0.6914653778076172
0, 440.0, 158.0, 24.0, 18.0, 0.6890518665313721
0, 29.0, 478.0, 14.0, 21.0, 0.6872187256813049
0, 323.0, 257.0, 18.0, 21.0, 0.6864414811134338
0, 327.0, 450.0, 13.0, 21.0, 0.6819088459014893
0, 95.0, 42.0, 30.0, 27.0, 0.6795380711555481
0, 67.0, 296.0, 13.0, 19.0, 0.6785260438919067
0, 71.0, 472.0, 21.0, 13.0, 0.676405131816864
0, 265.0, 360.0, 17.0, 20.0, 0.6718087792396545
0, 509.0, 13.0, 5.0, 27.0, 0.6690859794616699
0, 507.0, 48.0, 9.0, 18.0, 0.6593194603919983
0, 249.0, 62.0, 25.0, 18.0, 0.6535781025886536
0, 85.0, 322.0, 12.0, 11.0, 0.6507642865180969
0, 159.0, 389.0, 19.0, 14.0, 0.6422804594039917
0, 463.0, 172.0, 7.0, 16.0, 0.6329852342605591
0, 265.0, 306.0, 19.0, 13.0, 0.6326137781143188
0, 501.0, 273.0, 6.0, 6.0, 0.6306604743003845
0, 288.0, 508.0, 17.0, 6.0, 0.6299517750740051
0, 443.0, 161.0, 17.0, 12.0, 0.6258285045623779
0, 325.0, 343.0, 22.0, 32.0, 0.6233105659484863
0, 84.0, 190.0, 25.0, 34.0, 0.6195147037506104
0, 19.0, 144.0, 10.0, 15.0, 0.6073876023292542
0, 78.0, 200.0, 12.0, 14.0, 0.6057457327842712
0, 164.0, 119.0, 27.0, 30.0, 0.6054655909538269
0, 476.0, 201.0, 11.0, 16.0, 0.6033176183700562
