2, 280, 193, 27, 28, 0.9104494452476501
2, 311, 171, 25, 26, 0.8625354766845703
2, 132, 277, 23, 24, 0.8082274198532104
2, 361, 277, 25, 25, 0.7690352201461792
1, 352, 160, 17, 17, 0.7343769073486328
2, 102, 84, 25, 25, 0.7132296562194824
2, 324, 223, 22, 22, 0.7019074559211731
2, 228, 58, 28, 25, 0.6931054592132568
1, 123, 91, 24, 24, 0.6141073107719421
1, 140, 114, 20, 21, 0.536337673664093
2, 402, 171, 20, 20, 0.4242752492427826
1, 118, 111, 17, 17, 0.4588344693183899
2, 118, 111, 18, 17, 0.313462495803833
2, 296, 88, 19, 18, 0.4904818534851074
2, 118, 111, 18, 17, 0.313462495803833
2, 290, 70, 18, 17, 0.4651842415332794
2, 141, 114, 22, 21, 0.3448588252067566
2, 141, 114, 22, 21, 0.3448588252067566
