0, 194, 214, 27, 30, 0.7270330786705017
0, 183, 141, 22, 25, 0.683523952960968
0, 92, 198, 37, 36, 0.6653457283973694
0, 264, 207, 32, 35, 0.6493332982063293
0, 32, 214, 27, 26, 0.6381940841674805
0, 6, 216, 12, 26, 0.6183823347091675
0, 261, 176, 28, 26, 0.6026419401168823
0, 365, 160, 19, 20, 0.5854216814041138
0, 18, 154, 34, 37, 0.5786008834838867
0, 209, 122, 34, 34, 0.5765389800071716
0, 30, 94, 36, 40, 0.5281732678413391
0, 415, 191, 37, 44, 0.5234634876251221
0, 50, 71, 20, 21, 0.5189579725265503
0, 54, 126, 36, 41, 0.4961550235748291
0, 213, 173, 36, 37, 0.40866827964782715
0, 380, 183, 32, 33, 0.45091184973716736
0, 380, 183, 32, 33, 0.45091184973716736
0, 457, 204, 35, 36, 0.4399155080318451
0, 323, 179, 56, 62, 0.3186115026473999
0, 457, 204, 35, 36, 0.4399155080318451
0, 301, 129, 41, 43, 0.48050355911254883
0, 457, 204, 35, 36, 0.4399155080318451
0, 457, 204, 35, 36, 0.4399155080318451
0, 301, 129, 41, 43, 0.48050355911254883
0, 301, 129, 41, 43, 0.48050355911254883
