0, 931, 642, 19, 20, 0.4449969530105591
0, 689, 203, 20, 21, 0.4212339222431183
0, 615, 89, 21, 18, 0.3967900276184082
0, 241, 181, 17, 15, 0.3954930007457733
0, 530, 102, 21, 20, 0.3568989634513855
0, 840, 263, 21, 24, 0.3565429449081421
0, 982, 6, 16, 13, 0.3431200385093689
0, 442, 608, 19, 18, 0.32957375049591064
0, 765, 109, 18, 16, 0.31494033336639404
0, 660, 663, 23, 20, 0.3144000768661499
0, 381, 41, 17, 18, 0.31352686882019043
0, 676, 224, 18, 23, 0.3100077509880066
0, 257, 186, 14, 14, 0.2991478741168976
0, 825, 419, 18, 15, 0.2925281524658203
0, 534, 80, 20, 20, 0.2919749915599823
0, 227, 182, 16, 15, 0.28678908944129944
0, 667, 251, 19, 13, 0.2809396982192993
0, 811, 411, 14, 15, 0.2760149836540222
0, 934, 214, 15, 21, 0.2753547132015228
0, 373, 24, 14, 17, 0.2743386924266815
0, 345, 26, 14, 15, 0.2703481912612915
0, 343, 354, 20, 20, 0.26736387610435486
0, 939, 246, 18, 19, 0.2649005055427551
0, 933, 665, 15, 17, 0.2627314031124115
0, 710, 110, 21, 20, 0.25255486369132996
