0, 570, 702, 17, 16, 0.5194646120071411
0, 356, 584, 17, 19, 0.48844459652900696
0, 376, 728, 19, 20, 0.4752027094364166
0, 264, 289, 17, 25, 0.423959344625473
0, 391, 714, 15, 16, 0.41777360439300537
0, 631, 382, 17, 21, 0.4082123935222626
0, 414, 724, 16, 15, 0.4001075327396393
0, 361, 703, 19, 18, 0.38021087646484375
0, 139, 622, 15, 17, 0.37983331084251404
0, 169, 621, 16, 15, 0.3788776695728302
0, 142, 567, 21, 20, 0.37487852573394775
0, 564, 759, 18, 17, 0.368638277053833
0, 541, 727, 21, 15, 0.3588416874408722
0, 381, 916, 20, 18, 0.35868605971336365
0, 66, 671, 20, 21, 0.34953081607818604
0, 841, 354, 17, 19, 0.33920490741729736
0, 588, 730, 15, 15, 0.3386067748069763
0, 163, 556, 21, 21, 0.3354051113128662
0, 70, 649, 16, 16, 0.33205926418304443
0, 354, 564, 16, 16, 0.3316967487335205
0, 88, 607, 16, 11, 0.32850778102874756
0, 463, 710, 15, 12, 0.3252359628677368
0, 147, 585, 19, 17, 0.31870490312576294
0, 400, 698, 17, 19, 0.314603328704834
0, 146, 656, 19, 13, 0.3086400032043457
0, 402, 761, 19, 18, 0.3072168827056885
0, 819, 347, 20, 19, 0.30325841903686523
0, 98, 631, 14, 17, 0.30293840169906616
0, 366, 600, 19, 14, 0.2988094985485077
0, 606, 706, 15, 12, 0.29761645197868347
0, 590, 705, 15, 14, 0.28976595401763916
0, 397, 758, 18, 21, 0.2817964553833008
0, 561, 388, 15, 15, 0.2784937918186188
0, 93, 592, 17, 15, 0.27802422642707825
0, 374, 669, 18, 15, 0.2715030610561371
0, 518, 725, 16, 14, 0.27139028906822205
0, 635, 407, 16, 14, 0.2712823748588562
0, 79, 630, 24, 17, 0.2689305245876312
0, 450, 725, 17, 17, 0.2605034112930298
0, 580, 687, 15, 15, 0.25792112946510315
0, 361, 741, 18, 16, 0.25684162974357605
0, 319, 715, 16, 15, 0.2559739053249359
