0, 123.0, 261.0, 44.0, 32.0, 0.8861840963363647
0, 288.0, 136.0, 33.0, 38.0, 0.8791938424110413
0, 495.0, 219.0, 32.0, 37.0, 0.8607432246208191
0, 194.0, 495.0, 31.0, 32.0, 0.8556909561157227
0, 292.0, 53.0, 29.0, 28.0, 0.8522459268569946
0, 411.0, 81.0, 36.0, 28.0, 0.8516426682472229
0, 245.0, 203.0, 31.0, 33.0, 0.8414319753646851
0, 469.0, 223.0, 30.0, 37.0, 0.8391813039779663
0, 133.0, 419.0, 27.0, 25.0, 0.8367564678192139
0, 243.0, 138.0, 38.0, 30.0, 0.8342724442481995
0, 344.0, 182.0, 26.0, 28.0, 0.8259616494178772
0, 87.0, 447.0, 26.0, 27.0, 0.8206214904785156
0, 348.0, 234.0, 34.0, 32.0, 0.8145623803138733
0, 400.0, 390.0, 29.0, 31.0, 0.8060529828071594
0, 238.0, 464.0, 28.0, 29.0, 0.7905797958374023
0, 449.0, 488.0, 31.0, 34.0, 0.789655864238739
0, 273.0, 395.0, 20.0, 33.0, 0.7853733897209167
0, 274.0, 273.0, 26.0, 30.0, 0.7805512547492981
0, 156.0, 413.0, 23.0, 30.0, 0.7655036449432373
0, 235.0, 416.0, 31.0, 34.0, 0.7548313140869141
0, 10.0, 215.0, 21.0, 31.0, 0.753057599067688
0, 138.0, 87.0, 29.0, 33.0, 0.7334803342819214
0, 196.0, 315.0, 30.0, 29.0, 0.7150381803512573
0, 290.0, 197.0, 24.0, 26.0, 0.6960063576698303
0, 186.0, 372.0, 28.0, 24.0, 0.6959563493728638
0, 28.0, 272.0, 23.0, 28.0, 0.6883853673934937
0, 70.0, 298.0, 31.0, 26.0, 0.6497411727905273
0, 236.0, 264.0, 23.0, 26.0, 0.6198960542678833
0, 188.0, 346.0, 20.0, 26.0, 0.5753114223480225
0, 35.0, 447.0, 25.0, 24.0, 0.5492954850196838
0, 461.0, 279.0, 26.0, 32.0, 0.47588104009628296
0, 328.0, 208.0, 31.0, 24.0, 0.4632929265499115
0, 312.0, 391.0, 20.0, 26.0, 0.3878585696220398
0, 99.0, 288.0, 30.0, 31.0, 0.38354796171188354
0, 152.0, 372.0, 29.0, 26.0, 0.35006284713745117
0, 438.0, 451.0, 21.0, 23.0, 0.3271613121032715
0, 67.0, 270.0, 31.0, 29.0, 0.31351643800735474
0, 22.0, 307.0, 37.0, 26.0, 0.23028625547885895
0, 360.0, 98.0, 35.0, 30.0, 0.19640712440013885
0, 450.0, 351.0, 28.0, 29.0, 0.15110081434249878
0, 252.0, 433.0, 28.0, 23.0, 0.13441017270088196
0, 413.0, 492.0, 24.0, 24.0, 0.08850427716970444
0, 172.0, 348.0, 17.0, 30.0, 0.05902694910764694
0, 158.0, 463.0, 28.0, 32.0, 0.023631861433386803
0, 432.0, 110.0, 26.0, 23.0, 0.016113832592964172
0, 477.0, 18.0, 35.0, 30.0, 0.0150886420160532
0, 83.0, 218.0, 35.0, 23.0, 0.013528476469218731
0, 24.0, 240.0, 31.0, 23.0, 0.012009014375507832
0, 75.0, 269.0, 20.0, 27.0, 0.009224859066307545
0, 87.0, 211.0, 38.0, 20.0, 0.008036600425839424
0, 60.0, 269.0, 19.0, 25.0, 0.006445274222642183
0, 433.0, 17.0, 30.0, 29.0, 0.0062918816693127155
0, 102.0, 277.0, 27.0, 23.0, 0.005829013418406248
0, 120.0, 89.0, 25.0, 27.0, 0.0051334635354578495
0, 502.0, 187.0, 18.0, 29.0, 0.6347857117652893
0, 505.0, 324.0, 12.0, 16.0, 0.500779390335083
0, 12.0, 508.0, 24.0, 7.0, 0.3362676203250885
0, 500.0, 360.0, 20.0, 32.0, 0.046967681497335434
0, 507.0, 16.0, 8.0, 27.0, 0.02850533090531826
0, 507.0, 303.0, 8.0, 22.0, 0.016330748796463013
0, 221.0, 509.0, 19.0, 5.0, 0.01549009419977665
0, 507.0, 214.0, 7.0, 31.0, 0.011757303960621357
0, 504.0, 351.0, 14.0, 29.0, 0.011336568742990494
0, 504.0, 332.0, 14.0, 26.0, 0.010125216096639633
0, 508.0, 428.0, 6.0, 26.0, 0.008401739411056042
0, 506.0, 72.0, 10.0, 29.0, 0.006918388418853283
0, 508.0, 245.0, 7.0, 26.0, 0.006082009058445692
0, 431.0, 268.0, 33.0, 35.0, 0.8999844789505005
0, 436.0, 231.0, 41.0, 39.0, 0.890574038028717
0, 270.0, 161.0, 31.0, 36.0, 0.8775219321250916
0, 60.0, 24.0, 30.0, 30.0, 0.8714661002159119
0, 352.0, 308.0, 36.0, 38.0, 0.8675220012664795
0, 220.0, 76.0, 35.0, 34.0, 0.8669868111610413
0, 380.0, 186.0, 32.0, 25.0, 0.8646555542945862
0, 96.0, 71.0, 32.0, 29.0, 0.8620315194129944
0, 417.0, 420.0, 34.0, 36.0, 0.860325038433075
0, 77.0, 53.0, 28.0, 29.0, 0.8544079661369324
0, 234.0, 297.0, 40.0, 28.0, 0.8517669439315796
0, 41.0, 394.0, 31.0, 29.0, 0.8516831398010254
0, 184.0, 464.0, 28.0, 30.0, 0.8447107672691345
0, 195.0, 166.0, 28.0, 30.0, 0.8426307439804077
0, 192.0, 112.0, 37.0, 44.0, 0.8424248695373535
0, 412.0, 173.0, 27.0, 34.0, 0.8394949436187744
0, 214.0, 252.0, 29.0, 41.0, 0.8270125389099121
0, 314.0, 179.0, 29.0, 38.0, 0.8266124725341797
0, 393.0, 331.0, 27.0, 32.0, 0.8189910650253296
0, 448.0, 315.0, 34.0, 33.0, 0.8021922707557678
0, 20.0, 459.0, 19.0, 29.0, 0.774008572101593
0, 257.0, 246.0, 30.0, 34.0, 0.7655958533287048
0, 374.0, 140.0, 29.0, 35.0, 0.6890475749969482
0, 369.0, 471.0, 39.0, 38.0, 0.6889482736587524
0, 190.0, 39.0, 28.0, 45.0, 0.29211941361427307
0, 341.0, 390.0, 23.0, 35.0, 0.2771944999694824
0, 212.0, 47.0, 26.0, 20.0, 0.06701017916202545
0, 243.0, 421.0, 47.0, 46.0, 0.0601881742477417
0, 113.0, 408.0, 30.0, 34.0, 0.04632677510380745
0, 224.0, 111.0, 21.0, 29.0, 0.006540475878864527
0, 52.0, 393.0, 24.0, 29.0, 0.0050181373953819275
0, 320.0, 61.0, 21.0, 20.0, 0.4373275935649872
0, 8.0, 58.0, 17.0, 28.0, 0.17289358377456665
0, 63.0, 114.0, 18.0, 16.0, 0.12842898070812225
0, 14.0, 304.0, 24.0, 20.0, 0.03515458106994629
0, 30.0, 313.0, 22.0, 15.0, 0.011421849019825459
0, 453.0, 402.0, 11.0, 14.0, 0.20422828197479248
0, 155.0, 387.0, 21.0, 14.0, 0.08322659134864807
0, 267.0, 352.0, 21.0, 20.0, 0.06835543364286423
0, 252.0, 5.0, 16.0, 10.0, 0.028436455875635147
0, 214.0, 4.0, 24.0, 9.0, 0.006154400762170553
0, 181.0, 213.0, 23.0, 16.0, 0.679657518863678
0, 25.0, 418.0, 18.0, 20.0, 0.6547800302505493
0, 117.0, 400.0, 23.0, 17.0, 0.5512071847915649
0, 436.0, 21.0, 20.0, 21.0, 0.5468152165412903
0, 469.0, 393.0, 15.0, 19.0, 0.5187171101570129
0, 213.0, 338.0, 20.0, 22.0, 0.5075229406356812
0, 313.0, 313.0, 13.0, 13.0, 0.4683361053466797
0, 188.0, 5.0, 33.0, 10.0, 0.4662928283214569
0, 139.0, 300.0, 25.0, 21.0, 0.42893990874290466
0, 159.0, 470.0, 23.0, 19.0, 0.4142528176307678
0, 460.0, 436.0, 19.0, 25.0, 0.2490774542093277
0, 296.0, 331.0, 11.0, 13.0, 0.24413837492465973
0, 166.0, 356.0, 25.0, 18.0, 0.2405766099691391
0, 172.0, 339.0, 12.0, 12.0, 0.21628347039222717
0, 69.0, 331.0, 22.0, 13.0, 0.21160529553890228
0, 142.0, 201.0, 29.0, 15.0, 0.18417640030384064
0, 498.0, 366.0, 15.0, 20.0, 0.18249408900737762
0, 108.0, 416.0, 20.0, 19.0, 0.15966397523880005
0, 357.0, 164.0, 14.0, 19.0, 0.1350482702255249
0, 190.0, 339.0, 16.0, 13.0, 0.0816613957285881
0, 427.0, 37.0, 23.0, 20.0, 0.07346802204847336
0, 191.0, 21.0, 25.0, 15.0, 0.05716703087091446
0, 111.0, 410.0, 22.0, 19.0, 0.04351633042097092
0, 72.0, 427.0, 16.0, 18.0, 0.03659301623702049
0, 80.0, 221.0, 22.0, 17.0, 0.028419647365808487
0, 142.0, 80.0, 21.0, 20.0, 0.02624843828380108
0, 460.0, 442.0, 16.0, 15.0, 0.02291042171418667
0, 156.0, 404.0, 20.0, 13.0, 0.022521773353219032
0, 296.0, 89.0, 24.0, 21.0, 0.021879184991121292
0, 106.0, 276.0, 17.0, 15.0, 0.02001926861703396
0, 345.0, 10.0, 24.0, 18.0, 0.019573716446757317
0, 210.0, 385.0, 16.0, 21.0, 0.01879880577325821
0, 460.0, 286.0, 18.0, 17.0, 0.015468228608369827
0, 81.0, 410.0, 13.0, 20.0, 0.01445576548576355
0, 152.0, 421.0, 14.0, 13.0, 0.014187551103532314
0, 420.0, 490.0, 19.0, 24.0, 0.013449388556182384
0, 57.0, 387.0, 13.0, 15.0, 0.01264171116054058
0, 345.0, 58.0, 19.0, 21.0, 0.011740460991859436
0, 456.0, 480.0, 18.0, 18.0, 0.011676616035401821
0, 104.0, 478.0, 16.0, 25.0, 0.009992576204240322
0, 313.0, 133.0, 18.0, 23.0, 0.008385281078517437
0, 177.0, 358.0, 21.0, 16.0, 0.0071036252193152905
0, 325.0, 321.0, 18.0, 18.0, 0.0067218272015452385
0, 410.0, 6.0, 34.0, 13.0, 0.006641194690018892
0, 192.0, 228.0, 22.0, 15.0, 0.005534744821488857
0, 195.0, 309.0, 26.0, 15.0, 0.0051141660660505295
0, 4.0, 374.0, 8.0, 31.0, 0.00990338809788227
