0, 726.0, 455.0, 19.0, 17.0, 0.4037431478500366
0, 229.0, 960.0, 18.0, 19.0, 0.38897860050201416
0, 960.0, 111.0, 17.0, 14.0, 0.3446963131427765
0, 228.0, 7.0, 17.0, 15.0, 0.20972484350204468
0, 448.0, 573.0, 19.0, 19.0, 0.18847037851810455
0, 227.0, 191.0, 19.0, 15.0, 0.18415233492851257
0, 788.0, 157.0, 17.0, 17.0, 0.1764031946659088
0, 416.0, 345.0, 17.0, 12.0, 0.17331470549106598
0, 54.0, 955.0, 15.0, 16.0, 0.16290228068828583
0, 387.0, 583.0, 17.0, 17.0, 0.14818912744522095
0, 365.0, 327.0, 19.0, 16.0, 0.13223114609718323
0, 555.0, 154.0, 17.0, 14.0, 0.11755462735891342
0, 479.0, 941.0, 14.0, 16.0, 0.11689267307519913
0, 263.0, 898.0, 21.0, 19.0, 0.11154413223266602
0, 436.0, 544.0, 14.0, 14.0, 0.11039264500141144
0, 563.0, 722.0, 19.0, 20.0, 0.10656994581222534
0, 919.0, 814.0, 17.0, 15.0, 0.10509674996137619
0, 265.0, 914.0, 14.0, 16.0, 0.10079578310251236
0, 676.0, 924.0, 17.0, 18.0, 0.10078684240579605
0, 955.0, 181.0, 18.0, 17.0, 0.09849283844232559
0, 402.0, 335.0, 14.0, 15.0, 0.09247030317783356
0, 168.0, 583.0, 16.0, 17.0, 0.09219735115766525
0, 59.0, 306.0, 18.0, 16.0, 0.0921829491853714
0, 80.0, 342.0, 17.0, 15.0, 0.08853421360254288
0, 367.0, 343.0, 22.0, 15.0, 0.08357670903205872
0, 784.0, 554.0, 20.0, 18.0, 0.08089596778154373
0, 186.0, 99.0, 16.0, 16.0, 0.07830813527107239
0, 55.0, 899.0, 15.0, 14.0, 0.07717552781105042
0, 390.0, 319.0, 19.0, 17.0, 0.3111574053764343
0, 129.0, 378.0, 22.0, 20.0, 0.11402957141399384
0, 869.0, 348.0, 15.0, 14.0, 0.0781397670507431
0, 59.0, 970.0, 14.0, 18.0, 0.18375463783740997
0, 458.0, 372.0, 15.0, 17.0, 0.12612849473953247
0, 175.0, 797.0, 14.0, 12.0, 0.0901748463511467
0, 247.0, 183.0, 16.0, 19.0, 0.08404644578695297
0, 194.0, 408.0, 11.0, 13.0, 0.0817200243473053
0, 668.0, 40.0, 15.0, 18.0, 0.08017221093177795
0, 322.0, 287.0, 18.0, 18.0, 0.4487805664539337
0, 398.0, 352.0, 17.0, 17.0, 0.4227626919746399
0, 345.0, 100.0, 16.0, 16.0, 0.39467841386795044
0, 925.0, 103.0, 19.0, 17.0, 0.3804248571395874
0, 193.0, 119.0, 16.0, 16.0, 0.3587583899497986
0, 221.0, 139.0, 18.0, 18.0, 0.35593947768211365
0, 348.0, 77.0, 18.0, 17.0, 0.35177871584892273
0, 238.0, 148.0, 17.0, 19.0, 0.32291534543037415
0, 341.0, 295.0, 18.0, 17.0, 0.31990310549736023
0, 23.0, 969.0, 15.0, 16.0, 0.3153364062309265
0, 490.0, 957.0, 18.0, 20.0, 0.2797277867794037
0, 629.0, 641.0, 21.0, 17.0, 0.27574580907821655
0, 151.0, 97.0, 15.0, 14.0, 0.25653284788131714
0, 351.0, 121.0, 18.0, 18.0, 0.25589731335639954
0, 387.0, 335.0, 16.0, 17.0, 0.24938280880451202
0, 367.0, 84.0, 19.0, 21.0, 0.24795272946357727
0, 220.0, 724.0, 16.0, 17.0, 0.24528075754642487
0, 372.0, 861.0, 18.0, 21.0, 0.24464574456214905
0, 701.0, 449.0, 17.0, 19.0, 0.24210849404335022
0, 41.0, 644.0, 20.0, 17.0, 0.24080702662467957
0, 434.0, 595.0, 14.0, 14.0, 0.23719197511672974
0, 665.0, 471.0, 17.0, 17.0, 0.23608821630477905
0, 184.0, 579.0, 17.0, 20.0, 0.22807304561138153
0, 14.0, 905.0, 16.0, 14.0, 0.21751926839351654
0, 943.0, 100.0, 18.0, 16.0, 0.21085546910762787
0, 298.0, 282.0, 16.0, 20.0, 0.20459412038326263
0, 418.0, 359.0, 16.0, 14.0, 0.20157046616077423
0, 238.0, 106.0, 18.0, 20.0, 0.198190838098526
0, 682.0, 457.0, 18.0, 18.0, 0.1970699578523636
0, 628.0, 720.0, 18.0, 15.0, 0.1950174868106842
0, 180.0, 83.0, 16.0, 16.0, 0.18277183175086975
0, 514.0, 141.0, 21.0, 19.0, 0.17559412121772766
0, 201.0, 84.0, 17.0, 19.0, 0.17466089129447937
0, 91.0, 380.0, 16.0, 19.0, 0.17314615845680237
0, 23.0, 828.0, 17.0, 18.0, 0.17260873317718506
0, 207.0, 12.0, 17.0, 18.0, 0.17248034477233887
0, 16.0, 345.0, 20.0, 19.0, 0.17226402461528778
0, 79.0, 885.0, 15.0, 17.0, 0.1689937859773636
0, 254.0, 153.0, 15.0, 19.0, 0.1655184030532837
0, 674.0, 740.0, 19.0, 18.0, 0.16322362422943115
0, 934.0, 953.0, 16.0, 19.0, 0.16149863600730896
0, 466.0, 927.0, 16.0, 14.0, 0.16019879281520844
0, 187.0, 170.0, 17.0, 17.0, 0.15873044729232788
0, 467.0, 959.0, 17.0, 17.0, 0.1557045429944992
0, 400.0, 519.0, 22.0, 19.0, 0.15281954407691956
0, 677.0, 20.0, 16.0, 16.0, 0.14859341084957123
0, 404.0, 258.0, 17.0, 18.0, 0.145904079079628
0, 154.0, 70.0, 19.0, 18.0, 0.14369559288024902
0, 156.0, 971.0, 17.0, 16.0, 0.14318887889385223
0, 942.0, 33.0, 17.0, 18.0, 0.14272278547286987
0, 311.0, 610.0, 16.0, 17.0, 0.14213378727436066
0, 694.0, 479.0, 16.0, 20.0, 0.14205461740493774
0, 64.0, 856.0, 21.0, 17.0, 0.14160111546516418
0, 208.0, 955.0, 16.0, 15.0, 0.13934123516082764
0, 703.0, 748.0, 19.0, 17.0, 0.1390959918498993
0, 960.0, 206.0, 16.0, 17.0, 0.13756102323532104
0, 259.0, 881.0, 20.0, 18.0, 0.13746166229248047
0, 446.0, 558.0, 18.0, 15.0, 0.1338716298341751
0, 650.0, 899.0, 19.0, 18.0, 0.13149696588516235
0, 365.0, 358.0, 21.0, 15.0, 0.12721678614616394
0, 903.0, 216.0, 18.0, 15.0, 0.12330380082130432
0, 413.0, 296.0, 16.0, 15.0, 0.1213318407535553
0, 334.0, 607.0, 26.0, 18.0, 0.1189301386475563
0, 547.0, 169.0, 19.0, 16.0, 0.11469900608062744
0, 532.0, 930.0, 15.0, 17.0, 0.11358055472373962
0, 445.0, 368.0, 15.0, 17.0, 0.11174238473176956
0, 331.0, 323.0, 20.0, 17.0, 0.10757134854793549
0, 329.0, 239.0, 20.0, 16.0, 0.10699605196714401
0, 204.0, 713.0, 17.0, 16.0, 0.10453903675079346
0, 424.0, 611.0, 22.0, 17.0, 0.10441634804010391
0, 669.0, 869.0, 18.0, 16.0, 0.10425224155187607
0, 333.0, 855.0, 19.0, 16.0, 0.10397927463054657
0, 162.0, 86.0, 17.0, 15.0, 0.10341359674930573
0, 818.0, 159.0, 17.0, 19.0, 0.10259875655174255
0, 932.0, 59.0, 20.0, 15.0, 0.1005721315741539
0, 780.0, 679.0, 16.0, 19.0, 0.09629586338996887
0, 667.0, 906.0, 17.0, 18.0, 0.09573527425527573
0, 250.0, 723.0, 16.0, 17.0, 0.09353248029947281
0, 908.0, 153.0, 17.0, 14.0, 0.09349295496940613
0, 258.0, 863.0, 17.0, 16.0, 0.09173358231782913
0, 744.0, 801.0, 16.0, 17.0, 0.09061745554208755
0, 33.0, 273.0, 16.0, 17.0, 0.0885084718465805
0, 299.0, 78.0, 22.0, 18.0, 0.0879383310675621
0, 374.0, 753.0, 21.0, 19.0, 0.0861474797129631
0, 615.0, 878.0, 19.0, 17.0, 0.08483660221099854
0, 588.0, 182.0, 16.0, 21.0, 0.08060763031244278
0, 660.0, 37.0, 17.0, 18.0, 0.0802002027630806
0, 576.0, 633.0, 16.0, 18.0, 0.0774378702044487
0, 951.0, 358.0, 18.0, 18.0, 0.07669183611869812
0, 565.0, 646.0, 17.0, 18.0, 0.07642225176095963
0, 611.0, 633.0, 17.0, 16.0, 0.22522833943367004
0, 59.0, 385.0, 16.0, 17.0, 0.11656975746154785
0, 988.0, 127.0, 18.0, 20.0, 0.206724151968956
0, 36.0, 990.0, 18.0, 18.0, 0.1569318324327469
0, 53.0, 989.0, 19.0, 19.0, 0.07846211642026901
0, 918.0, 993.0, 17.0, 12.0, 0.07802178710699081
0, 6.0, 39.0, 13.0, 18.0, 0.07657995074987411
0, 735.0, 497.0, 15.0, 16.0, 0.14587727189064026
0, 189.0, 918.0, 19.0, 15.0, 0.13727045059204102
0, 428.0, 369.0, 19.0, 16.0, 0.12819895148277283
0, 362.0, 890.0, 19.0, 16.0, 0.10304328799247742
0, 931.0, 44.0, 17.0, 14.0, 0.09292475879192352
0, 570.0, 167.0, 18.0, 16.0, 0.0831698551774025
0, 363.0, 549.0, 16.0, 16.0, 0.07880948483943939
0, 141.0, 167.0, 16.0, 16.0, 0.07724381983280182
0, 961.0, 43.0, 17.0, 15.0, 0.0756269171833992
0, 235.0, 126.0, 15.0, 21.0, 0.44969919323921204
0, 249.0, 921.0, 21.0, 20.0, 0.38338515162467957
0, 909.0, 112.0, 20.0, 17.0, 0.3473362326622009
0, 492.0, 129.0, 19.0, 19.0, 0.293718159198761
0, 76.0, 374.0, 18.0, 22.0, 0.2645971179008484
0, 23.0, 288.0, 17.0, 19.0, 0.2598406672477722
0, 85.0, 400.0, 19.0, 24.0, 0.21336901187896729
0, 461.0, 148.0, 20.0, 20.0, 0.1908217817544937
0, 888.0, 301.0, 21.0, 16.0, 0.15172095596790314
0, 904.0, 93.0, 19.0, 21.0, 0.15022800862789154
0, 369.0, 372.0, 19.0, 19.0, 0.14022371172904968
0, 285.0, 202.0, 21.0, 21.0, 0.09578114002943039
0, 410.0, 765.0, 18.0, 21.0, 0.07706502079963684
0, 219.0, 929.0, 15.0, 16.0, 0.36166852712631226
0, 369.0, 133.0, 20.0, 20.0, 0.35019782185554504
0, 329.0, 257.0, 19.0, 19.0, 0.3405228853225708
0, 205.0, 759.0, 19.0, 18.0, 0.3382766842842102
0, 363.0, 308.0, 18.0, 17.0, 0.3223978281021118
0, 332.0, 122.0, 18.0, 15.0, 0.31872034072875977
0, 44.0, 289.0, 19.0, 18.0, 0.3071546256542206
0, 454.0, 132.0, 20.0, 19.0, 0.30620908737182617
0, 309.0, 120.0, 17.0, 16.0, 0.298833966255188
0, 193.0, 65.0, 16.0, 17.0, 0.291262686252594
0, 364.0, 105.0, 19.0, 17.0, 0.2688600718975067
0, 224.0, 84.0, 18.0, 19.0, 0.2647623121738434
0, 311.0, 274.0, 16.0, 18.0, 0.2542022168636322
0, 8.0, 969.0, 14.0, 17.0, 0.2487363964319229
0, 177.0, 143.0, 19.0, 17.0, 0.23246002197265625
0, 967.0, 131.0, 17.0, 17.0, 0.213496133685112
0, 947.0, 76.0, 20.0, 19.0, 0.19651806354522705
0, 157.0, 158.0, 16.0, 17.0, 0.18556566536426544
0, 6.0, 662.0, 13.0, 18.0, 0.17923925817012787
0, 205.0, 739.0, 17.0, 18.0, 0.1758437305688858
0, 624.0, 910.0, 18.0, 18.0, 0.16920548677444458
0, 193.0, 903.0, 16.0, 15.0, 0.1675565391778946
0, 394.0, 294.0, 19.0, 20.0, 0.1607917845249176
0, 390.0, 106.0, 21.0, 18.0, 0.15316841006278992
0, 222.0, 115.0, 15.0, 18.0, 0.14084798097610474
0, 286.0, 297.0, 15.0, 16.0, 0.1364738643169403
0, 552.0, 698.0, 19.0, 17.0, 0.1363132745027542
0, 206.0, 894.0, 16.0, 16.0, 0.13047751784324646
0, 654.0, 876.0, 16.0, 17.0, 0.12984208762645721
0, 143.0, 80.0, 16.0, 17.0, 0.12846794724464417
0, 493.0, 672.0, 15.0, 15.0, 0.12763367593288422
0, 57.0, 655.0, 18.0, 18.0, 0.1269616037607193
0, 367.0, 528.0, 14.0, 14.0, 0.12460844963788986
0, 655.0, 647.0, 19.0, 19.0, 0.1205207109451294
0, 796.0, 134.0, 15.0, 18.0, 0.12032500654459
0, 681.0, 719.0, 16.0, 19.0, 0.11950373649597168
0, 344.0, 889.0, 17.0, 18.0, 0.11364912986755371
0, 297.0, 262.0, 17.0, 18.0, 0.10793516784906387
0, 971.0, 61.0, 16.0, 17.0, 0.10777150094509125
0, 615.0, 719.0, 19.0, 17.0, 0.10632096230983734
0, 65.0, 886.0, 14.0, 16.0, 0.10535453259944916
0, 221.0, 743.0, 17.0, 17.0, 0.10419463366270065
0, 665.0, 711.0, 20.0, 18.0, 0.0980118066072464
0, 607.0, 654.0, 16.0, 21.0, 0.09630171954631805
0, 6.0, 365.0, 12.0, 21.0, 0.09622932970523834
0, 77.0, 658.0, 19.0, 16.0, 0.09547457844018936
0, 331.0, 151.0, 16.0, 17.0, 0.09401611238718033
0, 14.0, 815.0, 17.0, 18.0, 0.09311404079198837
0, 721.0, 761.0, 20.0, 20.0, 0.08901946991682053
0, 599.0, 863.0, 17.0, 16.0, 0.0846010372042656
0, 643.0, 749.0, 17.0, 16.0, 0.08032157272100449
0, 142.0, 126.0, 16.0, 18.0, 0.08019066601991653
0, 972.0, 221.0, 15.0, 16.0, 0.07998873293399811
0, 46.0, 362.0, 18.0, 18.0, 0.07960575073957443
0, 402.0, 371.0, 19.0, 17.0, 0.07917322218418121
0, 609.0, 852.0, 15.0, 15.0, 0.0771922767162323
0, 784.0, 537.0, 19.0, 15.0, 0.07707778364419937
