0, 366, 33, 42, 37, 0.9507296681404114
0, 101, 260, 48, 42, 0.9159426689147949
0, 265, 29, 41, 30, 0.9122231602668762
0, 410, 261, 42, 33, 0.9110662341117859
0, 426, 81, 40, 42, 0.9109376668930054
0, 524, 732, 42, 35, 0.905276894569397
0, 125, 15, 33, 30, 0.9043086171150208
0, 118, 136, 26, 33, 0.9006410837173462
0, 301, 204, 41, 38, 0.9005467891693115
0, 449, 709, 36, 39, 0.8973857760429382
0, 444, 41, 40, 37, 0.8940774202346802
0, 89, 551, 38, 37, 0.8916196227073669
0, 17, 32, 34, 38, 0.8911445140838623
0, 269, 436, 39, 30, 0.8886775970458984
0, 353, 278, 36, 27, 0.8869551420211792
0, 117, 677, 36, 34, 0.8865212202072144
0, 347, 170, 42, 35, 0.8861472010612488
0, 353, 643, 45, 29, 0.8844757080078125
0, 250, 121, 40, 42, 0.8843942880630493
0, 486, 499, 37, 42, 0.8818739652633667
0, 472, 549, 39, 45, 0.8787306547164917
0, 480, 279, 37, 29, 0.8786252737045288
0, 107, 92, 32, 29, 0.8726577758789062
0, 264, 351, 36, 28, 0.8713597059249878
0, 280, 317, 40, 39, 0.8699657917022705
0, 232, 220, 36, 35, 0.8693470358848572
0, 422, 374, 33, 35, 0.8683444857597351
0, 54, 570, 36, 39, 0.8625633716583252
0, 215, 168, 44, 36, 0.8618283271789551
0, 519, 221, 42, 29, 0.8612886667251587
0, 127, 720, 38, 31, 0.8596941828727722
0, 36, 619, 30, 41, 0.8595930933952332
0, 37, 376, 35, 43, 0.8591185808181763
0, 427, 222, 30, 28, 0.859056293964386
0, 488, 649, 31, 40, 0.8574256896972656
0, 496, 319, 37, 35, 0.855883002281189
0, 578, 68, 34, 40, 0.8558502793312073
0, 149, 146, 24, 41, 0.8548136949539185
0, 397, 177, 42, 46, 0.8544909954071045
0, 293, 597, 41, 31, 0.8537880182266235
0, 352, 678, 39, 33, 0.8529466986656189
0, 343, 315, 31, 34, 0.8515138626098633
0, 186, 263, 32, 36, 0.8471652269363403
0, 218, 348, 48, 31, 0.8454720377922058
0, 41, 87, 33, 34, 0.8452103734016418
0, 465, 243, 31, 33, 0.8409788608551025
0, 20, 559, 30, 42, 0.8403881192207336
0, 70, 735, 40, 37, 0.8393152952194214
0, 11, 78, 22, 25, 0.8382081985473633
0, 335, 142, 37, 34, 0.8380978107452393
0, 24, 455, 42, 29, 0.8370583057403564
0, 158, 533, 37, 28, 0.8338567614555359
0, 535, 296, 30, 38, 0.8306642770767212
0, 217, 653, 27, 35, 0.8302762508392334
0, 225, 607, 31, 38, 0.826912522315979
0, 436, 347, 33, 33, 0.8268749117851257
0, 271, 474, 38, 37, 0.825005829334259
0, 34, 490, 35, 35, 0.8225795030593872
0, 410, 405, 45, 31, 0.8218920230865479
0, 368, 82, 35, 30, 0.8216177821159363
0, 387, 462, 36, 28, 0.8213381767272949
0, 84, 692, 31, 39, 0.8189595937728882
0, 454, 110, 32, 38, 0.8182752728462219
0, 106, 474, 47, 35, 0.8180692195892334
0, 552, 382, 24, 32, 0.8179269433021545
0, 246, 382, 57, 31, 0.8173529505729675
0, 388, 583, 33, 32, 0.8168187141418457
0, 35, 141, 27, 32, 0.8161972761154175
0, 505, 370, 51, 47, 0.8148353695869446
0, 478, 98, 34, 39, 0.8144515156745911
0, 468, 158, 28, 31, 0.8141497373580933
0, 138, 284, 39, 37, 0.8139188289642334
0, 164, 666, 33, 34, 0.8118496537208557
0, 513, 62, 32, 40, 0.8104601502418518
0, 87, 181, 33, 28, 0.8104144930839539
0, 110, 423, 39, 37, 0.810028612613678
0, 287, 520, 39, 33, 0.8095152378082275
0, 250, 191, 31, 30, 0.8079837560653687
0, 560, 745, 36, 19, 0.8066526055335999
0, 144, 600, 34, 30, 0.8060578107833862
0, 411, 315, 37, 30, 0.804578423500061
0, 580, 462, 37, 46, 0.8045186996459961
0, 383, 120, 48, 42, 0.8015472292900085
0, 533, 438, 32, 33, 0.8013315796852112
0, 527, 564, 27, 25, 0.8003911972045898
0, 138, 357, 41, 27, 0.7981274127960205
0, 47, 512, 41, 30, 0.7961698770523071
0, 321, 716, 33, 31, 0.795835554599762
0, 121, 580, 36, 38, 0.7951387166976929
0, 182, 391, 39, 29, 0.7936517000198364
0, 155, 246, 37, 36, 0.7934555411338806
0, 551, 168, 25, 33, 0.7911490797996521
0, 383, 332, 25, 24, 0.7890822291374207
0, 508, 708, 47, 44, 0.7853134274482727
0, 304, 636, 31, 28, 0.7842018604278564
0, 17, 236, 32, 35, 0.7837947607040405
0, 233, 468, 34, 38, 0.7835631966590881
0, 24, 211, 22, 34, 0.7791431546211243
0, 197, 580, 33, 26, 0.778895914554596
0, 394, 711, 26, 27, 0.7759018540382385
0, 350, 212, 34, 30, 0.7747430205345154
0, 436, 13, 44, 26, 0.772782564163208
0, 201, 48, 35, 30, 0.7727500200271606
0, 456, 312, 35, 32, 0.7726475596427917
0, 308, 451, 31, 30, 0.7710972428321838
0, 586, 162, 29, 34, 0.767196536064148
0, 455, 212, 32, 26, 0.7659638524055481
0, 461, 185, 25, 33, 0.7654880881309509
0, 225, 265, 31, 37, 0.7637553215026855
0, 515, 178, 26, 25, 0.7634285688400269
0, 494, 417, 27, 31, 0.7608059644699097
0, 133, 465, 29, 29, 0.7593136429786682
0, 302, 495, 39, 36, 0.7555392980575562
0, 357, 247, 52, 36, 0.7526952028274536
0, 212, 291, 32, 34, 0.7518335580825806
0, 563, 343, 25, 44, 0.7509890794754028
0, 171, 151, 25, 36, 0.7493430376052856
0, 332, 559, 33, 29, 0.7481867074966431
0, 405, 622, 49, 38, 0.745776891708374
0, 273, 401, 39, 26, 0.7448136210441589
0, 133, 643, 38, 35, 0.7432199716567993
0, 424, 162, 42, 49, 0.7422191500663757
0, 425, 445, 33, 53, 0.741005539894104
0, 556, 643, 39, 29, 0.740328311920166
0, 106, 41, 33, 42, 0.7377179265022278
0, 298, 51, 32, 35, 0.7376390099525452
0, 306, 676, 51, 36, 0.7365135550498962
0, 16, 660, 33, 38, 0.7362597584724426
0, 10, 325, 21, 40, 0.7360577583312988
0, 38, 308, 34, 34, 0.7338773012161255
0, 49, 214, 28, 37, 0.7334451079368591
0, 509, 534, 27, 32, 0.7318294644355774
0, 8, 176, 16, 26, 0.7305912375450134
0, 381, 362, 25, 25, 0.7292082905769348
0, 85, 147, 25, 28, 0.7287572026252747
0, 276, 6, 29, 13, 0.7177506685256958
0, 499, 160, 26, 34, 0.7171580195426941
0, 462, 6, 31, 13, 0.7170419692993164
0, 151, 697, 33, 27, 0.7138745188713074
0, 542, 121, 33, 38, 0.713860034942627
0, 146, 433, 32, 33, 0.7118943929672241
0, 513, 599, 27, 34, 0.7091274261474609
0, 567, 212, 25, 24, 0.7055405378341675
0, 76, 24, 24, 28, 0.7027707099914551
0, 547, 45, 32, 32, 0.7022876143455505
0, 300, 148, 31, 29, 0.7007170915603638
0, 299, 299, 40, 40, 0.6892779469490051
0, 171, 109, 23, 33, 0.6890405416488647
0, 271, 240, 39, 42, 0.6844632029533386
0, 250, 273, 34, 38, 0.6835691928863525
0, 532, 18, 26, 27, 0.6774637699127197
0, 589, 346, 23, 41, 0.6757177114486694
0, 294, 701, 34, 36, 0.6659281253814697
0, 437, 557, 30, 39, 0.6617052555084229
0, 519, 634, 25, 27, 0.6564810276031494
0, 185, 561, 37, 32, 0.656191885471344
0, 564, 495, 32, 28, 0.6535557508468628
0, 205, 14, 26, 24, 0.6529855728149414
0, 191, 229, 28, 34, 0.6490455269813538
0, 520, 131, 27, 27, 0.6446322798728943
0, 159, 474, 28, 28, 0.6399024724960327
0, 71, 63, 22, 26, 0.6385888457298279
0, 592, 510, 16, 33, 0.6294508576393127
0, 339, 376, 39, 29, 0.6292702555656433
0, 357, 732, 28, 18, 0.6255205273628235
0, 187, 748, 39, 13, 0.623991847038269
0, 161, 200, 25, 32, 0.621513843536377
0, 394, 513, 34, 54, 0.6013683080673218
0, 589, 197, 22, 37, 0.600989580154419
0, 136, 215, 31, 37, 0.6002019047737122
0, 349, 436, 27, 35, 0.592582106590271
0, 553, 592, 28, 27, 0.5894352793693542
0, 291, 560, 27, 21, 0.5732569098472595
0, 210, 423, 24, 28, 0.5671566724777222
0, 595, 542, 10, 32, 0.5498021841049194
0, 199, 95, 30, 32, 0.5471542477607727
0, 82, 354, 27, 36, 0.5380344986915588
0, 265, 677, 21, 46, 0.5313593149185181
0, 33, 5, 30, 11, 0.5206854939460754
0, 53, 28, 26, 33, 0.507689893245697
0, 139, 744, 31, 20, 0.5021135210990906
0, 303, 120, 30, 27, 0.5017706751823425
0, 343, 366, 44, 50, 0.49995118379592896
0, 582, 128, 29, 33, 0.49272894859313965
0, 488, 186, 26, 33, 0.47208327054977417
0, 455, 657, 34, 55, 0.4441554546356201
0, 556, 698, 24, 20, 0.43714845180511475
0, 164, 331, 17, 19, 0.42588797211647034
0, 275, 639, 15, 20, 0.4141813814640045
0, 186, 736, 40, 33, 0.4124528169631958
0, 349, 357, 33, 33, 0.392939954996109
0, 271, 735, 27, 17, 0.39097821712493896
0, 238, 79, 21, 27, 0.37985759973526
0, 408, 293, 34, 28, 0.3729550540447235
0, 238, 689, 27, 24, 0.3410932123661041
0, 423, 458, 29, 27, 0.3326066732406616
0, 548, 96, 29, 29, 0.3289274573326111
0, 366, 512, 24, 26, 0.3240865468978882
0, 11, 335, 22, 21, 0.3214782178401947
1, 274, 639, 16, 18, 0.3205568790435791
0, 496, 14, 27, 28, 0.3173867166042328
0, 595, 610, 10, 33, 0.30958092212677
0, 391, 215, 26, 30, 0.3050099313259125
0, 348, 716, 27, 28, 0.2995870113372803
0, 161, 30, 23, 22, 0.2995487153530121
0, 419, 729, 26, 25, 0.29650673270225525
0, 57, 33, 39, 46, 0.29488542675971985
0, 207, 299, 44, 52, 0.29477107524871826
0, 527, 520, 28, 35, 0.28636664152145386
0, 213, 200, 29, 27, 0.27463820576667786
0, 182, 19, 17, 27, 0.26851946115493774
0, 345, 486, 24, 24, 0.26748842000961304
0, 591, 6, 18, 12, 0.2579067349433899
0, 237, 269, 55, 44, 0.256774365901947
0, 455, 672, 29, 29, 0.22537459433078766
0, 369, 248, 29, 31, 0.22245639562606812
0, 218, 207, 44, 44, 0.2102835476398468
0, 146, 471, 54, 32, 0.2084731161594391
0, 354, 723, 32, 26, 0.20745238661766052
0, 514, 699, 35, 28, 0.20370882749557495
0, 345, 246, 30, 33, 0.20327259600162506
0, 93, 328, 28, 25, 0.20023824274539948
0, 3, 114, 7, 21, 0.193372905254364
0, 6, 4, 13, 8, 0.17973607778549194
0, 373, 116, 30, 36, 0.174261674284935
0, 353, 6, 48, 12, 0.16741782426834106
1, 591, 6, 18, 12, 0.1629403978586197
0, 593, 238, 15, 34, 0.161432147026062
0, 369, 568, 19, 25, 0.1605510711669922
0, 258, 641, 15, 21, 0.15960201621055603
0, 310, 12, 25, 24, 0.15445256233215332
0, 347, 451, 26, 28, 0.153982475399971
0, 501, 17, 14, 21, 0.1523086130619049
0, 461, 751, 31, 6, 0.14911320805549622
0, 492, 680, 42, 32, 0.14078135788440704
0, 311, 6, 24, 12, 0.13310123980045319
0, 229, 564, 25, 21, 0.13202965259552002
0, 117, 483, 32, 22, 0.12992657721042633
0, 586, 442, 14, 14, 0.1290491819381714
0, 443, 295, 22, 27, 0.12747012078762054
0, 450, 299, 38, 35, 0.12305059283971786
0, 107, 32, 27, 25, 0.11743862181901932
0, 216, 4, 26, 8, 0.11739692091941833
0, 78, 226, 23, 26, 0.11119268089532852
0, 198, 3, 34, 7, 0.10815988481044769
0, 396, 529, 25, 26, 0.09807569533586502
0, 64, 393, 31, 34, 0.09779375046491623
0, 482, 383, 22, 26, 0.09543357044458389
0, 30, 162, 24, 21, 0.09120162576436996
0, 434, 627, 20, 28, 0.09091378003358841
0, 118, 23, 19, 18, 0.08358956128358841
0, 217, 479, 30, 28, 0.08070562034845352
0, 83, 513, 38, 26, 0.07916516065597534
0, 568, 4, 14, 7, 0.07656343281269073
0, 65, 106, 22, 23, 0.07276131957769394
0, 518, 527, 47, 48, 0.07031070441007614
0, 130, 109, 25, 22, 0.0683937519788742
0, 121, 476, 22, 28, 0.06792992353439331
0, 328, 410, 20, 22, 0.06046321243047714
0, 339, 67, 27, 28, 0.06030392646789551
0, 510, 172, 34, 34, 0.058839503675699234
0, 276, 230, 27, 22, 0.05787816271185875
0, 233, 543, 19, 18, 0.05785880982875824
0, 6, 748, 12, 11, 0.057154592126607895
0, 5, 54, 11, 19, 0.0548962727189064
0, 24, 404, 47, 44, 0.05443839356303215
0, 405, 685, 25, 30, 0.054317012429237366
0, 163, 283, 21, 32, 0.054028697311878204
0, 561, 582, 44, 49, 0.05250931158661842
0, 230, 380, 25, 23, 0.05163124203681946
0, 289, 178, 13, 12, 0.04873809218406677
0, 590, 676, 14, 12, 0.04738200828433037
0, 596, 745, 9, 18, 0.04648628085851669
0, 6, 214, 13, 31, 0.045652419328689575
0, 592, 742, 17, 23, 0.042416881769895554
0, 48, 703, 27, 27, 0.04187486320734024
0, 518, 200, 18, 17, 0.04186280444264412
0, 164, 245, 20, 31, 0.040996354073286057
0, 321, 4, 42, 8, 0.040622957050800323
0, 232, 350, 21, 25, 0.03979600593447685
0, 4, 487, 9, 44, 0.03931471332907677
0, 186, 79, 17, 24, 0.03879645839333534
0, 558, 4, 35, 9, 0.03600843995809555
0, 376, 510, 45, 36, 0.03588136285543442
0, 105, 197, 19, 20, 0.03297612443566322
0, 488, 388, 33, 35, 0.032919157296419144
0, 288, 745, 73, 19, 0.03239864110946655
0, 5, 593, 10, 18, 0.03200408071279526
0, 298, 398, 18, 21, 0.031508952379226685
0, 187, 3, 19, 6, 0.030699174851179123
0, 478, 737, 21, 20, 0.030350137501955032
0, 165, 596, 23, 29, 0.029582727700471878
0, 37, 341, 43, 30, 0.029191114008426666
0, 95, 472, 25, 30, 0.028861062601208687
0, 526, 258, 32, 39, 0.026862742379307747
0, 596, 482, 8, 31, 0.02667873725295067
0, 382, 210, 43, 41, 0.026302851736545563
0, 597, 429, 7, 57, 0.025871986523270607
0, 337, 529, 26, 29, 0.02562580071389675
