0, 461, 483, 29, 36, 0.9090582728385925
0, 126, 183, 34, 30, 0.9054883718490601
0, 406, 485, 35, 39, 0.9053969979286194
0, 49, 421, 30, 35, 0.8990573883056641
0, 125, 97, 32, 36, 0.8974936008453369
0, 440, 149, 28, 30, 0.8911153674125671
0, 479, 237, 28, 32, 0.8909888863563538
0, 111, 298, 29, 31, 0.8865323066711426
0, 468, 179, 32, 37, 0.8736060261726379
0, 692, 25, 27, 30, 0.8715810775756836
0, 653, 485, 29, 33, 0.8689751625061035
0, 512, 289, 30, 29, 0.8679983019828796
0, 632, 42, 26, 32, 0.8679167628288269
0, 244, 363, 29, 30, 0.8661382794380188
0, 481, 27, 25, 29, 0.8635817170143127
0, 202, 367, 28, 31, 0.8629180192947388
0, 358, 178, 31, 38, 0.8621798157691956
0, 626, 372, 29, 25, 0.8618465662002563
0, 489, 317, 26, 29, 0.8576947450637817
0, 268, 157, 27, 31, 0.8563405871391296
0, 243, 490, 48, 46, 0.8558275103569031
0, 323, 227, 31, 27, 0.8550032377243042
0, 501, 254, 27, 33, 0.8549270033836365
0, 426, 226, 31, 30, 0.8534144759178162
0, 201, 439, 32, 33, 0.8526759147644043
0, 269, 414, 29, 35, 0.8511723875999451
0, 400, 290, 28, 28, 0.849942147731781
0, 552, 482, 32, 30, 0.8493514657020569
0, 72, 318, 32, 31, 0.8490591049194336
0, 228, 289, 27, 24, 0.8480691313743591
0, 545, 450, 29, 29, 0.8479617834091187
0, 594, 35, 30, 33, 0.8470476865768433
0, 708, 365, 29, 29, 0.8463879823684692
0, 110, 522, 32, 35, 0.841733455657959
0, 585, 520, 28, 28, 0.840840756893158
0, 320, 98, 26, 29, 0.8401549458503723
0, 523, 317, 25, 29, 0.8361258506774902
0, 429, 371, 25, 27, 0.8323932886123657
0, 430, 511, 26, 26, 0.8316919207572937
0, 634, 150, 30, 30, 0.8311063051223755
0, 627, 221, 33, 30, 0.82992023229599
0, 463, 517, 32, 26, 0.8295958638191223
0, 433, 112, 27, 30, 0.8294442892074585
0, 518, 351, 29, 32, 0.8277077674865723
0, 25, 38, 27, 24, 0.8257257342338562
0, 470, 443, 29, 30, 0.8234659433364868
0, 659, 47, 28, 29, 0.822610080242157
0, 315, 51, 25, 24, 0.8220933079719543
0, 110, 253, 25, 29, 0.8212733268737793
0, 421, 335, 25, 30, 0.8204280138015747
0, 158, 109, 26, 29, 0.8186438083648682
0, 283, 452, 31, 29, 0.8184561133384705
0, 664, 259, 26, 27, 0.8143298625946045
0, 507, 37, 26, 32, 0.8133799433708191
0, 654, 380, 29, 26, 0.8122634887695312
0, 19, 443, 26, 31, 0.811150074005127
0, 191, 78, 27, 32, 0.8107652068138123
0, 376, 30, 30, 33, 0.8087782263755798
0, 315, 297, 27, 29, 0.806265652179718
0, 461, 57, 26, 30, 0.8058919906616211
0, 479, 347, 26, 29, 0.802559494972229
0, 317, 352, 22, 26, 0.8012452721595764
0, 71, 194, 29, 30, 0.8000308275222778
0, 117, 218, 32, 29, 0.7968599200248718
0, 286, 102, 25, 37, 0.7920849919319153
0, 567, 310, 25, 31, 0.7917580008506775
0, 210, 403, 25, 28, 0.7913586497306824
0, 514, 220, 34, 34, 0.7903728485107422
0, 118, 368, 32, 29, 0.7898999452590942
0, 192, 260, 34, 34, 0.787880003452301
0, 214, 48, 32, 33, 0.7878618836402893
0, 616, 188, 29, 27, 0.7840502262115479
0, 95, 163, 24, 29, 0.783930242061615
0, 714, 393, 29, 30, 0.7814964652061462
0, 654, 534, 30, 26, 0.779034435749054
0, 111, 136, 22, 29, 0.7788124680519104
0, 594, 432, 29, 28, 0.7735341191291809
0, 512, 468, 28, 30, 0.7732961773872375
0, 10, 253, 21, 35, 0.7710574269294739
0, 588, 331, 29, 28, 0.7706294059753418
0, 521, 96, 25, 31, 0.7703403830528259
0, 545, 417, 29, 31, 0.7679439187049866
0, 157, 358, 22, 24, 0.7678455114364624
0, 372, 406, 27, 32, 0.7656731605529785
0, 646, 318, 25, 32, 0.76497483253479
0, 163, 235, 33, 27, 0.7643632292747498
0, 690, 340, 28, 35, 0.760702908039093
0, 73, 70, 23, 32, 0.7600691914558411
0, 438, 189, 26, 27, 0.7594395279884338
0, 241, 398, 26, 30, 0.758515477180481
0, 300, 380, 17, 19, 0.7551891207695007
0, 543, 305, 24, 32, 0.7512081861495972
0, 354, 534, 28, 32, 0.7488234639167786
0, 589, 187, 22, 26, 0.746873140335083
0, 175, 461, 32, 30, 0.7421081066131592
0, 702, 153, 36, 27, 0.7389414310455322
0, 360, 117, 26, 27, 0.7374394536018372
0, 360, 460, 24, 28, 0.7367148995399475
0, 324, 504, 27, 24, 0.7292850613594055
0, 356, 217, 35, 29, 0.7275419235229492
0, 194, 526, 28, 31, 0.7210909128189087
0, 293, 179, 22, 26, 0.720590353012085
0, 150, 54, 31, 37, 0.719639778137207
0, 467, 296, 27, 27, 0.7177062630653381
0, 455, 218, 24, 27, 0.7160111665725708
0, 391, 232, 24, 26, 0.7127829194068909
0, 241, 144, 22, 25, 0.7119806408882141
0, 624, 301, 25, 32, 0.7091555595397949
0, 486, 120, 28, 31, 0.7074314951896667
0, 567, 164, 24, 23, 0.7002202868461609
0, 190, 129, 19, 21, 0.7002193927764893
0, 719, 31, 26, 34, 0.6967884302139282
0, 23, 102, 26, 29, 0.6945713758468628
0, 342, 78, 27, 27, 0.6937942504882812
0, 50, 58, 24, 27, 0.693396270275116
0, 527, 140, 25, 26, 0.6931627988815308
0, 12, 510, 25, 33, 0.690014660358429
0, 51, 366, 29, 31, 0.6851253509521484
0, 723, 121, 23, 30, 0.6846744418144226
0, 125, 25, 24, 29, 0.6843703389167786
0, 726, 88, 17, 33, 0.6817256808280945
0, 432, 76, 24, 28, 0.6781274080276489
0, 329, 442, 37, 38, 0.6710476279258728
0, 278, 356, 24, 30, 0.6706335544586182
0, 89, 116, 23, 28, 0.6630756855010986
0, 366, 510, 24, 25, 0.6585564613342285
0, 280, 303, 24, 20, 0.6562942862510681
0, 709, 525, 28, 20, 0.6529989242553711
0, 169, 379, 32, 27, 0.6512196063995361
0, 338, 387, 29, 29, 0.6455198526382446
0, 269, 223, 27, 28, 0.6422404646873474
0, 565, 211, 26, 26, 0.6402308940887451
0, 393, 523, 33, 32, 0.630660355091095
0, 218, 102, 24, 26, 0.6290865540504456
0, 53, 539, 21, 26, 0.6213052272796631
0, 554, 518, 29, 31, 0.6191883683204651
0, 67, 142, 27, 28, 0.6177725195884705
0, 114, 337, 23, 28, 0.6176176071166992
0, 585, 291, 25, 29, 0.6167383790016174
0, 62, 12, 27, 24, 0.6162877678871155
0, 217, 247, 20, 26, 0.6107802987098694
0, 57, 110, 22, 20, 0.6089550256729126
0, 304, 252, 28, 30, 0.6025235056877136
0, 629, 499, 26, 26, 0.5944337248802185
0, 168, 177, 30, 34, 0.5912041068077087
0, 216, 190, 33, 36, 0.5870437622070312
0, 152, 329, 19, 24, 0.5840262770652771
0, 114, 467, 51, 57, 0.582134485244751
0, 236, 21, 19, 26, 0.5813541412353516
0, 384, 195, 19, 22, 0.5719605088233948
0, 44, 370, 53, 59, 0.5707759261131287
0, 143, 401, 27, 25, 0.5705483555793762
0, 8, 116, 17, 26, 0.5662775635719299
0, 140, 544, 28, 23, 0.5661923289299011
0, 728, 517, 13, 25, 0.5609661340713501
0, 542, 212, 24, 32, 0.5459969639778137
0, 379, 140, 27, 25, 0.543263852596283
0, 630, 524, 25, 30, 0.5327759981155396
0, 730, 484, 9, 32, 0.5305198431015015
0, 305, 489, 33, 26, 0.5225138068199158
0, 461, 406, 38, 25, 0.5157049894332886
0, 250, 73, 21, 24, 0.5089121460914612
0, 157, 495, 26, 29, 0.49624553322792053
0, 643, 409, 18, 24, 0.49154675006866455
0, 91, 429, 36, 32, 0.49137094616889954
0, 495, 401, 27, 27, 0.4819815754890442
0, 26, 231, 28, 33, 0.47684502601623535
0, 432, 250, 25, 25, 0.4753858745098114
0, 730, 444, 10, 26, 0.47291842103004456
0, 663, 135, 26, 22, 0.46494415402412415
0, 370, 79, 28, 33, 0.4577113687992096
0, 382, 346, 22, 22, 0.45639774203300476
0, 405, 381, 30, 33, 0.4441816210746765
0, 473, 385, 25, 19, 0.4333222806453705
0, 676, 158, 24, 21, 0.42326483130455017
0, 694, 463, 25, 26, 0.4224618971347809
0, 576, 405, 21, 22, 0.41936010122299194
0, 640, 443, 30, 26, 0.41523224115371704
0, 80, 544, 25, 22, 0.4139154851436615
0, 445, 33, 25, 25, 0.39538756012916565
3, 55, 487, 71, 73, 0.38399404287338257
0, 5, 161, 11, 36, 0.38029420375823975
0, 238, 255, 25, 34, 0.3742213547229767
3, 618, 106, 145, 120, 0.37315472960472107
0, 54, 487, 71, 73, 0.3707696199417114
0, 106, 391, 25, 21, 0.3590589463710785
0, 563, 40, 23, 32, 0.35331010818481445
0, 698, 227, 31, 27, 0.34677091240882874
0, 570, 399, 33, 36, 0.34028053283691406
0, 327, 194, 25, 30, 0.3309800922870636
0, 499, 531, 22, 20, 0.32755330204963684
0, 335, 133, 28, 25, 0.32447537779808044
0, 679, 343, 47, 42, 0.31935998797416687
0, 629, 513, 29, 52, 0.3075405955314636
1, 142, 401, 26, 24, 0.3026447296142578
0, 587, 475, 27, 42, 0.28845465183258057
0, 408, 47, 30, 36, 0.2864888310432434
0, 181, 340, 33, 40, 0.27245935797691345
0, 240, 214, 24, 24, 0.2673971951007843
0, 544, 257, 31, 33, 0.26695477962493896
0, 550, 27, 25, 52, 0.26104533672332764
0, 672, 108, 29, 34, 0.26098620891571045
0, 705, 544, 28, 21, 0.2417585849761963
0, 15, 108, 12, 20, 0.23845531046390533
0, 509, 171, 25, 25, 0.2318107783794403
0, 223, 324, 21, 21, 0.2286599576473236
0, 701, 530, 42, 32, 0.19607391953468323
0, 328, 325, 40, 29, 0.19303180277347565
0, 625, 400, 23, 23, 0.18109163641929626
0, 658, 215, 24, 27, 0.18101158738136292
0, 540, 165, 21, 22, 0.1716540902853012
0, 523, 544, 20, 19, 0.16661706566810608
0, 55, 501, 35, 37, 0.1647716909646988
0, 246, 67, 30, 35, 0.1618407815694809
0, 342, 355, 22, 20, 0.15883344411849976
0, 296, 386, 24, 24, 0.14963090419769287
0, 11, 230, 22, 43, 0.13814878463745117
0, 283, 343, 32, 32, 0.13803096115589142
0, 9, 485, 19, 28, 0.1365034580230713
0, 185, 419, 27, 27, 0.13490669429302216
0, 360, 440, 25, 24, 0.1289484202861786
0, 556, 544, 27, 19, 0.12491181492805481
0, 140, 512, 17, 23, 0.12451965361833572
0, 11, 182, 23, 31, 0.12223635613918304
0, 683, 280, 49, 44, 0.11806543916463852
0, 671, 435, 18, 27, 0.1176680475473404
0, 608, 386, 19, 22, 0.11189534515142441
0, 702, 422, 39, 32, 0.11186063289642334
0, 38, 282, 22, 24, 0.11151836067438126
0, 51, 121, 35, 41, 0.10703250765800476
0, 726, 324, 19, 34, 0.10698720067739487
0, 43, 208, 21, 24, 0.10408519208431244
0, 531, 42, 29, 46, 0.10088283568620682
0, 134, 426, 25, 27, 0.08783692866563797
0, 588, 343, 34, 51, 0.08539878576993942
0, 573, 411, 27, 38, 0.08380328118801117
0, 10, 343, 21, 36, 0.08213365823030472
0, 637, 405, 27, 29, 0.07931724935770035
0, 335, 448, 24, 27, 0.0753433108329773
0, 522, 33, 49, 60, 0.07429760694503784
0, 627, 471, 20, 20, 0.06870301812887192
0, 464, 397, 45, 45, 0.0676157996058464
0, 678, 120, 42, 35, 0.0668301060795784
0, 7, 281, 14, 27, 0.06663168966770172
0, 356, 485, 27, 20, 0.06243161857128143
0, 683, 273, 35, 28, 0.06242486834526062
0, 130, 423, 38, 38, 0.06098214164376259
0, 215, 132, 18, 17, 0.05940121412277222
0, 41, 131, 14, 19, 0.059174545109272
0, 732, 44, 6, 49, 0.05738850310444832
0, 274, 532, 17, 19, 0.05738508701324463
0, 51, 344, 40, 24, 0.0570237897336483
0, 144, 326, 33, 32, 0.05676930025219917
0, 326, 545, 29, 18, 0.0562615692615509
0, 498, 505, 31, 28, 0.05507420748472214
0, 4, 426, 8, 43, 0.05449674278497696
3, 115, 468, 50, 59, 0.05059666931629181
0, 49, 296, 48, 55, 0.049740735441446304
0, 620, 473, 34, 26, 0.049294229596853256
0, 582, 302, 34, 46, 0.046559400856494904
0, 382, 102, 15, 12, 0.04516596719622612
0, 164, 497, 49, 40, 0.044054701924324036
0, 436, 29, 42, 36, 0.043360043317079544
0, 643, 349, 18, 18, 0.04301869496703148
0, 530, 133, 34, 41, 0.041881121695041656
0, 428, 432, 33, 37, 0.041771408170461655
0, 491, 533, 37, 24, 0.04167736694216728
0, 190, 302, 28, 25, 0.04086550325155258
0, 268, 533, 30, 24, 0.04070324823260307
0, 609, 92, 37, 50, 0.03989138454198837
0, 228, 19, 32, 30, 0.03932148590683937
0, 688, 532, 20, 27, 0.037767451256513596
0, 729, 497, 12, 54, 0.03665034472942352
3, 704, 56, 62, 105, 0.0358959324657917
0, 228, 253, 48, 39, 0.03589223697781563
0, 690, 124, 22, 27, 0.03543552756309509
3, 46, 298, 63, 65, 0.03543012589216232
0, 378, 518, 47, 36, 0.0346527174115181
0, 657, 312, 52, 45, 0.03446139395236969
0, 46, 284, 40, 31, 0.0343136303126812
0, 573, 95, 49, 78, 0.03407524898648262
0, 47, 130, 27, 27, 0.03293387591838837
0, 723, 359, 25, 27, 0.032564956694841385
0, 63, 280, 22, 22, 0.03216157481074333
0, 543, 334, 19, 24, 0.03035001829266548
0, 726, 247, 19, 26, 0.029803302139043808
0, 624, 391, 41, 40, 0.02946375124156475
0, 106, 340, 38, 34, 0.02876688912510872
0, 396, 175, 18, 23, 0.02858094498515129
0, 474, 529, 52, 47, 0.02841329574584961
0, 627, 15, 23, 27, 0.02803850919008255
0, 655, 207, 31, 40, 0.028007902204990387
0, 608, 471, 21, 26, 0.027408216148614883
0, 729, 432, 12, 50, 0.026920340955257416
0, 725, 290, 20, 28, 0.025971369817852974
0, 360, 69, 47, 49, 0.02595694176852703
0, 186, 328, 36, 44, 0.02554209716618061
0, 84, 365, 26, 31, 0.025170519948005676
0, 8, 403, 17, 59, 0.024636903777718544
0, 542, 356, 29, 27, 0.024532420560717583
