0, 104, 66, 36, 36, 0.5590311288833618
0, 739, 201, 26, 28, 0.3830892741680145
0, 630, 495, 26, 24, 0.3133039176464081
0, 498, 180, 35, 29, 0.32291051745414734
0, 50, 119, 22, 27, 0.3585190176963806
0, 342, 138, 34, 32, 0.40144914388656616
0, 342, 138, 34, 32, 0.40144914388656616
0, 739, 201, 26, 28, 0.3830892741680145
0, 498, 180, 35, 29, 0.32291051745414734
0, 630, 495, 26, 24, 0.3133039176464081
0, 630, 495, 26, 24, 0.3133039176464081
0, 669, 470, 26, 26, 0.37564289569854736
0, 224, 565, 29, 26, 0.32290756702423096
0, 50, 119, 22, 27, 0.3585190176963806
0, 498, 180, 35, 29, 0.32291051745414734
0, 50, 119, 22, 27, 0.3585190176963806
0, 224, 565, 29, 26, 0.32290756702423096
0, 231, 242, 24, 30, 0.31349727511405945
0, 739, 201, 26, 28, 0.3830892741680145
0, 580, 479, 32, 29, 0.3190031051635742
0, 739, 201, 26, 28, 0.3830892741680145
0, 342, 138, 34, 32, 0.40144914388656616
0, 342, 138, 34, 32, 0.40144914388656616
0, 50, 119, 22, 27, 0.3585190176963806
0, 231, 242, 24, 30, 0.31349727511405945
0, 498, 180, 35, 29, 0.32291051745414734
0, 630, 495, 26, 24, 0.3133039176464081
0, 482, 392, 25, 27, 0.33714866638183594
0, 224, 565, 29, 26, 0.32290756702423096
0, 224, 565, 29, 26, 0.32290756702423096
0, 239, 118, 34, 26, 0.31219664216041565
0, 482, 392, 25, 27, 0.33714866638183594
0, 669, 470, 26, 26, 0.37564289569854736
0, 669, 470, 26, 26, 0.37564289569854736
0, 669, 470, 26, 26, 0.37564289569854736
0, 239, 118, 34, 26, 0.31219664216041565
0, 239, 118, 34, 26, 0.31219664216041565
0, 239, 118, 34, 26, 0.31219664216041565
0, 580, 479, 32, 29, 0.3190031051635742
0, 705, 153, 31, 40, 0.31405070424079895
0, 705, 153, 31, 40, 0.31405070424079895
