0, 13, 647, 20, 22, 0.3454262316226959
0, 804, 438, 24, 22, 0.30217593908309937
0, 776, 133, 22, 23, 0.48661160469055176
0, 196, 683, 24, 22, 0.3201903998851776
0, 510, 533, 22, 29, 0.38586875796318054
0, 76, 632, 28, 24, 0.3098464906215668
0, 76, 632, 28, 24, 0.3098464906215668
0, 76, 632, 28, 24, 0.3098464906215668
0, 930, 69, 24, 20, 0.37006470561027527
0, 531, 552, 25, 24, 0.3441583514213562
0, 59, 688, 22, 22, 0.4733358919620514
0, 531, 552, 25, 24, 0.3441583514213562
0, 59, 688, 22, 22, 0.4733358919620514
0, 531, 552, 25, 24, 0.3441583514213562
0, 510, 533, 22, 29, 0.38586875796318054
0, 531, 552, 25, 24, 0.3441583514213562
0, 103, 597, 23, 25, 0.3270585238933563
0, 510, 533, 22, 29, 0.38586875796318054
0, 930, 69, 24, 20, 0.37006470561027527
0, 510, 533, 22, 29, 0.38586875796318054
0, 501, 770, 22, 25, 0.3359535336494446
0, 501, 770, 22, 25, 0.3359535336494446
0, 103, 597, 23, 25, 0.3270585238933563
0, 930, 69, 24, 20, 0.37006470561027527
0, 930, 69, 24, 20, 0.37006470561027527
0, 558, 580, 28, 29, 0.42726194858551025
0, 80, 482, 30, 23, 0.43380075693130493
0, 80, 482, 30, 23, 0.43380075693130493
0, 80, 482, 30, 23, 0.43380075693130493
0, 80, 482, 30, 23, 0.43380075693130493
