0, 59.0, 177.0, 21.0, 21.0, 0.46385449171066284
0, 20.0, 82.0, 26.0, 20.0, 0.42153486609458923
0, 11.0, 134.0, 17.0, 15.0, 0.3964756727218628
0, 248.0, 432.0, 21.0, 24.0, 0.3923458158969879
0, 383.0, 214.0, 22.0, 19.0, 0.37365368008613586
0, 391.0, 243.0, 18.0, 17.0, 0.33735737204551697
0, 144.0, 466.0, 18.0, 19.0, 0.3372241258621216
0, 24.0, 347.0, 19.0, 17.0, 0.32233449816703796
0, 323.0, 235.0, 17.0, 19.0, 0.3108851909637451
0, 180.0, 318.0, 18.0, 18.0, 0.3090255856513977
0, 441.0, 27.0, 18.0, 18.0, 0.29921308159828186
0, 266.0, 446.0, 17.0, 17.0, 0.29687824845314026
0, 572.0, 399.0, 26.0, 26.0, 0.2923215329647064
0, 200.0, 206.0, 19.0, 18.0, 0.2920801341533661
0, 508.0, 134.0, 20.0, 17.0, 0.28814440965652466
0, 15.0, 155.0, 17.0, 15.0, 0.2848464250564575
0, 84.0, 548.0, 19.0, 20.0, 0.27996549010276794
0, 208.0, 185.0, 19.0, 17.0, 0.26090478897094727
0, 348.0, 278.0, 21.0, 17.0, 0.2605384290218353
0, 358.0, 294.0, 20.0, 17.0, 0.252753883600235
0, 489.0, 345.0, 19.0, 16.0, 0.24187591671943665
0, 182.0, 401.0, 19.0, 18.0, 0.24167580902576447
0, 107.0, 623.0, 21.0, 18.0, 0.24013961851596832
0, 77.0, 4.0, 20.0, 8.0, 0.2385699450969696
0, 371.0, 239.0, 17.0, 18.0, 0.23638196289539337
0, 197.0, 283.0, 18.0, 18.0, 0.2326248586177826
0, 585.0, 112.0, 16.0, 15.0, 0.23190587759017944
0, 939.0, 11.0, 15.0, 16.0, 0.22692543268203735
0, 886.0, 236.0, 18.0, 17.0, 0.22691115736961365
0, 158.0, 447.0, 18.0, 22.0, 0.22636091709136963
0, 625.0, 26.0, 16.0, 16.0, 0.22546912729740143
0, 76.0, 115.0, 17.0, 16.0, 0.22487428784370422
0, 10.0, 180.0, 17.0, 15.0, 0.22413286566734314
0, 176.0, 527.0, 19.0, 15.0, 0.22381028532981873
0, 659.0, 315.0, 17.0, 19.0, 0.2230687141418457
0, 484.0, 151.0, 19.0, 14.0, 0.22280865907669067
0, 574.0, 67.0, 21.0, 18.0, 0.22244450449943542
0, 834.0, 371.0, 17.0, 22.0, 0.2209310680627823
0, 573.0, 99.0, 20.0, 16.0, 0.22016641497612
0, 339.0, 244.0, 15.0, 15.0, 0.21835006773471832
0, 601.0, 46.0, 14.0, 17.0, 0.21744371950626373
0, 266.0, 167.0, 17.0, 18.0, 0.21733683347702026
0, 471.0, 44.0, 16.0, 15.0, 0.21308821439743042
0, 21.0, 434.0, 19.0, 17.0, 0.20810508728027344
0, 487.0, 748.0, 22.0, 24.0, 0.2076147198677063
0, 167.0, 488.0, 19.0, 21.0, 0.20581333339214325
0, 663.0, 7.0, 17.0, 14.0, 0.2051563411951065
0, 406.0, 257.0, 18.0, 17.0, 0.2031089961528778
0, 95.0, 14.0, 17.0, 16.0, 0.2006758749485016
