0, 562.0, 277.0, 21.0, 19.0, 0.7599050402641296
0, 153.0, 418.0, 21.0, 22.0, 0.7135785818099976
0, 474.0, 409.0, 21.0, 20.0, 0.6803039908409119
0, 127.0, 227.0, 18.0, 14.0, 0.6757791042327881
0, 309.0, 192.0, 16.0, 15.0, 0.6495676040649414
0, 468.0, 272.0, 21.0, 18.0, 0.623031735420227
0, 98.0, 138.0, 17.0, 16.0, 0.6087337732315063
0, 236.0, 352.0, 21.0, 18.0, 0.6081923246383667
0, 958.0, 11.0, 24.0, 21.0, 0.6081796288490295
0, 60.0, 195.0, 19.0, 17.0, 0.595592737197876
0, 373.0, 87.0, 21.0, 16.0, 0.583818793296814
0, 161.0, 270.0, 19.0, 16.0, 0.5775946378707886
0, 349.0, 115.0, 18.0, 17.0, 0.5514759421348572
0, 259.0, 498.0, 18.0, 14.0, 0.5507232546806335
0, 60.0, 925.0, 24.0, 23.0, 0.5301751494407654
0, 867.0, 565.0, 18.0, 20.0, 0.5288779139518738
0, 113.0, 126.0, 18.0, 15.0, 0.5268732309341431
0, 570.0, 226.0, 20.0, 19.0, 0.5267131328582764
0, 105.0, 529.0, 19.0, 18.0, 0.522201418876648
0, 984.0, 860.0, 17.0, 15.0, 0.520868718624115
0, 232.0, 371.0, 19.0, 15.0, 0.5208685398101807
0, 102.0, 83.0, 16.0, 21.0, 0.5185083746910095
0, 187.0, 474.0, 16.0, 16.0, 0.5134913921356201
0, 125.0, 198.0, 18.0, 15.0, 0.5098580121994019
0, 316.0, 560.0, 19.0, 16.0, 0.5076247453689575
0, 304.0, 177.0, 15.0, 15.0, 0.5061004161834717
0, 189.0, 273.0, 18.0, 15.0, 0.504279613494873
