0, 360, 633, 1, 4, 0.0004537686181720346
0, 563, 390, 1, 4, 0.0004537351196631789
0, 556, 392, 1, 3, 0.00045336480252444744
0, 362, 641, 1, 4, 0.00045329585555009544
0, 367, 601, 1, 3, 0.0004532154998742044
0, 553, 402, 1, 3, 0.0004532131424639374
0, 363, 595, 1, 4, 0.00045289634726941586
0, 475, 844, 1, 4, 0.0004528065910562873
0, 551, 357, 1, 4, 0.00045278004836291075
0, 488, 732, 1, 4, 0.000452537729870528
0, 450, 728, 1, 4, 0.0004525099357124418
0, 685, 482, 1, 4, 0.0004524325195234269
0, 417, 726, 1, 3, 0.0004523818497546017
0, 395, 757, 0, 3, 0.0004523620009422302
0, 220, 314, 1, 3, 0.0004523570532910526
0, 538, 742, 1, 4, 0.00045235230936668813
0, 357, 752, 1, 3, 0.000452351407147944
0, 475, 869, 1, 4, 0.00045229907846078277
0, 531, 739, 1, 4, 0.00045226325164549053
0, 494, 738, 1, 4, 0.00045225161011330783
0, 415, 705, 1, 4, 0.000452248816145584
0, 689, 533, 1, 4, 0.0004522416857071221
0, 429, 739, 1, 3, 0.0004522344097495079
0, 399, 758, 1, 4, 0.00045220853644423187
0, 551, 346, 1, 3, 0.00045218892046250403
0, 412, 720, 1, 4, 0.0004521580704022199
0, 229, 328, 1, 4, 0.000452115637017414
0, 682, 489, 1, 4, 0.0004521108930930495
0, 831, 763, 1, 3, 0.0004520863003563136
0, 374, 670, 1, 3, 0.00045202209730632603
0, 669, 539, 1, 4, 0.00045201482134871185
0, 693, 539, 1, 4, 0.0004519790527410805
0, 685, 494, 1, 4, 0.0004519630747381598
0, 464, 755, 1, 3, 0.0004519576905295253
0, 364, 669, 1, 4, 0.00045193854020908475
0, 601, 716, 1, 4, 0.00045192279503680766
0, 574, 768, 1, 4, 0.0004519069043453783
0, 670, 527, 1, 3, 0.0004518984642345458
0, 542, 768, 1, 3, 0.0004518945643212646
0, 510, 869, 1, 4, 0.000451874133432284
0, 368, 676, 1, 4, 0.00045186810893937945
0, 802, 406, 1, 4, 0.0004518601344898343
0, 603, 757, 1, 3, 0.0004518513160292059
0, 571, 828, 1, 3, 0.0004517531197052449
0, 500, 754, 1, 4, 0.0004517466586548835
0, 793, 756, 1, 3, 0.0004517201450653374
0, 522, 705, 1, 4, 0.0004517158668022603
0, 451, 765, 1, 4, 0.0004517156630754471
0, 832, 768, 2, 8, 0.0004517092020250857
0, 856, 742, 1, 3, 0.00045169927761889994
0, 600, 707, 1, 4, 0.00045166932977735996
0, 388, 596, 1, 4, 0.000451627594884485
0, 667, 517, 1, 3, 0.00045159144792705774
0, 968, 566, 1, 3, 0.0004515735781751573
0, 655, 490, 1, 3, 0.0004515720356721431
0, 532, 765, 1, 3, 0.0004515666514635086
0, 594, 705, 1, 3, 0.0004515204345807433
0, 351, 714, 1, 4, 0.0004514272150117904
0, 354, 581, 1, 4, 0.0004514124011620879
0, 645, 487, 1, 3, 0.00045140981092117727
0, 241, 304, 1, 4, 0.00045136979315429926
0, 656, 502, 1, 3, 0.00045135582331568
0, 515, 682, 1, 4, 0.0004513506719376892
0, 243, 291, 1, 4, 0.00045131793012842536
0, 657, 514, 1, 3, 0.0004513078310992569
0, 331, 744, 1, 3, 0.00045129749923944473
0, 230, 277, 1, 4, 0.0004512835294008255
0, 557, 443, 0, 3, 0.0004512833256740123
0, 428, 766, 1, 4, 0.00045127130579203367
0, 509, 813, 1, 3, 0.0004512237792368978
0, 643, 428, 1, 4, 0.00045113812666386366
0, 673, 580, 1, 4, 0.00045112267252989113
0, 844, 791, 1, 3, 0.00045111667714081705
0, 246, 333, 1, 4, 0.00045103838783688843
0, 464, 702, 1, 4, 0.0004510229337029159
0, 641, 394, 1, 4, 0.00045102054718881845
0, 570, 702, 1, 3, 0.0004510018334258348
0, 506, 880, 1, 4, 0.0004509992431849241
0, 808, 340, 0, 3, 0.0004509988648351282
0, 704, 552, 1, 3, 0.0004509934806264937
0, 243, 278, 1, 4, 0.0004509827122092247
0, 462, 692, 1, 4, 0.0004509702557697892
0, 618, 763, 1, 3, 0.00045092919026501477
0, 644, 392, 1, 4, 0.0004509272694122046
0, 518, 652, 1, 3, 0.00045092595973983407
0, 353, 781, 1, 3, 0.00045092595973983407
0, 627, 393, 1, 4, 0.0004509122227318585
0, 794, 365, 1, 3, 0.00045087936450727284
0, 956, 552, 1, 3, 0.0004508627753239125
0, 344, 714, 1, 4, 0.00045086085447110236
0, 655, 576, 1, 3, 0.00045086065074428916
0, 268, 458, 1, 4, 0.00045083463191986084
0, 329, 579, 1, 3, 0.00045082884025759995
0, 665, 440, 1, 3, 0.0004508245619945228
0, 551, 319, 1, 4, 0.00045081207645125687
0, 205, 277, 1, 3, 0.00045080046402290463
0, 429, 392, 1, 3, 0.0004507949051912874
0, 607, 391, 1, 3, 0.0004507792182266712
0, 778, 626, 1, 3, 0.00045077127288095653
0, 743, 714, 1, 4, 0.0004507375415414572
0, 956, 543, 1, 3, 0.00045071885688230395
0, 828, 790, 1, 4, 0.0004506559344008565
0, 776, 791, 1, 4, 0.0004506543918978423
0, 441, 669, 1, 3, 0.0004506169934757054
0, 424, 421, 1, 4, 0.00045059018884785473
0, 353, 565, 1, 3, 0.00045058393152430654
0, 321, 714, 1, 3, 0.0004504724929574877
0, 814, 342, 1, 4, 0.00045045168371871114
0, 617, 516, 1, 3, 0.0004503851232584566
0, 564, 306, 1, 3, 0.00045038125244900584
0, 356, 816, 1, 4, 0.000450376101071015
0, 240, 270, 1, 3, 0.00045037094969302416
0, 303, 488, 1, 4, 0.00045036367373541
0, 368, 842, 1, 4, 0.0004503546515479684
0, 583, 841, 1, 3, 0.0004503106465563178
0, 292, 731, 1, 4, 0.0004502973461057991
0, 195, 278, 1, 3, 0.00045024219434708357
0, 440, 793, 1, 4, 0.00045023916754871607
0, 229, 268, 1, 3, 0.00045019903336651623
0, 256, 466, 1, 4, 0.0004501709481701255
0, 342, 438, 1, 4, 0.00045015549403615296
0, 792, 656, 1, 3, 0.0004501297662500292
0, 599, 679, 1, 4, 0.00045011602924205363
0, 343, 462, 1, 4, 0.00045007248991169035
0, 843, 714, 1, 4, 0.0004500578506849706
0, 783, 300, 1, 3, 0.0004500458890106529
0, 817, 380, 1, 3, 0.00044993372284807265
0, 732, 491, 1, 3, 0.0004499332862906158
0, 402, 418, 1, 4, 0.00044989422895014286
0, 328, 767, 1, 4, 0.00044987600995227695
0, 640, 368, 1, 3, 0.00044986765715293586
0, 304, 754, 1, 4, 0.00044980974053032696
0, 454, 403, 1, 3, 0.0004497726622503251
0, 318, 417, 1, 3, 0.0004497405025176704
0, 403, 389, 1, 4, 0.0004496989422477782
0, 234, 267, 2, 7, 0.00044968072324991226
0, 904, 603, 1, 3, 0.00044966486166231334
0, 762, 596, 1, 3, 0.00044964152039028704
0, 829, 383, 1, 4, 0.000449640880106017
0, 981, 614, 1, 4, 0.00044963997788727283
0, 894, 599, 1, 3, 0.0004496258625295013
0, 467, 430, 1, 4, 0.0004496228648349643
0, 374, 557, 1, 4, 0.0004496136389207095
0, 765, 806, 1, 4, 0.00044961171806789935
0, 69, 600, 1, 3, 0.00044960208470001817
0, 30, 832, 1, 4, 0.0004495705652516335
0, 693, 650, 1, 4, 0.0004495600878726691
0, 675, 378, 1, 4, 0.0004495454777497798
0, 905, 616, 1, 4, 0.0004495433531701565
0, 387, 565, 2, 7, 0.0004494722234085202
0, 814, 354, 1, 4, 0.0004494276945479214
0, 319, 690, 1, 4, 0.000449419574579224
0, 681, 641, 1, 3, 0.00044940412044525146
0, 781, 292, 1, 4, 0.00044938421342521906
0, 269, 541, 1, 4, 0.00044935461482964456
0, 645, 763, 1, 3, 0.0004493516171351075
0, 613, 669, 1, 4, 0.0004493353480938822
0, 829, 355, 1, 4, 0.00044933450408279896
0, 468, 441, 1, 4, 0.0004493289452511817
0, 439, 329, 1, 3, 0.0004492265870794654
0, 287, 696, 1, 4, 0.00044918034109286964
0, 18, 740, 0, 3, 0.0004491704748943448
0, 265, 605, 1, 3, 0.000449135375674814
0, 18, 729, 1, 3, 0.00044912402518093586
0, 381, 356, 1, 3, 0.000449034123448655
0, 281, 681, 1, 3, 0.0004490333085414022
0, 169, 619, 0, 3, 0.00044901829096488655
0, 341, 856, 1, 4, 0.0004489609564188868
0, 267, 402, 1, 4, 0.00044891686411574483
0, 752, 606, 1, 4, 0.00044890338904224336
0, 757, 611, 1, 3, 0.0004488892445806414
0, 539, 478, 1, 4, 0.00044888030970469117
0, 838, 355, 1, 4, 0.0004488681151997298
0, 275, 430, 1, 4, 0.00044885993702337146
0, 803, 819, 1, 4, 0.00044882914517074823
0, 943, 503, 1, 3, 0.00044882530346512794
0, 30, 779, 1, 3, 0.0004487782425712794
0, 515, 892, 1, 4, 0.00044877524487674236
0, 414, 451, 1, 4, 0.00044876604806631804
0, 832, 366, 2, 7, 0.0004487544938456267
0, 366, 382, 1, 4, 0.0004487282130867243
0, 56, 587, 1, 3, 0.00044866488315165043
0, 244, 503, 1, 3, 0.00044864052324555814
0, 745, 601, 1, 3, 0.0004486280959099531
0, 18, 767, 0, 3, 0.00044860862544737756
0, 203, 680, 1, 4, 0.0004486076068133116
0, 91, 606, 1, 4, 0.00044858254841528833
0, 806, 128, 1, 4, 0.00044851028360426426
0, 303, 781, 1, 4, 0.0004485058307182044
0, 170, 638, 1, 3, 0.0004485034733079374
0, 892, 844, 1, 3, 0.0004484852834139019
0, 417, 880, 1, 4, 0.00044846604578197
0, 344, 866, 1, 3, 0.0004484468372538686
0, 929, 602, 1, 3, 0.00044844148214906454
0, 404, 451, 1, 4, 0.0004484002129174769
0, 204, 690, 1, 4, 0.00044838013127446175
0, 617, 116, 1, 4, 0.00044834509026259184
0, 943, 665, 1, 4, 0.0004482666845433414
0, 306, 791, 1, 4, 0.0004482542572077364
0, 564, 555, 1, 4, 0.0004482459626160562
0, 494, 591, 1, 3, 0.00044823248754255474
0, 942, 626, 1, 3, 0.00044818760943599045
0, 91, 594, 1, 4, 0.00044812995474785566
0, 30, 716, 1, 3, 0.00044809194514527917
0, 671, 326, 1, 3, 0.00044806714868173003
0, 917, 715, 1, 3, 0.0004479546332731843
0, 141, 639, 1, 4, 0.000447910453658551
0, 68, 554, 1, 3, 0.0004479059425648302
0, 551, 106, 1, 4, 0.00044786668149754405
0, 674, 321, 1, 3, 0.00044785707723349333
0, 30, 855, 1, 4, 0.00044773859553970397
0, 905, 490, 1, 4, 0.0004477072216104716
0, 218, 820, 1, 3, 0.0004476914764381945
0, 391, 451, 1, 4, 0.0004476809990592301
0, 854, 869, 1, 4, 0.00044764450285583735
0, 571, 563, 1, 3, 0.000447539787273854
0, 317, 818, 1, 4, 0.0004475318710319698
0, 206, 741, 1, 4, 0.00044752118992619216
0, 777, 456, 1, 4, 0.0004475205787457526
0, 164, 582, 1, 4, 0.00044751414679922163
0, 663, 842, 1, 3, 0.0004475075693335384
0, 778, 568, 1, 3, 0.00044740494922734797
0, 685, 329, 1, 4, 0.0004473676672205329
0, 943, 454, 1, 3, 0.00044732223614118993
0, 503, 478, 1, 4, 0.0004472866130527109
0, 129, 641, 1, 4, 0.00044728408101946115
0, 742, 104, 1, 4, 0.00044714659452438354
0, 231, 500, 1, 4, 0.00044712613453157246
0, 218, 765, 1, 4, 0.00044708928908221424
0, 727, 868, 1, 4, 0.0004468351253308356
0, 230, 764, 1, 4, 0.00044681894360110164
0, 165, 559, 1, 3, 0.000446666672360152
0, 981, 906, 0, 3, 0.00044662581058219075
0, 194, 778, 1, 4, 0.0004465573001652956
0, 92, 566, 1, 4, 0.00044633535435423255
0, 351, 880, 1, 4, 0.00044633258949033916
0, 156, 554, 1, 4, 0.00044596384395845234
0, 869, 287, 1, 3, 0.0004458892217371613
0, 94, 865, 1, 4, 0.00044581532711163163
0, 235, 869, 1, 4, 0.0004456442839000374
0, 281, 140, 1, 4, 0.0004456319729797542
0, 231, 868, 0, 3, 0.00044552452163770795
0, 54, 457, 1, 4, 0.00044548968435265124
0, 79, 218, 2, 7, 0.0004454699519556016
0, 391, 526, 1, 4, 0.00044546060962602496
0, 891, 292, 1, 4, 0.00044545551645569503
0, 845, 879, 1, 3, 0.00044511212036013603
0, 42, 420, 1, 4, 0.00044492605957202613
0, 255, 142, 1, 4, 0.00044485885882750154
0, 727, 881, 1, 4, 0.00044455385068431497
0, 407, 263, 1, 4, 0.00044454814633354545
0, 169, 387, 1, 3, 0.0004442359204404056
0, 155, 356, 1, 4, 0.00044398719910532236
0, 153, 856, 1, 3, 0.00044382872874848545
0, 928, 893, 1, 4, 0.0004437386232893914
0, 181, 539, 1, 4, 0.00044366062502376735
0, 129, 104, 1, 4, 0.0004431669367477298
0, 26, 24, 2, 7, 0.0004431265697348863
0, 829, 181, 1, 4, 0.00044302138849161565
0, 351, 155, 1, 4, 0.00044283876195549965
0, 916, 895, 1, 4, 0.00044276806875132024
0, 144, 801, 1, 3, 0.00044270753278397024
0, 831, 188, 1, 4, 0.000442421471234411
0, 582, 904, 1, 4, 0.00044239911949262023
0, 690, 252, 1, 4, 0.0004423820646479726
0, 116, 489, 1, 4, 0.00044183438876643777
0, 105, 391, 1, 3, 0.00044153816998004913
0, 706, 893, 1, 3, 0.0004413559508975595
0, 79, 169, 2, 7, 0.00044134396011941135
0, 740, 215, 1, 4, 0.0004412028647493571
0, 507, 916, 1, 4, 0.0004411707050167024
0, 94, 777, 1, 3, 0.0004410544061101973
0, 227, 192, 1, 4, 0.00044087599962949753
0, 692, 18, 1, 4, 0.0004407713422551751
0, 341, 178, 1, 3, 0.0004405069339554757
0, 368, 905, 1, 4, 0.0004401140904519707
0, 918, 904, 1, 4, 0.00044009581324644387
0, 474, 918, 1, 4, 0.00043966894736513495
0, 955, 918, 1, 4, 0.0004386943473946303
0, 617, 918, 1, 4, 0.0004383774648886174
0, 881, 903, 1, 4, 0.00043763237772509456
0, 241, 893, 1, 4, 0.000436436093878001
0, 396, 918, 1, 4, 0.0004360310558695346
0, 387, 918, 1, 4, 0.0004355472919996828
0, 930, 918, 1, 4, 0.000435311725595966
0, 510, 930, 1, 4, 0.0004346845671534538
0, 455, 930, 1, 4, 0.0004333122633397579
0, 917, 918, 1, 4, 0.000432649627327919
0, 968, 955, 1, 4, 0.0004324743349570781
0, 655, 931, 1, 4, 0.0004317621933296323
0, 894, 918, 1, 3, 0.00043100101174786687
0, 664, 931, 1, 3, 0.00043070383253507316
0, 684, 931, 1, 4, 0.0004296366241760552
0, 792, 904, 1, 4, 0.0004280156281311065
0, 478, 943, 1, 4, 0.0004276505787856877
0, 229, 906, 1, 4, 0.0004272404476068914
0, 281, 904, 1, 4, 0.00042714434675872326
0, 666, 943, 1, 4, 0.0004258884582668543
0, 689, 943, 1, 4, 0.000422624871134758
0, 867, 931, 1, 4, 0.0004161974065937102
