0 0.540883 0.196742 0.131829 0.076551 0.072060
0 0.465993 0.307493 0.182667 0.131356 0.075656
0 0.239625 0.423459 0.076016 0.089923 0.086675
0 0.191236 0.539900 0.113641 0.138457 0.081427
0 0.681520 0.299486 0.094364 0.065553 0.103824
0 0.146789 0.613111 0.027523 0.026992 0.100396
0 0.167440 0.644118 0.080973 0.064580 0.055840
0 0.292267 0.329049 0.039318 0.032134 0.050316
0 0.703801 0.359897 0.068152 0.048843 0.047128
0 0.381389 0.659383 0.031455 0.034704 0.045130
0 0.549068 0.275820 0.061909 0.053455 0.043425
0 0.359772 0.625541 0.092643 0.168349 0.051823
0 0.300584 0.728299 0.056810 0.078058 0.038876
0 0.153342 0.772494 0.065531 0.105398 0.026301
0 0.699083 0.302729 0.058268 0.056017 0.041767
0 0.250328 0.437018 0.043250 0.043702 0.058532
0 0.807339 0.235219 0.082569 0.064267 0.050216
