0, 929.0, 315.0, 32.0, 29.0, 0.4117095172405243
0, 861.0, 203.0, 28.0, 27.0, 0.33278316259384155
0, 342.0, 138.0, 34.0, 32.0, 0.31923016905784607
0, 933.0, 36.0, 27.0, 21.0, 0.3104032278060913
0, 820.0, 64.0, 26.0, 24.0, 0.2652924954891205
0, 37.0, 70.0, 25.0, 24.0, 0.2541445195674896
0, 178.0, 177.0, 21.0, 22.0, 0.24768811464309692
0, 227.0, 323.0, 25.0, 37.0, 0.24477769434452057
0, 868.0, 620.0, 27.0, 30.0, 0.24373987317085266
0, 113.0, 537.0, 27.0, 27.0, 0.23520848155021667
0, 522.0, 40.0, 33.0, 26.0, 0.2330683171749115
0, 911.0, 233.0, 25.0, 27.0, 0.22663947939872742
0, 878.0, 242.0, 25.0, 23.0, 0.2233954221010208
0, 61.0, 557.0, 30.0, 30.0, 0.2096666693687439
0, 799.0, 54.0, 20.0, 23.0, 0.19214677810668945
0, 261.0, 245.0, 24.0, 24.0, 0.18455231189727783
0, 836.0, 172.0, 27.0, 32.0, 0.18255449831485748
0, 560.0, 341.0, 35.0, 29.0, 0.17402943968772888
0, 304.0, 252.0, 26.0, 24.0, 0.17149992287158966
0, 773.0, 154.0, 22.0, 26.0, 0.17049658298492432
0, 965.0, 6.0, 27.0, 13.0, 0.16918928921222687
0, 884.0, 606.0, 21.0, 24.0, 0.16718018054962158
0, 28.0, 497.0, 33.0, 23.0, 0.15955249965190887
0, 14.0, 672.0, 27.0, 31.0, 0.15805073082447052
0, 974.0, 664.0, 22.0, 21.0, 0.15775880217552185
0, 928.0, 429.0, 24.0, 25.0, 0.15549691021442413
0, 17.0, 580.0, 32.0, 27.0, 0.1546686440706253
0, 708.0, 119.0, 22.0, 28.0, 0.1545090675354004
0, 140.0, 722.0, 32.0, 27.0, 0.1544443666934967
0, 942.0, 796.0, 31.0, 26.0, 0.153536856174469
0, 799.0, 681.0, 27.0, 29.0, 0.14816486835479736
0, 31.0, 21.0, 27.0, 23.0, 0.1369256228208542
0, 63.0, 466.0, 24.0, 22.0, 0.1363101452589035
0, 781.0, 8.0, 24.0, 17.0, 0.13463225960731506
0, 613.0, 5.0, 24.0, 11.0, 0.13371604681015015
0, 51.0, 760.0, 21.0, 27.0, 0.12964391708374023
0, 91.0, 350.0, 19.0, 25.0, 0.12912647426128387
0, 299.0, 91.0, 21.0, 22.0, 0.12756870687007904
0, 151.0, 232.0, 20.0, 24.0, 0.12697260081768036
0, 630.0, 495.0, 28.0, 24.0, 0.1248193308711052
0, 366.0, 276.0, 32.0, 22.0, 0.1245710700750351
0, 265.0, 47.0, 19.0, 20.0, 0.12370710074901581
0, 859.0, 586.0, 28.0, 23.0, 0.12193118780851364
0, 40.0, 177.0, 21.0, 22.0, 0.12168955057859421
0, 970.0, 26.0, 25.0, 20.0, 0.12001485377550125
0, 900.0, 258.0, 23.0, 24.0, 0.11855842173099518
0, 881.0, 346.0, 26.0, 25.0, 0.11819623410701752
0, 487.0, 768.0, 31.0, 28.0, 0.1154274046421051
0, 646.0, 337.0, 35.0, 33.0, 0.11503870040178299
0, 852.0, 274.0, 29.0, 27.0, 0.11246192455291748
0, 797.0, 867.0, 26.0, 24.0, 0.11140938848257065
0, 92.0, 110.0, 22.0, 22.0, 0.1112763062119484
0, 317.0, 213.0, 25.0, 25.0, 0.11114118993282318
0, 936.0, 682.0, 27.0, 24.0, 0.1070462167263031
0, 101.0, 323.0, 25.0, 22.0, 0.10503723472356796
0, 640.0, 118.0, 24.0, 23.0, 0.10329924523830414
0, 624.0, 73.0, 21.0, 25.0, 0.10052892565727234
0, 156.0, 15.0, 26.0, 26.0, 0.09884019196033478
0, 926.0, 953.0, 29.0, 24.0, 0.09869116544723511
0, 155.0, 610.0, 28.0, 20.0, 0.09822722524404526
0, 887.0, 183.0, 24.0, 22.0, 0.09813482314348221
0, 107.0, 771.0, 23.0, 23.0, 0.09494666755199432
0, 738.0, 305.0, 25.0, 20.0, 0.0947422981262207
0, 309.0, 163.0, 26.0, 29.0, 0.09406248480081558
0, 450.0, 444.0, 25.0, 24.0, 0.09292624890804291
0, 926.0, 902.0, 29.0, 26.0, 0.08959145098924637
0, 133.0, 772.0, 22.0, 23.0, 0.08792290836572647
0, 85.0, 484.0, 19.0, 21.0, 0.0854174867272377
0, 765.0, 894.0, 26.0, 26.0, 0.08410001546144485
0, 279.0, 709.0, 29.0, 22.0, 0.08385994285345078
0, 316.0, 314.0, 31.0, 26.0, 0.08361079543828964
0, 470.0, 288.0, 22.0, 16.0, 0.08281160891056061
0, 211.0, 770.0, 29.0, 28.0, 0.08249980956315994
0, 785.0, 791.0, 23.0, 28.0, 0.08242052793502808
0, 903.0, 4.0, 19.0, 8.0, 0.08158323913812637
0, 73.0, 122.0, 17.0, 19.0, 0.08145000040531158
0, 921.0, 110.0, 19.0, 18.0, 0.08141239732503891
0, 130.0, 195.0, 25.0, 21.0, 0.08140543848276138
0, 219.0, 796.0, 24.0, 30.0, 0.0810682401061058
0, 499.0, 674.0, 26.0, 22.0, 0.0797775462269783
0, 571.0, 148.0, 28.0, 24.0, 0.07862486690282822
0, 913.0, 624.0, 26.0, 25.0, 0.0784551352262497
0, 354.0, 220.0, 22.0, 22.0, 0.07830866426229477
0, 127.0, 513.0, 23.0, 22.0, 0.07745246589183807
0, 313.0, 989.0, 24.0, 20.0, 0.07722264528274536
0, 310.0, 27.0, 22.0, 26.0, 0.07637661695480347
0, 434.0, 534.0, 31.0, 26.0, 0.07636898010969162
0, 870.0, 682.0, 22.0, 18.0, 0.07531917840242386
0, 873.0, 909.0, 23.0, 28.0, 0.07482292503118515
0, 847.0, 689.0, 19.0, 19.0, 0.07478585839271545
0, 963.0, 494.0, 26.0, 20.0, 0.07477009296417236
0, 269.0, 77.0, 21.0, 18.0, 0.07245564460754395
0, 957.0, 386.0, 17.0, 19.0, 0.07225927710533142
0, 428.0, 912.0, 24.0, 20.0, 0.07132475078105927
0, 202.0, 296.0, 21.0, 24.0, 0.0712781623005867
0, 963.0, 454.0, 27.0, 21.0, 0.07070913910865784
0, 878.0, 563.0, 24.0, 20.0, 0.06777440756559372
0, 932.0, 76.0, 22.0, 17.0, 0.06632876396179199
0, 504.0, 8.0, 18.0, 17.0, 0.06623229384422302
0, 888.0, 408.0, 21.0, 19.0, 0.06602897495031357
0, 788.0, 827.0, 21.0, 22.0, 0.06395033001899719
0, 140.0, 156.0, 18.0, 18.0, 0.06354187428951263
0, 12.0, 897.0, 23.0, 19.0, 0.06296959519386292
0, 12.0, 143.0, 24.0, 27.0, 0.0627148449420929
0, 949.0, 564.0, 21.0, 24.0, 0.06257929652929306
0, 866.0, 381.0, 20.0, 20.0, 0.06185239553451538
0, 757.0, 4.0, 18.0, 8.0, 0.06137162819504738
0, 877.0, 273.0, 20.0, 21.0, 0.060955215245485306
0, 220.0, 708.0, 35.0, 27.0, 0.06084553897380829
0, 605.0, 395.0, 22.0, 28.0, 0.06055392697453499
0, 112.0, 653.0, 17.0, 20.0, 0.059254396706819534
0, 107.0, 700.0, 20.0, 24.0, 0.05793512985110283
0, 737.0, 474.0, 22.0, 21.0, 0.05756933242082596
0, 33.0, 699.0, 24.0, 23.0, 0.05565871298313141
0, 923.0, 18.0, 17.0, 18.0, 0.05550254136323929
0, 53.0, 867.0, 22.0, 28.0, 0.055500578135252
0, 590.0, 975.0, 26.0, 22.0, 0.055303581058979034
0, 370.0, 614.0, 23.0, 21.0, 0.05511288717389107
0, 293.0, 16.0, 24.0, 24.0, 0.055021364241838455
0, 110.0, 673.0, 17.0, 16.0, 0.05488705262541771
0, 661.0, 155.0, 27.0, 19.0, 0.05457069352269173
0, 113.0, 17.0, 26.0, 22.0, 0.053958479315042496
0, 699.0, 438.0, 21.0, 22.0, 0.0538819320499897
0, 523.0, 57.0, 28.0, 20.0, 0.05330703780055046
0, 600.0, 952.0, 23.0, 30.0, 0.05256880819797516
0, 798.0, 951.0, 27.0, 23.0, 0.052523668855428696
0, 861.0, 56.0, 21.0, 20.0, 0.05241597816348076
0, 371.0, 936.0, 26.0, 29.0, 0.05173692852258682
0, 694.0, 643.0, 18.0, 21.0, 0.050795309245586395
