0, 659.0, 316.0, 18.0, 18.0, 0.747873067855835
0, 59.0, 177.0, 21.0, 21.0, 0.7257225513458252
0, 442.0, 27.0, 17.0, 17.0, 0.7231807708740234
0, 914.0, 243.0, 14.0, 15.0, 0.6788142323493958
0, 383.0, 214.0, 22.0, 18.0, 0.6701440215110779
0, 391.0, 243.0, 18.0, 17.0, 0.6648879647254944
0, 684.0, 317.0, 12.0, 15.0, 0.6545290350914001
0, 208.0, 185.0, 19.0, 18.0, 0.6527602076530457
0, 168.0, 488.0, 18.0, 20.0, 0.6418470144271851
0, 144.0, 466.0, 18.0, 18.0, 0.6351522207260132
0, 574.0, 99.0, 21.0, 16.0, 0.6248543858528137
0, 236.0, 107.0, 16.0, 16.0, 0.6216663718223572
0, 248.0, 432.0, 21.0, 24.0, 0.6208704710006714
0, 601.0, 46.0, 14.0, 16.0, 0.619503378868103
0, 158.0, 448.0, 16.0, 22.0, 0.6140978336334229
0, 323.0, 235.0, 16.0, 18.0, 0.607726514339447
0, 508.0, 134.0, 19.0, 17.0, 0.6064934730529785
0, 339.0, 244.0, 15.0, 15.0, 0.5996437072753906
0, 266.0, 447.0, 16.0, 18.0, 0.5992575883865356
0, 887.0, 235.0, 20.0, 17.0, 0.5985901355743408
0, 823.0, 39.0, 17.0, 17.0, 0.5918001532554626
0, 543.0, 297.0, 19.0, 16.0, 0.5899017453193665
0, 862.0, 252.0, 15.0, 20.0, 0.5867311358451843
0, 729.0, 93.0, 16.0, 17.0, 0.5862521529197693
0, 352.0, 213.0, 17.0, 14.0, 0.5839738249778748
0, 829.0, 511.0, 16.0, 17.0, 0.581409215927124
0, 359.0, 293.0, 18.0, 18.0, 0.5787224173545837
0, 909.0, 261.0, 19.0, 15.0, 0.5747610926628113
0, 600.0, 410.0, 21.0, 19.0, 0.5716051459312439
0, 73.0, 432.0, 16.0, 17.0, 0.5712007284164429
0, 20.0, 82.0, 24.0, 18.0, 0.5703074932098389
0, 346.0, 228.0, 24.0, 15.0, 0.5595717430114746
0, 317.0, 321.0, 17.0, 16.0, 0.5583179593086243
0, 232.0, 90.0, 14.0, 15.0, 0.5575705170631409
0, 469.0, 163.0, 16.0, 14.0, 0.5521045327186584
0, 157.0, 101.0, 17.0, 20.0, 0.5502244830131531
0, 574.0, 67.0, 19.0, 17.0, 0.549479603767395
0, 85.0, 549.0, 19.0, 21.0, 0.5491597652435303
0, 107.0, 623.0, 21.0, 18.0, 0.5486960411071777
0, 609.0, 28.0, 18.0, 18.0, 0.5481843948364258
0, 834.0, 371.0, 17.0, 21.0, 0.5422077178955078
0, 710.0, 92.0, 15.0, 15.0, 0.540675163269043
0, 591.0, 33.0, 15.0, 15.0, 0.5367965698242188
0, 36.0, 478.0, 17.0, 19.0, 0.5349681973457336
0, 170.0, 468.0, 16.0, 17.0, 0.5319948196411133
0, 11.0, 134.0, 17.0, 14.0, 0.5289124250411987
0, 931.0, 249.0, 16.0, 15.0, 0.5287035703659058
0, 490.0, 346.0, 19.0, 16.0, 0.5272488594055176
0, 451.0, 250.0, 17.0, 16.0, 0.5246556401252747
0, 796.0, 112.0, 17.0, 19.0, 0.5245667695999146
0, 968.0, 56.0, 15.0, 17.0, 0.5245087146759033
0, 582.0, 127.0, 16.0, 13.0, 0.5236861109733582
0, 418.0, 385.0, 17.0, 16.0, 0.5225397944450378
0, 266.0, 168.0, 17.0, 18.0, 0.5217357277870178
0, 470.0, 44.0, 16.0, 14.0, 0.5206117630004883
0, 371.0, 240.0, 16.0, 18.0, 0.5186861753463745
0, 95.0, 14.0, 16.0, 16.0, 0.5172852873802185
0, 348.0, 278.0, 17.0, 16.0, 0.5133086442947388
0, 492.0, 474.0, 22.0, 18.0, 0.5104132890701294
0, 638.0, 280.0, 15.0, 14.0, 0.5094228386878967
0, 69.0, 303.0, 16.0, 17.0, 0.4996603727340698
0, 484.0, 151.0, 17.0, 14.0, 0.49931061267852783
0, 226.0, 431.0, 15.0, 19.0, 0.4991704225540161
0, 499.0, 33.0, 16.0, 15.0, 0.4979674220085144
0, 47.0, 121.0, 21.0, 18.0, 0.4973105788230896
0, 406.0, 256.0, 18.0, 17.0, 0.49694156646728516
0, 237.0, 413.0, 19.0, 15.0, 0.4933461844921112
0, 72.0, 261.0, 17.0, 19.0, 0.4924827218055725
0, 116.0, 420.0, 17.0, 19.0, 0.49225112795829773
0, 186.0, 238.0, 17.0, 14.0, 0.49164822697639465
0, 877.0, 267.0, 19.0, 16.0, 0.4899127781391144
0, 643.0, 325.0, 17.0, 22.0, 0.4896965026855469
0, 345.0, 347.0, 20.0, 14.0, 0.48897403478622437
0, 223.0, 142.0, 18.0, 14.0, 0.48747339844703674
0, 558.0, 201.0, 15.0, 15.0, 0.48725804686546326
0, 773.0, 244.0, 19.0, 18.0, 0.48646464943885803
0, 845.0, 344.0, 18.0, 18.0, 0.4839753210544586
0, 181.0, 319.0, 18.0, 17.0, 0.48344093561172485
0, 65.0, 39.0, 15.0, 12.0, 0.48256316781044006
0, 424.0, 225.0, 16.0, 14.0, 0.4796329140663147
0, 200.0, 206.0, 18.0, 18.0, 0.47741296887397766
0, 558.0, 117.0, 15.0, 16.0, 0.47575077414512634
0, 173.0, 31.0, 18.0, 14.0, 0.47433602809906006
0, 211.0, 327.0, 15.0, 16.0, 0.47295671701431274
0, 443.0, 149.0, 16.0, 14.0, 0.4729468822479248
0, 939.0, 12.0, 16.0, 13.0, 0.47171202301979065
0, 814.0, 251.0, 13.0, 15.0, 0.47103893756866455
0, 307.0, 362.0, 16.0, 14.0, 0.4699418246746063
0, 224.0, 172.0, 18.0, 16.0, 0.46805670857429504
0, 423.0, 368.0, 16.0, 17.0, 0.46797797083854675
0, 379.0, 383.0, 20.0, 15.0, 0.4666327238082886
0, 948.0, 538.0, 18.0, 19.0, 0.46662887930870056
0, 821.0, 19.0, 15.0, 16.0, 0.4664345383644104
0, 83.0, 410.0, 16.0, 20.0, 0.4662822484970093
0, 24.0, 347.0, 20.0, 18.0, 0.46624913811683655
0, 11.0, 180.0, 17.0, 16.0, 0.4655962586402893
0, 128.0, 156.0, 17.0, 15.0, 0.46431371569633484
0, 75.0, 114.0, 18.0, 15.0, 0.46363863348960876
0, 384.0, 174.0, 13.0, 16.0, 0.46332189440727234
0, 655.0, 340.0, 20.0, 20.0, 0.4624003469944
0, 286.0, 579.0, 16.0, 18.0, 0.4620410203933716
0, 15.0, 154.0, 15.0, 14.0, 0.4605744481086731
0, 628.0, 571.0, 19.0, 18.0, 0.459308385848999
0, 841.0, 51.0, 23.0, 19.0, 0.45763885974884033
0, 57.0, 438.0, 14.0, 18.0, 0.45707371830940247
0, 257.0, 384.0, 20.0, 19.0, 0.4559362232685089
0, 23.0, 44.0, 16.0, 14.0, 0.4558026194572449
0, 91.0, 29.0, 16.0, 14.0, 0.4556080996990204
0, 949.0, 509.0, 18.0, 15.0, 0.4553719162940979
0, 592.0, 197.0, 13.0, 15.0, 0.4541267156600952
0, 616.0, 181.0, 17.0, 15.0, 0.45361006259918213
0, 366.0, 477.0, 15.0, 18.0, 0.45181047916412354
0, 296.0, 347.0, 15.0, 16.0, 0.45015355944633484
0, 467.0, 214.0, 14.0, 15.0, 0.44932112097740173
0, 691.0, 288.0, 17.0, 16.0, 0.4483957886695862
0, 51.0, 240.0, 16.0, 17.0, 0.4479808509349823
0, 124.0, 692.0, 16.0, 19.0, 0.44783246517181396
0, 138.0, 103.0, 19.0, 17.0, 0.44721007347106934
0, 581.0, 546.0, 19.0, 19.0, 0.446010023355484
0, 921.0, 227.0, 18.0, 16.0, 0.4457082450389862
0, 807.0, 28.0, 17.0, 16.0, 0.44551143050193787
0, 472.0, 462.0, 18.0, 16.0, 0.44472041726112366
0, 442.0, 216.0, 15.0, 16.0, 0.4439014494419098
0, 736.0, 333.0, 19.0, 15.0, 0.44212764501571655
0, 540.0, 171.0, 18.0, 15.0, 0.43959179520606995
0, 358.0, 368.0, 22.0, 17.0, 0.43957802653312683
0, 125.0, 465.0, 15.0, 15.0, 0.43932870030403137
0, 476.0, 525.0, 21.0, 17.0, 0.43836697936058044
0, 600.0, 131.0, 15.0, 15.0, 0.4382963478565216
0, 259.0, 22.0, 18.0, 20.0, 0.4354453384876251
0, 745.0, 263.0, 11.0, 17.0, 0.4342856705188751
0, 394.0, 5.0, 19.0, 10.0, 0.43277251720428467
0, 638.0, 408.0, 22.0, 20.0, 0.4325806796550751
0, 244.0, 120.0, 15.0, 16.0, 0.4317987561225891
0, 572.0, 275.0, 19.0, 20.0, 0.4315682649612427
0, 464.0, 122.0, 17.0, 19.0, 0.43118155002593994
0, 351.0, 170.0, 21.0, 17.0, 0.43057164549827576
0, 967.0, 157.0, 13.0, 14.0, 0.4296741783618927
0, 242.0, 79.0, 13.0, 15.0, 0.4292326271533966
0, 83.0, 184.0, 15.0, 20.0, 0.42792773246765137
0, 929.0, 67.0, 16.0, 14.0, 0.4278793931007385
0, 541.0, 158.0, 17.0, 13.0, 0.4269393980503082
0, 147.0, 422.0, 23.0, 17.0, 0.42430558800697327
0, 254.0, 467.0, 17.0, 15.0, 0.42390549182891846
0, 950.0, 158.0, 14.0, 16.0, 0.4228309392929077
0, 176.0, 525.0, 19.0, 14.0, 0.42163121700286865
0, 182.0, 401.0, 18.0, 16.0, 0.42141520977020264
0, 884.0, 371.0, 18.0, 17.0, 0.42136910557746887
0, 683.0, 210.0, 16.0, 17.0, 0.4193474054336548
0, 355.0, 386.0, 18.0, 15.0, 0.41934654116630554
0, 942.0, 27.0, 19.0, 16.0, 0.41883498430252075
0, 809.0, 514.0, 17.0, 16.0, 0.4182291626930237
0, 600.0, 117.0, 14.0, 15.0, 0.4180053770542145
0, 732.0, 111.0, 15.0, 14.0, 0.4173831641674042
0, 891.0, 251.0, 17.0, 13.0, 0.4168848693370819
0, 71.0, 57.0, 17.0, 20.0, 0.41635850071907043
0, 810.0, 400.0, 20.0, 15.0, 0.4163042902946472
0, 863.0, 234.0, 16.0, 12.0, 0.41624727845191956
0, 567.0, 252.0, 14.0, 14.0, 0.4158059060573578
0, 529.0, 193.0, 16.0, 15.0, 0.4157925546169281
0, 694.0, 81.0, 15.0, 15.0, 0.4157601594924927
0, 875.0, 164.0, 17.0, 18.0, 0.4149506688117981
0, 878.0, 284.0, 18.0, 18.0, 0.41394519805908203
0, 621.0, 282.0, 16.0, 15.0, 0.41357216238975525
0, 317.0, 181.0, 18.0, 16.0, 0.41212722659111023
0, 396.0, 20.0, 19.0, 13.0, 0.4112097918987274
0, 86.0, 720.0, 21.0, 21.0, 0.4108429551124573
0, 461.0, 189.0, 16.0, 13.0, 0.4103766977787018
0, 181.0, 513.0, 16.0, 14.0, 0.4095914363861084
0, 334.0, 369.0, 19.0, 16.0, 0.40919041633605957
0, 209.0, 122.0, 13.0, 14.0, 0.4087265431880951
0, 940.0, 270.0, 15.0, 15.0, 0.4085809886455536
0, 215.0, 76.0, 22.0, 17.0, 0.40691113471984863
0, 341.0, 452.0, 25.0, 16.0, 0.4062349796295166
0, 78.0, 17.0, 15.0, 16.0, 0.40569934248924255
0, 774.0, 323.0, 18.0, 20.0, 0.40552565455436707
0, 775.0, 98.0, 18.0, 15.0, 0.40478965640068054
0, 195.0, 577.0, 21.0, 16.0, 0.4045678377151489
0, 845.0, 106.0, 20.0, 17.0, 0.40389102697372437
0, 108.0, 51.0, 21.0, 15.0, 0.403535395860672
0, 179.0, 11.0, 20.0, 18.0, 0.4032611548900604
0, 462.0, 295.0, 16.0, 16.0, 0.40184956789016724
0, 78.0, 3.0, 17.0, 7.0, 0.4008302092552185
0, 155.0, 405.0, 19.0, 18.0, 0.4004160165786743
0, 907.0, 675.0, 18.0, 20.0, 0.3999263048171997
0, 418.0, 32.0, 15.0, 15.0, 0.3997320532798767
0, 909.0, 457.0, 19.0, 16.0, 0.3985799551010132
0, 161.0, 318.0, 15.0, 16.0, 0.39745745062828064
0, 821.0, 573.0, 18.0, 17.0, 0.3966955542564392
0, 415.0, 275.0, 18.0, 18.0, 0.3960113227367401
0, 231.0, 314.0, 18.0, 22.0, 0.3952864706516266
0, 253.0, 262.0, 17.0, 16.0, 0.3947664201259613
0, 787.0, 286.0, 18.0, 18.0, 0.39374494552612305
0, 224.0, 123.0, 18.0, 15.0, 0.3926604688167572
0, 512.0, 265.0, 16.0, 15.0, 0.39218682050704956
0, 480.0, 588.0, 23.0, 19.0, 0.3915921151638031
0, 458.0, 106.0, 21.0, 15.0, 0.39085477590560913
0, 303.0, 291.0, 14.0, 16.0, 0.39076730608940125
0, 883.0, 31.0, 17.0, 13.0, 0.3904684782028198
0, 622.0, 45.0, 19.0, 17.0, 0.3904038965702057
0, 603.0, 190.0, 17.0, 19.0, 0.3893708884716034
0, 965.0, 280.0, 17.0, 14.0, 0.38920244574546814
0, 40.0, 94.0, 15.0, 16.0, 0.38909998536109924
0, 430.0, 245.0, 17.0, 19.0, 0.38680458068847656
0, 576.0, 6.0, 13.0, 13.0, 0.3865063488483429
0, 592.0, 147.0, 21.0, 18.0, 0.3856719136238098
0, 924.0, 516.0, 22.0, 21.0, 0.38558539748191833
0, 437.0, 268.0, 19.0, 20.0, 0.3840636610984802
0, 60.0, 416.0, 19.0, 20.0, 0.3833043873310089
0, 982.0, 376.0, 19.0, 17.0, 0.38317254185676575
0, 744.0, 99.0, 14.0, 15.0, 0.3814135193824768
0, 700.0, 321.0, 17.0, 14.0, 0.3812062442302704
0, 939.0, 201.0, 16.0, 13.0, 0.38104167580604553
0, 343.0, 78.0, 13.0, 15.0, 0.3784198760986328
0, 209.0, 157.0, 17.0, 17.0, 0.3756677806377411
0, 365.0, 444.0, 18.0, 15.0, 0.3751284182071686
0, 976.0, 82.0, 14.0, 13.0, 0.3747938871383667
0, 51.0, 306.0, 14.0, 15.0, 0.3741627037525177
0, 584.0, 112.0, 15.0, 14.0, 0.3737693130970001
0, 592.0, 271.0, 20.0, 15.0, 0.3733202815055847
0, 620.0, 232.0, 16.0, 16.0, 0.37008723616600037
0, 908.0, 101.0, 14.0, 14.0, 0.36922046542167664
0, 499.0, 326.0, 15.0, 14.0, 0.36879223585128784
0, 806.0, 181.0, 16.0, 16.0, 0.3679766356945038
0, 371.0, 80.0, 17.0, 18.0, 0.3674694299697876
0, 371.0, 307.0, 16.0, 15.0, 0.3665556013584137
0, 321.0, 273.0, 16.0, 13.0, 0.3636990785598755
0, 886.0, 184.0, 15.0, 14.0, 0.3622071444988251
0, 531.0, 144.0, 15.0, 16.0, 0.3618502914905548
0, 675.0, 303.0, 22.0, 16.0, 0.3615395724773407
0, 240.0, 492.0, 19.0, 20.0, 0.36039093136787415
0, 191.0, 422.0, 15.0, 18.0, 0.3597191572189331
0, 880.0, 355.0, 18.0, 14.0, 0.35954275727272034
0, 403.0, 463.0, 17.0, 18.0, 0.3589942753314972
0, 491.0, 47.0, 16.0, 18.0, 0.3586331903934479
0, 136.0, 495.0, 18.0, 18.0, 0.35848990082740784
0, 159.0, 545.0, 22.0, 21.0, 0.35726141929626465
0, 928.0, 684.0, 18.0, 18.0, 0.35718512535095215
0, 675.0, 295.0, 18.0, 11.0, 0.3569011986255646
0, 642.0, 374.0, 16.0, 14.0, 0.35435256361961365
0, 316.0, 428.0, 16.0, 19.0, 0.3540206849575043
0, 66.0, 130.0, 16.0, 15.0, 0.3539922833442688
0, 791.0, 587.0, 16.0, 15.0, 0.3537188172340393
0, 673.0, 17.0, 17.0, 15.0, 0.3536359965801239
0, 181.0, 542.0, 15.0, 16.0, 0.35357576608657837
0, 619.0, 488.0, 18.0, 14.0, 0.35350242257118225
0, 858.0, 276.0, 17.0, 15.0, 0.3533554673194885
0, 525.0, 558.0, 20.0, 19.0, 0.3529745638370514
0, 239.0, 25.0, 16.0, 14.0, 0.35294798016548157
0, 43.0, 4.0, 14.0, 9.0, 0.3525433838367462
0, 736.0, 279.0, 17.0, 18.0, 0.3520646095275879
0, 642.0, 251.0, 15.0, 14.0, 0.35174018144607544
0, 39.0, 357.0, 17.0, 15.0, 0.3516654670238495
0, 722.0, 52.0, 20.0, 17.0, 0.3506777882575989
0, 41.0, 38.0, 15.0, 12.0, 0.3505297005176544
0, 708.0, 136.0, 20.0, 22.0, 0.34920141100883484
0, 611.0, 208.0, 17.0, 14.0, 0.34790968894958496
0, 252.0, 50.0, 20.0, 19.0, 0.34783920645713806
0, 404.0, 32.0, 12.0, 17.0, 0.34737691283226013
0, 271.0, 463.0, 20.0, 14.0, 0.34737178683280945
0, 914.0, 130.0, 17.0, 17.0, 0.3469983637332916
0, 205.0, 93.0, 13.0, 16.0, 0.3468242585659027
0, 266.0, 4.0, 16.0, 9.0, 0.3468005359172821
0, 566.0, 20.0, 16.0, 14.0, 0.3467049300670624
0, 257.0, 346.0, 17.0, 15.0, 0.3461703658103943
0, 238.0, 371.0, 18.0, 19.0, 0.3442622423171997
0, 556.0, 275.0, 15.0, 17.0, 0.3442476987838745
0, 471.0, 240.0, 15.0, 16.0, 0.3441629707813263
0, 966.0, 117.0, 15.0, 16.0, 0.3410278260707855
0, 579.0, 156.0, 19.0, 15.0, 0.3378388583660126
0, 869.0, 82.0, 15.0, 14.0, 0.33673983812332153
0, 992.0, 266.0, 14.0, 17.0, 0.33625102043151855
0, 611.0, 602.0, 17.0, 16.0, 0.33540835976600647
0, 573.0, 375.0, 15.0, 15.0, 0.3353491723537445
0, 622.0, 118.0, 15.0, 17.0, 0.33477845788002014
0, 696.0, 364.0, 17.0, 20.0, 0.33460086584091187
0, 732.0, 462.0, 18.0, 15.0, 0.3339882493019104
0, 332.0, 96.0, 15.0, 15.0, 0.33367279171943665
0, 159.0, 218.0, 15.0, 14.0, 0.33323392271995544
0, 664.0, 7.0, 15.0, 14.0, 0.3323611319065094
0, 894.0, 47.0, 16.0, 14.0, 0.33216339349746704
0, 717.0, 315.0, 16.0, 16.0, 0.3320062458515167
0, 822.0, 266.0, 14.0, 14.0, 0.33197179436683655
0, 118.0, 76.0, 14.0, 15.0, 0.3306758999824524
0, 815.0, 498.0, 17.0, 13.0, 0.32921910285949707
0, 790.0, 259.0, 15.0, 15.0, 0.3275982141494751
0, 274.0, 353.0, 16.0, 16.0, 0.32747015357017517
0, 493.0, 193.0, 13.0, 13.0, 0.3273853361606598
0, 89.0, 633.0, 14.0, 15.0, 0.32567569613456726
0, 174.0, 752.0, 18.0, 16.0, 0.32544177770614624
0, 562.0, 186.0, 20.0, 17.0, 0.325133740901947
0, 74.0, 465.0, 15.0, 15.0, 0.322440505027771
0, 803.0, 369.0, 17.0, 14.0, 0.3224184513092041
0, 764.0, 263.0, 12.0, 14.0, 0.32213374972343445
0, 336.0, 418.0, 17.0, 20.0, 0.3215038478374481
0, 861.0, 214.0, 19.0, 12.0, 0.32031896710395813
0, 761.0, 23.0, 17.0, 15.0, 0.32026323676109314
0, 878.0, 217.0, 15.0, 12.0, 0.3200969099998474
0, 502.0, 382.0, 16.0, 13.0, 0.31963759660720825
