0, 267, 983, 34, 36, 0.8765408396720886
0, 822, 1087, 32, 35, 0.8573371767997742
0, 1526, 1612, 32, 33, 0.8571737408638
0, 68, 1425, 30, 32, 0.8541436791419983
0, 97, 142, 34, 37, 0.8510141968727112
0, 1153, 1125, 29, 40, 0.8493726253509521
0, 1202, 1553, 36, 33, 0.8456740379333496
0, 735, 601, 33, 32, 0.843015193939209
0, 476, 1391, 33, 35, 0.8392114043235779
0, 254, 1332, 31, 33, 0.835780918598175
0, 1527, 342, 29, 32, 0.8350965976715088
0, 273, 101, 32, 34, 0.8344739675521851
0, 20, 461, 35, 37, 0.8307412266731262
0, 1581, 1653, 31, 32, 0.8254374265670776
0, 470, 1710, 31, 30, 0.823577344417572
0, 668, 1197, 35, 32, 0.8222194314002991
0, 1073, 1065, 29, 35, 0.8219340443611145
0, 934, 1333, 34, 32, 0.8198632597923279
0, 162, 1179, 37, 34, 0.819796085357666
0, 1484, 1158, 35, 41, 0.8183535933494568
0, 115, 859, 29, 33, 0.8174535036087036
0, 1251, 1723, 36, 36, 0.816590428352356
0, 1050, 1291, 36, 35, 0.8124380111694336
0, 1184, 137, 35, 34, 0.810737133026123
0, 1089, 1520, 33, 34, 0.7986295223236084
0, 144, 674, 33, 33, 0.7951784729957581
0, 1413, 1230, 36, 35, 0.7928594350814819
0, 1540, 1645, 31, 30, 0.7925637364387512
0, 496, 1452, 30, 32, 0.7915714979171753
0, 152, 1222, 35, 30, 0.7912777662277222
0, 385, 679, 34, 34, 0.7895229458808899
0, 707, 992, 33, 38, 0.7880339026451111
0, 1674, 545, 38, 35, 0.787485659122467
0, 911, 1044, 31, 30, 0.7853692770004272
0, 398, 93, 34, 32, 0.7845067977905273
0, 75, 750, 33, 31, 0.7828838229179382
0, 367, 1572, 30, 36, 0.7811695337295532
0, 940, 796, 33, 31, 0.7790014147758484
0, 1422, 1734, 27, 33, 0.7788797616958618
0, 1014, 1111, 35, 37, 0.7769899368286133
0, 239, 244, 29, 31, 0.7767354249954224
0, 665, 1226, 34, 34, 0.7765134572982788
0, 904, 939, 34, 32, 0.7746866941452026
0, 910, 1718, 30, 27, 0.7721226811408997
0, 705, 1224, 26, 32, 0.7698737382888794
0, 1369, 1089, 34, 34, 0.7695714831352234
0, 80, 1549, 32, 35, 0.7688331007957458
0, 810, 1031, 40, 39, 0.7679949402809143
0, 971, 1049, 37, 39, 0.7678298354148865
0, 1287, 448, 33, 33, 0.7653979063034058
0, 1011, 1248, 33, 36, 0.7645808458328247
0, 1080, 1116, 31, 35, 0.7644391059875488
0, 1119, 1322, 32, 31, 0.7628387212753296
0, 487, 1246, 37, 36, 0.7600294947624207
0, 1320, 1488, 33, 31, 0.7598003149032593
0, 1023, 577, 30, 34, 0.7590801119804382
0, 209, 1321, 27, 35, 0.7590206265449524
0, 1134, 244, 36, 39, 0.7589195966720581
0, 1163, 97, 30, 33, 0.7585461735725403
0, 1155, 350, 33, 34, 0.7542195916175842
0, 1536, 1098, 30, 35, 0.7533054351806641
0, 150, 870, 31, 35, 0.7527014017105103
0, 1450, 437, 33, 34, 0.752298891544342
0, 697, 1271, 33, 32, 0.752030074596405
0, 837, 1196, 34, 30, 0.7500943541526794
0, 967, 1746, 31, 29, 0.7489545941352844
0, 1155, 461, 36, 35, 0.7489107847213745
0, 446, 1408, 27, 27, 0.7483364343643188
0, 499, 196, 29, 35, 0.7475917935371399
0, 1310, 1346, 29, 31, 0.7458469867706299
0, 825, 741, 34, 34, 0.7452146410942078
0, 1295, 640, 35, 33, 0.7449411749839783
0, 559, 1709, 33, 32, 0.7449293732643127
0, 209, 374, 32, 34, 0.7444107532501221
0, 1340, 1532, 35, 34, 0.7428841590881348
0, 1224, 104, 33, 30, 0.7427605986595154
0, 69, 1671, 32, 31, 0.7425511479377747
0, 219, 1643, 37, 33, 0.7425169944763184
0, 1305, 1282, 30, 28, 0.7422586679458618
0, 162, 1545, 30, 39, 0.7422302961349487
0, 989, 580, 32, 35, 0.7391734719276428
0, 1357, 295, 30, 32, 0.7383759021759033
0, 1282, 1754, 35, 32, 0.7379615902900696
0, 1067, 396, 31, 31, 0.7373716235160828
0, 342, 410, 33, 37, 0.728975236415863
0, 1047, 1389, 32, 34, 0.7280452847480774
0, 535, 1036, 29, 29, 0.7276524305343628
0, 1098, 1697, 26, 34, 0.7274097800254822
0, 934, 830, 30, 30, 0.7262589931488037
0, 994, 917, 34, 33, 0.7255534529685974
0, 1123, 817, 36, 40, 0.7253921627998352
0, 1547, 1058, 33, 35, 0.7242690920829773
0, 162, 451, 32, 30, 0.7209489941596985
0, 1280, 1060, 30, 28, 0.7192016243934631
0, 339, 497, 33, 31, 0.716064989566803
0, 831, 1615, 31, 32, 0.7149876356124878
0, 1086, 786, 31, 28, 0.714198112487793
0, 1003, 1508, 31, 30, 0.713280975818634
0, 727, 1413, 36, 32, 0.7126647233963013
0, 50, 1722, 28, 29, 0.7102481722831726
0, 688, 667, 33, 33, 0.7087026238441467
0, 1068, 894, 29, 31, 0.7084905505180359
0, 1507, 982, 33, 39, 0.7080933451652527
0, 1722, 322, 34, 33, 0.7050201892852783
0, 781, 346, 33, 31, 0.702223539352417
0, 1404, 1062, 38, 35, 0.7011364102363586
0, 93, 1734, 38, 34, 0.6996897459030151
0, 629, 1157, 24, 34, 0.699329137802124
0, 1259, 1636, 34, 30, 0.698879599571228
0, 1157, 1171, 30, 30, 0.6983048319816589
0, 1354, 1248, 34, 30, 0.6978886127471924
0, 1215, 1705, 33, 30, 0.6974572539329529
0, 1365, 803, 32, 33, 0.6946408152580261
0, 1329, 790, 26, 27, 0.6927022337913513
0, 1223, 1041, 31, 28, 0.6917955875396729
0, 1214, 1476, 27, 33, 0.6902269124984741
0, 1033, 1002, 33, 34, 0.689602792263031
0, 845, 1152, 30, 30, 0.6895499229431152
0, 278, 139, 28, 31, 0.6894006133079529
0, 1014, 1446, 30, 32, 0.689382791519165
0, 790, 1639, 30, 30, 0.6867765784263611
0, 1330, 1047, 33, 33, 0.686617374420166
0, 1043, 13, 31, 26, 0.6846839189529419
0, 446, 76, 30, 31, 0.6841170787811279
0, 527, 1747, 29, 28, 0.6831356287002563
0, 360, 939, 45, 31, 0.6818490028381348
0, 1448, 560, 28, 30, 0.6770303845405579
0, 1547, 1367, 31, 34, 0.676426351070404
0, 437, 1651, 32, 31, 0.6750534176826477
0, 909, 1750, 30, 28, 0.6747744083404541
0, 315, 1228, 36, 28, 0.6724619269371033
0, 1655, 1566, 30, 32, 0.6722602248191833
0, 281, 712, 33, 35, 0.6715545654296875
0, 1286, 825, 32, 31, 0.6711877584457397
0, 741, 1218, 30, 30, 0.6708058714866638
0, 901, 1293, 34, 31, 0.6707530617713928
0, 973, 1124, 28, 32, 0.6699235439300537
0, 1431, 974, 29, 38, 0.7211576989730449
0, 108, 1373, 28, 27, 0.6643122033817143
0, 354, 1381, 29, 32, 0.707160017248728
0, 1119, 1595, 33, 30, 0.64533949066154
0, 1102, 1460, 32, 33, 0.6694035850153875
0, 156, 342, 27, 30, 0.6682074763709683
0, 1066, 263, 28, 27, 0.6771530028519295
0, 350, 58, 34, 32, 0.6901906546327837
0, 1485, 1475, 28, 31, 0.676460598990272
0, 1205, 956, 44, 33, 0.6148972851918166
0, 246, 1695, 30, 28, 0.6032035885313914
0, 274, 322, 23, 26, 0.6092326021621752
0, 1135, 533, 28, 34, 0.6598976670692379
0, 1531, 147, 29, 34, 0.5897859678369985
0, 754, 673, 26, 32, 0.5873353189051409
0, 1326, 104, 29, 30, 0.5715925751578943
0, 1269, 1435, 32, 31, 0.6223495119948949
0, 1099, 661, 32, 33, 0.5903963630187518
0, 1152, 1666, 28, 24, 0.607164492932325
0, 13, 884, 26, 36, 0.5987888964280852
0, 1462, 700, 34, 30, 0.5635671168030636
0, 202, 1249, 33, 29, 0.6880898740572172
0, 715, 852, 30, 33, 0.6108421462672637
0, 1045, 656, 42, 32, 0.6450070750661073
0, 1714, 813, 34, 31, 0.6376366718027984
0, 1173, 1686, 30, 32, 0.6575383028582462
0, 32, 1655, 23, 27, 0.6142337995970225
0, 651, 446, 28, 27, 0.6712356459622418
0, 1071, 299, 25, 25, 0.5621200325571267
0, 1679, 925, 32, 28, 0.577481812517306
0, 794, 1206, 23, 30, 0.5771270888477174
0, 318, 1394, 30, 29, 0.5533608612285444
0, 1363, 1374, 35, 28, 0.5728296238083055
0, 570, 828, 28, 30, 0.607932803839468
0, 785, 913, 34, 27, 0.5319790164795068
0, 1376, 211, 30, 28, 0.5173996414448871
0, 13, 1380, 27, 33, 0.5720325622630261
0, 899, 353, 28, 40, 0.5958173590494696
