0, 346.0, 216.0, 19.0, 16.0, 0.8038185834884644
0, 566.0, 39.0, 19.0, 20.0, 0.7997030019760132
0, 25.0, 449.0, 21.0, 24.0, 0.7580693960189819
0, 290.0, 298.0, 18.0, 20.0, 0.7423364520072937
0, 598.0, 183.0, 18.0, 16.0, 0.7291409969329834
0, 278.0, 228.0, 20.0, 23.0, 0.7251803874969482
0, 276.0, 163.0, 18.0, 19.0, 0.7172590494155884
0, 309.0, 252.0, 24.0, 22.0, 0.6987921595573425
0, 87.0, 316.0, 16.0, 17.0, 0.694668710231781
0, 573.0, 121.0, 18.0, 18.0, 0.6839281916618347
0, 561.0, 172.0, 22.0, 18.0, 0.6804177761077881
0, 341.0, 134.0, 21.0, 19.0, 0.6795490980148315
0, 684.0, 144.0, 19.0, 21.0, 0.6775856614112854
0, 605.0, 123.0, 18.0, 20.0, 0.6760332584381104
0, 359.0, 59.0, 21.0, 17.0, 0.6752690672874451
0, 673.0, 88.0, 19.0, 20.0, 0.6720576286315918
0, 270.0, 201.0, 17.0, 18.0, 0.6640007495880127
0, 52.0, 234.0, 18.0, 18.0, 0.6627210974693298
0, 674.0, 160.0, 21.0, 15.0, 0.6603661179542542
0, 872.0, 100.0, 19.0, 17.0, 0.6563985347747803
0, 267.0, 332.0, 20.0, 21.0, 0.655590295791626
0, 648.0, 147.0, 17.0, 18.0, 0.6435667276382446
0, 650.0, 107.0, 21.0, 21.0, 0.6422727704048157
0, 548.0, 97.0, 23.0, 21.0, 0.6333670020103455
0, 92.0, 292.0, 19.0, 19.0, 0.6278367638587952
0, 854.0, 94.0, 18.0, 17.0, 0.6248571872711182
0, 656.0, 128.0, 18.0, 16.0, 0.6226975917816162
0, 352.0, 40.0, 20.0, 18.0, 0.6177251935005188
0, 648.0, 244.0, 20.0, 15.0, 0.5957806706428528
0, 20.0, 333.0, 16.0, 16.0, 0.5884259939193726
0, 619.0, 165.0, 14.0, 17.0, 0.5788928866386414
0, 236.0, 328.0, 19.0, 25.0, 0.5762271881103516
0, 73.0, 226.0, 20.0, 21.0, 0.5679025053977966
0, 881.0, 39.0, 16.0, 18.0, 0.5629456639289856
0, 688.0, 25.0, 16.0, 16.0, 0.5627502799034119
0, 28.0, 278.0, 17.0, 17.0, 0.5596779584884644
0, 79.0, 343.0, 20.0, 14.0, 0.5502596497535706
0, 604.0, 39.0, 15.0, 17.0, 0.548589825630188
0, 226.0, 160.0, 18.0, 15.0, 0.5390776991844177
0, 293.0, 189.0, 17.0, 21.0, 0.5340903401374817
0, 658.0, 190.0, 19.0, 19.0, 0.5325760245323181
0, 645.0, 65.0, 16.0, 15.0, 0.527338981628418
0, 272.0, 355.0, 21.0, 21.0, 0.5261542797088623
0, 246.0, 303.0, 17.0, 18.0, 0.5244109630584717
0, 273.0, 126.0, 18.0, 18.0, 0.5243710279464722
0, 304.0, 202.0, 15.0, 17.0, 0.5115994811058044
0, 573.0, 19.0, 17.0, 20.0, 0.5115058422088623
0, 330.0, 283.0, 20.0, 16.0, 0.5103472471237183
0, 33.0, 233.0, 17.0, 20.0, 0.5064161419868469
0, 312.0, 358.0, 19.0, 19.0, 0.5037320256233215
0, 338.0, 156.0, 18.0, 17.0, 0.5019309520721436
0, 6.0, 450.0, 12.0, 17.0, 0.50154709815979
0, 569.0, 157.0, 20.0, 17.0, 0.5001732110977173
0, 308.0, 72.0, 16.0, 16.0, 0.5001676082611084
0, 245.0, 195.0, 20.0, 17.0, 0.49714547395706177
0, 54.0, 370.0, 17.0, 17.0, 0.49135562777519226
0, 644.0, 47.0, 16.0, 18.0, 0.4840007424354553
0, 692.0, 188.0, 24.0, 19.0, 0.4815967381000519
0, 43.0, 416.0, 20.0, 21.0, 0.4750649631023407
0, 631.0, 61.0, 16.0, 17.0, 0.4723334014415741
0, 302.0, 277.0, 22.0, 19.0, 0.45889735221862793
0, 112.0, 277.0, 18.0, 20.0, 0.4588322639465332
0, 827.0, 103.0, 17.0, 18.0, 0.4577603340148926
0, 777.0, 43.0, 17.0, 20.0, 0.4560052156448364
0, 595.0, 25.0, 14.0, 18.0, 0.4546911418437958
0, 710.0, 9.0, 17.0, 17.0, 0.4519976079463959
0, 323.0, 195.0, 16.0, 15.0, 0.4498196244239807
0, 879.0, 63.0, 16.0, 22.0, 0.4498073160648346
0, 45.0, 270.0, 19.0, 16.0, 0.44703802466392517
0, 6.0, 357.0, 12.0, 17.0, 0.44214725494384766
0, 954.0, 11.0, 16.0, 20.0, 0.4408576786518097
0, 260.0, 227.0, 16.0, 19.0, 0.4402180314064026
0, 575.0, 87.0, 20.0, 20.0, 0.4350905120372772
0, 330.0, 244.0, 22.0, 17.0, 0.43214207887649536
0, 652.0, 227.0, 17.0, 18.0, 0.43117544054985046
0, 319.0, 135.0, 18.0, 20.0, 0.4309357702732086
0, 615.0, 180.0, 19.0, 14.0, 0.4289267063140869
0, 6.0, 498.0, 13.0, 17.0, 0.4269689619541168
0, 253.0, 246.0, 21.0, 18.0, 0.4265904724597931
0, 323.0, 298.0, 17.0, 17.0, 0.4261566996574402
0, 254.0, 110.0, 15.0, 16.0, 0.4223068058490753
0, 564.0, 528.0, 22.0, 18.0, 0.42160508036613464
0, 765.0, 88.0, 17.0, 17.0, 0.4119568467140198
0, 7.0, 245.0, 15.0, 21.0, 0.4069669544696808
0, 89.0, 239.0, 18.0, 19.0, 0.40662023425102234
0, 292.0, 212.0, 16.0, 17.0, 0.40596556663513184
0, 46.0, 358.0, 17.0, 19.0, 0.40453970432281494
0, 282.0, 316.0, 21.0, 20.0, 0.40336647629737854
0, 305.0, 335.0, 18.0, 17.0, 0.3946946859359741
0, 917.0, 50.0, 20.0, 20.0, 0.3920382261276245
0, 545.0, 151.0, 18.0, 15.0, 0.38482022285461426
0, 320.0, 181.0, 19.0, 16.0, 0.38445040583610535
0, 253.0, 318.0, 20.0, 17.0, 0.3841732442378998
0, 52.0, 174.0, 17.0, 23.0, 0.37971845269203186
0, 588.0, 151.0, 19.0, 15.0, 0.37257882952690125
0, 587.0, 108.0, 22.0, 15.0, 0.37085363268852234
0, 36.0, 252.0, 16.0, 19.0, 0.36585351824760437
0, 391.0, 102.0, 19.0, 23.0, 0.3621786832809448
0, 642.0, 165.0, 14.0, 19.0, 0.3605309724807739
0, 386.0, 82.0, 20.0, 18.0, 0.356223464012146
0, 668.0, 66.0, 16.0, 18.0, 0.35493016242980957
0, 670.0, 224.0, 17.0, 14.0, 0.35301193594932556
0, 635.0, 9.0, 16.0, 18.0, 0.35268130898475647
0, 219.0, 145.0, 21.0, 14.0, 0.34430569410324097
0, 584.0, 212.0, 25.0, 21.0, 0.3442334234714508
0, 650.0, 218.0, 17.0, 21.0, 0.3431878685951233
0, 121.0, 256.0, 18.0, 24.0, 0.3428404927253723
0, 199.0, 69.0, 19.0, 19.0, 0.33944734930992126
0, 44.0, 285.0, 17.0, 15.0, 0.33935046195983887
0, 327.0, 167.0, 17.0, 15.0, 0.3389912247657776
0, 605.0, 84.0, 17.0, 19.0, 0.33611199259757996
0, 871.0, 23.0, 19.0, 15.0, 0.3355693519115448
0, 921.0, 13.0, 17.0, 21.0, 0.33484265208244324
0, 620.0, 43.0, 19.0, 17.0, 0.334500789642334
0, 559.0, 142.0, 17.0, 16.0, 0.33263757824897766
0, 802.0, 89.0, 19.0, 19.0, 0.332401841878891
0, 839.0, 78.0, 18.0, 24.0, 0.32796645164489746
0, 382.0, 21.0, 20.0, 22.0, 0.32699939608573914
0, 681.0, 73.0, 16.0, 16.0, 0.3249052166938782
0, 44.0, 315.0, 16.0, 16.0, 0.3220073878765106
0, 322.0, 269.0, 19.0, 17.0, 0.31911367177963257
0, 736.0, 6.0, 17.0, 12.0, 0.31238073110580444
0, 318.0, 230.0, 22.0, 17.0, 0.31185266375541687
0, 633.0, 219.0, 16.0, 16.0, 0.30894866585731506
0, 259.0, 163.0, 17.0, 17.0, 0.30792129039764404
0, 73.0, 307.0, 15.0, 20.0, 0.30614569783210754
0, 581.0, 173.0, 16.0, 20.0, 0.306115984916687
0, 604.0, 9.0, 14.0, 19.0, 0.30348673462867737
0, 565.0, 190.0, 17.0, 18.0, 0.29875490069389343
0, 825.0, 64.0, 15.0, 16.0, 0.29791679978370667
0, 632.0, 158.0, 17.0, 15.0, 0.2978931665420532
0, 341.0, 198.0, 17.0, 16.0, 0.2927684485912323
0, 907.0, 5.0, 17.0, 11.0, 0.28996971249580383
0, 634.0, 259.0, 23.0, 21.0, 0.2898883521556854
0, 690.0, 88.0, 15.0, 18.0, 0.2891466021537781
0, 206.0, 167.0, 22.0, 21.0, 0.28479427099227905
0, 238.0, 174.0, 18.0, 22.0, 0.2821217477321625
0, 228.0, 271.0, 17.0, 17.0, 0.2815234661102295
0, 299.0, 152.0, 18.0, 17.0, 0.2807580828666687
0, 602.0, 59.0, 19.0, 19.0, 0.27972233295440674
0, 873.0, 83.0, 19.0, 15.0, 0.2765067517757416
0, 616.0, 97.0, 15.0, 17.0, 0.2755171060562134
0, 896.0, 49.0, 18.0, 20.0, 0.275272935628891
0, 630.0, 143.0, 17.0, 17.0, 0.2717098891735077
0, 310.0, 88.0, 16.0, 18.0, 0.27111321687698364
0, 302.0, 110.0, 17.0, 16.0, 0.27068665623664856
0, 936.0, 11.0, 16.0, 21.0, 0.2705536186695099
0, 39.0, 387.0, 18.0, 18.0, 0.269237220287323
0, 730.0, 71.0, 17.0, 22.0, 0.2646656036376953
0, 31.0, 260.0, 17.0, 17.0, 0.26088762283325195
0, 21.0, 473.0, 17.0, 19.0, 0.2604519724845886
0, 590.0, 195.0, 17.0, 16.0, 0.25867903232574463
0, 615.0, 60.0, 18.0, 18.0, 0.25839218497276306
0, 711.0, 67.0, 18.0, 17.0, 0.2557360529899597
0, 602.0, 260.0, 22.0, 21.0, 0.25491586327552795
0, 326.0, 84.0, 15.0, 16.0, 0.2548255920410156
0, 760.0, 29.0, 18.0, 17.0, 0.25180965662002563
0, 110.0, 234.0, 16.0, 15.0, 0.25169962644577026
0, 708.0, 87.0, 20.0, 22.0, 0.25045913457870483
0, 593.0, 167.0, 16.0, 17.0, 0.24770110845565796
0, 659.0, 34.0, 16.0, 18.0, 0.24754011631011963
0, 617.0, 68.0, 18.0, 24.0, 0.24672791361808777
0, 296.0, 350.0, 18.0, 16.0, 0.2436155527830124
0, 587.0, 144.0, 20.0, 20.0, 0.2400236278772354
0, 665.0, 251.0, 15.0, 14.0, 0.23746024072170258
0, 225.0, 130.0, 25.0, 20.0, 0.23663952946662903
0, 284.0, 104.0, 17.0, 22.0, 0.23625271022319794
0, 712.0, 45.0, 15.0, 18.0, 0.23322318494319916
0, 287.0, 266.0, 20.0, 20.0, 0.23210152983665466
0, 737.0, 88.0, 18.0, 20.0, 0.22635994851589203
0, 247.0, 345.0, 23.0, 17.0, 0.22505678236484528
0, 723.0, 51.0, 15.0, 18.0, 0.22328835725784302
0, 38.0, 299.0, 19.0, 17.0, 0.22233162820339203
0, 261.0, 186.0, 17.0, 16.0, 0.21943172812461853
0, 639.0, 191.0, 19.0, 16.0, 0.21634884178638458
0, 905.0, 70.0, 22.0, 18.0, 0.20826871693134308
0, 847.0, 110.0, 17.0, 15.0, 0.2076389491558075
0, 612.0, 466.0, 22.0, 19.0, 0.2044869214296341
0, 655.0, 172.0, 19.0, 17.0, 0.20334552228450775
0, 774.0, 14.0, 18.0, 20.0, 0.20235943794250488
0, 326.0, 99.0, 13.0, 17.0, 0.20201359689235687
0, 268.0, 285.0, 20.0, 17.0, 0.20184896886348724
0, 361.0, 184.0, 21.0, 19.0, 0.20117369294166565
