0, 655.0, 587.0, 22.0, 22.0, 0.4149147868156433
0, 430.0, 265.0, 20.0, 20.0, 0.35925787687301636
0, 55.0, 249.0, 22.0, 19.0, 0.3196233808994293
0, 208.0, 72.0, 18.0, 19.0, 0.3174663782119751
0, 330.0, 970.0, 21.0, 17.0, 0.31489285826683044
0, 314.0, 459.0, 18.0, 20.0, 0.302423357963562
0, 947.0, 139.0, 21.0, 18.0, 0.2866132855415344
0, 219.0, 613.0, 19.0, 19.0, 0.283071368932724
0, 502.0, 712.0, 17.0, 23.0, 0.2774658799171448
0, 174.0, 48.0, 20.0, 20.0, 0.26658424735069275
0, 291.0, 719.0, 21.0, 24.0, 0.25753462314605713
0, 291.0, 292.0, 23.0, 19.0, 0.25575998425483704
0, 614.0, 717.0, 18.0, 22.0, 0.2549407482147217
0, 488.0, 721.0, 19.0, 20.0, 0.24599498510360718
0, 13.0, 603.0, 21.0, 18.0, 0.24533316493034363
0, 359.0, 474.0, 18.0, 29.0, 0.22341382503509521
0, 75.0, 642.0, 15.0, 14.0, 0.21616722643375397
0, 798.0, 23.0, 19.0, 18.0, 0.21459825336933136
0, 886.0, 44.0, 19.0, 17.0, 0.2128741294145584
0, 188.0, 31.0, 18.0, 21.0, 0.20245936512947083
