0, 218, 613, 19, 20, 0.8436155336587898
0, 204, 626, 18, 19, 0.8291071087847459
0, 292, 720, 19, 23, 0.8522123470466557
0, 330, 969, 20, 17, 0.8571137736529778
0, 156, 808, 17, 17, 0.8895083573788782
0, 649, 690, 21, 18, 0.8526436859373485
0, 156, 852, 17, 18, 0.8327201228863987
0, 656, 586, 21, 22, 0.8461099478145767
0, 306, 667, 16, 20, 0.8899758889910123
0, 948, 139, 20, 18, 0.8336370889365158
0, 257, 994, 15, 10, 0.8288761696679767
0, 13, 603, 22, 18, 0.8421618532347016
0, 75, 642, 14, 15, 0.9022135235884917
0, 55, 249, 20, 18, 0.8332078736149202
