0, 211, 412, 18, 19, 0.8643716220091134
0, 454, 606, 16, 19, 0.8797206377611545
0, 221, 432, 15, 17, 0.8848682680310599
0, 183, 393, 14, 15, 0.8994741191793114
0, 97, 770, 16, 15, 0.8641865950559513
0, 533, 353, 17, 19, 0.8791014365696065
0, 146, 382, 16, 17, 0.8804669103454154
0, 486, 590, 17, 16, 0.877482861586209
0, 195, 380, 13, 17, 0.9057186092148848
0, 416, 166, 19, 18, 0.8123621983538245
0, 399, 715, 15, 19, 0.8915699355565718
0, 519, 508, 15, 16, 0.8785488700024586
0, 609, 507, 16, 15, 0.9055538722890222
0, 487, 541, 15, 15, 0.8659179056084667
0, 400, 157, 17, 16, 0.9042373006109372
0, 209, 455, 17, 18, 0.8676744744204492
0, 389, 780, 17, 14, 0.9050697355262728
0, 577, 553, 16, 15, 0.8723931876368679
0, 241, 443, 18, 19, 0.8632175841045724
0, 816, 919, 14, 14, 0.8830351624223899
0, 45, 124, 18, 19, 0.8576511647450329
0, 246, 467, 17, 17, 0.8470316199068428
0, 232, 504, 16, 20, 0.8775794223123667
0, 929, 430, 16, 19, 0.8649393520013108
0, 18, 128, 15, 16, 0.8841109215555252
0, 201, 394, 13, 14, 0.9000506112251863
0, 377, 255, 16, 14, 0.8835161214271476
0, 570, 532, 17, 15, 0.8427696180483816
0, 236, 397, 16, 15, 0.8620317770845037
0, 527, 284, 14, 16, 0.907104433949766
0, 548, 268, 15, 16, 0.8997669544156524
0, 217, 388, 14, 14, 0.8841163895746562
0, 239, 381, 14, 16, 0.8729603052037866
0, 990, 268, 16, 16, 0.840878819741554
0, 984, 683, 15, 17, 0.9170619632489863
0, 472, 599, 17, 14, 0.8464993136055686
0, 392, 746, 14, 18, 0.8746513959505863
0, 365, 742, 15, 17, 0.8377826064700207
0, 508, 334, 16, 18, 0.8571715187038392
0, 437, 617, 15, 20, 0.8734114610484518
0, 142, 357, 18, 24, 0.8590003611624646
0, 6, 134, 12, 15, 0.8934149882895883
0, 958, 988, 14, 14, 0.8729866164589937
0, 533, 256, 14, 15, 0.8565223200515587
0, 66, 745, 17, 16, 0.8803869788400694
0, 608, 543, 16, 15, 0.8740892439256289
0, 991, 246, 16, 19, 0.8358183455803383
0, 192, 409, 15, 16, 0.8952082568196048
0, 421, 673, 15, 18, 0.8667487167520577
0, 592, 547, 14, 15, 0.8815395890445713
0, 400, 681, 17, 18, 0.8790363493443064
0, 169, 414, 12, 15, 0.8788368178325777
0, 94, 748, 18, 15, 0.8659787563599708
0, 157, 431, 15, 16, 0.8809947310716212
0, 82, 734, 14, 14, 0.8697124939687279
0, 606, 344, 13, 17, 0.8784806025072891
0, 506, 606, 14, 15, 0.8823754170736036
0, 193, 464, 16, 16, 0.8424487425179965
0, 468, 545, 15, 15, 0.8643818564665318
0, 776, 848, 16, 17, 0.8699614008659124
0, 549, 319, 17, 17, 0.9181733320395483
0, 868, 994, 15, 11, 0.8289983514324466
0, 384, 716, 16, 16, 0.8900161482982809
0, 801, 298, 14, 15, 0.8712658739772762
0, 435, 657, 15, 18, 0.8752935445515113
0, 589, 509, 16, 14, 0.8824343741002134
0, 519, 340, 14, 18, 0.8764772188308703
0, 195, 334, 13, 16, 0.816052007900662
0, 118, 401, 20, 18, 0.8674358838775551
0, 209, 254, 17, 22, 0.8305979148207258
0, 101, 417, 16, 18, 0.8511664740543997
0, 352, 433, 14, 14, 0.8845204139211901
0, 953, 344, 19, 18, 0.8614008361407515
0, 980, 375, 15, 13, 0.8814373634290495
0, 261, 44, 17, 18, 0.851859893351327
0, 831, 945, 15, 16, 0.8723318328549287
0, 359, 178, 16, 18, 0.8542006657850015
0, 177, 355, 17, 15, 0.8541613740942714
0, 563, 481, 16, 16, 0.829155928515299
0, 96, 437, 16, 21, 0.8695145406478757
0, 383, 149, 14, 17, 0.8863675633296169
0, 514, 317, 13, 13, 0.8490426478886487
0, 674, 588, 18, 17, 0.8681104337825439
0, 205, 339, 13, 16, 0.8720113893086338
0, 578, 953, 14, 14, 0.8806453220973176
0, 216, 473, 15, 15, 0.9024432426239308
0, 414, 181, 18, 14, 0.8689351628727684
0, 821, 256, 16, 18, 0.8859078532482678
0, 270, 4, 18, 9, 0.8566942299706712
0, 422, 630, 17, 20, 0.8990787320997654
0, 806, 934, 13, 16, 0.8696132682269266
0, 559, 555, 17, 13, 0.8283300509552468
0, 563, 500, 16, 14, 0.8767751790080177
0, 983, 708, 17, 19, 0.859627701910785
0, 542, 461, 15, 19, 0.8656206666209347
0, 174, 193, 15, 20, 0.8715047458814642
0, 604, 462, 18, 15, 0.8422758989912739
0, 64, 770, 19, 14, 0.8663879397778016
0, 308, 452, 15, 15, 0.8921107704767892
0, 585, 236, 16, 15, 0.8679736640912805
0, 507, 518, 15, 15, 0.828841257655938
0, 488, 606, 18, 15, 0.8579395688215684
0, 786, 885, 16, 15, 0.8783518305919519
0, 496, 528, 14, 16, 0.9308441243014036
0, 578, 371, 13, 14, 0.8828770879147751
0, 252, 7, 15, 14, 0.8625764360555733
0, 457, 568, 15, 16, 0.8838567931640958
0, 247, 76, 17, 17, 0.8286341061073248
0, 522, 369, 16, 17, 0.8623145405924768
0, 167, 724, 16, 16, 0.8598012747998255
0, 837, 207, 14, 16, 0.8847648563244727
0, 393, 259, 13, 16, 0.923866547396261
0, 619, 372, 17, 14, 0.8734605559362939
0, 418, 230, 14, 15, 0.8409481027980921
0, 816, 887, 12, 16, 0.8912421111691057
0, 506, 408, 15, 17, 0.8903731931511276
0, 840, 858, 15, 16, 0.896016830409933
0, 252, 61, 17, 14, 0.8325143222679444
0, 882, 170, 15, 17, 0.9388092568729451
0, 514, 540, 23, 14, 0.8613708301302129
0, 636, 514, 16, 19, 0.8790810442490838
0, 193, 367, 12, 14, 0.866146192475716
0, 622, 514, 15, 15, 0.9136326704964839
0, 439, 637, 13, 16, 0.8353889232103624
0, 913, 131, 18, 17, 0.8602373918851355
0, 515, 276, 14, 14, 0.8635696887775729
0, 81, 801, 16, 15, 0.8776407382015526
0, 507, 352, 15, 15, 0.9166360676539917
0, 351, 954, 15, 16, 0.9105325248596571
0, 529, 322, 14, 17, 0.8806516438391419
0, 576, 659, 16, 15, 0.8485912229759854
0, 484, 559, 14, 15, 0.8840636873461595
0, 184, 773, 17, 16, 0.8627449430651715
0, 421, 539, 18, 17, 0.83798130665025
0, 801, 868, 16, 16, 0.8587041744474638
0, 620, 591, 14, 16, 0.8670108536923161
0, 475, 652, 15, 17, 0.8878474133678798
0, 99, 815, 16, 18, 0.8989223119227374
0, 521, 403, 14, 22, 0.9134885815778414
0, 33, 153, 18, 13, 0.8473279398445155
0, 238, 484, 18, 16, 0.8940080986425205
0, 593, 599, 14, 15, 0.8713309960443513
0, 22, 315, 16, 20, 0.8315813766036834
0, 534, 237, 14, 15, 0.8877177270583051
0, 619, 530, 16, 14, 0.8970817473430226
0, 596, 61, 16, 19, 0.8852090756290734
0, 995, 808, 8, 15, 0.832048192077393
0, 991, 394, 16, 15, 0.8282866844911718
0, 963, 427, 16, 15, 0.8751276648509002
0, 181, 172, 14, 19, 0.8293386206115826
0, 306, 954, 16, 14, 0.8347997217638535
0, 333, 397, 16, 17, 0.8989795156589038
0, 556, 969, 14, 14, 0.8495984997639677
0, 482, 342, 14, 23, 0.8787009952587668
0, 372, 172, 13, 15, 0.8743789595716895
0, 159, 744, 14, 15, 0.8614742152079018
0, 406, 263, 13, 14, 0.8941991870419137
0, 987, 976, 16, 15, 0.8623495123428213
0, 294, 967, 16, 18, 0.8667693672209984
0, 577, 492, 17, 19, 0.8591372519144831
0, 122, 385, 13, 15, 0.893972802535056
0, 102, 717, 14, 17, 0.8611940269671057
0, 188, 306, 15, 18, 0.8588979082056554
0, 324, 981, 14, 16, 0.8860384120299925
0, 613, 572, 17, 17, 0.8971853966211125
0, 308, 444, 16, 20, 0.8607436007522514
0, 10, 289, 15, 15, 0.8610552613965791
0, 750, 59, 17, 18, 0.8596121182206478
0, 534, 650, 14, 15, 0.864994692315632
0, 102, 854, 13, 15, 0.8921149340045784
0, 258, 111, 15, 16, 0.8976905989204899
0, 134, 880, 14, 18, 0.872460536302842
0, 848, 235, 15, 19, 0.8314412046159069
0, 853, 911, 15, 14, 0.8389847717316071
0, 90, 847, 13, 15, 0.8492171584893938
0, 747, 871, 14, 15, 0.8849241509654902
0, 495, 503, 17, 19, 0.8942219794659048
0, 250, 498, 17, 20, 0.8472786897835456
0, 364, 220, 17, 18, 0.8715469634589208
0, 508, 642, 15, 18, 0.8866283095110529
0, 640, 975, 18, 15, 0.8561663373561393
0, 338, 731, 15, 16, 0.8878591049268312
0, 192, 206, 18, 16, 0.8440705254586697
0, 28, 142, 16, 14, 0.8307688703664861
0, 53, 157, 18, 14, 0.8568500261858947
0, 351, 199, 13, 16, 0.9119268431119989
0, 540, 509, 14, 14, 0.8755244556352577
0, 502, 285, 13, 14, 0.9115975836711803
0, 251, 394, 14, 16, 0.8675598889231542
0, 367, 388, 14, 14, 0.875351102802908
