0, 401.0, 761.0, 21.0, 20.0, 0.34573692083358765
0, 571.0, 702.0, 17.0, 17.0, 0.33976322412490845
0, 579.0, 688.0, 16.0, 18.0, 0.2766586244106293
0, 375.0, 727.0, 19.0, 19.0, 0.2653734087944031
0, 606.0, 707.0, 15.0, 13.0, 0.2626747786998749
0, 414.0, 724.0, 16.0, 15.0, 0.21759887039661407
0, 577.0, 798.0, 22.0, 20.0, 0.21535204350948334
0, 591.0, 706.0, 17.0, 13.0, 0.20787030458450317
0, 330.0, 738.0, 16.0, 16.0, 0.20499706268310547
0, 841.0, 353.0, 16.0, 19.0, 0.18838278949260712
0, 829.0, 328.0, 15.0, 15.0, 0.18235670030117035
0, 564.0, 759.0, 18.0, 17.0, 0.17911729216575623
0, 450.0, 724.0, 17.0, 17.0, 0.1766832023859024
0, 820.0, 347.0, 17.0, 19.0, 0.17504380643367767
0, 374.0, 669.0, 21.0, 16.0, 0.17369487881660461
0, 775.0, 828.0, 20.0, 19.0, 0.16793133318424225
0, 577.0, 718.0, 14.0, 13.0, 0.16280923783779144
0, 238.0, 333.0, 17.0, 16.0, 0.16096629202365875
0, 807.0, 339.0, 16.0, 15.0, 0.15808258950710297
0, 205.0, 745.0, 15.0, 17.0, 0.15185140073299408
0, 401.0, 698.0, 17.0, 19.0, 0.15127956867218018
0, 596.0, 8.0, 15.0, 16.0, 0.1478722244501114
0, 215.0, 313.0, 20.0, 18.0, 0.1387535035610199
0, 264.0, 286.0, 17.0, 19.0, 0.13835860788822174
0, 821.0, 379.0, 19.0, 18.0, 0.1370754987001419
0, 381.0, 916.0, 22.0, 20.0, 0.13610512018203735
0, 449.0, 846.0, 20.0, 22.0, 0.12900161743164062
0, 20.0, 770.0, 16.0, 19.0, 0.12827838957309723
0, 292.0, 697.0, 17.0, 21.0, 0.12738385796546936
0, 561.0, 389.0, 15.0, 15.0, 0.12452755123376846
0, 609.0, 734.0, 17.0, 14.0, 0.1224072203040123
0, 672.0, 4.0, 12.0, 8.0, 0.1210917979478836
0, 239.0, 267.0, 18.0, 17.0, 0.11803434044122696
0, 530.0, 662.0, 21.0, 17.0, 0.11515496671199799
0, 428.0, 732.0, 16.0, 15.0, 0.11483540385961533
0, 360.0, 704.0, 18.0, 19.0, 0.11126098036766052
0, 377.0, 707.0, 17.0, 21.0, 0.10795621573925018
0, 142.0, 566.0, 19.0, 20.0, 0.10750732570886612
0, 588.0, 731.0, 15.0, 14.0, 0.10683519393205643
0, 802.0, 380.0, 19.0, 18.0, 0.1065429151058197
0, 463.0, 710.0, 18.0, 15.0, 0.10616365820169449
0, 66.0, 671.0, 22.0, 21.0, 0.1058383509516716
0, 98.0, 630.0, 13.0, 18.0, 0.10558111220598221
0, 631.0, 382.0, 17.0, 20.0, 0.10483517497777939
0, 161.0, 557.0, 24.0, 22.0, 0.10439550131559372
0, 422.0, 842.0, 17.0, 17.0, 0.10408008098602295
0, 685.0, 493.0, 15.0, 19.0, 0.10401278734207153
0, 810.0, 363.0, 22.0, 17.0, 0.1031554639339447
0, 367.0, 904.0, 15.0, 17.0, 0.1017058789730072
0, 347.0, 717.0, 16.0, 15.0, 0.10082865506410599
0, 689.0, 950.0, 20.0, 17.0, 0.09114401787519455
0, 994.0, 614.0, 10.0, 16.0, 0.09106622636318207
0, 318.0, 714.0, 18.0, 17.0, 0.09001679718494415
0, 868.0, 861.0, 17.0, 17.0, 0.08697323501110077
0, 204.0, 277.0, 16.0, 16.0, 0.08624385297298431
0, 356.0, 584.0, 17.0, 20.0, 0.08509919047355652
0, 366.0, 601.0, 18.0, 15.0, 0.08309929072856903
0, 392.0, 712.0, 17.0, 18.0, 0.08183138072490692
0, 495.0, 731.0, 26.0, 18.0, 0.08099213242530823
0, 536.0, 766.0, 18.0, 18.0, 0.07727791368961334
0, 773.0, 844.0, 19.0, 18.0, 0.07594495266675949
0, 361.0, 740.0, 18.0, 20.0, 0.07464651763439178
0, 476.0, 844.0, 15.0, 16.0, 0.07388677448034286
0, 147.0, 585.0, 21.0, 16.0, 0.07346076518297195
0, 554.0, 776.0, 20.0, 15.0, 0.07338179647922516
0, 88.0, 608.0, 15.0, 13.0, 0.07261157780885696
0, 501.0, 751.0, 18.0, 14.0, 0.07243252545595169
0, 772.0, 809.0, 16.0, 17.0, 0.07101719826459885
0, 995.0, 894.0, 9.0, 14.0, 0.07029492408037186
0, 553.0, 747.0, 20.0, 13.0, 0.06980232894420624
0, 569.0, 819.0, 15.0, 18.0, 0.06953632831573486
0, 815.0, 324.0, 14.0, 16.0, 0.069216787815094
0, 803.0, 394.0, 17.0, 11.0, 0.06906355172395706
0, 470.0, 727.0, 19.0, 13.0, 0.06898035854101181
0, 298.0, 734.0, 17.0, 17.0, 0.06868454813957214
0, 635.0, 409.0, 16.0, 15.0, 0.06851784884929657
0, 376.0, 765.0, 16.0, 21.0, 0.06813294440507889
0, 558.0, 442.0, 17.0, 20.0, 0.06787274032831192
0, 224.0, 330.0, 19.0, 17.0, 0.06771719455718994
0, 432.0, 828.0, 16.0, 16.0, 0.06506004929542542
0, 678.0, 474.0, 15.0, 15.0, 0.06505581736564636
0, 542.0, 727.0, 18.0, 15.0, 0.06482092291116714
0, 36.0, 685.0, 17.0, 16.0, 0.06455090641975403
0, 226.0, 283.0, 18.0, 17.0, 0.0642317533493042
0, 69.0, 649.0, 19.0, 16.0, 0.06397748738527298
0, 427.0, 768.0, 18.0, 13.0, 0.0635492280125618
0, 564.0, 787.0, 17.0, 17.0, 0.061615005135536194
0, 863.0, 878.0, 18.0, 16.0, 0.06141968443989754
0, 782.0, 301.0, 14.0, 15.0, 0.06138507276773453
0, 254.0, 328.0, 14.0, 16.0, 0.05926128104329109
0, 34.0, 764.0, 15.0, 18.0, 0.05847987160086632
0, 754.0, 852.0, 20.0, 14.0, 0.05825352296233177
0, 251.0, 272.0, 19.0, 17.0, 0.056309137493371964
0, 140.0, 643.0, 16.0, 14.0, 0.05622921884059906
0, 719.0, 903.0, 17.0, 15.0, 0.056158144026994705
0, 551.0, 343.0, 15.0, 19.0, 0.05484941974282265
0, 620.0, 398.0, 16.0, 15.0, 0.054686255753040314
0, 214.0, 305.0, 21.0, 24.0, 0.05448665842413902
0, 993.0, 918.0, 13.0, 18.0, 0.05444164201617241
0, 242.0, 768.0, 16.0, 15.0, 0.05436379835009575
0, 354.0, 565.0, 16.0, 14.0, 0.054279692471027374
0, 211.0, 297.0, 18.0, 17.0, 0.05414676293730736
0, 758.0, 836.0, 21.0, 25.0, 0.05386380851268768
0, 138.0, 622.0, 16.0, 17.0, 0.05370265245437622
0, 83.0, 700.0, 20.0, 20.0, 0.05355190113186836
0, 230.0, 309.0, 15.0, 14.0, 0.053348664194345474
0, 375.0, 749.0, 16.0, 15.0, 0.0519549697637558
0, 691.0, 481.0, 15.0, 14.0, 0.051739808171987534
0, 514.0, 867.0, 21.0, 16.0, 0.050095684826374054
