0, 530.0, 103.0, 22.0, 21.0, 0.4426330327987671
0, 930.0, 642.0, 19.0, 19.0, 0.40754401683807373
0, 510.0, 885.0, 16.0, 17.0, 0.3920978903770447
0, 660.0, 663.0, 22.0, 21.0, 0.38443461060523987
0, 442.0, 608.0, 16.0, 17.0, 0.36576271057128906
0, 535.0, 80.0, 22.0, 19.0, 0.3459228575229645
0, 546.0, 116.0, 18.0, 17.0, 0.34512993693351746
0, 840.0, 264.0, 20.0, 23.0, 0.3245869278907776
0, 381.0, 40.0, 17.0, 18.0, 0.3197168707847595
0, 982.0, 6.0, 18.0, 13.0, 0.3188205063343048
0, 557.0, 85.0, 22.0, 21.0, 0.3136179447174072
0, 415.0, 885.0, 19.0, 24.0, 0.3042944073677063
0, 615.0, 89.0, 20.0, 18.0, 0.29734328389167786
0, 424.0, 612.0, 18.0, 21.0, 0.2827916741371155
0, 17.0, 731.0, 18.0, 20.0, 0.2789142429828644
0, 215.0, 683.0, 16.0, 17.0, 0.2668163776397705
0, 341.0, 701.0, 15.0, 18.0, 0.26139703392982483
0, 346.0, 132.0, 18.0, 18.0, 0.25226137042045593
0, 208.0, 667.0, 17.0, 17.0, 0.2512248754501343
0, 825.0, 418.0, 18.0, 14.0, 0.25027012825012207
0, 286.0, 681.0, 15.0, 16.0, 0.24947550892829895
0, 238.0, 180.0, 22.0, 15.0, 0.24334940314292908
0, 373.0, 24.0, 14.0, 15.0, 0.24273255467414856
0, 935.0, 216.0, 16.0, 22.0, 0.2213030457496643
0, 447.0, 583.0, 17.0, 18.0, 0.22081713378429413
0, 419.0, 724.0, 17.0, 15.0, 0.21967481076717377
0, 918.0, 618.0, 19.0, 17.0, 0.21848297119140625
0, 955.0, 478.0, 14.0, 16.0, 0.21481086313724518
0, 320.0, 22.0, 15.0, 14.0, 0.21477821469306946
0, 933.0, 665.0, 14.0, 17.0, 0.21396929025650024
0, 217.0, 5.0, 15.0, 10.0, 0.21363452076911926
0, 939.0, 246.0, 19.0, 20.0, 0.21307812631130219
0, 810.0, 411.0, 15.0, 15.0, 0.21170496940612793
0, 350.0, 819.0, 16.0, 16.0, 0.20603933930397034
0, 764.0, 353.0, 14.0, 13.0, 0.2054581642150879
0, 336.0, 644.0, 15.0, 23.0, 0.2041279375553131
0, 323.0, 9.0, 19.0, 17.0, 0.19001716375350952
0, 961.0, 6.0, 18.0, 13.0, 0.18738512694835663
0, 308.0, 746.0, 22.0, 18.0, 0.18402907252311707
0, 356.0, 35.0, 16.0, 26.0, 0.1785302460193634
0, 714.0, 425.0, 16.0, 16.0, 0.178495392203331
0, 809.0, 258.0, 17.0, 16.0, 0.17476332187652588
0, 545.0, 194.0, 17.0, 19.0, 0.17433278262615204
0, 731.0, 284.0, 16.0, 16.0, 0.17319230735301971
0, 651.0, 245.0, 14.0, 14.0, 0.17119862139225006
0, 689.0, 203.0, 20.0, 21.0, 0.16824409365653992
0, 355.0, 16.0, 14.0, 16.0, 0.16550372540950775
0, 606.0, 201.0, 22.0, 27.0, 0.16459770500659943
0, 302.0, 685.0, 16.0, 15.0, 0.16446375846862793
0, 356.0, 879.0, 17.0, 18.0, 0.16371510922908783
0, 817.0, 372.0, 17.0, 15.0, 0.16298192739486694
0, 268.0, 198.0, 17.0, 13.0, 0.16263358294963837
0, 263.0, 684.0, 14.0, 15.0, 0.16226528584957123
0, 697.0, 472.0, 18.0, 20.0, 0.16204871237277985
0, 913.0, 648.0, 20.0, 21.0, 0.16164900362491608
0, 255.0, 904.0, 24.0, 20.0, 0.16087448596954346
0, 961.0, 462.0, 17.0, 17.0, 0.1578865349292755
0, 766.0, 430.0, 16.0, 14.0, 0.15655159950256348
0, 799.0, 244.0, 16.0, 18.0, 0.15510529279708862
0, 243.0, 197.0, 15.0, 16.0, 0.15427838265895844
0, 836.0, 376.0, 15.0, 16.0, 0.1526903659105301
0, 541.0, 901.0, 16.0, 21.0, 0.15084946155548096
0, 342.0, 354.0, 19.0, 18.0, 0.1507212072610855
0, 330.0, 431.0, 20.0, 19.0, 0.1497381031513214
0, 349.0, 426.0, 15.0, 20.0, 0.14653559029102325
0, 666.0, 251.0, 20.0, 13.0, 0.14395156502723694
0, 942.0, 406.0, 18.0, 19.0, 0.1430431753396988
0, 257.0, 185.0, 15.0, 17.0, 0.14269442856311798
0, 326.0, 224.0, 19.0, 20.0, 0.14215151965618134
0, 429.0, 146.0, 21.0, 21.0, 0.1391412317752838
0, 442.0, 90.0, 14.0, 14.0, 0.1369093358516693
0, 343.0, 682.0, 16.0, 16.0, 0.13579362630844116
0, 269.0, 105.0, 15.0, 15.0, 0.13547956943511963
0, 207.0, 181.0, 17.0, 16.0, 0.13535743951797485
0, 428.0, 936.0, 19.0, 15.0, 0.13388368487358093
0, 6.0, 692.0, 12.0, 15.0, 0.13372285664081573
0, 697.0, 690.0, 21.0, 22.0, 0.13301685452461243
0, 948.0, 852.0, 18.0, 22.0, 0.13282695412635803
0, 230.0, 692.0, 15.0, 23.0, 0.1316361278295517
0, 740.0, 9.0, 17.0, 17.0, 0.13151268661022186
0, 356.0, 408.0, 15.0, 14.0, 0.1293216049671173
0, 685.0, 311.0, 17.0, 19.0, 0.12929214537143707
0, 363.0, 618.0, 16.0, 15.0, 0.12811344861984253
0, 518.0, 867.0, 15.0, 15.0, 0.12686163187026978
0, 408.0, 72.0, 19.0, 17.0, 0.12677259743213654
0, 411.0, 579.0, 15.0, 16.0, 0.12637096643447876
0, 28.0, 679.0, 15.0, 17.0, 0.1261732429265976
0, 308.0, 426.0, 17.0, 18.0, 0.1245492622256279
0, 801.0, 534.0, 16.0, 16.0, 0.1231146976351738
0, 709.0, 219.0, 15.0, 17.0, 0.12222976237535477
0, 504.0, 979.0, 14.0, 22.0, 0.12197458744049072
0, 922.0, 354.0, 14.0, 14.0, 0.12152040749788284
0, 902.0, 659.0, 19.0, 15.0, 0.12074892967939377
0, 665.0, 58.0, 18.0, 19.0, 0.12024958431720734
0, 567.0, 351.0, 19.0, 20.0, 0.12016121298074722
0, 715.0, 707.0, 18.0, 18.0, 0.11943712085485458
0, 4.0, 677.0, 9.0, 15.0, 0.11716906726360321
0, 704.0, 663.0, 16.0, 19.0, 0.11641665548086166
0, 431.0, 744.0, 14.0, 15.0, 0.11628662049770355
0, 606.0, 73.0, 16.0, 14.0, 0.11481478810310364
0, 448.0, 177.0, 13.0, 17.0, 0.11470092087984085
0, 655.0, 296.0, 18.0, 15.0, 0.11429889500141144
0, 988.0, 777.0, 15.0, 14.0, 0.11384361982345581
0, 989.0, 368.0, 18.0, 16.0, 0.11365152150392532
0, 926.0, 373.0, 13.0, 20.0, 0.1127365306019783
0, 309.0, 995.0, 17.0, 9.0, 0.1118454784154892
0, 410.0, 94.0, 17.0, 19.0, 0.1110534593462944
0, 272.0, 125.0, 15.0, 14.0, 0.11008336395025253
0, 785.0, 44.0, 19.0, 14.0, 0.109709732234478
0, 316.0, 860.0, 14.0, 17.0, 0.1091151162981987
0, 710.0, 111.0, 22.0, 18.0, 0.10910424590110779
0, 391.0, 721.0, 17.0, 14.0, 0.10892118513584137
0, 341.0, 799.0, 15.0, 15.0, 0.10741888731718063
0, 360.0, 825.0, 20.0, 21.0, 0.1062939465045929
0, 607.0, 104.0, 16.0, 14.0, 0.10600064694881439
0, 765.0, 110.0, 18.0, 14.0, 0.10521042346954346
0, 188.0, 762.0, 18.0, 20.0, 0.10518328845500946
0, 676.0, 224.0, 18.0, 23.0, 0.10430580377578735
0, 183.0, 485.0, 18.0, 15.0, 0.10408075153827667
0, 724.0, 854.0, 14.0, 16.0, 0.10380122810602188
0, 430.0, 951.0, 15.0, 14.0, 0.10372604429721832
0, 819.0, 592.0, 18.0, 15.0, 0.10347611457109451
0, 436.0, 122.0, 14.0, 18.0, 0.10224025696516037
0, 309.0, 953.0, 17.0, 19.0, 0.1018405333161354
0, 365.0, 821.0, 23.0, 18.0, 0.10034186393022537
