0, 60.0, 51.0, 19.0, 18.0, 0.6284816265106201
0, 409.0, 16.0, 23.0, 24.0, 0.6046113967895508
0, 193.0, 10.0, 23.0, 20.0, 0.5934939384460449
0, 892.0, 193.0, 17.0, 24.0, 0.5879954099655151
0, 510.0, 257.0, 19.0, 22.0, 0.5742980241775513
0, 346.0, 190.0, 20.0, 21.0, 0.573064923286438
0, 183.0, 56.0, 24.0, 23.0, 0.5594279766082764
0, 173.0, 38.0, 17.0, 18.0, 0.5460960865020752
0, 428.0, 678.0, 35.0, 26.0, 0.5411668419837952
0, 426.0, 527.0, 28.0, 34.0, 0.5117519497871399
0, 118.0, 854.0, 27.0, 25.0, 0.5038456320762634
