0, 356.0, 584.0, 17.0, 19.0, 0.9961677193641663
0, 449.0, 725.0, 15.0, 14.0, 0.9938580393791199
0, 552.0, 747.0, 21.0, 15.0, 0.9927540421485901
0, 580.0, 686.0, 16.0, 14.0, 0.992417573928833
0, 87.0, 609.0, 16.0, 13.0, 0.991135835647583
0, 375.0, 727.0, 17.0, 18.0, 0.9909523725509644
0, 570.0, 702.0, 16.0, 16.0, 0.9908906817436218
0, 541.0, 727.0, 20.0, 17.0, 0.9905737042427063
0, 365.0, 600.0, 21.0, 13.0, 0.9904146194458008
0, 461.0, 709.0, 16.0, 14.0, 0.9904007315635681
0, 577.0, 798.0, 25.0, 19.0, 0.9900391697883606
0, 401.0, 760.0, 24.0, 19.0, 0.9887844324111938
0, 412.0, 724.0, 18.0, 14.0, 0.9885357022285461
0, 360.0, 637.0, 16.0, 14.0, 0.9882614016532898
0, 341.0, 686.0, 17.0, 18.0, 0.9868773818016052
0, 775.0, 625.0, 15.0, 15.0, 0.9868521094322205
0, 292.0, 696.0, 19.0, 20.0, 0.9866787791252136
0, 205.0, 744.0, 17.0, 15.0, 0.9864447712898254
0, 822.0, 378.0, 17.0, 19.0, 0.9851238131523132
0, 423.0, 423.0, 16.0, 14.0, 0.9849693775177002
0, 355.0, 564.0, 17.0, 17.0, 0.9840314388275146
0, 596.0, 681.0, 18.0, 18.0, 0.9834778904914856
0, 532.0, 661.0, 17.0, 14.0, 0.9833070039749146
0, 320.0, 715.0, 16.0, 18.0, 0.9827083945274353
0, 690.0, 951.0, 21.0, 17.0, 0.9819344282150269
0, 560.0, 388.0, 16.0, 14.0, 0.9818264245986938
0, 368.0, 904.0, 16.0, 18.0, 0.9815881252288818
0, 565.0, 758.0, 18.0, 18.0, 0.981194794178009
0, 398.0, 696.0, 18.0, 17.0, 0.9810826778411865
0, 978.0, 910.0, 18.0, 14.0, 0.9809154868125916
0, 555.0, 713.0, 16.0, 16.0, 0.9797742962837219
0, 331.0, 736.0, 16.0, 13.0, 0.9794996976852417
0, 474.0, 844.0, 17.0, 15.0, 0.9790594577789307
0, 164.0, 554.0, 23.0, 21.0, 0.9788099527359009
0, 392.0, 714.0, 17.0, 15.0, 0.9787641763687134
0, 396.0, 709.0, 18.0, 19.0, 0.9778180122375488
0, 279.0, 677.0, 21.0, 20.0, 0.9777911305427551
0, 213.0, 672.0, 19.0, 15.0, 0.9777365326881409
0, 406.0, 676.0, 17.0, 16.0, 0.9776890277862549
0, 378.0, 359.0, 11.0, 13.0, 0.9776878952980042
0, 536.0, 766.0, 19.0, 20.0, 0.9775232672691345
0, 17.0, 770.0, 22.0, 19.0, 0.9772180914878845
0, 472.0, 437.0, 18.0, 14.0, 0.9771819710731506
0, 68.0, 671.0, 17.0, 18.0, 0.9769917130470276
0, 771.0, 809.0, 17.0, 18.0, 0.9769708514213562
0, 558.0, 443.0, 18.0, 21.0, 0.9768421053886414
0, 372.0, 621.0, 17.0, 17.0, 0.9768304824829102
0, 862.0, 723.0, 17.0, 14.0, 0.9767593741416931
0, 483.0, 695.0, 22.0, 17.0, 0.9766309857368469
0, 400.0, 423.0, 16.0, 13.0, 0.9763577580451965
0, 672.0, 574.0, 17.0, 16.0, 0.9759383797645569
0, 809.0, 362.0, 18.0, 14.0, 0.9750794172286987
0, 579.0, 717.0, 15.0, 14.0, 0.9747940897941589
0, 378.0, 707.0, 19.0, 18.0, 0.9742354154586792
0, 169.0, 621.0, 17.0, 15.0, 0.9740548133850098
0, 858.0, 789.0, 16.0, 15.0, 0.9734395742416382
0, 519.0, 725.0, 14.0, 13.0, 0.9710917472839355
0, 589.0, 731.0, 16.0, 14.0, 0.9709433913230896
0, 58.0, 724.0, 16.0, 16.0, 0.9700380563735962
0, 522.0, 699.0, 18.0, 15.0, 0.9699780941009521
0, 332.0, 687.0, 15.0, 14.0, 0.9698097705841064
0, 70.0, 648.0, 14.0, 14.0, 0.9693743586540222
0, 147.0, 585.0, 18.0, 16.0, 0.9693402051925659
0, 501.0, 750.0, 18.0, 14.0, 0.9686456322669983
0, 495.0, 731.0, 21.0, 22.0, 0.9684924483299255
0, 520.0, 683.0, 15.0, 16.0, 0.9684774875640869
0, 548.0, 407.0, 15.0, 14.0, 0.9682419300079346
0, 206.0, 275.0, 16.0, 15.0, 0.9681820273399353
0, 15.0, 706.0, 17.0, 16.0, 0.967517614364624
0, 704.0, 895.0, 20.0, 12.0, 0.9674631357192993
0, 272.0, 548.0, 14.0, 13.0, 0.9666705131530762
0, 450.0, 845.0, 22.0, 20.0, 0.9665112495422363
0, 569.0, 403.0, 16.0, 15.0, 0.9665054082870483
0, 381.0, 916.0, 17.0, 19.0, 0.9664673209190369
0, 264.0, 289.0, 18.0, 20.0, 0.9663558006286621
0, 883.0, 623.0, 17.0, 16.0, 0.9662814140319824
0, 374.0, 669.0, 18.0, 14.0, 0.9661733508110046
0, 446.0, 815.0, 18.0, 17.0, 0.9656744003295898
0, 144.0, 978.0, 14.0, 20.0, 0.9656540751457214
0, 83.0, 699.0, 17.0, 17.0, 0.9655755758285522
0, 216.0, 312.0, 18.0, 14.0, 0.9654697775840759
0, 631.0, 381.0, 14.0, 20.0, 0.9651744365692139
0, 603.0, 390.0, 18.0, 14.0, 0.9651567935943604
0, 390.0, 363.0, 14.0, 16.0, 0.9647699594497681
0, 530.0, 738.0, 15.0, 15.0, 0.9645193219184875
0, 890.0, 935.0, 23.0, 20.0, 0.9642969369888306
0, 137.0, 621.0, 20.0, 16.0, 0.9641108512878418
0, 895.0, 914.0, 16.0, 15.0, 0.9640852808952332
0, 757.0, 834.0, 16.0, 16.0, 0.963978111743927
0, 796.0, 654.0, 17.0, 22.0, 0.9638431072235107
0, 552.0, 319.0, 22.0, 21.0, 0.9636808633804321
0, 296.0, 731.0, 19.0, 21.0, 0.9635146260261536
0, 221.0, 265.0, 17.0, 18.0, 0.9633753299713135
0, 208.0, 728.0, 14.0, 16.0, 0.9633196592330933
0, 548.0, 341.0, 18.0, 18.0, 0.963069498538971
0, 170.0, 600.0, 17.0, 14.0, 0.963038444519043
0, 569.0, 421.0, 17.0, 17.0, 0.9630364775657654
0, 359.0, 703.0, 18.0, 18.0, 0.9630230665206909
0, 696.0, 463.0, 18.0, 16.0, 0.9630004167556763
0, 720.0, 880.0, 16.0, 19.0, 0.9621334671974182
0, 438.0, 370.0, 19.0, 16.0, 0.9618633985519409
0, 805.0, 379.0, 16.0, 17.0, 0.9616870880126953
0, 831.0, 327.0, 15.0, 17.0, 0.9612874984741211
0, 155.0, 635.0, 16.0, 15.0, 0.9611222743988037
0, 333.0, 752.0, 18.0, 15.0, 0.9606909155845642
0, 941.0, 668.0, 21.0, 16.0, 0.9605569243431091
0, 212.0, 654.0, 15.0, 16.0, 0.9604791402816772
0, 306.0, 715.0, 14.0, 17.0, 0.9603972434997559
0, 608.0, 734.0, 16.0, 13.0, 0.9603478908538818
0, 821.0, 346.0, 17.0, 17.0, 0.9597522616386414
0, 765.0, 595.0, 19.0, 15.0, 0.9595603346824646
0, 969.0, 571.0, 13.0, 14.0, 0.9593929052352905
0, 85.0, 564.0, 15.0, 17.0, 0.9591715335845947
0, 471.0, 726.0, 19.0, 14.0, 0.9589895009994507
0, 188.0, 638.0, 17.0, 13.0, 0.9588794112205505
0, 772.0, 843.0, 18.0, 21.0, 0.9587162733078003
0, 893.0, 600.0, 15.0, 13.0, 0.9586688280105591
0, 95.0, 591.0, 17.0, 17.0, 0.9585293531417847
0, 331.0, 703.0, 16.0, 18.0, 0.9578593969345093
0, 240.0, 333.0, 16.0, 15.0, 0.9575843214988708
0, 111.0, 628.0, 14.0, 18.0, 0.956905722618103
0, 925.0, 603.0, 15.0, 17.0, 0.9568490982055664
0, 867.0, 859.0, 19.0, 16.0, 0.9568303227424622
0, 483.0, 675.0, 17.0, 14.0, 0.9567311406135559
0, 458.0, 800.0, 18.0, 15.0, 0.9565860033035278
0, 262.0, 284.0, 16.0, 16.0, 0.9564422965049744
0, 287.0, 432.0, 19.0, 12.0, 0.9562504887580872
0, 440.0, 791.0, 17.0, 15.0, 0.9556294679641724
0, 514.0, 658.0, 17.0, 12.0, 0.9555832743644714
0, 854.0, 743.0, 19.0, 19.0, 0.9552537798881531
0, 678.0, 473.0, 18.0, 12.0, 0.9546489119529724
0, 444.0, 396.0, 14.0, 15.0, 0.9537957906723022
0, 807.0, 340.0, 15.0, 17.0, 0.9533800482749939
0, 733.0, 891.0, 15.0, 17.0, 0.9532085657119751
0, 884.0, 680.0, 16.0, 16.0, 0.9528270959854126
0, 467.0, 680.0, 14.0, 15.0, 0.9526466131210327
0, 59.0, 745.0, 15.0, 14.0, 0.9525652527809143
0, 375.0, 625.0, 17.0, 17.0, 0.9524851441383362
0, 346.0, 735.0, 17.0, 13.0, 0.9522566795349121
0, 834.0, 344.0, 16.0, 14.0, 0.9521793723106384
0, 958.0, 558.0, 13.0, 14.0, 0.9521616697311401
0, 432.0, 826.0, 15.0, 16.0, 0.9521340131759644
0, 255.0, 327.0, 15.0, 20.0, 0.9518285989761353
0, 322.0, 416.0, 15.0, 20.0, 0.9518266320228577
0, 295.0, 580.0, 16.0, 21.0, 0.9514917135238647
0, 346.0, 717.0, 17.0, 20.0, 0.9511072635650635
0, 366.0, 704.0, 18.0, 19.0, 0.9510598182678223
0, 498.0, 741.0, 18.0, 11.0, 0.9509138464927673
0, 209.0, 298.0, 15.0, 17.0, 0.9506527185440063
0, 293.0, 124.0, 14.0, 13.0, 0.9504542946815491
0, 409.0, 742.0, 19.0, 20.0, 0.9503819346427917
0, 499.0, 851.0, 15.0, 14.0, 0.950013279914856
0, 71.0, 628.0, 17.0, 16.0, 0.949819028377533
0, 908.0, 659.0, 16.0, 16.0, 0.9497992396354675
0, 171.0, 640.0, 17.0, 19.0, 0.9496641159057617
0, 540.0, 639.0, 19.0, 15.0, 0.9496290683746338
0, 122.0, 584.0, 17.0, 17.0, 0.9494843482971191
0, 778.0, 827.0, 19.0, 17.0, 0.9489797353744507
0, 596.0, 666.0, 16.0, 7.0, 0.9485254287719727
0, 49.0, 791.0, 19.0, 16.0, 0.9483674764633179
0, 86.0, 613.0, 16.0, 14.0, 0.948215901851654
0, 684.0, 493.0, 17.0, 21.0, 0.9482062458992004
0, 466.0, 755.0, 19.0, 16.0, 0.947617769241333
0, 398.0, 388.0, 14.0, 13.0, 0.9474376440048218
0, 478.0, 870.0, 23.0, 14.0, 0.9472453594207764
0, 268.0, 488.0, 17.0, 14.0, 0.9471851587295532
0, 851.0, 863.0, 12.0, 15.0, 0.9468092918395996
0, 817.0, 323.0, 16.0, 13.0, 0.9466984868049622
0, 971.0, 953.0, 21.0, 17.0, 0.9466952681541443
0, 719.0, 903.0, 15.0, 17.0, 0.9465234875679016
0, 361.0, 388.0, 14.0, 13.0, 0.9463648200035095
0, 37.0, 684.0, 17.0, 13.0, 0.9452956914901733
0, 370.0, 553.0, 15.0, 17.0, 0.9447736144065857
0, 670.0, 324.0, 14.0, 15.0, 0.9446436762809753
0, 982.0, 616.0, 13.0, 15.0, 0.9445324540138245
0, 592.0, 705.0, 16.0, 16.0, 0.9442802667617798
0, 356.0, 941.0, 15.0, 20.0, 0.9441361427307129
0, 376.0, 770.0, 18.0, 14.0, 0.9440344572067261
0, 782.0, 300.0, 14.0, 14.0, 0.9439107775688171
0, 568.0, 306.0, 21.0, 22.0, 0.9435712695121765
0, 427.0, 768.0, 19.0, 13.0, 0.9426935911178589
0, 384.0, 571.0, 17.0, 18.0, 0.9424450397491455
0, 309.0, 559.0, 19.0, 17.0, 0.9424288272857666
0, 142.0, 567.0, 20.0, 20.0, 0.9420937299728394
0, 181.0, 586.0, 14.0, 13.0, 0.9418051838874817
0, 816.0, 363.0, 15.0, 13.0, 0.9417737722396851
0, 732.0, 844.0, 19.0, 18.0, 0.9413905739784241
0, 29.0, 716.0, 15.0, 14.0, 0.941162109375
0, 558.0, 426.0, 16.0, 16.0, 0.9396435022354126
0, 531.0, 697.0, 14.0, 17.0, 0.9395549893379211
0, 185.0, 633.0, 17.0, 19.0, 0.9393787384033203
0, 773.0, 828.0, 20.0, 19.0, 0.9393773674964905
0, 441.0, 758.0, 15.0, 15.0, 0.9390619993209839
0, 677.0, 340.0, 14.0, 13.0, 0.9389061331748962
0, 913.0, 718.0, 18.0, 16.0, 0.9386052489280701
0, 583.0, 643.0, 19.0, 18.0, 0.9385189414024353
0, 861.0, 878.0, 15.0, 14.0, 0.9385149478912354
0, 30.0, 735.0, 16.0, 13.0, 0.9384710788726807
0, 33.0, 701.0, 19.0, 15.0, 0.9383931756019592
0, 531.0, 713.0, 14.0, 14.0, 0.938334584236145
0, 422.0, 708.0, 17.0, 14.0, 0.9369791746139526
0, 954.0, 913.0, 18.0, 16.0, 0.9368771910667419
0, 722.0, 657.0, 18.0, 15.0, 0.9362984895706177
0, 392.0, 621.0, 15.0, 15.0, 0.9362809062004089
0, 228.0, 282.0, 20.0, 17.0, 0.9358772039413452
0, 561.0, 387.0, 13.0, 7.0, 0.9354400038719177
0, 647.0, 578.0, 13.0, 16.0, 0.935078501701355
0, 328.0, 583.0, 22.0, 13.0, 0.934692919254303
0, 394.0, 602.0, 13.0, 15.0, 0.934600293636322
0, 491.0, 887.0, 20.0, 15.0, 0.934445321559906
0, 507.0, 867.0, 14.0, 16.0, 0.9338375926017761
0, 784.0, 646.0, 14.0, 13.0, 0.9337443709373474
0, 360.0, 678.0, 15.0, 16.0, 0.9336313009262085
0, 130.0, 579.0, 15.0, 12.0, 0.9334151148796082
0, 696.0, 513.0, 16.0, 15.0, 0.9327820539474487
0, 606.0, 753.0, 13.0, 20.0, 0.9327255487442017
0, 591.0, 322.0, 19.0, 18.0, 0.9321146607398987
0, 745.0, 606.0, 17.0, 16.0, 0.9320065379142761
0, 596.0, 659.0, 16.0, 15.0, 0.9320003390312195
0, 706.0, 540.0, 16.0, 15.0, 0.9319539666175842
0, 593.0, 639.0, 14.0, 15.0, 0.9316732287406921
0, 679.0, 553.0, 13.0, 16.0, 0.9315640926361084
0, 841.0, 354.0, 20.0, 20.0, 0.9314497113227844
0, 423.0, 389.0, 15.0, 15.0, 0.9313363432884216
0, 170.0, 579.0, 18.0, 20.0, 0.9311061501502991
0, 232.0, 308.0, 15.0, 14.0, 0.930332601070404
0, 363.0, 745.0, 19.0, 15.0, 0.9301590919494629
0, 345.0, 371.0, 19.0, 12.0, 0.9300715923309326
0, 589.0, 824.0, 18.0, 18.0, 0.9299911856651306
0, 620.0, 401.0, 15.0, 15.0, 0.9290492534637451
0, 726.0, 872.0, 15.0, 12.0, 0.9289948344230652
0, 420.0, 690.0, 17.0, 18.0, 0.9287810325622559
0, 470.0, 831.0, 16.0, 17.0, 0.9287058711051941
0, 595.0, 8.0, 15.0, 15.0, 0.9285246133804321
0, 357.0, 541.0, 16.0, 18.0, 0.928061842918396
0, 920.0, 904.0, 16.0, 16.0, 0.9276929497718811
0, 358.0, 617.0, 16.0, 18.0, 0.9276381731033325
0, 124.0, 648.0, 13.0, 13.0, 0.927440881729126
0, 576.0, 775.0, 17.0, 14.0, 0.9271019697189331
0, 352.0, 783.0, 16.0, 13.0, 0.9259697198867798
0, 921.0, 923.0, 17.0, 12.0, 0.9251791834831238
0, 756.0, 816.0, 16.0, 16.0, 0.9239279627799988
0, 444.0, 671.0, 14.0, 15.0, 0.9233241677284241
0, 757.0, 852.0, 14.0, 17.0, 0.9223060607910156
0, 792.0, 369.0, 14.0, 13.0, 0.921562671661377
0, 681.0, 598.0, 18.0, 13.0, 0.9206670522689819
0, 95.0, 569.0, 15.0, 20.0, 0.9202051162719727
0, 448.0, 306.0, 16.0, 18.0, 0.9201014041900635
0, 182.0, 538.0, 17.0, 16.0, 0.9196568727493286
0, 957.0, 540.0, 14.0, 16.0, 0.9193769693374634
0, 646.0, 390.0, 17.0, 18.0, 0.918826162815094
0, 394.0, 588.0, 14.0, 15.0, 0.9187264442443848
0, 196.0, 770.0, 16.0, 21.0, 0.9180914759635925
0, 482.0, 460.0, 14.0, 14.0, 0.9180305600166321
0, 685.0, 326.0, 12.0, 13.0, 0.9169294834136963
0, 330.0, 886.0, 15.0, 13.0, 0.9168109893798828
0, 644.0, 371.0, 14.0, 16.0, 0.9164707660675049
0, 145.0, 593.0, 17.0, 18.0, 0.9162957668304443
0, 251.0, 273.0, 22.0, 16.0, 0.9160405397415161
0, 140.0, 641.0, 14.0, 11.0, 0.9155263304710388
0, 145.0, 655.0, 18.0, 15.0, 0.9154855608940125
0, 383.0, 838.0, 17.0, 14.0, 0.9150398969650269
0, 560.0, 371.0, 19.0, 16.0, 0.914878785610199
0, 70.0, 597.0, 17.0, 16.0, 0.9148109555244446
0, 380.0, 650.0, 15.0, 13.0, 0.9144553542137146
0, 796.0, 314.0, 17.0, 15.0, 0.9140802621841431
0, 569.0, 733.0, 16.0, 17.0, 0.9139003157615662
0, 882.0, 898.0, 14.0, 13.0, 0.9134753942489624
0, 806.0, 392.0, 14.0, 11.0, 0.91331547498703
0, 129.0, 100.0, 14.0, 16.0, 0.9131442904472351
0, 658.0, 486.0, 15.0, 15.0, 0.9126333594322205
0, 842.0, 795.0, 16.0, 12.0, 0.9126183390617371
0, 263.0, 666.0, 19.0, 11.0, 0.9124606251716614
0, 709.0, 938.0, 18.0, 16.0, 0.912377119064331
0, 871.0, 664.0, 14.0, 16.0, 0.9121683239936829
0, 809.0, 313.0, 13.0, 16.0, 0.912066638469696
0, 785.0, 285.0, 16.0, 14.0, 0.9120287895202637
0, 657.0, 543.0, 18.0, 17.0, 0.9115510582923889
0, 728.0, 658.0, 18.0, 14.0, 0.9113299250602722
0, 848.0, 697.0, 19.0, 15.0, 0.9111054539680481
0, 27.0, 834.0, 23.0, 17.0, 0.9109615683555603
0, 719.0, 14.0, 14.0, 20.0, 0.9106745719909668
0, 321.0, 690.0, 16.0, 19.0, 0.9105800986289978
0, 421.0, 843.0, 16.0, 17.0, 0.9104697108268738
0, 850.0, 692.0, 19.0, 17.0, 0.9102035760879517
0, 657.0, 391.0, 14.0, 21.0, 0.9101980328559875
0, 383.0, 551.0, 15.0, 15.0, 0.9093032479286194
0, 404.0, 655.0, 13.0, 15.0, 0.9092389941215515
0, 569.0, 820.0, 15.0, 21.0, 0.9087529182434082
0, 580.0, 393.0, 16.0, 12.0, 0.9085971713066101
0, 760.0, 609.0, 15.0, 12.0, 0.9070661664009094
0, 704.0, 556.0, 19.0, 12.0, 0.9068307280540466
0, 691.0, 20.0, 20.0, 12.0, 0.9067813754081726
0, 270.0, 432.0, 13.0, 11.0, 0.9065353870391846
0, 98.0, 631.0, 14.0, 14.0, 0.9065245985984802
0, 258.0, 473.0, 15.0, 13.0, 0.9060900807380676
0, 419.0, 633.0, 14.0, 10.0, 0.9060184359550476
0, 633.0, 420.0, 15.0, 13.0, 0.9060134291648865
0, 394.0, 664.0, 13.0, 15.0, 0.9048535823822021
0, 232.0, 935.0, 15.0, 14.0, 0.9043841361999512
