0, 30, 280, 29, 27, 0.965968906879425
0, 75, 252, 33, 27, 0.953230082988739
0, 277, 404, 30, 23, 0.9422940611839294
0, 163, 78, 32, 25, 0.942158579826355
0, 213, 409, 26, 25, 0.9401321411132812
0, 197, 332, 25, 24, 0.9377455115318298
0, 285, 439, 26, 24, 0.9374997615814209
0, 17, 260, 32, 25, 0.9348832368850708
0, 480, 68, 22, 25, 0.9312403202056885
0, 365, 426, 26, 31, 0.9266147613525391
0, 228, 430, 21, 32, 0.9242098331451416
0, 244, 355, 30, 41, 0.9238317012786865
0, 78, 377, 22, 22, 0.9229816198348999
0, 297, 468, 25, 26, 0.9228163957595825
0, 322, 473, 26, 20, 0.9222438931465149
0, 340, 412, 21, 30, 0.9194359183311462
0, 280, 282, 25, 23, 0.9157794117927551
0, 302, 363, 20, 27, 0.9154794812202454
0, 333, 234, 20, 23, 0.9142048358917236
0, 160, 323, 28, 23, 0.9111753106117249
0, 223, 63, 34, 24, 0.9099798202514648
0, 342, 66, 23, 32, 0.9083120822906494
0, 166, 472, 25, 29, 0.9067001938819885
0, 486, 150, 22, 28, 0.9061384797096252
0, 393, 472, 26, 26, 0.9048399925231934
0, 105, 423, 22, 24, 0.9043591022491455
0, 140, 24, 20, 26, 0.898862361907959
0, 189, 483, 21, 25, 0.8972316384315491
0, 181, 352, 24, 26, 0.893775463104248
0, 356, 303, 22, 35, 0.8935367465019226
0, 223, 115, 31, 21, 0.8916320204734802
0, 229, 334, 15, 18, 0.8894387483596802
0, 251, 279, 30, 23, 0.8889355063438416
0, 162, 188, 23, 27, 0.8885625600814819
0, 259, 390, 25, 22, 0.887515664100647
0, 79, 419, 21, 18, 0.8818224668502808
0, 242, 213, 25, 28, 0.8814270496368408
0, 471, 37, 17, 17, 0.8796419501304626
0, 196, 87, 30, 22, 0.8759928345680237
0, 162, 230, 26, 18, 0.8733128309249878
0, 213, 146, 23, 18, 0.8694055080413818
0, 373, 80, 32, 22, 0.8687329888343811
0, 192, 267, 26, 30, 0.8649395108222961
0, 306, 130, 18, 20, 0.8587270379066467
0, 447, 185, 25, 26, 0.85845547914505
0, 350, 463, 17, 19, 0.85126793384552
0, 442, 246, 20, 20, 0.850297749042511
0, 477, 208, 14, 27, 0.8455020785331726
0, 67, 4, 28, 8, 0.8453599214553833
0, 45, 231, 29, 16, 0.8442294001579285
0, 283, 216, 17, 34, 0.8438228368759155
0, 504, 439, 14, 27, 0.843406081199646
0, 493, 15, 22, 25, 0.8421746492385864
0, 204, 221, 19, 18, 0.8408487439155579
0, 84, 499, 31, 25, 0.8405115008354187
0, 260, 431, 26, 21, 0.8356144428253174
0, 370, 112, 21, 22, 0.834941565990448
0, 361, 237, 16, 42, 0.8327614068984985
0, 318, 426, 20, 28, 0.8325792551040649
0, 372, 460, 15, 22, 0.8321335911750793
0, 82, 338, 28, 19, 0.8312361836433411
0, 423, 349, 15, 21, 0.8276444673538208
0, 313, 300, 17, 20, 0.826296329498291
0, 147, 497, 29, 21, 0.8255081176757812
0, 485, 486, 42, 39, 0.8237572908401489
0, 110, 298, 17, 20, 0.8207039833068848
0, 266, 208, 15, 27, 0.8185116052627563
0, 52, 152, 35, 42, 0.818403422832489
0, 304, 224, 16, 27, 0.8159106969833374
0, 18, 25, 35, 27, 0.8088304400444031
0, 340, 188, 24, 33, 0.8082869648933411
0, 111, 501, 18, 20, 0.8081017136573792
0, 46, 51, 18, 21, 0.804113507270813
0, 338, 302, 21, 24, 0.8020468354225159
0, 353, 491, 14, 17, 0.8015477657318115
0, 349, 95, 18, 19, 0.7907049655914307
0, 145, 6, 25, 12, 0.7904506921768188
0, 53, 140, 30, 20, 0.7817862629890442
0, 471, 297, 9, 12, 0.7816683650016785
0, 178, 380, 18, 15, 0.776526689529419
0, 325, 497, 16, 21, 0.7757821083068848
0, 234, 483, 19, 19, 0.7724074125289917
0, 161, 21, 24, 14, 0.7718596458435059
0, 360, 127, 14, 17, 0.7620093822479248
0, 84, 276, 33, 23, 0.7576587796211243
0, 381, 266, 30, 42, 0.7572454214096069
0, 33, 4, 31, 9, 0.7571766376495361
0, 446, 288, 20, 30, 0.7508823275566101
0, 17, 121, 26, 22, 0.7501727938652039
0, 200, 461, 10, 11, 0.7469220161437988
0, 71, 101, 24, 24, 0.7431209683418274
0, 143, 341, 13, 17, 0.7420822978019714
0, 145, 53, 41, 20, 0.7410657405853271
0, 490, 399, 11, 10, 0.738042414188385
0, 10, 231, 21, 36, 0.731434166431427
0, 503, 390, 16, 19, 0.7305372953414917
0, 279, 39, 40, 21, 0.7267501354217529
0, 204, 390, 17, 13, 0.7238622903823853
0, 175, 45, 19, 18, 0.721254289150238
0, 177, 248, 18, 20, 0.7201532125473022
0, 294, 344, 11, 11, 0.6926549525343231
0, 248, 479, 12, 14, 0.6981497412490515
0, 80, 198, 15, 20, 0.7297825389880108
