0, 138, 30, 21, 22, 0.38941317796707153
0, 886, 76, 17, 20, 0.3635268807411194
0, 224, 103, 15, 22, 0.3152651786804199
0, 91, 299, 18, 19, 0.3076539635658264
0, 523, 222, 18, 20, 0.29861921072006226
0, 229, 14, 16, 20, 0.29841893911361694
0, 836, 112, 21, 18, 0.2935241162776947
0, 259, 111, 22, 20, 0.2929731011390686
0, 222, 32, 26, 20, 0.28492748737335205
0, 959, 254, 20, 19, 0.2845735549926758
0, 128, 379, 21, 21, 0.27933987975120544
0, 756, 86, 18, 16, 0.27137812972068787
0, 537, 196, 19, 19, 0.27036523818969727
0, 948, 214, 20, 17, 0.2639162242412567
0, 63, 591, 18, 20, 0.26390665769577026
0, 646, 10, 17, 17, 0.2631286680698395
0, 929, 128, 20, 22, 0.25304555892944336
0, 273, 403, 16, 22, 0.2522580027580261
0, 112, 115, 21, 18, 0.25185427069664
0, 925, 280, 18, 20, 0.2465352714061737
0, 909, 143, 19, 20, 0.2433558851480484
0, 166, 110, 17, 23, 0.2408437728881836
0, 872, 328, 19, 17, 0.23965021967887878
0, 904, 99, 19, 25, 0.23941870033740997
0, 167, 194, 17, 20, 0.23839741945266724
0, 773, 128, 18, 20, 0.23751750588417053
0, 201, 8, 20, 17, 0.23649846017360687
0, 253, 69, 18, 15, 0.23454701900482178
0, 836, 74, 17, 19, 0.23438109457492828
0, 400, 105, 21, 22, 0.22893865406513214
0, 25, 71, 26, 28, 0.2287766933441162
0, 213, 15, 17, 20, 0.228286013007164
0, 921, 258, 14, 20, 0.22809644043445587
0, 68, 392, 18, 18, 0.22782567143440247
0, 915, 303, 17, 20, 0.22692035138607025
0, 236, 43, 18, 19, 0.22578467428684235
0, 156, 62, 24, 19, 0.22543394565582275
0, 862, 198, 16, 19, 0.22233960032463074
0, 139, 435, 23, 20, 0.2222365438938141
0, 347, 140, 18, 23, 0.22018013894557953
0, 254, 405, 20, 18, 0.2194182425737381
0, 829, 308, 18, 18, 0.2158665955066681
0, 83, 325, 25, 21, 0.21464453637599945
0, 413, 28, 21, 19, 0.21436166763305664
0, 168, 25, 25, 19, 0.21386852860450745
0, 48, 409, 23, 19, 0.2136654257774353
0, 903, 253, 17, 19, 0.2132493406534195
0, 179, 449, 24, 24, 0.2112140953540802
0, 182, 203, 16, 21, 0.20935696363449097
0, 522, 34, 19, 18, 0.20532944798469543
0, 728, 181, 18, 19, 0.20451563596725464
0, 718, 283, 17, 19, 0.20344063639640808
0, 780, 851, 24, 21, 0.20335735380649567
0, 108, 19, 17, 21, 0.20156362652778625
0, 30, 428, 20, 22, 0.19885818660259247
0, 962, 193, 19, 22, 0.1980886310338974
0, 437, 914, 22, 19, 0.19754573702812195
0, 455, 977, 21, 17, 0.19678236544132233
0, 268, 199, 19, 20, 0.1947256475687027
0, 275, 657, 21, 22, 0.19442574679851532
0, 932, 90, 19, 18, 0.19359678030014038
0, 515, 199, 17, 23, 0.19337226450443268
0, 262, 458, 20, 22, 0.19226579368114471
0, 880, 298, 19, 16, 0.19079431891441345
0, 792, 988, 19, 19, 0.19063983857631683
0, 774, 151, 17, 19, 0.18998579680919647
0, 205, 232, 22, 21, 0.1879091113805771
0, 521, 316, 19, 24, 0.18775597214698792
0, 33, 566, 24, 20, 0.1875147670507431
0, 52, 122, 17, 16, 0.18472877144813538
0, 200, 213, 20, 17, 0.18368209898471832
0, 667, 117, 22, 21, 0.18087534606456757
0, 808, 131, 19, 19, 0.18043218553066254
0, 285, 392, 17, 16, 0.1797664761543274
0, 632, 173, 23, 18, 0.1777256429195404
0, 152, 922, 22, 20, 0.1749233454465866
0, 921, 164, 16, 16, 0.1748080849647522
0, 945, 101, 20, 16, 0.17444635927677155
0, 980, 238, 23, 17, 0.17137117683887482
0, 435, 138, 17, 17, 0.17070291936397552
0, 529, 176, 18, 16, 0.1670779585838318
0, 39, 107, 24, 20, 0.16494375467300415
0, 756, 245, 22, 21, 0.16338452696800232
0, 463, 993, 19, 12, 0.16237740218639374
0, 772, 77, 17, 18, 0.1620592623949051
0, 218, 198, 19, 19, 0.16187141835689545
0, 426, 662, 21, 16, 0.16136512160301208
0, 741, 97, 21, 17, 0.16040530800819397
0, 126, 46, 17, 19, 0.15897564589977264
0, 930, 341, 17, 22, 0.1587262898683548
0, 698, 350, 16, 22, 0.15631604194641113
0, 297, 94, 16, 18, 0.15611976385116577
0, 138, 317, 22, 21, 0.15592485666275024
0, 857, 160, 16, 17, 0.1558430790901184
0, 993, 137, 11, 18, 0.15560905635356903
0, 178, 311, 23, 20, 0.15540491044521332
0, 953, 232, 25, 20, 0.1552720069885254
0, 890, 12, 19, 19, 0.1538262814283371
0, 466, 5, 15, 10, 0.15333439409732819
0, 251, 351, 18, 20, 0.15286925435066223
0, 797, 674, 18, 20, 0.1524503231048584
0, 80, 601, 21, 18, 0.15215037763118744
0, 415, 7, 19, 15, 0.1514931172132492
0, 237, 63, 20, 22, 0.15146750211715698
0, 947, 431, 18, 17, 0.1512841284275055
0, 918, 360, 16, 21, 0.15063877403736115
0, 609, 168, 22, 27, 0.15000402927398682
0, 99, 423, 24, 21, 0.14935390651226044
0, 555, 151, 23, 17, 0.14830835163593292
0, 928, 318, 18, 20, 0.14814946055412292
0, 309, 398, 19, 16, 0.14753268659114838
0, 95, 9, 16, 16, 0.14605286717414856
0, 875, 130, 23, 20, 0.1460062712430954
0, 128, 342, 18, 16, 0.1459575593471527
0, 266, 154, 23, 17, 0.14478790760040283
0, 279, 531, 21, 18, 0.1447313278913498
0, 339, 167, 22, 17, 0.14414377510547638
0, 572, 398, 22, 24, 0.1437956839799881
0, 597, 206, 17, 18, 0.14208275079727173
0, 97, 126, 23, 22, 0.14163145422935486
0, 275, 376, 17, 15, 0.14143796265125275
0, 151, 454, 31, 29, 0.1412258893251419
0, 6, 33, 12, 21, 0.13971437513828278
0, 778, 726, 24, 20, 0.13955296576023102
0, 579, 855, 20, 19, 0.13943564891815186
0, 706, 990, 19, 16, 0.13884297013282776
0, 928, 836, 18, 22, 0.13863031566143036
0, 501, 574, 20, 15, 0.1380675584077835
0, 182, 117, 15, 16, 0.13746199011802673
0, 723, 671, 17, 18, 0.1366380900144577
0, 872, 950, 18, 21, 0.1363842934370041
0, 592, 881, 19, 19, 0.13571618497371674
0, 740, 207, 17, 17, 0.1355702430009842
0, 453, 941, 25, 20, 0.13397254049777985
0, 570, 76, 19, 17, 0.13311225175857544
0, 973, 418, 18, 17, 0.13182426989078522
0, 947, 134, 20, 17, 0.13180005550384521
0, 299, 116, 17, 17, 0.13174878060817719
0, 143, 114, 22, 18, 0.13104993104934692
0, 452, 779, 18, 19, 0.12971539795398712
0, 5, 57, 11, 22, 0.12939655780792236
0, 975, 168, 16, 17, 0.1289421021938324
0, 757, 221, 18, 21, 0.12890155613422394
0, 213, 336, 18, 17, 0.12855440378189087
0, 714, 132, 21, 17, 0.12839338183403015
0, 903, 814, 20, 16, 0.12792646884918213
0, 988, 664, 18, 18, 0.12783394753932953
0, 422, 643, 19, 16, 0.1277959793806076
0, 194, 104, 16, 16, 0.12768150866031647
0, 831, 365, 25, 23, 0.12727198004722595
0, 54, 558, 22, 17, 0.12695568799972534
0, 883, 282, 21, 18, 0.12682583928108215
0, 829, 811, 24, 17, 0.12666893005371094
0, 796, 85, 21, 18, 0.1264689862728119
0, 816, 84, 17, 17, 0.12586648762226105
0, 701, 629, 20, 18, 0.12561124563217163
0, 415, 189, 19, 17, 0.1255587488412857
0, 888, 963, 20, 19, 0.12493231147527695
0, 636, 204, 15, 17, 0.1232556477189064
0, 430, 307, 22, 16, 0.1224726140499115
0, 302, 541, 19, 18, 0.12225086987018585
0, 501, 85, 22, 22, 0.12154325097799301
0, 923, 488, 17, 19, 0.12143877893686295
0, 537, 703, 21, 17, 0.12115053087472916
0, 812, 299, 22, 16, 0.12024866044521332
0, 746, 275, 18, 20, 0.1200529932975769
0, 770, 170, 24, 18, 0.11999791860580444
0, 170, 89, 25, 18, 0.11942871659994125
0, 576, 51, 20, 17, 0.11868496984243393
0, 181, 333, 18, 23, 0.11863914877176285
0, 756, 188, 16, 17, 0.11817044764757156
0, 722, 384, 17, 20, 0.1179601401090622
0, 732, 798, 22, 20, 0.11795174330472946
0, 47, 235, 20, 22, 0.11775518208742142
0, 442, 32, 26, 17, 0.11737414449453354
0, 734, 466, 22, 21, 0.11617667973041534
0, 692, 286, 23, 19, 0.11581701785326004
0, 321, 649, 19, 18, 0.11580868065357208
0, 444, 819, 20, 21, 0.1157274916768074
0, 547, 20, 18, 20, 0.11568086594343185
0, 850, 348, 21, 18, 0.11468189209699631
0, 653, 138, 22, 19, 0.11391086131334305
0, 737, 935, 16, 21, 0.1138022243976593
0, 632, 224, 14, 18, 0.11351557075977325
0, 703, 674, 17, 17, 0.11346516758203506
0, 281, 484, 18, 19, 0.11340441554784775
0, 691, 108, 23, 21, 0.11336857825517654
0, 843, 94, 14, 16, 0.11335267871618271
0, 238, 229, 20, 17, 0.11210978031158447
0, 737, 636, 20, 17, 0.1118413507938385
0, 966, 314, 21, 19, 0.11177907139062881
0, 46, 675, 22, 18, 0.11156471073627472
0, 150, 182, 23, 20, 0.11069167405366898
0, 489, 184, 17, 17, 0.11025217175483704
0, 90, 526, 26, 17, 0.10959438234567642
0, 561, 817, 15, 22, 0.1095932349562645
0, 778, 671, 17, 20, 0.10940281301736832
0, 867, 262, 17, 15, 0.10931656509637833
0, 816, 548, 18, 19, 0.10901109874248505
0, 272, 132, 20, 18, 0.10840024054050446
0, 721, 486, 17, 17, 0.1079629510641098
0, 894, 837, 15, 17, 0.10759295523166656
0, 578, 950, 18, 18, 0.10706719756126404
0, 50, 7, 22, 14, 0.10668305307626724
0, 358, 660, 17, 19, 0.10663232207298279
0, 801, 252, 25, 16, 0.1062227189540863
0, 716, 96, 18, 17, 0.10594210028648376
0, 676, 437, 20, 16, 0.10548441112041473
0, 668, 14, 23, 22, 0.10537609457969666
0, 651, 679, 24, 25, 0.10458223521709442
0, 59, 760, 20, 19, 0.10447250306606293
0, 474, 180, 15, 17, 0.10418328642845154
0, 127, 525, 19, 18, 0.10311903059482574
0, 280, 813, 20, 20, 0.10306169092655182
0, 780, 271, 17, 23, 0.10282167047262192
0, 412, 49, 18, 17, 0.10233144462108612
0, 820, 411, 17, 19, 0.1021253690123558
0, 436, 55, 19, 20, 0.10211274772882462
0, 805, 505, 16, 22, 0.10180634260177612
0, 656, 157, 20, 17, 0.10155627131462097
0, 724, 768, 18, 19, 0.10118147730827332
0, 783, 398, 19, 19, 0.10116395354270935
0, 763, 282, 18, 23, 0.10104651004076004
0, 954, 353, 18, 17, 0.10102327913045883
0, 786, 467, 17, 24, 0.10097911208868027
0, 913, 468, 19, 19, 0.10081633925437927
0, 81, 408, 23, 15, 0.10078085213899612
0, 404, 70, 19, 17, 0.1007208451628685
0, 472, 117, 20, 20, 0.10039853304624557
0, 968, 510, 18, 22, 0.10036451369524002
0, 785, 107, 17, 20, 0.09922277927398682
0, 759, 520, 17, 23, 0.09847401827573776
0, 514, 244, 21, 21, 0.09831193834543228
0, 307, 714, 17, 17, 0.09828533977270126
0, 768, 7, 31, 15, 0.09818758815526962
0, 629, 312, 20, 27, 0.09767265617847443
0, 345, 309, 18, 18, 0.09752819687128067
0, 475, 870, 19, 28, 0.09735634922981262
0, 327, 723, 17, 17, 0.09665219485759735
0, 752, 495, 15, 17, 0.09644687175750732
0, 700, 719, 24, 15, 0.09639623016119003
0, 331, 87, 19, 16, 0.09594572335481644
0, 785, 64, 18, 19, 0.09582564979791641
0, 754, 741, 22, 20, 0.09558462351560593
0, 189, 27, 15, 22, 0.0955391675233841
0, 176, 677, 18, 25, 0.09553084522485733
0, 754, 157, 18, 18, 0.0952528566122055
0, 701, 151, 17, 19, 0.09446432441473007
0, 725, 74, 18, 22, 0.09423022717237473
0, 314, 843, 19, 21, 0.09364248812198639
0, 398, 876, 17, 16, 0.09328434616327286
0, 466, 197, 20, 22, 0.09316752851009369
0, 536, 561, 17, 17, 0.09287292510271072
0, 696, 510, 17, 17, 0.09252551943063736
0, 342, 105, 22, 19, 0.09226031601428986
0, 401, 647, 22, 16, 0.09077659249305725
0, 547, 40, 22, 16, 0.09072188287973404
0, 255, 171, 20, 18, 0.09056654572486877
0, 619, 32, 19, 21, 0.0903184562921524
0, 928, 186, 22, 22, 0.09015456587076187
0, 966, 90, 23, 16, 0.0900941863656044
0, 90, 186, 18, 17, 0.0896458625793457
0, 459, 630, 22, 21, 0.08952639997005463
0, 292, 453, 16, 22, 0.08890795707702637
0, 557, 61, 20, 18, 0.08880661427974701
0, 35, 331, 16, 21, 0.08871231228113174
0, 15, 554, 19, 20, 0.08817804604768753
0, 154, 356, 17, 17, 0.08804867416620255
0, 519, 384, 17, 18, 0.08769607543945312
0, 954, 80, 20, 20, 0.08766881376504898
0, 767, 751, 18, 19, 0.08762253075838089
0, 947, 118, 21, 16, 0.08724651485681534
0, 534, 51, 19, 16, 0.0871676579117775
0, 593, 77, 19, 21, 0.0869814082980156
0, 181, 634, 18, 18, 0.0867772325873375
0, 970, 897, 19, 19, 0.08638222515583038
0, 623, 126, 19, 17, 0.08622369170188904
0, 532, 159, 20, 19, 0.086175337433815
0, 206, 659, 17, 24, 0.08606460690498352
0, 100, 352, 28, 20, 0.08564312756061554
0, 646, 864, 22, 22, 0.08556807041168213
0, 180, 587, 18, 26, 0.08548048138618469
0, 770, 484, 15, 21, 0.08535204082727432
0, 815, 331, 18, 19, 0.08510049432516098
0, 183, 223, 18, 17, 0.08473841845989227
0, 934, 986, 16, 19, 0.08418727666139603
0, 595, 901, 16, 20, 0.08409133553504944
0, 409, 231, 18, 23, 0.0835581123828888
0, 33, 495, 18, 19, 0.08340493589639664
0, 303, 363, 20, 18, 0.08278859406709671
0, 844, 467, 18, 24, 0.08274752646684647
0, 750, 301, 19, 18, 0.08247203379869461
0, 501, 554, 19, 20, 0.08231694251298904
0, 847, 133, 22, 24, 0.08230622112751007
0, 66, 109, 17, 18, 0.08215274661779404
0, 245, 653, 17, 20, 0.08202335238456726
0, 929, 203, 22, 19, 0.08181419968605042
0, 571, 837, 21, 16, 0.08158759772777557
0, 757, 68, 18, 16, 0.08149051666259766
0, 406, 673, 20, 17, 0.0809277892112732
