0, 174, 48, 20, 20, 0.5496076345443726
0, 188, 30, 17, 22, 0.4443203806877136
0, 503, 713, 16, 23, 0.41533300280570984
0, 219, 613, 20, 20, 0.4034878611564636
0, 649, 690, 22, 18, 0.38232100009918213
0, 655, 586, 22, 22, 0.3511882722377777
0, 886, 44, 19, 16, 0.33751043677330017
0, 634, 628, 19, 23, 0.3339795768260956
0, 291, 719, 18, 24, 0.33281421661376953
0, 976, 543, 21, 18, 0.3289741277694702
0, 56, 249, 23, 19, 0.3112342953681946
0, 947, 139, 22, 18, 0.2964097559452057
0, 442, 313, 20, 19, 0.29116320610046387
0, 360, 470, 16, 23, 0.2857814431190491
0, 542, 477, 19, 18, 0.28454869985580444
0, 798, 23, 18, 17, 0.2831239402294159
0, 238, 23, 18, 23, 0.28072279691696167
0, 330, 969, 22, 16, 0.2725207805633545
0, 235, 82, 19, 15, 0.2721572816371918
0, 430, 265, 20, 18, 0.2701260447502136
0, 13, 603, 23, 18, 0.2672540843486786
0, 204, 626, 19, 19, 0.2580769956111908
0, 668, 468, 21, 22, 0.25784754753112793
0, 415, 314, 19, 21, 0.25590577721595764
0, 619, 655, 17, 18, 0.2506515681743622
0, 208, 72, 18, 18, 0.24956490099430084
0, 156, 809, 18, 17, 0.24467779695987701
0, 804, 5, 26, 10, 0.24229924380779266
0, 284, 24, 21, 22, 0.23739513754844666
0, 624, 414, 16, 19, 0.2341759353876114
0, 252, 22, 14, 22, 0.23354807496070862
0, 449, 646, 15, 18, 0.22655919194221497
0, 266, 23, 18, 22, 0.2261691838502884
0, 653, 623, 17, 17, 0.2228158563375473
0, 613, 717, 18, 21, 0.22186985611915588
0, 494, 442, 15, 19, 0.21950310468673706
0, 950, 568, 19, 20, 0.21915698051452637
0, 856, 831, 23, 17, 0.21749739348888397
0, 28, 791, 23, 22, 0.21662378311157227
0, 547, 392, 19, 22, 0.2164851725101471
0, 346, 306, 16, 20, 0.2081494927406311
0, 233, 267, 26, 18, 0.20800171792507172
0, 635, 660, 16, 18, 0.2051067352294922
0, 825, 771, 18, 26, 0.20381566882133484
0, 166, 830, 18, 19, 0.2012425661087036
0, 176, 66, 16, 17, 0.20099537074565887
0, 850, 417, 16, 19, 0.19514155387878418
0, 208, 586, 19, 16, 0.19490903615951538
0, 156, 852, 19, 19, 0.19312115013599396
0, 75, 641, 14, 15, 0.19214332103729248
0, 607, 638, 16, 17, 0.18967188894748688
0, 212, 33, 18, 20, 0.18806192278862
0, 313, 459, 19, 21, 0.18435987830162048
0, 833, 837, 14, 15, 0.18301093578338623
0, 291, 292, 24, 19, 0.18237324059009552
0, 228, 569, 18, 22, 0.18082305788993835
0, 959, 898, 25, 17, 0.17679324746131897
0, 502, 650, 19, 17, 0.17548099160194397
0, 630, 686, 20, 18, 0.17503559589385986
0, 471, 479, 18, 19, 0.17445257306098938
0, 865, 777, 18, 23, 0.17434996366500854
0, 72, 788, 16, 17, 0.174091637134552
0, 805, 41, 22, 20, 0.1740858554840088
0, 489, 721, 19, 21, 0.17313291132450104
0, 973, 516, 17, 17, 0.17245489358901978
0, 980, 571, 16, 18, 0.17052599787712097
0, 932, 329, 22, 19, 0.16970928013324738
0, 18, 405, 21, 19, 0.16653266549110413
0, 331, 462, 19, 20, 0.16075533628463745
0, 842, 50, 19, 18, 0.16068948805332184
0, 434, 437, 19, 18, 0.16053199768066406
0, 881, 741, 14, 19, 0.1603166162967682
0, 625, 701, 20, 16, 0.15793277323246002
0, 889, 455, 21, 22, 0.15775041282176971
0, 928, 407, 19, 19, 0.1546301245689392
0, 856, 789, 19, 17, 0.15184888243675232
0, 855, 847, 18, 17, 0.15181781351566315
0, 968, 362, 20, 22, 0.14982861280441284
0, 946, 847, 20, 16, 0.14434181153774261
0, 650, 675, 21, 14, 0.14397865533828735
0, 575, 498, 18, 16, 0.14291319251060486
0, 818, 540, 18, 16, 0.1428462117910385
0, 295, 334, 18, 17, 0.1379375010728836
0, 933, 271, 21, 22, 0.1377200037240982
0, 287, 81, 18, 20, 0.13626720011234283
0, 665, 117, 18, 19, 0.13527750968933105
0, 457, 468, 20, 18, 0.13377882540225983
0, 284, 347, 19, 20, 0.1336495727300644
0, 281, 602, 18, 20, 0.13355307281017303
0, 252, 83, 17, 20, 0.1322678029537201
0, 962, 122, 22, 17, 0.13172116875648499
0, 203, 20, 14, 15, 0.1311667114496231
0, 972, 198, 22, 22, 0.1304275095462799
0, 862, 433, 19, 19, 0.13037824630737305
0, 329, 303, 21, 21, 0.1297742873430252
0, 821, 47, 18, 19, 0.12895366549491882
0, 849, 817, 20, 15, 0.1272401213645935
0, 399, 313, 18, 20, 0.12497327476739883
0, 93, 56, 20, 20, 0.12457609176635742
0, 846, 849, 18, 16, 0.12277790904045105
0, 765, 683, 25, 19, 0.12248425930738449
0, 875, 9, 19, 19, 0.11914703249931335
0, 845, 353, 20, 18, 0.11711747944355011
0, 313, 709, 20, 24, 0.11669284850358963
0, 299, 958, 19, 18, 0.11584659665822983
0, 252, 274, 15, 17, 0.1150716096162796
0, 497, 630, 18, 18, 0.11451897025108337
0, 474, 302, 17, 19, 0.11406106501817703
0, 138, 850, 16, 19, 0.1117507666349411
0, 40, 239, 17, 14, 0.11121384799480438
0, 901, 863, 20, 18, 0.1076100692152977
0, 306, 667, 16, 20, 0.10741294175386429
0, 980, 873, 18, 13, 0.10581743717193604
0, 827, 552, 15, 17, 0.10451997816562653
0, 575, 4, 19, 9, 0.10440866649150848
0, 124, 799, 29, 19, 0.10435550659894943
0, 272, 708, 27, 21, 0.10339579731225967
0, 479, 624, 22, 21, 0.10064928233623505
0, 219, 23, 17, 20, 0.09991493076086044
0, 142, 498, 18, 17, 0.09957035630941391
0, 878, 852, 26, 17, 0.09923356026411057
0, 482, 465, 15, 18, 0.09914947301149368
0, 34, 722, 19, 20, 0.09874453395605087
0, 298, 237, 24, 15, 0.09863968938589096
0, 444, 274, 20, 17, 0.09739610552787781
0, 548, 453, 20, 22, 0.09609546512365341
0, 610, 397, 21, 19, 0.09586498141288757
0, 269, 622, 17, 18, 0.09562715142965317
0, 992, 906, 14, 18, 0.0952092632651329
0, 25, 631, 20, 15, 0.09500961005687714
0, 878, 760, 18, 16, 0.09387723356485367
0, 992, 535, 14, 17, 0.09328081458806992
0, 8, 390, 15, 20, 0.09308737516403198
0, 816, 368, 17, 20, 0.09167469292879105
0, 618, 735, 21, 17, 0.08977796137332916
0, 123, 778, 27, 24, 0.08947227895259857
0, 107, 767, 16, 17, 0.08907778561115265
0, 650, 681, 23, 21, 0.0889647901058197
0, 801, 554, 16, 17, 0.08671390265226364
0, 467, 701, 18, 23, 0.08601231873035431
0, 908, 447, 17, 17, 0.08445467799901962
0, 200, 527, 26, 20, 0.08420194685459137
0, 467, 325, 20, 21, 0.08164379000663757
0, 662, 449, 15, 16, 0.0807136744260788
0, 644, 732, 20, 22, 0.08070214092731476
0, 944, 534, 17, 17, 0.07908554375171661
0, 809, 763, 17, 22, 0.07873708754777908
0, 555, 354, 23, 17, 0.07809459418058395
0, 86, 258, 20, 14, 0.07765636593103409
0, 239, 614, 17, 19, 0.077545166015625
0, 947, 188, 16, 16, 0.07731753587722778
0, 270, 281, 21, 18, 0.07679995894432068
0, 923, 435, 17, 20, 0.07658465206623077
0, 67, 33, 15, 17, 0.07632319629192352
0, 933, 387, 14, 16, 0.0762738287448883
0, 596, 990, 18, 16, 0.0761682391166687
0, 928, 701, 19, 17, 0.07597978413105011
0, 590, 15, 16, 15, 0.07592544704675674
0, 342, 480, 14, 18, 0.07446973770856857
0, 53, 26, 15, 14, 0.07432898133993149
0, 215, 507, 16, 17, 0.07346557080745697
0, 744, 116, 23, 16, 0.072158083319664
0, 674, 687, 27, 20, 0.07208690792322159
0, 602, 10, 15, 17, 0.07201085984706879
0, 524, 325, 20, 17, 0.07122628390789032
0, 933, 888, 19, 17, 0.0712185725569725
0, 369, 310, 23, 20, 0.07109862565994263
0, 481, 332, 13, 20, 0.07087135314941406
0, 961, 528, 16, 16, 0.0708552747964859
0, 192, 867, 19, 24, 0.07069848477840424
0, 226, 69, 15, 16, 0.07065321505069733
0, 38, 24, 17, 14, 0.0701567605137825
0, 915, 836, 18, 19, 0.06976807117462158
0, 796, 740, 17, 16, 0.06954736262559891
0, 889, 28, 19, 19, 0.06933705508708954
0, 202, 36, 17, 20, 0.06920421868562698
0, 943, 360, 20, 19, 0.06877782195806503
0, 780, 532, 20, 18, 0.0683121606707573
0, 643, 904, 24, 18, 0.06801614165306091
0, 386, 631, 16, 15, 0.06737766414880753
0, 612, 622, 17, 15, 0.06669332832098007
0, 301, 18, 17, 20, 0.06631609797477722
0, 827, 362, 17, 21, 0.06630437821149826
0, 21, 621, 24, 15, 0.06629372388124466
0, 25, 270, 19, 17, 0.06619430333375931
0, 274, 958, 25, 21, 0.06559811532497406
0, 916, 867, 19, 14, 0.06421962380409241
0, 553, 642, 24, 20, 0.06356455385684967
0, 495, 310, 21, 20, 0.0631486102938652
0, 213, 258, 22, 20, 0.06291680783033371
0, 95, 758, 18, 13, 0.0624869205057621
0, 334, 446, 20, 15, 0.062040556222200394
0, 495, 460, 14, 15, 0.06127819046378136
0, 608, 898, 20, 21, 0.06092380732297897
0, 957, 515, 18, 17, 0.0604088231921196
0, 993, 201, 12, 23, 0.060357701033353806
0, 28, 233, 15, 15, 0.06012202054262161
0, 964, 155, 21, 22, 0.060061343014240265
0, 799, 348, 22, 23, 0.05985916033387184
0, 190, 553, 17, 18, 0.05955560505390167
0, 947, 304, 19, 23, 0.05926408991217613
0, 803, 567, 16, 14, 0.059233859181404114
0, 617, 695, 21, 21, 0.05913824588060379
0, 76, 44, 18, 23, 0.05872402712702751
0, 9, 273, 17, 16, 0.058211054652929306
0, 501, 672, 16, 23, 0.05818197876214981
0, 475, 418, 15, 20, 0.058020252734422684
0, 366, 994, 19, 10, 0.057880986481904984
0, 822, 549, 21, 22, 0.05767090618610382
0, 533, 375, 15, 25, 0.05643333122134209
0, 455, 397, 21, 17, 0.05623384192585945
0, 74, 773, 16, 15, 0.05608951672911644
0, 870, 865, 17, 18, 0.05561675876379013
0, 917, 883, 21, 15, 0.05474189296364784
0, 778, 516, 21, 18, 0.05469336360692978
0, 503, 692, 18, 18, 0.05426737293601036
0, 976, 861, 16, 17, 0.05418280512094498
0, 463, 407, 17, 11, 0.053963709622621536
0, 858, 4, 15, 8, 0.05368856340646744
0, 443, 984, 22, 17, 0.05340594798326492
0, 449, 629, 15, 16, 0.0533539243042469
0, 147, 793, 16, 15, 0.05315117910504341
0, 784, 6, 14, 13, 0.05305454134941101
0, 634, 690, 19, 22, 0.05265572667121887
0, 677, 892, 17, 18, 0.052550654858350754
0, 387, 497, 19, 24, 0.05182190239429474
0, 896, 832, 18, 21, 0.051613979041576385
0, 309, 82, 18, 18, 0.05102209374308586
0, 854, 706, 15, 19, 0.050874512642621994
0, 599, 508, 23, 16, 0.050824929028749466
0, 606, 713, 23, 20, 0.05037694051861763
0, 197, 66, 18, 19, 0.05027453601360321
0, 254, 617, 15, 16, 0.05014658719301224
0, 125, 508, 21, 17, 0.05013352259993553
0, 654, 175, 15, 16, 0.0499391183257103
0, 5, 586, 10, 17, 0.04963527247309685
0, 663, 142, 17, 20, 0.049223050475120544
0, 272, 84, 18, 19, 0.04900774732232094
0, 325, 331, 19, 15, 0.04898102954030037
0, 641, 735, 20, 18, 0.04890935495495796
0, 427, 422, 15, 15, 0.04874386265873909
0, 252, 979, 21, 20, 0.04845013841986656
0, 302, 650, 21, 18, 0.04804350808262825
0, 101, 810, 15, 14, 0.04766790196299553
0, 623, 912, 18, 19, 0.04708340764045715
0, 163, 734, 16, 17, 0.046887654811143875
0, 604, 963, 20, 17, 0.046810828149318695
0, 964, 884, 19, 15, 0.04657008498907089
0, 895, 824, 19, 17, 0.04623926803469658
0, 884, 870, 15, 18, 0.04610326513648033
0, 555, 494, 21, 19, 0.04604705423116684
0, 560, 879, 22, 22, 0.04565601423382759
0, 994, 359, 9, 20, 0.045650653541088104
0, 287, 639, 16, 20, 0.04555780813097954
0, 546, 254, 22, 17, 0.044962797313928604
0, 486, 702, 22, 21, 0.04464676231145859
0, 994, 249, 10, 18, 0.04454836994409561
0, 126, 849, 16, 18, 0.0444689616560936
0, 626, 717, 19, 19, 0.04406217485666275
0, 653, 890, 17, 20, 0.04404709115624428
0, 133, 783, 21, 17, 0.0434781089425087
0, 644, 562, 16, 17, 0.043210551142692566
0, 807, 536, 16, 17, 0.042383089661598206
0, 632, 958, 19, 18, 0.041149795055389404
0, 805, 697, 15, 15, 0.04110511392354965
0, 637, 828, 16, 20, 0.04107508063316345
0, 88, 669, 14, 16, 0.04105951637029648
0, 851, 853, 24, 25, 0.04100671410560608
0, 311, 686, 19, 18, 0.04060283303260803
0, 451, 381, 17, 15, 0.04047335311770439
0, 277, 626, 14, 18, 0.040392324328422546
0, 629, 451, 23, 20, 0.04035921394824982
0, 255, 994, 17, 9, 0.040161121636629105
0, 79, 816, 28, 21, 0.04010231792926788
0, 912, 405, 16, 15, 0.04006391391158104
0, 457, 687, 13, 16, 0.03987592086195946
0, 676, 580, 14, 17, 0.0398562066257
0, 831, 735, 18, 15, 0.039776790887117386
0, 888, 833, 19, 19, 0.03945717588067055
0, 579, 371, 22, 19, 0.03910020366311073
0, 695, 642, 18, 16, 0.038489628583192825
0, 67, 671, 22, 19, 0.038309868425130844
0, 597, 973, 17, 18, 0.038105979561805725
0, 651, 158, 14, 19, 0.038097769021987915
0, 97, 783, 12, 12, 0.03801720589399338
0, 321, 13, 17, 17, 0.0379636250436306
0, 410, 397, 18, 15, 0.037827134132385254
0, 931, 842, 15, 15, 0.03754756972193718
0, 495, 339, 15, 17, 0.037483010441064835
0, 491, 488, 17, 17, 0.03743019327521324
0, 701, 657, 16, 19, 0.03734155744314194
0, 545, 334, 21, 21, 0.03727652505040169
0, 778, 911, 18, 26, 0.037034980952739716
0, 976, 905, 17, 16, 0.03694085404276848
0, 719, 866, 18, 16, 0.03657811880111694
0, 61, 650, 19, 18, 0.036420952528715134
0, 925, 207, 19, 21, 0.035943999886512756
0, 546, 265, 26, 33, 0.03553730621933937
0, 517, 342, 14, 17, 0.035498443990945816
0, 871, 455, 17, 19, 0.03543490916490555
