0, 45, 124, 17, 17, 0.6057343482971191
0, 416, 166, 18, 17, 0.4901348054409027
0, 913, 130, 19, 17, 0.42289671301841736
0, 17, 128, 15, 16, 0.4220001995563507
0, 596, 61, 18, 18, 0.3993492126464844
0, 69, 122, 16, 20, 0.39585554599761963
0, 990, 268, 16, 18, 0.38896122574806213
0, 181, 171, 14, 19, 0.3826609253883362
0, 232, 504, 17, 19, 0.3786763548851013
0, 208, 455, 18, 18, 0.3690214157104492
0, 749, 60, 16, 17, 0.3665044605731964
0, 548, 267, 16, 15, 0.36568284034729004
0, 211, 413, 19, 19, 0.36403486132621765
0, 145, 382, 17, 17, 0.35235005617141724
0, 673, 587, 17, 17, 0.3476932942867279
0, 201, 395, 13, 13, 0.3451792299747467
0, 142, 357, 17, 22, 0.3425896167755127
0, 527, 284, 14, 17, 0.34135594964027405
0, 52, 157, 18, 15, 0.33952510356903076
0, 454, 606, 16, 20, 0.33891987800598145
0, 221, 431, 16, 19, 0.3377681374549866
0, 241, 442, 18, 17, 0.33479785919189453
0, 182, 392, 15, 15, 0.33153045177459717
0, 44, 142, 15, 15, 0.331332266330719
0, 585, 236, 16, 14, 0.3310215175151825
0, 591, 250, 15, 16, 0.32962140440940857
0, 251, 61, 19, 15, 0.3200368583202362
0, 399, 156, 17, 17, 0.3189848065376282
0, 550, 318, 16, 18, 0.3126084506511688
0, 33, 153, 17, 14, 0.31164780259132385
0, 248, 77, 18, 16, 0.310217022895813
0, 410, 97, 20, 17, 0.3086170256137848
0, 734, 64, 14, 20, 0.30553507804870605
0, 418, 230, 17, 17, 0.30460283160209656
0, 174, 194, 15, 21, 0.29669028520584106
0, 992, 247, 15, 18, 0.2949221730232239
0, 988, 532, 15, 17, 0.2926940619945526
0, 649, 134, 14, 15, 0.2922040820121765
0, 882, 170, 15, 17, 0.2921997308731079
0, 953, 344, 19, 19, 0.28999465703964233
0, 669, 37, 16, 16, 0.28718283772468567
0, 502, 286, 15, 14, 0.2840791642665863
0, 515, 276, 14, 15, 0.2789982855319977
0, 193, 155, 15, 20, 0.27280962467193604
0, 486, 590, 16, 16, 0.27263036370277405
0, 487, 541, 15, 13, 0.27088478207588196
0, 378, 254, 17, 14, 0.26863688230514526
0, 40, 268, 12, 15, 0.26800423860549927
0, 363, 219, 17, 18, 0.2655528783798218
0, 732, 29, 17, 17, 0.26529961824417114
0, 188, 306, 14, 16, 0.26506444811820984
0, 245, 466, 16, 17, 0.2635412812232971
0, 532, 255, 14, 14, 0.2619346082210541
0, 252, 6, 15, 13, 0.2619205713272095
0, 193, 463, 17, 14, 0.2604108452796936
0, 776, 848, 15, 17, 0.2596803605556488
0, 192, 206, 18, 16, 0.2580370306968689
0, 100, 416, 15, 17, 0.256832480430603
0, 519, 508, 16, 16, 0.2561810612678528
0, 929, 430, 17, 20, 0.2552652060985565
0, 383, 149, 13, 17, 0.2552275061607361
0, 270, 5, 18, 10, 0.2546030580997467
0, 261, 44, 15, 17, 0.25386714935302734
0, 44, 181, 19, 16, 0.25339123606681824
0, 208, 254, 17, 21, 0.25300347805023193
0, 816, 919, 14, 15, 0.2516978085041046
0, 352, 432, 15, 15, 0.24993838369846344
0, 800, 868, 15, 15, 0.2483111470937729
0, 608, 507, 17, 15, 0.24803252518177032
0, 532, 353, 17, 18, 0.24463105201721191
0, 27, 144, 14, 12, 0.2440451830625534
0, 848, 235, 15, 18, 0.2429099678993225
0, 236, 398, 16, 15, 0.24257349967956543
0, 386, 210, 19, 19, 0.2420860230922699
0, 195, 381, 14, 17, 0.24106121063232422
0, 173, 214, 16, 17, 0.23656584322452545
0, 564, 499, 15, 14, 0.23597374558448792
0, 258, 111, 14, 15, 0.23400932550430298
0, 283, 489, 20, 17, 0.2316378951072693
0, 677, 146, 16, 15, 0.23163479566574097
0, 814, 315, 15, 14, 0.2293291687965393
0, 636, 515, 17, 19, 0.22907592356204987
0, 565, 355, 12, 18, 0.22837954759597778
0, 206, 339, 14, 17, 0.2278742790222168
0, 465, 107, 18, 15, 0.2277333289384842
0, 839, 857, 15, 16, 0.22745658457279205
0, 183, 773, 17, 16, 0.22521959245204926
0, 176, 354, 16, 15, 0.22518718242645264
0, 76, 60, 14, 15, 0.22201228141784668
0, 639, 49, 19, 17, 0.2208632081747055
0, 993, 654, 11, 14, 0.22084282338619232
0, 508, 334, 17, 18, 0.21841827034950256
0, 24, 192, 16, 17, 0.2182561308145523
0, 838, 207, 15, 15, 0.21640430390834808
0, 388, 118, 14, 15, 0.21603834629058838
0, 739, 116, 17, 14, 0.21407441794872284
0, 587, 463, 16, 19, 0.21158578991889954
0, 119, 402, 19, 17, 0.21061928570270538
0, 400, 680, 16, 18, 0.20972540974617004
0, 5, 134, 11, 15, 0.20925407111644745
0, 572, 295, 14, 19, 0.20779286324977875
0, 606, 343, 15, 17, 0.20567379891872406
0, 591, 273, 16, 15, 0.20378947257995605
0, 152, 280, 12, 17, 0.20371617376804352
0, 542, 462, 16, 19, 0.2022656351327896
0, 440, 161, 14, 18, 0.20181883871555328
0, 605, 463, 17, 15, 0.20014521479606628
0, 577, 552, 17, 16, 0.1996084302663803
0, 533, 238, 14, 16, 0.19942963123321533
0, 692, 65, 14, 18, 0.19891326129436493
0, 786, 884, 15, 15, 0.1982565075159073
0, 195, 335, 13, 16, 0.19792823493480682
0, 216, 388, 17, 15, 0.19773125648498535
0, 406, 132, 14, 18, 0.19659048318862915
0, 572, 245, 15, 12, 0.1947193145751953
0, 194, 353, 13, 16, 0.1944090873003006
0, 579, 569, 15, 17, 0.19261059165000916
0, 684, 167, 17, 18, 0.19221536815166473
0, 156, 431, 18, 16, 0.1922101378440857
0, 994, 806, 8, 17, 0.19151321053504944
0, 413, 181, 17, 13, 0.18892410397529602
0, 10, 289, 15, 16, 0.18862023949623108
0, 513, 317, 13, 13, 0.18854129314422607
0, 618, 102, 14, 22, 0.187775120139122
0, 66, 745, 17, 16, 0.18729807436466217
0, 55, 269, 16, 15, 0.18652857840061188
0, 68, 150, 17, 20, 0.1845162957906723
0, 705, 155, 13, 13, 0.18405364453792572
0, 36, 167, 14, 14, 0.18370354175567627
0, 27, 296, 18, 18, 0.18271130323410034
0, 530, 841, 18, 18, 0.18200789391994476
0, 683, 41, 13, 14, 0.1819746196269989
0, 668, 19, 14, 18, 0.18094423413276672
0, 163, 225, 16, 16, 0.18040110170841217
0, 62, 171, 15, 14, 0.18031583726406097
0, 579, 48, 15, 20, 0.1802244484424591
0, 196, 220, 19, 17, 0.17991845309734344
0, 262, 160, 14, 17, 0.179613396525383
0, 196, 181, 14, 20, 0.17952860891819
0, 887, 133, 18, 16, 0.17894117534160614
0, 990, 621, 12, 13, 0.1781664937734604
0, 190, 715, 16, 17, 0.17785950005054474
0, 641, 96, 17, 15, 0.17686453461647034
0, 607, 543, 16, 17, 0.17667658627033234
0, 235, 86, 14, 14, 0.1759728342294693
0, 238, 380, 14, 16, 0.17579539120197296
0, 467, 132, 15, 18, 0.17545537650585175
0, 749, 25, 15, 16, 0.17503097653388977
0, 178, 154, 11, 17, 0.1743156462907791
0, 667, 67, 13, 16, 0.17422586679458618
0, 613, 573, 18, 17, 0.17415447533130646
0, 803, 328, 19, 20, 0.17360763251781464
0, 172, 388, 11, 16, 0.17305722832679749
0, 593, 599, 15, 14, 0.1724652349948883
0, 438, 229, 18, 22, 0.17230771481990814
0, 112, 433, 13, 17, 0.17208188772201538
0, 21, 170, 12, 15, 0.17132508754730225
0, 990, 954, 13, 14, 0.16790635883808136
0, 593, 547, 15, 14, 0.16594520211219788
0, 396, 310, 16, 16, 0.16517232358455658
0, 570, 532, 16, 15, 0.16511060297489166
0, 216, 323, 17, 15, 0.16439153254032135
0, 399, 716, 14, 18, 0.16386234760284424
0, 821, 256, 18, 17, 0.16374622285366058
0, 577, 315, 18, 17, 0.16218608617782593
0, 216, 473, 15, 14, 0.16198226809501648
0, 534, 523, 16, 14, 0.1611747145652771
0, 981, 375, 15, 13, 0.16019584238529205
0, 613, 66, 14, 14, 0.15962155163288116
0, 558, 555, 18, 13, 0.15856219828128815
0, 507, 606, 15, 15, 0.15816806256771088
0, 438, 619, 18, 21, 0.15747244656085968
0, 577, 220, 18, 17, 0.15713819861412048
0, 983, 708, 17, 19, 0.1569904088973999
0, 168, 175, 14, 19, 0.15682320296764374
0, 550, 230, 15, 17, 0.1548946648836136
0, 53, 59, 14, 15, 0.15461105108261108
0, 827, 302, 18, 16, 0.15402871370315552
0, 851, 891, 19, 18, 0.1523776352405548
0, 264, 486, 15, 14, 0.15166720747947693
0, 990, 767, 15, 16, 0.15095606446266174
0, 404, 203, 16, 15, 0.15049384534358978
0, 791, 840, 14, 16, 0.1499844640493393
0, 877, 154, 15, 16, 0.14922712743282318
0, 167, 724, 16, 16, 0.14885154366493225
0, 993, 377, 11, 13, 0.14844763278961182
0, 528, 321, 16, 19, 0.14799104630947113
0, 96, 438, 16, 20, 0.14702452719211578
0, 483, 318, 16, 15, 0.14667287468910217
0, 637, 113, 16, 16, 0.14609594643115997
0, 522, 368, 16, 17, 0.1459069699048996
0, 435, 656, 14, 18, 0.14568574726581573
0, 508, 352, 15, 16, 0.1456395834684372
0, 438, 260, 14, 14, 0.145425945520401
0, 69, 79, 15, 13, 0.14505116641521454
0, 867, 993, 15, 11, 0.1450376957654953
0, 558, 291, 15, 15, 0.14481206238269806
0, 496, 527, 14, 15, 0.1446780115365982
0, 268, 88, 14, 16, 0.14437371492385864
0, 934, 128, 12, 16, 0.1441086381673813
0, 192, 409, 15, 16, 0.14366263151168823
0, 563, 479, 16, 16, 0.14342953264713287
0, 750, 98, 17, 19, 0.14291341602802277
0, 679, 465, 17, 17, 0.1428547352552414
0, 250, 499, 18, 19, 0.14257043600082397
0, 250, 394, 14, 17, 0.14204192161560059
0, 802, 298, 14, 15, 0.1408265382051468
0, 578, 370, 12, 15, 0.14078457653522491
0, 406, 264, 14, 14, 0.14069047570228577
0, 464, 74, 21, 24, 0.1404164731502533
0, 852, 912, 16, 14, 0.13995741307735443
0, 992, 468, 13, 14, 0.13962559401988983
0, 173, 319, 15, 18, 0.13866795599460602
0, 521, 403, 15, 21, 0.1381618231534958
0, 153, 766, 18, 19, 0.13776445388793945
0, 734, 88, 17, 17, 0.13725057244300842
0, 15, 219, 14, 19, 0.13716672360897064
0, 201, 310, 14, 15, 0.137113556265831
0, 537, 375, 16, 17, 0.13687263429164886
0, 456, 568, 15, 17, 0.13646845519542694
0, 10, 177, 18, 19, 0.13622285425662994
0, 447, 143, 12, 14, 0.13533271849155426
0, 489, 604, 17, 14, 0.13506372272968292
0, 47, 206, 16, 14, 0.1345624327659607
0, 577, 491, 16, 17, 0.13390035927295685
0, 158, 258, 13, 20, 0.1337144821882248
0, 277, 18, 13, 16, 0.13356642425060272
0, 94, 748, 18, 16, 0.13271227478981018
0, 237, 484, 19, 16, 0.13247334957122803
0, 994, 694, 9, 20, 0.13130290806293488
0, 837, 876, 14, 18, 0.13086873292922974
0, 620, 591, 15, 17, 0.13054299354553223
0, 805, 934, 14, 16, 0.13029848039150238
0, 147, 336, 14, 16, 0.13026180863380432
0, 731, 97, 17, 18, 0.13015742599964142
0, 747, 871, 14, 17, 0.12965604662895203
0, 866, 918, 13, 16, 0.12951438128948212
0, 211, 707, 16, 17, 0.1294461190700531
0, 495, 502, 16, 17, 0.1293809711933136
0, 7, 255, 14, 14, 0.1287095546722412
0, 905, 167, 16, 16, 0.1285041868686676
0, 559, 617, 16, 15, 0.12840446829795837
0, 932, 176, 16, 16, 0.1279992014169693
0, 817, 288, 16, 18, 0.12764054536819458
0, 990, 393, 16, 16, 0.12727567553520203
0, 372, 156, 14, 14, 0.12709614634513855
0, 159, 744, 14, 14, 0.12706655263900757
0, 40, 193, 15, 14, 0.1259133517742157
0, 325, 516, 16, 15, 0.1245686411857605
0, 277, 55, 15, 16, 0.12450016289949417
0, 860, 185, 15, 16, 0.12402669340372086
0, 98, 769, 17, 15, 0.12359829246997833
0, 307, 444, 17, 18, 0.12254263460636139
0, 575, 659, 17, 15, 0.1221090704202652
0, 174, 371, 14, 16, 0.12193569540977478
0, 193, 369, 13, 17, 0.1208346039056778
0, 628, 76, 13, 14, 0.12056373804807663
0, 806, 852, 19, 13, 0.11997372657060623
0, 988, 294, 17, 15, 0.1194775402545929
0, 554, 362, 15, 14, 0.11944983154535294
0, 589, 508, 15, 14, 0.11929433792829514
0, 900, 200, 18, 17, 0.11831634491682053
0, 393, 745, 15, 19, 0.11830420047044754
0, 428, 152, 11, 13, 0.1182592585682869
0, 833, 924, 16, 14, 0.11719609797000885
0, 905, 783, 15, 13, 0.11694058030843735
0, 815, 888, 13, 17, 0.11692918092012405
0, 103, 717, 15, 17, 0.11653980612754822
0, 162, 486, 13, 14, 0.11612913012504578
0, 602, 526, 15, 15, 0.11545790731906891
0, 971, 740, 16, 15, 0.11502081900835037
0, 36, 217, 17, 14, 0.1148168072104454
0, 386, 275, 15, 16, 0.1145716980099678
0, 828, 189, 18, 16, 0.11428723484277725
0, 984, 683, 16, 17, 0.1135074570775032
0, 821, 905, 18, 14, 0.1131986454129219
0, 963, 427, 16, 16, 0.11314333230257034
0, 517, 807, 18, 21, 0.11310482025146484
0, 808, 244, 14, 14, 0.11198054999113083
0, 393, 259, 13, 15, 0.11191901564598083
0, 879, 782, 16, 15, 0.11189375817775726
0, 241, 180, 16, 16, 0.11183155328035355
0, 17, 291, 19, 16, 0.11182226985692978
0, 958, 413, 13, 15, 0.11118452996015549
0, 850, 829, 14, 15, 0.11106529831886292
0, 602, 649, 20, 16, 0.11091358214616776
0, 178, 482, 14, 13, 0.11081193387508392
0, 85, 109, 14, 17, 0.11067749559879303
0, 923, 802, 16, 17, 0.11038168519735336
0, 91, 571, 19, 17, 0.1101229190826416
0, 830, 276, 18, 22, 0.11006844788789749
0, 387, 171, 14, 16, 0.1095130443572998
0, 914, 796, 15, 13, 0.10907109081745148
0, 658, 266, 15, 14, 0.10898875445127487
0, 63, 247, 14, 18, 0.10889635980129242
0, 69, 105, 16, 14, 0.10880716145038605
0, 421, 673, 13, 18, 0.1087823361158371
0, 372, 202, 16, 17, 0.10869766771793365
0, 514, 539, 22, 15, 0.10866513103246689
0, 500, 281, 17, 17, 0.10863351821899414
