0, 701.0, 449.0, 17.0, 15.0, 0.994922935962677
0, 361.0, 549.0, 20.0, 18.0, 0.9936382174491882
0, 553.0, 699.0, 22.0, 15.0, 0.9922835230827332
0, 365.0, 85.0, 20.0, 17.0, 0.9917368292808533
0, 561.0, 720.0, 21.0, 20.0, 0.9914025664329529
0, 702.0, 748.0, 19.0, 15.0, 0.9903721809387207
0, 221.0, 139.0, 18.0, 16.0, 0.9882475733757019
0, 885.0, 162.0, 16.0, 14.0, 0.9881783127784729
0, 153.0, 98.0, 14.0, 14.0, 0.9881290793418884
0, 193.0, 64.0, 17.0, 16.0, 0.9880675077438354
0, 598.0, 863.0, 18.0, 15.0, 0.9879395961761475
0, 665.0, 469.0, 22.0, 17.0, 0.9871679544448853
0, 959.0, 111.0, 18.0, 14.0, 0.9871354699134827
0, 181.0, 82.0, 17.0, 15.0, 0.9861488342285156
0, 460.0, 148.0, 17.0, 15.0, 0.9858237504959106
0, 143.0, 80.0, 15.0, 19.0, 0.9855622053146362
0, 801.0, 294.0, 20.0, 15.0, 0.9844244122505188
0, 701.0, 775.0, 20.0, 18.0, 0.9843690395355225
0, 884.0, 337.0, 18.0, 14.0, 0.9829976558685303
0, 207.0, 712.0, 15.0, 16.0, 0.982864499092102
0, 125.0, 88.0, 18.0, 15.0, 0.9827882647514343
0, 351.0, 761.0, 15.0, 13.0, 0.981952965259552
0, 607.0, 599.0, 19.0, 14.0, 0.9814545512199402
0, 206.0, 759.0, 20.0, 18.0, 0.9809145927429199
0, 900.0, 232.0, 19.0, 16.0, 0.9808870553970337
0, 541.0, 575.0, 18.0, 14.0, 0.9803054332733154
0, 652.0, 735.0, 22.0, 15.0, 0.978563666343689
0, 413.0, 310.0, 19.0, 15.0, 0.9770484566688538
0, 823.0, 213.0, 19.0, 16.0, 0.9764200448989868
0, 946.0, 76.0, 18.0, 16.0, 0.9759092926979065
0, 768.0, 524.0, 17.0, 15.0, 0.9754199981689453
0, 331.0, 239.0, 17.0, 16.0, 0.9745964407920837
0, 385.0, 336.0, 16.0, 13.0, 0.9734967947006226
0, 592.0, 623.0, 22.0, 15.0, 0.9717749357223511
0, 406.0, 370.0, 18.0, 15.0, 0.9695236086845398
0, 300.0, 94.0, 19.0, 14.0, 0.969011664390564
0, 406.0, 269.0, 14.0, 15.0, 0.9685208797454834
0, 546.0, 683.0, 18.0, 15.0, 0.9680461883544922
0, 721.0, 435.0, 17.0, 16.0, 0.9669911861419678
0, 181.0, 128.0, 16.0, 16.0, 0.9659942388534546
0, 767.0, 308.0, 21.0, 18.0, 0.9611387848854065
0, 417.0, 360.0, 16.0, 12.0, 0.9607097506523132
0, 512.0, 709.0, 17.0, 11.0, 0.9605630040168762
0, 906.0, 348.0, 16.0, 14.0, 0.9590495824813843
0, 613.0, 877.0, 20.0, 17.0, 0.9577999114990234
0, 331.0, 324.0, 17.0, 13.0, 0.9575086832046509
0, 955.0, 180.0, 19.0, 18.0, 0.9566920399665833
0, 276.0, 265.0, 15.0, 17.0, 0.9536908268928528
0, 919.0, 814.0, 14.0, 16.0, 0.953052282333374
0, 515.0, 931.0, 16.0, 16.0, 0.952233612537384
0, 458.0, 350.0, 17.0, 14.0, 0.9519379734992981
0, 41.0, 644.0, 20.0, 16.0, 0.9517843127250671
0, 422.0, 325.0, 18.0, 13.0, 0.9500677585601807
0, 797.0, 334.0, 17.0, 15.0, 0.9483819603919983
0, 205.0, 738.0, 19.0, 15.0, 0.9462409615516663
0, 627.0, 735.0, 17.0, 14.0, 0.9454404711723328
0, 154.0, 70.0, 21.0, 15.0, 0.9438690543174744
0, 792.0, 198.0, 20.0, 12.0, 0.9435474872589111
0, 222.0, 88.0, 19.0, 17.0, 0.9967094659805298
0, 352.0, 120.0, 19.0, 17.0, 0.9952412843704224
0, 76.0, 375.0, 17.0, 16.0, 0.9948478937149048
0, 363.0, 104.0, 18.0, 19.0, 0.9945048689842224
0, 240.0, 146.0, 20.0, 17.0, 0.9943244457244873
0, 329.0, 257.0, 23.0, 18.0, 0.99224454164505
0, 655.0, 646.0, 21.0, 19.0, 0.9850553274154663
0, 530.0, 126.0, 17.0, 14.0, 0.9819874167442322
0, 719.0, 760.0, 21.0, 19.0, 0.9815589785575867
0, 312.0, 273.0, 15.0, 15.0, 0.9808675646781921
0, 362.0, 308.0, 17.0, 16.0, 0.9791098833084106
0, 454.0, 131.0, 21.0, 19.0, 0.9739691019058228
0, 92.0, 379.0, 16.0, 19.0, 0.9717280864715576
0, 158.0, 538.0, 16.0, 15.0, 0.9715498089790344
0, 413.0, 295.0, 16.0, 14.0, 0.9706913828849792
0, 661.0, 453.0, 19.0, 18.0, 0.9686897397041321
0, 22.0, 288.0, 16.0, 15.0, 0.9677809476852417
0, 391.0, 105.0, 22.0, 19.0, 0.9672634601593018
0, 892.0, 829.0, 17.0, 17.0, 0.9670157432556152
0, 366.0, 528.0, 15.0, 18.0, 0.9657015204429626
0, 295.0, 262.0, 17.0, 15.0, 0.965112030506134
0, 221.0, 115.0, 16.0, 18.0, 0.9631170630455017
0, 220.0, 211.0, 15.0, 13.0, 0.962925136089325
0, 178.0, 143.0, 20.0, 14.0, 0.9629133939743042
0, 309.0, 121.0, 17.0, 16.0, 0.9608417749404907
0, 610.0, 185.0, 17.0, 16.0, 0.9602835774421692
0, 593.0, 701.0, 19.0, 18.0, 0.9596484899520874
0, 58.0, 363.0, 15.0, 15.0, 0.9589331150054932
0, 405.0, 276.0, 16.0, 17.0, 0.9588403105735779
0, 772.0, 509.0, 15.0, 16.0, 0.9574384093284607
0, 919.0, 183.0, 14.0, 17.0, 0.9547656178474426
0, 554.0, 593.0, 23.0, 18.0, 0.9547637701034546
0, 271.0, 166.0, 17.0, 19.0, 0.9542895555496216
0, 493.0, 671.0, 16.0, 15.0, 0.953409731388092
0, 958.0, 53.0, 16.0, 18.0, 0.9522820711135864
0, 943.0, 341.0, 15.0, 17.0, 0.9521880149841309
0, 57.0, 655.0, 18.0, 18.0, 0.9472455978393555
0, 711.0, 467.0, 17.0, 20.0, 0.9456928968429565
0, 160.0, 86.0, 17.0, 16.0, 0.9442977905273438
0, 208.0, 104.0, 16.0, 18.0, 0.9440188407897949
0, 332.0, 122.0, 19.0, 15.0, 0.9437331557273865
0, 725.0, 454.0, 18.0, 20.0, 0.9951767921447754
0, 612.0, 718.0, 16.0, 18.0, 0.9905824661254883
0, 369.0, 133.0, 24.0, 20.0, 0.9901408553123474
0, 235.0, 127.0, 16.0, 17.0, 0.9895053505897522
0, 796.0, 136.0, 16.0, 16.0, 0.9805968403816223
0, 241.0, 497.0, 13.0, 13.0, 0.9804137349128723
0, 345.0, 312.0, 16.0, 15.0, 0.9766759276390076
0, 298.0, 77.0, 19.0, 17.0, 0.974877119064331
0, 918.0, 208.0, 17.0, 16.0, 0.9745814204216003
0, 84.0, 401.0, 18.0, 23.0, 0.9745026230812073
0, 383.0, 558.0, 20.0, 21.0, 0.9739919304847717
0, 303.0, 324.0, 19.0, 14.0, 0.9699278473854065
0, 370.0, 255.0, 15.0, 18.0, 0.9698982238769531
0, 184.0, 578.0, 18.0, 20.0, 0.9666933417320251
0, 196.0, 95.0, 18.0, 14.0, 0.9637701511383057
0, 274.0, 15.0, 16.0, 20.0, 0.9532981514930725
0, 853.0, 335.0, 16.0, 16.0, 0.9519729018211365
0, 910.0, 328.0, 15.0, 17.0, 0.9518033862113953
0, 569.0, 141.0, 14.0, 20.0, 0.9501232504844666
0, 333.0, 130.0, 17.0, 23.0, 0.9458603262901306
0, 410.0, 558.0, 20.0, 18.0, 0.990788996219635
0, 747.0, 400.0, 18.0, 14.0, 0.9898453950881958
0, 425.0, 109.0, 19.0, 16.0, 0.980575680732727
0, 255.0, 154.0, 16.0, 20.0, 0.9769974946975708
0, 113.0, 503.0, 15.0, 15.0, 0.9648703336715698
0, 794.0, 346.0, 22.0, 17.0, 0.9647247791290283
0, 201.0, 522.0, 17.0, 13.0, 0.9633337259292603
0, 135.0, 735.0, 16.0, 14.0, 0.9633318781852722
0, 600.0, 101.0, 21.0, 18.0, 0.9527312517166138
0, 229.0, 959.0, 20.0, 18.0, 0.9494224786758423
0, 709.0, 425.0, 17.0, 14.0, 0.9436683654785156
0, 392.0, 160.0, 17.0, 20.0, 0.943030059337616
0, 909.0, 112.0, 18.0, 14.0, 0.9964808821678162
0, 322.0, 287.0, 18.0, 14.0, 0.994090735912323
0, 970.0, 62.0, 14.0, 13.0, 0.9863887429237366
0, 895.0, 128.0, 15.0, 17.0, 0.9850896596908569
0, 431.0, 274.0, 12.0, 14.0, 0.9737661480903625
0, 883.0, 812.0, 16.0, 14.0, 0.9696439504623413
0, 644.0, 749.0, 16.0, 13.0, 0.9645299911499023
0, 444.0, 291.0, 13.0, 13.0, 0.9605414271354675
0, 658.0, 737.0, 14.0, 14.0, 0.9570811986923218
0, 902.0, 193.0, 18.0, 14.0, 0.9508500099182129
0, 151.0, 652.0, 17.0, 16.0, 0.9509971737861633
0, 127.0, 636.0, 14.0, 12.0, 0.9456522464752197
0, 246.0, 183.0, 18.0, 18.0, 0.982311487197876
0, 641.0, 785.0, 19.0, 16.0, 0.975723385810852
0, 555.0, 153.0, 18.0, 18.0, 0.9717205762863159
0, 253.0, 284.0, 15.0, 16.0, 0.9637340307235718
0, 830.0, 86.0, 15.0, 14.0, 0.9622582793235779
0, 346.0, 246.0, 14.0, 13.0, 0.9496066570281982
0, 442.0, 813.0, 17.0, 17.0, 0.944678783416748
0, 742.0, 684.0, 18.0, 18.0, 0.9442784190177917
0, 724.0, 632.0, 16.0, 12.0, 0.9780135154724121
0, 149.0, 833.0, 16.0, 14.0, 0.9650875926017761
0, 161.0, 669.0, 15.0, 13.0, 0.9556226134300232
0, 286.0, 762.0, 12.0, 7.0, 0.9442881345748901
0, 347.0, 76.0, 17.0, 17.0, 0.997066080570221
0, 923.0, 102.0, 17.0, 17.0, 0.9964906573295593
0, 194.0, 117.0, 18.0, 18.0, 0.9927277565002441
0, 682.0, 719.0, 20.0, 22.0, 0.9924567937850952
0, 811.0, 277.0, 16.0, 19.0, 0.9901780486106873
0, 514.0, 140.0, 21.0, 20.0, 0.9899168610572815
0, 673.0, 739.0, 17.0, 17.0, 0.9891387820243835
0, 202.0, 84.0, 21.0, 18.0, 0.9888984560966492
0, 22.0, 860.0, 20.0, 19.0, 0.9874294400215149
0, 537.0, 139.0, 18.0, 15.0, 0.9872995018959045
0, 11.0, 267.0, 16.0, 21.0, 0.986270010471344
0, 941.0, 32.0, 22.0, 19.0, 0.9859273433685303
0, 931.0, 59.0, 22.0, 16.0, 0.9858165979385376
0, 645.0, 628.0, 15.0, 18.0, 0.9856781363487244
0, 588.0, 183.0, 17.0, 19.0, 0.9854280352592468
0, 819.0, 159.0, 18.0, 18.0, 0.9851556420326233
0, 476.0, 668.0, 19.0, 19.0, 0.9846683144569397
0, 865.0, 826.0, 21.0, 16.0, 0.9845102429389954
0, 547.0, 130.0, 18.0, 22.0, 0.9844463467597961
0, 371.0, 862.0, 19.0, 17.0, 0.9840415716171265
0, 890.0, 146.0, 15.0, 16.0, 0.9836470484733582
0, 686.0, 728.0, 20.0, 19.0, 0.9828377962112427
0, 397.0, 351.0, 16.0, 15.0, 0.980851948261261
0, 209.0, 159.0, 18.0, 17.0, 0.9807295203208923
0, 490.0, 687.0, 19.0, 17.0, 0.9807238578796387
0, 260.0, 258.0, 16.0, 21.0, 0.9802479147911072
0, 903.0, 214.0, 17.0, 15.0, 0.9791755676269531
0, 580.0, 584.0, 21.0, 18.0, 0.9788716435432434
0, 405.0, 258.0, 17.0, 18.0, 0.977792501449585
0, 294.0, 598.0, 17.0, 16.0, 0.9775340557098389
0, 236.0, 107.0, 15.0, 19.0, 0.9766799211502075
0, 789.0, 157.0, 20.0, 18.0, 0.976443886756897
0, 959.0, 205.0, 18.0, 21.0, 0.9763270616531372
0, 447.0, 574.0, 18.0, 17.0, 0.9758047461509705
0, 429.0, 292.0, 14.0, 15.0, 0.974906325340271
0, 220.0, 725.0, 17.0, 15.0, 0.9745967984199524
0, 563.0, 646.0, 17.0, 17.0, 0.9735698699951172
0, 628.0, 640.0, 21.0, 17.0, 0.9727423191070557
0, 664.0, 39.0, 23.0, 21.0, 0.9702928066253662
0, 460.0, 315.0, 16.0, 17.0, 0.9700189828872681
0, 796.0, 276.0, 16.0, 18.0, 0.9688259959220886
0, 681.0, 456.0, 19.0, 21.0, 0.9681953191757202
0, 294.0, 230.0, 16.0, 20.0, 0.9678657650947571
0, 341.0, 293.0, 19.0, 17.0, 0.9674728512763977
0, 899.0, 321.0, 15.0, 17.0, 0.9673946499824524
0, 621.0, 739.0, 18.0, 18.0, 0.9649839997291565
0, 608.0, 856.0, 17.0, 23.0, 0.9582388401031494
0, 644.0, 603.0, 15.0, 19.0, 0.9571981430053711
0, 312.0, 837.0, 21.0, 15.0, 0.9564562439918518
0, 388.0, 582.0, 22.0, 18.0, 0.9558581113815308
0, 630.0, 717.0, 17.0, 18.0, 0.9547303318977356
0, 284.0, 203.0, 19.0, 19.0, 0.9544939994812012
0, 669.0, 868.0, 17.0, 17.0, 0.9528159499168396
0, 312.0, 609.0, 16.0, 16.0, 0.950593113899231
0, 968.0, 130.0, 21.0, 17.0, 0.9467511177062988
0, 459.0, 308.0, 17.0, 20.0, 0.9452550411224365
0, 634.0, 196.0, 18.0, 19.0, 0.9448134899139404
0, 297.0, 282.0, 16.0, 19.0, 0.9438397288322449
0, 58.0, 383.0, 16.0, 17.0, 0.9438161849975586
0, 932.0, 953.0, 17.0, 20.0, 0.94353848695755
0, 620.0, 762.0, 15.0, 14.0, 0.942823052406311
