0, 213, 480, 15, 23, 0.18599316477775574
0, 311, 491, 30, 20, 0.14816080033779144
0, 850, 277, 31, 32, 0.10900044441223145
0, 474, 361, 27, 17, 0.06552665680646896
0, 832, 339, 23, 21, 0.061206091195344925
0, 474, 436, 54, 36, 0.047644101083278656
0, 1157, 287, 32, 37, 0.04716962203383446
0, 532, 392, 36, 39, 0.04308803752064705
0, 1131, 236, 37, 24, 0.040974512696266174
0, 1210, 213, 25, 37, 0.0360746905207634
0, 144, 535, 24, 17, 0.03480132296681404
0, 1254, 235, 62, 50, 0.03297465667128563
0, 768, 328, 39, 46, 0.031729646027088165
0, 456, 445, 20, 22, 0.03164160996675491
0, 1136, 290, 68, 59, 0.028810493648052216
0, 1222, 224, 36, 37, 0.027096712961792946
0, 1115, 249, 21, 23, 0.026921957731246948
0, 1308, 166, 39, 66, 0.02677335776388645
0, 1136, 224, 44, 46, 0.02638116665184498
0, 989, 323, 36, 23, 0.025945043191313744
0, 1186, 177, 23, 18, 0.02583349123597145
0, 1039, 310, 24, 38, 0.025337621569633484
0, 1127, 244, 36, 23, 0.025297146290540695
0, 914, 293, 35, 26, 0.025076553225517273
0, 972, 306, 29, 26, 0.0238143689930439
0, 1148, 214, 20, 30, 0.022889642044901848
0, 1052, 305, 41, 41, 0.02047496661543846
0, 1008, 256, 25, 17, 0.02035774290561676
0, 1124, 300, 53, 35, 0.01995117776095867
0, 898, 288, 34, 32, 0.01958884298801422
0, 159, 478, 15, 19, 0.01834263652563095
0, 934, 270, 20, 15, 0.01810881681740284
0, 1055, 293, 29, 25, 0.01794097200036049
0, 981, 313, 55, 42, 0.017857803031802177
0, 696, 338, 28, 20, 0.017093222588300705
0, 1235, 228, 66, 63, 0.016338594257831573
0, 1179, 180, 26, 19, 0.016027959063649178
0, 693, 311, 26, 21, 0.015676608309149742
0, 1208, 281, 42, 22, 0.015117630362510681
0, 1117, 272, 30, 22, 0.014890617690980434
0, 1144, 281, 55, 34, 0.014442876912653446
0, 1312, 179, 30, 44, 0.014421714469790459
0, 1032, 308, 19, 32, 0.01408630982041359
0, 769, 314, 30, 19, 0.014073237776756287
0, 1004, 271, 26, 30, 0.014015951193869114
0, 122, 478, 13, 15, 0.013344258069992065
0, 914, 285, 51, 49, 0.013287397101521492
0, 1049, 275, 41, 29, 0.012806756421923637
0, 694, 325, 33, 49, 0.01236117072403431
0, 897, 276, 31, 29, 0.011671125888824463
0, 942, 298, 100, 69, 0.011258724145591259
0, 1107, 253, 23, 25, 0.01109823863953352
0, 1053, 304, 56, 59, 0.010874339379370213
0, 1224, 203, 32, 36, 0.010424538515508175
0, 253, 442, 19, 18, 0.010054590180516243
0, 1108, 304, 27, 25, 0.010036015883088112
0, 974, 296, 37, 34, 0.009911750443279743
0, 491, 340, 15, 11, 0.009898820891976357
0, 107, 509, 18, 18, 0.00895227212458849
0, 1004, 284, 21, 17, 0.007939259521663189
0, 929, 297, 61, 28, 0.007915622554719448
0, 1206, 211, 45, 50, 0.007507979869842529
0, 1191, 199, 24, 32, 0.007299070246517658
0, 1166, 247, 22, 24, 0.006634466350078583
0, 1211, 212, 66, 69, 0.005442827939987183
0, 996, 274, 32, 30, 0.005194301251322031
0, 1234, 224, 105, 84, 0.005077280569821596
0, 381, 478, 32, 16, 0.004986569285392761
0, 1286, 217, 13, 21, 0.004939529579132795
0, 1151, 204, 17, 25, 0.004857521038502455
0, 390, 433, 19, 13, 0.00480910437181592
0, 1204, 283, 56, 39, 0.004434788133949041
0, 1142, 250, 52, 31, 0.004375067073851824
0, 1140, 222, 69, 70, 0.004079984035342932
0, 1175, 196, 19, 26, 0.004031788557767868
0, 941, 279, 34, 33, 0.003984303679317236
0, 1193, 195, 55, 64, 0.003852533409371972
0, 965, 281, 29, 31, 0.003608871717005968
0, 1069, 279, 37, 36, 0.0033901038113981485
0, 1172, 259, 148, 122, 0.003349054604768753
0, 1289, 143, 15, 23, 0.003239300800487399
0, 227, 436, 19, 17, 0.0028989315032958984
0, 209, 485, 29, 27, 0.002656142460182309
0, 877, 281, 80, 45, 0.0025836527347564697
0, 478, 355, 39, 32, 0.0025027617812156677
0, 211, 513, 18, 13, 0.0024258685298264027
0, 380, 434, 36, 15, 0.0024009905755519867
0, 1005, 297, 162, 87, 0.0023790865670889616
0, 953, 229, 14, 15, 0.002330298535525799
0, 1168, 237, 26, 29, 0.0022898907773196697
0, 343, 491, 26, 13, 0.0022891946136951447
0, 196, 515, 24, 14, 0.002206673612818122
0, 1194, 141, 10, 13, 0.0021887701004743576
0, 1126, 249, 65, 84, 0.002026350237429142
0, 1011, 260, 38, 25, 0.0019948207773268223
0, 1181, 209, 36, 47, 0.0018337536603212357
0, 48, 3, 96, 7, 0.0018247752450406551
0, 332, 438, 24, 16, 0.0017952278722077608
0, 367, 436, 22, 13, 0.0014479346573352814
0, 1181, 240, 47, 52, 0.0014205336337909102
0, 136, 495, 16, 13, 0.0013548132264986634
0, 754, 267, 19, 18, 0.0012280043447390199
0, 1002, 271, 51, 51, 0.0010837818263098598
0, 1205, 166, 25, 18, 0.0009956168942153454
0, 898, 284, 90, 57, 0.0009705848060548306
0, 176, 515, 17, 15, 0.0009665268007665873
0, 1439, 4, 77, 9, 0.0008883828995749354
0, 852, 287, 35, 57, 0.0008633070392534137
0, 300, 433, 17, 16, 0.0007444356451742351
0, 784, 326, 55, 46, 0.0007047762628644705
0, 1338, 689, 268, 35, 0.0006953676347620785
0, 1187, 289, 84, 48, 0.0006816097302362323
0, 119, 489, 16, 17, 0.0006723912665620446
0, 880, 359, 15, 11, 0.0006344567518681288
0, 534, 397, 46, 67, 0.0005104945739731193
0, 262, 470, 16, 15, 0.000481789349578321
0, 1292, 159, 29, 54, 0.0004760325828101486
0, 74, 44, 149, 88, 0.0004756745183840394
0, 47, 16, 95, 33, 0.0004736682749353349
0, 139, 510, 26, 27, 0.00046486908104270697
0, 333, 489, 96, 35, 0.00044024226372130215
0, 1422, 702, 110, 9, 0.00041207310277968645
0, 1223, 192, 71, 46, 0.0003785880981013179
0, 763, 267, 39, 22, 0.0003694161423482001
0, 111, 524, 27, 36, 0.0003672818129416555
0, 810, 334, 71, 40, 0.00035651709185913205
0, 270, 419, 12, 14, 0.0003484799526631832
0, 509, 414, 80, 82, 0.0003440761938691139
0, 197, 489, 226, 49, 0.00033757739583961666
0, 1254, 213, 144, 126, 0.000331440067384392
0, 1106, 293, 131, 73, 0.00032765427022241056
0, 114, 534, 34, 25, 0.0003163955989293754
0, 1294, 218, 24, 30, 0.0003117648884654045
0, 189, 521, 27, 21, 0.0003101494803559035
0, 1199, 261, 197, 210, 0.00030580718885175884
0, 1301, 50, 352, 101, 0.0003057215071748942
0, 309, 496, 41, 32, 0.00030427545425482094
0, 362, 477, 16, 13, 0.00029458841891027987
0, 499, 434, 106, 75, 0.0002867870789486915
0, 695, 294, 19, 19, 0.00027856454835273325
0, 1264, 162, 50, 50, 0.0002689198881853372
0, 176, 525, 23, 16, 0.0002674509596545249
0, 1200, 691, 401, 30, 0.00025527618709020317
0, 150, 58, 301, 117, 0.00023748331295792013
0, 881, 348, 19, 19, 0.00022036208247300237
0, 48, 702, 96, 9, 0.00021231429127510637
0, 306, 520, 316, 110, 0.00021023920271545649
0, 1276, 227, 65, 53, 0.0002093115181196481
0, 1126, 258, 147, 149, 0.00020904427219647914
0, 47, 688, 94, 36, 0.00020899882656522095
0, 774, 271, 50, 25, 0.00020719741587527096
0, 111, 501, 27, 34, 0.0001959555083885789
0, 1184, 207, 83, 81, 0.00019457718008197844
0, 220, 482, 29, 33, 0.00019047470414079726
0, 1257, 120, 23, 24, 0.00018989821546711028
0, 979, 312, 68, 69, 0.0001892732980195433
0, 1150, 296, 94, 118, 0.00018461707804817706
0, 1232, 137, 15, 24, 0.00017671547539066523
0, 1284, 207, 28, 46, 0.00017600986757315695
0, 1422, 684, 110, 44, 0.000175883702468127
0, 1193, 171, 34, 26, 0.00017003364337142557
0, 363, 468, 303, 99, 0.0001693506637820974
0, 349, 485, 35, 20, 0.0001691702491370961
0, 656, 312, 18, 20, 0.00016686601156834513
0, 1262, 179, 33, 25, 0.0001660354610066861
0, 142, 481, 43, 31, 0.00015970985987223685
0, 346, 499, 125, 154, 0.0001586009602760896
0, 731, 322, 94, 52, 0.00015659992641303688
0, 198, 494, 45, 51, 0.00015580086619593203
0, 1256, 197, 187, 247, 0.00013715412933379412
0, 167, 481, 30, 26, 0.00013529766874853522
0, 109, 540, 22, 20, 0.00013112866145092994
0, 875, 314, 111, 100, 0.00012903258902952075
0, 658, 318, 24, 34, 0.0001290163490921259
0, 892, 381, 29, 18, 0.00012709162547253072
0, 304, 487, 47, 32, 0.0001264633610844612
0, 180, 487, 84, 34, 0.00012381192937027663
0, 1174, 65, 13, 13, 0.00012311438331380486
0, 1190, 208, 330, 284, 0.00012000835704384372
0, 857, 323, 56, 52, 0.00011927262676181272
0, 1041, 691, 369, 31, 0.0001152893528342247
0, 951, 336, 34, 27, 0.00011421328235883266
0, 712, 321, 106, 78, 0.0001140097010647878
0, 216, 472, 18, 43, 0.00011110081686638296
0, 794, 324, 150, 93, 0.00011105484736617655
0, 196, 518, 48, 28, 0.00010932432633126155
0, 1245, 161, 26, 26, 0.00010837139416253194
0, 469, 431, 212, 256, 0.00010811604443006217
0, 799, 284, 12, 14, 0.00010749963257694617
0, 251, 449, 38, 35, 0.00010671788913896307
0, 1222, 166, 25, 19, 0.00010654432117007673
0, 780, 316, 48, 27, 0.00010292785736965016
0, 983, 326, 53, 40, 0.00010167927393922582
0, 155, 523, 51, 39, 0.0001003308643703349
0, 493, 344, 31, 25, 9.929105726769194e-05
0, 386, 404, 23, 18, 9.910055814543739e-05
0, 1396, 5, 146, 11, 9.64025457506068e-05
0, 1222, 265, 84, 74, 9.369709732709453e-05
0, 1376, 699, 203, 15, 9.263836545869708e-05
0, 350, 514, 272, 202, 9.226772817783058e-05
0, 854, 269, 43, 61, 8.861113747116178e-05
0, 213, 519, 355, 248, 8.793135202722624e-05
0, 221, 504, 27, 27, 8.734685252420604e-05
0, 133, 487, 107, 40, 8.707980305189267e-05
0, 792, 276, 26, 30, 8.506642188876867e-05
0, 489, 335, 28, 24, 8.49030475364998e-05
0, 1180, 49, 403, 98, 8.330015407409519e-05
0, 840, 342, 64, 32, 8.169106877176091e-05
0, 829, 345, 35, 39, 8.126397005980834e-05
0, 828, 353, 48, 63, 7.806836219970137e-05
0, 222, 438, 25, 23, 7.76781962485984e-05
0, 574, 361, 22, 27, 7.500928040826693e-05
0, 1107, 264, 83, 72, 7.385032949969172e-05
0, 915, 262, 152, 112, 7.330816151807085e-05
0, 769, 286, 51, 42, 7.229865877889097e-05
0, 398, 472, 44, 15, 7.166393334046006e-05
0, 538, 404, 103, 73, 7.047502731438726e-05
0, 31, 151, 62, 302, 7.032270514173433e-05
0, 258, 457, 23, 27, 6.925121851963922e-05
0, 705, 290, 18, 17, 6.893363752169535e-05
0, 515, 402, 161, 236, 6.762783596059307e-05
0, 473, 454, 77, 84, 6.750940519850701e-05
0, 1064, 284, 127, 87, 6.726534047629684e-05
0, 1278, 150, 69, 83, 6.686065171379596e-05
0, 1016, 255, 420, 363, 6.552384729729965e-05
0, 98, 5, 197, 10, 6.551347905769944e-05
0, 255, 471, 17, 15, 6.047531132935546e-05
0, 302, 427, 21, 23, 6.010739889461547e-05
0, 1428, 29, 98, 58, 5.892740955459885e-05
0, 1038, 346, 126, 148, 5.7713095884537324e-05
0, 883, 322, 26, 26, 5.7236913562519476e-05
0, 348, 430, 80, 42, 5.6456141464877874e-05
0, 578, 349, 18, 22, 5.388473073253408e-05
0, 770, 357, 78, 104, 5.375303953769617e-05
0, 1319, 168, 60, 83, 5.3481333452509716e-05
0, 517, 370, 102, 83, 5.292032437864691e-05
0, 551, 405, 40, 37, 5.284024518914521e-05
0, 1029, 57, 435, 115, 5.27432857779786e-05
0, 847, 309, 55, 65, 5.25480427313596e-05
0, 318, 508, 67, 72, 5.248143497738056e-05
0, 943, 332, 50, 38, 5.208814036450349e-05
0, 778, 691, 356, 30, 5.201527164899744e-05
0, 933, 281, 72, 73, 5.0398764869896695e-05
0, 765, 292, 35, 24, 5.013186455471441e-05
0, 163, 537, 66, 35, 4.970491136191413e-05
0, 892, 346, 29, 24, 4.896735481452197e-05
0, 291, 486, 86, 46, 4.830743637285195e-05
0, 840, 277, 60, 37, 4.800206079380587e-05
0, 337, 500, 44, 27, 4.6950055548222736e-05
0, 963, 252, 72, 56, 4.694629751611501e-05
0, 574, 375, 24, 28, 4.6862656745361164e-05
0, 357, 472, 387, 281, 4.685778185375966e-05
0, 158, 463, 20, 27, 4.658737452700734e-05
0, 1341, 162, 207, 180, 4.6506938815582544e-05
0, 380, 480, 43, 28, 4.5943757868371904e-05
0, 1291, 201, 77, 87, 4.545465708361007e-05
0, 976, 340, 124, 140, 4.5108256017556414e-05
0, 256, 427, 32, 31, 4.4904907554155216e-05
0, 246, 494, 16, 17, 4.475442256079987e-05
0, 1307, 668, 340, 77, 4.4530788727570325e-05
0, 328, 454, 23, 16, 4.446196180651896e-05
0, 497, 469, 92, 106, 4.443708166945726e-05
0, 463, 436, 99, 51, 4.3443105823826045e-05
0, 993, 252, 130, 108, 4.304441245039925e-05
0, 245, 435, 59, 47, 4.246334356139414e-05
0, 328, 485, 57, 28, 4.2217972804792225e-05
0, 98, 693, 190, 27, 4.09733947890345e-05
0, 289, 461, 14, 23, 4.094460382475518e-05
0, 1035, 315, 62, 67, 4.072866795468144e-05
0, 163, 576, 196, 180, 4.042182263219729e-05
0, 372, 427, 57, 30, 3.9036207454046234e-05
0, 739, 311, 202, 130, 3.836072937701829e-05
0, 1150, 202, 115, 120, 3.801009006565437e-05
0, 36, 666, 72, 80, 3.797592580667697e-05
0, 911, 357, 96, 126, 3.775734512601048e-05
0, 898, 365, 75, 46, 3.7463811167981476e-05
0, 777, 288, 43, 22, 3.736106009455398e-05
0, 295, 437, 24, 21, 3.7283469282556325e-05
0, 828, 310, 301, 319, 3.6380220990395173e-05
0, 274, 67, 467, 134, 3.572023342712782e-05
0, 1315, 133, 34, 60, 3.5586272133514285e-05
0, 686, 314, 45, 65, 3.548037784639746e-05
0, 231, 458, 454, 389, 3.4502292692195624e-05
0, 1368, 75, 218, 150, 3.426698822295293e-05
0, 532, 326, 21, 11, 3.363182986504398e-05
0, 481, 342, 55, 68, 3.345921140862629e-05
0, 1125, 353, 140, 150, 3.2946081773843616e-05
0, 877, 67, 426, 135, 3.281294630141929e-05
0, 495, 380, 65, 57, 3.274464688729495e-05
0, 968, 488, 15, 14, 3.235011899960227e-05
0, 1229, 699, 245, 15, 3.205496977898292e-05
0, 34, 496, 66, 365, 3.1960800697561353e-05
0, 1453, 643, 48, 126, 3.1950228731147945e-05
0, 62, 613, 125, 187, 3.160705091431737e-05
0, 412, 457, 16, 13, 3.137219027848914e-05
0, 551, 381, 76, 81, 3.136273517156951e-05
0, 876, 380, 96, 92, 3.1218012736644596e-05
0, 471, 450, 57, 53, 3.088582161581144e-05
0, 579, 524, 17, 19, 3.0783201509620994e-05
0, 568, 370, 31, 36, 3.044686673092656e-05
