0, 196, 266, 52, 71, 0.2535947561264038
0, 258, 178, 41, 55, 0.24077968299388885
0, 179, 298, 18, 11, 0.21732869744300842
0, 157, 316, 20, 23, 0.19388146698474884
0, 248, 191, 13, 19, 0.1617269665002823
0, 196, 284, 38, 32, 0.15616291761398315
0, 90, 294, 9, 10, 0.10671777278184891
0, 199, 282, 24, 24, 0.09626060724258423
0, 202, 251, 31, 39, 0.09467705339193344
0, 114, 280, 8, 14, 0.0905861034989357
0, 304, 201, 9, 8, 0.08789826184511185
0, 109, 328, 9, 12, 0.08426041156053543
0, 315, 247, 26, 27, 0.07510383427143097
0, 257, 193, 8, 13, 0.07384565472602844
0, 220, 204, 12, 18, 0.06911762058734894
0, 169, 274, 8, 8, 0.06729679554700851
0, 250, 189, 21, 24, 0.05644528195261955
0, 265, 171, 18, 34, 0.054434921592473984
0, 299, 222, 10, 10, 0.045434724539518356
0, 314, 225, 11, 6, 0.04226455092430115
0, 175, 224, 11, 11, 0.0410936065018177
0, 232, 192, 8, 12, 0.03986865654587746
0, 161, 248, 10, 12, 0.0373007170855999
0, 174, 222, 24, 22, 0.0368613637983799
0, 250, 242, 25, 23, 0.03493953496217728
0, 281, 160, 11, 10, 0.03326387330889702
0, 94, 274, 9, 10, 0.033091410994529724
0, 85, 280, 9, 8, 0.030024651437997818
0, 103, 263, 7, 11, 0.029877569526433945
0, 364, 143, 28, 21, 0.02933053858578205
0, 138, 232, 19, 18, 0.026817562058568
0, 104, 272, 21, 30, 0.026460308581590652
0, 158, 248, 18, 16, 0.02630949392914772
0, 166, 229, 7, 8, 0.026069099083542824
0, 252, 241, 16, 17, 0.025744253769516945
0, 125, 287, 29, 45, 0.025010911747813225
0, 257, 248, 41, 43, 0.02486402727663517
0, 188, 291, 39, 29, 0.024797560647130013
0, 108, 280, 16, 14, 0.022879626601934433
0, 294, 187, 8, 9, 0.022161804139614105
0, 326, 198, 8, 10, 0.021872185170650482
0, 380, 205, 12, 11, 0.021176612004637718
0, 337, 241, 9, 15, 0.020569251850247383
0, 180, 295, 22, 20, 0.019874759018421173
0, 98, 269, 19, 27, 0.01895173266530037
0, 164, 266, 125, 88, 0.018539195880293846
0, 240, 280, 9, 8, 0.018488513305783272
0, 95, 316, 6, 9, 0.01803761161863804
0, 132, 274, 12, 13, 0.01792643405497074
0, 197, 219, 11, 17, 0.0159764364361763
0, 339, 244, 15, 16, 0.015523005276918411
0, 190, 235, 63, 59, 0.015211912803351879
0, 73, 23, 147, 46, 0.015019197948276997
0, 209, 242, 15, 19, 0.014841657131910324
0, 221, 252, 142, 101, 0.014799403958022594
0, 248, 223, 5, 6, 0.014105149544775486
0, 268, 201, 12, 18, 0.013616570271551609
0, 131, 277, 16, 22, 0.013435564935207367
0, 210, 193, 6, 12, 0.013227277435362339
0, 125, 287, 10, 12, 0.013197150081396103
0, 209, 224, 13, 13, 0.012966462410986423
0, 359, 187, 12, 10, 0.012432868592441082
0, 144, 236, 10, 12, 0.012110918760299683
0, 153, 267, 20, 14, 0.011839121580123901
0, 180, 285, 27, 34, 0.011535280384123325
0, 246, 238, 22, 20, 0.011456780135631561
0, 149, 266, 11, 12, 0.011021104641258717
0, 195, 196, 8, 12, 0.01085965521633625
0, 232, 227, 9, 8, 0.01082324143499136
0, 257, 264, 7, 10, 0.01075735967606306
0, 204, 292, 21, 12, 0.009728843346238136
0, 119, 282, 21, 20, 0.009626917541027069
0, 407, 184, 10, 8, 0.009560393169522285
0, 290, 174, 9, 12, 0.009465117007493973
0, 158, 284, 7, 9, 0.009442634880542755
0, 353, 214, 8, 7, 0.009418771602213383
0, 241, 172, 14, 19, 0.009296700358390808
0, 363, 162, 77, 62, 0.00889289379119873
0, 172, 314, 9, 9, 0.00878490786999464
0, 172, 270, 20, 21, 0.008648015558719635
0, 195, 221, 22, 22, 0.008395493030548096
0, 128, 294, 21, 30, 0.008348938077688217
0, 515, 22, 119, 45, 0.008213440887629986
0, 139, 249, 14, 10, 0.008019338361918926
0, 160, 272, 31, 25, 0.007805623579770327
0, 92, 314, 13, 15, 0.007798510603606701
0, 154, 283, 16, 14, 0.0075892056338489056
0, 320, 192, 10, 13, 0.007542381528764963
0, 303, 198, 15, 15, 0.007533855736255646
0, 291, 180, 18, 27, 0.007497753016650677
0, 88, 338, 6, 7, 0.0074875131249427795
0, 231, 250, 108, 66, 0.0074626668356359005
0, 156, 257, 27, 35, 0.007167894393205643
0, 321, 194, 179, 144, 0.007087587378919125
0, 395, 144, 12, 25, 0.0070237875916063786
0, 252, 274, 11, 15, 0.006837619002908468
0, 317, 191, 7, 11, 0.006798388436436653
0, 306, 190, 8, 9, 0.006680103950202465
0, 322, 211, 18, 27, 0.0066778636537492275
0, 358, 214, 19, 9, 0.006496450863778591
0, 102, 345, 6, 9, 0.0064336019568145275
0, 172, 217, 18, 16, 0.006373229436576366
0, 346, 181, 16, 14, 0.00600996520370245
0, 202, 195, 22, 17, 0.005754236597567797
0, 133, 338, 8, 8, 0.005737461149692535
0, 200, 226, 32, 32, 0.005703737959265709
0, 407, 168, 10, 9, 0.005701769609004259
0, 343, 164, 29, 18, 0.005539633799344301
0, 363, 213, 9, 9, 0.005464431829750538
0, 241, 279, 15, 12, 0.0054109967313706875
0, 253, 278, 9, 9, 0.005385211203247309
0, 272, 274, 24, 12, 0.005285957362502813
0, 179, 315, 66, 27, 0.00526410760357976
0, 264, 273, 10, 9, 0.004854565020650625
0, 138, 254, 20, 21, 0.004826124757528305
0, 90, 293, 16, 14, 0.004740677773952484
0, 78, 299, 9, 21, 0.00468444311991334
0, 178, 268, 9, 17, 0.004660075064748526
0, 155, 246, 23, 25, 0.004647676832973957
0, 120, 274, 10, 18, 0.00461035780608654
0, 129, 273, 48, 70, 0.0045225610956549644
0, 116, 280, 50, 52, 0.0044740065932273865
0, 205, 224, 21, 18, 0.004400119185447693
0, 142, 257, 30, 30, 0.004398569464683533
0, 225, 290, 12, 12, 0.0042402297258377075
0, 188, 223, 102, 85, 0.004219683352857828
0, 204, 234, 26, 32, 0.004068802576512098
0, 299, 194, 22, 23, 0.003954688087105751
0, 206, 235, 14, 10, 0.003946574404835701
0, 250, 169, 32, 31, 0.003927637357264757
0, 378, 172, 23, 15, 0.0038941053207963705
0, 264, 198, 21, 25, 0.003866826184093952
0, 245, 185, 17, 27, 0.003795623779296875
0, 166, 317, 30, 21, 0.0037495989818125963
0, 342, 174, 29, 34, 0.00363541510887444
0, 238, 214, 9, 7, 0.003613885026425123
0, 320, 250, 15, 19, 0.0036020795814692974
0, 278, 250, 110, 74, 0.003597692586481571
0, 293, 224, 23, 16, 0.003479144535958767
0, 169, 243, 95, 75, 0.0033469924237579107
0, 259, 266, 12, 10, 0.0033465931192040443
0, 219, 201, 20, 28, 0.0032902902457863092
0, 244, 276, 26, 16, 0.003271633991971612
0, 182, 264, 27, 32, 0.0032461010850965977
0, 220, 251, 16, 18, 0.00313226948492229
0, 391, 143, 22, 29, 0.003115600673481822
0, 87, 280, 14, 12, 0.003108629956841469
0, 267, 237, 12, 15, 0.003088241210207343
0, 172, 278, 15, 20, 0.0030718003399670124
0, 117, 244, 9, 13, 0.0030031877104192972
0, 353, 183, 30, 19, 0.0029105476569384336
0, 220, 252, 20, 31, 0.002904229098930955
0, 246, 237, 43, 33, 0.0028878310695290565
0, 226, 200, 27, 34, 0.002867933129891753
0, 245, 185, 92, 69, 0.0028366742189973593
0, 365, 187, 24, 12, 0.002775616943836212
0, 123, 267, 115, 94, 0.0027745941188186407
0, 136, 257, 14, 14, 0.002708514453843236
0, 343, 204, 7, 13, 0.0026746029034256935
0, 188, 257, 31, 45, 0.0026587131433188915
0, 304, 176, 140, 90, 0.002603525761514902
0, 245, 266, 7, 7, 0.0025891673285514116
0, 337, 165, 15, 16, 0.0025422752369195223
0, 199, 314, 19, 11, 0.002523727947846055
0, 138, 242, 47, 42, 0.0024834908545017242
0, 368, 175, 94, 109, 0.0023952594492584467
0, 322, 194, 17, 22, 0.0023782255593687296
0, 294, 199, 14, 9, 0.002305956557393074
0, 240, 227, 27, 16, 0.002266645897179842
0, 313, 193, 7, 13, 0.0021956320852041245
0, 174, 240, 7, 11, 0.0021684367675334215
0, 264, 274, 38, 19, 0.0020538002718240023
0, 86, 297, 20, 22, 0.0019803906325250864
0, 141, 267, 33, 31, 0.001943732611835003
0, 285, 249, 9, 8, 0.0018877371912822127
0, 344, 137, 10, 6, 0.0018708950374275446
0, 169, 307, 47, 36, 0.001824688515625894
0, 334, 148, 8, 7, 0.0018160457257181406
0, 116, 250, 13, 27, 0.0017784321680665016
0, 314, 179, 12, 9, 0.001778427162207663
0, 551, 2, 47, 4, 0.0017544490983709693
0, 168, 223, 39, 34, 0.001685342169366777
0, 111, 280, 21, 23, 0.001674738829024136
0, 83, 275, 128, 75, 0.0016337468987330794
0, 158, 23, 160, 47, 0.0016292367363348603
0, 236, 274, 17, 15, 0.00162732123862952
0, 200, 217, 18, 16, 0.0016182385152205825
0, 106, 300, 7, 7, 0.0016159528167918324
0, 293, 178, 30, 34, 0.0015792443882673979
0, 31, 2, 63, 5, 0.0015528486110270023
0, 183, 280, 72, 83, 0.0015316549688577652
0, 407, 165, 15, 18, 0.0015051772352308035
0, 319, 241, 40, 47, 0.0015009621856734157
0, 153, 279, 28, 36, 0.0014816441107541323
0, 274, 253, 7, 7, 0.0014672217657789588
0, 368, 178, 57, 32, 0.0014658572617918253
0, 84, 335, 17, 15, 0.001455872319638729
0, 241, 269, 17, 14, 0.001434685429558158
0, 346, 24, 164, 48, 0.0013974792091175914
0, 134, 292, 14, 25, 0.0013759564608335495
0, 180, 304, 73, 52, 0.0013570103328675032
0, 245, 23, 162, 47, 0.0013253707438707352
0, 446, 23, 162, 46, 0.0013227143790572882
0, 291, 263, 11, 15, 0.0013081621145829558
0, 226, 247, 33, 45, 0.0012979833409190178
0, 266, 258, 20, 18, 0.001274494337849319
0, 367, 168, 15, 11, 0.001260684453882277
0, 192, 243, 30, 26, 0.0012449607020244002
0, 276, 163, 24, 26, 0.0012337197549641132
0, 224, 243, 13, 20, 0.0012258791830390692
0, 326, 244, 37, 24, 0.0012225128011777997
0, 210, 259, 17, 26, 0.0011405504774302244
0, 293, 171, 12, 10, 0.0011268454836681485
0, 279, 159, 16, 16, 0.001111006480641663
0, 320, 156, 19, 21, 0.0010912726866081357
0, 335, 184, 10, 12, 0.0010741737205535173
0, 105, 299, 11, 11, 0.0010682395659387112
0, 269, 245, 24, 31, 0.001064297859556973
0, 324, 157, 30, 32, 0.001059630885720253
0, 231, 231, 16, 15, 0.0010476979659870267
0, 212, 214, 143, 161, 0.0009641271899454296
0, 184, 201, 6, 8, 0.0009478561114519835
0, 104, 335, 23, 29, 0.000934114505071193
0, 260, 167, 32, 38, 0.0008332509314641356
0, 94, 273, 32, 32, 0.0008026459836401045
0, 355, 231, 5, 5, 0.0007964646792970598
0, 312, 186, 16, 24, 0.0007428875542245805
0, 308, 198, 25, 23, 0.0007163665140978992
0, 156, 301, 32, 51, 0.0007161914254538715
0, 104, 341, 9, 18, 0.0007153431652113795
0, 386, 132, 11, 8, 0.0007068264530971646
0, 241, 180, 26, 38, 0.0007059846539050341
0, 190, 315, 38, 17, 0.0007010584813542664
0, 403, 137, 37, 43, 0.0006935304263606668
0, 216, 279, 7, 7, 0.0006791357300244272
0, 35, 25, 70, 50, 0.0006737238727509975
0, 222, 288, 19, 20, 0.0006712515605613589
0, 249, 225, 31, 14, 0.0006710871821269393
0, 15, 2, 31, 5, 0.000639878329820931
0, 160, 320, 29, 40, 0.0006143425707705319
0, 59, 2, 72, 5, 0.0006143153295852244
0, 284, 234, 48, 37, 0.0006104367203079164
0, 258, 224, 15, 7, 0.0006009016651660204
0, 372, 206, 45, 25, 0.0005984519957564771
0, 237, 270, 19, 10, 0.0005954944645054638
0, 104, 262, 31, 50, 0.0005938581307418644
0, 288, 227, 14, 12, 0.0005922421114519238
0, 328, 151, 9, 10, 0.0005916559603065252
0, 136, 237, 29, 32, 0.0005913875647820532
0, 78, 293, 7, 11, 0.0005861943936906755
0, 264, 162, 25, 23, 0.0005572144873440266
0, 218, 229, 9, 10, 0.000529904558788985
0, 280, 265, 33, 24, 0.0005235595162957907
0, 355, 206, 10, 13, 0.0005222897743806243
0, 289, 258, 20, 26, 0.0005118395783938468
0, 307, 168, 6, 7, 0.0004928027046844363
0, 286, 166, 25, 24, 0.0004906314425170422
0, 237, 218, 20, 17, 0.00047659268602728844
0, 327, 195, 27, 35, 0.00047417220775969326
0, 404, 153, 23, 40, 0.00046772000496275723
0, 326, 153, 22, 19, 0.0004609085153788328
0, 188, 197, 16, 19, 0.0004542814858723432
0, 122, 332, 7, 6, 0.00045419359230436385
0, 391, 178, 21, 13, 0.00044974160846322775
0, 113, 295, 19, 25, 0.00044351303949952126
0, 528, 2, 75, 5, 0.0004433264257386327
0, 403, 184, 20, 12, 0.0004382467013783753
0, 217, 178, 7, 8, 0.00043425674084573984
0, 197, 197, 38, 33, 0.00043272407492622733
0, 337, 157, 20, 24, 0.0004288915079087019
0, 351, 130, 37, 40, 0.00042524540913291276
0, 384, 157, 70, 76, 0.00042200370808131993
0, 294, 167, 28, 27, 0.0004205311124678701
0, 86, 243, 172, 157, 0.00041803502244874835
0, 354, 220, 26, 21, 0.00040716907824389637
0, 314, 221, 23, 17, 0.0004038586630485952
0, 181, 321, 12, 11, 0.0004036298778373748
0, 166, 234, 34, 37, 0.0004017109458800405
0, 192, 311, 20, 9, 0.00039808801375329494
0, 38, 6, 77, 13, 0.0003852467052638531
0, 134, 337, 13, 12, 0.0003830742498394102
0, 287, 242, 20, 28, 0.00038017347105778754
0, 356, 140, 38, 34, 0.00037920597242191434
0, 303, 182, 36, 39, 0.00037391838850453496
0, 183, 302, 36, 25, 0.0003730437601916492
0, 214, 182, 10, 15, 0.0003708847798407078
0, 110, 2, 71, 5, 0.0003563579230103642
0, 233, 175, 24, 27, 0.0003442225279286504
0, 232, 176, 38, 39, 0.0003431283694226295
0, 122, 248, 21, 34, 0.0003420753637328744
0, 304, 161, 8, 13, 0.00034080230398103595
0, 498, 2, 71, 5, 0.00033654540311545134
0, 90, 303, 17, 29, 0.000332071038428694
0, 150, 226, 24, 27, 0.0003267278370913118
0, 151, 319, 22, 30, 0.00032611569622531533
0, 355, 152, 47, 38, 0.00032475986517965794
0, 334, 202, 8, 14, 0.0003211697330698371
0, 112, 328, 19, 14, 0.0003140263434033841
0, 395, 25, 145, 51, 0.0003129921678919345
0, 316, 155, 47, 42, 0.00030887621687725186
