0, 231, 315, 121, 201, 0.4741894006729126
0, 211, 768, 55, 53, 0.404356986284256
0, 283, 446, 58, 44, 0.31684911251068115
0, 164, 731, 44, 46, 0.2388925552368164
0, 234, 602, 59, 52, 0.17559534311294556
0, 242, 565, 132, 146, 0.17376989126205444
0, 271, 448, 34, 34, 0.09133491665124893
0, 182, 791, 33, 25, 0.07742516696453094
0, 261, 540, 67, 59, 0.07149913161993027
0, 237, 461, 51, 53, 0.0705079659819603
0, 241, 692, 13, 26, 0.06189926341176033
0, 294, 385, 20, 23, 0.05671672523021698
0, 249, 530, 33, 31, 0.05650071054697037
0, 249, 325, 35, 39, 0.05341610684990883
0, 232, 523, 69, 47, 0.05141982436180115
0, 200, 723, 20, 29, 0.04789678752422333
0, 213, 683, 21, 19, 0.045412883162498474
0, 217, 590, 33, 31, 0.043883465230464935
0, 237, 533, 107, 73, 0.04098863899707794
0, 270, 555, 29, 20, 0.0394255593419075
0, 226, 268, 96, 106, 0.03558996692299843
0, 184, 589, 18, 15, 0.033125732094049454
0, 251, 640, 32, 18, 0.03301230072975159
0, 180, 809, 49, 60, 0.029726887121796608
0, 259, 678, 25, 25, 0.02923586778342724
0, 250, 379, 30, 59, 0.029194053262472153
0, 230, 301, 86, 91, 0.02780323289334774
0, 231, 183, 40, 25, 0.02773096412420273
0, 252, 693, 41, 53, 0.02596580795943737
0, 239, 694, 20, 37, 0.02558855526149273
0, 192, 656, 28, 15, 0.02229076810181141
0, 255, 709, 16, 19, 0.021967830136418343
0, 198, 554, 22, 16, 0.021191438660025597
0, 272, 572, 33, 19, 0.02047073096036911
0, 99, 777, 36, 30, 0.020372532308101654
0, 206, 553, 38, 21, 0.01796487160027027
0, 273, 559, 53, 46, 0.01773068495094776
0, 288, 525, 28, 27, 0.017599936574697495
0, 156, 727, 25, 28, 0.01725718192756176
0, 207, 639, 39, 25, 0.017222700640559196
0, 220, 582, 32, 29, 0.017056474462151527
0, 243, 600, 86, 92, 0.01608738675713539
0, 263, 451, 100, 65, 0.01368539035320282
0, 205, 564, 18, 11, 0.013368041254580021
0, 229, 350, 97, 119, 0.01303715631365776
0, 235, 447, 19, 22, 0.011292843148112297
0, 209, 331, 50, 79, 0.011203452944755554
0, 284, 377, 45, 48, 0.01110675185918808
0, 234, 240, 41, 48, 0.010895964689552784
0, 271, 366, 27, 26, 0.01033121906220913
0, 214, 585, 46, 47, 0.009548123925924301
0, 194, 606, 15, 13, 0.00948201771825552
0, 176, 655, 27, 16, 0.009131783619523048
0, 250, 629, 46, 44, 0.009030045941472054
0, 225, 551, 91, 67, 0.008753444068133831
0, 247, 272, 52, 53, 0.008752712048590183
0, 189, 656, 52, 23, 0.008679402992129326
0, 217, 704, 124, 101, 0.008563069626688957
0, 220, 704, 14, 17, 0.00832411926239729
0, 242, 290, 57, 63, 0.008241458795964718
0, 239, 328, 61, 72, 0.008068018592894077
0, 210, 400, 34, 35, 0.007932063192129135
0, 275, 503, 14, 18, 0.00781523808836937
0, 230, 694, 39, 42, 0.007599263917654753
0, 245, 469, 35, 39, 0.007243615109473467
0, 204, 572, 61, 56, 0.006998544558882713
0, 238, 244, 25, 32, 0.006823182571679354
0, 186, 571, 20, 14, 0.006703107617795467
0, 197, 277, 31, 31, 0.006292531732469797
0, 200, 346, 35, 42, 0.00618682149797678
0, 206, 717, 38, 49, 0.006029102951288223
0, 248, 514, 66, 39, 0.005785677582025528
0, 241, 695, 80, 76, 0.005706288386136293
0, 160, 690, 21, 21, 0.005645805038511753
0, 227, 379, 72, 68, 0.0056019132025539875
0, 212, 332, 30, 43, 0.00559499766677618
0, 205, 397, 20, 26, 0.005538091994822025
0, 218, 248, 64, 62, 0.005399950314313173
0, 169, 718, 55, 78, 0.005367362406104803
0, 218, 305, 28, 28, 0.0053498512133955956
0, 249, 616, 74, 50, 0.0053025963716208935
0, 248, 249, 55, 69, 0.005210628267377615
0, 193, 815, 19, 16, 0.005024281330406666
0, 211, 516, 24, 31, 0.0049849748611450195
0, 246, 283, 39, 29, 0.004721924662590027
0, 215, 319, 33, 54, 0.00452858442440629
0, 247, 591, 54, 50, 0.0044843172654509544
0, 164, 814, 18, 15, 0.00441974401473999
0, 240, 506, 32, 20, 0.004315829370170832
0, 216, 352, 25, 28, 0.004276486579328775
0, 197, 594, 51, 42, 0.0042191967368125916
0, 190, 728, 100, 104, 0.004183580633252859
0, 243, 662, 18, 19, 0.003976930398494005
0, 264, 617, 38, 32, 0.0038956941571086645
0, 210, 355, 50, 64, 0.0038840409833937883
0, 208, 280, 55, 44, 0.0038790982216596603
0, 230, 374, 38, 38, 0.0034768739715218544
0, 258, 283, 58, 69, 0.003417613450437784
0, 192, 321, 13, 15, 0.003325166879221797
0, 229, 640, 82, 37, 0.0032498566433787346
0, 291, 359, 19, 15, 0.0032237451523542404
0, 183, 734, 60, 56, 0.003110477700829506
0, 196, 556, 34, 27, 0.003098586108535528
0, 279, 299, 23, 28, 0.0030740266665816307
0, 196, 646, 66, 42, 0.003039252245798707
0, 251, 261, 41, 33, 0.0029996889643371105
0, 235, 737, 16, 15, 0.0028615202754735947
0, 226, 631, 190, 274, 0.002861193846911192
0, 268, 359, 78, 80, 0.002841486595571041
0, 243, 229, 21, 24, 0.0028400023002177477
0, 163, 697, 29, 34, 0.0027342115063220263
0, 197, 628, 35, 14, 0.0026893559843301773
0, 168, 827, 27, 20, 0.002626437693834305
0, 197, 570, 41, 28, 0.002486814744770527
0, 278, 611, 23, 28, 0.002440899843350053
0, 268, 573, 48, 34, 0.002330029383301735
0, 215, 691, 26, 38, 0.0023076413199305534
0, 257, 334, 55, 68, 0.002243731403723359
0, 197, 632, 50, 23, 0.002235736232250929
0, 270, 503, 26, 20, 0.002168515231460333
0, 231, 200, 50, 62, 0.002129195723682642
0, 295, 332, 13, 19, 0.0020606056787073612
0, 216, 754, 41, 25, 0.0020562654826790094
0, 281, 545, 43, 36, 0.0020413256715983152
0, 239, 208, 26, 22, 0.0019704836886376143
0, 264, 367, 32, 38, 0.0019613078329712152
0, 227, 750, 25, 20, 0.0018507245695218444
0, 248, 515, 126, 159, 0.001713196630589664
0, 176, 797, 40, 38, 0.0016533650923520327
0, 260, 310, 64, 65, 0.0016155820339918137
0, 248, 655, 40, 41, 0.0015506173949688673
0, 256, 384, 207, 365, 0.0015439873095601797
0, 213, 522, 43, 49, 0.0014236131682991982
0, 223, 624, 112, 61, 0.0013851679395884275
0, 193, 442, 11, 15, 0.0013712288346141577
0, 203, 713, 13, 17, 0.0013656079536303878
0, 192, 754, 35, 25, 0.0013590462040156126
0, 298, 480, 18, 26, 0.0012696485500782728
0, 155, 695, 23, 30, 0.0012319120578467846
0, 277, 475, 19, 11, 0.0011663645273074508
0, 281, 394, 53, 45, 0.0011594875250011683
0, 251, 284, 195, 274, 0.0011569649213925004
0, 276, 289, 33, 55, 0.00114787882193923
0, 201, 303, 45, 74, 0.0011381442891433835
0, 168, 702, 45, 47, 0.001056180102750659
0, 274, 630, 22, 24, 0.0010348053183406591
0, 205, 248, 31, 25, 0.0009878257988020778
0, 205, 750, 33, 25, 0.0009849665220826864
0, 280, 603, 19, 16, 0.0009084048797376454
0, 223, 415, 25, 20, 0.000825871538836509
0, 205, 553, 54, 56, 0.0007726405165158212
0, 192, 758, 66, 99, 0.0007725434261374176
0, 279, 274, 16, 21, 0.0007362092146649957
0, 188, 324, 17, 17, 0.000687289284542203
0, 271, 618, 48, 51, 0.0006614653975702822
0, 279, 344, 49, 45, 0.0006590556586161256
0, 236, 671, 69, 77, 0.0006480430020019412
0, 191, 793, 57, 65, 0.0006282538524828851
0, 204, 673, 43, 37, 0.0006087482906877995
0, 292, 360, 29, 28, 0.0006003192393109202
0, 277, 474, 58, 75, 0.0005897054215893149
0, 207, 261, 59, 72, 0.0005816735210828483
0, 415, 70, 20, 140, 0.0005574999959208071
0, 286, 531, 38, 41, 0.000555795559193939
0, 243, 430, 32, 24, 0.0005148908239789307
0, 282, 413, 47, 57, 0.0005134969251230359
0, 423, 329, 5, 133, 0.0005107279866933823
0, 260, 684, 44, 43, 0.00048112295917235315
0, 183, 587, 26, 25, 0.00046669814037159085
0, 421, 927, 9, 80, 0.00046633166493847966
0, 3, 32, 6, 64, 0.0004616441437974572
0, 422, 68, 7, 136, 0.0004597176448442042
0, 415, 379, 21, 170, 0.00045906539889983833
0, 216, 412, 55, 64, 0.00042993470560759306
0, 222, 184, 64, 56, 0.0004231029888615012
0, 250, 253, 313, 347, 0.0004205583536531776
0, 277, 516, 54, 55, 0.0004025610105600208
0, 19, 62, 38, 125, 0.0003883522003889084
0, 245, 442, 43, 47, 0.00037892736145295203
0, 414, 338, 18, 35, 0.00037079586763866246
0, 395, 51, 61, 102, 0.0003459205327089876
0, 205, 211, 21, 27, 0.0003107073425780982
0, 235, 737, 26, 21, 0.00030159010202623904
0, 260, 653, 310, 360, 0.00029591366183012724
0, 201, 186, 16, 24, 0.00029251875821501017
0, 179, 685, 33, 19, 0.00029020346119068563
0, 200, 788, 82, 100, 0.0002820563968271017
0, 290, 431, 43, 44, 0.00028063447098247707
0, 224, 761, 41, 32, 0.0002716760500334203
0, 249, 420, 21, 15, 0.0002698125899769366
0, 214, 195, 102, 55, 0.0002650409587658942
0, 309, 480, 28, 22, 0.00026216456899419427
0, 243, 409, 147, 179, 0.00023526746372226626
0, 205, 385, 59, 69, 0.00023165838501881808
0, 294, 335, 22, 27, 0.00023109119501896203
0, 28, 839, 57, 257, 0.00021606392692774534
0, 123, 780, 90, 56, 0.00020990250050090253
0, 167, 823, 60, 26, 0.00020322573254816234
0, 247, 219, 71, 65, 0.00019870414689648896
0, 26, 167, 52, 312, 0.00019521328795235604
0, 112, 781, 60, 39, 0.00019521123613230884
0, 282, 498, 56, 75, 0.0001908186386572197
0, 423, 383, 5, 125, 0.00018982308392878622
0, 175, 798, 97, 95, 0.00018637710309121758
0, 412, 924, 26, 86, 0.0001791618560673669
0, 206, 531, 66, 71, 0.00017761638446245342
0, 213, 204, 426, 409, 0.00017437897622585297
0, 272, 423, 47, 29, 0.0001731050288071856
0, 186, 581, 35, 43, 0.0001709515054244548
0, 213, 193, 41, 39, 0.0001700482243904844
0, 88, 814, 21, 13, 0.00016387327923439443
0, 424, 30, 3, 61, 0.00015869794879108667
0, 251, 403, 28, 48, 0.00015813209756743163
0, 284, 198, 13, 11, 0.00015612416609656066
0, 166, 754, 50, 52, 0.00014849670697003603
0, 267, 262, 77, 98, 0.00013724021846428514
0, 251, 198, 92, 76, 0.0001354554115096107
0, 226, 722, 193, 180, 0.00013495235180016607
0, 293, 463, 66, 56, 0.00013200886314734817
0, 415, 313, 20, 156, 0.00012292328756302595
0, 129, 806, 20, 17, 0.00012180212797829881
0, 14, 35, 29, 70, 0.00012112895637983456
0, 276, 540, 234, 244, 0.00011894075578311458
0, 166, 804, 58, 45, 0.00011491386976558715
0, 81, 54, 163, 109, 0.0001148747542174533
0, 278, 210, 31, 36, 0.00011382708908058703
0, 223, 501, 66, 94, 0.00011290379916317761
0, 353, 47, 144, 95, 0.00010850447142729536
0, 22, 397, 45, 294, 0.0001076445696526207
0, 297, 207, 94, 93, 0.00010248096805298701
0, 43, 817, 86, 300, 0.00010055892926175147
0, 423, 272, 5, 150, 0.00010016529267886654
0, 392, 932, 66, 71, 9.633932495489717e-05
0, 254, 651, 61, 75, 9.463762398809195e-05
0, 287, 321, 47, 58, 9.376413800055161e-05
0, 415, 892, 20, 150, 9.333148045698181e-05
0, 416, 252, 19, 183, 9.258696809411049e-05
0, 3, 921, 7, 91, 9.180635242955759e-05
0, 240, 715, 45, 62, 9.070235682884231e-05
0, 174, 264, 252, 211, 9.06049317563884e-05
0, 412, 40, 26, 81, 9.025921463035047e-05
0, 131, 812, 22, 15, 8.967830945039168e-05
0, 176, 687, 70, 61, 8.91910822247155e-05
0, 227, 475, 69, 75, 8.90286173671484e-05
0, 25, 275, 51, 297, 8.791147411102429e-05
0, 416, 157, 19, 183, 8.663329208502546e-05
0, 273, 455, 154, 122, 8.133947994792834e-05
0, 36, 903, 73, 129, 8.120672282529995e-05
0, 25, 489, 51, 306, 8.055185026023537e-05
0, 200, 228, 80, 94, 7.99493573140353e-05
0, 273, 630, 77, 67, 7.929417915875092e-05
0, 423, 163, 5, 149, 7.79499314376153e-05
0, 193, 556, 70, 101, 7.703723531449214e-05
0, 214, 452, 58, 56, 7.54458669689484e-05
0, 290, 301, 65, 78, 7.295869727386162e-05
0, 267, 206, 46, 50, 7.255552191054448e-05
0, 146, 743, 36, 39, 7.071367872413248e-05
0, 120, 792, 44, 39, 7.013364665908739e-05
0, 276, 174, 115, 89, 6.942862091818824e-05
0, 301, 386, 65, 36, 6.88234213157557e-05
0, 229, 757, 68, 58, 6.812773790443316e-05
0, 423, 525, 4, 148, 6.81024685036391e-05
0, 100, 770, 45, 50, 6.78591022733599e-05
0, 93, 808, 31, 24, 6.713038601446897e-05
0, 31, 583, 63, 316, 6.712385948048905e-05
0, 301, 128, 11, 12, 6.620519707212225e-05
0, 92, 815, 30, 18, 6.606310489587486e-05
0, 423, 896, 5, 142, 6.416014366550371e-05
0, 336, 776, 87, 85, 6.406147440429777e-05
0, 169, 297, 339, 508, 6.342534470604733e-05
0, 81, 780, 162, 319, 6.312142068054527e-05
0, 268, 226, 41, 46, 6.29334754194133e-05
0, 423, 212, 4, 145, 6.112223491072655e-05
0, 245, 163, 45, 57, 6.083845437387936e-05
0, 188, 260, 91, 100, 6.074349585105665e-05
0, 185, 644, 78, 67, 6.0639838920906186e-05
0, 416, 506, 19, 184, 6.031824887031689e-05
0, 300, 426, 125, 134, 5.606454215012491e-05
0, 113, 795, 69, 54, 5.5687873100396246e-05
0, 59, 171, 118, 343, 5.507346577360295e-05
0, 115, 762, 37, 40, 5.216509089223109e-05
0, 310, 781, 57, 62, 5.130713907419704e-05
0, 75, 793, 9, 11, 5.037099253968336e-05
0, 423, 465, 4, 148, 4.992242975276895e-05
0, 295, 535, 73, 52, 4.8500798584427685e-05
0, 211, 164, 88, 87, 4.788510705111548e-05
0, 423, 634, 4, 150, 4.663270738092251e-05
0, 28, 734, 56, 304, 4.6407789341174066e-05
0, 192, 444, 18, 25, 4.634410288417712e-05
0, 233, 743, 51, 36, 4.630152034224011e-05
0, 172, 211, 195, 119, 4.6211400331230834e-05
0, 185, 367, 87, 84, 4.6038050641072914e-05
0, 292, 278, 75, 84, 4.491449726629071e-05
0, 262, 193, 326, 387, 4.452153007150628e-05
0, 399, 243, 52, 235, 4.39465839008335e-05
0, 381, 101, 88, 202, 4.35826150351204e-05
0, 288, 220, 68, 57, 4.346399146015756e-05
0, 99, 251, 89, 77, 4.332606113166548e-05
0, 423, 768, 5, 153, 4.3080020986963063e-05
0, 202, 418, 74, 89, 4.30531581514515e-05
