0, 266, 854, 131, 156, 0.3137497901916504
0, 389, 602, 67, 82, 0.17418484389781952
0, 476, 355, 17, 17, 0.12051614373922348
0, 495, 279, 18, 34, 0.10733296722173691
0, 489, 282, 30, 40, 0.09907025843858719
0, 401, 596, 40, 52, 0.09583837538957596
0, 478, 237, 13, 24, 0.08699377626180649
0, 432, 365, 12, 14, 0.08688846975564957
0, 443, 502, 28, 34, 0.07836848497390747
0, 270, 839, 80, 94, 0.07463926821947098
0, 263, 870, 78, 93, 0.057603128254413605
0, 459, 165, 15, 22, 0.0557473748922348
0, 404, 586, 33, 31, 0.055380694568157196
0, 373, 615, 24, 40, 0.054249655455350876
0, 306, 796, 54, 59, 0.051808055490255356
0, 319, 733, 44, 39, 0.04855627939105034
0, 441, 558, 27, 66, 0.042498838156461716
0, 382, 613, 46, 57, 0.04117235913872719
0, 360, 697, 118, 117, 0.039624664932489395
0, 466, 195, 18, 21, 0.03573928028345108
0, 478, 133, 13, 20, 0.032444000244140625
0, 397, 511, 15, 27, 0.031990211457014084
0, 394, 665, 34, 39, 0.0318976454436779
0, 337, 713, 81, 83, 0.03084849938750267
0, 348, 779, 27, 30, 0.02988314814865589
0, 448, 475, 29, 19, 0.027168771252036095
0, 290, 819, 86, 105, 0.02648547664284706
0, 462, 426, 16, 18, 0.0228724405169487
0, 391, 673, 46, 61, 0.021194519475102425
0, 450, 452, 42, 61, 0.021076781675219536
0, 199, 900, 33, 40, 0.019403953105211258
0, 322, 676, 22, 27, 0.018921930342912674
0, 308, 809, 320, 367, 0.01867353916168213
0, 342, 786, 185, 311, 0.017403218895196915
0, 205, 929, 44, 58, 0.016431329771876335
0, 477, 199, 15, 17, 0.01583351194858551
0, 308, 746, 72, 75, 0.015561264008283615
0, 265, 850, 60, 50, 0.015517991036176682
0, 437, 543, 46, 96, 0.014991204254329205
0, 363, 661, 32, 39, 0.014089356176555157
0, 350, 688, 27, 24, 0.012717091478407383
0, 434, 419, 11, 12, 0.012657469138503075
0, 365, 706, 29, 25, 0.012111414223909378
0, 438, 572, 24, 39, 0.011307078413665295
0, 484, 239, 26, 32, 0.01120944507420063
0, 446, 497, 50, 144, 0.011164868250489235
0, 452, 449, 28, 26, 0.010834130458533764
0, 374, 674, 76, 70, 0.010504364967346191
0, 447, 489, 44, 51, 0.010441429913043976
0, 385, 686, 25, 34, 0.010271078906953335
0, 355, 684, 15, 20, 0.010222082026302814
0, 217, 886, 18, 15, 0.010138988494873047
0, 476, 242, 18, 36, 0.010087862610816956
0, 365, 693, 39, 36, 0.009820359759032726
0, 261, 894, 66, 64, 0.009817657060921192
0, 443, 559, 43, 161, 0.009365414269268513
0, 297, 762, 30, 28, 0.00915142334997654
0, 457, 440, 31, 43, 0.008410201407968998
0, 332, 711, 32, 35, 0.00804686639457941
0, 359, 737, 26, 24, 0.008033168502151966
0, 213, 914, 29, 32, 0.006752753630280495
0, 465, 166, 26, 34, 0.006740339566022158
0, 262, 830, 47, 59, 0.006667481269687414
0, 289, 767, 41, 48, 0.00661657378077507
0, 368, 718, 29, 24, 0.0063931928016245365
0, 246, 896, 25, 35, 0.006286058574914932
0, 317, 861, 18, 22, 0.005380725488066673
0, 194, 949, 19, 22, 0.005056820809841156
0, 322, 777, 21, 26, 0.004980118945240974
0, 239, 893, 55, 56, 0.004961964674293995
0, 349, 695, 42, 55, 0.0049016294069588184
0, 273, 882, 51, 43, 0.004886956885457039
0, 242, 871, 34, 37, 0.004824054893106222
0, 291, 848, 34, 42, 0.004812892060726881
0, 370, 657, 123, 206, 0.004630616866052151
0, 323, 726, 56, 68, 0.004587287548929453
0, 134, 971, 31, 18, 0.004425101913511753
0, 361, 730, 43, 48, 0.004306062124669552
0, 391, 577, 31, 39, 0.004257678985595703
0, 482, 321, 14, 17, 0.004233368206769228
0, 219, 882, 70, 94, 0.004150740802288055
0, 430, 606, 21, 20, 0.003944882191717625
0, 398, 579, 93, 132, 0.0038611895870417356
0, 263, 820, 32, 38, 0.003789408365264535
0, 455, 463, 57, 90, 0.0037391078658401966
0, 343, 793, 47, 64, 0.003660462098196149
0, 196, 923, 73, 96, 0.0036232329439371824
0, 442, 520, 32, 52, 0.003578601637855172
0, 250, 831, 22, 24, 0.0034850898664444685
0, 351, 782, 42, 49, 0.0029771816916763783
0, 431, 366, 19, 20, 0.00296966964378953
0, 487, 202, 12, 14, 0.0029258483555167913
0, 464, 378, 14, 20, 0.0027564670890569687
0, 172, 965, 18, 15, 0.0026839962229132652
0, 262, 805, 22, 21, 0.0026645951438695192
0, 434, 592, 23, 45, 0.0026493892073631287
0, 420, 559, 100, 177, 0.0024965971242636442
0, 242, 841, 26, 32, 0.0024436586536467075
0, 327, 768, 85, 75, 0.0024262722581624985
0, 390, 561, 20, 19, 0.00238774879835546
0, 371, 633, 60, 99, 0.00237559643574059
0, 404, 575, 61, 60, 0.002277007792145014
0, 279, 836, 240, 239, 0.002245365409180522
0, 344, 640, 13, 12, 0.00215850118547678
0, 248, 908, 42, 61, 0.0021114202681928873
0, 199, 894, 58, 72, 0.0020655645057559013
0, 414, 583, 20, 27, 0.0020577837713062763
0, 360, 732, 59, 83, 0.0019792390521615744
0, 441, 503, 44, 53, 0.0019363232422620058
0, 478, 360, 25, 33, 0.0019115009345114231
0, 486, 265, 36, 88, 0.0018976930296048522
0, 469, 166, 24, 20, 0.0017783788498491049
0, 477, 82, 15, 21, 0.0017311745323240757
0, 455, 149, 12, 14, 0.0017287994269281626
0, 472, 139, 24, 34, 0.0016802656464278698
0, 461, 157, 15, 33, 0.0015495510306209326
0, 225, 882, 38, 59, 0.0015275817131623626
0, 218, 860, 15, 16, 0.001480495440773666
0, 294, 866, 61, 64, 0.001480363542214036
0, 276, 784, 19, 23, 0.0014757910976186395
0, 318, 854, 26, 49, 0.0013620503013953567
0, 469, 192, 29, 34, 0.0013596208300441504
0, 247, 840, 40, 72, 0.0012249121209606528
0, 375, 574, 22, 27, 0.0011876232456415892
0, 147, 977, 21, 16, 0.0011755102314054966
0, 150, 991, 17, 13, 0.001071646111086011
0, 458, 500, 89, 174, 0.001065936521627009
0, 424, 394, 12, 17, 0.0010654751677066088
0, 359, 680, 211, 307, 0.0010638355743139982
0, 451, 409, 10, 15, 0.0010181448888033628
0, 362, 758, 28, 22, 0.001009059022180736
0, 345, 799, 24, 49, 0.0009656699257902801
0, 179, 958, 31, 27, 0.0009313573245890439
0, 429, 608, 24, 46, 0.0009212203440256417
0, 323, 828, 18, 23, 0.0009195571765303612
0, 239, 918, 35, 55, 0.0008778947521932423
0, 239, 858, 71, 122, 0.0008766634273342788
0, 231, 939, 18, 20, 0.000774881336838007
0, 205, 868, 279, 229, 0.0007586100255139172
0, 391, 528, 27, 66, 0.0007355167181231081
0, 185, 945, 59, 60, 0.0007253456860780716
0, 463, 241, 14, 32, 0.0007212956552393734
0, 467, 384, 16, 18, 0.0006832197541370988
0, 151, 954, 11, 21, 0.0006709889858029783
0, 473, 367, 33, 43, 0.0006457359995692968
0, 358, 759, 66, 91, 0.0006184020894579589
0, 464, 177, 32, 53, 0.000573677069041878
0, 398, 476, 12, 16, 0.0005601410521194339
0, 164, 943, 18, 21, 0.0005565289757214487
0, 483, 320, 22, 23, 0.000555404752958566
0, 157, 974, 46, 35, 0.0005510468618012965
0, 146, 943, 12, 25, 0.0004961397498846054
0, 376, 556, 173, 190, 0.0004923442611470819
0, 224, 938, 32, 43, 0.0004868980322498828
0, 321, 843, 23, 29, 0.0004805168427992612
0, 438, 298, 11, 13, 0.0004683921579271555
0, 386, 544, 12, 15, 0.00046564609510824084
0, 399, 513, 26, 36, 0.0004565395356621593
0, 136, 958, 39, 50, 0.00044108109432272613
0, 169, 957, 33, 37, 0.00043431800440885127
0, 484, 244, 48, 44, 0.0004298756830394268
0, 327, 806, 54, 71, 0.00042903664871118963
0, 421, 400, 15, 21, 0.0004210154584143311
0, 480, 205, 19, 23, 0.00041315515409223735
0, 440, 285, 14, 19, 0.00040283205453306437
0, 471, 156, 42, 59, 0.00039165574708022177
0, 436, 308, 11, 17, 0.0003897522983606905
0, 337, 669, 45, 57, 0.00038043668610043824
0, 434, 338, 13, 13, 0.0003778032260015607
0, 285, 781, 64, 83, 0.0003674316976685077
0, 473, 260, 30, 71, 0.000340779050020501
0, 137, 943, 22, 30, 0.0003341546398587525
0, 612, 1052, 5, 90, 0.00032037950586527586
0, 472, 381, 28, 32, 0.00026623893063515425
0, 380, 566, 30, 32, 0.0002537960826884955
0, 308, 717, 84, 131, 0.00025075057055801153
0, 414, 537, 15, 25, 0.00023557475651614368
0, 144, 974, 57, 52, 0.00022847356740385294
0, 494, 277, 47, 59, 0.00021668408589903265
0, 480, 285, 34, 38, 0.0002147572668036446
0, 464, 430, 33, 30, 0.00021441742137540132
0, 483, 310, 24, 16, 0.00019955723837483674
0, 398, 494, 18, 25, 0.0001904028031276539
0, 437, 587, 45, 72, 0.0001899505587061867
0, 477, 197, 33, 43, 0.00018363306298851967
0, 417, 503, 150, 200, 0.00017203071911353618
0, 481, 403, 13, 19, 0.00017082260455936193
0, 449, 555, 55, 88, 0.00016186991706490517
0, 324, 669, 42, 65, 0.00015734037151560187
0, 460, 398, 57, 79, 0.00014855802874080837
0, 436, 403, 65, 97, 0.00013964287063572556
0, 428, 418, 17, 16, 0.0001303363242186606
0, 476, 91, 20, 41, 0.00012692534073721617
0, 477, 132, 19, 36, 0.0001211571361636743
0, 233, 931, 49, 64, 0.00011722589988494292
0, 158, 941, 50, 70, 0.00011459051893325523
0, 453, 171, 272, 249, 0.00011428410653024912
0, 283, 915, 355, 364, 0.00010880836634896696
0, 420, 623, 22, 44, 0.00010624553397065029
0, 438, 414, 34, 28, 0.00010464740626048297
0, 28, 63, 56, 127, 0.00010270118218613788
0, 447, 370, 39, 27, 0.00010256905079586431
0, 443, 286, 22, 27, 0.00010051415301859379
0, 472, 173, 55, 87, 0.00010038981417892501
0, 290, 637, 352, 357, 9.812185453483835e-05
0, 182, 966, 42, 40, 9.5314797363244e-05
0, 573, 70, 82, 141, 9.368923201691359e-05
0, 270, 787, 86, 116, 9.312407928518951e-05
0, 436, 324, 12, 27, 9.227327245753258e-05
0, 457, 363, 59, 33, 9.122697520069778e-05
0, 424, 380, 87, 170, 8.99571823538281e-05
0, 378, 732, 99, 106, 8.958207035902888e-05
0, 314, 681, 43, 44, 8.637641440145671e-05
0, 436, 253, 7, 13, 8.620107109891251e-05
0, 473, 532, 153, 205, 8.44752648845315e-05
0, 455, 241, 11, 16, 8.262990013463423e-05
0, 300, 695, 267, 181, 8.028222509892657e-05
0, 403, 486, 20, 22, 8.011924364836887e-05
0, 371, 334, 191, 287, 7.827611989341676e-05
0, 393, 503, 34, 78, 7.621650001965463e-05
0, 168, 974, 72, 63, 7.617247320013121e-05
0, 565, 1029, 98, 136, 7.435792213073e-05
0, 411, 649, 328, 406, 7.241644198074937e-05
0, 345, 520, 290, 281, 7.121200178517029e-05
0, 500, 290, 24, 51, 7.062680379021913e-05
0, 366, 544, 14, 17, 7.000949699431658e-05
0, 478, 348, 21, 31, 6.787152960896492e-05
0, 1, 17, 2, 35, 6.785742152715102e-05
0, 412, 419, 12, 19, 6.461401790147647e-05
0, 416, 407, 18, 23, 6.325066351564601e-05
0, 469, 572, 94, 99, 6.296036735875532e-05
0, 207, 729, 414, 589, 5.9605383285088465e-05
0, 165, 922, 128, 102, 5.9050322306575254e-05
0, 415, 657, 93, 63, 5.79972293053288e-05
0, 320, 837, 58, 100, 5.773164230049588e-05
0, 108, 43, 217, 87, 5.7592307712184265e-05
0, 468, 129, 19, 33, 5.5947737564565614e-05
0, 400, 470, 17, 34, 5.447913281386718e-05
0, 330, 892, 140, 104, 5.3488878620555624e-05
0, 131, 942, 65, 87, 5.271547342999838e-05
0, 203, 959, 95, 86, 5.113213410368189e-05
0, 615, 32, 0, 64, 5.021928882342763e-05
0, 429, 384, 36, 64, 4.944937245454639e-05
0, 369, 792, 85, 58, 4.8846508434507996e-05
0, 458, 613, 93, 78, 4.806967262993567e-05
0, 452, 45, 325, 90, 4.443741636350751e-05
0, 26, 1024, 53, 147, 4.407143933349289e-05
0, 462, 381, 50, 47, 4.235807136865333e-05
0, 409, 780, 139, 90, 4.011025157524273e-05
0, 451, 256, 10, 19, 3.96199211536441e-05
0, 168, 882, 146, 155, 3.955053762183525e-05
0, 483, 271, 65, 106, 3.8419449992943555e-05
0, 473, 775, 102, 100, 3.797215686063282e-05
0, 214, 772, 406, 406, 3.6509023630060256e-05
0, 411, 430, 12, 22, 3.6164550692774355e-05
0, 117, 879, 234, 436, 3.520233076415025e-05
0, 420, 788, 389, 361, 3.4489396057324484e-05
0, 429, 674, 125, 72, 3.239271973143332e-05
0, 475, 492, 278, 289, 3.213883610442281e-05
0, 253, 940, 100, 99, 3.18184174830094e-05
0, 473, 338, 39, 61, 3.079932139371522e-05
0, 298, 921, 129, 79, 3.0255920137278736e-05
0, 470, 246, 43, 46, 2.973359005409293e-05
0, 240, 50, 362, 100, 2.9553542844951153e-05
0, 123, 951, 208, 94, 2.8551303330459632e-05
0, 360, 608, 63, 84, 2.8453667255234905e-05
0, 388, 774, 124, 57, 2.7151594622409903e-05
0, 441, 319, 27, 44, 2.693444912438281e-05
0, 134, 777, 106, 92, 2.6879535653279163e-05
0, 509, 292, 86, 143, 2.6758154490380548e-05
0, 468, 442, 76, 54, 2.6633610104909167e-05
0, 483, 382, 22, 37, 2.6515159333939664e-05
0, 453, 783, 60, 62, 2.592885539343115e-05
0, 226, 973, 118, 115, 2.4436771127511747e-05
0, 465, 310, 38, 137, 2.4247252440545708e-05
0, 474, 309, 34, 51, 2.4046039470704272e-05
0, 245, 771, 129, 134, 2.3813909137970768e-05
0, 459, 510, 85, 83, 2.3711885660304688e-05
0, 2, 1059, 4, 77, 2.3659978978685103e-05
0, 116, 919, 68, 83, 2.344020140299108e-05
0, 398, 695, 89, 87, 2.3209579012473114e-05
0, 458, 357, 35, 23, 2.2816984710516408e-05
0, 185, 777, 108, 101, 2.2567430278286338e-05
0, 514, 205, 191, 215, 2.243259223178029e-05
0, 431, 322, 27, 54, 2.215406857430935e-05
0, 365, 533, 18, 25, 2.2105568859842606e-05
0, 469, 636, 123, 101, 2.1958410798106343e-05
1, 404, 78, 420, 157, 2.1464960809680633e-05
0, 154, 786, 53, 48, 2.0931134713464417e-05
0, 346, 633, 106, 135, 2.0617051632143557e-05
0, 352, 886, 109, 60, 2.0520952602964826e-05
0, 506, 779, 89, 82, 2.041414518316742e-05
0, 447, 165, 67, 124, 2.0341929484857246e-05
0, 210, 851, 70, 131, 2.0228491848683916e-05
0, 470, 105, 28, 72, 2.01097773242509e-05
0, 117, 933, 235, 278, 2.0036077330587432e-05
0, 384, 819, 132, 114, 1.9407887521083467e-05
0, 408, 448, 13, 21, 1.933766543515958e-05
0, 63, 1012, 126, 170, 1.921818511618767e-05
0, 30, 190, 12, 12, 1.9107475964119658e-05
