0, 1044, 383, 125, 107, 0.4528457522392273
0, 270, 406, 63, 50, 0.2825030982494354
0, 283, 354, 51, 64, 0.16935481131076813
0, 1038, 640, 111, 99, 0.15797734260559082
0, 856, 859, 25, 53, 0.14265428483486176
0, 324, 342, 37, 62, 0.11933045089244843
0, 793, 725, 29, 31, 0.09119203686714172
0, 823, 867, 23, 30, 0.08860304951667786
0, 511, 799, 19, 22, 0.08621642738580704
0, 494, 818, 23, 31, 0.081517793238163
0, 878, 896, 40, 68, 0.07482452690601349
0, 689, 254, 33, 19, 0.043844837695360184
0, 1049, 862, 30, 17, 0.04251919314265251
0, 297, 348, 89, 82, 0.04223499074578285
0, 555, 554, 17, 13, 0.03171548247337341
0, 604, 521, 23, 18, 0.030493732541799545
0, 1005, 1023, 25, 21, 0.03030986338853836
0, 613, 570, 24, 33, 0.029833311215043068
0, 655, 464, 31, 21, 0.028475038707256317
0, 611, 551, 60, 76, 0.027732476592063904
0, 591, 563, 19, 33, 0.025215717032551765
0, 830, 756, 15, 19, 0.025184214115142822
0, 1152, 345, 21, 26, 0.023384563624858856
0, 1280, 252, 27, 56, 0.022597631439566612
0, 785, 1060, 18, 21, 0.022106071934103966
0, 213, 436, 13, 20, 0.0214836485683918
0, 1009, 760, 21, 18, 0.02107626013457775
0, 735, 1062, 18, 24, 0.020566217601299286
0, 417, 363, 17, 15, 0.0204010047018528
0, 1021, 389, 72, 87, 0.01923004910349846
0, 620, 552, 28, 32, 0.018681198358535767
0, 140, 551, 14, 22, 0.01854250766336918
0, 621, 540, 44, 42, 0.0185385849326849
0, 1062, 632, 48, 46, 0.018348781391978264
0, 319, 318, 25, 22, 0.018050411716103554
0, 499, 810, 38, 43, 0.017588332295417786
0, 491, 800, 23, 27, 0.0160431656986475
0, 728, 284, 27, 19, 0.015250654891133308
0, 289, 309, 18, 14, 0.014637373387813568
0, 1011, 643, 53, 49, 0.01343809999525547
0, 174, 473, 22, 20, 0.013325209729373455
0, 293, 337, 22, 33, 0.013052417896687984
0, 1007, 635, 35, 30, 0.012119381688535213
0, 1038, 666, 44, 40, 0.011730224825441837
0, 835, 859, 50, 53, 0.01170327514410019
0, 1003, 684, 29, 27, 0.011693577282130718
0, 606, 529, 36, 34, 0.011687252670526505
0, 1067, 602, 30, 22, 0.011648053303360939
0, 599, 568, 56, 56, 0.01142134889960289
0, 706, 340, 25, 14, 0.011041314341127872
0, 391, 380, 16, 15, 0.010563927702605724
0, 1020, 697, 72, 54, 0.010549141094088554
0, 1084, 408, 31, 34, 0.010519890114665031
0, 260, 396, 34, 41, 0.009721977636218071
0, 702, 334, 28, 19, 0.009528959169983864
0, 1073, 668, 30, 43, 0.009097697213292122
0, 1073, 388, 61, 78, 0.00908717978745699
0, 683, 420, 19, 20, 0.009063376113772392
0, 1037, 704, 37, 24, 0.008976669050753117
0, 681, 203, 19, 14, 0.008682976476848125
0, 374, 477, 19, 16, 0.008641828782856464
0, 1028, 631, 72, 44, 0.008357762359082699
0, 1072, 654, 38, 57, 0.008201966993510723
0, 401, 339, 17, 27, 0.008197557181119919
0, 1058, 611, 53, 39, 0.007751351222395897
0, 1069, 681, 19, 21, 0.0072796400636434555
0, 760, 258, 38, 19, 0.006858267355710268
0, 750, 256, 31, 17, 0.006673841737210751
0, 1006, 729, 21, 19, 0.0066153863444924355
0, 427, 467, 19, 12, 0.006591629236936569
0, 601, 528, 25, 23, 0.006579073611646891
0, 123, 520, 15, 20, 0.0065016355365514755
0, 158, 519, 16, 29, 0.00650058826431632
0, 1068, 377, 42, 40, 0.006434199400246143
0, 226, 461, 20, 20, 0.0061684250831604
0, 894, 864, 22, 22, 0.006163372658193111
0, 877, 887, 62, 89, 0.005698964465409517
0, 1016, 726, 16, 17, 0.005663857329636812
0, 1089, 787, 25, 22, 0.005620462819933891
0, 1086, 342, 27, 28, 0.0054391976445913315
0, 969, 927, 17, 12, 0.0050307330675423145
0, 627, 488, 17, 19, 0.004596144892275333
0, 1069, 315, 21, 19, 0.004458804614841938
0, 117, 522, 17, 23, 0.004421513061970472
0, 746, 670, 18, 24, 0.004137917421758175
0, 1083, 387, 40, 28, 0.003898233873769641
0, 1006, 791, 21, 20, 0.0037906328216195107
0, 1188, 310, 17, 18, 0.0037796106189489365
0, 1004, 381, 49, 57, 0.0037248041480779648
0, 405, 333, 20, 24, 0.0037060112226754427
0, 1284, 308, 22, 32, 0.0035872668959200382
0, 780, 22, 14, 18, 0.003454115940257907
0, 1073, 794, 16, 19, 0.0033460778649896383
0, 624, 493, 17, 19, 0.003237837227061391
0, 586, 587, 39, 48, 0.0032023799140006304
0, 1042, 347, 20, 28, 0.0031958110630512238
0, 396, 393, 21, 33, 0.003167984075844288
0, 1066, 593, 31, 24, 0.003105876734480262
0, 1075, 344, 25, 26, 0.003097726032137871
0, 870, 1029, 13, 25, 0.0029790960252285004
0, 846, 999, 19, 24, 0.002962838625535369
0, 889, 879, 30, 43, 0.0029175777453929186
0, 710, 447, 18, 17, 0.0028291617054492235
0, 1006, 677, 45, 38, 0.0027639316394925117
0, 681, 291, 25, 31, 0.0027113098185509443
0, 1010, 369, 41, 38, 0.0026973048225045204
0, 581, 583, 32, 29, 0.002621763851493597
0, 1024, 864, 53, 22, 0.0025854536797851324
0, 1182, 312, 24, 25, 0.0025238660164177418
0, 687, 205, 36, 16, 0.0024658439215272665
0, 1278, 263, 35, 96, 0.0024347954895347357
0, 1180, 326, 21, 20, 0.002428784966468811
0, 584, 557, 31, 28, 0.00241452525369823
0, 1072, 411, 59, 46, 0.0024030909407883883
0, 1069, 335, 29, 31, 0.0023686860222369432
0, 708, 309, 17, 17, 0.002360700396820903
0, 1033, 409, 60, 50, 0.0023578472901135683
0, 1057, 358, 50, 61, 0.002315517282113433
0, 763, 307, 22, 21, 0.002298948587849736
0, 624, 736, 15, 21, 0.0022148527204990387
0, 772, 1060, 25, 20, 0.002178142312914133
0, 1031, 719, 90, 70, 0.002098974771797657
0, 751, 662, 21, 29, 0.0019979123026132584
0, 180, 513, 13, 23, 0.001992562785744667
0, 650, 399, 19, 20, 0.001969221979379654
0, 1077, 638, 34, 28, 0.001953619532287121
0, 655, 502, 23, 15, 0.001951801823452115
0, 948, 432, 14, 14, 0.0018581749172881246
0, 854, 278, 21, 17, 0.0018358948873355985
0, 1282, 294, 26, 45, 0.0018225834937766194
0, 1075, 735, 24, 23, 0.0017948201857507229
0, 1040, 335, 17, 24, 0.0017888628644868731
0, 224, 448, 35, 45, 0.001758456346578896
0, 276, 374, 71, 113, 0.001749889343045652
0, 1012, 863, 25, 21, 0.0017495120409876108
0, 556, 705, 13, 24, 0.0017237112624570727
0, 1051, 415, 46, 38, 0.0017115622758865356
0, 1256, 377, 14, 27, 0.0016729929484426975
0, 691, 251, 45, 30, 0.0016674742801114917
0, 1277, 238, 23, 41, 0.00162148114759475
0, 1052, 727, 19, 16, 0.0016139301005750895
0, 722, 294, 44, 38, 0.0016059314366430044
0, 157, 511, 20, 30, 0.0015591905685141683
0, 632, 527, 50, 41, 0.001558918971568346
0, 135, 548, 21, 30, 0.0015045917825773358
0, 742, 1056, 15, 21, 0.0014790087006986141
0, 644, 499, 30, 17, 0.00145858118776232
0, 1023, 364, 59, 58, 0.0014455374330282211
0, 696, 377, 24, 12, 0.0014452884206548333
0, 126, 536, 25, 53, 0.0013859833125025034
0, 1184, 321, 26, 29, 0.0013633313355967402
0, 694, 301, 63, 79, 0.0013574233744293451
0, 581, 598, 26, 27, 0.0013564127730205655
0, 303, 479, 26, 28, 0.0013514271704480052
0, 1119, 298, 21, 21, 0.001317814807407558
0, 1066, 570, 29, 20, 0.0013153119944036007
0, 1281, 213, 13, 15, 0.0012929948279634118
0, 546, 726, 17, 25, 0.0012642014771699905
0, 1039, 861, 48, 28, 0.001256757415831089
0, 677, 229, 14, 18, 0.0012548078084364533
0, 1036, 675, 94, 59, 0.001245245337486267
0, 1084, 353, 55, 55, 0.0012243330711498857
0, 1045, 697, 119, 153, 0.0012125606881454587
0, 1001, 1028, 36, 30, 0.0012032091617584229
0, 1344, 273, 20, 14, 0.0011980484705418348
0, 687, 485, 31, 22, 0.001196563127450645
0, 757, 655, 16, 16, 0.0011933214263990521
0, 650, 475, 57, 51, 0.0011777675244957209
0, 725, 245, 19, 24, 0.0011727839009836316
0, 114, 529, 14, 31, 0.0011705021606758237
0, 422, 402, 19, 25, 0.0011666768696159124
0, 1198, 293, 16, 31, 0.001156194251962006
0, 1073, 732, 42, 26, 0.0011429040459915996
0, 1042, 592, 30, 19, 0.0011126830941066146
0, 501, 863, 22, 15, 0.0010690810158848763
0, 150, 506, 22, 20, 0.0010585170239210129
0, 1197, 281, 14, 21, 0.0010558848734945059
0, 179, 434, 12, 17, 0.001049843616783619
0, 813, 1099, 28, 29, 0.001043509691953659
0, 215, 497, 16, 18, 0.0010408939560875297
0, 263, 424, 65, 81, 0.0010324543109163642
0, 658, 467, 45, 32, 0.001020652474835515
0, 739, 251, 76, 34, 0.0010162126272916794
0, 540, 395, 30, 34, 0.0010064071975648403
0, 900, 921, 24, 23, 0.0010036396561190486
0, 659, 415, 15, 20, 0.0009997939923778176
0, 1084, 731, 28, 28, 0.0009823027066886425
0, 742, 227, 34, 21, 0.0009789156029000878
0, 152, 529, 27, 48, 0.000952497124671936
0, 683, 198, 27, 18, 0.0009490195079706609
0, 678, 484, 24, 21, 0.0009350948967039585
0, 48, 1219, 94, 7, 0.0009115995489992201
0, 637, 521, 112, 149, 0.0008821493829600513
0, 897, 1048, 15, 22, 0.0008640316664241254
0, 1057, 334, 14, 27, 0.0008466918952763081
0, 682, 282, 29, 35, 0.0008334009908139706
0, 597, 758, 17, 11, 0.0008260139729827642
0, 1176, 300, 24, 24, 0.0008179764845408499
0, 999, 568, 16, 13, 0.0008115136879496276
0, 1076, 330, 45, 50, 0.0007965993718244135
0, 1018, 739, 51, 51, 0.0007910885033197701
0, 746, 258, 60, 25, 0.0007620012038387358
0, 698, 310, 36, 31, 0.0007423992501571774
0, 763, 1056, 14, 19, 0.0007140633533708751
0, 551, 720, 20, 33, 0.0006864716415293515
0, 407, 300, 22, 21, 0.000686273502651602
0, 660, 240, 9, 15, 0.0006799938273616135
0, 1106, 363, 16, 27, 0.0006766255246475339
0, 1113, 310, 18, 20, 0.0006756960065104067
0, 495, 862, 21, 18, 0.000674867129418999
0, 883, 346, 10, 21, 0.0006696298951283097
0, 140, 561, 16, 23, 0.0006565630319528282
0, 908, 913, 24, 21, 0.0006531361141242087
0, 1080, 785, 44, 32, 0.0006341716507449746
0, 704, 243, 21, 24, 0.0006336044170893729
0, 1151, 353, 28, 42, 0.0006327314767986536
0, 1331, 245, 10, 18, 0.0006167940446175635
0, 1053, 738, 46, 32, 0.0006124743376858532
0, 1086, 760, 23, 16, 0.0006069205701351166
0, 1317, 1218, 110, 8, 0.0006054709665477276
0, 401, 395, 38, 53, 0.000592176103964448
0, 734, 276, 54, 39, 0.0005846708081662655
0, 578, 728, 16, 23, 0.0005832012393511832
0, 1067, 588, 55, 37, 0.0005814493051730096
0, 494, 779, 19, 18, 0.000580275896936655
0, 1027, 755, 44, 24, 0.0005689925164915621
0, 1091, 820, 19, 18, 0.0005685550277121365
0, 1039, 743, 34, 27, 0.0005547082982957363
0, 1117, 307, 21, 20, 0.0005534471129067242
0, 262, 315, 24, 27, 0.0005475147627294064
0, 996, 727, 24, 21, 0.0005420296802185476
0, 851, 864, 50, 73, 0.0005383970565162599
0, 655, 512, 22, 19, 0.0005342119839042425
0, 725, 232, 36, 25, 0.0005285912193357944
0, 774, 6, 108, 12, 0.0005270084948278964
0, 409, 362, 29, 15, 0.0005262046470306814
0, 431, 400, 22, 24, 0.0005187614005990326
0, 99, 1218, 199, 9, 0.0005181646556593478
0, 723, 229, 123, 65, 0.0004997748765163124
0, 435, 337, 18, 25, 0.0004995905328541994
0, 175, 507, 19, 23, 0.0004968337598256767
0, 709, 232, 20, 20, 0.0004879350308328867
0, 296, 360, 118, 154, 0.00048180928570218384
0, 644, 468, 43, 32, 0.0004789508238900453
0, 1075, 761, 28, 20, 0.0004739977593999356
0, 247, 440, 26, 35, 0.0004544668772723526
0, 664, 233, 14, 22, 0.00044731138041242957
0, 664, 494, 55, 38, 0.0004248191835358739
0, 1326, 293, 16, 19, 0.0004054545424878597
0, 190, 517, 20, 24, 0.00039491374627687037
0, 422, 365, 40, 23, 0.0003920008894056082
0, 1161, 297, 19, 22, 0.00037129782140254974
0, 629, 540, 75, 79, 0.00036745500983670354
0, 1050, 752, 101, 69, 0.00036532137892208993
0, 1030, 1218, 195, 9, 0.0003645341203082353
0, 753, 266, 52, 35, 0.0003642384835984558
0, 699, 242, 60, 46, 0.00035996921360492706
0, 629, 733, 26, 28, 0.0003591359418351203
0, 43, 1204, 85, 37, 0.00035884144017472863
0, 1187, 339, 24, 30, 0.0003547427768353373
0, 408, 337, 30, 40, 0.000351385329850018
0, 502, 779, 21, 19, 0.0003500836028251797
0, 905, 281, 20, 20, 0.00034578697523102164
0, 391, 371, 18, 22, 0.0003437838749960065
0, 1048, 575, 76, 40, 0.00034129779669456184
0, 384, 522, 18, 15, 0.00034020011662505567
0, 1168, 321, 66, 64, 0.0003397324471734464
0, 1067, 323, 29, 34, 0.00033528587664477527
0, 237, 456, 41, 44, 0.0003334898210596293
0, 725, 250, 114, 46, 0.00033255829475820065
0, 512, 811, 64, 58, 0.0003278567164670676
0, 1022, 566, 55, 25, 0.0003244373947381973
0, 494, 876, 19, 10, 0.000310776085825637
0, 651, 407, 23, 34, 0.0003077832516282797
0, 412, 351, 42, 44, 0.0003069565864279866
0, 140, 599, 18, 22, 0.00030551929376088083
0, 794, 192, 13, 16, 0.00030231178971007466
0, 897, 1039, 15, 22, 0.000301778462016955
0, 588, 727, 24, 24, 0.0002941500279121101
0, 993, 568, 18, 12, 0.00029120343970134854
0, 873, 1041, 23, 55, 0.00029088323935866356
0, 1061, 789, 41, 23, 0.00027690507704392076
0, 1053, 691, 79, 77, 0.00027443451108410954
0, 1164, 344, 57, 51, 0.0002732955908868462
0, 857, 888, 119, 124, 0.0002706004015635699
0, 1277, 1218, 192, 9, 0.00026566380984149873
0, 158, 448, 16, 19, 0.0002634617849253118
0, 914, 894, 16, 25, 0.00026057942886836827
0, 637, 554, 53, 54, 0.00025985101819969714
0, 279, 397, 93, 68, 0.00025661272229626775
0, 712, 340, 52, 24, 0.00025279843248426914
0, 417, 404, 40, 41, 0.0002517442044336349
0, 142, 591, 15, 16, 0.0002506958262529224
0, 1335, 381, 14, 18, 0.00025026692310348153
0, 899, 297, 17, 17, 0.0002475992077961564
0, 1028, 337, 42, 35, 0.00024677105830051005
0, 404, 312, 27, 45, 0.00024602070334367454
0, 697, 207, 61, 41, 0.00024399399990215898
0, 617, 508, 35, 34, 0.0002421815734123811
0, 715, 1055, 18, 18, 0.00024020228011067957
