0, 319, 258, 64, 53, 0.39811956882476807
0, 969, 635, 31, 44, 0.33245325088500977
0, 811, 698, 42, 35, 0.30983152985572815
0, 394, 346, 69, 74, 0.2516227960586548
0, 773, 711, 17, 22, 0.23012599349021912
0, 494, 510, 88, 73, 0.2084575593471527
0, 500, 300, 45, 42, 0.1436736136674881
0, 390, 210, 49, 57, 0.1433132439851761
0, 312, 748, 25, 40, 0.12633690237998962
0, 1003, 644, 22, 38, 0.11050274223089218
0, 230, 556, 50, 50, 0.10604247450828552
0, 761, 710, 18, 20, 0.10383643209934235
0, 1052, 658, 20, 23, 0.09752971678972244
0, 1081, 442, 28, 50, 0.09540434926748276
0, 996, 652, 21, 27, 0.09388605505228043
0, 1056, 429, 21, 30, 0.09319218248128891
0, 218, 522, 84, 123, 0.08660904318094254
0, 1056, 429, 87, 85, 0.08261899650096893
0, 484, 489, 60, 32, 0.07137810438871384
0, 282, 199, 75, 78, 0.06946723908185959
0, 694, 531, 68, 63, 0.06566918641328812
0, 246, 764, 23, 28, 0.06523685157299042
0, 1063, 436, 65, 56, 0.0638844296336174
0, 174, 726, 20, 16, 0.06212587282061577
0, 635, 708, 40, 18, 0.061170026659965515
0, 858, 307, 20, 33, 0.056580983102321625
0, 580, 312, 45, 43, 0.05496232584118843
0, 657, 749, 26, 32, 0.04766342043876648
0, 604, 530, 20, 28, 0.04742169380187988
0, 474, 524, 45, 44, 0.047338876873254776
0, 683, 533, 39, 53, 0.0465383343398571
0, 1068, 402, 23, 20, 0.045379847288131714
0, 576, 320, 31, 25, 0.044219713658094406
0, 1007, 636, 22, 25, 0.04221509024500847
0, 1048, 428, 27, 30, 0.041681233793497086
0, 700, 531, 39, 47, 0.03947852551937103
0, 657, 758, 41, 50, 0.03500295430421829
0, 271, 230, 18, 21, 0.034425411373376846
0, 522, 798, 22, 19, 0.034143052995204926
0, 593, 517, 45, 61, 0.03319871053099632
0, 393, 170, 20, 20, 0.03272109106183052
0, 755, 288, 15, 15, 0.03191886469721794
0, 542, 774, 20, 18, 0.031159574165940285
0, 300, 211, 115, 104, 0.03078996017575264
0, 503, 757, 19, 23, 0.030023733153939247
0, 698, 515, 27, 25, 0.029197802767157555
0, 593, 295, 87, 79, 0.026961209252476692
0, 524, 740, 17, 18, 0.02686048112809658
0, 279, 739, 22, 26, 0.026258422061800957
0, 593, 276, 22, 25, 0.025992903858423233
0, 678, 551, 21, 22, 0.02514125406742096
0, 1016, 638, 18, 17, 0.024933667853474617
0, 959, 476, 25, 26, 0.024089617654681206
0, 932, 460, 27, 25, 0.02391408197581768
0, 1006, 605, 12, 15, 0.023687586188316345
0, 718, 295, 20, 18, 0.023647766560316086
0, 810, 275, 28, 39, 0.022237492725253105
0, 144, 449, 33, 56, 0.021869294345378876
0, 1031, 423, 33, 38, 0.02170836366713047
0, 810, 266, 23, 25, 0.021402159705758095
0, 553, 554, 16, 14, 0.020524030551314354
0, 770, 248, 18, 19, 0.02028970792889595
0, 684, 304, 30, 30, 0.019869163632392883
0, 756, 311, 25, 18, 0.01973450928926468
0, 912, 308, 14, 14, 0.01964440383017063
0, 1037, 442, 44, 50, 0.01929343305528164
0, 1075, 424, 40, 54, 0.019099051132798195
0, 668, 772, 17, 23, 0.01879163831472397
0, 831, 112, 31, 54, 0.01836986094713211
0, 263, 119, 21, 19, 0.01836644485592842
0, 462, 769, 19, 20, 0.018285473808646202
0, 788, 676, 12, 12, 0.01768275536596775
0, 546, 317, 16, 25, 0.01699293963611126
0, 362, 554, 58, 34, 0.016650395467877388
0, 302, 205, 30, 30, 0.01650220714509487
0, 796, 288, 67, 65, 0.01640254817903042
0, 824, 289, 27, 33, 0.016170591115951538
0, 646, 746, 22, 31, 0.015932979062199593
0, 621, 281, 26, 32, 0.01592814177274704
0, 263, 191, 31, 40, 0.015215198509395123
0, 744, 762, 10, 12, 0.014580241404473782
0, 843, 306, 41, 36, 0.014535066671669483
0, 354, 472, 15, 16, 0.014340143650770187
0, 653, 327, 20, 17, 0.014151195995509624
0, 125, 707, 31, 31, 0.013724959455430508
0, 930, 454, 34, 42, 0.01356416568160057
0, 694, 279, 15, 18, 0.01315632089972496
0, 962, 470, 45, 45, 0.012861181050539017
0, 925, 495, 23, 21, 0.012575719505548477
0, 579, 761, 39, 45, 0.012575194239616394
0, 144, 394, 29, 22, 0.012527761049568653
0, 642, 334, 45, 31, 0.012433758936822414
0, 776, 279, 14, 18, 0.012327429838478565
0, 355, 548, 39, 26, 0.012081203050911427
0, 569, 749, 19, 20, 0.012067795731127262
0, 594, 503, 36, 36, 0.011948510073125362
0, 854, 487, 14, 21, 0.01166387926787138
0, 606, 281, 56, 43, 0.01107795163989067
0, 963, 696, 15, 14, 0.010772294364869595
0, 493, 740, 20, 30, 0.010668478906154633
0, 309, 251, 44, 38, 0.01065372209995985
0, 774, 506, 12, 24, 0.010414205491542816
0, 431, 265, 29, 40, 0.010283776558935642
0, 426, 279, 17, 16, 0.010159165598452091
0, 832, 301, 21, 29, 0.01009131595492363
0, 1082, 637, 62, 44, 0.010044485330581665
0, 163, 678, 23, 29, 0.010019916109740734
0, 793, 280, 33, 34, 0.009992594830691814
0, 774, 294, 52, 43, 0.009916824288666248
0, 168, 672, 21, 23, 0.009790414944291115
0, 943, 467, 54, 49, 0.009759652428328991
0, 789, 305, 27, 28, 0.009692124091088772
0, 469, 793, 23, 23, 0.009632979519665241
0, 629, 347, 31, 23, 0.009530480951070786
0, 729, 726, 19, 28, 0.009514335542917252
0, 454, 234, 13, 18, 0.009443606249988079
0, 334, 213, 39, 40, 0.009439583867788315
0, 166, 686, 26, 35, 0.009352629072964191
0, 754, 528, 18, 23, 0.009235180914402008
0, 627, 545, 11, 15, 0.00918306689709425
0, 709, 110, 17, 24, 0.008946308866143227
0, 955, 508, 15, 13, 0.008616839535534382
0, 727, 320, 24, 17, 0.008553756400942802
0, 360, 165, 14, 21, 0.008341113105416298
0, 410, 497, 15, 17, 0.00821695290505886
0, 1039, 403, 46, 30, 0.008158315904438496
0, 635, 344, 46, 36, 0.008154786191880703
0, 245, 150, 18, 24, 0.008088254369795322
0, 327, 713, 10, 15, 0.00770132290199399
0, 196, 706, 18, 17, 0.007384173106402159
0, 695, 302, 54, 40, 0.007128286641091108
0, 708, 737, 15, 20, 0.006937665864825249
0, 822, 281, 57, 56, 0.006923815701156855
0, 523, 556, 18, 15, 0.006918821018189192
0, 856, 266, 32, 28, 0.0068797036074101925
0, 1153, 436, 14, 20, 0.006739114411175251
0, 511, 750, 45, 41, 0.0066888416185975075
0, 754, 540, 36, 54, 0.006682594306766987
0, 1011, 676, 13, 14, 0.006527645979076624
0, 133, 444, 22, 45, 0.00637509860098362
0, 183, 544, 28, 35, 0.00627464335411787
0, 215, 497, 29, 73, 0.005893669556826353
0, 761, 249, 32, 24, 0.00580603489652276
0, 131, 434, 18, 23, 0.005637504626065493
0, 387, 200, 76, 88, 0.00548545690253377
0, 875, 494, 18, 27, 0.005463672801852226
0, 712, 731, 24, 30, 0.005369154736399651
0, 195, 529, 16, 21, 0.005217791069298983
0, 746, 314, 41, 26, 0.005140047520399094
0, 249, 749, 20, 35, 0.005119661800563335
0, 956, 484, 24, 28, 0.005065996199846268
0, 975, 514, 27, 20, 0.005027755629271269
0, 676, 109, 35, 33, 0.004983846563845873
0, 912, 497, 15, 17, 0.004923536442220211
0, 834, 266, 22, 25, 0.004907256457954645
0, 861, 348, 16, 17, 0.004901036154478788
0, 1007, 648, 40, 49, 0.004743828438222408
0, 650, 289, 24, 22, 0.0046527753584086895
0, 1085, 592, 16, 30, 0.0045586880296468735
0, 811, 665, 21, 16, 0.0044225165620446205
0, 342, 728, 13, 21, 0.00442079734057188
0, 90, 675, 30, 17, 0.004388018045574427
0, 842, 296, 59, 50, 0.004351826384663582
0, 1065, 632, 25, 31, 0.004188635386526585
0, 599, 730, 20, 22, 0.004144566599279642
0, 171, 668, 21, 20, 0.003996068146079779
0, 398, 172, 33, 31, 0.003984913229942322
0, 758, 285, 27, 25, 0.003951764199882746
0, 288, 106, 11, 13, 0.0039002113044261932
0, 791, 705, 50, 37, 0.003728555515408516
0, 723, 307, 27, 34, 0.0036348954308778048
0, 462, 778, 38, 52, 0.0035192889627069235
0, 407, 337, 38, 52, 0.0034812414087355137
0, 744, 264, 20, 24, 0.003307024249807
0, 463, 766, 31, 38, 0.003190552117303014
0, 795, 286, 113, 81, 0.003052562242373824
0, 886, 464, 22, 25, 0.0028077850583940744
0, 531, 785, 43, 42, 0.0027535720728337765
0, 810, 340, 23, 21, 0.0027527878992259502
0, 335, 753, 19, 21, 0.0027482088189572096
0, 226, 708, 30, 21, 0.0027364008128643036
0, 299, 746, 48, 44, 0.0027337721548974514
0, 498, 731, 27, 25, 0.0027104327455163
0, 710, 297, 58, 48, 0.0026994014624506235
0, 317, 737, 21, 30, 0.0026373921427875757
0, 1043, 494, 16, 17, 0.0026061160024255514
0, 253, 150, 26, 25, 0.002571972319856286
0, 748, 529, 31, 32, 0.0025590299628674984
0, 1171, 546, 14, 18, 0.0024846261367201805
0, 222, 738, 13, 18, 0.0024340299423784018
0, 773, 303, 83, 59, 0.0023844819515943527
0, 205, 656, 12, 12, 0.0023515319917351007
0, 739, 272, 17, 21, 0.0023393144365400076
0, 283, 171, 51, 30, 0.0022772038355469704
0, 71, 559, 13, 16, 0.0022727728355675936
0, 362, 171, 19, 36, 0.0022574563045054674
0, 982, 638, 37, 58, 0.0022441530600190163
0, 887, 474, 17, 16, 0.0022355979308485985
0, 863, 263, 27, 26, 0.0021339901722967625
0, 808, 506, 11, 13, 0.0021329710725694895
0, 378, 356, 35, 51, 0.0021290620788931847
0, 790, 529, 16, 16, 0.002112310379743576
0, 1178, 410, 17, 17, 0.002069637645035982
0, 190, 55, 367, 110, 0.0020290191750973463
0, 322, 523, 16, 29, 0.0018896573456004262
0, 638, 290, 40, 30, 0.0018834350630640984
0, 861, 445, 24, 19, 0.0018365040887147188
0, 338, 741, 17, 23, 0.0018150623654946685
0, 1014, 670, 21, 19, 0.0017438691575080156
0, 574, 264, 29, 23, 0.00173595966771245
0, 738, 512, 23, 25, 0.0017296102596446872
0, 984, 609, 14, 16, 0.0016999606741592288
0, 618, 483, 20, 19, 0.0016724077286198735
0, 553, 345, 24, 21, 0.0016589739825576544
0, 1156, 372, 12, 14, 0.0016434508142992854
0, 943, 468, 85, 74, 0.0016089894343167543
0, 757, 260, 45, 45, 0.0016000004252418876
0, 473, 709, 18, 19, 0.0015952050453051925
0, 627, 287, 63, 50, 0.0015673186862841249
0, 873, 464, 31, 30, 0.0015528787625953555
0, 1023, 491, 30, 22, 0.0015136486617848277
0, 578, 536, 21, 24, 0.0014743549982085824
0, 684, 548, 54, 71, 0.0014401869848370552
0, 442, 561, 44, 20, 0.001437727245502174
0, 203, 553, 72, 57, 0.0013968172715976834
0, 171, 733, 26, 30, 0.00135545595549047
0, 206, 513, 47, 101, 0.0013544873800128698
0, 285, 324, 43, 38, 0.0013396019348874688
0, 396, 774, 21, 10, 0.0013260564301162958
0, 550, 513, 20, 21, 0.0012963481713086367
0, 165, 677, 38, 42, 0.0012824482982978225
0, 602, 737, 18, 33, 0.0012714057229459286
0, 398, 324, 34, 32, 0.0012708246940746903
0, 720, 725, 38, 39, 0.001269458094611764
0, 355, 539, 82, 68, 0.0012638374464586377
0, 110, 521, 19, 29, 0.0012339672539383173
0, 1056, 655, 33, 36, 0.0012247138656675816
0, 42, 3, 84, 7, 0.0011649621883407235
0, 244, 733, 15, 17, 0.0011550071649253368
0, 872, 484, 44, 46, 0.0011444537667557597
0, 430, 562, 26, 17, 0.0011364130768924952
0, 416, 772, 29, 14, 0.0011198843130841851
0, 547, 556, 29, 19, 0.0011053418274968863
0, 785, 678, 25, 18, 0.001101073925383389
0, 721, 287, 27, 32, 0.0010861755581572652
0, 646, 127, 16, 15, 0.0010712944203987718
0, 346, 531, 32, 24, 0.0010505805257707834
0, 770, 705, 39, 37, 0.0010168250882998109
0, 906, 366, 23, 23, 0.001014338107779622
0, 281, 745, 34, 38, 0.0010097952326759696
0, 934, 260, 17, 17, 0.0010064245434477925
0, 809, 498, 11, 25, 0.0009807890746742487
0, 633, 90, 27, 23, 0.0009754591737873852
0, 328, 224, 189, 136, 0.0009719543741084635
0, 200, 710, 30, 26, 0.0009718145593069494
0, 837, 533, 14, 19, 0.0009701959788799286
0, 543, 512, 17, 24, 0.0009638200281187892
0, 746, 301, 59, 47, 0.0009630004060454667
0, 914, 311, 23, 21, 0.0009323121048510075
0, 659, 577, 18, 15, 0.0009257243946194649
0, 522, 713, 22, 18, 0.0009138837340287864
0, 437, 729, 14, 15, 0.0009120838949456811
0, 975, 449, 18, 17, 0.0009055777336470783
0, 567, 759, 31, 43, 0.0008885491988621652
0, 921, 462, 58, 58, 0.0008840936352498829
0, 559, 766, 59, 47, 0.0008777391631156206
0, 506, 291, 38, 35, 0.0008744634687900543
0, 765, 713, 33, 29, 0.0008725209045223892
0, 648, 302, 88, 75, 0.000869800744112581
0, 523, 463, 30, 17, 0.000862615997903049
0, 352, 538, 50, 35, 0.0008284472860395908
0, 526, 494, 32, 25, 0.0008262595511041582
0, 997, 660, 29, 46, 0.0008032944751903415
0, 652, 122, 14, 22, 0.0007938633789308369
0, 261, 159, 44, 42, 0.000791213649790734
0, 759, 132, 20, 14, 0.000786911987233907
0, 867, 471, 44, 49, 0.0007727116462774575
0, 349, 193, 62, 78, 0.0007707946933805943
0, 889, 459, 53, 47, 0.0007647750899195671
0, 554, 310, 43, 46, 0.0007555644260719419
0, 222, 705, 43, 30, 0.0007520394865423441
0, 254, 746, 33, 45, 0.0007153056794777513
0, 1182, 405, 23, 19, 0.0007053927984088659
0, 379, 171, 56, 36, 0.0006881261942908168
0, 809, 334, 32, 34, 0.0006839578854851425
0, 627, 556, 15, 36, 0.0006819730042479932
0, 149, 695, 61, 62, 0.0006742734112776816
0, 531, 511, 180, 85, 0.0006670327275060117
0, 500, 285, 52, 67, 0.0006524212076328695
0, 1052, 490, 37, 26, 0.0006465972401201725
0, 944, 362, 20, 15, 0.0006401808932423592
0, 506, 265, 28, 23, 0.0006338535458780825
0, 496, 730, 62, 64, 0.0006222305819392204
0, 502, 713, 20, 22, 0.0006186969112604856
0, 1269, 898, 125, 8, 0.0006132266717031598
0, 213, 511, 143, 148, 0.0006056334241293371
0, 457, 757, 24, 37, 0.0005836869822815061
0, 988, 638, 65, 70, 0.0005801508668810129
0, 905, 468, 108, 72, 0.0005580433644354343
0, 554, 326, 37, 57, 0.0005538930417969823
