0, 317, 1178, 138, 149, 0.32947298884391785
0, 595, 1255, 105, 126, 0.275267094373703
0, 1299, 513, 85, 81, 0.15998363494873047
0, 1165, 604, 36, 40, 0.15133880078792572
0, 590, 414, 78, 105, 0.11922257393598557
0, 951, 413, 21, 21, 0.09722794592380524
0, 278, 742, 70, 157, 0.07854115962982178
0, 1341, 637, 37, 31, 0.07642044126987457
0, 1317, 313, 38, 41, 0.07125021517276764
0, 485, 445, 30, 21, 0.07016506791114807
0, 876, 243, 33, 33, 0.0625462681055069
0, 1330, 625, 66, 61, 0.06238863244652748
0, 460, 472, 36, 25, 0.05890970304608345
0, 203, 862, 113, 99, 0.051087118685245514
0, 332, 853, 78, 79, 0.0498860701918602
0, 479, 1008, 93, 92, 0.047246646136045456
0, 1413, 658, 26, 35, 0.047206684947013855
0, 1321, 527, 36, 40, 0.04270259290933609
0, 1169, 795, 42, 76, 0.04104788601398468
0, 605, 410, 44, 87, 0.039936307817697525
0, 887, 200, 40, 34, 0.03894917294383049
0, 423, 493, 31, 26, 0.03552642837166786
0, 488, 401, 33, 38, 0.03374238312244415
0, 1032, 854, 38, 29, 0.03284863382577896
0, 237, 879, 41, 33, 0.031495749950408936
0, 1076, 843, 46, 35, 0.03128109499812126
0, 1167, 783, 31, 48, 0.027654655277729034
0, 475, 476, 66, 31, 0.026839496567845345
0, 520, 428, 38, 22, 0.02654181979596615
0, 1171, 813, 37, 46, 0.02617124281823635
0, 574, 359, 40, 34, 0.026072610169649124
0, 1268, 215, 23, 28, 0.025941427797079086
0, 1125, 438, 28, 29, 0.024272268638014793
0, 163, 584, 24, 27, 0.024068398401141167
0, 809, 205, 27, 44, 0.024001434445381165
0, 534, 1138, 140, 115, 0.021130088716745377
0, 448, 690, 23, 29, 0.020962705835700035
0, 903, 129, 18, 23, 0.020190563052892685
0, 474, 686, 26, 26, 0.020052790641784668
0, 1322, 612, 31, 37, 0.019940568134188652
0, 153, 639, 22, 24, 0.019033784046769142
0, 173, 872, 62, 83, 0.01902412623167038
0, 1323, 589, 13, 14, 0.018815038725733757
0, 460, 690, 49, 35, 0.018376927822828293
0, 1170, 568, 22, 19, 0.018376722931861877
0, 228, 872, 61, 51, 0.018201375380158424
0, 653, 779, 19, 54, 0.01802693121135235
0, 910, 1172, 28, 28, 0.01787434332072735
0, 1308, 609, 24, 29, 0.017560414969921112
0, 145, 561, 22, 29, 0.017466198652982712
0, 515, 1109, 97, 48, 0.017328467220067978
0, 1022, 691, 41, 33, 0.0163328405469656
0, 898, 124, 23, 27, 0.015980739146471024
0, 1030, 848, 64, 45, 0.015057387761771679
0, 207, 862, 56, 61, 0.01464711595326662
0, 1333, 531, 37, 34, 0.014528266154229641
0, 811, 372, 19, 24, 0.014360789209604263
0, 871, 1118, 33, 34, 0.01428113505244255
0, 936, 1137, 27, 42, 0.014210531488060951
0, 112, 531, 37, 57, 0.01381651684641838
0, 1028, 825, 38, 23, 0.013082852587103844
0, 498, 1011, 49, 46, 0.01292454730719328
0, 815, 217, 42, 81, 0.012663829140365124
0, 157, 573, 39, 50, 0.012583189643919468
0, 819, 234, 32, 53, 0.012121225707232952
0, 204, 1039, 55, 36, 0.011944012716412544
0, 118, 549, 22, 24, 0.011905986815690994
0, 811, 183, 28, 28, 0.01176457479596138
0, 587, 222, 29, 20, 0.01134035736322403
0, 387, 1194, 24, 25, 0.011322734877467155
0, 503, 728, 34, 22, 0.011285551823675632
0, 649, 1097, 55, 61, 0.011247249320149422
0, 188, 562, 22, 38, 0.011072373948991299
0, 121, 775, 41, 36, 0.010609114542603493
0, 1003, 825, 29, 33, 0.010510354302823544
0, 330, 902, 26, 28, 0.010462903417646885
0, 756, 719, 68, 94, 0.010095126926898956
0, 974, 820, 22, 35, 0.010094198398292065
0, 112, 514, 26, 28, 0.009945321828126907
0, 188, 840, 27, 48, 0.009701799601316452
0, 928, 1192, 22, 26, 0.009681259281933308
0, 468, 452, 76, 66, 0.00966410432010889
0, 1278, 493, 38, 46, 0.009563852101564407
0, 285, 712, 53, 98, 0.00955310370773077
0, 823, 185, 26, 28, 0.009226210415363312
0, 869, 251, 49, 54, 0.008992577902972698
0, 1043, 842, 114, 50, 0.008928713388741016
0, 891, 1065, 99, 106, 0.008881914429366589
0, 1345, 393, 17, 20, 0.008619039319455624
0, 480, 407, 50, 51, 0.008524185046553612
0, 443, 439, 23, 24, 0.008456863462924957
0, 950, 363, 25, 22, 0.008386633358895779
0, 605, 384, 38, 37, 0.008374020457267761
0, 982, 662, 26, 21, 0.008200942538678646
0, 1007, 696, 25, 29, 0.0080826785415411
0, 470, 425, 77, 89, 0.007985671050846577
0, 980, 769, 26, 16, 0.007970496080815792
0, 1113, 433, 51, 38, 0.007954481057822704
0, 824, 247, 29, 33, 0.007864583283662796
0, 1355, 504, 19, 22, 0.007713995408266783
0, 715, 239, 103, 113, 0.007639371789991856
0, 438, 487, 62, 49, 0.007637373171746731
0, 495, 1105, 61, 40, 0.007487771566957235
0, 622, 944, 83, 47, 0.007381786126643419
0, 384, 592, 21, 22, 0.007293367758393288
0, 862, 849, 30, 24, 0.007253665942698717
0, 508, 717, 44, 38, 0.007161584682762623
0, 232, 1297, 28, 28, 0.007133833132684231
0, 1281, 476, 23, 18, 0.007114806678146124
0, 123, 667, 17, 20, 0.00706616323441267
0, 495, 441, 58, 34, 0.006822180934250355
0, 286, 690, 45, 61, 0.006803202908486128
0, 933, 1122, 35, 71, 0.006422245875000954
0, 992, 825, 18, 37, 0.006367322523146868
0, 742, 840, 24, 14, 0.00626221252605319
0, 925, 150, 30, 28, 0.005949622485786676
0, 599, 1244, 75, 79, 0.005928311962634325
0, 314, 1215, 112, 79, 0.005894828587770462
0, 207, 1310, 25, 24, 0.005810586269944906
0, 595, 953, 32, 24, 0.0057985857129096985
0, 511, 1023, 158, 121, 0.005586409009993076
0, 912, 1180, 39, 50, 0.005500006955116987
0, 116, 680, 26, 42, 0.005449347198009491
0, 461, 472, 91, 52, 0.005423658061772585
0, 882, 1129, 28, 40, 0.005407372023910284
0, 562, 367, 34, 38, 0.005300979595631361
0, 532, 1058, 70, 53, 0.005281531717628241
0, 375, 1001, 20, 23, 0.005096514709293842
0, 573, 1366, 31, 27, 0.005050314124673605
0, 166, 862, 39, 62, 0.004910165444016457
0, 847, 257, 27, 45, 0.004882661625742912
0, 1064, 574, 17, 23, 0.0048017362132668495
0, 225, 1301, 55, 44, 0.004774928092956543
0, 230, 646, 21, 30, 0.004759388044476509
0, 842, 206, 36, 51, 0.004753532353788614
0, 755, 458, 42, 35, 0.004653119947761297
0, 175, 574, 46, 64, 0.004646666813641787
0, 873, 207, 67, 57, 0.004610780160874128
0, 843, 186, 33, 30, 0.004468195606023073
0, 306, 1295, 21, 21, 0.004414964932948351
0, 922, 1124, 60, 100, 0.004410452675074339
0, 939, 1153, 26, 27, 0.004375389311462641
0, 805, 551, 25, 50, 0.004371128510683775
0, 924, 140, 43, 47, 0.00433392496779561
0, 316, 1139, 124, 114, 0.004304459784179926
0, 163, 1071, 15, 22, 0.004259112291038036
0, 878, 1049, 68, 65, 0.004179184790700674
0, 967, 727, 47, 28, 0.004141753073781729
0, 989, 432, 20, 22, 0.004032623488456011
0, 130, 540, 84, 81, 0.00397459277883172
0, 894, 1074, 35, 33, 0.003955345135182142
0, 194, 1252, 30, 17, 0.003941681236028671
0, 315, 1150, 94, 66, 0.0037860418669879436
0, 824, 376, 24, 23, 0.0037487598601728678
0, 777, 502, 23, 37, 0.0037232825998216867
0, 926, 835, 33, 27, 0.0036641922779381275
0, 659, 305, 45, 22, 0.0036330081056803465
0, 549, 940, 30, 52, 0.003614251036196947
0, 165, 509, 15, 20, 0.003611573250964284
0, 1033, 650, 25, 17, 0.003570970380678773
0, 1353, 395, 19, 21, 0.003531738882884383
0, 1353, 604, 22, 27, 0.003512023715302348
0, 750, 533, 24, 29, 0.0034914498683065176
0, 1353, 536, 27, 25, 0.0034905471839010715
0, 111, 748, 19, 19, 0.0034450478851795197
0, 581, 1422, 25, 25, 0.0034171505831182003
0, 251, 579, 20, 31, 0.0032655582763254642
0, 737, 690, 24, 34, 0.0032583524007350206
0, 924, 396, 18, 18, 0.003258007112890482
0, 520, 515, 22, 21, 0.003224568208679557
0, 816, 407, 19, 25, 0.003223547711968422
0, 800, 710, 153, 113, 0.003207162953913212
0, 808, 661, 19, 20, 0.00318039208650589
0, 586, 384, 86, 89, 0.0031728697940707207
0, 854, 222, 112, 110, 0.003131644334644079
0, 548, 1168, 45, 43, 0.0030418974347412586
0, 132, 559, 56, 46, 0.003027207450941205
0, 1080, 1429, 16, 19, 0.0030142657924443483
0, 634, 674, 31, 20, 0.00296905729919672
0, 434, 1206, 36, 24, 0.0028807795606553555
0, 800, 525, 72, 118, 0.0028604401741176844
0, 483, 706, 71, 58, 0.0028539940249174833
0, 657, 1013, 34, 21, 0.002806623699143529
0, 579, 1223, 59, 46, 0.0028059231117367744
0, 1285, 453, 21, 24, 0.0027989938389509916
0, 1002, 876, 29, 30, 0.0027943220920860767
0, 693, 200, 41, 36, 0.0027292571030557156
0, 859, 196, 97, 50, 0.002706517232581973
0, 923, 774, 49, 34, 0.002701097633689642
0, 1125, 445, 47, 43, 0.0026745290961116552
0, 326, 1228, 82, 52, 0.00265806564129889
0, 1019, 846, 75, 78, 0.0026506430003792048
0, 563, 1139, 22, 21, 0.002621398540213704
0, 700, 1172, 23, 20, 0.002620152197778225
0, 553, 1157, 67, 60, 0.002555230399593711
0, 1039, 1232, 35, 39, 0.002528374083340168
0, 179, 528, 19, 30, 0.0025067790411412716
0, 658, 214, 21, 20, 0.0025015089195221663
0, 238, 1105, 38, 66, 0.002462414326146245
0, 674, 1157, 22, 32, 0.002446188125759363
0, 521, 1058, 118, 71, 0.002438776893541217
0, 1319, 351, 24, 15, 0.0024385624565184116
0, 1016, 676, 62, 50, 0.0024195818696171045
0, 887, 815, 21, 25, 0.0023881031665951014
0, 240, 1091, 51, 107, 0.0023651865776628256
0, 1113, 1506, 22, 18, 0.0023318990133702755
0, 854, 741, 32, 26, 0.00230665341950953
0, 919, 1098, 42, 51, 0.0022553070448338985
0, 909, 1105, 104, 184, 0.0022492369171231985
0, 1251, 199, 21, 20, 0.0022327248007059097
0, 869, 1039, 42, 37, 0.0022269142791628838
0, 962, 1152, 21, 41, 0.002200368558987975
0, 740, 896, 34, 36, 0.002185847843065858
0, 931, 130, 32, 34, 0.002163246041163802
0, 831, 256, 44, 52, 0.002133881440386176
0, 829, 236, 68, 92, 0.0020988069009035826
0, 290, 1145, 57, 48, 0.0020738246385008097
0, 1313, 324, 48, 69, 0.002052424708381295
0, 1147, 567, 13, 24, 0.002047241199761629
0, 564, 1222, 36, 38, 0.0020446397829800844
0, 812, 389, 40, 59, 0.0020311223343014717
0, 671, 1205, 38, 41, 0.0020273071713745594
0, 832, 541, 24, 40, 0.0019879378378391266
0, 1039, 647, 24, 17, 0.001973405247554183
0, 1102, 418, 29, 21, 0.0019680396653711796
0, 757, 539, 24, 33, 0.0019324079621583223
0, 618, 311, 25, 21, 0.0019312596414238214
0, 449, 1014, 34, 52, 0.0019146257545799017
0, 355, 955, 29, 40, 0.0019077874021604657
0, 595, 1189, 21, 29, 0.001882267533801496
0, 687, 205, 69, 64, 0.0018686337862163782
0, 622, 1191, 28, 37, 0.0018497381825000048
0, 1162, 741, 14, 25, 0.0018405969021841884
0, 190, 605, 24, 23, 0.0018358066445216537
0, 1325, 431, 15, 18, 0.0018353158375248313
0, 226, 1307, 69, 78, 0.0018182633211836219
0, 655, 247, 22, 19, 0.0018176031298935413
0, 945, 1175, 35, 46, 0.0018167089438065886
0, 340, 1292, 22, 19, 0.001809866400435567
0, 770, 374, 16, 19, 0.001805668231099844
0, 1172, 598, 57, 56, 0.0017982894787564874
0, 1027, 665, 36, 22, 0.0017604597378522158
0, 249, 718, 33, 81, 0.0017434932524338365
0, 1281, 256, 10, 16, 0.0017191545339301229
0, 997, 705, 88, 48, 0.0017089277971535921
0, 572, 1114, 43, 34, 0.0016932098660618067
0, 550, 1175, 201, 210, 0.0016931252321228385
0, 648, 307, 75, 27, 0.0016787563217803836
0, 1276, 204, 17, 22, 0.0016745005268603563
0, 873, 132, 23, 27, 0.0016694813966751099
0, 278, 1038, 23, 28, 0.0016544003738090396
0, 816, 542, 58, 77, 0.0016263563884422183
0, 939, 1190, 38, 37, 0.0016185635467991233
0, 1351, 437, 26, 25, 0.0016102822264656425
0, 566, 399, 66, 93, 0.0016101595247164369
0, 808, 534, 19, 23, 0.001597950467839837
0, 150, 477, 20, 17, 0.00158569251652807
0, 923, 409, 19, 27, 0.0015821168199181557
0, 355, 873, 30, 38, 0.0015753740444779396
0, 583, 1217, 100, 89, 0.0015644566155970097
0, 459, 992, 53, 63, 0.0015567414229735732
0, 275, 784, 47, 68, 0.0015556153375655413
0, 583, 1414, 32, 35, 0.0015445660101249814
0, 300, 1106, 69, 43, 0.001540056080557406
0, 680, 1180, 73, 91, 0.001524127321317792
0, 412, 1430, 24, 29, 0.001514108618721366
0, 196, 615, 34, 30, 0.0014851021114736795
0, 770, 749, 32, 25, 0.0014836369082331657
0, 944, 814, 16, 24, 0.0014733964344486594
0, 803, 185, 38, 37, 0.0014573968946933746
0, 737, 245, 56, 100, 0.0014447076246142387
0, 704, 216, 51, 57, 0.0014187436318024993
0, 664, 1007, 36, 32, 0.0014147612964734435
0, 346, 1229, 45, 44, 0.0014043046394363046
0, 692, 329, 25, 18, 0.0013907147804275155
0, 235, 1286, 48, 52, 0.001380699104629457
0, 973, 239, 15, 16, 0.00137995183467865
0, 745, 272, 38, 47, 0.0013793263351544738
0, 853, 732, 39, 41, 0.0013791241217404604
0, 1102, 592, 18, 15, 0.0013547802809625864
0, 1345, 441, 26, 23, 0.0013069218257442117
0, 288, 1215, 54, 60, 0.001290869084186852
0, 1338, 596, 32, 27, 0.0012869731290265918
0, 827, 730, 33, 31, 0.0012864647433161736
0, 215, 1063, 86, 85, 0.001280353986658156
0, 1145, 471, 22, 26, 0.0012395285302773118
0, 1324, 156, 15, 22, 0.0012197293108329177
0, 1285, 483, 44, 33, 0.0012195691233500838
0, 753, 200, 25, 27, 0.0012004096060991287
0, 662, 1168, 27, 30, 0.00119588163215667
0, 836, 739, 64, 47, 0.001185716944746673
0, 776, 526, 24, 32, 0.0011843296233564615
0, 564, 1242, 68, 94, 0.0011819854844361544
0, 589, 896, 98, 146, 0.0011725968215614557
0, 763, 700, 36, 50, 0.0011637393618002534
0, 173, 522, 21, 39, 0.0011518915416672826
0, 307, 807, 21, 28, 0.0011472862679511309
0, 1005, 689, 79, 51, 0.0011425381526350975
0, 1038, 662, 24, 18, 0.0011419322108849883
0, 1505, 1543, 121, 7, 0.0011404618853703141
