0, 248.0, 432.0, 22.0, 24.0, 0.4495234787464142
0, 391.0, 243.0, 18.0, 17.0, 0.44713106751441956
0, 508.0, 134.0, 20.0, 16.0, 0.4291720390319824
0, 16.0, 153.0, 17.0, 15.0, 0.41355380415916443
0, 441.0, 27.0, 18.0, 18.0, 0.39127007126808167
0, 60.0, 177.0, 21.0, 22.0, 0.35919007658958435
0, 602.0, 46.0, 13.0, 16.0, 0.3482968211174011
0, 710.0, 92.0, 15.0, 14.0, 0.33949965238571167
0, 729.0, 93.0, 18.0, 18.0, 0.3370932936668396
0, 601.0, 116.0, 13.0, 15.0, 0.33584490418434143
0, 558.0, 202.0, 14.0, 16.0, 0.3327905833721161
0, 20.0, 83.0, 23.0, 20.0, 0.3315863609313965
0, 914.0, 243.0, 15.0, 14.0, 0.33095604181289673
0, 347.0, 278.0, 20.0, 17.0, 0.32845523953437805
0, 12.0, 134.0, 16.0, 15.0, 0.32486653327941895
0, 887.0, 236.0, 20.0, 16.0, 0.3245655596256256
0, 950.0, 158.0, 14.0, 16.0, 0.30910274386405945
0, 383.0, 214.0, 22.0, 19.0, 0.30501019954681396
0, 77.0, 4.0, 18.0, 8.0, 0.2999765872955322
0, 574.0, 66.0, 20.0, 17.0, 0.29717499017715454
0, 352.0, 213.0, 18.0, 15.0, 0.29514065384864807
0, 358.0, 293.0, 19.0, 17.0, 0.2925103008747101
0, 489.0, 346.0, 18.0, 16.0, 0.29164084792137146
0, 581.0, 128.0, 16.0, 14.0, 0.2916257083415985
0, 393.0, 5.0, 20.0, 11.0, 0.2862764298915863
0, 573.0, 99.0, 19.0, 15.0, 0.2846493124961853
0, 84.0, 549.0, 19.0, 19.0, 0.2809441387653351
0, 25.0, 348.0, 19.0, 17.0, 0.2803458869457245
0, 107.0, 623.0, 20.0, 19.0, 0.27145087718963623
0, 600.0, 131.0, 14.0, 14.0, 0.2688765227794647
0, 23.0, 44.0, 15.0, 15.0, 0.26631879806518555
0, 625.0, 26.0, 15.0, 15.0, 0.263517826795578
0, 659.0, 316.0, 18.0, 19.0, 0.262809157371521
0, 663.0, 7.0, 15.0, 13.0, 0.25853586196899414
0, 266.0, 168.0, 16.0, 19.0, 0.2566837966442108
