0, 93, 406, 18, 21, 0.8886660933494568
0, 285, 77, 23, 21, 0.8369954824447632
0, 425, 269, 25, 21, 0.8361955285072327
0, 188, 8, 23, 16, 0.8034141063690186
0, 299, 155, 26, 19, 0.8033237457275391
0, 71, 175, 20, 24, 0.7848125696182251
0, 203, 247, 26, 22, 0.7629355788230896
0, 171, 355, 26, 21, 0.760362982749939
0, 292, 8, 26, 16, 0.7452992796897888
0, 292, 423, 24, 20, 0.7418205738067627
0, 350, 379, 20, 19, 0.7400152683258057
0, 377, 361, 20, 20, 0.7237550020217896
0, 124, 147, 25, 21, 0.7185238599777222
0, 156, 32, 40, 36, 0.7079197764396667
0, 138, 163, 26, 23, 0.7039790749549866
0, 161, 85, 23, 20, 0.7014350891113281
0, 55, 392, 32, 35, 0.6996266841888428
0, 203, 99, 26, 22, 0.6959658861160278
0, 182, 291, 27, 21, 0.6944745182991028
0, 97, 78, 28, 22, 0.6903352737426758
0, 318, 368, 48, 45, 0.684129536151886
0, 50, 247, 20, 21, 0.670964241027832
0, 501, 118, 20, 21, 0.657294511795044
0, 454, 350, 19, 29, 0.6559147834777832
0, 299, 114, 26, 26, 0.6553888916969299
0, 271, 404, 27, 19, 0.6521614193916321
0, 362, 413, 41, 47, 0.6448119282722473
0, 444, 389, 26, 25, 0.64382004737854
0, 347, 262, 29, 33, 0.6289088726043701
0, 476, 280, 27, 21, 0.6260056495666504
0, 312, 293, 53, 80, 0.6209800243377686
0, 324, 239, 25, 20, 0.6121581792831421
0, 226, 81, 26, 23, 0.5893439650535583
0, 406, 175, 12, 12, 0.1724357306957245
0, 391, 73, 29, 21, 0.5249322652816772
0, 289, 448, 27, 19, 0.5795454978942871
0, 92, 241, 22, 24, 0.19348649680614471
0, 17, 239, 24, 26, 0.20462435483932495
0, 19, 78, 25, 21, 0.4962313771247864
0, 141, 437, 26, 23, 0.3963684141635895
0, 501, 381, 19, 23, 0.49628323316574097
0, 107, 270, 29, 36, 0.31435418128967285
0, 246, 335, 31, 27, 0.4068398177623749
0, 111, 457, 20, 18, 0.4531278908252716
0, 101, 437, 22, 17, 0.3497820496559143
0, 363, 181, 28, 21, 0.2588854134082794
0, 8, 111, 16, 20, 0.3960026502609253
0, 148, 176, 13, 11, 0.18418118357658386
0, 476, 280, 27, 22, 0.17804482579231262
0, 428, 304, 17, 13, 0.22653140127658844
0, 17, 380, 28, 23, 0.16467341780662537
0, 27, 434, 25, 21, 0.42195403575897217
0, 19, 78, 25, 21, 0.4962313771247864
0, 155, 32, 37, 36, 0.3930557370185852
0, 201, 362, 16, 17, 0.1577441543340683
0, 219, 10, 24, 20, 0.5271294116973877
0, 258, 461, 20, 21, 0.24510349333286285
0, 71, 471, 21, 26, 0.48659422993659973
0, 28, 193, 26, 25, 0.3685762286186218
0, 392, 195, 20, 16, 0.28275384617067817
0, 284, 474, 19, 18, 0.5460317134857178
0, 19, 238, 28, 27, 0.2770084490408503
0, 98, 208, 26, 21, 0.28809247478017486
0, 86, 491, 19, 19, 0.3844906007349562
0, 59, 424, 26, 23, 0.408390174391674
0, 118, 15, 31, 29, 0.4374377429485321
0, 423, 199, 13, 12, 0.21909047514005742
0, 425, 38, 62, 76, 0.3371087489555223
0, 9, 7, 19, 13, 0.3785275722443745
0, 31, 356, 25, 23, 0.36282844402188635
0, 233, 448, 21, 19, 0.2956027837470233
0, 387, 20, 42, 40, 0.4050191841761617
0, 60, 390, 44, 41, 0.2635196360293216
0, 53, 490, 24, 27, 0.31494443302967734
0, 86, 491, 19, 19, 0.3844906007349562
0, 495, 29, 32, 48, 0.4134691770095623
0, 50, 247, 21, 22, 0.2510651127214696
0, 394, 17, 30, 35, 0.3754046559333801
0, 158, 309, 22, 25, 0.2293699830523369
0, 100, 502, 22, 18, 0.22313675008094602
0, 100, 502, 22, 18, 0.22313675008094602
0, 100, 502, 22, 18, 0.22313675008094602
0, 59, 424, 26, 23, 0.408390174391674
0, 495, 29, 32, 48, 0.4134691770095623
0, 59, 424, 26, 23, 0.408390174391674
0, 432, 334, 21, 20, 0.28209858431255874
0, 14, 500, 27, 22, 0.3540222337420731
0, 31, 356, 25, 23, 0.36282844402188635
0, 485, 151, 51, 37, 0.25582802079690947
0, 60, 125, 19, 21, 0.26529460248815273
0, 14, 500, 27, 22, 0.3540222337420731
0, 150, 411, 27, 30, 0.36363999745180986
0, 233, 448, 21, 19, 0.2956027837470233
0, 183, 214, 35, 43, 0.294194757938385
0, 86, 491, 19, 19, 0.3844906007349562
0, 231, 497, 22, 25, 0.29827643409187404
0, 461, 412, 25, 19, 0.2631201989901628
0, 461, 412, 25, 19, 0.2631201989901628
0, 454, 478, 54, 48, 0.2110014038246555
0, 366, 218, 10, 13, 0.2425404282488399
0, 485, 151, 51, 37, 0.25582802079690947
0, 159, 192, 26, 24, 0.2860749382603188
0, 484, 151, 52, 36, 0.2997570215046381
0, 53, 490, 24, 27, 0.31494443302967734
0, 179, 477, 26, 24, 0.403282962366825
0, 221, 361, 29, 25, 0.3746985542594201
0, 295, 27, 27, 21, 0.2638491631628078
0, 477, 205, 35, 24, 0.3225011748766551
0, 38, 324, 24, 22, 0.3428918302272836
0, 366, 218, 10, 13, 0.2425404282488399
0, 60, 125, 19, 21, 0.26529460248815273
0, 163, 158, 34, 45, 0.2414716856781516
0, 5, 29, 10, 27, 0.45736761480012156
0, 458, 236, 35, 29, 0.22560836301726955
0, 263, 286, 24, 23, 0.23671513954351592
0, 159, 192, 26, 24, 0.2860749382603188
0, 9, 7, 19, 13, 0.3785275722443745
0, 158, 309, 22, 25, 0.2293699830523369
0, 351, 103, 20, 20, 0.2539129704149665
0, 150, 411, 27, 30, 0.36363999745180986
0, 14, 500, 27, 22, 0.3540222337420731
0, 50, 247, 21, 22, 0.2510651127214696
0, 96, 241, 59, 54, 0.3496039094303227
0, 398, 81, 44, 37, 0.4320324656700014
0, 93, 355, 26, 19, 0.4655026516333362
0, 361, 320, 43, 38, 0.3372173410345656
0, 353, 271, 41, 51, 0.2334833676758532
0, 27, 81, 44, 35, 0.38722072830429455
0, 27, 81, 44, 35, 0.38722072830429455
0, 53, 490, 24, 27, 0.31494443302967734
0, 353, 271, 41, 51, 0.2334833676758532
0, 190, 275, 52, 30, 0.3132597636024993
0, 432, 334, 21, 20, 0.28209858431255874
0, 489, 254, 41, 30, 0.15720489596659531
0, 19, 238, 28, 27, 0.2770084490408503
0, 181, 73, 48, 35, 0.35206648201513113
0, 387, 20, 42, 40, 0.4050191841761617
0, 454, 478, 54, 48, 0.2110014038246555
0, 392, 195, 20, 16, 0.28275384617067817
0, 209, 20, 43, 41, 0.29471951557550313
0, 209, 20, 43, 41, 0.29471951557550313
0, 353, 271, 41, 51, 0.2334833676758532
0, 60, 390, 44, 41, 0.2635196360293216
0, 231, 497, 22, 25, 0.29827643409187404
0, 398, 81, 44, 37, 0.4320324656700014
0, 226, 219, 24, 22, 0.3702701739621902
0, 163, 158, 34, 45, 0.2414716856781516
0, 163, 158, 34, 45, 0.2414716856781516
0, 320, 80, 40, 53, 0.3820388981680886
0, 214, 361, 43, 32, 0.20503818684760378
0, 209, 20, 43, 41, 0.29471951557550313
0, 425, 38, 62, 76, 0.3371087489555223
0, 425, 38, 62, 76, 0.3371087489555223
0, 60, 390, 44, 41, 0.2635196360293216
0, 226, 219, 24, 22, 0.3702701739621902
0, 23, 393, 44, 48, 0.19032811985637982
0, 208, 184, 51, 42, 0.2587880693954775
0, 227, 350, 72, 58, 0.17500835289757183
