0 0.776911 0.133299 0.022274 0.023092
0 0.059605 0.688134 0.022671 0.022284
0 0.627665 0.594034 0.025295 0.024350
0 0.080956 0.482595 0.030529 0.023452
0 0.558962 0.580914 0.028227 0.029794
0 0.510517 0.533037 0.022110 0.029424
0 0.930615 0.069565 0.024353 0.020895
0 0.800680 0.189526 0.025363 0.021931
0 0.413652 0.128757 0.019360 0.023651
0 0.128421 0.554040 0.025302 0.025146
0 0.813951 0.227547 0.025001 0.023981
0 0.677148 0.567845 0.019840 0.021996
0 0.013335 0.647514 0.020424 0.022326
0 0.531539 0.552520 0.025712 0.024704
0 0.104097 0.453855 0.028562 0.024290
0 0.501709 0.770852 0.022755 0.025810
0 0.103418 0.597427 0.023652 0.025305
0 0.196899 0.683501 0.024072 0.022100
0 0.302431 0.070275 0.020132 0.023809
0 0.234995 0.160383 0.019050 0.020051
0 0.076352 0.632690 0.028161 0.024576
0 0.853822 0.430106 0.019592 0.020787
0 0.804413 0.438569 0.024057 0.022017
0 0.789633 0.220696 0.023566 0.020753
0 0.788017 0.356237 0.020903 0.019261
0 0.239169 0.841688 0.022449 0.022625
0 0.124724 0.329011 0.028119 0.027047
0 0.147588 0.518712 0.024270 0.028780
0 0.947887 0.258003 0.027573 0.023796
0 0.422226 0.744611 0.020354 0.023264
0 0.672721 0.671294 0.023051 0.020921
0 0.137895 0.489395 0.024963 0.023494
0 0.513827 0.117089 0.028391 0.024634
0 0.628454 0.497026 0.023037 0.021159
0 0.603665 0.009888 0.024247 0.019113
0 0.420242 0.251270 0.021735 0.021186
0 0.737178 0.265029 0.022686 0.021833
0 0.109933 0.152004 0.018816 0.020535
0 0.931560 0.279115 0.020244 0.018916
0 0.034154 0.685402 0.018764 0.020605
0 0.312633 0.137893 0.021406 0.021050
0 0.928624 0.008248 0.019195 0.016375
0 0.842825 0.453185 0.023627 0.018845
0 0.566701 0.604430 0.021460 0.022339
0 0.418429 0.194852 0.022473 0.020954
0 0.530447 0.575910 0.021671 0.018013
