0, 472, 258, 36, 37, 0.8605552315711975
0, 423, 153, 27, 29, 0.8557621836662292
0, 54, 196, 23, 22, 0.83548903465271
0, 414, 212, 25, 28, 0.8322827816009521
0, 303, 70, 28, 23, 0.8122062087059021
0, 324, 374, 30, 32, 0.7891745567321777
0, 393, 166, 36, 30, 0.7838974595069885
0, 193, 260, 49, 24, 0.7837352752685547
0, 107, 81, 16, 21, 0.7830207943916321
0, 115, 45, 24, 19, 0.7735068202018738
0, 469, 49, 15, 17, 0.7661841511726379
0, 272, 242, 25, 44, 0.7619602680206299
0, 29, 48, 15, 22, 0.7617323994636536
0, 422, 374, 20, 21, 0.7606222033500671
0, 178, 109, 18, 19, 0.7560845017433167
0, 404, 39, 14, 19, 0.7551916837692261
0, 356, 358, 18, 16, 0.7544810175895691
0, 267, 385, 31, 20, 0.7528259754180908
0, 181, 143, 26, 26, 0.7460047006607056
0, 457, 158, 34, 25, 0.7459594011306763
0, 442, 191, 20, 30, 0.7418525218963623
0, 481, 399, 22, 26, 0.7293041348457336
0, 91, 95, 15, 16, 0.7279687523841858
0, 14, 105, 28, 19, 0.7184890508651733
0, 81, 74, 21, 29, 0.7166842222213745
0, 155, 150, 16, 19, 0.7095838189125061
0, 161, 295, 26, 23, 0.7085989713668823
0, 79, 126, 25, 16, 0.705504298210144
0, 152, 13, 25, 21, 0.7018009424209595
0, 471, 223, 34, 29, 0.7007749676704407
0, 74, 143, 42, 18, 0.6978277564048767
0, 350, 25, 16, 21, 0.681744396686554
0, 84, 182, 18, 14, 0.6817097663879395
0, 455, 454, 31, 25, 0.6814819574356079
0, 46, 126, 13, 14, 0.6758297085762024
0, 478, 190, 24, 30, 0.6737280488014221
0, 268, 46, 34, 22, 0.6714162230491638
0, 369, 133, 28, 39, 0.6669348478317261
0, 87, 163, 35, 17, 0.6628261208534241
0, 498, 300, 27, 26, 0.6616149544715881
0, 457, 279, 29, 34, 0.6568741202354431
0, 8, 86, 16, 18, 0.6567999124526978
0, 432, 401, 17, 14, 0.63608717918396
0, 404, 76, 34, 21, 0.6233263611793518
0, 507, 400, 8, 18, 0.6198683381080627
0, 466, 381, 29, 26, 0.6151147484779358
0, 497, 508, 26, 7, 0.6097557544708252
0, 152, 374, 25, 17, 0.6054513454437256
0, 56, 50, 27, 23, 0.6000393033027649
0, 335, 304, 37, 35, 0.5860408544540405
0, 149, 487, 18, 24, 0.5774655938148499
0, 15, 38, 20, 20, 0.5767335891723633
0, 415, 414, 32, 32, 0.5637614727020264
0, 149, 78, 13, 11, 0.556421160697937
0, 198, 506, 28, 10, 0.5507631897926331
0, 65, 27, 19, 14, 0.5431431531906128
0, 12, 506, 23, 9, 0.5284585356712341
0, 445, 390, 12, 13, 0.5256885290145874
0, 84, 438, 26, 22, 0.511544942855835
0, 427, 474, 12, 20, 0.40573301911354065
0, 287, 359, 17, 17, 0.40276098251342773
0, 397, 130, 39, 35, 0.49573132395744324
0, 280, 499, 27, 23, 0.47760486602783203
0, 93, 80, 13, 15, 0.3416734039783478
0, 234, 130, 25, 40, 0.47635307908058167
0, 380, 421, 14, 15, 0.31889608502388
0, 101, 500, 10, 9, 0.4321362376213074
0, 101, 500, 10, 9, 0.4321362376213074
0, 434, 490, 23, 23, 0.3451211154460907
0, 101, 500, 10, 9, 0.4321362376213074
