0, 123, 262, 43, 31, 0.8539130091667175
0, 77, 53, 28, 28, 0.8443876504898071
0, 326, 462, 31, 37, 0.8409847617149353
0, 338, 33, 28, 27, 0.8383166193962097
0, 436, 231, 40, 39, 0.836789608001709
0, 464, 57, 32, 26, 0.8356477618217468
0, 260, 37, 28, 28, 0.8336365818977356
0, 292, 53, 28, 27, 0.8310325741767883
0, 220, 76, 35, 33, 0.830727219581604
0, 365, 422, 39, 40, 0.8306126594543457
0, 361, 375, 38, 40, 0.8304365277290344
0, 417, 421, 35, 36, 0.8287826180458069
0, 270, 161, 30, 36, 0.8284059762954712
0, 432, 268, 31, 35, 0.8275721073150635
0, 451, 174, 40, 44, 0.8244238495826721
0, 235, 39, 23, 30, 0.8200674057006836
0, 411, 82, 36, 28, 0.8181803822517395
0, 75, 418, 23, 35, 0.8179288506507874
0, 60, 24, 30, 29, 0.8148106932640076
0, 288, 136, 33, 37, 0.8074672818183899
0, 392, 269, 33, 30, 0.8059009313583374
0, 380, 185, 32, 25, 0.8044156432151794
0, 259, 82, 32, 37, 0.803725004196167
0, 486, 306, 33, 33, 0.8033609390258789
0, 184, 464, 29, 29, 0.8029294013977051
0, 35, 485, 23, 29, 0.8019499182701111
0, 344, 182, 25, 28, 0.8018615245819092
0, 264, 313, 28, 36, 0.8011540770530701
0, 21, 42, 37, 24, 0.7977418303489685
0, 97, 71, 31, 28, 0.7968841195106506
0, 273, 395, 20, 33, 0.7943882346153259
0, 215, 252, 28, 41, 0.7936025857925415
0, 412, 173, 27, 33, 0.7927756309509277
0, 351, 308, 35, 37, 0.7902269959449768
0, 88, 447, 25, 27, 0.7897171974182129
0, 485, 85, 28, 27, 0.7882363796234131
0, 193, 495, 32, 32, 0.7865985631942749
0, 274, 273, 26, 30, 0.7859208583831787
0, 66, 484, 21, 32, 0.7851361036300659
0, 347, 234, 33, 32, 0.7850657105445862
0, 244, 203, 30, 32, 0.7831621766090393
0, 487, 503, 30, 17, 0.778637170791626
0, 160, 35, 32, 33, 0.7759386301040649
0, 449, 489, 31, 34, 0.7745649814605713
0, 10, 215, 20, 30, 0.7737317085266113
0, 314, 180, 30, 37, 0.7706966996192932
0, 243, 138, 38, 29, 0.7670482397079468
0, 400, 390, 28, 30, 0.7662355303764343
0, 258, 247, 29, 33, 0.7624068260192871
0, 496, 219, 31, 36, 0.759974479675293
0, 469, 223, 30, 37, 0.7517315745353699
0, 133, 419, 27, 25, 0.7503266930580139
0, 369, 472, 39, 37, 0.7468942403793335
0, 235, 415, 30, 32, 0.744359016418457
0, 195, 166, 27, 29, 0.7387984991073608
0, 195, 315, 28, 28, 0.7377116084098816
0, 490, 430, 32, 38, 0.7324295043945312
0, 192, 114, 37, 40, 0.7301915287971497
0, 489, 5, 27, 10, 0.7274023294448853
0, 89, 497, 21, 27, 0.7168866991996765
0, 17, 241, 35, 23, 0.7132517695426941
0, 373, 34, 21, 22, 0.7071725726127625
0, 448, 315, 34, 33, 0.7010847926139832
0, 235, 297, 40, 27, 0.6989119648933411
0, 125, 69, 25, 30, 0.6988520622253418
0, 5, 466, 11, 33, 0.6934998035430908
0, 121, 503, 15, 16, 0.6926536560058594
0, 44, 394, 37, 29, 0.6880933046340942
0, 155, 413, 20, 30, 0.6862761974334717
0, 392, 333, 30, 36, 0.6840524673461914
0, 20, 459, 19, 28, 0.6822119951248169
0, 324, 328, 21, 36, 0.6716464757919312
0, 404, 12, 28, 25, 0.6679477691650391
0, 374, 140, 29, 36, 0.663145899772644
0, 28, 6, 40, 13, 0.6579930782318115
0, 341, 390, 23, 36, 0.6516212224960327
0, 256, 112, 28, 26, 0.64914470911026
0, 98, 36, 28, 33, 0.6456207036972046
0, 103, 183, 35, 18, 0.6429574489593506
0, 136, 87, 34, 35, 0.6401865482330322
0, 166, 86, 25, 48, 0.6342846751213074
0, 169, 312, 21, 25, 0.6330388784408569
0, 290, 197, 25, 27, 0.6330116987228394
0, 115, 445, 24, 20, 0.6309562921524048
0, 189, 346, 19, 26, 0.623896062374115
0, 238, 464, 28, 30, 0.6191981434822083
0, 188, 4, 31, 9, 0.618911623954773
0, 186, 372, 27, 24, 0.6155216097831726
0, 450, 352, 28, 29, 0.6137805581092834
0, 302, 295, 23, 14, 0.6062370538711548
0, 506, 142, 10, 30, 0.589745819568634
0, 505, 324, 11, 14, 0.5810823440551758
0, 25, 418, 17, 19, 0.5677805542945862
0, 461, 279, 26, 32, 0.5342876315116882
0, 37, 182, 32, 14, 0.5128595232963562
0, 313, 313, 14, 13, 0.5122812390327454
0, 27, 272, 20, 27, 0.5096737146377563
0, 312, 391, 20, 26, 0.5033062696456909
0, 116, 8, 17, 16, 0.472478449344635
0, 320, 60, 20, 18, 0.3901563584804535
0, 389, 153, 21, 20, 0.3840716779232025
0, 212, 338, 19, 21, 0.44375595450401306
0, 181, 214, 22, 15, 0.40931084752082825
0, 35, 447, 25, 24, 0.4730603098869324
0, 468, 393, 15, 17, 0.3030993640422821
0, 132, 241, 40, 25, 0.4510706663131714
0, 235, 262, 23, 32, 0.4452614486217499
0, 235, 262, 23, 32, 0.4452614486217499
0, 235, 262, 23, 32, 0.4452614486217499
0, 152, 370, 29, 31, 0.4561445116996765
0, 70, 298, 31, 27, 0.41379669308662415
0, 70, 298, 31, 27, 0.41379669308662415
0, 328, 208, 31, 25, 0.3433600664138794
0, 189, 40, 27, 44, 0.40899163484573364
0, 313, 9, 26, 19, 0.34492433071136475
0, 70, 298, 31, 27, 0.41379669308662415
0, 313, 9, 26, 19, 0.34492433071136475
0, 328, 208, 31, 25, 0.3433600664138794
0, 70, 298, 31, 27, 0.41379669308662415
0, 328, 208, 31, 25, 0.3433600664138794
0, 328, 208, 31, 25, 0.3433600664138794
0, 328, 208, 31, 25, 0.3433600664138794
0, 436, 21, 21, 20, 0.4186441898345947
0, 502, 192, 18, 36, 0.4601777493953705
0, 189, 40, 27, 44, 0.40899163484573364
0, 436, 21, 21, 20, 0.4186441898345947
0, 189, 40, 27, 44, 0.40899163484573364
0, 313, 9, 26, 19, 0.34492433071136475
0, 502, 192, 18, 36, 0.4601777493953705
0, 313, 9, 26, 19, 0.34492433071136475
0, 436, 21, 21, 20, 0.4186441898345947
0, 436, 21, 21, 20, 0.4186441898345947
0, 313, 9, 26, 19, 0.34492433071136475
0, 313, 9, 26, 19, 0.34492433071136475
