0 0.159746 0.256622 0.017905 0.026804
0 0.443148 0.443275 0.009089 0.012251
0 0.443186 0.443039 0.009667 0.012213
0 0.290722 0.281379 0.027395 0.061327
0 0.625112 0.626877 0.014631 0.012665
0 0.448778 0.414410 0.006831 0.017417
0 0.629411 0.606361 0.010819 0.018720
0 0.449062 0.414364 0.008238 0.018637
0 0.624695 0.626849 0.013560 0.012146
0 0.234614 0.266930 0.016367 0.036585
0 0.291155 0.286647 0.020995 0.048388
0 0.201979 0.222838 0.012183 0.017330
0 0.690887 0.649705 0.012482 0.026563
0 0.705854 0.685312 0.011598 0.018433
0 0.220848 0.232564 0.013555 0.026098
0 0.693355 0.646807 0.010979 0.026239
0 0.297622 0.280904 0.041529 0.065650
0 0.546560 0.505558 0.010198 0.028264
0 0.289826 0.281660 0.019263 0.049823
0 0.705794 0.685633 0.011213 0.017829
0 0.158623 0.255679 0.016019 0.027835
0 0.444609 0.388209 0.009342 0.015632
0 0.444580 0.388193 0.009379 0.015397
0 0.642641 0.580375 0.014553 0.027429
0 0.417124 0.387446 0.013361 0.023663
0 0.615899 0.583052 0.009099 0.015638
0 0.593160 0.596177 0.012071 0.031199
0 0.611857 0.601502 0.011331 0.019667
0 0.618154 0.560226 0.007206 0.015382
0 0.596015 0.600276 0.009465 0.020918
0 0.556719 0.575417 0.022312 0.031670
0 0.613110 0.592881 0.010687 0.037475
0 0.159993 0.257663 0.013962 0.023469
0 0.609462 0.601843 0.010245 0.017960
0 0.416326 0.388310 0.013318 0.021733
0 0.404865 0.353654 0.018938 0.033667
0 0.604331 0.541392 0.016237 0.018534
0 0.199351 0.224239 0.012534 0.018827
0 0.627724 0.611613 0.016602 0.035219
0 0.628862 0.614201 0.024781 0.040033
0 0.629526 0.607722 0.014563 0.029585
0 0.220750 0.234047 0.012735 0.025034
0 0.222732 0.229740 0.015539 0.033274
0 0.642351 0.582707 0.014782 0.030968
0 0.603669 0.540748 0.016256 0.023065
0 0.202909 0.262969 0.017907 0.042678
0 0.448979 0.414105 0.008090 0.021535
0 0.625199 0.591970 0.033541 0.053620
0 0.618327 0.561889 0.008451 0.022173
0 0.546894 0.506260 0.011292 0.027224
0 0.158641 0.258796 0.012475 0.021339
0 0.546834 0.506414 0.012070 0.029822
0 0.645368 0.581797 0.017364 0.037137
