0, 136, 492, 58, 54, 0.43986669182777405
0, 135, 488, 49, 40, 0.43792274594306946
0, 713, 590, 75, 68, 0.4221378266811371
0, 170, 464, 20, 17, 0.4168323576450348
0, 153, 403, 26, 32, 0.4143761694431305
0, 175, 437, 28, 31, 0.40555790066719055
0, 169, 463, 20, 18, 0.39368298649787903
0, 163, 441, 54, 38, 0.38731566071510315
0, 488, 664, 37, 56, 0.38243159651756287
0, 136, 492, 44, 46, 0.36981305480003357
0, 161, 444, 55, 46, 0.3682604730129242
0, 170, 464, 22, 21, 0.3536822199821472
0, 749, 530, 54, 39, 0.33451375365257263
0, 124, 526, 30, 43, 0.32567837834358215
0, 488, 668, 39, 68, 0.3245508670806885
0, 178, 402, 12, 16, 0.3168710470199585
0, 132, 524, 46, 52, 0.31583282351493835
0, 167, 463, 18, 20, 0.30576401948928833
0, 159, 399, 35, 34, 0.3001747727394104
0, 523, 600, 51, 75, 0.29498910903930664
0, 137, 512, 15, 16, 0.2902882993221283
0, 125, 485, 32, 35, 0.283988893032074
0, 751, 531, 58, 43, 0.27905794978141785
0, 174, 433, 22, 22, 0.2748505175113678
0, 169, 494, 19, 21, 0.25501370429992676
