0 0.214292 0.766204 0.046073 0.060440
0 0.105675 0.688542 0.047215 0.052192
0 0.104569 0.686825 0.041163 0.050041
0 0.371341 0.665399 0.032208 0.034117
0 0.758078 0.828293 0.008895 0.015056
0 0.105735 0.680358 0.034754 0.034677
0 0.628139 0.879864 0.032913 0.037811
0 0.632935 0.878020 0.056844 0.045931
0 0.169783 0.480617 0.032414 0.024974
0 0.340924 0.665008 0.020549 0.025507
0 0.302339 0.188717 0.017474 0.019128
0 0.645713 0.875097 0.073395 0.052106
0 0.152839 0.330157 0.031262 0.026004
0 0.781653 0.791380 0.079098 0.062254
0 0.661046 0.879423 0.028098 0.036641
0 0.674229 0.851113 0.024528 0.015364
0 0.341692 0.663454 0.017245 0.021621
0 0.290166 0.143926 0.009128 0.016883
0 0.364918 0.665473 0.050645 0.044281
0 0.372383 0.663043 0.028277 0.028684
0 0.145047 0.334288 0.016829 0.015996
0 0.758635 0.797936 0.031370 0.035354
0 0.180778 0.528767 0.018983 0.020143
0 0.070808 0.627142 0.019614 0.024581
