0 0.536273 0.720800 0.050476 0.081324
0 0.555864 0.264756 0.031492 0.041638
0 0.639511 0.654879 0.050430 0.080746
0 0.532023 0.301094 0.038493 0.054509
0 0.165628 0.748779 0.032638 0.045943
0 0.555698 0.264768 0.031964 0.042322
0 0.487086 0.327262 0.026081 0.043787
0 0.165669 0.748778 0.033660 0.047277
0 0.487097 0.327321 0.026049 0.043915
0 0.487014 0.327315 0.025899 0.043945
0 0.659260 0.236617 0.035151 0.071590
0 0.193934 0.794811 0.024496 0.038686
0 0.096486 0.981361 0.032779 0.035454
0 0.067361 0.831168 0.049710 0.054934
0 0.233672 0.355977 0.030720 0.048125
0 0.763542 0.670173 0.065060 0.094622
0 0.055504 0.829577 0.023558 0.053795
0 0.148219 0.792544 0.031293 0.036008
0 0.233552 0.356443 0.031948 0.050913
0 0.149648 0.792877 0.031335 0.036548
0 0.248674 0.784080 0.024064 0.031000
0 0.622910 0.269523 0.020074 0.032060
0 0.629788 0.738699 0.031676 0.028770
0 0.617444 0.214891 0.010700 0.019335
0 0.079131 0.833465 0.025859 0.045129
0 0.229361 0.741238 0.040319 0.069488
0 0.723603 0.646333 0.023192 0.036404
0 0.129330 0.815322 0.027612 0.034618
0 0.732475 0.707569 0.016278 0.032104
0 0.249405 0.783560 0.027628 0.034357
0 0.268840 0.796679 0.014747 0.024664
0 0.532040 0.301250 0.038465 0.053376
0 0.228408 0.747900 0.032211 0.050543
0 0.621041 0.238447 0.015862 0.019142
0 0.065608 0.939820 0.020981 0.030713
0 0.262551 0.317121 0.029992 0.063695
0 0.620434 0.260324 0.026701 0.057840
0 0.622919 0.258891 0.021718 0.053302
