0, 486, 875, 74, 74, 0.5704203844070435
0, 513, 445, 71, 60, 0.43588632345199585
0, 452, 927, 54, 44, 0.43472445011138916
0, 490, 337, 48, 49, 0.4209628403186798
0, 499, 832, 41, 39, 0.4189726412296295
0, 498, 832, 40, 35, 0.4132949113845825
0, 429, 1002, 32, 26, 0.39468634128570557
0, 475, 380, 91, 86, 0.3593290150165558
0, 515, 441, 64, 48, 0.3565175235271454
0, 347, 233, 38, 67, 0.3245446979999542
0, 515, 438, 61, 39, 0.32400038838386536
0, 486, 883, 72, 61, 0.31839022040367126
0, 497, 832, 39, 35, 0.31188908219337463
0, 513, 438, 60, 44, 0.3098140060901642
0, 538, 674, 79, 100, 0.3030744791030884
0, 479, 976, 54, 47, 0.29778870940208435
0, 538, 665, 85, 133, 0.2865314185619354
0, 516, 441, 61, 45, 0.283029168844223
0, 500, 345, 32, 30, 0.27603039145469666
0, 454, 930, 50, 38, 0.2720620632171631
0, 256, 156, 35, 47, 0.26807495951652527
0, 476, 975, 65, 55, 0.266887903213501
0, 463, 363, 22, 20, 0.26366621255874634
0, 496, 863, 66, 93, 0.2635096311569214
0, 558, 641, 28, 31, 0.2618260383605957
0, 494, 396, 57, 57, 0.26044800877571106
0, 453, 335, 54, 41, 0.25483083724975586
0, 498, 341, 35, 41, 0.25362610816955566
0, 432, 346, 172, 114, 0.25219032168388367
