0, 178, 374, 35, 74, 0.7531147599220276
0, 257, 512, 14, 41, 0.6401717662811279
0, 235, 440, 7, 16, 0.6313691735267639
0, 150, 681, 12, 46, 0.6204727292060852
0, 232, 417, 8, 14, 0.6203266382217407
0, 228, 611, 16, 43, 0.6148574352264404
0, 225, 609, 24, 49, 0.6143839359283447
0, 216, 662, 42, 35, 0.6119107007980347
0, 150, 429, 9, 14, 0.5836478471755981
0, 252, 208, 10, 18, 0.5800254940986633
0, 171, 474, 15, 22, 0.571409285068512
0, 197, 428, 18, 18, 0.564657986164093
0, 158, 973, 62, 71, 0.5621389150619507
0, 146, 272, 7, 17, 0.5523349642753601
0, 213, 562, 7, 12, 0.5501055717468262
0, 166, 717, 16, 20, 0.5485513210296631
0, 220, 175, 11, 12, 0.5434525609016418
0, 232, 359, 14, 16, 0.5368855595588684
0, 198, 139, 8, 13, 0.5096813440322876
0, 183, 441, 11, 16, 0.4899272620677948
0, 123, 863, 12, 23, 0.48615631461143494
0, 200, 986, 16, 27, 0.4830736219882965
0, 157, 411, 10, 13, 0.46854168176651
0, 262, 217, 32, 40, 0.4459538757801056
0, 176, 954, 18, 27, 0.4331316649913788
0, 150, 790, 30, 46, 0.43133240938186646
0, 216, 150, 18, 18, 0.385141521692276
0, 164, 667, 7, 21, 0.30889272689819336
0, 232, 359, 14, 15, 0.2966158092021942
0, 150, 428, 8, 16, 0.2882542610168457
0, 235, 439, 8, 17, 0.2874703109264374
0, 232, 417, 9, 16, 0.2748623490333557
0, 150, 429, 8, 10, 0.27003777027130127
0, 172, 475, 16, 26, 0.25517481565475464
0, 172, 474, 15, 22, 0.25496917963027954
0, 117, 353, 8, 10, 0.2533259093761444
0, 129, 888, 11, 17, 0.2525257468223572
0, 158, 411, 11, 13, 0.24727417528629303
0, 252, 208, 12, 23, 0.24607406556606293
0, 164, 966, 92, 124, 0.24212700128555298
0, 171, 473, 14, 19, 0.24159465730190277
0, 259, 263, 44, 51, 0.23571382462978363
0, 233, 359, 13, 14, 0.2339698225259781
0, 258, 512, 15, 42, 0.2338324636220932
0, 220, 175, 12, 13, 0.23291200399398804
0, 232, 360, 16, 19, 0.23176400363445282
0, 214, 562, 9, 13, 0.2279016673564911
0, 119, 293, 19, 15, 0.22638413310050964
0, 262, 215, 33, 36, 0.22496826946735382
0, 152, 968, 83, 97, 0.2249043583869934
0, 257, 508, 13, 33, 0.22273054718971252
0, 119, 877, 31, 57, 0.22178007662296295
0, 158, 411, 11, 21, 0.21961753070354462
0, 184, 440, 12, 17, 0.2159043550491333
0, 196, 429, 24, 25, 0.21552373468875885
0, 220, 174, 13, 11, 0.21414312720298767
0, 220, 174, 11, 10, 0.21066276729106903
0, 228, 613, 18, 42, 0.2086116075515747
0, 196, 428, 17, 20, 0.208350270986557
0, 263, 223, 35, 33, 0.20564806461334229
0, 232, 361, 18, 22, 0.20329399406909943
0, 160, 947, 100, 145, 0.2030378133058548
0, 286, 241, 11, 12, 0.2029642015695572
0, 196, 427, 17, 16, 0.20198912918567657
0, 234, 434, 10, 30, 0.2002965807914734
0, 192, 602, 12, 17, 0.1991214007139206
0, 192, 907, 16, 41, 0.19869717955589294
0, 170, 472, 11, 21, 0.1979769915342331
0, 161, 941, 101, 178, 0.19793225824832916
0, 201, 986, 18, 29, 0.19789157807826996
0, 221, 660, 32, 27, 0.1977701038122177
0, 218, 150, 15, 12, 0.1943521350622177
0, 164, 668, 7, 20, 0.1919718235731125
0, 167, 719, 19, 32, 0.18968021869659424
0, 139, 312, 11, 13, 0.18844665586948395
0, 199, 477, 23, 36, 0.1873209923505783
0, 201, 486, 20, 18, 0.18722178041934967
0, 130, 888, 10, 20, 0.18595221638679504
0, 185, 752, 11, 13, 0.18532460927963257
0, 166, 716, 15, 17, 0.1848217397928238
0, 151, 681, 13, 46, 0.18328256905078888
0, 286, 240, 11, 12, 0.18327230215072632
0, 174, 542, 18, 13, 0.18265613913536072
0, 109, 316, 16, 22, 0.18231646716594696
0, 252, 268, 29, 42, 0.1803591549396515
0, 176, 955, 19, 23, 0.1801610141992569
0, 222, 658, 28, 24, 0.17968447506427765
0, 147, 273, 8, 19, 0.17959566414356232
0, 117, 352, 7, 10, 0.17921139299869537
0, 154, 420, 17, 28, 0.1790388822555542
0, 201, 486, 19, 17, 0.1786002814769745
0, 164, 668, 8, 22, 0.17849166691303253
0, 214, 562, 10, 16, 0.1783047616481781
0, 185, 752, 12, 15, 0.17797137796878815
0, 182, 1009, 25, 30, 0.1773403137922287
0, 147, 273, 8, 20, 0.17681734263896942
0, 234, 433, 11, 31, 0.17545755207538605
0, 201, 988, 17, 27, 0.1720433533191681
0, 254, 258, 25, 32, 0.17064647376537323
0, 258, 503, 12, 22, 0.17011581361293793
0, 268, 228, 18, 20, 0.16987036168575287
0, 268, 376, 9, 10, 0.16846437752246857
0, 223, 710, 7, 20, 0.1661473661661148
0, 252, 264, 28, 32, 0.165896475315094
0, 151, 794, 30, 37, 0.16556185483932495
0, 219, 150, 18, 13, 0.16413182020187378
0, 198, 144, 6, 7, 0.16360662877559662
0, 218, 124, 5, 10, 0.16353748738765717
0, 201, 989, 16, 27, 0.1628843992948532
0, 182, 1007, 25, 21, 0.16215352714061737
0, 152, 424, 14, 24, 0.16135168075561523
0, 153, 424, 16, 29, 0.16006362438201904
0, 158, 988, 70, 57, 0.15944281220436096
0, 151, 789, 30, 41, 0.15943793952465057
0, 271, 229, 10, 14, 0.15943677723407745
0, 253, 264, 26, 30, 0.15807153284549713
0, 174, 541, 20, 21, 0.15803037583827972
0, 269, 376, 10, 12, 0.15675608813762665
0, 223, 709, 8, 19, 0.15658968687057495
0, 150, 801, 29, 23, 0.156578928232193
0, 269, 376, 10, 11, 0.155815988779068
0, 269, 376, 10, 11, 0.15562120079994202
0, 150, 681, 12, 41, 0.1548861265182495
0, 120, 292, 20, 14, 0.15457580983638763
0, 241, 582, 19, 19, 0.15359555184841156
0, 216, 144, 18, 19, 0.15254895389080048
0, 223, 709, 8, 18, 0.1524956226348877
0, 185, 753, 13, 20, 0.15182407200336456
0, 166, 943, 40, 39, 0.15154919028282166
0, 219, 175, 8, 10, 0.14946889877319336
0, 171, 717, 30, 32, 0.14926747977733612
0, 158, 776, 13, 21, 0.14875751733779907
0, 158, 776, 13, 23, 0.14850914478302002
0, 120, 293, 22, 25, 0.1483035534620285
0, 192, 605, 13, 27, 0.14646542072296143
0, 233, 423, 11, 28, 0.14550913870334625
0, 192, 600, 11, 16, 0.14510083198547363
0, 258, 500, 9, 18, 0.14324761927127838
0, 241, 582, 20, 21, 0.1410195231437683
0, 174, 541, 18, 13, 0.14004337787628174
0, 246, 185, 13, 13, 0.13887344300746918
0, 229, 602, 14, 25, 0.13823363184928894
0, 267, 233, 21, 24, 0.13797825574874878
0, 257, 253, 24, 32, 0.13684125244617462
0, 149, 802, 27, 19, 0.13496439158916473
0, 240, 583, 21, 21, 0.13328123092651367
0, 279, 253, 10, 14, 0.13260842859745026
0, 215, 599, 10, 16, 0.13237833976745605
0, 228, 520, 10, 9, 0.1309867948293686
0, 165, 926, 40, 33, 0.13057027757167816
0, 111, 907, 12, 18, 0.1299165040254593
0, 118, 870, 27, 40, 0.12924037873744965
0, 228, 520, 11, 10, 0.1279512494802475
0, 110, 315, 18, 24, 0.12778665125370026
0, 228, 619, 14, 29, 0.127773717045784
0, 220, 248, 11, 10, 0.12752845883369446
0, 252, 258, 21, 19, 0.12689651548862457
0, 185, 206, 7, 13, 0.1265696883201599
0, 117, 870, 26, 37, 0.12624792754650116
0, 217, 662, 28, 25, 0.12582479417324066
0, 166, 952, 40, 39, 0.12579378485679626
0, 185, 206, 8, 14, 0.1255493313074112
0, 146, 168, 17, 11, 0.12539558112621307
0, 228, 520, 11, 10, 0.12490452826023102
0, 174, 478, 9, 11, 0.12463173270225525
0, 179, 1007, 16, 17, 0.12257120013237
0, 247, 185, 15, 15, 0.12248969823122025
0, 227, 597, 19, 35, 0.12240877747535706
0, 158, 829, 9, 14, 0.12115409970283508
0, 164, 979, 51, 51, 0.12029324471950531
0, 112, 905, 13, 19, 0.12002092599868774
0, 150, 980, 39, 51, 0.11992980539798737
0, 263, 254, 31, 35, 0.11982033401727676
0, 160, 404, 14, 23, 0.11838240921497345
0, 116, 958, 23, 25, 0.11823520064353943
0, 145, 169, 20, 12, 0.11764514446258545
0, 220, 248, 11, 13, 0.11749953031539917
0, 258, 598, 8, 13, 0.11714128404855728
0, 120, 890, 32, 31, 0.11632538586854935
0, 158, 830, 12, 15, 0.11629078537225723
0, 159, 830, 10, 13, 0.11546280980110168
0, 193, 137, 20, 16, 0.11479799449443817
0, 232, 489, 7, 10, 0.11380431801080704
0, 258, 598, 8, 10, 0.11308141052722931
0, 117, 956, 19, 24, 0.11288464814424515
0, 177, 355, 30, 25, 0.1117197647690773
0, 201, 558, 6, 11, 0.11106278002262115
0, 201, 559, 6, 12, 0.11063140630722046
0, 159, 980, 46, 53, 0.11038826406002045
0, 190, 731, 7, 12, 0.11022176593542099
0, 185, 975, 47, 72, 0.11014745384454727
0, 150, 977, 35, 49, 0.10982020944356918
0, 232, 489, 8, 12, 0.1089809238910675
0, 191, 908, 26, 43, 0.10852673649787903
0, 259, 598, 11, 18, 0.10767947137355804
0, 280, 250, 11, 15, 0.10729505121707916
0, 155, 931, 21, 43, 0.10633927583694458
0, 183, 999, 54, 60, 0.10618361085653305
0, 146, 802, 20, 24, 0.10575997829437256
0, 252, 283, 27, 25, 0.10557965934276581
0, 156, 937, 19, 34, 0.10538506507873535
0, 150, 669, 9, 23, 0.10522180050611496
0, 124, 875, 22, 47, 0.1039566695690155
0, 171, 1005, 56, 41, 0.10369259119033813
0, 177, 371, 35, 59, 0.10220127552747726
0, 218, 158, 18, 30, 0.10129347443580627
0, 160, 937, 29, 42, 0.10103258490562439
0, 219, 582, 7, 16, 0.0990886315703392
0, 145, 802, 18, 18, 0.09862072020769119
0, 219, 581, 7, 15, 0.09849292784929276
0, 152, 828, 21, 15, 0.09823961555957794
0, 229, 658, 12, 14, 0.09820277243852615
0, 253, 284, 25, 21, 0.09815217554569244
0, 189, 619, 7, 11, 0.09794897586107254
0, 168, 983, 51, 32, 0.09779463708400726
0, 114, 965, 25, 42, 0.09650379419326782
0, 182, 786, 13, 17, 0.0962039902806282
0, 250, 197, 11, 20, 0.09603821486234665
0, 169, 772, 70, 71, 0.0960237979888916
0, 165, 969, 41, 43, 0.09562341868877411
0, 125, 885, 42, 45, 0.09557722508907318
0, 178, 353, 27, 27, 0.09529408067464828
0, 113, 878, 15, 24, 0.09496742486953735
0, 152, 826, 22, 21, 0.0944925919175148
0, 182, 781, 13, 17, 0.09449157118797302
0, 228, 670, 20, 14, 0.09385655075311661
0, 236, 585, 7, 11, 0.09339454770088196
0, 114, 872, 21, 41, 0.09181338548660278
0, 167, 403, 26, 22, 0.09152349084615707
0, 116, 969, 27, 53, 0.09150879830121994
0, 246, 583, 9, 15, 0.09123949706554413
0, 188, 653, 16, 18, 0.09056568145751953
0, 182, 185, 5, 8, 0.0893600583076477
0, 114, 954, 17, 18, 0.0893048346042633
0, 264, 382, 20, 26, 0.08853454142808914
0, 170, 834, 60, 52, 0.08769967406988144
0, 189, 1023, 11, 14, 0.08680174499750137
0, 160, 803, 7, 9, 0.08674798905849457
0, 226, 670, 13, 12, 0.08626870065927505
0, 116, 308, 30, 45, 0.08435996621847153
0, 255, 531, 12, 16, 0.08372827619314194
0, 188, 654, 17, 23, 0.08259601145982742
0, 169, 403, 23, 19, 0.08203404396772385
0, 248, 192, 15, 26, 0.08196990191936493
0, 173, 617, 9, 17, 0.08113088458776474
0, 185, 381, 51, 64, 0.08078083395957947
0, 149, 862, 9, 15, 0.0806131586432457
0, 145, 172, 21, 23, 0.08017128705978394
0, 262, 394, 8, 9, 0.0798901692032814
0, 147, 982, 31, 43, 0.07854300737380981
0, 252, 144, 11, 9, 0.0782242864370346
0, 252, 147, 13, 14, 0.07745774835348129
0, 179, 783, 26, 29, 0.07668547332286835
0, 262, 382, 19, 22, 0.07641283422708511
0, 194, 462, 15, 15, 0.07633104920387268
0, 198, 469, 22, 24, 0.0756460651755333
0, 154, 983, 29, 40, 0.07465419173240662
0, 167, 626, 9, 17, 0.07331565767526627
0, 178, 522, 11, 14, 0.07273165881633759
0, 227, 391, 11, 11, 0.07204902172088623
0, 197, 472, 20, 28, 0.07200989872217178
0, 247, 285, 19, 22, 0.0709933266043663
0, 186, 718, 10, 21, 0.07099031656980515
0, 227, 392, 12, 13, 0.07076311856508255
0, 257, 377, 6, 8, 0.06983854621648788
0, 257, 378, 8, 9, 0.06914681941270828
0, 141, 762, 9, 11, 0.06903823465108871
0, 250, 292, 10, 10, 0.06891879439353943
0, 144, 879, 7, 11, 0.06888272613286972
0, 131, 349, 8, 8, 0.06742025911808014
0, 173, 358, 20, 25, 0.06675571203231812
0, 207, 388, 16, 15, 0.06671630591154099
0, 225, 367, 4, 7, 0.06656607985496521
0, 161, 484, 6, 9, 0.06618845462799072
0, 268, 541, 8, 9, 0.0659574568271637
0, 203, 746, 15, 25, 0.06566231697797775
0, 109, 967, 14, 39, 0.06535084545612335
0, 187, 912, 49, 76, 0.06533105671405792
0, 179, 703, 17, 28, 0.06517905741930008
0, 156, 216, 11, 11, 0.06511880457401276
0, 173, 369, 23, 40, 0.06451817601919174
0, 207, 388, 13, 12, 0.06434831023216248
0, 240, 168, 23, 22, 0.06410308182239532
0, 237, 170, 15, 15, 0.06307042390108109
0, 198, 527, 25, 19, 0.06301210820674896
0, 199, 766, 14, 18, 0.06280244141817093
0, 187, 398, 12, 14, 0.06278854608535767
0, 178, 701, 14, 19, 0.06266291439533234
0, 156, 217, 12, 16, 0.06243107467889786
0, 175, 408, 7, 9, 0.06201191619038582
0, 116, 933, 14, 23, 0.05857585743069649
0, 141, 287, 6, 9, 0.05832594260573387
0, 220, 744, 12, 19, 0.05653976649045944
0, 140, 141, 18, 26, 0.052805088460445404
0, 217, 456, 6, 10, 0.0522327795624733
0, 150, 236, 7, 10, 0.05217711254954338
0, 134, 763, 8, 9, 0.052127424627542496
0, 255, 319, 8, 10, 0.04934481158852577
0, 246, 491, 12, 15, 0.04706057161092758
0, 208, 234, 5, 10, 0.04356832057237625
