0, 339, 470, 23, 31, 0.5596433281898499
0, 579, 250, 120, 102, 0.48434558510780334
0, 438, 397, 24, 34, 0.4676240086555481
0, 428, 352, 59, 36, 0.4651399850845337
0, 212, 829, 20, 16, 0.4521699547767639
0, 429, 351, 63, 47, 0.4499236047267914
0, 202, 795, 31, 34, 0.44704461097717285
0, 361, 386, 27, 27, 0.4404837191104889
0, 211, 829, 23, 18, 0.43469980359077454
0, 741, 178, 69, 64, 0.39556312561035156
0, 292, 679, 46, 27, 0.38791653513908386
0, 212, 829, 22, 16, 0.3836178481578827
0, 199, 799, 23, 20, 0.3676719069480896
0, 254, 699, 40, 27, 0.36153778433799744
0, 618, 228, 45, 30, 0.3592025637626648
0, 293, 679, 43, 30, 0.33511269092559814
0, 212, 830, 20, 17, 0.32727357745170593
0, 299, 678, 30, 25, 0.300484299659729
0, 509, 342, 29, 15, 0.2971963882446289
0, 561, 245, 70, 82, 0.2968410551548004
0, 200, 796, 28, 35, 0.2958451509475708
0, 438, 397, 24, 30, 0.292335569858551
0, 241, 864, 26, 30, 0.2897826135158539
0, 179, 844, 41, 30, 0.2876059412956238
0, 570, 242, 82, 74, 0.28215569257736206
0, 253, 697, 36, 28, 0.2684043347835541
0, 509, 341, 29, 17, 0.26705431938171387
0, 556, 255, 50, 53, 0.2624720335006714
0, 427, 352, 54, 34, 0.26088306307792664
0, 240, 749, 34, 26, 0.25875940918922424
0, 282, 602, 18, 24, 0.25737500190734863
0, 361, 386, 28, 28, 0.25047388672828674
