0, 242, 460, 24, 32, 0.42426782846450806
0, 331, 151, 54, 52, 0.4219311773777008
0, 208, 483, 46, 41, 0.41822224855422974
0, 384, 388, 14, 22, 0.4117380678653717
0, 470, 295, 16, 27, 0.4004583954811096
0, 317, 451, 51, 62, 0.3935081660747528
0, 319, 456, 49, 52, 0.3892521858215332
0, 242, 460, 28, 32, 0.37874171137809753
0, 511, 261, 14, 8, 0.3727366328239441
0, 222, 470, 18, 22, 0.3722630441188812
0, 210, 481, 45, 45, 0.3671336770057678
0, 244, 455, 19, 22, 0.36413636803627014
0, 262, 449, 11, 17, 0.3585420548915863
0, 291, 472, 28, 33, 0.35680335760116577
0, 335, 460, 15, 23, 0.35187724232673645
0, 577, 232, 10, 13, 0.3483582139015198
0, 512, 169, 37, 34, 0.3481156826019287
0, 587, 212, 18, 24, 0.3478599488735199
0, 242, 459, 27, 30, 0.3473706543445587
0, 577, 232, 9, 14, 0.3450467884540558
0, 262, 449, 11, 18, 0.34005430340766907
0, 224, 470, 13, 18, 0.33698585629463196
0, 214, 487, 26, 27, 0.3330670893192291
0, 476, 359, 26, 23, 0.3291572332382202
0, 512, 169, 36, 32, 0.32332465052604675
0, 299, 470, 10, 27, 0.31368741393089294
0, 293, 203, 29, 26, 0.31282567977905273
0, 452, 146, 56, 52, 0.31260716915130615
0, 335, 458, 10, 15, 0.3121543228626251
0, 359, 447, 13, 28, 0.3113090693950653
0, 388, 408, 11, 16, 0.3102918863296509
0, 591, 225, 11, 8, 0.30933520197868347
0, 487, 121, 48, 32, 0.3016178011894226
0, 470, 295, 15, 26, 0.2988382875919342
0, 243, 457, 23, 25, 0.2958887815475464
0, 376, 438, 8, 10, 0.2932177782058716
0, 470, 294, 20, 28, 0.291959285736084
0, 345, 198, 35, 38, 0.29038795828819275
0, 346, 197, 31, 34, 0.28967005014419556
0, 334, 458, 12, 17, 0.2885659337043762
0, 474, 360, 32, 29, 0.2781963348388672
0, 476, 360, 25, 25, 0.2754351496696472
0, 383, 390, 18, 20, 0.2752533555030823
0, 223, 468, 14, 16, 0.2751355469226837
0, 336, 172, 10, 12, 0.27372613549232483
0, 591, 226, 12, 11, 0.27008578181266785
0, 378, 395, 31, 34, 0.269683301448822
0, 190, 490, 28, 27, 0.2655550241470337
0, 588, 212, 18, 20, 0.26527583599090576
0, 313, 172, 35, 28, 0.264763742685318
0, 577, 212, 51, 45, 0.2647511065006256
0, 321, 174, 19, 18, 0.2615460455417633
0, 502, 304, 21, 17, 0.25636056065559387
0, 563, 216, 24, 19, 0.25507184863090515
0, 471, 294, 12, 26, 0.25479868054389954
0, 287, 473, 22, 30, 0.25458598136901855
0, 298, 471, 15, 29, 0.25418516993522644
0, 262, 448, 14, 21, 0.25172722339630127
0, 323, 165, 55, 40, 0.25170063972473145
0, 320, 148, 89, 50, 0.2487754374742508
0, 467, 138, 90, 72, 0.2482573539018631
0, 384, 388, 11, 18, 0.24813233315944672
0, 322, 173, 19, 18, 0.2460528165102005
0, 313, 454, 31, 39, 0.244930237531662
0, 372, 409, 14, 11, 0.24123509228229523
0, 378, 148, 16, 13, 0.24103009700775146
0, 310, 425, 8, 11, 0.24073445796966553
0, 199, 501, 9, 8, 0.23723605275154114
0, 372, 409, 11, 8, 0.23711471259593964
0, 372, 409, 12, 9, 0.2366763800382614
0, 335, 159, 30, 18, 0.23461084067821503
0, 383, 391, 13, 22, 0.23389802873134613
0, 225, 467, 10, 14, 0.23362775146961212
0, 338, 147, 40, 38, 0.23349207639694214
0, 389, 407, 8, 13, 0.23255714774131775
0, 312, 446, 29, 23, 0.231533944606781
0, 287, 137, 36, 30, 0.2314406931400299
0, 469, 297, 20, 37, 0.22614982724189758
0, 321, 177, 14, 9, 0.22549262642860413
0, 213, 481, 27, 20, 0.22521354258060455
0, 373, 408, 17, 13, 0.22492359578609467
0, 562, 217, 23, 20, 0.22472356259822845
0, 186, 490, 20, 24, 0.22418725490570068
0, 511, 169, 35, 31, 0.22162407636642456
0, 199, 501, 10, 8, 0.22032402455806732
0, 195, 488, 13, 18, 0.21982602775096893
0, 312, 426, 14, 14, 0.21899428963661194
0, 591, 197, 33, 56, 0.21742455661296844
0, 379, 434, 10, 17, 0.21714089810848236
0, 386, 175, 15, 19, 0.2163897007703781
0, 571, 262, 14, 9, 0.21513423323631287
0, 383, 431, 5, 10, 0.2130558043718338
0, 568, 216, 20, 17, 0.21176601946353912
0, 331, 460, 8, 14, 0.21124109625816345
0, 327, 148, 43, 25, 0.21063688397407532
0, 335, 170, 123, 99, 0.2098432034254074
0, 387, 409, 18, 21, 0.20961759984493256
0, 294, 199, 23, 16, 0.2091832458972931
0, 187, 488, 14, 16, 0.20889610052108765
0, 217, 487, 19, 19, 0.2071751058101654
0, 573, 261, 18, 13, 0.2071399986743927
0, 279, 138, 20, 26, 0.20680899918079376
0, 502, 305, 17, 14, 0.20441903173923492
0, 453, 159, 148, 116, 0.2042207568883896
0, 196, 491, 16, 25, 0.20262973010540009
0, 346, 200, 29, 33, 0.20127451419830322
0, 538, 247, 11, 9, 0.20112121105194092
0, 569, 219, 14, 12, 0.20078904926776886
0, 379, 148, 19, 15, 0.19982460141181946
0, 332, 438, 87, 93, 0.1988241821527481
0, 349, 191, 20, 15, 0.19851279258728027
0, 474, 359, 22, 19, 0.19722102582454681
0, 299, 477, 10, 14, 0.1969691663980484
0, 600, 187, 20, 26, 0.1968773901462555
0, 433, 154, 17, 17, 0.19614732265472412
0, 335, 146, 39, 34, 0.19606518745422363
0, 569, 230, 26, 12, 0.19518199563026428
0, 466, 140, 23, 26, 0.19336162507534027
0, 316, 149, 18, 9, 0.1926499456167221
0, 316, 149, 16, 7, 0.1918891817331314
0, 308, 426, 17, 14, 0.19151300191879272
0, 317, 457, 24, 33, 0.19104798138141632
0, 317, 465, 22, 25, 0.19023029506206512
0, 384, 176, 11, 15, 0.19014622271060944
0, 347, 408, 12, 13, 0.18698850274085999
0, 567, 246, 15, 8, 0.18614740669727325
0, 299, 477, 7, 13, 0.18504118919372559
0, 595, 192, 15, 16, 0.18462848663330078
0, 245, 451, 14, 13, 0.18197128176689148
0, 562, 231, 15, 8, 0.18171794712543488
0, 459, 180, 27, 21, 0.1795305460691452
0, 334, 163, 32, 29, 0.17809854447841644
0, 349, 408, 8, 9, 0.17754186689853668
0, 360, 173, 18, 19, 0.17721739411354065
0, 284, 475, 17, 25, 0.17717930674552917
0, 299, 202, 46, 34, 0.177002415060997
0, 378, 146, 21, 23, 0.1768789440393448
0, 363, 397, 17, 16, 0.17628003656864166
0, 349, 191, 20, 20, 0.17580239474773407
0, 351, 170, 14, 10, 0.17538675665855408
0, 595, 192, 14, 14, 0.17506496608257294
0, 432, 155, 20, 20, 0.17496652901172638
0, 539, 247, 9, 8, 0.17410704493522644
0, 345, 413, 18, 26, 0.1740572154521942
0, 489, 296, 9, 9, 0.17400197684764862
0, 315, 465, 26, 25, 0.17375539243221283
0, 489, 296, 9, 10, 0.1736234724521637
0, 215, 494, 13, 15, 0.1735527366399765
0, 314, 426, 19, 20, 0.17327438294887543
0, 561, 232, 16, 9, 0.17149247229099274
0, 467, 144, 24, 23, 0.17090196907520294
0, 313, 165, 29, 20, 0.1703067421913147
0, 584, 221, 10, 10, 0.17016464471817017
0, 276, 140, 13, 25, 0.17015205323696136
0, 315, 429, 11, 8, 0.16969285905361176
0, 240, 473, 13, 11, 0.1693638563156128
0, 565, 246, 17, 11, 0.16876628994941711
0, 340, 139, 29, 17, 0.16686969995498657
0, 318, 448, 19, 16, 0.16550584137439728
0, 220, 482, 15, 11, 0.1649160385131836
0, 363, 396, 16, 12, 0.16420619189739227
0, 473, 345, 56, 63, 0.1636916846036911
0, 239, 474, 12, 9, 0.16306765377521515
0, 387, 168, 20, 23, 0.1630566269159317
0, 316, 164, 29, 29, 0.16144230961799622
0, 351, 191, 16, 15, 0.16092243790626526
0, 414, 179, 75, 68, 0.15868927538394928
0, 484, 322, 23, 12, 0.15856119990348816
0, 458, 184, 34, 37, 0.15844959020614624
0, 567, 233, 22, 10, 0.15843120217323303
0, 342, 159, 13, 10, 0.15834778547286987
0, 585, 207, 9, 14, 0.1574634462594986
0, 442, 153, 28, 20, 0.15597355365753174
0, 532, 305, 10, 12, 0.15538765490055084
0, 303, 208, 11, 12, 0.15514859557151794
0, 345, 137, 20, 14, 0.1543819159269333
0, 399, 423, 7, 7, 0.1539212465286255
0, 239, 475, 11, 10, 0.1538466215133667
0, 213, 494, 9, 13, 0.1536053866147995
0, 530, 306, 17, 18, 0.15359574556350708
0, 336, 471, 13, 13, 0.15314124524593353
0, 532, 305, 11, 12, 0.15299184620380402
0, 451, 340, 11, 11, 0.152700275182724
0, 358, 454, 7, 14, 0.15163058042526245
0, 422, 183, 27, 28, 0.15109188854694366
0, 298, 464, 11, 15, 0.1493464857339859
0, 407, 194, 50, 38, 0.14867538213729858
0, 301, 464, 7, 13, 0.14863191545009613
0, 320, 142, 30, 24, 0.14815768599510193
0, 574, 213, 15, 19, 0.14806382358074188
0, 341, 420, 9, 10, 0.14739856123924255
0, 239, 475, 13, 11, 0.14693185687065125
0, 316, 434, 11, 7, 0.1467973291873932
0, 450, 181, 10, 18, 0.14600950479507446
0, 491, 117, 36, 23, 0.14535604417324066
0, 427, 163, 195, 126, 0.14461395144462585
0, 429, 182, 14, 18, 0.14427298307418823
0, 281, 173, 22, 22, 0.14343367516994476
0, 484, 321, 19, 10, 0.14338667690753937
0, 462, 143, 12, 13, 0.1432994306087494
0, 410, 158, 24, 34, 0.1431707739830017
0, 463, 144, 17, 15, 0.14138482511043549
0, 443, 150, 25, 23, 0.13920271396636963
0, 451, 182, 12, 20, 0.13880278170108795
0, 314, 440, 18, 20, 0.13852861523628235
0, 432, 181, 22, 24, 0.13439732789993286
0, 347, 136, 15, 12, 0.134343221783638
0, 320, 154, 27, 22, 0.1340796798467636
0, 584, 191, 20, 18, 0.13327671587467194
0, 459, 134, 40, 29, 0.13303029537200928
0, 358, 440, 9, 13, 0.1326570063829422
0, 283, 135, 24, 22, 0.1319606602191925
0, 482, 361, 14, 12, 0.1315583884716034
0, 389, 204, 15, 14, 0.13152781128883362
0, 529, 305, 11, 13, 0.13148066401481628
0, 519, 346, 10, 9, 0.1314300000667572
0, 519, 346, 9, 7, 0.13120190799236298
0, 303, 176, 15, 15, 0.1311802864074707
0, 592, 178, 12, 10, 0.13094228506088257
0, 354, 181, 29, 37, 0.13065485656261444
0, 546, 314, 11, 12, 0.13005661964416504
0, 318, 470, 18, 17, 0.12981538474559784
0, 368, 395, 12, 10, 0.12928415834903717
0, 575, 281, 7, 11, 0.12923748791217804
0, 390, 204, 18, 14, 0.1290006935596466
0, 304, 177, 17, 17, 0.12881316244602203
0, 448, 130, 17, 15, 0.12769728899002075
0, 211, 465, 6, 9, 0.12706375122070312
0, 400, 181, 7, 8, 0.12683862447738647
0, 492, 298, 16, 16, 0.12680108845233917
0, 591, 233, 9, 8, 0.12679897248744965
0, 367, 167, 141, 78, 0.12556515634059906
0, 487, 121, 37, 22, 0.12553462386131287
0, 575, 281, 8, 12, 0.12540139257907867
0, 201, 487, 13, 19, 0.12512555718421936
0, 277, 136, 13, 21, 0.12488625943660736
0, 470, 131, 8, 9, 0.12402455508708954
0, 415, 189, 9, 12, 0.1237068623304367
0, 409, 195, 25, 32, 0.12359097599983215
0, 309, 178, 25, 17, 0.12318558245897293
0, 545, 313, 9, 10, 0.12278637290000916
0, 205, 478, 12, 16, 0.12278605997562408
0, 376, 395, 11, 11, 0.12254910916090012
0, 311, 136, 11, 8, 0.12247335910797119
0, 311, 137, 10, 7, 0.12058227509260178
0, 359, 403, 19, 22, 0.11937173455953598
0, 592, 173, 12, 16, 0.11891968548297882
0, 524, 342, 19, 18, 0.11887266486883163
0, 595, 168, 13, 10, 0.11877571791410446
0, 232, 495, 13, 9, 0.11855035275220871
0, 368, 395, 16, 11, 0.11835392564535141
0, 413, 190, 15, 15, 0.11790131777524948
0, 455, 165, 22, 14, 0.11742686480283737
0, 401, 196, 27, 28, 0.1160121038556099
0, 517, 170, 22, 24, 0.11563175171613693
0, 603, 180, 15, 13, 0.11532130092382431
0, 344, 429, 26, 43, 0.11460085213184357
0, 429, 186, 9, 11, 0.11364716291427612
0, 350, 179, 11, 10, 0.11184760928153992
0, 409, 163, 21, 22, 0.10969418287277222
0, 298, 430, 9, 13, 0.10958711802959442
0, 598, 166, 14, 12, 0.10944212228059769
0, 400, 189, 24, 23, 0.10895305871963501
0, 354, 208, 20, 17, 0.1080639660358429
0, 561, 286, 8, 8, 0.10749755799770355
0, 324, 164, 16, 13, 0.10726945847272873
0, 212, 469, 20, 19, 0.10714773088693619
0, 301, 440, 15, 23, 0.10661628842353821
0, 298, 429, 10, 13, 0.10624413937330246
0, 587, 180, 15, 12, 0.10574827343225479
0, 413, 356, 16, 22, 0.10561012476682663
0, 420, 394, 12, 10, 0.10551325976848602
0, 450, 153, 15, 14, 0.10499991476535797
0, 420, 394, 9, 7, 0.1048046126961708
0, 273, 438, 9, 7, 0.10457631945610046
0, 297, 130, 15, 11, 0.10378193110227585
0, 339, 437, 29, 44, 0.10360638797283173
0, 362, 140, 9, 7, 0.1034182533621788
0, 443, 186, 30, 31, 0.1030922383069992
0, 456, 156, 25, 21, 0.1029222384095192
0, 228, 495, 17, 10, 0.10261106491088867
0, 577, 206, 10, 14, 0.10253804922103882
0, 342, 436, 26, 36, 0.10097584873437881
0, 470, 287, 8, 13, 0.10072078555822372
0, 205, 472, 10, 11, 0.0999525859951973
0, 241, 486, 13, 8, 0.09921474009752274
0, 427, 380, 12, 9, 0.09629358351230621
0, 273, 438, 11, 10, 0.09535733610391617
0, 607, 178, 11, 10, 0.09473608434200287
0, 495, 363, 10, 12, 0.09123186767101288
0, 552, 300, 13, 12, 0.09102006256580353
0, 435, 176, 11, 15, 0.09101451933383942
0, 364, 150, 79, 47, 0.08996462821960449
0, 414, 353, 10, 13, 0.08779130131006241
0, 554, 265, 12, 12, 0.08614012598991394
0, 557, 266, 17, 15, 0.08528386801481247
0, 492, 269, 21, 14, 0.08409368246793747
0, 428, 361, 8, 8, 0.08128099143505096
0, 484, 115, 20, 13, 0.07679696381092072
0, 468, 333, 32, 24, 0.07679051160812378
