0, 288, 148, 113, 41, 0.6390644311904907
0, 395, 136, 125, 58, 0.5860666632652283
0, 2120, 263, 82, 33, 0.5569546222686768
0, 2120, 263, 82, 34, 0.5553947687149048
0, 2558, 145, 119, 74, 0.5484841465950012
0, 2194, 172, 94, 30, 0.5226615071296692
0, 2194, 177, 105, 44, 0.49451160430908203
0, 2291, 144, 114, 52, 0.4908943474292755
0, 2404, 138, 66, 22, 0.46135953068733215
0, 2071, 303, 64, 46, 0.44886547327041626
0, 204, 217, 80, 44, 0.42171940207481384
0, 2129, 241, 38, 13, 0.4159562587738037
0, 494, 142, 62, 22, 0.3883552849292755
0, 2368, 104, 21, 9, 0.3359500765800476
0, 2300, 145, 131, 63, 0.2818678319454193
0, 2297, 147, 121, 55, 0.24088704586029053
0, 287, 149, 105, 39, 0.2300514280796051
0, 2071, 301, 62, 46, 0.21605241298675537
0, 2120, 265, 80, 33, 0.19791100919246674
0, 2161, 212, 23, 10, 0.19695904850959778
0, 494, 143, 69, 28, 0.194337397813797
0, 2351, 158, 25, 9, 0.19430331885814667
0, 394, 136, 111, 52, 0.1899961531162262
0, 2177, 210, 30, 11, 0.18808485567569733
0, 2114, 208, 24, 15, 0.1861475110054016
0, 2271, 141, 65, 38, 0.184884175658226
0, 2128, 242, 39, 14, 0.18486224114894867
0, 2114, 209, 28, 18, 0.1848292201757431
0, 623, 193, 41, 16, 0.180479496717453
0, 2165, 205, 61, 25, 0.17949651181697845
0, 2165, 206, 70, 24, 0.17904861271381378
0, 633, 193, 47, 20, 0.17891646921634674
0, 2403, 138, 70, 24, 0.17627155780792236
0, 491, 142, 55, 23, 0.17562131583690643
0, 2113, 209, 39, 18, 0.17329928278923035
0, 2113, 208, 37, 15, 0.17192161083221436
0, 2187, 178, 92, 42, 0.17056241631507874
0, 218, 232, 29, 12, 0.17036858201026917
0, 2186, 207, 30, 14, 0.16908849775791168
0, 418, 142, 68, 41, 0.16860386729240417
0, 2162, 211, 28, 14, 0.16762356460094452
0, 641, 186, 73, 41, 0.1674354523420334
0, 2280, 139, 72, 37, 0.16653676331043243
0, 2130, 242, 44, 16, 0.1662660390138626
0, 503, 144, 48, 20, 0.16591770946979523
0, 285, 151, 101, 36, 0.16528967022895813
0, 2411, 139, 60, 20, 0.16514278948307037
0, 539, 165, 300, 92, 0.1646220088005066
0, 216, 231, 38, 17, 0.16411557793617249
0, 284, 147, 83, 34, 0.1635209321975708
0, 2348, 157, 31, 12, 0.16307909786701202
0, 261, 178, 39, 17, 0.16192303597927094
0, 2279, 142, 73, 35, 0.1616571545600891
0, 620, 192, 37, 16, 0.16135543584823608
0, 625, 195, 42, 19, 0.1598815619945526
0, 2545, 145, 122, 73, 0.1575716733932495
0, 2281, 144, 80, 39, 0.1564498394727707
0, 398, 142, 111, 41, 0.1564321219921112
0, 2118, 205, 21, 10, 0.1552528440952301
0, 520, 116, 25, 10, 0.15436828136444092
0, 2138, 243, 29, 10, 0.15207476913928986
0, 393, 140, 108, 43, 0.15180616080760956
0, 2189, 174, 79, 31, 0.1506568044424057
0, 2329, 162, 52, 26, 0.14700697362422943
0, 2121, 210, 54, 20, 0.14635521173477173
0, 391, 136, 101, 34, 0.1459512710571289
0, 635, 142, 45, 17, 0.14433708786964417
0, 635, 144, 66, 34, 0.14371630549430847
0, 2268, 143, 60, 36, 0.14350320398807526
0, 2070, 299, 59, 41, 0.14346902072429657
0, 513, 147, 29, 12, 0.1430017352104187
0, 2186, 181, 92, 51, 0.14242833852767944
0, 258, 178, 36, 19, 0.14191244542598724
0, 417, 138, 68, 34, 0.14149916172027588
0, 269, 179, 41, 17, 0.13833685219287872
0, 653, 147, 62, 25, 0.13717089593410492
0, 360, 122, 51, 31, 0.13647304475307465
0, 651, 144, 50, 16, 0.13634295761585236
0, 643, 141, 51, 14, 0.13610941171646118
0, 633, 140, 40, 15, 0.1354362815618515
0, 2338, 157, 39, 17, 0.13376034796237946
0, 366, 126, 63, 38, 0.13320402801036835
0, 151, 256, 41, 36, 0.13302141427993774
0, 2123, 237, 31, 12, 0.132942333817482
0, 422, 135, 54, 25, 0.13257533311843872
0, 2082, 297, 35, 28, 0.1312597095966339
0, 2416, 140, 51, 19, 0.13116297125816345
0, 2373, 103, 41, 11, 0.13104821741580963
0, 2322, 166, 37, 17, 0.1308339685201645
0, 2265, 138, 52, 31, 0.1304151862859726
0, 258, 179, 37, 19, 0.12899935245513916
0, 152, 253, 38, 36, 0.12896129488945007
0, 275, 179, 32, 14, 0.12846378982067108
0, 190, 213, 65, 34, 0.12756618857383728
0, 2192, 169, 60, 21, 0.1272152066230774
0, 2159, 198, 27, 14, 0.1252972036600113
0, 549, 174, 27, 14, 0.12369513511657715
0, 550, 174, 28, 14, 0.12357185035943985
0, 2180, 200, 57, 30, 0.12344326823949814
0, 2068, 303, 50, 39, 0.12313178181648254
0, 611, 192, 24, 11, 0.12274075299501419
0, 217, 184, 24, 10, 0.12262945622205734
0, 522, 173, 25, 13, 0.1213826909661293
0, 2078, 301, 40, 33, 0.12122943997383118
0, 520, 172, 32, 17, 0.12114325165748596
0, 2152, 230, 23, 10, 0.12113065272569656
0, 2084, 295, 25, 20, 0.12111112475395203
0, 2315, 142, 76, 40, 0.11992214620113373
0, 2114, 212, 37, 25, 0.11955995857715607
0, 153, 248, 32, 31, 0.11948192119598389
0, 211, 216, 62, 39, 0.11880823224782944
0, 2115, 258, 61, 20, 0.11858705431222916
0, 312, 147, 71, 35, 0.1179036870598793
0, 659, 177, 37, 17, 0.11733587086200714
0, 2215, 172, 73, 27, 0.11576928198337555
0, 515, 170, 43, 22, 0.11554678529500961
0, 149, 259, 47, 34, 0.11551442742347717
0, 2285, 135, 50, 30, 0.11470230668783188
0, 188, 208, 54, 26, 0.11268017441034317
0, 2424, 107, 29, 10, 0.11213178187608719
0, 219, 206, 28, 15, 0.11199555546045303
0, 628, 178, 41, 16, 0.11138328164815903
0, 2396, 135, 42, 18, 0.11136166751384735
0, 653, 180, 44, 24, 0.11068620532751083
0, 287, 142, 59, 27, 0.11065959185361862
0, 378, 123, 54, 27, 0.11039960384368896
0, 2532, 166, 48, 27, 0.10965664684772491
0, 2074, 304, 52, 36, 0.10930969566106796
0, 504, 169, 42, 18, 0.10876862704753876
0, 263, 150, 63, 36, 0.10834741592407227
0, 499, 168, 32, 14, 0.10828874260187149
0, 379, 129, 58, 24, 0.10803083330392838
0, 2162, 193, 34, 22, 0.10776875913143158
0, 2424, 107, 32, 10, 0.1076785996556282
0, 186, 212, 44, 18, 0.10711143165826797
0, 2544, 164, 69, 35, 0.1066974624991417
0, 383, 133, 73, 24, 0.10662326216697693
0, 2320, 168, 31, 14, 0.1063031330704689
0, 672, 174, 41, 21, 0.1055992841720581
0, 574, 160, 249, 73, 0.10553152114152908
0, 671, 162, 32, 13, 0.10540106892585754
0, 219, 203, 25, 11, 0.10506021231412888
0, 2258, 134, 34, 18, 0.10462651401758194
0, 466, 105, 28, 8, 0.10445912182331085
0, 609, 189, 27, 18, 0.10432466864585876
0, 448, 154, 22, 11, 0.10429250448942184
0, 314, 150, 67, 35, 0.1042674258351326
0, 2250, 193, 25, 9, 0.10396797955036163
0, 650, 187, 37, 22, 0.10344365984201431
0, 675, 166, 46, 25, 0.10327322036027908
0, 2561, 126, 86, 36, 0.10322482883930206
0, 678, 161, 30, 10, 0.10320574045181274
0, 2164, 191, 33, 21, 0.10280998796224594
0, 521, 117, 32, 15, 0.10251124203205109
0, 2528, 162, 41, 30, 0.1024675965309143
0, 2560, 121, 79, 25, 0.10087179392576218
0, 2106, 256, 49, 16, 0.1007387563586235
0, 668, 172, 34, 20, 0.10009096562862396
0, 2066, 293, 36, 23, 0.10001672804355621
0, 2141, 270, 39, 20, 0.09980400651693344
0, 253, 157, 33, 22, 0.0995829701423645
0, 2324, 135, 53, 27, 0.09916961938142776
0, 215, 212, 49, 30, 0.09896812587976456
0, 2251, 187, 34, 23, 0.09885955601930618
0, 366, 129, 54, 30, 0.09810738265514374
0, 422, 148, 56, 34, 0.09774691611528397
0, 620, 181, 45, 24, 0.09736324101686478
0, 681, 172, 29, 12, 0.09716016054153442
0, 664, 166, 44, 26, 0.09710532426834106
0, 355, 116, 33, 19, 0.09669692069292068
0, 2549, 160, 70, 43, 0.09663201123476028
0, 2564, 135, 86, 48, 0.09594090282917023
0, 629, 174, 31, 12, 0.09573112428188324
0, 143, 233, 24, 14, 0.0951697900891304
0, 473, 105, 31, 9, 0.09402532875537872
0, 2298, 128, 36, 17, 0.092943474650383
0, 2116, 254, 45, 12, 0.0928533673286438
0, 2580, 136, 81, 40, 0.09284653514623642
0, 2112, 306, 24, 9, 0.09264359623193741
0, 389, 144, 77, 37, 0.09258465468883514
0, 216, 223, 54, 32, 0.09251680970191956
0, 255, 155, 37, 25, 0.09238376468420029
0, 324, 155, 42, 24, 0.09233793616294861
0, 151, 241, 39, 34, 0.09204684942960739
0, 2299, 123, 32, 14, 0.09203071147203445
0, 2313, 126, 39, 14, 0.09066454321146011
0, 2348, 147, 49, 33, 0.0904449075460434
0, 2221, 175, 61, 27, 0.09033166617155075
0, 665, 153, 47, 28, 0.089201919734478
0, 2328, 137, 38, 15, 0.0887177363038063
0, 2328, 146, 55, 36, 0.08862662315368652
0, 2533, 170, 44, 17, 0.08858349174261093
0, 2582, 136, 80, 43, 0.08844125270843506
0, 2132, 272, 41, 16, 0.0883244201540947
0, 604, 178, 32, 18, 0.08821221441030502
0, 2281, 152, 67, 28, 0.0874691754579544
0, 2254, 184, 29, 19, 0.08733609318733215
0, 492, 150, 78, 46, 0.08721678704023361
0, 344, 160, 26, 17, 0.0867069885134697
0, 549, 168, 48, 28, 0.08657034486532211
0, 2565, 130, 75, 39, 0.08629400283098221
0, 600, 160, 29, 9, 0.08623109757900238
0, 460, 110, 48, 18, 0.08596086502075195
0, 181, 251, 31, 30, 0.08582713454961777
0, 446, 187, 690, 189, 0.08580739796161652
0, 427, 155, 47, 20, 0.08524139970541
0, 262, 146, 49, 24, 0.08511139452457428
0, 2591, 137, 40, 23, 0.0850924625992775
0, 621, 135, 39, 16, 0.08360064029693604
0, 636, 154, 117, 54, 0.0831306055188179
0, 327, 160, 32, 14, 0.08312374353408813
0, 2590, 140, 40, 23, 0.08301723003387451
0, 2560, 155, 53, 36, 0.08287963271141052
0, 600, 180, 34, 24, 0.0819532573223114
0, 2529, 156, 47, 32, 0.08171413838863373
0, 126, 246, 54, 46, 0.08075599372386932
0, 2564, 141, 68, 41, 0.08067137002944946
0, 181, 247, 30, 22, 0.08027152717113495
0, 2550, 171, 42, 16, 0.07996420562267303
0, 588, 147, 56, 39, 0.07910097390413284
0, 2322, 122, 56, 19, 0.07845806330442429
0, 606, 155, 38, 22, 0.07832315564155579
0, 2557, 116, 68, 17, 0.07827253639698029
0, 2226, 168, 43, 14, 0.07816200703382492
0, 2165, 182, 39, 33, 0.07768534868955612
0, 2284, 171, 25, 10, 0.07766365259885788
0, 366, 135, 54, 30, 0.0771617442369461
0, 2562, 147, 61, 39, 0.07709266990423203
0, 2586, 144, 53, 31, 0.07687971740961075
0, 603, 175, 26, 12, 0.07646185904741287
0, 354, 112, 28, 13, 0.07607375830411911
0, 2250, 176, 36, 27, 0.07594562321901321
0, 637, 168, 33, 12, 0.07567188143730164
0, 2281, 156, 64, 35, 0.0751219317317009
0, 2074, 311, 45, 28, 0.07496193796396255
0, 2290, 165, 50, 21, 0.07472888380289078
0, 2263, 170, 25, 13, 0.07438966631889343
0, 2581, 149, 81, 47, 0.07362551987171173
0, 146, 267, 38, 17, 0.07350165396928787
0, 123, 256, 34, 33, 0.07262954860925674
0, 2126, 228, 33, 16, 0.07250900566577911
0, 390, 114, 53, 16, 0.07248686254024506
0, 184, 241, 28, 10, 0.07235711067914963
0, 555, 146, 58, 37, 0.07210526615381241
0, 417, 115, 55, 12, 0.07185080647468567
0, 190, 220, 62, 35, 0.07157982140779495
0, 391, 117, 44, 14, 0.07152324914932251
0, 2182, 189, 48, 24, 0.07122540473937988
0, 126, 234, 29, 14, 0.07110213488340378
0, 127, 242, 49, 41, 0.07067497819662094
0, 551, 150, 52, 36, 0.07061666995286942
0, 123, 251, 35, 34, 0.07045459002256393
0, 2231, 179, 43, 27, 0.07045309990644455
0, 477, 110, 75, 21, 0.07002460956573486
0, 605, 138, 42, 25, 0.07000494003295898
0, 553, 143, 36, 21, 0.06991229951381683
0, 2532, 151, 42, 20, 0.06937634944915771
0, 197, 168, 37, 18, 0.06860633939504623
0, 199, 187, 52, 16, 0.06830397993326187
0, 196, 169, 42, 23, 0.06704305857419968
0, 2200, 162, 57, 16, 0.06695077568292618
0, 124, 262, 30, 23, 0.06674188375473022
0, 2066, 316, 32, 17, 0.0663430392742157
0, 2066, 314, 34, 18, 0.06615004688501358
0, 2115, 283, 24, 7, 0.0660967230796814
0, 2532, 119, 45, 24, 0.06541889905929565
0, 2330, 118, 46, 15, 0.06526120752096176
0, 546, 120, 29, 12, 0.0648806095123291
0, 430, 127, 37, 10, 0.06471990048885345
0, 2155, 220, 37, 34, 0.06464950740337372
0, 2530, 124, 47, 35, 0.06359129399061203
0, 2534, 116, 42, 19, 0.06314948201179504
0, 561, 139, 31, 15, 0.06310281902551651
0, 444, 126, 25, 9, 0.06295272707939148
0, 604, 133, 28, 15, 0.06292176991701126
0, 332, 175, 27, 9, 0.06224875897169113
0, 592, 142, 43, 30, 0.062220267951488495
0, 340, 175, 34, 9, 0.06192817911505699
0, 418, 158, 30, 14, 0.06129364296793938
0, 426, 125, 57, 22, 0.061093010008335114
0, 117, 243, 92, 70, 0.060921188443899155
0, 214, 164, 28, 13, 0.060832154005765915
0, 188, 201, 34, 16, 0.06068337708711624
0, 2463, 164, 28, 14, 0.058952294290065765
0, 2532, 141, 59, 40, 0.057315997779369354
0, 373, 149, 63, 39, 0.05709029734134674
0, 2531, 130, 60, 48, 0.05690823495388031
0, 2425, 163, 29, 11, 0.05629277974367142
0, 2423, 163, 37, 12, 0.05567732825875282
0, 2408, 108, 93, 18, 0.054356105625629425
0, 2395, 211, 663, 232, 0.05419710651040077
0, 96, 219, 269, 97, 0.0528949573636055
0, 2455, 138, 43, 29, 0.052238915115594864
0, 2400, 164, 32, 10, 0.05119797959923744
0, 2453, 142, 31, 19, 0.05095135420560837
0, 110, 256, 50, 36, 0.04854065552353859
0, 2457, 153, 68, 39, 0.04419667273759842
0, 2675, 166, 63, 47, 0.037149447947740555
0, 69, 242, 141, 46, 0.03688040375709534
0, 46, 257, 34, 28, 0.028221789747476578
