0, 292, 765, 42, 87, 0.7356938719749451
0, 269, 706, 52, 106, 0.7120388150215149
0, 288, 989, 46, 61, 0.6966015696525574
0, 139, 677, 106, 78, 0.6962366700172424
0, 264, 321, 19, 47, 0.6632857918739319
0, 387, 381, 29, 41, 0.6602372527122498
0, 235, 565, 31, 34, 0.6533717513084412
0, 259, 366, 18, 32, 0.6365557312965393
0, 235, 565, 32, 36, 0.6160538792610168
0, 258, 515, 60, 57, 0.5360071659088135
0, 187, 779, 43, 38, 0.5138222575187683
0, 284, 740, 23, 44, 0.510688304901123
0, 269, 429, 32, 30, 0.47678354382514954
0, 299, 428, 29, 38, 0.45566537976264954
0, 269, 431, 33, 36, 0.4377439022064209
0, 244, 354, 16, 17, 0.42591404914855957
0, 297, 313, 15, 15, 0.2942265570163727
0, 222, 841, 65, 68, 0.2702235281467438
