0, 282, 210, 71, 119, 0.8035988807678223
0, 191, 829, 57, 81, 0.6714992523193359
0, 218, 941, 85, 132, 0.6271978616714478
0, 211, 771, 39, 53, 0.5640546083450317
0, 216, 925, 86, 164, 0.20803695917129517
0, 174, 454, 24, 23, 0.20431815087795258
0, 191, 840, 54, 57, 0.19603773951530457
0, 211, 771, 40, 51, 0.17507344484329224
0, 186, 806, 68, 48, 0.17481201887130737
0, 223, 925, 93, 191, 0.16619841754436493
0, 210, 772, 39, 47, 0.16547837853431702
0, 200, 916, 36, 71, 0.15102992951869965
0, 163, 906, 17, 25, 0.1459338217973709
0, 245, 353, 32, 35, 0.1434100866317749
0, 195, 814, 44, 49, 0.14066873490810394
0, 200, 758, 65, 61, 0.13741250336170197
0, 245, 353, 31, 30, 0.13612134754657745
0, 195, 508, 23, 23, 0.13422884047031403
0, 195, 509, 21, 23, 0.13376003503799438
0, 225, 936, 73, 75, 0.13350893557071686
0, 195, 508, 21, 22, 0.13288523256778717
0, 221, 912, 68, 55, 0.1327936053276062
0, 253, 313, 30, 32, 0.13279148936271667
0, 167, 795, 30, 32, 0.13275004923343658
0, 175, 454, 23, 21, 0.12818582355976105
0, 194, 507, 27, 32, 0.12765158712863922
0, 253, 313, 31, 28, 0.12467694282531738
0, 226, 419, 39, 43, 0.12416230887174606
0, 253, 313, 31, 26, 0.12363367527723312
0, 202, 915, 31, 55, 0.12333464622497559
0, 239, 848, 22, 25, 0.12317853420972824
0, 198, 813, 37, 40, 0.12202287465333939
0, 166, 797, 24, 23, 0.12194373458623886
0, 175, 451, 24, 21, 0.12089461088180542
0, 195, 815, 41, 44, 0.12053944170475006
0, 209, 775, 35, 37, 0.1201946809887886
0, 163, 907, 17, 22, 0.12004800885915756
0, 164, 909, 22, 33, 0.12003875523805618
0, 166, 797, 24, 22, 0.11994243413209915
0, 199, 812, 34, 36, 0.1195884570479393
0, 191, 940, 79, 112, 0.11943981796503067
0, 221, 418, 27, 42, 0.11847291141748428
0, 228, 934, 58, 61, 0.11543218046426773
0, 209, 772, 33, 37, 0.11371465027332306
0, 220, 418, 24, 38, 0.11320509761571884
0, 167, 798, 22, 22, 0.11251074075698853
0, 191, 845, 45, 37, 0.111604705452919
0, 209, 774, 32, 37, 0.11114592850208282
0, 221, 415, 22, 30, 0.11108380556106567
0, 242, 847, 29, 37, 0.11079277098178864
0, 253, 315, 30, 30, 0.11060326546430588
0, 199, 437, 100, 103, 0.11041165888309479
0, 180, 425, 12, 12, 0.10856896638870239
0, 180, 425, 12, 17, 0.10840242356061935
0, 192, 845, 43, 40, 0.10800483077764511
0, 180, 426, 13, 15, 0.10769360512495041
0, 220, 417, 22, 32, 0.10699304938316345
0, 239, 847, 22, 30, 0.10682614892721176
0, 208, 457, 24, 26, 0.1066780537366867
0, 199, 925, 31, 52, 0.10607428103685379
0, 211, 453, 17, 18, 0.10527331382036209
0, 163, 912, 19, 38, 0.10526589304208755
0, 169, 798, 24, 20, 0.10460308939218521
0, 207, 748, 53, 33, 0.10446973890066147
0, 207, 909, 23, 50, 0.10444581508636475
0, 238, 946, 44, 74, 0.10284865647554398
0, 202, 813, 30, 42, 0.10233045369386673
0, 235, 957, 53, 99, 0.10199494659900665
0, 196, 933, 33, 51, 0.10184925049543381
0, 216, 774, 23, 38, 0.10176766663789749
0, 246, 351, 26, 24, 0.10159386694431305
0, 179, 426, 13, 12, 0.10150213539600372
0, 143, 548, 16, 19, 0.10109228640794754
0, 196, 934, 32, 51, 0.10016275942325592
0, 195, 849, 39, 36, 0.09999845176935196
0, 144, 548, 17, 20, 0.09867742657661438
0, 239, 422, 20, 17, 0.09853997826576233
0, 210, 896, 14, 22, 0.09818271547555923
0, 210, 896, 12, 23, 0.09813054651021957
0, 239, 847, 19, 19, 0.09800738096237183
0, 239, 421, 20, 21, 0.09705831110477448
0, 198, 509, 14, 19, 0.09703247249126434
0, 240, 422, 17, 16, 0.096163310110569
0, 195, 429, 14, 18, 0.0960872620344162
0, 144, 549, 16, 15, 0.0959276407957077
0, 181, 448, 41, 42, 0.09551584720611572
0, 172, 454, 20, 20, 0.09531566500663757
0, 210, 899, 11, 22, 0.09529473632574081
0, 158, 496, 29, 34, 0.09528449922800064
0, 144, 539, 16, 25, 0.09507284313440323
0, 258, 316, 22, 24, 0.09497115761041641
0, 171, 359, 17, 28, 0.09430817514657974
0, 242, 353, 24, 27, 0.09393661469221115
0, 195, 429, 13, 18, 0.09389926493167877
0, 191, 845, 39, 34, 0.09388241171836853
0, 212, 452, 13, 15, 0.09363292902708054
0, 171, 360, 19, 31, 0.09355071187019348
0, 171, 360, 16, 27, 0.09323689341545105
0, 208, 861, 89, 181, 0.09206388890743256
0, 212, 896, 14, 30, 0.09156475216150284
0, 240, 936, 32, 49, 0.09155741333961487
0, 238, 421, 22, 17, 0.09082356840372086
0, 240, 600, 7, 10, 0.09048284590244293
0, 189, 741, 44, 36, 0.09002341330051422
0, 190, 818, 37, 48, 0.08994534611701965
0, 204, 939, 47, 75, 0.08987041562795639
0, 207, 813, 19, 30, 0.08932795375585556
0, 217, 772, 20, 34, 0.08908706903457642
0, 171, 361, 15, 20, 0.08903768658638
0, 160, 491, 26, 29, 0.08831635117530823
0, 238, 421, 20, 15, 0.0875926986336708
0, 205, 923, 20, 47, 0.08711598068475723
0, 188, 844, 35, 34, 0.08701708912849426
0, 157, 494, 25, 30, 0.08672595024108887
0, 169, 403, 15, 21, 0.08601397275924683
0, 162, 795, 18, 22, 0.08581839501857758
0, 167, 402, 11, 17, 0.08574335277080536
0, 166, 392, 25, 62, 0.08572443574666977
0, 168, 403, 13, 20, 0.08563313633203506
0, 240, 420, 15, 15, 0.08551125973463058
0, 164, 797, 15, 19, 0.0848698690533638
0, 245, 970, 33, 61, 0.0845603197813034
0, 187, 827, 31, 51, 0.08451537042856216
0, 248, 975, 25, 45, 0.08317471295595169
0, 195, 433, 16, 29, 0.08306637406349182
0, 158, 862, 16, 23, 0.08304405957460403
0, 151, 550, 28, 23, 0.08289875835180283
0, 193, 847, 32, 32, 0.08289214223623276
0, 151, 550, 30, 25, 0.08269298821687698
0, 177, 448, 17, 14, 0.08248145133256912
0, 147, 551, 10, 11, 0.08230795711278915
0, 227, 950, 49, 44, 0.08206487447023392
0, 248, 982, 25, 37, 0.081813283264637
0, 170, 404, 18, 20, 0.08165331184864044
0, 161, 490, 21, 21, 0.08094388246536255
0, 178, 543, 19, 23, 0.08082138746976852
0, 237, 499, 18, 19, 0.08026767522096634
0, 186, 743, 39, 25, 0.08019649237394333
0, 191, 743, 36, 26, 0.08017531782388687
0, 193, 507, 13, 17, 0.07933798432350159
0, 211, 594, 24, 29, 0.07877347618341446
0, 187, 844, 33, 32, 0.07876407355070114
0, 152, 547, 35, 31, 0.07869692146778107
0, 184, 741, 37, 33, 0.07848899811506271
0, 293, 209, 50, 94, 0.07832933217287064
0, 165, 407, 26, 37, 0.07832367718219757
0, 186, 742, 36, 29, 0.07757297158241272
0, 141, 545, 10, 15, 0.07756462693214417
0, 157, 862, 12, 21, 0.07726898789405823
0, 177, 540, 17, 20, 0.07725998014211655
0, 157, 491, 17, 17, 0.07675985246896744
0, 208, 816, 16, 29, 0.07656148821115494
0, 289, 167, 52, 67, 0.07644256949424744
0, 213, 595, 22, 26, 0.07640840858221054
0, 243, 598, 17, 20, 0.07592310756444931
0, 193, 744, 30, 21, 0.075670525431633
0, 153, 496, 19, 26, 0.07561630010604858
0, 234, 499, 26, 22, 0.07546791434288025
0, 192, 813, 30, 32, 0.07513689249753952
0, 188, 432, 30, 36, 0.07447391003370285
0, 247, 983, 24, 30, 0.0743284597992897
0, 205, 774, 24, 30, 0.07426229119300842
0, 209, 593, 20, 26, 0.07396849989891052
0, 192, 937, 21, 43, 0.07389450818300247
0, 217, 908, 45, 52, 0.07304105162620544
0, 154, 493, 17, 19, 0.07277939468622208
0, 178, 538, 19, 19, 0.07271645218133926
0, 176, 538, 14, 15, 0.07269127666950226
0, 230, 927, 35, 39, 0.0722687840461731
0, 184, 743, 38, 27, 0.07217922061681747
0, 236, 503, 22, 30, 0.07151336967945099
0, 191, 741, 26, 29, 0.07139144092798233
0, 194, 742, 27, 27, 0.07095565646886826
0, 207, 467, 22, 26, 0.07045415788888931
0, 276, 211, 48, 94, 0.07016505300998688
0, 195, 951, 24, 25, 0.07004091888666153
0, 244, 592, 21, 33, 0.07002134621143341
0, 243, 950, 32, 42, 0.06942225247621536
0, 179, 353, 32, 35, 0.06907521933317184
0, 206, 804, 24, 89, 0.06905869394540787
0, 241, 939, 26, 39, 0.06904800981283188
0, 193, 927, 17, 31, 0.06901644915342331
0, 231, 499, 29, 20, 0.06883271038532257
0, 206, 971, 54, 68, 0.06860703974962234
0, 217, 785, 24, 33, 0.06847482174634933
0, 209, 594, 17, 19, 0.06846076250076294
0, 148, 504, 10, 18, 0.068044513463974
0, 260, 315, 14, 19, 0.06801577657461166
0, 215, 597, 19, 26, 0.06766567379236221
0, 184, 501, 82, 50, 0.06747874617576599
0, 188, 814, 27, 31, 0.06700965017080307
0, 217, 501, 65, 44, 0.06664453446865082
0, 205, 948, 36, 77, 0.06653761118650436
0, 235, 503, 27, 38, 0.06642001122236252
0, 161, 405, 16, 35, 0.06631791591644287
0, 180, 356, 39, 43, 0.06629491597414017
0, 145, 531, 14, 22, 0.06582485884428024
0, 246, 438, 11, 13, 0.0657987967133522
0, 226, 408, 17, 19, 0.06502366811037064
0, 239, 928, 25, 34, 0.06482101231813431
0, 147, 509, 8, 12, 0.06465329229831696
0, 246, 438, 12, 12, 0.06438056379556656
0, 281, 237, 63, 88, 0.06415382027626038
0, 183, 442, 37, 23, 0.0640069916844368
0, 217, 958, 30, 34, 0.06326648592948914
0, 242, 535, 10, 22, 0.0630427896976471
0, 215, 962, 27, 28, 0.06267745047807693
0, 158, 548, 11, 16, 0.06266101449728012
0, 190, 952, 13, 16, 0.06250394880771637
0, 220, 957, 29, 35, 0.06248056888580322
0, 182, 346, 37, 37, 0.06215783208608627
0, 212, 789, 32, 29, 0.06211657449603081
0, 180, 843, 25, 31, 0.06113331764936447
0, 191, 339, 25, 25, 0.06075579300522804
0, 284, 209, 44, 63, 0.060619380325078964
0, 168, 588, 26, 22, 0.06047021225094795
0, 202, 595, 53, 39, 0.06003209948539734
0, 168, 980, 18, 29, 0.059885721653699875
0, 210, 860, 10, 17, 0.05979682877659798
0, 177, 845, 23, 31, 0.059554122388362885
0, 177, 845, 22, 29, 0.05906921997666359
0, 219, 596, 44, 44, 0.0589575469493866
0, 210, 860, 10, 19, 0.05894682928919792
0, 167, 966, 21, 35, 0.058933328837156296
0, 274, 242, 52, 60, 0.05861280858516693
0, 272, 170, 46, 41, 0.05852089449763298
0, 169, 589, 29, 25, 0.05852086842060089
0, 192, 384, 13, 12, 0.0583348423242569
0, 209, 861, 14, 20, 0.05831223726272583
0, 166, 485, 10, 14, 0.0582197941839695
0, 183, 492, 8, 8, 0.058018140494823456
0, 164, 586, 17, 14, 0.05792202800512314
0, 152, 763, 14, 17, 0.0578528568148613
0, 158, 416, 10, 26, 0.0576741024851799
0, 237, 625, 10, 14, 0.05716323107481003
0, 184, 492, 10, 10, 0.05713232234120369
0, 187, 495, 18, 19, 0.057061634957790375
0, 193, 383, 13, 12, 0.056500568985939026
0, 206, 801, 15, 17, 0.056261949241161346
0, 236, 934, 21, 35, 0.056047700345516205
0, 222, 747, 24, 35, 0.05587639659643173
0, 184, 493, 13, 16, 0.055837102234363556
0, 219, 743, 18, 22, 0.055797796696424484
0, 237, 624, 12, 17, 0.055793166160583496
0, 280, 209, 42, 62, 0.05578044801950455
0, 166, 947, 14, 24, 0.05558163672685623
0, 208, 858, 17, 28, 0.05534736439585686
0, 245, 309, 14, 14, 0.05509459599852562
0, 237, 624, 11, 12, 0.05493881180882454
0, 282, 194, 37, 47, 0.05488000437617302
0, 237, 624, 11, 12, 0.05464285612106323
0, 234, 1002, 57, 66, 0.054477889090776443
0, 233, 396, 16, 14, 0.05446856468915939
0, 292, 179, 35, 43, 0.054189443588256836
0, 237, 391, 20, 17, 0.05418671295046806
0, 239, 389, 13, 16, 0.05406925454735756
0, 298, 180, 29, 40, 0.054016225039958954
0, 294, 165, 27, 26, 0.053854186087846756
0, 155, 823, 12, 17, 0.05373283103108406
0, 236, 929, 19, 32, 0.05360954627394676
0, 276, 208, 37, 68, 0.053498491644859314
0, 254, 805, 12, 18, 0.05335400626063347
0, 164, 967, 15, 29, 0.053069014102220535
0, 279, 254, 62, 72, 0.051255349069833755
0, 215, 1036, 16, 15, 0.050867918878793716
0, 214, 1035, 19, 16, 0.050545331090688705
0, 221, 920, 8, 21, 0.05019384250044823
0, 298, 200, 28, 41, 0.04999528080224991
0, 239, 801, 60, 53, 0.049685992300510406
0, 175, 592, 44, 33, 0.04960915073752403
0, 215, 440, 19, 29, 0.04912316054105759
0, 180, 876, 22, 15, 0.04874319210648537
0, 272, 233, 30, 76, 0.04874252527952194
0, 307, 314, 250, 559, 0.04809696599841118
0, 148, 447, 16, 29, 0.04792005196213722
0, 254, 351, 14, 17, 0.04769518971443176
0, 276, 243, 32, 61, 0.04768409579992294
0, 194, 336, 18, 16, 0.047644440084695816
0, 153, 570, 17, 11, 0.04733595252037048
0, 296, 210, 32, 44, 0.04657725989818573
0, 235, 576, 18, 24, 0.04653416946530342
0, 300, 166, 19, 24, 0.046211980283260345
0, 252, 793, 12, 24, 0.04593580216169357
0, 268, 249, 48, 107, 0.044945694506168365
0, 192, 887, 36, 143, 0.04488024860620499
0, 277, 231, 31, 56, 0.04446801915764809
0, 219, 340, 13, 16, 0.04443259537220001
0, 305, 241, 65, 148, 0.044358767569065094
0, 305, 200, 19, 36, 0.04435078427195549
0, 8, 23, 17, 43, 0.04429663345217705
0, 179, 886, 38, 133, 0.044295672327280045
0, 249, 1004, 227, 509, 0.043679654598236084
0, 277, 243, 26, 41, 0.04334671422839165
0, 220, 228, 8, 13, 0.040928397327661514
0, 216, 563, 25, 22, 0.040666621178388596
0, 423, 1144, 16, 42, 0.04027080908417702
0, 213, 562, 32, 28, 0.0394376702606678
0, 239, 294, 13, 22, 0.03888069838285446
0, 424, 26, 13, 37, 0.037597183138132095
0, 201, 232, 11, 13, 0.03607295826077461
