0, 1022, 178, 65, 61, 0.6308019161224365
0, 439, 649, 137, 103, 0.6071347594261169
0, 829, 268, 33, 45, 0.5116772055625916
0, 829, 268, 34, 46, 0.5058882236480713
0, 811, 410, 36, 25, 0.4357387125492096
0, 778, 339, 69, 39, 0.38345402479171753
0, 443, 632, 113, 67, 0.3599298596382141
0, 741, 430, 22, 16, 0.34364497661590576
0, 741, 430, 23, 18, 0.3348393738269806
0, 456, 683, 36, 35, 0.3316015303134918
0, 388, 641, 32, 29, 0.2923499345779419
0, 889, 208, 33, 22, 0.2828098237514496
0, 811, 410, 39, 34, 0.2616814970970154
0, 742, 429, 29, 22, 0.25665032863616943
0, 741, 430, 21, 17, 0.2554716169834137
