0, 731, 142, 36, 29, 0.6069928407669067
0, 731, 142, 36, 30, 0.5895841717720032
0, 648, 213, 26, 53, 0.5816026926040649
0, 649, 212, 24, 51, 0.5674759745597839
0, 221, 681, 21, 49, 0.5491461157798767
0, 473, 442, 20, 17, 0.47665709257125854
0, 399, 495, 19, 28, 0.46918806433677673
0, 220, 626, 9, 16, 0.4620426595211029
0, 171, 685, 43, 47, 0.45468372106552124
0, 264, 585, 86, 94, 0.3852711021900177
0, 254, 600, 66, 58, 0.37782734632492065
0, 265, 636, 11, 10, 0.36377251148223877
0, 277, 580, 111, 111, 0.3361080586910248
0, 281, 585, 84, 86, 0.32765182852745056
0, 173, 680, 36, 46, 0.29735124111175537
0, 648, 213, 23, 52, 0.2728792130947113
0, 234, 610, 19, 21, 0.2651478052139282
0, 287, 657, 11, 14, 0.25000831484794617
