0, 80, 317, 47, 49, 0.6617198586463928
0, 246, 530, 102, 79, 0.65123450756073
0, 177, 173, 135, 99, 0.6388625502586365
0, 310, 609, 32, 34, 0.6128115653991699
0, 123, 388, 30, 41, 0.5699723362922668
0, 152, 402, 26, 33, 0.5449374318122864
0, 144, 162, 62, 60, 0.4818304777145386
0, 346, 702, 58, 58, 0.4686874449253082
0, 64, 254, 22, 18, 0.4610828757286072
0, 310, 610, 32, 33, 0.3426454961299896
0, 64, 252, 25, 29, 0.217180073261261
0, 66, 254, 22, 18, 0.20981429517269135
0, 64, 249, 24, 32, 0.20720504224300385
0, 153, 403, 26, 34, 0.1860516518354416
0, 349, 691, 34, 34, 0.17832161486148834
0, 153, 403, 26, 38, 0.17586959898471832
0, 67, 245, 27, 36, 0.17236532270908356
0, 209, 172, 223, 122, 0.17093925178050995
0, 176, 182, 136, 87, 0.16990359127521515
0, 273, 165, 239, 131, 0.16642317175865173
0, 310, 609, 31, 32, 0.16476663947105408
0, 278, 152, 211, 160, 0.16381579637527466
0, 217, 166, 264, 129, 0.1551225334405899
0, 152, 405, 28, 36, 0.15142327547073364
0, 79, 317, 45, 46, 0.1499258130788803
0, 341, 716, 24, 25, 0.149399533867836
0, 351, 691, 32, 28, 0.14902260899543762
0, 277, 575, 29, 21, 0.14695137739181519
0, 360, 700, 26, 16, 0.14466392993927002
0, 278, 575, 29, 20, 0.1411193311214447
0, 258, 532, 78, 77, 0.14095476269721985
0, 155, 406, 25, 34, 0.13780218362808228
0, 123, 388, 31, 41, 0.13533732295036316
0, 255, 156, 148, 94, 0.13414834439754486
0, 246, 538, 79, 69, 0.1333438605070114
0, 356, 697, 34, 24, 0.13307051360607147
0, 337, 718, 12, 15, 0.13110195100307465
0, 356, 209, 61, 51, 0.1273103505373001
0, 335, 722, 16, 22, 0.12623831629753113
0, 288, 183, 50, 37, 0.12604643404483795
0, 269, 159, 168, 97, 0.12603917717933655
0, 105, 415, 17, 17, 0.1256479173898697
0, 62, 228, 11, 13, 0.12556689977645874
0, 125, 386, 27, 36, 0.12547367811203003
0, 77, 317, 40, 48, 0.12538211047649384
0, 105, 415, 16, 14, 0.12307823449373245
0, 349, 686, 29, 22, 0.12011100351810455
0, 268, 545, 39, 46, 0.11961885541677475
0, 358, 209, 65, 53, 0.11931771039962769
0, 63, 227, 13, 18, 0.11553084850311279
0, 319, 165, 133, 98, 0.11501078307628632
0, 208, 515, 23, 15, 0.11457265168428421
0, 207, 515, 22, 15, 0.11434705555438995
0, 267, 546, 37, 45, 0.11401897668838501
0, 275, 185, 93, 67, 0.11379705369472504
0, 207, 516, 20, 15, 0.11284176260232925
0, 155, 397, 17, 21, 0.11243647336959839
0, 49, 268, 12, 12, 0.11136030405759811
0, 281, 180, 52, 38, 0.11017514765262604
0, 86, 274, 10, 13, 0.11003603786230087
0, 354, 700, 14, 12, 0.10974585264921188
0, 77, 311, 32, 34, 0.10888410359621048
0, 372, 207, 27, 28, 0.10867667198181152
0, 250, 143, 142, 79, 0.10825235396623611
0, 272, 173, 272, 177, 0.1058797612786293
0, 291, 186, 43, 32, 0.10574673861265182
0, 308, 611, 26, 27, 0.1052737757563591
0, 226, 503, 22, 16, 0.10421155393123627
0, 50, 269, 13, 14, 0.10401664674282074
0, 272, 174, 50, 26, 0.10383840650320053
0, 316, 608, 15, 26, 0.10363920778036118
0, 227, 503, 18, 15, 0.10325933247804642
0, 236, 516, 42, 40, 0.10297314822673798
0, 398, 727, 29, 33, 0.10237054526805878
0, 48, 268, 11, 11, 0.10214576125144958
0, 48, 268, 10, 11, 0.10135797411203384
0, 127, 380, 21, 22, 0.10065951198339462
0, 108, 418, 10, 10, 0.10016274452209473
0, 106, 185, 24, 35, 0.09974288195371628
0, 70, 236, 17, 14, 0.09966258704662323
0, 145, 160, 51, 43, 0.0995803028345108
0, 316, 613, 17, 25, 0.09946786612272263
0, 281, 574, 19, 13, 0.09897014498710632
0, 239, 526, 41, 53, 0.09865079075098038
0, 331, 700, 17, 17, 0.0982302725315094
0, 209, 517, 25, 26, 0.09813801199197769
0, 105, 284, 13, 9, 0.09792584925889969
0, 204, 184, 79, 75, 0.09753598272800446
0, 339, 169, 56, 43, 0.09732270240783691
0, 269, 175, 55, 35, 0.09662526100873947
0, 329, 701, 22, 17, 0.09611696004867554
0, 103, 187, 16, 26, 0.0960083156824112
0, 329, 723, 23, 21, 0.09545246511697769
0, 374, 209, 19, 20, 0.09539380669593811
0, 333, 702, 12, 15, 0.09521158039569855
0, 374, 209, 22, 20, 0.09517525136470795
0, 361, 640, 17, 22, 0.09510648995637894
0, 104, 179, 17, 38, 0.09499718993902206
0, 235, 507, 37, 25, 0.09469053149223328
0, 124, 379, 22, 23, 0.09468448907136917
0, 183, 491, 9, 8, 0.09467212110757828
0, 106, 284, 17, 12, 0.09454535692930222
0, 365, 209, 45, 36, 0.09453625977039337
0, 361, 626, 18, 18, 0.09421373158693314
0, 226, 526, 56, 50, 0.09391963481903076
0, 343, 172, 57, 47, 0.09349214285612106
0, 329, 719, 21, 18, 0.09339544177055359
0, 235, 532, 47, 48, 0.09326444566249847
0, 334, 699, 11, 16, 0.09293746948242188
0, 405, 730, 12, 18, 0.09272660315036774
0, 183, 491, 9, 9, 0.09268689155578613
0, 371, 213, 34, 37, 0.09233317524194717
0, 347, 684, 23, 18, 0.09206561744213104
0, 362, 643, 14, 16, 0.09195025265216827
0, 405, 730, 12, 17, 0.0917692631483078
0, 74, 235, 15, 17, 0.09175237268209457
0, 215, 512, 20, 16, 0.09132842719554901
0, 233, 470, 18, 17, 0.09075590968132019
0, 361, 641, 15, 19, 0.09056941419839859
0, 230, 524, 45, 39, 0.09016549587249756
0, 216, 446, 11, 8, 0.09013906866312027
0, 105, 283, 13, 13, 0.08999378979206085
0, 251, 161, 279, 163, 0.08984058350324631
0, 240, 470, 37, 23, 0.08889719098806381
0, 360, 640, 23, 21, 0.088883176445961
0, 269, 542, 31, 33, 0.088420569896698
0, 273, 147, 55, 36, 0.08830437809228897
0, 233, 472, 17, 14, 0.08818099647760391
0, 227, 505, 24, 23, 0.08788121491670609
0, 210, 447, 27, 17, 0.08763910830020905
0, 73, 238, 27, 34, 0.08761931955814362
0, 239, 166, 24, 20, 0.08642185479402542
0, 346, 204, 42, 44, 0.08629610389471054
0, 374, 212, 23, 30, 0.08608086407184601
0, 149, 161, 45, 38, 0.08592760562896729
0, 233, 471, 18, 12, 0.0858820304274559
0, 282, 572, 19, 12, 0.08570647984743118
0, 266, 543, 30, 36, 0.08563237637281418
0, 189, 167, 47, 53, 0.08550854027271271
0, 347, 211, 42, 43, 0.08540470898151398
0, 348, 718, 14, 17, 0.08509287983179092
0, 145, 154, 41, 36, 0.0845714583992958
0, 364, 647, 17, 24, 0.08437416702508926
0, 322, 719, 13, 15, 0.08437135070562363
0, 183, 410, 14, 11, 0.08401551097631454
0, 112, 308, 30, 28, 0.08394194394350052
0, 356, 711, 39, 39, 0.08381319046020508
0, 323, 722, 13, 17, 0.08376797288656235
0, 221, 522, 40, 36, 0.08368238061666489
0, 235, 528, 38, 33, 0.08357156813144684
0, 209, 449, 31, 25, 0.08343202620744705
0, 83, 273, 12, 14, 0.08275382220745087
0, 102, 192, 12, 17, 0.08269508183002472
0, 113, 301, 11, 10, 0.08235039561986923
0, 341, 594, 19, 18, 0.08170313388109207
0, 183, 410, 12, 10, 0.08127273619174957
0, 406, 733, 9, 11, 0.08103302866220474
0, 358, 625, 27, 22, 0.08031382411718369
0, 356, 614, 13, 13, 0.08016292005777359
0, 338, 173, 50, 34, 0.07999614626169205
0, 367, 657, 12, 10, 0.07987367361783981
0, 304, 584, 14, 20, 0.07985615730285645
0, 270, 142, 45, 36, 0.07940208166837692
0, 209, 449, 33, 28, 0.07922592014074326
0, 367, 703, 12, 11, 0.07910565286874771
0, 406, 734, 9, 10, 0.07903259247541428
0, 308, 587, 22, 22, 0.07887443900108337
0, 308, 586, 25, 26, 0.07856852561235428
0, 117, 305, 23, 22, 0.07850049436092377
0, 394, 722, 15, 20, 0.07840541750192642
0, 231, 475, 15, 8, 0.07810085266828537
0, 267, 470, 23, 20, 0.0779748186469078
0, 358, 617, 18, 20, 0.07795887440443039
0, 272, 575, 16, 12, 0.077730193734169
0, 68, 221, 20, 15, 0.07768835127353668
0, 340, 594, 19, 22, 0.07732453942298889
0, 94, 273, 27, 23, 0.07723861932754517
0, 344, 599, 9, 11, 0.07719960808753967
0, 308, 587, 25, 26, 0.07646031677722931
0, 343, 166, 41, 30, 0.07635451853275299
0, 407, 667, 13, 10, 0.07634148746728897
0, 408, 668, 12, 9, 0.07595380395650864
0, 241, 537, 32, 43, 0.075897715985775
0, 272, 575, 17, 13, 0.07573375105857849
0, 284, 176, 20, 16, 0.07562477886676788
0, 346, 707, 16, 20, 0.07530908286571503
0, 264, 143, 38, 32, 0.0747375413775444
0, 54, 290, 11, 11, 0.07463769614696503
0, 272, 535, 25, 22, 0.07395519316196442
0, 328, 177, 28, 20, 0.07394123077392578
0, 78, 304, 21, 22, 0.07381802052259445
0, 208, 451, 27, 19, 0.07374020665884018
0, 252, 472, 69, 29, 0.0737382024526596
0, 85, 322, 32, 36, 0.07361841201782227
0, 358, 644, 24, 20, 0.07343965768814087
0, 237, 170, 22, 19, 0.07310830056667328
0, 152, 152, 30, 28, 0.07293139398097992
0, 283, 141, 45, 31, 0.07264818996191025
0, 277, 140, 41, 25, 0.0725303441286087
0, 189, 174, 41, 47, 0.07237947732210159
0, 322, 173, 69, 43, 0.07203928381204605
0, 215, 139, 49, 37, 0.072029247879982
0, 351, 211, 36, 32, 0.07199820876121521
0, 305, 606, 20, 23, 0.07193214446306229
0, 161, 458, 27, 45, 0.07158473134040833
0, 192, 174, 38, 41, 0.07145204395055771
0, 266, 470, 20, 18, 0.07144679129123688
0, 350, 164, 27, 23, 0.07048650830984116
0, 299, 148, 55, 46, 0.0697256475687027
0, 136, 161, 37, 37, 0.06943824142217636
0, 407, 666, 17, 16, 0.06925830245018005
0, 163, 421, 11, 9, 0.06918898969888687
0, 393, 720, 13, 19, 0.06916546821594238
0, 349, 724, 10, 10, 0.0690665990114212
0, 255, 142, 94, 42, 0.06902825832366943
0, 210, 176, 47, 48, 0.06888743489980698
0, 129, 394, 22, 31, 0.06878319382667542
0, 234, 178, 383, 196, 0.06843795627355576
0, 94, 316, 65, 52, 0.06826886534690857
0, 404, 722, 10, 15, 0.06803938746452332
0, 212, 138, 52, 37, 0.06802072376012802
0, 246, 511, 13, 15, 0.06780939549207687
0, 265, 164, 45, 42, 0.0676727294921875
0, 310, 162, 28, 20, 0.06746932119131088
0, 298, 142, 45, 34, 0.06720835715532303
0, 351, 171, 41, 35, 0.06706461310386658
0, 95, 333, 12, 13, 0.06695076078176498
0, 235, 166, 33, 27, 0.06679092347621918
0, 199, 173, 29, 34, 0.06638270616531372
0, 227, 531, 26, 24, 0.06594772636890411
0, 159, 458, 31, 43, 0.06583549082279205
0, 124, 306, 40, 24, 0.06548796594142914
0, 215, 197, 47, 51, 0.0654357522726059
0, 344, 216, 35, 30, 0.06538919359445572
0, 260, 150, 21, 14, 0.06481583416461945
0, 211, 133, 47, 31, 0.06455488502979279
0, 187, 157, 44, 39, 0.06426700949668884
0, 279, 589, 17, 12, 0.0640723705291748
0, 218, 197, 42, 48, 0.0640254020690918
0, 269, 167, 14, 13, 0.0640215128660202
0, 53, 294, 15, 20, 0.063927061855793
0, 111, 190, 41, 35, 0.06331867724657059
0, 243, 170, 35, 29, 0.06316515803337097
0, 121, 206, 13, 15, 0.06314326077699661
0, 195, 167, 24, 30, 0.0629572868347168
0, 381, 654, 78, 44, 0.06278644502162933
0, 124, 204, 18, 20, 0.0625028908252716
0, 95, 270, 19, 14, 0.06202203407883644
0, 269, 557, 44, 33, 0.061678603291511536
0, 257, 557, 14, 21, 0.06139620020985603
0, 303, 196, 31, 22, 0.0612216480076313
0, 268, 511, 50, 27, 0.061108991503715515
0, 294, 141, 37, 26, 0.06099164858460426
0, 331, 182, 47, 38, 0.06088859587907791
0, 256, 558, 12, 17, 0.060872264206409454
0, 114, 171, 39, 57, 0.06060723215341568
0, 309, 153, 32, 28, 0.06023715063929558
0, 223, 199, 40, 44, 0.06017559394240379
0, 246, 549, 22, 27, 0.06017279997467995
0, 337, 218, 19, 23, 0.060161273926496506
0, 202, 453, 14, 12, 0.05998528376221657
0, 260, 507, 49, 22, 0.059543512761592865
0, 164, 466, 22, 29, 0.05938411131501198
0, 268, 211, 21, 23, 0.058905381709337234
0, 100, 335, 8, 11, 0.0587582103908062
0, 337, 215, 20, 23, 0.057535748928785324
0, 357, 214, 28, 26, 0.05730278044939041
0, 301, 649, 26, 26, 0.05715914070606232
0, 129, 163, 27, 36, 0.056546736508607864
0, 293, 542, 10, 11, 0.055828195065259933
0, 293, 542, 9, 9, 0.055032387375831604
0, 96, 194, 24, 25, 0.05498161166906357
0, 452, 227, 9, 15, 0.05462734401226044
0, 71, 306, 23, 24, 0.05447937175631523
0, 118, 398, 16, 22, 0.05427874997258186
0, 159, 447, 17, 19, 0.05414799228310585
0, 78, 399, 13, 17, 0.053658388555049896
0, 102, 318, 11, 13, 0.05364098399877548
0, 186, 183, 27, 37, 0.0533975325524807
0, 70, 318, 26, 41, 0.05320166423916817
0, 440, 164, 27, 26, 0.05266927182674408
0, 216, 190, 33, 37, 0.05233313515782356
0, 267, 505, 21, 15, 0.051899779587984085
0, 299, 650, 23, 30, 0.050691619515419006
0, 331, 209, 37, 33, 0.047340553253889084
0, 88, 196, 11, 12, 0.0471486821770668
0, 177, 541, 13, 10, 0.046869341284036636
0, 180, 515, 24, 12, 0.04622608795762062
0, 92, 301, 26, 19, 0.045840468257665634
0, 326, 637, 16, 19, 0.04559372738003731
0, 109, 342, 16, 18, 0.045163121074438095
0, 230, 561, 60, 50, 0.04495807737112045
0, 181, 515, 23, 12, 0.044852182269096375
0, 393, 231, 13, 22, 0.04423001408576965
0, 307, 669, 13, 12, 0.04421360045671463
0, 284, 590, 187, 194, 0.04398499056696892
0, 118, 453, 8, 8, 0.0434054397046566
0, 201, 554, 11, 8, 0.04162893444299698
0, 342, 635, 14, 14, 0.04005447030067444
0, 302, 640, 20, 14, 0.03459976240992546
