0, 275, 264, 37, 38, 0.6323009729385376
0, 159, 240, 24, 46, 0.6140013337135315
0, 275, 264, 37, 39, 0.5912554264068604
0, 159, 240, 24, 46, 0.5819843411445618
0, 281, 290, 48, 38, 0.5358181595802307
0, 166, 641, 85, 79, 0.5180653929710388
0, 81, 735, 16, 17, 0.48509538173675537
0, 356, 377, 21, 33, 0.48351800441741943
0, 96, 707, 39, 33, 0.4715300500392914
0, 117, 189, 30, 52, 0.4594516158103943
0, 152, 180, 28, 21, 0.45510411262512207
0, 145, 703, 33, 16, 0.44619324803352356
0, 117, 188, 29, 51, 0.43030497431755066
0, 144, 704, 34, 19, 0.4214428663253784
0, 343, 330, 78, 49, 0.39762985706329346
0, 279, 500, 58, 52, 0.3870773911476135
0, 369, 346, 28, 21, 0.35443803668022156
0, 128, 684, 38, 20, 0.35144418478012085
0, 144, 703, 34, 14, 0.33911243081092834
0, 129, 683, 36, 17, 0.3269083797931671
0, 285, 462, 32, 19, 0.2914222776889801
0, 100, 656, 18, 25, 0.28865861892700195
0, 136, 211, 22, 42, 0.2732980251312256
