0, 405, 467, 78, 96, 0.6211708188056946
0, 467, 368, 92, 75, 0.5737813115119934
0, 408, 434, 53, 31, 0.5128790736198425
0, 349, 589, 99, 131, 0.4521450996398926
0, 325, 630, 175, 249, 0.40940776467323303
0, 404, 472, 77, 79, 0.25702744722366333
0, 405, 429, 46, 27, 0.25005146861076355
0, 353, 592, 103, 142, 0.23512433469295502
0, 315, 634, 195, 244, 0.22658659517765045
0, 292, 698, 81, 93, 0.19708749651908875
0, 200, 828, 64, 58, 0.17538033425807953
0, 402, 428, 39, 20, 0.1697453260421753
0, 202, 829, 63, 58, 0.16542617976665497
0, 416, 438, 37, 32, 0.16433745622634888
0, 401, 429, 36, 22, 0.16153745353221893
0, 322, 611, 43, 42, 0.16044944524765015
0, 441, 369, 132, 82, 0.15982657670974731
0, 437, 389, 32, 29, 0.15463978052139282
0, 325, 613, 52, 44, 0.15461371839046478
0, 403, 474, 75, 73, 0.15420114994049072
0, 299, 639, 240, 260, 0.1539810299873352
0, 229, 798, 15, 17, 0.15119653940200806
0, 349, 568, 55, 57, 0.15004225075244904
0, 407, 446, 47, 45, 0.1439972221851349
0, 315, 684, 129, 131, 0.14362205564975739
0, 438, 389, 31, 30, 0.1426496058702469
0, 341, 632, 64, 56, 0.13981743156909943
0, 337, 636, 292, 304, 0.1332484781742096
0, 360, 528, 50, 24, 0.13257823884487152
0, 408, 478, 71, 68, 0.13110676407814026
0, 316, 608, 30, 35, 0.13090631365776062
0, 316, 608, 29, 34, 0.1289486140012741
0, 344, 569, 45, 50, 0.12767253816127777
0, 315, 608, 26, 31, 0.1269269436597824
0, 402, 457, 25, 25, 0.12540622055530548
0, 220, 873, 32, 32, 0.12503719329833984
0, 426, 445, 18, 21, 0.12491491436958313
0, 545, 336, 36, 34, 0.1242983341217041
0, 397, 429, 30, 20, 0.1238391324877739
0, 426, 444, 21, 24, 0.12382432818412781
0, 343, 627, 52, 43, 0.12318702787160873
0, 473, 365, 65, 62, 0.12307693809270859
0, 358, 528, 46, 25, 0.12246503680944443
0, 231, 786, 54, 55, 0.12185891717672348
0, 332, 627, 62, 57, 0.121351458132267
0, 326, 617, 50, 37, 0.12132569402456284
0, 546, 332, 46, 50, 0.11726222932338715
0, 206, 829, 49, 42, 0.11675344407558441
0, 211, 826, 54, 52, 0.11619103699922562
0, 396, 458, 40, 32, 0.11569993197917938
0, 392, 462, 44, 31, 0.11542092263698578
0, 360, 545, 53, 54, 0.11429767310619354
0, 220, 870, 35, 45, 0.1142551526427269
0, 281, 634, 202, 168, 0.114107146859169
0, 438, 383, 31, 34, 0.11201371997594833
0, 445, 387, 42, 36, 0.11188696324825287
0, 477, 364, 55, 55, 0.11121940612792969
0, 345, 632, 36, 37, 0.11086380481719971
0, 370, 559, 71, 89, 0.10922504216432571
0, 325, 623, 51, 52, 0.10889972001314163
0, 344, 634, 35, 32, 0.10879980772733688
0, 403, 458, 31, 34, 0.1084124743938446
0, 345, 563, 39, 49, 0.10833326727151871
0, 327, 627, 62, 73, 0.10780832171440125
0, 333, 642, 59, 45, 0.10750430077314377
0, 344, 485, 225, 159, 0.1073625311255455
0, 400, 405, 37, 26, 0.10706710815429688
0, 338, 607, 68, 34, 0.10673268139362335
0, 399, 405, 36, 22, 0.10617727786302567
0, 551, 333, 27, 25, 0.10478582233190536
0, 203, 818, 47, 29, 0.10458090156316757
0, 366, 631, 264, 287, 0.10323211550712585
0, 236, 789, 34, 42, 0.10266818106174469
0, 197, 946, 29, 25, 0.10232601314783096
0, 223, 874, 24, 26, 0.10090146213769913
0, 397, 404, 35, 21, 0.10078971832990646
0, 402, 400, 38, 36, 0.10032309591770172
0, 458, 370, 74, 59, 0.10007671266794205
0, 356, 544, 50, 53, 0.10005520284175873
0, 395, 428, 25, 15, 0.09927446395158768
0, 296, 702, 73, 89, 0.09865223616361618
0, 305, 535, 184, 102, 0.09849181771278381
0, 197, 947, 32, 31, 0.09846510738134384
0, 344, 638, 33, 30, 0.09809102863073349
0, 401, 402, 41, 38, 0.0980757623910904
0, 222, 793, 81, 67, 0.09763355553150177
0, 188, 815, 32, 23, 0.09736667573451996
0, 551, 334, 22, 19, 0.09715834259986877
0, 341, 573, 40, 48, 0.0958370491862297
0, 603, 263, 47, 49, 0.09526678919792175
0, 645, 206, 33, 35, 0.09526196122169495
0, 161, 910, 37, 38, 0.09516246616840363
0, 299, 680, 66, 61, 0.09489608556032181
0, 223, 786, 41, 48, 0.09463699907064438
0, 424, 481, 39, 46, 0.09387141466140747
0, 227, 789, 28, 42, 0.09381922334432602
0, 227, 808, 18, 16, 0.09360706061124802
0, 486, 359, 45, 50, 0.09353218227624893
0, 553, 332, 25, 22, 0.09325513243675232
0, 433, 426, 147, 80, 0.09314199537038803
0, 191, 826, 49, 53, 0.09227169305086136
0, 357, 560, 30, 34, 0.09165816754102707
0, 300, 697, 61, 79, 0.0902789980173111
0, 362, 491, 34, 27, 0.08955668658018112
0, 607, 261, 54, 57, 0.08930432796478271
0, 266, 671, 27, 26, 0.08911750465631485
0, 474, 366, 48, 51, 0.08889278024435043
0, 172, 908, 48, 44, 0.08863969892263412
0, 373, 656, 169, 288, 0.08857589215040207
0, 271, 670, 32, 24, 0.08836042135953903
0, 377, 581, 57, 77, 0.08814628422260284
0, 214, 875, 30, 28, 0.08694116771221161
0, 158, 918, 24, 19, 0.08687037229537964
0, 362, 493, 36, 28, 0.08680835366249084
0, 334, 572, 55, 53, 0.08674433827400208
0, 192, 814, 30, 20, 0.08666648715734482
0, 357, 618, 27, 25, 0.08657752722501755
0, 224, 869, 23, 28, 0.08649444580078125
0, 402, 485, 72, 55, 0.08580987900495529
0, 349, 641, 29, 24, 0.08559097349643707
0, 502, 1215, 38, 18, 0.08536086231470108
0, 392, 472, 46, 53, 0.08513602614402771
0, 361, 617, 16, 16, 0.08506177365779877
0, 307, 672, 48, 45, 0.08503925055265427
0, 332, 651, 54, 40, 0.08498244732618332
0, 368, 559, 24, 28, 0.08487646281719208
0, 361, 491, 33, 32, 0.08364132791757584
0, 366, 561, 34, 39, 0.08358898758888245
0, 154, 916, 24, 22, 0.0833507776260376
0, 219, 773, 12, 19, 0.08329582214355469
0, 229, 778, 32, 33, 0.08295347541570663
0, 381, 465, 20, 22, 0.08278213441371918
0, 351, 530, 36, 27, 0.08255685120820999
0, 320, 651, 21, 19, 0.08194690197706223
0, 336, 564, 45, 46, 0.08180063962936401
0, 142, 941, 16, 17, 0.08138211816549301
0, 360, 491, 30, 28, 0.08136294037103653
0, 309, 655, 48, 28, 0.08121105283498764
0, 378, 589, 53, 71, 0.08112394064664841
0, 454, 418, 22, 14, 0.08059503138065338
0, 471, 368, 47, 47, 0.07971739768981934
0, 313, 694, 62, 75, 0.079562708735466
0, 307, 682, 49, 48, 0.07943673431873322
0, 240, 800, 30, 33, 0.0790528729557991
0, 154, 918, 25, 23, 0.07867825031280518
0, 178, 894, 67, 91, 0.07820542901754379
0, 265, 673, 24, 28, 0.0776166319847107
0, 205, 671, 45, 43, 0.07723625749349594
0, 292, 716, 63, 62, 0.07710524648427963
0, 287, 697, 65, 83, 0.07706141471862793
0, 215, 834, 26, 32, 0.07662650942802429
0, 208, 968, 14, 20, 0.07649107277393341
0, 204, 674, 47, 40, 0.07609818875789642
0, 330, 587, 57, 54, 0.07492248713970184
0, 297, 672, 46, 35, 0.07473602145910263
0, 315, 654, 28, 20, 0.07469824701547623
0, 187, 942, 12, 17, 0.07428794354200363
0, 539, 311, 37, 28, 0.07417617738246918
0, 428, 475, 27, 38, 0.07381875813007355
0, 542, 354, 14, 11, 0.07356496900320053
0, 345, 677, 127, 152, 0.07327606528997421
0, 421, 409, 76, 88, 0.07319720834493637
0, 426, 428, 28, 23, 0.07270216196775436
0, 263, 671, 38, 35, 0.07233639061450958
0, 351, 649, 49, 47, 0.0722774788737297
0, 374, 556, 25, 29, 0.07202610373497009
0, 154, 922, 39, 35, 0.07190914452075958
0, 178, 982, 9, 22, 0.07164823263883591
0, 603, 256, 36, 39, 0.07162179052829742
0, 203, 952, 20, 27, 0.07161837816238403
0, 198, 674, 47, 44, 0.07059365510940552
0, 203, 678, 55, 50, 0.07022660970687866
0, 209, 670, 61, 59, 0.07021819055080414
0, 169, 917, 25, 24, 0.070082888007164
0, 275, 674, 47, 37, 0.07005759328603745
0, 541, 308, 31, 20, 0.07001657038927078
0, 342, 658, 25, 16, 0.06998086720705032
0, 170, 1013, 15, 14, 0.06938744336366653
0, 144, 938, 21, 27, 0.06932651996612549
0, 369, 605, 24, 23, 0.06931495666503906
0, 178, 872, 126, 158, 0.06930702179670334
0, 179, 983, 9, 23, 0.06926396489143372
0, 284, 672, 21, 26, 0.06925428658723831
0, 535, 337, 16, 19, 0.06905582547187805
0, 536, 335, 23, 25, 0.06844073534011841
0, 188, 955, 55, 60, 0.06826602667570114
0, 283, 672, 22, 30, 0.06788454949855804
0, 469, 365, 35, 39, 0.06752092391252518
0, 177, 978, 12, 34, 0.06733440607786179
0, 369, 579, 44, 70, 0.06724563241004944
0, 611, 265, 26, 33, 0.06706497818231583
0, 430, 477, 20, 27, 0.06684121489524841
0, 367, 603, 33, 44, 0.06654047220945358
0, 168, 1014, 10, 13, 0.0664873942732811
0, 458, 365, 55, 48, 0.0664236918091774
0, 196, 888, 19, 14, 0.0660601481795311
0, 217, 814, 20, 14, 0.0660419836640358
0, 409, 496, 58, 71, 0.0659845694899559
0, 641, 208, 20, 24, 0.06596501171588898
0, 165, 898, 27, 28, 0.06547406315803528
0, 378, 570, 34, 27, 0.06505513191223145
0, 163, 845, 212, 212, 0.06501851230859756
0, 170, 934, 70, 65, 0.06500141322612762
0, 543, 304, 23, 17, 0.06485054641962051
0, 387, 580, 28, 32, 0.06471643596887589
0, 277, 725, 50, 46, 0.06415021419525146
0, 307, 693, 33, 38, 0.06386200338602066
0, 304, 712, 43, 61, 0.0635465458035469
0, 286, 723, 46, 43, 0.06306566298007965
0, 274, 722, 42, 35, 0.06295464187860489
0, 190, 882, 21, 20, 0.06291260570287704
0, 212, 744, 26, 15, 0.06271132081747055
0, 339, 540, 14, 15, 0.0624733529984951
0, 388, 572, 29, 31, 0.06239490211009979
0, 276, 726, 46, 33, 0.062355317175388336
0, 186, 913, 19, 24, 0.06234527751803398
0, 196, 884, 30, 28, 0.062137387692928314
0, 266, 590, 162, 93, 0.06044001504778862
0, 539, 301, 38, 40, 0.06032523512840271
0, 644, 195, 29, 21, 0.06014317274093628
0, 325, 676, 69, 73, 0.06007266044616699
0, 553, 279, 44, 26, 0.059613436460494995
0, 170, 892, 16, 18, 0.058709703385829926
0, 372, 503, 14, 10, 0.05843522772192955
0, 323, 585, 347, 405, 0.05839933082461357
0, 169, 861, 22, 29, 0.0581316240131855
0, 409, 495, 48, 43, 0.05806957930326462
0, 269, 720, 36, 36, 0.057843614369630814
0, 170, 941, 19, 17, 0.057829637080430984
0, 216, 746, 36, 21, 0.05751720815896988
0, 641, 195, 28, 20, 0.0571538507938385
0, 293, 729, 40, 32, 0.05704210326075554
0, 608, 209, 16, 24, 0.05626193806529045
0, 341, 677, 26, 22, 0.0559665709733963
0, 284, 727, 39, 33, 0.05562062934041023
0, 282, 704, 40, 52, 0.05561833828687668
0, 446, 453, 16, 20, 0.05546274408698082
0, 194, 669, 32, 30, 0.05504494905471802
0, 538, 283, 31, 18, 0.055010728538036346
0, 542, 281, 40, 22, 0.055006686598062515
0, 268, 727, 34, 30, 0.05459025874733925
0, 179, 1033, 17, 25, 0.05449942871928215
0, 167, 860, 16, 24, 0.05438731610774994
0, 425, 511, 17, 18, 0.053991448134183884
0, 637, 217, 11, 14, 0.05396563187241554
0, 607, 209, 13, 19, 0.05373850837349892
0, 181, 1036, 16, 23, 0.05363238975405693
0, 426, 512, 12, 16, 0.053563106805086136
0, 333, 699, 24, 29, 0.05345640704035759
0, 254, 814, 12, 14, 0.0531129352748394
0, 7, 882, 14, 57, 0.052970048040151596
0, 438, 365, 22, 15, 0.05273403599858284
0, 458, 430, 37, 42, 0.052081428468227386
0, 601, 275, 46, 33, 0.051978934556245804
0, 190, 671, 29, 32, 0.05174943432211876
0, 286, 735, 21, 16, 0.05112424120306969
0, 226, 710, 32, 27, 0.05053754895925522
0, 565, 276, 17, 17, 0.04986714571714401
0, 398, 501, 28, 21, 0.04936952888965607
0, 227, 714, 30, 23, 0.04907167702913284
0, 524, 253, 24, 21, 0.049066636711359024
0, 184, 1041, 16, 19, 0.04885909706354141
0, 480, 345, 39, 26, 0.04883610084652901
0, 294, 763, 13, 13, 0.048773862421512604
0, 149, 959, 14, 12, 0.048399049788713455
0, 229, 715, 26, 17, 0.04837685078382492
0, 566, 307, 12, 10, 0.04806693643331528
0, 680, 205, 19, 19, 0.0466732457280159
0, 893, 1206, 16, 32, 0.046320635825395584
0, 209, 998, 15, 19, 0.04503577947616577
0, 15, 19, 30, 37, 0.0448935367166996
0, 193, 160, 12, 19, 0.044564440846443176
0, 62, 1201, 37, 40, 0.04415741190314293
0, 891, 281, 19, 58, 0.04412020742893219
0, 499, 344, 16, 22, 0.043871473520994186
0, 496, 343, 22, 21, 0.04289928823709488
0, 889, 24, 24, 32, 0.042749516665935516
0, 653, 160, 170, 141, 0.0426783449947834
0, 777, 11, 57, 21, 0.041975248605012894
0, 836, 1199, 93, 49, 0.04194911941885948
0, 269, 68, 17, 19, 0.041580744087696075
0, 892, 211, 16, 53, 0.04105522483587265
0, 109, 128, 14, 18, 0.04103967547416687
0, 12, 1202, 26, 45, 0.04051625356078148
0, 889, 337, 23, 67, 0.04015364125370979
0, 252, 609, 26, 21, 0.03899848461151123
0, 470, 83, 12, 16, 0.03894093632698059
0, 600, 338, 15, 20, 0.03718532994389534
0, 607, 220, 249, 203, 0.03706951066851616
0, 290, 748, 97, 100, 0.03677855432033539
0, 879, 88, 42, 94, 0.03660629317164421
0, 693, 209, 73, 89, 0.03414439037442207
0, 820, 157, 161, 225, 0.03380309045314789
0, 335, 1035, 12, 16, 0.03212544322013855
0, 829, 20, 78, 42, 0.03100152499973774
0, 830, 90, 128, 125, 0.030686482787132263
0, 673, 156, 317, 250, 0.02899227850139141
0, 349, 538, 444, 500, 0.028438175097107887
0, 383, 559, 434, 548, 0.027812862768769264
0, 410, 515, 434, 577, 0.022285910323262215
