0, 494, 508, 90, 71, 0.7391191124916077
0, 399, 342, 54, 64, 0.6646515727043152
0, 213, 552, 87, 60, 0.6645972728729248
0, 967, 636, 32, 40, 0.604697048664093
0, 967, 636, 32, 41, 0.5997247695922852
0, 966, 636, 28, 39, 0.5961161255836487
0, 811, 697, 45, 28, 0.5841861963272095
0, 1053, 427, 83, 79, 0.5822986364364624
0, 811, 698, 46, 34, 0.5592564344406128
0, 389, 208, 33, 40, 0.47188785672187805
0, 655, 748, 23, 34, 0.4664921760559082
0, 392, 173, 20, 20, 0.44986897706985474
0, 1006, 604, 11, 14, 0.40420863032341003
0, 648, 737, 15, 13, 0.3930746018886566
0, 503, 751, 38, 35, 0.2689785659313202
0, 772, 712, 19, 25, 0.26254966855049133
0, 995, 653, 18, 20, 0.2601418197154999
0, 501, 299, 48, 44, 0.2541893720626831
0, 981, 609, 17, 18, 0.25249624252319336
0, 971, 634, 36, 50, 0.22068458795547485
0, 1007, 604, 13, 18, 0.19448108971118927
0, 810, 698, 47, 32, 0.18566042184829712
0, 388, 209, 32, 44, 0.1821838915348053
0, 640, 707, 49, 18, 0.18108269572257996
0, 655, 748, 32, 39, 0.17848293483257294
0, 647, 737, 14, 15, 0.17777515947818756
0, 655, 757, 13, 16, 0.17742928862571716
0, 396, 175, 31, 25, 0.1703922003507614
0, 755, 710, 14, 16, 0.16911935806274414
0, 395, 208, 23, 42, 0.167768657207489
0, 542, 773, 20, 16, 0.16664040088653564
0, 809, 698, 40, 31, 0.1665046513080597
0, 504, 749, 43, 43, 0.1647067666053772
0, 394, 210, 34, 47, 0.16402216255664825
0, 1006, 634, 17, 19, 0.16398240625858307
0, 661, 750, 33, 33, 0.1638750284910202
0, 222, 554, 67, 50, 0.16007696092128754
0, 1018, 641, 14, 12, 0.15684685111045837
0, 1017, 640, 17, 14, 0.155565544962883
0, 391, 168, 16, 13, 0.1554669588804245
0, 491, 735, 19, 16, 0.14834100008010864
0, 790, 676, 13, 11, 0.14420820772647858
0, 964, 632, 18, 30, 0.1436121165752411
0, 756, 710, 17, 20, 0.14191651344299316
0, 772, 712, 26, 27, 0.14154960215091705
0, 791, 676, 15, 12, 0.13959859311580658
0, 384, 213, 28, 37, 0.138770192861557
0, 285, 200, 34, 23, 0.13856539130210876
0, 524, 741, 16, 14, 0.13841596245765686
0, 662, 748, 53, 45, 0.1361822932958603
0, 969, 629, 18, 25, 0.13555756211280823
0, 493, 487, 81, 29, 0.13489945232868195
0, 776, 708, 13, 19, 0.13476714491844177
0, 995, 653, 16, 22, 0.134747713804245
0, 279, 200, 18, 17, 0.13463912904262543
0, 979, 609, 16, 18, 0.13358056545257568
0, 982, 608, 16, 14, 0.13332810997962952
0, 278, 200, 17, 16, 0.13324059545993805
0, 493, 488, 82, 27, 0.13240574300289154
0, 458, 774, 13, 10, 0.13091062009334564
0, 1079, 446, 29, 46, 0.1304323971271515
0, 1002, 633, 10, 15, 0.13010649383068085
0, 994, 652, 16, 17, 0.12945419549942017
0, 398, 202, 22, 36, 0.12881255149841309
0, 490, 733, 19, 14, 0.12850321829319
0, 1081, 444, 27, 48, 0.1270453929901123
0, 292, 199, 52, 40, 0.1266513466835022
0, 981, 609, 13, 20, 0.12443914264440536
0, 383, 214, 21, 29, 0.12310732901096344
0, 651, 328, 32, 22, 0.12259212136268616
0, 645, 745, 20, 28, 0.12174391746520996
0, 501, 757, 23, 23, 0.12122741341590881
0, 515, 747, 30, 25, 0.12067689001560211
0, 398, 212, 23, 50, 0.12041317671537399
0, 226, 552, 47, 37, 0.11979738622903824
0, 540, 777, 20, 20, 0.11931954324245453
0, 288, 202, 39, 28, 0.11764675378799438
0, 651, 328, 28, 19, 0.11672160774469376
0, 592, 275, 27, 25, 0.11647634953260422
0, 213, 546, 72, 52, 0.11570753157138824
0, 650, 327, 26, 18, 0.11469697207212448
0, 812, 274, 42, 32, 0.113874152302742
0, 660, 754, 35, 50, 0.11384621262550354
0, 815, 693, 29, 19, 0.11304521560668945
0, 730, 725, 21, 25, 0.11285694688558578
0, 382, 215, 21, 28, 0.11161381006240845
0, 399, 341, 50, 63, 0.1115291491150856
0, 574, 314, 65, 41, 0.10999135673046112
0, 180, 548, 24, 21, 0.1099567711353302
0, 505, 718, 18, 13, 0.10983291268348694
0, 962, 644, 18, 26, 0.10935870558023453
0, 578, 304, 66, 61, 0.10821831226348877
0, 676, 538, 33, 48, 0.10732363164424896
0, 1081, 451, 25, 31, 0.10730767995119095
0, 813, 273, 38, 30, 0.10664507001638412
0, 394, 200, 17, 23, 0.10623125731945038
0, 407, 183, 19, 11, 0.10604298859834671
0, 1053, 657, 16, 17, 0.10569705814123154
0, 183, 550, 25, 22, 0.10539036989212036
0, 698, 514, 34, 27, 0.10498763620853424
0, 395, 181, 32, 39, 0.10490016639232635
0, 1083, 440, 23, 46, 0.10468826442956924
0, 126, 705, 32, 32, 0.10426657646894455
0, 496, 750, 18, 20, 0.10421533137559891
0, 667, 773, 12, 15, 0.10320858657360077
0, 667, 772, 17, 20, 0.10299640148878098
0, 237, 556, 36, 44, 0.10280320793390274
0, 513, 741, 34, 18, 0.10161403566598892
0, 488, 488, 72, 25, 0.10067164152860641
0, 180, 550, 24, 26, 0.10065969079732895
0, 678, 549, 24, 27, 0.10055101662874222
0, 730, 723, 16, 20, 0.10032472759485245
0, 700, 511, 25, 22, 0.10017230361700058
0, 360, 165, 14, 25, 0.09999074786901474
0, 399, 342, 47, 61, 0.09964243322610855
0, 647, 336, 43, 38, 0.09841980040073395
0, 581, 313, 50, 38, 0.09819280356168747
0, 1053, 655, 15, 13, 0.09806928038597107
0, 806, 277, 54, 38, 0.0968342050909996
0, 501, 299, 47, 40, 0.09668934345245361
0, 1076, 458, 17, 22, 0.09654580056667328
0, 689, 531, 63, 63, 0.09599101543426514
0, 501, 721, 23, 19, 0.09583453088998795
0, 823, 270, 74, 46, 0.09561886638402939
0, 130, 436, 14, 22, 0.09511281549930573
0, 130, 435, 13, 20, 0.09509943425655365
0, 246, 762, 21, 27, 0.0947386622428894
0, 731, 722, 17, 21, 0.09427973628044128
0, 677, 552, 18, 19, 0.09379380941390991
0, 641, 709, 53, 27, 0.0937461405992508
0, 186, 548, 30, 26, 0.09315874427556992
0, 969, 647, 14, 19, 0.09295640140771866
0, 193, 532, 22, 25, 0.09289339184761047
0, 590, 520, 53, 54, 0.09250688552856445
0, 701, 518, 31, 27, 0.09217892587184906
0, 694, 518, 42, 31, 0.09173687547445297
0, 1059, 434, 76, 67, 0.09101618081331253
0, 595, 517, 37, 46, 0.09069623798131943
0, 644, 337, 46, 41, 0.09065735340118408
0, 459, 758, 20, 24, 0.09057091176509857
0, 132, 435, 14, 20, 0.09009694308042526
0, 192, 530, 13, 19, 0.0896434411406517
0, 136, 707, 15, 24, 0.08955766260623932
0, 592, 513, 38, 38, 0.08953145891427994
0, 500, 299, 43, 38, 0.08948897570371628
0, 359, 547, 66, 42, 0.0889895036816597
0, 590, 270, 18, 15, 0.08882448077201843
0, 601, 277, 50, 33, 0.0874447450041771
0, 583, 312, 37, 34, 0.08713304251432419
0, 401, 336, 39, 45, 0.08678734302520752
0, 395, 344, 47, 62, 0.08676230907440186
0, 807, 278, 90, 48, 0.08633122593164444
0, 684, 546, 17, 21, 0.08616410940885544
0, 591, 512, 30, 35, 0.0853666141629219
0, 582, 315, 38, 31, 0.08488617092370987
0, 203, 538, 33, 32, 0.08476627618074417
0, 1000, 646, 21, 25, 0.08440123498439789
0, 732, 720, 15, 20, 0.0840846374630928
0, 631, 707, 29, 15, 0.083809033036232
0, 304, 206, 29, 26, 0.08337285369634628
0, 362, 170, 14, 21, 0.08316723257303238
0, 627, 546, 10, 14, 0.08182304352521896
0, 293, 183, 21, 12, 0.0812244638800621
0, 578, 317, 39, 26, 0.08101541548967361
0, 707, 726, 15, 12, 0.0808815285563469
0, 818, 270, 29, 20, 0.08086306601762772
0, 602, 526, 20, 27, 0.08029448986053467
0, 710, 723, 17, 15, 0.0799810066819191
0, 258, 185, 18, 18, 0.0795808807015419
0, 162, 675, 26, 22, 0.07891968637704849
0, 360, 552, 59, 35, 0.07885079830884933
0, 1058, 665, 12, 12, 0.0788363590836525
0, 396, 333, 32, 41, 0.07862058281898499
0, 811, 664, 24, 11, 0.0782429575920105
0, 485, 522, 70, 44, 0.07793231308460236
0, 486, 523, 73, 45, 0.07762344181537628
0, 499, 301, 39, 39, 0.07715108245611191
0, 244, 155, 19, 18, 0.07691291719675064
0, 207, 546, 31, 37, 0.07660775631666183
0, 125, 698, 17, 22, 0.07636411488056183
0, 401, 221, 16, 31, 0.0763067752122879
0, 770, 246, 13, 14, 0.07617846876382828
0, 244, 159, 13, 10, 0.07595512270927429
0, 456, 753, 20, 29, 0.0753820538520813
0, 359, 548, 51, 24, 0.07475581020116806
0, 167, 680, 43, 42, 0.073917455971241
0, 1051, 416, 57, 55, 0.07344505935907364
0, 605, 530, 19, 26, 0.07313625514507294
0, 538, 778, 43, 44, 0.07293948531150818
0, 397, 347, 52, 52, 0.07285759598016739
0, 700, 506, 18, 11, 0.07255633175373077
0, 591, 506, 28, 22, 0.07214225083589554
0, 701, 536, 20, 23, 0.07155541330575943
0, 841, 667, 13, 12, 0.0714535191655159
0, 237, 547, 25, 24, 0.07143326848745346
0, 326, 264, 46, 38, 0.07135525345802307
0, 285, 731, 15, 12, 0.07133956998586655
0, 508, 290, 27, 20, 0.07047686725854874
0, 544, 314, 12, 27, 0.07009182125329971
0, 855, 484, 14, 15, 0.07008354365825653
0, 157, 681, 23, 23, 0.0700201690196991
0, 545, 315, 13, 26, 0.06995249539613724
0, 245, 752, 19, 33, 0.0698053166270256
0, 764, 306, 50, 24, 0.06952852010726929
0, 365, 173, 13, 17, 0.069527767598629
0, 676, 522, 20, 18, 0.06920573860406876
0, 1067, 404, 23, 19, 0.06909944862127304
0, 283, 734, 17, 15, 0.06892669945955276
0, 854, 485, 13, 17, 0.06887505203485489
0, 841, 667, 14, 14, 0.06878847628831863
0, 640, 712, 52, 32, 0.0684283971786499
0, 170, 668, 22, 15, 0.06823482364416122
0, 149, 457, 15, 15, 0.06790626049041748
0, 495, 498, 84, 54, 0.0678061991930008
0, 1045, 417, 57, 55, 0.06770861148834229
0, 717, 731, 31, 34, 0.06767689436674118
0, 755, 309, 29, 16, 0.06757275015115738
0, 1069, 426, 13, 14, 0.06749854981899261
0, 1055, 441, 64, 49, 0.06749355047941208
0, 249, 736, 19, 17, 0.06712481379508972
0, 169, 694, 17, 13, 0.06674627959728241
0, 279, 737, 24, 22, 0.06657246500253677
0, 194, 705, 21, 16, 0.06643301993608475
0, 769, 248, 17, 21, 0.06634915620088577
0, 209, 550, 25, 31, 0.06629913300275803
0, 293, 178, 29, 23, 0.06628123670816422
0, 1054, 430, 54, 42, 0.06616246700286865
0, 248, 737, 20, 19, 0.06577589362859726
0, 1060, 402, 25, 22, 0.06517484039068222
0, 706, 738, 14, 13, 0.06427646428346634
0, 622, 285, 22, 14, 0.06419038027524948
0, 123, 711, 27, 22, 0.06407718360424042
0, 489, 502, 76, 54, 0.0640454962849617
0, 753, 287, 20, 12, 0.06400701403617859
0, 326, 714, 11, 13, 0.06360653042793274
0, 226, 567, 42, 29, 0.06343993544578552
0, 867, 299, 45, 25, 0.06326209008693695
0, 329, 187, 9, 12, 0.06302717328071594
0, 280, 731, 19, 13, 0.06257234513759613
0, 579, 759, 38, 40, 0.06214608624577522
0, 577, 760, 50, 44, 0.06183748319745064
0, 1068, 411, 31, 41, 0.06145721673965454
0, 930, 459, 20, 16, 0.06140294298529625
0, 522, 796, 25, 21, 0.061290428042411804
0, 305, 178, 19, 20, 0.06128266081213951
0, 1012, 674, 10, 9, 0.06124575063586235
0, 291, 219, 26, 21, 0.06100123003125191
0, 174, 727, 25, 17, 0.06020882725715637
0, 394, 325, 24, 30, 0.06015503406524658
0, 1013, 674, 12, 13, 0.05983469635248184
0, 521, 799, 23, 18, 0.05961846560239792
0, 198, 711, 30, 27, 0.05942556634545326
0, 806, 667, 29, 18, 0.059343304485082626
0, 558, 315, 41, 34, 0.05904928967356682
0, 858, 297, 22, 16, 0.05851268395781517
0, 475, 488, 39, 23, 0.0578896701335907
0, 253, 143, 13, 10, 0.056974999606609344
0, 864, 304, 43, 35, 0.056797806173563004
0, 453, 232, 13, 13, 0.05673619359731674
0, 336, 208, 24, 16, 0.056625012308359146
0, 1153, 434, 14, 11, 0.05632106959819794
0, 965, 696, 13, 11, 0.05629332736134529
0, 758, 300, 46, 37, 0.05600598454475403
0, 965, 696, 13, 11, 0.055912453681230545
0, 857, 305, 29, 32, 0.055874619632959366
0, 1156, 369, 14, 10, 0.055160216987133026
0, 378, 555, 23, 19, 0.05488531291484833
0, 302, 251, 26, 22, 0.054851870983839035
0, 298, 251, 15, 13, 0.0545923113822937
0, 350, 531, 32, 18, 0.05447586253285408
0, 270, 226, 18, 15, 0.05440211668610573
0, 475, 706, 21, 14, 0.05279718339443207
0, 223, 735, 18, 12, 0.05217490717768669
0, 1044, 425, 50, 43, 0.05212882533669472
0, 70, 558, 12, 11, 0.05196186527609825
0, 112, 717, 13, 13, 0.051361337304115295
0, 553, 554, 16, 11, 0.05124155431985855
0, 1043, 400, 42, 23, 0.05122460052371025
0, 958, 477, 17, 14, 0.05113132297992706
0, 111, 704, 60, 43, 0.05106648802757263
0, 220, 481, 15, 29, 0.05091710016131401
0, 601, 728, 20, 20, 0.050826262682676315
0, 543, 750, 12, 11, 0.050710733979940414
0, 287, 106, 12, 11, 0.05043084919452667
0, 509, 525, 30, 29, 0.050386521965265274
0, 1041, 429, 46, 41, 0.05017734318971634
0, 622, 267, 18, 14, 0.05000655725598335
0, 354, 470, 14, 11, 0.04996724799275398
0, 570, 749, 27, 22, 0.04892276972532272
0, 205, 655, 14, 9, 0.04891055449843407
0, 877, 489, 14, 15, 0.04869578406214714
0, 875, 470, 27, 18, 0.04801924154162407
0, 119, 667, 20, 16, 0.04754197970032692
0, 389, 151, 13, 10, 0.047207120805978775
0, 473, 524, 39, 35, 0.04716869443655014
0, 743, 762, 10, 8, 0.04592996463179588
0, 261, 120, 19, 16, 0.04405207931995392
0, 913, 307, 14, 14, 0.04373952001333237
0, 602, 734, 21, 35, 0.04111466184258461
0, 471, 559, 76, 43, 0.029732596129179
