0, 673, 587, 17, 14, 0.9989615678787231
0, 775, 848, 16, 16, 0.9988609552383423
0, 209, 412, 19, 15, 0.9985936284065247
0, 472, 652, 19, 17, 0.9975651502609253
0, 574, 47, 25, 23, 0.9975138902664185
0, 592, 547, 18, 16, 0.997501790523529
0, 216, 473, 19, 15, 0.9971745014190674
0, 750, 60, 17, 16, 0.9970114231109619
0, 221, 429, 18, 19, 0.9968072175979614
0, 400, 680, 17, 20, 0.9967801570892334
0, 209, 707, 18, 16, 0.9965928196907043
0, 562, 500, 16, 15, 0.9964996576309204
0, 352, 433, 17, 17, 0.9964497089385986
0, 793, 840, 16, 18, 0.9964409470558167
0, 377, 254, 18, 18, 0.9963755011558533
0, 312, 710, 16, 15, 0.9957683086395264
0, 463, 74, 22, 18, 0.9957587122917175
0, 175, 450, 14, 14, 0.9957250356674194
0, 639, 49, 22, 16, 0.9956549406051636
0, 400, 156, 17, 17, 0.9956542253494263
0, 182, 171, 15, 18, 0.9956270456314087
0, 575, 658, 17, 16, 0.9954245686531067
0, 193, 409, 15, 16, 0.9953951239585876
0, 852, 913, 16, 16, 0.9953627586364746
0, 801, 298, 15, 14, 0.9953481554985046
0, 536, 413, 15, 14, 0.9953212141990662
0, 681, 59, 14, 15, 0.9951403141021729
0, 463, 634, 22, 17, 0.9951226115226746
0, 369, 589, 16, 16, 0.9950996041297913
0, 549, 318, 17, 20, 0.9950961470603943
0, 587, 463, 14, 15, 0.9949829578399658
0, 249, 499, 15, 14, 0.9949727058410645
0, 436, 618, 17, 22, 0.9949510097503662
0, 596, 62, 18, 16, 0.9948934316635132
0, 788, 834, 17, 22, 0.9948258996009827
0, 173, 704, 15, 19, 0.9946966171264648
0, 786, 826, 15, 14, 0.9946637153625488
0, 654, 284, 17, 17, 0.9945677518844604
0, 372, 608, 19, 19, 0.9944942593574524
0, 602, 525, 16, 15, 0.9944815635681152
0, 249, 689, 16, 18, 0.9943907856941223
0, 509, 333, 18, 19, 0.9942149519920349
0, 554, 361, 16, 13, 0.9942049384117126
0, 455, 605, 17, 21, 0.9941476583480835
0, 238, 484, 22, 15, 0.9941056966781616
0, 421, 630, 18, 21, 0.9940502047538757
0, 82, 733, 18, 18, 0.9938574433326721
0, 576, 550, 15, 14, 0.993808925151825
0, 913, 131, 19, 15, 0.9936158657073975
0, 541, 461, 19, 17, 0.993535041809082
0, 398, 715, 14, 19, 0.9935065507888794
0, 422, 592, 20, 19, 0.9933961033821106
0, 366, 488, 18, 15, 0.9933803081512451
0, 484, 522, 18, 18, 0.9932762384414673
0, 771, 825, 18, 14, 0.9932574033737183
0, 334, 686, 17, 14, 0.993243396282196
0, 386, 210, 18, 17, 0.9932328462600708
0, 500, 284, 15, 13, 0.9931609630584717
0, 457, 52, 13, 17, 0.9931105375289917
0, 77, 474, 19, 19, 0.9929867386817932
0, 192, 465, 16, 17, 0.9928372502326965
0, 670, 37, 15, 14, 0.9927905797958374
0, 427, 599, 18, 14, 0.9927843809127808
0, 210, 105, 18, 23, 0.9927829504013062
0, 636, 514, 15, 17, 0.9927046895027161
0, 352, 376, 20, 22, 0.992417573928833
0, 983, 708, 18, 20, 0.9924008846282959
0, 557, 340, 16, 18, 0.9923535585403442
0, 474, 525, 15, 14, 0.9923292994499207
0, 922, 800, 17, 16, 0.9922524094581604
0, 848, 235, 16, 16, 0.9921872615814209
0, 252, 638, 15, 14, 0.9921242594718933
0, 106, 475, 15, 14, 0.9920360445976257
0, 200, 395, 15, 16, 0.9919929504394531
0, 547, 268, 18, 20, 0.9919014573097229
0, 486, 589, 16, 16, 0.9918830394744873
0, 113, 431, 15, 16, 0.991868257522583
0, 143, 356, 21, 24, 0.9918183088302612
0, 517, 278, 18, 20, 0.9917570948600769
0, 411, 611, 19, 19, 0.9916476011276245
0, 323, 452, 15, 19, 0.9915224313735962
0, 178, 353, 18, 17, 0.9915156364440918
0, 209, 455, 17, 19, 0.9915127158164978
0, 251, 394, 16, 16, 0.9914460182189941
0, 420, 673, 15, 16, 0.99143385887146
0, 389, 780, 18, 16, 0.9914060831069946
0, 535, 374, 17, 14, 0.9913430213928223
0, 786, 884, 14, 16, 0.9912554025650024
0, 749, 25, 15, 15, 0.991195559501648
0, 409, 97, 18, 17, 0.9911931157112122
0, 471, 600, 18, 15, 0.9911265969276428
0, 527, 284, 15, 15, 0.9909492135047913
0, 415, 580, 20, 14, 0.9908430576324463
0, 872, 721, 16, 17, 0.9907729625701904
0, 716, 14, 16, 17, 0.990665078163147
0, 331, 707, 22, 22, 0.9906271696090698
0, 93, 434, 22, 19, 0.9904879927635193
0, 517, 623, 16, 14, 0.9904476404190063
0, 586, 509, 20, 16, 0.990314781665802
0, 242, 442, 22, 19, 0.9902336597442627
0, 648, 135, 14, 15, 0.9901703000068665
0, 837, 205, 16, 15, 0.9900730848312378
0, 641, 97, 17, 15, 0.9898147583007812
0, 591, 272, 21, 16, 0.9897778630256653
0, 437, 71, 20, 17, 0.9896926283836365
0, 185, 305, 15, 18, 0.9896726608276367
0, 669, 284, 16, 17, 0.9896463751792908
0, 75, 446, 16, 21, 0.9895820617675781
0, 101, 416, 18, 18, 0.9895278811454773
0, 66, 745, 19, 17, 0.9894641637802124
0, 636, 639, 14, 16, 0.9894039630889893
0, 386, 274, 15, 14, 0.9893542528152466
0, 203, 310, 19, 14, 0.9892613887786865
0, 578, 370, 15, 15, 0.9892346858978271
0, 224, 453, 14, 18, 0.9892233610153198
0, 613, 65, 15, 17, 0.9890672564506531
0, 591, 250, 17, 14, 0.9887964725494385
0, 503, 262, 16, 15, 0.9887951612472534
0, 828, 190, 19, 18, 0.9887561202049255
0, 629, 76, 15, 14, 0.9887039065361023
0, 308, 450, 17, 18, 0.9886347055435181
0, 621, 513, 17, 14, 0.9886065125465393
0, 217, 322, 21, 17, 0.9884729981422424
0, 259, 513, 18, 15, 0.9884604215621948
0, 371, 425, 17, 14, 0.9883663058280945
0, 179, 482, 17, 14, 0.9882912039756775
0, 405, 283, 18, 18, 0.9882148504257202
0, 487, 541, 15, 15, 0.9907017774470924
0, 577, 491, 18, 20, 0.9906340136902387
0, 379, 327, 15, 19, 0.9874295265373878
0, 844, 180, 15, 19, 0.9900415017799706
0, 723, 431, 16, 15, 0.9919609074302587
0, 383, 150, 16, 16, 0.9908543528355405
0, 156, 711, 17, 13, 0.9911378195398926
0, 578, 314, 19, 16, 0.9893226564004924
0, 45, 124, 18, 15, 0.989450179137281
0, 204, 524, 17, 14, 0.9872479028304195
0, 429, 554, 17, 19, 0.989579351313659
0, 453, 359, 18, 19, 0.9889371662574215
0, 173, 337, 19, 14, 0.989396997337237
0, 206, 338, 14, 14, 0.9877917890759456
0, 54, 726, 19, 17, 0.9882481385918787
0, 640, 266, 16, 15, 0.9872512135741769
0, 190, 716, 19, 19, 0.9904286872697808
0, 417, 165, 18, 17, 0.9872998937631047
0, 489, 698, 21, 14, 0.9902960485791911
0, 260, 44, 16, 17, 0.9882611785111035
0, 581, 608, 16, 18, 0.9879975195444516
0, 861, 796, 14, 17, 0.9898433812429044
0, 99, 552, 16, 16, 0.9868088425158246
0, 594, 600, 14, 14, 0.9901770956195617
0, 351, 199, 15, 14, 0.9899539595851126
0, 350, 598, 17, 17, 0.9890819819443966
0, 234, 398, 17, 14, 0.9910392547166512
0, 367, 365, 14, 18, 0.9887527853560208
0, 464, 673, 15, 15, 0.9876203267607928
0, 193, 267, 16, 21, 0.9869253070666003
0, 821, 257, 18, 20, 0.9905513290748904
0, 405, 131, 16, 17, 0.9889188109110396
0, 219, 388, 16, 17, 0.9871747230174763
0, 143, 415, 15, 17, 0.9873972331901255
0, 406, 201, 15, 14, 0.987886753224755
0, 105, 498, 17, 15, 0.9876938109727957
0, 364, 741, 16, 19, 0.9893730084569063
0, 680, 465, 19, 19, 0.9878165371821631
0, 816, 289, 18, 18, 0.9872926050930908
0, 520, 251, 15, 16, 0.9875040829330417
0, 158, 337, 14, 14, 0.9894664253253569
0, 533, 353, 18, 20, 0.9904673131483852
0, 392, 345, 17, 14, 0.9877102965115236
0, 695, 457, 17, 14, 0.9890822961553052
0, 597, 304, 18, 19, 0.985902555482758
0, 388, 171, 14, 15, 0.988088579704991
0, 533, 237, 16, 13, 0.9903541154058126
0, 973, 816, 20, 18, 0.9896231964207821
0, 835, 876, 15, 16, 0.9887605759811
0, 676, 147, 16, 15, 0.9875139726816496
0, 443, 552, 16, 18, 0.9861470045242777
0, 837, 857, 17, 15, 0.9887533984725303
0, 475, 374, 16, 13, 0.9881951284905173
0, 143, 382, 22, 18, 0.9860292102638906
0, 478, 298, 16, 14, 0.9868295158953235
0, 18, 127, 15, 18, 0.9851898140017064
0, 157, 429, 18, 20, 0.9892913688940278
0, 120, 488, 16, 15, 0.9860893017148592
0, 72, 59, 18, 15, 0.9887343799154453
0, 198, 427, 16, 17, 0.9886274621487336
0, 566, 354, 15, 19, 0.9865371910287569
0, 970, 740, 17, 18, 0.9888106027285435
0, 980, 835, 15, 16, 0.9860457909140383
0, 246, 77, 18, 18, 0.9862019011983874
0, 788, 816, 15, 15, 0.9878277389776997
0, 396, 698, 18, 13, 0.9860318065102147
0, 437, 511, 20, 23, 0.9867134634953322
0, 602, 287, 14, 13, 0.9873098107484599
0, 208, 254, 18, 21, 0.9860481770455181
0, 198, 487, 15, 15, 0.9859275646347495
0, 606, 391, 14, 18, 0.9892865788054215
0, 407, 263, 15, 14, 0.9873995275925108
0, 978, 784, 17, 15, 0.9851708986580023
0, 586, 238, 16, 15, 0.9858031070467164
0, 481, 623, 16, 14, 0.9879519924586424
0, 521, 368, 16, 16, 0.9861389346328439
0, 808, 227, 17, 16, 0.9841182086943225
0, 250, 61, 18, 14, 0.985446412355628
0, 234, 86, 16, 14, 0.9845760713530302
0, 173, 193, 16, 16, 0.9866479543235384
0, 757, 837, 15, 13, 0.9838510181287741
0, 529, 321, 18, 18, 0.9848001398317543
0, 356, 397, 16, 16, 0.9835664678973752
0, 292, 698, 18, 15, 0.987921945034419
0, 321, 475, 17, 15, 0.9861427730669653
0, 496, 526, 18, 14, 0.98480381328678
0, 515, 336, 18, 19, 0.9862371932247107
0, 215, 79, 18, 16, 0.9850775566008296
0, 111, 739, 14, 16, 0.984712501650928
0, 315, 395, 14, 16, 0.9844135623989159
0, 533, 524, 17, 13, 0.9863620800257036
0, 633, 72, 19, 22, 0.9872760006996272
0, 72, 708, 17, 15, 0.9876016447152984
0, 239, 198, 17, 14, 0.9851248297892223
0, 98, 814, 15, 15, 0.9848314416083584
0, 612, 573, 17, 14, 0.9842970406926546
0, 53, 156, 19, 15, 0.9879025377245182
0, 263, 717, 14, 20, 0.9892976163289364
0, 657, 264, 18, 17, 0.9884529704886209
0, 495, 502, 16, 17, 0.9850628273993101
0, 682, 42, 15, 16, 0.9871596661404602
0, 434, 656, 17, 20, 0.9860945272225692
0, 608, 543, 16, 16, 0.9887404275614455
0, 196, 134, 19, 17, 0.9775154384052707
0, 772, 12, 18, 17, 0.9870097947096332
0, 619, 398, 14, 14, 0.9830335307732675
0, 347, 488, 17, 16, 0.9884105593924926
0, 967, 770, 13, 16, 0.9879484539160501
0, 515, 539, 24, 16, 0.9815892991991904
0, 800, 870, 18, 17, 0.9864844407586826
0, 284, 489, 18, 15, 0.9852742881162679
0, 379, 128, 22, 17, 0.9833667256491326
0, 207, 357, 13, 19, 0.9818277162415934
0, 456, 687, 14, 14, 0.978290209800812
0, 581, 568, 15, 17, 0.9840690561619081
0, 97, 768, 18, 16, 0.9803731525301029
0, 429, 152, 12, 16, 0.9908580312880426
0, 673, 489, 20, 23, 0.9851478558923379
0, 496, 281, 19, 22, 0.9827278064409044
0, 395, 312, 16, 13, 0.9857772877521755
0, 419, 538, 17, 16, 0.9877011474932637
0, 470, 544, 16, 17, 0.9840380401144305
0, 169, 792, 16, 17, 0.9783188396506839
0, 482, 341, 16, 22, 0.979840086163306
0, 152, 763, 18, 15, 0.9819253307899654
0, 489, 606, 18, 17, 0.9834872875730443
0, 635, 558, 16, 17, 0.9761568539028045
