0, 530.0, 103.0, 22.0, 21.0, 0.4426330327987671
0, 930.0, 642.0, 19.0, 19.0, 0.40754401683807373
0, 510.0, 885.0, 16.0, 17.0, 0.3920978903770447
0, 660.0, 663.0, 22.0, 21.0, 0.38443461060523987
0, 442.0, 608.0, 16.0, 17.0, 0.36576271057128906
0, 535.0, 80.0, 22.0, 19.0, 0.3459228575229645
0, 546.0, 116.0, 18.0, 17.0, 0.34512993693351746
0, 840.0, 264.0, 20.0, 23.0, 0.3245869278907776
0, 381.0, 40.0, 17.0, 18.0, 0.3197168707847595
0, 982.0, 6.0, 18.0, 13.0, 0.3188205063343048
0, 557.0, 85.0, 22.0, 21.0, 0.3136179447174072
0, 415.0, 885.0, 19.0, 24.0, 0.3042944073677063
0, 615.0, 89.0, 20.0, 18.0, 0.29734328389167786
0, 424.0, 612.0, 18.0, 21.0, 0.2827916741371155
0, 17.0, 731.0, 18.0, 20.0, 0.2789142429828644
0, 215.0, 683.0, 16.0, 17.0, 0.2668163776397705
0, 341.0, 701.0, 15.0, 18.0, 0.26139703392982483
0, 346.0, 132.0, 18.0, 18.0, 0.25226137042045593
0, 208.0, 667.0, 17.0, 17.0, 0.2512248754501343
0, 825.0, 418.0, 18.0, 14.0, 0.25027012825012207
