0, 704, 612, 14, 29, 0.3364223539829254
0, 442, 952, 19, 42, 0.3349575996398926
0, 270, 695, 14, 26, 0.33409908413887024
0, 369, 1203, 14, 31, 0.3322528302669525
0, 699, 612, 18, 32, 0.3321972191333771
0, 231, 918, 18, 25, 0.33165475726127625
0, 288, 117, 19, 25, 0.3316076993942261
0, 318, 153, 9, 19, 0.33136647939682007
0, 172, 749, 17, 28, 0.3310778737068176
0, 101, 993, 15, 24, 0.33095577359199524
0, 369, 1201, 17, 32, 0.3304305374622345
0, 353, 990, 15, 38, 0.32991525530815125
0, 343, 414, 23, 25, 0.329515665769577
0, 745, 461, 12, 29, 0.3293021023273468
0, 676, 616, 12, 33, 0.3291076421737671
0, 508, 338, 16, 23, 0.3290136456489563
0, 101, 992, 15, 24, 0.3282706141471863
0, 214, 115, 18, 34, 0.32809025049209595
0, 345, 155, 15, 20, 0.3280281722545624
0, 123, 738, 24, 28, 0.3278696835041046
0, 548, 536, 21, 33, 0.3277263641357422
0, 725, 668, 11, 19, 0.3275817632675171
0, 377, 318, 12, 25, 0.32752305269241333
0, 571, 900, 12, 20, 0.3273736834526062
0, 212, 698, 22, 44, 0.3271900713443756
0, 439, 319, 20, 31, 0.3268589973449707
0, 642, 1347, 16, 33, 0.32679620385169983
0, 726, 1183, 21, 31, 0.3237837553024292
0, 327, 560, 21, 26, 0.32370129227638245
0, 43, 539, 23, 31, 0.323600709438324
0, 272, 374, 19, 26, 0.32350173592567444
0, 642, 1353, 16, 30, 0.32346367835998535
0, 172, 747, 18, 26, 0.3234568238258362
0, 229, 877, 19, 27, 0.3231362998485565
0, 627, 196, 26, 38, 0.32251042127609253
0, 377, 317, 11, 22, 0.3222859799861908
0, 583, 988, 21, 29, 0.32155412435531616
0, 450, 244, 20, 29, 0.3215271830558777
0, 718, 665, 18, 21, 0.3214578926563263
0, 154, 411, 19, 30, 0.3213149905204773
0, 214, 106, 18, 34, 0.3212311565876007
0, 401, 979, 22, 44, 0.3212069272994995
0, 471, 221, 18, 28, 0.321127325296402
0, 275, 1090, 15, 22, 0.32095658779144287
0, 226, 777, 25, 35, 0.3209072947502136
0, 240, 328, 19, 37, 0.3204842805862427
0, 539, 1058, 18, 38, 0.32028815150260925
0, 384, 1281, 16, 36, 0.32028618454933167
0, 98, 885, 15, 34, 0.3202226161956787
0, 369, 796, 22, 35, 0.3200194239616394
0, 71, 656, 16, 31, 0.31973007321357727
0, 304, 600, 24, 33, 0.31941989064216614
0, 271, 295, 17, 30, 0.31909096240997314
0, 273, 973, 22, 41, 0.3188352882862091
0, 126, 737, 24, 27, 0.3184141218662262
0, 136, 914, 15, 30, 0.3183957040309906
0, 154, 537, 9, 20, 0.31824618577957153
0, 274, 1093, 15, 26, 0.31812921166419983
0, 431, 201, 13, 27, 0.31802546977996826
0, 660, 656, 21, 42, 0.31796300411224365
0, 432, 1222, 21, 24, 0.31795650720596313
0, 501, 387, 16, 23, 0.31794866919517517
0, 371, 796, 22, 33, 0.31789451837539673
0, 449, 240, 21, 34, 0.3178127110004425
0, 661, 656, 21, 40, 0.31751301884651184
0, 623, 351, 20, 30, 0.3174717128276825
0, 333, 452, 11, 20, 0.3174567222595215
0, 672, 1112, 18, 23, 0.31744036078453064
0, 538, 434, 26, 34, 0.31709596514701843
0, 99, 1041, 17, 32, 0.317067414522171
0, 342, 811, 14, 23, 0.3169724941253662
0, 183, 948, 12, 20, 0.3168199360370636
0, 632, 271, 18, 25, 0.3167421221733093
0, 700, 445, 33, 38, 0.3167317807674408
0, 444, 1278, 23, 29, 0.31666427850723267
0, 348, 239, 23, 31, 0.31661784648895264
0, 716, 531, 25, 38, 0.3165164887905121
0, 248, 1021, 18, 30, 0.3163551390171051
0, 676, 1112, 12, 20, 0.3162861764431
0, 390, 253, 20, 30, 0.3161497712135315
0, 159, 318, 15, 28, 0.3154734969139099
0, 630, 195, 25, 37, 0.31544652581214905
0, 593, 419, 24, 39, 0.3153834342956543
0, 594, 613, 21, 50, 0.3153805434703827
0, 488, 472, 29, 30, 0.3150831162929535
0, 146, 965, 22, 35, 0.3144296109676361
0, 233, 1052, 12, 21, 0.3144020736217499
0, 387, 253, 22, 27, 0.3143327534198761
0, 261, 611, 13, 26, 0.3143196702003479
0, 232, 1098, 23, 33, 0.3142814636230469
0, 706, 816, 12, 26, 0.314233660697937
0, 422, 1056, 23, 38, 0.31406688690185547
0, 594, 612, 22, 50, 0.31382882595062256
0, 53, 154, 21, 33, 0.31356847286224365
0, 624, 1005, 25, 30, 0.3134567439556122
0, 296, 256, 17, 25, 0.31341415643692017
0, 642, 1288, 24, 32, 0.3133058547973633
0, 524, 171, 29, 41, 0.31319230794906616
0, 308, 833, 26, 39, 0.31301501393318176
0, 376, 1089, 15, 19, 0.3129609227180481
0, 228, 774, 23, 33, 0.31294572353363037
0, 120, 303, 14, 23, 0.31289011240005493
0, 446, 1172, 24, 28, 0.31288549304008484
0, 378, 659, 15, 25, 0.31283459067344666
0, 447, 1173, 22, 28, 0.3127967119216919
0, 52, 722, 16, 21, 0.3127409517765045
0, 672, 614, 14, 31, 0.31267717480659485
0, 607, 541, 25, 30, 0.31258299946784973
0, 259, 540, 16, 24, 0.3124663531780243
0, 511, 1062, 24, 44, 0.31240540742874146
0, 698, 1033, 20, 27, 0.31202268600463867
0, 555, 363, 18, 43, 0.311959445476532
0, 567, 1276, 19, 40, 0.31194233894348145
0, 82, 335, 30, 29, 0.3118918538093567
0, 385, 464, 22, 35, 0.3109894096851349
0, 505, 117, 14, 25, 0.31022387742996216
0, 347, 1286, 29, 28, 0.31013044714927673
0, 600, 911, 23, 48, 0.30944105982780457
0, 339, 119, 18, 23, 0.30933451652526855
0, 557, 1028, 25, 23, 0.3091960549354553
0, 533, 977, 16, 23, 0.3091753125190735
0, 660, 1166, 19, 23, 0.3083999752998352
0, 427, 434, 15, 19, 0.3083230257034302
0, 107, 669, 18, 31, 0.3082994222640991
0, 581, 789, 35, 42, 0.30808788537979126
0, 278, 45, 25, 45, 0.30807533860206604
0, 639, 830, 9, 20, 0.30792149901390076
0, 52, 284, 22, 36, 0.30772480368614197
0, 354, 678, 15, 19, 0.3073231875896454
0, 638, 622, 14, 30, 0.3072913587093353
0, 554, 66, 16, 23, 0.30707070231437683
0, 140, 119, 21, 25, 0.3069390654563904
0, 325, 733, 25, 33, 0.3066016733646393
0, 323, 734, 25, 33, 0.3065851330757141
0, 442, 836, 22, 34, 0.30636894702911377
0, 534, 781, 28, 35, 0.30635780096054077
0, 435, 143, 21, 40, 0.3062868118286133
0, 568, 1270, 18, 39, 0.3061337471008301
0, 537, 1340, 27, 37, 0.3059896230697632
0, 524, 163, 25, 35, 0.305960476398468
0, 158, 836, 27, 29, 0.3059092164039612
0, 61, 604, 15, 22, 0.3058508634567261
0, 250, 240, 17, 22, 0.3058442175388336
0, 144, 461, 20, 34, 0.3058220446109772
0, 424, 891, 21, 29, 0.3057563900947571
0, 182, 383, 17, 21, 0.30542296171188354
0, 589, 790, 39, 47, 0.30489760637283325
0, 234, 649, 30, 40, 0.3046095669269562
0, 745, 407, 16, 32, 0.30460402369499207
0, 200, 342, 24, 29, 0.30437371134757996
0, 382, 154, 17, 31, 0.30414140224456787
0, 559, 138, 28, 38, 0.30410686135292053
0, 83, 217, 27, 29, 0.30409377813339233
0, 590, 193, 17, 28, 0.3038892149925232
0, 451, 520, 18, 24, 0.3038741946220398
0, 745, 1470, 17, 46, 0.30361202359199524
0, 588, 193, 18, 27, 0.3033601641654968
0, 435, 143, 20, 41, 0.3028298616409302
0, 521, 1116, 24, 26, 0.3028271496295929
0, 42, 902, 13, 23, 0.30273059010505676
0, 441, 1355, 24, 29, 0.30271682143211365
0, 484, 145, 15, 21, 0.30255940556526184
0, 383, 107, 17, 24, 0.30230605602264404
0, 513, 1062, 24, 42, 0.3023039400577545
0, 13, 798, 17, 30, 0.3022347390651703
0, 669, 1239, 14, 24, 0.30222371220588684
0, 13, 217, 11, 24, 0.302217036485672
0, 246, 1147, 20, 25, 0.30207717418670654
0, 476, 1140, 22, 20, 0.3020320236682892
0, 419, 535, 20, 30, 0.30130037665367126
0, 568, 1210, 20, 31, 0.3012103736400604
0, 699, 341, 18, 31, 0.30114200711250305
0, 378, 558, 20, 30, 0.3006720542907715
0, 133, 689, 20, 25, 0.3004840314388275
0, 411, 157, 17, 39, 0.30029165744781494
0, 384, 1273, 15, 32, 0.30008742213249207
0, 348, 531, 15, 24, 0.30007556080818176
0, 534, 1260, 23, 27, 0.3000236451625824
0, 166, 704, 16, 26, 0.3000001013278961
0, 383, 196, 15, 26, 0.29998692870140076
0, 593, 1268, 16, 27, 0.29993385076522827
0, 735, 633, 14, 31, 0.2993101179599762
0, 102, 46, 22, 22, 0.2992240786552429
0, 650, 118, 26, 33, 0.29907670617103577
0, 82, 404, 11, 21, 0.29863670468330383
0, 149, 646, 23, 35, 0.2985759973526001
0, 525, 384, 11, 17, 0.29813194274902344
0, 669, 46, 18, 18, 0.2975676357746124
0, 294, 530, 21, 34, 0.29720404744148254
0, 571, 1211, 18, 29, 0.2971389591693878
0, 690, 1416, 21, 32, 0.29676538705825806
0, 411, 1278, 11, 23, 0.29673874378204346
0, 79, 86, 13, 26, 0.296523779630661
0, 437, 387, 18, 25, 0.29650750756263733
0, 363, 1081, 14, 31, 0.29646065831184387
0, 187, 343, 26, 27, 0.2964320480823517
0, 659, 1059, 19, 25, 0.2964022159576416
0, 81, 162, 17, 27, 0.29609838128089905
0, 50, 386, 25, 32, 0.29601621627807617
0, 736, 751, 25, 30, 0.29593750834465027
0, 604, 1048, 19, 27, 0.2959291934967041
0, 538, 275, 24, 26, 0.295853853225708
0, 697, 179, 13, 26, 0.29574036598205566
0, 331, 336, 29, 34, 0.29509010910987854
0, 106, 46, 21, 25, 0.2947354316711426
0, 716, 84, 21, 36, 0.2944534122943878
0, 238, 477, 15, 24, 0.2939630150794983
0, 708, 406, 20, 31, 0.2930334508419037
0, 127, 603, 19, 25, 0.2927691638469696
0, 465, 103, 22, 44, 0.2926633059978485
0, 343, 1195, 17, 26, 0.292545348405838
0, 155, 1078, 18, 25, 0.29215967655181885
0, 483, 1204, 15, 26, 0.29190102219581604
0, 717, 143, 14, 25, 0.2918630540370941
0, 355, 27, 20, 31, 0.2914518713951111
0, 688, 1357, 14, 26, 0.29115697741508484
0, 344, 1099, 28, 31, 0.29030272364616394
0, 120, 801, 14, 23, 0.2902732491493225
0, 420, 1148, 16, 23, 0.28992822766304016
0, 416, 531, 24, 33, 0.2898552715778351
0, 484, 952, 27, 37, 0.2892787456512451
0, 535, 779, 31, 35, 0.28922972083091736
0, 492, 1006, 31, 31, 0.2888525128364563
0, 297, 908, 10, 16, 0.2885168492794037
0, 87, 217, 26, 26, 0.2884930968284607
0, 33, 684, 16, 28, 0.28823140263557434
0, 604, 682, 16, 24, 0.2879146635532379
0, 616, 1205, 20, 24, 0.28778186440467834
0, 588, 789, 44, 45, 0.2876284122467041
0, 355, 728, 14, 21, 0.28754255175590515
0, 116, 252, 18, 27, 0.2859532833099365
0, 364, 611, 25, 27, 0.285381555557251
0, 490, 548, 13, 24, 0.28487229347229004
0, 623, 1243, 18, 24, 0.2847987711429596
0, 690, 278, 26, 30, 0.284406840801239
0, 59, 155, 18, 31, 0.28412818908691406
0, 592, 103, 18, 31, 0.2840237319469452
0, 242, 102, 16, 24, 0.2839983403682709
0, 311, 1032, 17, 24, 0.2839049994945526
0, 528, 499, 24, 24, 0.2837519645690918
0, 110, 936, 16, 24, 0.28327566385269165
0, 42, 86, 13, 25, 0.28230926394462585
0, 642, 758, 13, 31, 0.28209489583969116
0, 623, 139, 17, 25, 0.281804621219635
0, 79, 962, 13, 25, 0.28126683831214905
0, 89, 515, 26, 49, 0.28119197487831116
0, 343, 285, 27, 29, 0.28084951639175415
0, 746, 64, 14, 23, 0.2807215452194214
0, 137, 1080, 28, 25, 0.28046149015426636
0, 214, 218, 18, 21, 0.2803029716014862
0, 14, 882, 10, 18, 0.279927134513855
0, 622, 1395, 33, 28, 0.2794886529445648
0, 745, 1454, 18, 47, 0.2790718972682953
0, 131, 1079, 20, 23, 0.2789822816848755
0, 479, 1344, 11, 28, 0.2787751257419586
0, 688, 988, 19, 32, 0.27840667963027954
0, 452, 781, 21, 32, 0.27811142802238464
0, 564, 1378, 19, 23, 0.27736008167266846
0, 112, 1122, 28, 33, 0.2770422697067261
0, 127, 84, 9, 15, 0.27594614028930664
0, 736, 213, 19, 32, 0.27531498670578003
0, 313, 447, 19, 20, 0.27379748225212097
0, 174, 897, 16, 24, 0.27353549003601074
0, 407, 417, 24, 36, 0.27306923270225525
0, 44, 383, 31, 35, 0.27285027503967285
0, 746, 184, 14, 29, 0.27253609895706177
0, 140, 527, 22, 28, 0.27231937646865845
0, 193, 47, 20, 26, 0.27223145961761475
0, 618, 1205, 19, 25, 0.2716343402862549
0, 726, 975, 25, 36, 0.27080169320106506
0, 205, 849, 25, 26, 0.26971331238746643
0, 34, 594, 28, 27, 0.26929646730422974
0, 281, 28, 21, 37, 0.26901012659072876
0, 126, 1008, 11, 21, 0.26826706528663635
0, 461, 44, 20, 31, 0.26713019609451294
0, 42, 500, 16, 25, 0.26686805486679077
0, 109, 480, 17, 23, 0.26625940203666687
0, 727, 934, 20, 23, 0.265555739402771
0, 330, 86, 23, 24, 0.265433132648468
0, 411, 383, 17, 21, 0.2641980051994324
0, 670, 180, 16, 31, 0.26393210887908936
0, 41, 1116, 14, 22, 0.26337069272994995
0, 745, 120, 14, 26, 0.2616933584213257
0, 520, 26, 14, 27, 0.2611139416694641
0, 534, 665, 15, 21, 0.2604884207248688
0, 149, 28, 22, 35, 0.2602594494819641
0, 197, 548, 24, 37, 0.258376806974411
0, 326, 952, 23, 35, 0.25678205490112305
0, 43, 595, 36, 28, 0.2554417848587036
0, 650, 157, 15, 23, 0.25439855456352234
0, 469, 177, 32, 31, 0.25349414348602295
0, 471, 723, 12, 18, 0.2519654929637909
0, 642, 1228, 9, 18, 0.2507161796092987
