3, 91, 237, 122, 109, 0.9235546588897705
1, 141, 6, 19, 12, 0.8589318990707397
3, 97, 164, 53, 50, 0.8455604910850525
2, 182, 90, 26, 26, 0.8402367830276489
1, 153, 20, 16, 17, 0.8216891288757324
3, 30, 145, 61, 50, 0.769498348236084
3, 201, 199, 142, 145, 0.7486062049865723
3, 105, 51, 74, 76, 0.7258515357971191
1, 273, 207, 20, 22, 0.7051541209220886
3, 271, 126, 57, 63, 0.6864423751831055
1, 152, 40, 20, 21, 0.6549871563911438
1, 13, 236, 26, 28, 0.6000333428382874
1, 87, 21, 19, 16, 0.5848779678344727
3, 167, 248, 49, 40, 0.5653544068336487
1, 83, 132, 17, 19, 0.5640052556991577
3, 152, 74, 50, 44, 0.5543811917304993
3, 219, 170, 108, 83, 0.5458410978317261
3, 20, 12, 40, 24, 0.5434026718139648
3, 34, 192, 61, 54, 0.4680296778678894
1, 177, 9, 26, 19, 0.4525589942932129
1, 195, 54, 18, 19, 0.42549678683280945
3, 22, 103, 44, 48, 0.3869638741016388
1, 37, 281, 30, 36, 0.32557055354118347
3, 183, 11, 45, 23, 0.29973775148391724
2, 258, 82, 48, 54, 0.2224377989768982
3, 43, 55, 59, 58, 0.20767827332019806
0, 242, 21, 44, 42, 0.1970723420381546
3, 259, 83, 45, 53, 0.19452433288097382
2, 36, 279, 39, 40, 0.19069963693618774
2, 86, 296, 24, 6, 0.1726321280002594
1, 205, 31, 27, 22, 0.17230913043022156
0, 36, 179, 25, 23, 0.09555155038833618
3, 223, 231, 77, 72, 0.08804628998041153
3, 36, 279, 39, 40, 0.08738452941179276
2, 184, 10, 44, 21, 0.08377806097269058
3, 165, 186, 75, 77, 0.07775386422872543
0, 222, 68, 33, 38, 0.07341618090867996
1, 20, 95, 31, 24, 0.07243382185697556
2, 107, 4, 33, 8, 0.06183423101902008
0, 285, 30, 29, 43, 0.06024060770869255
0, 20, 95, 30, 23, 0.05939638987183571
0, 297, 4, 5, 8, 0.05871913954615593
1, 220, 67, 27, 37, 0.05853287875652313
1, 251, 181, 23, 24, 0.056898217648267746
3, 275, 209, 25, 28, 0.05598735809326172
0, 270, 2, 18, 5, 0.05593610554933548
0, 251, 182, 22, 23, 0.05564697086811066
2, 14, 236, 27, 30, 0.05478155240416527
2, 275, 208, 26, 28, 0.05274508148431778
2, 243, 21, 44, 43, 0.05009009689092636
0, 296, 76, 7, 29, 0.04346640035510063
1, 109, 3, 22, 6, 0.043037399649620056
2, 236, 200, 21, 16, 0.041600875556468964
0, 168, 249, 49, 39, 0.03907458484172821
3, 74, 257, 87, 71, 0.03653368353843689
1, 103, 135, 16, 14, 0.0341770201921463
1, 48, 59, 31, 32, 0.033249299973249435
0, 55, 5, 29, 11, 0.030408315360546112
0, 264, 3, 31, 7, 0.03036690317094326
1, 85, 297, 24, 5, 0.02907668612897396
3, 294, 77, 11, 37, 0.027221666648983955
0, 1, 78, 3, 17, 0.027188867330551147
1, 173, 253, 24, 25, 0.025499332696199417
1, 155, 70, 33, 28, 0.020603200420737267
0, 206, 31, 25, 21, 0.019210584461688995
2, 155, 42, 28, 25, 0.018796484917402267
3, 14, 236, 28, 32, 0.01827242784202099
0, 259, 82, 45, 54, 0.017352867871522903
3, 221, 168, 60, 68, 0.016737528145313263
1, 91, 170, 27, 25, 0.016057224944233894
1, 105, 63, 25, 28, 0.015881383791565895
3, 253, 8, 60, 16, 0.015841562300920486
0, 36, 279, 39, 40, 0.015223552472889423
0, 287, 22, 25, 23, 0.014821439050137997
0, 277, 114, 31, 23, 0.014610814861953259
2, 195, 54, 22, 23, 0.013396397233009338
3, 260, 5, 40, 11, 0.012812050059437752
2, 101, 132, 27, 25, 0.012791969813406467
0, 271, 128, 57, 55, 0.012584279291331768
1, 246, 23, 38, 32, 0.012480104342103004
3, 256, 182, 35, 48, 0.01198290940374136
0, 255, 146, 23, 24, 0.011948054656386375
3, 297, 170, 5, 39, 0.011789003387093544
3, 36, 262, 70, 73, 0.011491253972053528
3, 285, 30, 29, 44, 0.011138539761304855
3, 14, 152, 28, 34, 0.011109401471912861
0, 48, 58, 30, 30, 0.011061452329158783
1, 41, 289, 19, 20, 0.010804940015077591
1, 41, 151, 22, 25, 0.010436060838401318
1, 36, 179, 23, 23, 0.010290680453181267
0, 231, 166, 20, 25, 0.010239165276288986
3, 208, 154, 83, 44, 0.009818936698138714
0, 16, 1, 31, 3, 0.009448434226214886
1, 262, 87, 21, 23, 0.009263604879379272
1, 182, 90, 26, 27, 0.009249095804989338
1, 277, 114, 29, 22, 0.009042189456522465
1, 210, 112, 31, 25, 0.008990827016532421
0, 26, 56, 11, 14, 0.008605054579675198
1, 238, 23, 23, 23, 0.008535944856703281
3, 211, 118, 43, 39, 0.008294861763715744
0, 2, 83, 4, 30, 0.008246979676187038
1, 203, 211, 22, 22, 0.008233842439949512
3, 143, 118, 77, 70, 0.00787070207297802
0, 298, 166, 3, 26, 0.007685712538659573
0, 86, 215, 22, 19, 0.007584003731608391
0, 110, 214, 26, 25, 0.0074553415179252625
3, 94, 133, 43, 26, 0.007449395023286343
3, 294, 293, 11, 12, 0.007446159143000841
3, 265, 144, 68, 122, 0.007423508446663618
0, 268, 75, 21, 28, 0.007272186689078808
0, 297, 28, 5, 13, 0.007101769093424082
0, 202, 211, 23, 25, 0.006885880138725042
0, 32, 191, 55, 52, 0.0068420828320086
0, 5, 91, 11, 20, 0.0067491792142391205
0, 11, 61, 20, 19, 0.006554380524903536
3, 289, 163, 20, 62, 0.0065480126067996025
3, 58, 7, 36, 14, 0.006395822856575251
2, 295, 294, 8, 11, 0.006264646537601948
0, 1, 153, 3, 16, 0.00598926842212677
0, 174, 253, 26, 26, 0.005951277911663055
3, 240, 200, 41, 21, 0.005881542805582285
3, 37, 110, 72, 46, 0.005794661585241556
0, 287, 40, 25, 18, 0.005727848038077354
1, 43, 65, 22, 28, 0.005517813377082348
3, 279, 164, 41, 58, 0.0055060796439647675
1, 225, 75, 21, 22, 0.005456484388560057
0, 281, 7, 13, 8, 0.005353717599064112
0, 270, 4, 23, 8, 0.005325734615325928
3, 33, 15, 60, 30, 0.005323871038854122
0, 25, 67, 9, 10, 0.005280334502458572
3, 257, 25, 84, 51, 0.005208767019212246
3, 158, 256, 31, 25, 0.005167535040527582
0, 46, 271, 12, 15, 0.005138202104717493
0, 90, 170, 23, 24, 0.005126537289470434
3, 45, 147, 28, 39, 0.005113479681313038
3, 122, 118, 73, 47, 0.005092214792966843
3, 119, 230, 68, 115, 0.0050579821690917015
3, 220, 213, 61, 31, 0.00497300224378705
0, 47, 278, 14, 30, 0.004958609119057655
3, 294, 171, 11, 45, 0.004891297314316034
0, 20, 11, 40, 22, 0.0048106820322573185
3, 278, 203, 31, 47, 0.004767917096614838
1, 31, 274, 25, 25, 0.004612073767930269
0, 238, 23, 21, 23, 0.004595909267663956
1, 215, 73, 16, 23, 0.004573414567857981
0, 248, 21, 31, 30, 0.004545939154922962
0, 133, 110, 26, 28, 0.00445936992764473
0, 152, 76, 49, 38, 0.004402584861963987
3, 25, 245, 51, 72, 0.004371595568954945
3, 237, 178, 68, 60, 0.004318723455071449
0, 85, 3, 13, 6, 0.004297455307096243
0, 264, 235, 19, 17, 0.0042508007027208805
1, 207, 44, 20, 15, 0.004123437684029341
2, 249, 95, 21, 23, 0.004091721028089523
2, 83, 132, 20, 21, 0.003904176177456975
0, 258, 15, 12, 12, 0.003859135787934065
3, 153, 138, 62, 41, 0.0038359183818101883
0, 226, 77, 19, 19, 0.003824556479230523
0, 14, 8, 29, 16, 0.003822972299531102
3, 122, 267, 35, 34, 0.003783282358199358
3, 223, 250, 59, 35, 0.0036906395107507706
0, 46, 55, 53, 56, 0.0036409462336450815
0, 219, 250, 55, 36, 0.0036271512508392334
0, 279, 26, 16, 25, 0.0036184880882501602
0, 246, 183, 12, 18, 0.0036175029817968607
0, 1, 120, 3, 15, 0.003567660227417946
0, 208, 43, 22, 18, 0.003564530750736594
1, 20, 3, 40, 7, 0.003527572611346841
3, 264, 179, 26, 38, 0.0035075924824923277
2, 88, 291, 19, 9, 0.003495890647172928
1, 96, 165, 41, 35, 0.0034302135463804007
3, 255, 147, 25, 29, 0.0033852001652121544
1, 86, 215, 23, 20, 0.00335075450129807
3, 20, 117, 40, 32, 0.0033305457327514887
0, 55, 56, 16, 25, 0.0033116184640675783
3, 15, 19, 25, 20, 0.0033023925498127937
0, 42, 50, 24, 33, 0.0032776433508843184
0, 258, 39, 11, 12, 0.0032757900189608335
3, 50, 151, 16, 30, 0.0032329056411981583
1, 69, 87, 20, 15, 0.0032317456789314747
0, 41, 43, 17, 18, 0.003222638973966241
0, 11, 90, 22, 22, 0.003217360470443964
0, 265, 82, 26, 30, 0.0032051391899585724
0, 18, 3, 37, 6, 0.00319084944203496
3, 120, 277, 37, 31, 0.003175620222464204
1, 136, 3, 8, 7, 0.0031752989161759615
3, 269, 147, 53, 30, 0.0031638233922421932
0, 2, 150, 5, 18, 0.0031347821932286024
3, 203, 212, 25, 28, 0.00313131813891232
0, 219, 28, 15, 13, 0.0031227697618305683
0, 292, 99, 14, 23, 0.003106712829321623
2, 86, 292, 32, 12, 0.0030582936014980078
0, 140, 215, 16, 12, 0.003049052320420742
3, 14, 199, 20, 30, 0.0030052713118493557
0, 274, 74, 9, 14, 0.0029940055683255196
2, 103, 7, 43, 15, 0.0029530255123972893
3, 282, 109, 33, 35, 0.0029396566096693277
0, 256, 20, 15, 21, 0.002926215762272477
1, 173, 3, 19, 6, 0.0028566888067871332
0, 2, 104, 5, 14, 0.0028319950215518475
3, 129, 255, 34, 50, 0.002791906241327524
0, 252, 3, 29, 6, 0.0027867599856108427
0, 222, 133, 8, 7, 0.0027832400519400835
0, 233, 7, 23, 15, 0.0027670206036418676
3, 196, 239, 96, 61, 0.0027609511744230986
0, 167, 144, 37, 29, 0.002748762955889106
3, 161, 236, 44, 39, 0.0027417682576924562
0, 297, 140, 4, 8, 0.0026930072344839573
1, 268, 236, 26, 21, 0.0026684373151510954
0, 253, 141, 18, 16, 0.0026621504221111536
3, 254, 95, 45, 27, 0.002617656020447612
0, 9, 153, 19, 26, 0.0026041758246719837
3, 20, 202, 34, 35, 0.0025972172152251005
3, 103, 218, 95, 69, 0.0025866355281323195
3, 209, 251, 35, 33, 0.002579598454758525
3, 73, 220, 90, 64, 0.002575359307229519
3, 221, 68, 33, 39, 0.002556897234171629
3, 135, 72, 19, 35, 0.002547109266743064
0, 1, 194, 3, 10, 0.0025441742036491632
1, 187, 10, 23, 19, 0.0025028963573276997
3, 122, 214, 55, 53, 0.002491867169737816
0, 248, 5, 16, 10, 0.002491420367732644
2, 233, 201, 13, 9, 0.0024684679228812456
0, 277, 22, 11, 15, 0.0024619868490844965
3, 155, 162, 57, 70, 0.0024584538768976927
0, 5, 106, 11, 25, 0.002447783015668392
3, 82, 294, 40, 10, 0.002440866082906723
3, 136, 228, 27, 30, 0.0024268794804811478
3, 97, 292, 55, 14, 0.002421095734462142
0, 55, 48, 14, 10, 0.00241377972997725
0, 80, 233, 20, 24, 0.0023873059544712305
3, 144, 240, 41, 46, 0.0023857993073761463
0, 284, 33, 27, 23, 0.0023799503687769175
3, 10, 162, 17, 14, 0.002341670449823141
0, 262, 134, 38, 42, 0.002296639606356621
3, 140, 163, 21, 26, 0.0022952219005674124
0, 10, 113, 21, 19, 0.002294274279847741
0, 98, 174, 11, 16, 0.00228846725076437
0, 233, 158, 14, 9, 0.002280373824760318
3, 268, 99, 25, 19, 0.0022737765684723854
0, 258, 180, 8, 11, 0.002254178747534752
3, 149, 149, 46, 32, 0.00225305394269526
0, 58, 39, 23, 20, 0.0022097413893789053
3, 179, 153, 83, 45, 0.0022049525287002325
3, 44, 135, 42, 34, 0.002202190924435854
3, 142, 193, 28, 33, 0.002196386456489563
3, 101, 3, 48, 7, 0.0021853288635611534
1, 152, 74, 50, 44, 0.002179534640163183
0, 174, 242, 34, 23, 0.0021731043234467506
0, 60, 119, 20, 21, 0.0021629012189805508
3, 292, 84, 15, 51, 0.0021603689529001713
3, 233, 72, 57, 51, 0.0021463229786604643
0, 105, 218, 16, 19, 0.002122593577951193
0, 21, 99, 41, 46, 0.002112062182277441
3, 246, 98, 29, 21, 0.0020919095259159803
3, 297, 175, 4, 22, 0.0020906187128275633
3, 133, 59, 17, 21, 0.002089746529236436
0, 11, 96, 16, 19, 0.0020697303116321564
1, 89, 3, 19, 6, 0.0020674339029937983
0, 131, 258, 8, 8, 0.002055833116173744
3, 190, 214, 54, 33, 0.0020472840406000614
1, 9, 44, 10, 13, 0.002044490072876215
0, 269, 10, 10, 9, 0.002033389173448086
3, 62, 10, 51, 20, 0.0020223120227456093
1, 45, 294, 20, 10, 0.0020213827956467867
3, 179, 144, 55, 32, 0.002015182049944997
0, 57, 61, 12, 15, 0.0020141839049756527
0, 17, 149, 34, 42, 0.001972264377400279
1, 232, 7, 21, 15, 0.0019340106518939137
1, 216, 61, 19, 25, 0.0019210651516914368
3, 223, 62, 56, 56, 0.0018843928119167686
3, 91, 177, 49, 20, 0.0018840950215235353
3, 145, 182, 35, 58, 0.001883333781734109
1, 186, 83, 14, 10, 0.0018812724156305194
0, 241, 62, 17, 21, 0.0018653904553502798
0, 15, 119, 8, 8, 0.0018583409255370498
0, 30, 60, 18, 24, 0.0018422665307298303
3, 83, 132, 22, 22, 0.0018155004363507032
3, 245, 196, 47, 47, 0.0017979427939280868
3, 16, 164, 32, 12, 0.0017887009307742119
3, 158, 265, 37, 18, 0.0017516860971227288
2, 252, 101, 13, 12, 0.001742894179187715
0, 41, 65, 18, 21, 0.0017399174394086003
1, 7, 235, 13, 26, 0.0017330329865217209
3, 210, 52, 64, 73, 0.0017328035319224
3, 128, 163, 36, 50, 0.0017269932432100177
1, 156, 34, 14, 10, 0.001725396723486483
3, 111, 284, 42, 28, 0.0017128385370597243
3, 61, 119, 22, 22, 0.0017125761369243264
3, 42, 69, 56, 30, 0.0017099108081310987
0, 298, 119, 3, 14, 0.0016885960940271616
1, 112, 68, 11, 14, 0.0016745044849812984
0, 233, 23, 15, 18, 0.0016625710995867848
3, 79, 285, 55, 22, 0.0016505419043824077
0, 295, 28, 8, 30, 0.0016336777480319142
3, 47, 295, 21, 8, 0.0016262580174952745
0, 85, 238, 20, 21, 0.0016229315660893917
0, 293, 90, 11, 9, 0.0016094422899186611
2, 260, 88, 22, 23, 0.0016067995456978679
1, 194, 12, 9, 11, 0.001604607910849154
