0, 332, 549, 15, 21, 0.9119414874576408
0, 331, 548, 18, 22, 0.9103759828794
0, 350, 478, 20, 17, 0.9028413264826748
0, 103, 497, 17, 16, 0.9106189019882832
0, 377, 606, 16, 27, 0.8829882970748335
0, 103, 498, 17, 15, 0.9163666395813514
0, 324, 454, 12, 15, 0.9275103935859971
0, 440, 459, 24, 24, 0.894720602992457
0, 315, 373, 24, 19, 0.8728014708857211
0, 37, 440, 15, 16, 0.9070695216200295
0, 37, 441, 15, 16, 0.9056118520459159
0, 441, 459, 23, 23, 0.8905996637772331
0, 431, 429, 20, 23, 0.9011598002350083
0, 431, 429, 18, 22, 0.9015347869214683
0, 124, 430, 21, 24, 0.8822634295691374
0, 122, 544, 18, 23, 0.9090637236753256
0, 273, 507, 25, 29, 0.9110557004140357
0, 336, 622, 19, 23, 0.9140488190524141
0, 141, 520, 24, 23, 0.9020033121818889
0, 374, 496, 15, 19, 0.8811910622462907
0, 193, 444, 21, 22, 0.9146062819606688
0, 444, 536, 21, 25, 0.9061904414318247
1, 315, 157, 16, 16, 0.9424840457501531
0, 444, 537, 21, 24, 0.9007191845217268
0, 207, 473, 24, 20, 0.8961651755271023
0, 142, 519, 25, 24, 0.8988480644562119
0, 414, 389, 17, 28, 0.9300234565931009
0, 584, 549, 18, 24, 0.9246420445199177
0, 337, 616, 19, 22, 0.9271749590167759
0, 119, 392, 16, 24, 0.8945828582308741
0, 415, 389, 16, 28, 0.9337509390211212
0, 377, 602, 18, 28, 0.890582203300237
0, 208, 473, 24, 20, 0.9025854568410576
0, 126, 430, 21, 24, 0.8801736866099519
0, 626, 286, 14, 15, 0.8857432901010986
0, 150, 569, 20, 21, 0.8821713053642566
0, 149, 572, 20, 22, 0.8768926789629534
0, 124, 545, 17, 21, 0.90325448822905
0, 609, 447, 14, 16, 0.8927819730791213
0, 609, 447, 14, 18, 0.904729843484275
0, 178, 543, 16, 17, 0.8846126870563487
0, 119, 391, 17, 23, 0.8937504368174374
0, 601, 389, 15, 15, 0.9514585935578947
0, 421, 503, 22, 27, 0.9099062909711966
0, 302, 458, 22, 23, 0.9150262371083986
0, 422, 306, 27, 30, 0.8817539824964569
0, 184, 510, 15, 15, 0.8826488184677846
0, 306, 407, 25, 34, 0.9048418599514481
0, 150, 572, 19, 21, 0.8933389622616346
0, 519, 440, 31, 33, 0.9144772895365304
0, 422, 503, 21, 26, 0.9244255669275299
0, 134, 226, 18, 30, 0.8874039630479851
0, 133, 226, 18, 30, 0.8947269263575695
0, 448, 495, 23, 27, 0.9190711148567774
0, 534, 481, 28, 28, 0.8910231980095727
0, 220, 541, 25, 21, 0.8676834564578704
0, 534, 481, 28, 29, 0.8943056840598586
0, 142, 370, 15, 18, 0.8919437259408345
0, 329, 504, 22, 18, 0.8626628415899233
0, 216, 415, 15, 20, 0.9192859123697563
0, 306, 407, 25, 32, 0.9052117735676272
0, 216, 414, 16, 21, 0.9183367958640467
0, 153, 183, 14, 19, 0.8782481846126736
0, 566, 592, 17, 22, 0.8864256385037037
0, 228, 623, 19, 24, 0.9213536842601208
0, 120, 192, 23, 25, 0.9204347207782844
0, 410, 532, 15, 14, 0.8747878423754469
0, 190, 135, 20, 21, 0.9346689729882415
0, 611, 338, 24, 29, 0.9399102499322981
0, 449, 495, 23, 26, 0.9088994167089827
0, 421, 307, 28, 26, 0.876501757774391
0, 45, 404, 21, 28, 0.9012549362818473
0, 226, 388, 19, 16, 0.8910107604725434
0, 377, 559, 25, 29, 0.9090118030838306
0, 147, 404, 27, 28, 0.884875496167012
0, 521, 439, 32, 34, 0.9134999788421303
0, 497, 383, 26, 27, 0.888816360791244
0, 261, 381, 20, 26, 0.906569066414521
0, 593, 370, 10, 11, 0.8776959651309788
0, 354, 581, 23, 22, 0.8861677476970394
0, 158, 545, 16, 16, 0.9103179629314858
0, 149, 405, 25, 28, 0.8796600981325308
0, 513, 609, 21, 25, 0.9091078177412875
0, 191, 385, 17, 17, 0.9016340423039103
0, 423, 307, 26, 26, 0.882789752675228
0, 329, 504, 22, 21, 0.8801043916065183
0, 118, 607, 22, 25, 0.9202957422841049
0, 45, 405, 19, 26, 0.8940782394513813
0, 229, 510, 25, 25, 0.8995324661095287
0, 168, 372, 17, 23, 0.8646459210331381
0, 191, 134, 20, 21, 0.9188059172979457
0, 484, 588, 23, 25, 0.8827887576701056
0, 192, 385, 17, 18, 0.8957426917789647
