2, 224, 58, 24, 24, 0.8783392503993983
2, 354, 160, 12, 13, 0.8942384202686442
2, 317, 221, 31, 38, 0.8872846642892834
2, 295, 87, 11, 12, 0.939632735754864
2, 401, 170, 24, 37, 0.8778189184590092
2, 347, 159, 29, 43, 0.9228040115764022
2, 122, 93, 17, 27, 0.9551497297280807
2, 137, 114, 13, 15, 0.9131249752100998
2, 321, 220, 23, 38, 0.879412662420047
2, 290, 69, 12, 13, 0.9080268122715437
2, 292, 86, 33, 46, 0.8808905121357181
2, 122, 93, 18, 31, 0.9579207436075158
2, 120, 93, 44, 63, 0.908006668081594
2, 123, 93, 16, 18, 0.9318439060949157
2, 305, 172, 20, 16, 0.891571659667264
2, 270, 23, 14, 20, 0.9288829300160824
2, 123, 91, 16, 26, 0.9160214181854622
2, 354, 276, 33, 35, 0.8867728890454165
2, 303, 172, 22, 23, 0.8704442718404615
2, 138, 114, 12, 13, 0.9037770562199623
2, 308, 172, 16, 18, 0.8720185747224765
2, 229, 57, 20, 17, 0.8899563500964862
2, 290, 70, 13, 16, 0.9246909856091176
2, 136, 112, 25, 33, 0.9034107286862902
2, 321, 221, 41, 43, 0.8779775893288937
2, 294, 87, 12, 22, 0.8970289071231787
2, 123, 93, 16, 19, 0.9443702136155839
2, 309, 172, 16, 16, 0.8710964933587817
2, 229, 58, 21, 18, 0.8795085740648128
2, 309, 173, 16, 20, 0.8703391531856789
2, 137, 112, 19, 25, 0.9131581428316737
2, 360, 271, 22, 24, 0.8804832264091522
2, 219, 60, 30, 32, 0.9210704825216125
2, 351, 158, 19, 37, 0.908209434339156
2, 269, 25, 52, 53, 0.8821379682448492
2, 121, 93, 19, 34, 0.9642413742070776
2, 293, 88, 12, 19, 0.930462555852167
2, 116, 107, 49, 48, 0.9137644353097107
2, 295, 88, 12, 21, 0.889699269359896
2, 139, 114, 11, 14, 0.9019670045545893
2, 134, 112, 37, 54, 0.8918970655129048
2, 269, 23, 15, 26, 0.8958106640547854
2, 278, 195, 16, 25, 0.8961144405249697
2, 292, 86, 27, 49, 0.9141214847442387
2, 358, 276, 35, 46, 0.8636186642016501
2, 357, 158, 19, 26, 0.9129632133709477
3, 290, 69, 35, 53, 0.8778272575225514
3, 303, 172, 39, 53, 0.881214848307085
3, 320, 223, 28, 48, 0.8741703461219335
3, 121, 109, 36, 39, 0.9363707531072355
3, 75, 103, 23, 28, 0.9064772505286326
3, 290, 70, 28, 53, 0.8841809377525263
3, 309, 171, 44, 65, 0.8648527797484985
3, 74, 102, 25, 34, 0.8871015354739968
3, 75, 103, 24, 30, 0.9019366149541489
3, 74, 105, 26, 34, 0.8935703182732538
3, 361, 279, 52, 62, 0.8431082751156743
3, 73, 105, 25, 32, 0.8902240722246066
3, 306, 173, 29, 51, 0.8996029777042769
3, 354, 159, 39, 58, 0.8658602294009351
3, 253, 143, 26, 38, 0.8739125991755892
3, 101, 85, 29, 29, 0.9124515782338816
3, 87, 168, 38, 45, 0.8933598726529324
3, 75, 104, 41, 40, 0.9188846209408195
3, 279, 195, 30, 49, 0.8990720520771252
3, 64, 186, 41, 52, 0.8854049976466909
3, 281, 193, 30, 43, 0.9083683660125054
3, 213, 95, 11, 23, 0.8556090642220637
3, 74, 105, 66, 56, 0.8837377805160055
3, 74, 106, 43, 44, 0.8952833663289521
3, 75, 107, 41, 46, 0.9066237780739264
3, 87, 166, 33, 42, 0.8933808948393849
3, 405, 163, 29, 28, 0.8747841091790085
3, 291, 69, 18, 24, 0.9185866223795838
3, 125, 112, 33, 29, 0.9136395807723863
3, 105, 85, 25, 27, 0.8756248643068467
3, 319, 179, 26, 52, 0.8894888153817186
3, 104, 85, 18, 22, 0.9100057518417798
3, 66, 106, 52, 38, 0.9026164922329175
3, 223, 61, 36, 51, 0.9046610341839966
3, 103, 84, 16, 18, 0.9139993279520733
3, 362, 274, 28, 30, 0.9236854996348112
3, 169, 225, 34, 47, 0.9007100089870189
3, 75, 105, 79, 68, 0.8792435040548894
3, 231, 61, 24, 33, 0.9093840271201246
3, 37, 138, 31, 44, 0.9013087382975726
3, 412, 143, 19, 20, 0.880902670205324
3, 424, 240, 28, 26, 0.8722950950260818
3, 423, 147, 38, 41, 0.8682145318720467
3, 282, 193, 43, 54, 0.9178628632713067
3, 231, 60, 29, 40, 0.9143635726436805
3, 105, 83, 35, 31, 0.9180209413957582
3, 106, 84, 19, 18, 0.9014421173410647
3, 171, 226, 35, 51, 0.8941654393352787
3, 390, 59, 17, 27, 0.8857764264269328
3, 147, 242, 16, 14, 0.8484072183055922
3, 415, 213, 18, 24, 0.8876510344438501
3, 301, 221, 52, 58, 0.8818839526363195
3, 147, 242, 16, 13, 0.8429315297833806
3, 173, 226, 21, 28, 0.9139951217510086
3, 110, 242, 18, 21, 0.8301713261395458
