2, 90, 14, 13, 11, 0.9142891950638269
2, 90, 12, 13, 13, 0.9108137138371389
2, 41, 114, 13, 18, 0.9251803215790023
2, 60, 98, 16, 14, 0.9350164018044553
2, 99, 87, 11, 13, 0.9461037882629698
2, 86, 93, 8, 12, 0.8919996588109935
2, 87, 93, 7, 8, 0.8754241094125952
2, 41, 116, 16, 25, 0.892796421764328
2, 68, 101, 13, 9, 0.9305491967360549
2, 92, 12, 11, 11, 0.912721003624609
2, 60, 98, 16, 15, 0.9431199066312403
2, 69, 101, 11, 7, 0.9110925364465764
2, 100, 86, 10, 13, 0.9468603112801157
2, 38, 117, 13, 21, 0.9257132619144615
2, 40, 117, 14, 22, 0.9029052352585383
2, 32, 134, 9, 12, 0.9181560511413859
2, 32, 134, 19, 23, 0.8781978343745656
2, 41, 116, 8, 10, 0.9087210539844138
2, 59, 97, 10, 10, 0.9193512607557406
2, 98, 87, 12, 13, 0.955038970833769
2, 99, 86, 10, 15, 0.9329595945097178
2, 59, 98, 10, 11, 0.9381425761902196
2, 32, 134, 9, 12, 0.9185466283832857
2, 88, 93, 8, 8, 0.8607874925469365
2, 92, 12, 11, 13, 0.9178733517471276
2, 87, 93, 7, 9, 0.8880443080420164
2, 88, 93, 7, 11, 0.8955990260698752
2, 60, 98, 10, 11, 0.9376144779223912
2, 32, 127, 7, 9, 0.9011127324980908
2, 51, 65, 14, 13, 0.9142153592788123
2, 31, 135, 20, 22, 0.8725269945918931
2, 31, 127, 7, 10, 0.8836017593941523
2, 91, 14, 12, 12, 0.914978677210936
2, 69, 101, 16, 8, 0.9324032729417067
2, 91, 81, 9, 11, 0.8997374727037875
2, 44, 72, 12, 11, 0.8886805240519742
2, 30, 134, 13, 19, 0.9121351608679452
2, 50, 64, 17, 18, 0.8922170662796692
2, 99, 87, 13, 14, 0.9364280654086625
2, 32, 126, 7, 8, 0.8867368647036367
2, 61, 98, 10, 12, 0.9540424094918738
2, 87, 15, 15, 20, 0.8847174745521782
2, 32, 133, 9, 16, 0.9096682216134926
2, 88, 93, 16, 19, 0.8893267533874111
2, 88, 93, 7, 9, 0.8908434593581084
2, 32, 133, 11, 18, 0.9045908632679925
2, 90, 81, 17, 21, 0.9179321403577667
2, 101, 87, 10, 16, 0.9378616478043174
2, 42, 114, 15, 21, 0.9065837299913567
2, 29, 135, 15, 18, 0.9201073938188712
2, 92, 12, 11, 14, 0.9129433750698146
2, 32, 134, 10, 16, 0.9160629811033487
2, 42, 116, 8, 13, 0.9225916075853596
2, 91, 10, 11, 16, 0.9032844361268287
2, 115, 46, 5, 12, 0.8700944158021662
2, 100, 137, 13, 14, 0.9235159930820701
3, 42, 114, 19, 26, 0.8849756260823323
3, 54, 70, 15, 21, 0.8855449715529923
3, 54, 70, 21, 25, 0.8675614478988675
3, 99, 85, 13, 20, 0.9154719379756266
3, 52, 67, 17, 24, 0.8805129886789259
3, 98, 87, 16, 20, 0.8913920872164631
3, 98, 87, 16, 19, 0.9028164724760801
3, 60, 97, 19, 19, 0.9094993969247646
3, 52, 68, 13, 17, 0.9080569939838855
3, 42, 117, 25, 34, 0.8850179348129954
3, 114, 47, 9, 28, 0.8936816702474671
3, 115, 48, 13, 29, 0.8980615182227693
3, 60, 130, 20, 27, 0.8662487970863997
3, 115, 47, 7, 20, 0.9142443258199657
3, 98, 87, 17, 23, 0.8882913205233953
3, 116, 48, 15, 35, 0.8872253951338502
3, 52, 70, 18, 26, 0.8714288642712568
3, 32, 130, 14, 26, 0.8947374447260523
3, 98, 87, 17, 22, 0.8816875065890954
3, 43, 115, 9, 12, 0.9395182941434947
3, 32, 128, 16, 28, 0.8923665132810198
3, 52, 71, 25, 35, 0.8582857528010768
3, 59, 97, 20, 21, 0.9151675149616711
3, 54, 67, 12, 12, 0.9192165488014934
3, 54, 67, 12, 13, 0.9191666229060597
3, 53, 68, 14, 15, 0.8955500257288912
3, 93, 82, 17, 16, 0.905448357102668
3, 43, 115, 8, 11, 0.9106305411836572
3, 87, 92, 22, 24, 0.8684216409520433
3, 100, 87, 21, 38, 0.8936509246891413
3, 100, 86, 21, 28, 0.8913863126641199
3, 87, 92, 25, 29, 0.8865206983257174
3, 54, 70, 20, 27, 0.8746268911089218
3, 52, 69, 19, 27, 0.8666654338521864
3, 60, 129, 13, 11, 0.8680940955330726
3, 100, 87, 22, 33, 0.8871243273147631
3, 86, 92, 25, 29, 0.8702682895327138
3, 33, 130, 18, 28, 0.8836550919886713
3, 98, 87, 21, 28, 0.8789974374866891
3, 60, 99, 27, 32, 0.8818130720663644
3, 58, 97, 23, 29, 0.8784504296993039
3, 44, 71, 20, 24, 0.8819569134004298
3, 60, 98, 24, 24, 0.8822056602705077
3, 117, 47, 7, 21, 0.8867762731608242
3, 42, 104, 13, 15, 0.9173627852355399
3, 44, 107, 13, 12, 0.8981958650969311
3, 94, 80, 17, 23, 0.9245151597010988
3, 43, 106, 14, 15, 0.8990019015289318
3, 45, 107, 16, 27, 0.875924466442514
3, 79, 49, 7, 14, 0.9036402664101124
3, 117, 135, 24, 38, 0.8437218157315902
3, 93, 81, 17, 27, 0.9206821181775879
3, 43, 107, 14, 14, 0.8901739860219093
3, 95, 141, 27, 33, 0.8483224850230884
3, 60, 97, 24, 23, 0.8809664114977328
3, 117, 135, 23, 31, 0.850887024190944
3, 60, 97, 25, 26, 0.8751011284986779
3, 87, 92, 27, 32, 0.8999440183499114
3, 116, 134, 21, 28, 0.8677546449786531
3, 43, 107, 15, 14, 0.8965326091626954
3, 43, 108, 15, 24, 0.9029865076770565
3, 87, 93, 27, 38, 0.8863599493037858
3, 97, 141, 29, 41, 0.8464860144958245
3, 97, 44, 18, 25, 0.9097114169013372
3, 63, 99, 28, 27, 0.8870001045432074
3, 97, 43, 16, 22, 0.9064671723751043
3, 91, 14, 23, 24, 0.8717140766115314
