0, 704, 612, 14, 29, 0.8770232061103306
0, 442, 952, 19, 42, 0.8573522925942344
0, 270, 695, 14, 26, 0.9059840367782961
0, 369, 1203, 14, 31, 0.8785362971732078
0, 699, 612, 18, 32, 0.8655858138121436
0, 231, 918, 18, 25, 0.9305438486387204
0, 288, 117, 19, 25, 0.8509189248752901
0, 318, 153, 9, 19, 0.9360769869194112
0, 172, 749, 17, 28, 0.9194164280089997
0, 101, 993, 15, 24, 0.9200240107403777
0, 369, 1201, 17, 32, 0.9013677724037983
0, 353, 990, 15, 38, 0.823272665664981
0, 343, 414, 23, 25, 0.8864356489497295
0, 745, 461, 12, 29, 0.8616620816592525
0, 676, 616, 12, 33, 0.8506966242815022
0, 508, 338, 16, 23, 0.8880777623288707
0, 101, 992, 15, 24, 0.9243668773375678
0, 214, 115, 18, 34, 0.9049589186065304
0, 345, 155, 15, 20, 0.9042079481205605
0, 123, 738, 24, 28, 0.9435057136119165
0, 548, 536, 21, 33, 0.8883672561730652
0, 725, 668, 11, 19, 0.8816412224317945
0, 377, 318, 12, 25, 0.8789983757401695
0, 571, 900, 12, 20, 0.9230044748461012
0, 212, 698, 22, 44, 0.8816575032819383
0, 439, 319, 20, 31, 0.9219302954767005
0, 642, 1347, 16, 33, 0.9031153606050087
0, 726, 1183, 21, 31, 0.9259756036817278
0, 327, 560, 21, 26, 0.9043046631341974
0, 43, 539, 23, 31, 0.8842157961268228
0, 272, 374, 19, 26, 0.916456259233912
0, 642, 1353, 16, 30, 0.9214297630858834
0, 172, 747, 18, 26, 0.9261869144551103
0, 229, 877, 19, 27, 0.930121454250739
0, 627, 196, 26, 38, 0.9131769445194429
0, 377, 317, 11, 22, 0.8997476674974048
0, 583, 988, 21, 29, 0.9214180448366914
0, 450, 244, 20, 29, 0.9057008165793635
0, 718, 665, 18, 21, 0.9167453651363646
0, 154, 411, 19, 30, 0.8884228777621039
0, 214, 106, 18, 34, 0.9196897311150397
0, 401, 979, 22, 44, 0.8719211461309216
0, 471, 221, 18, 28, 0.8988735351894384
0, 275, 1090, 15, 22, 0.8720373509451719
0, 226, 777, 25, 35, 0.8753612435738105
0, 240, 328, 19, 37, 0.8694489742492124
0, 539, 1058, 18, 38, 0.8622185775187253
0, 384, 1281, 16, 36, 0.8869273943396523
0, 98, 885, 15, 34, 0.867755491722151
0, 369, 796, 22, 35, 0.8867567911514733
0, 71, 656, 16, 31, 0.8675751957522887
0, 304, 600, 24, 33, 0.9038371672491182
0, 271, 295, 17, 30, 0.9121217310858778
0, 273, 973, 22, 41, 0.8678254858712542
0, 126, 737, 24, 27, 0.93970148809627
0, 136, 914, 15, 30, 0.8985950187282478
0, 154, 537, 9, 20, 0.9219010809651647
0, 274, 1093, 15, 26, 0.8759230645144488
0, 431, 201, 13, 27, 0.8958522134086755
0, 660, 656, 21, 42, 0.8589382461357917
0, 432, 1222, 21, 24, 0.9057913673260556
0, 501, 387, 16, 23, 0.9413679492738642
0, 371, 796, 22, 33, 0.8778325126718086
0, 449, 240, 21, 34, 0.9016442733915166
0, 661, 656, 21, 40, 0.8606258983825694
0, 623, 351, 20, 30, 0.9043567714405143
0, 333, 452, 11, 20, 0.9019606442794876
0, 672, 1112, 18, 23, 0.9032936028714159
0, 538, 434, 26, 34, 0.8827655241493515
0, 99, 1041, 17, 32, 0.8723921758290416
0, 342, 811, 14, 23, 0.8991179986039733
0, 183, 948, 12, 20, 0.8883797438296696
0, 632, 271, 18, 25, 0.9032678613103514
0, 700, 445, 33, 38, 0.9049091485833957
0, 444, 1278, 23, 29, 0.8862198974764731
0, 348, 239, 23, 31, 0.921192317325487
0, 716, 531, 25, 38, 0.8921101516169732
0, 248, 1021, 18, 30, 0.9023453068033145
0, 676, 1112, 12, 20, 0.9146246933969543
0, 390, 253, 20, 30, 0.8866008087623846
0, 159, 318, 15, 28, 0.8887610403164111
0, 630, 195, 25, 37, 0.9185183608472637
0, 593, 419, 24, 39, 0.8800599683771589
0, 594, 613, 21, 50, 0.8847901695428486
0, 488, 472, 29, 30, 0.8799365535574653
0, 146, 965, 22, 35, 0.8910854165841822
0, 233, 1052, 12, 21, 0.9123905967816983
0, 387, 253, 22, 27, 0.8924343950268053
0, 261, 611, 13, 26, 0.8380926370911103
0, 232, 1098, 23, 33, 0.8667921754446077
0, 706, 816, 12, 26, 0.8398839699591384
0, 422, 1056, 23, 38, 0.8682197699373264
0, 594, 612, 22, 50, 0.8843253150380461
0, 53, 154, 21, 33, 0.9204132463108136
0, 624, 1005, 25, 30, 0.9018478358951377
0, 296, 256, 17, 25, 0.8982962643905343
0, 642, 1288, 24, 32, 0.8849723614094112
0, 524, 171, 29, 41, 0.8871604608697983
0, 308, 833, 26, 39, 0.8908457834028143
0, 376, 1089, 15, 19, 0.8943222959424568
0, 228, 774, 23, 33, 0.8850096363144451
0, 120, 303, 14, 23, 0.868113577827423
0, 446, 1172, 24, 28, 0.9436381058047147
0, 378, 659, 15, 25, 0.9353025389672623
0, 447, 1173, 22, 28, 0.9293867988368613
0, 52, 722, 16, 21, 0.9363220417179726
0, 672, 614, 14, 31, 0.9263198911623569
0, 607, 541, 25, 30, 0.8986844911525483
0, 259, 540, 16, 24, 0.900356988387716
0, 511, 1062, 24, 44, 0.8565728635257361
0, 698, 1033, 20, 27, 0.918092026344814
0, 555, 363, 18, 43, 0.8587021621853925
0, 567, 1276, 19, 40, 0.8645494467548958
0, 82, 335, 30, 29, 0.8626504606898546
0, 385, 464, 22, 35, 0.8586952674755092
0, 505, 117, 14, 25, 0.8819609426580622
0, 347, 1286, 29, 28, 0.9047579058780528
0, 600, 911, 23, 48, 0.8683440915435371
0, 339, 119, 18, 23, 0.9091531346880383
0, 557, 1028, 25, 23, 0.8952633377092444
0, 533, 977, 16, 23, 0.8964775574881679
0, 660, 1166, 19, 23, 0.9120976920835543
0, 427, 434, 15, 19, 0.9268646271550818
0, 107, 669, 18, 31, 0.8657266417575459
0, 581, 789, 35, 42, 0.8659495873486426
0, 278, 45, 25, 45, 0.8805254889284878
0, 639, 830, 9, 20, 0.9081249824247812
0, 52, 284, 22, 36, 0.8894555242340169
0, 354, 678, 15, 19, 0.9057591462039629
0, 638, 622, 14, 30, 0.902984945613097
0, 554, 66, 16, 23, 0.9398572957601344
0, 140, 119, 21, 25, 0.9112159158439064
0, 325, 733, 25, 33, 0.8934386433640669
0, 323, 734, 25, 33, 0.8884482032575391
0, 442, 836, 22, 34, 0.9154858897435391
0, 534, 781, 28, 35, 0.8799148218126817
