1, 246, 33, 10, 14, 0.932877013203639
1, 389, 233, 12, 12, 0.9453920661706896
1, 390, 232, 12, 13, 0.9364382262563541
1, 287, 391, 13, 15, 0.9393445272331972
1, 139, 301, 11, 13, 0.922648720659044
1, 286, 391, 14, 16, 0.9325867755559478
1, 143, 221, 13, 13, 0.9250678575091689
1, 112, 179, 13, 12, 0.9126647949522148
1, 165, 231, 13, 14, 0.9039764086895297
1, 91, 81, 10, 14, 0.9222014553468713
1, 310, 55, 11, 12, 0.9431361448613798
1, 284, 369, 14, 14, 0.9255400074672251
1, 303, 348, 13, 15, 0.9018000277997383
1, 165, 231, 13, 14, 0.9018589404078592
1, 139, 80, 11, 13, 0.9385147858796254
1, 90, 81, 11, 14, 0.9271754662090077
1, 84, 365, 13, 13, 0.9272962643075013
1, 402, 386, 15, 15, 0.9231583540792494
1, 40, 280, 12, 14, 0.941150808375038
1, 360, 43, 11, 16, 0.9306565453392917
1, 371, 315, 12, 18, 0.9471882290309284
1, 101, 33, 9, 12, 0.9375271538269347
1, 421, 312, 10, 10, 0.9109931707660024
1, 267, 33, 10, 13, 0.8856366310498115
1, 270, 131, 9, 11, 0.9379508386672185
1, 219, 23, 13, 15, 0.9103224035409497
1, 202, 51, 13, 15, 0.9023704555605159
1, 431, 381, 13, 15, 0.9025670322515318
1, 252, 194, 13, 14, 0.927551486059133
1, 148, 200, 13, 14, 0.925793173591533
1, 34, 188, 11, 12, 0.9032376228706881
1, 321, 88, 13, 14, 0.9134381972987138
1, 364, 279, 14, 13, 0.9246632059599419
1, 269, 131, 10, 12, 0.9128030856362613
1, 148, 201, 13, 13, 0.9280746867666073
1, 185, 196, 14, 10, 0.9234739247313907
1, 220, 23, 13, 14, 0.9188445743046013
1, 406, 130, 14, 11, 0.8642185343637353
1, 183, 373, 12, 15, 0.8848415840198723
1, 374, 188, 12, 15, 0.9139855951350015
1, 78, 322, 12, 15, 0.9386571173845835
1, 43, 39, 15, 17, 0.914795916444211
1, 148, 178, 12, 14, 0.9185799105533203
1, 223, 43, 11, 14, 0.9412782067641696
1, 301, 251, 12, 14, 0.9012070129509467
1, 233, 129, 13, 15, 0.9319423641895632
1, 124, 99, 11, 13, 0.9135897796922581
1, 266, 259, 14, 15, 0.9221393156273952
1, 280, 162, 11, 14, 0.911435584588095
1, 402, 115, 12, 10, 0.8954007572715765
1, 402, 50, 12, 16, 0.9416492919387226
1, 266, 259, 13, 15, 0.9012287498025593
1, 296, 174, 11, 13, 0.9424014293174309
1, 59, 374, 13, 15, 0.9156993421226953
1, 186, 196, 14, 10, 0.9245810874310117
1, 368, 240, 12, 15, 0.9166166895335829
1, 106, 55, 13, 12, 0.9389164569475557
1, 296, 174, 11, 13, 0.9421328682404918
1, 450, 161, 10, 14, 0.9463872178376169
1, 138, 79, 11, 13, 0.9237942154142235
1, 40, 39, 17, 16, 0.9053212725296698
1, 413, 194, 13, 13, 0.9077661553831377
1, 475, 39, 12, 12, 0.9166431246346973
1, 185, 402, 13, 16, 0.9050650582925228
1, 118, 207, 14, 14, 0.940404376813421
1, 86, 365, 12, 12, 0.9178678640266332
1, 203, 138, 12, 14, 0.9092337926474985
1, 79, 322, 11, 15, 0.934086194611633
1, 264, 81, 13, 14, 0.8797281130334627
1, 373, 188, 12, 15, 0.9214169924209604
1, 265, 212, 12, 12, 0.8793480745254031
1, 187, 7, 10, 11, 0.9448694929463277
1, 425, 327, 12, 11, 0.9013471275191338
1, 33, 236, 15, 14, 0.8815208448946261
1, 250, 279, 12, 15, 0.9367457276137268
1, 62, 374, 12, 16, 0.9258902723473881
1, 249, 279, 13, 15, 0.9338025382143487
1, 124, 264, 10, 12, 0.8879944586040021
1, 171, 49, 9, 10, 0.9307295713267631
1, 405, 336, 12, 11, 0.9513549577927198
1, 357, 207, 11, 12, 0.8887743444532259
1, 202, 138, 12, 14, 0.9117709437017671
1, 281, 92, 11, 14, 0.8733792929654809
1, 33, 338, 10, 15, 0.9092093830845243
1, 100, 30, 10, 14, 0.9428372197170529
1, 143, 105, 11, 16, 0.9609093830751849
1, 184, 406, 14, 15, 0.9147783075853716
1, 265, 212, 12, 12, 0.8793480745254031
1, 203, 269, 13, 12, 0.9166064304384631
1, 223, 349, 12, 14, 0.9427147071115429
1, 331, 34, 14, 18, 0.8989456562617228
1, 389, 73, 15, 11, 0.8948269643276484
1, 382, 173, 12, 12, 0.9266142072756337
1, 271, 338, 12, 13, 0.8773194500969972
1, 184, 373, 12, 13, 0.8821665454731301
1, 126, 190, 10, 11, 0.8658043880862554
1, 124, 264, 10, 12, 0.8877926874536887
1, 376, 113, 11, 13, 0.9417390766288858
1, 245, 109, 12, 14, 0.9062515385035179
1, 446, 53, 17, 13, 0.8852724176237766
1, 328, 207, 11, 10, 0.8885995704669922
1, 360, 40, 11, 15, 0.9397413147901995
1, 82, 33, 10, 13, 0.8900657436221316
1, 202, 137, 12, 14, 0.9067713825228635
1, 336, 296, 13, 14, 0.9246651009819562
1, 406, 294, 11, 14, 0.9225917485059177
1, 144, 106, 11, 14, 0.9437544989932128
1, 193, 173, 10, 13, 0.9561710703210575
1, 209, 330, 12, 16, 0.9473993368543273
1, 238, 315, 10, 17, 0.9115345800183
1, 191, 257, 10, 13, 0.8810015093261718
1, 327, 206, 11, 10, 0.880726997192016
1, 237, 315, 11, 19, 0.9036181814229972
1, 140, 248, 11, 13, 0.8950567890539598
1, 222, 391, 8, 10, 0.866632193941311
1, 184, 371, 13, 15, 0.8854211463159809
1, 199, 237, 15, 14, 0.9067644085365817
1, 126, 190, 9, 12, 0.8635794466581478
1, 342, 64, 11, 13, 0.9198818726436178
1, 260, 117, 11, 14, 0.921307985498954
1, 145, 341, 12, 15, 0.9300025339582557
1, 95, 391, 14, 18, 0.914859386374629
1, 89, 418, 12, 11, 0.8338889414559792
1, 425, 160, 13, 14, 0.9377746723770027
1, 387, 212, 12, 13, 0.9294108494629119
1, 456, 228, 13, 21, 0.8946818968825806
1, 338, 240, 10, 13, 0.8922221297796684
1, 20, 51, 8, 11, 0.9123956271528224
1, 389, 74, 15, 11, 0.914058747653486
1, 172, 84, 14, 15, 0.8986330002672268
1, 227, 246, 14, 14, 0.9097853524137003
1, 140, 248, 11, 13, 0.8956930146505111
1, 456, 131, 11, 12, 0.9384994994436778
1, 131, 165, 10, 13, 0.9413584686935086
1, 158, 308, 10, 12, 0.8857828148100091
1, 292, 44, 14, 15, 0.8945790586165041
1, 303, 233, 8, 9, 0.8460272030816014
1, 235, 378, 13, 20, 0.9222202577816668
1, 388, 153, 10, 16, 0.9155422086103345
1, 51, 300, 11, 14, 0.9445363010840163
1, 171, 390, 11, 15, 0.8931697769685938
1, 231, 264, 16, 13, 0.8802760964182273
1, 145, 340, 12, 15, 0.9211247044592111
1, 227, 246, 13, 13, 0.8994697385005455
1, 172, 355, 13, 17, 0.8839288208151495
1, 64, 101, 13, 15, 0.9246250280304484
1, 388, 153, 10, 16, 0.9162207765131251
1, 15, 18, 11, 12, 0.9351360355256548
1, 87, 139, 7, 13, 0.9415510624310492
1, 173, 151, 12, 21, 0.9173503872734643
1, 138, 49, 9, 15, 0.9205443424496387
1, 469, 185, 14, 12, 0.9374811632427051
1, 21, 313, 13, 14, 0.9403586736819006
1, 273, 144, 13, 11, 0.9057641848958252
1, 64, 200, 11, 15, 0.9087216874381238
1, 439, 334, 11, 11, 0.9153368350028694
1, 223, 41, 11, 14, 0.9428481660096633
1, 173, 151, 11, 20, 0.9103442680800174
1, 70, 235, 11, 16, 0.909412913186002
1, 455, 203, 13, 12, 0.9277175726043514
1, 46, 256, 13, 14, 0.9078879534173522
1, 86, 222, 14, 12, 0.9262702508262383
1, 351, 254, 12, 12, 0.9088160452694111
1, 417, 13, 15, 14, 0.9317856132584623
1, 70, 126, 12, 18, 0.917647825368641
1, 363, 95, 12, 15, 0.9131270446763478
1, 263, 56, 15, 15, 0.8890129034670624
1, 128, 18, 16, 13, 0.9010364551949246
1, 316, 223, 12, 13, 0.9441356155188501
1, 64, 200, 11, 15, 0.9087216874381238
1, 164, 64, 13, 10, 0.919520244831627
1, 363, 95, 12, 15, 0.9123668741716032
1, 70, 126, 12, 18, 0.917647825368641
1, 351, 255, 12, 12, 0.9163648465431002
1, 349, 166, 13, 18, 0.891168266874606
1, 317, 223, 12, 14, 0.9436326673726158
1, 27, 294, 10, 13, 0.8914997579682457
1, 432, 38, 12, 14, 0.8936702237411982
1, 412, 367, 15, 10, 0.8889655540061454
1, 349, 165, 13, 17, 0.8936293361185884
1, 402, 407, 11, 15, 0.9351350350203389
1, 341, 130, 12, 18, 0.9023464468386537
1, 143, 402, 11, 13, 0.9356927989796109
1, 402, 88, 14, 11, 0.9097681852940916
1, 115, 228, 12, 14, 0.8911578791710622
1, 212, 221, 11, 13, 0.9158699261120159
1, 469, 158, 8, 13, 0.9259288840964577
1, 406, 169, 9, 11, 0.8879179034911575
1, 158, 412, 10, 16, 0.8938140716381631
1, 70, 17, 13, 14, 0.9285226985351533
1, 456, 227, 13, 20, 0.9077162166790294
1, 40, 216, 18, 17, 0.8833737424330181
1, 371, 261, 9, 11, 0.8558410324704004
1, 407, 224, 9, 14, 0.9225704832590538
1, 170, 83, 15, 14, 0.9153206235264825
1, 218, 304, 13, 14, 0.8805445360774123
1, 371, 22, 18, 18, 0.9101429287083831
1, 463, 315, 11, 11, 0.8888533014073137
1, 170, 180, 10, 14, 0.9320846480096813
1, 431, 180, 15, 15, 0.8998471644847467
1, 21, 127, 10, 14, 0.9070532690087488
1, 371, 261, 9, 11, 0.8568951639488187
1, 186, 298, 7, 9, 0.8426620455211385
1, 317, 143, 12, 14, 0.9349541262543513
1, 40, 360, 11, 14, 0.9253365325568366
1, 346, 390, 21, 17, 0.8821606395971752
1, 38, 188, 9, 12, 0.8769352667265502
1, 390, 314, 9, 10, 0.847013346800477
1, 99, 340, 14, 17, 0.944810628585553
1, 235, 376, 13, 19, 0.9159625769208948
1, 21, 126, 10, 14, 0.9126867445099853
1, 168, 331, 10, 12, 0.9077527522773005
1, 451, 203, 14, 13, 0.9092674454488281
1, 171, 180, 10, 14, 0.9331273736703622
1, 205, 395, 12, 15, 0.9357521057528144
1, 244, 61, 10, 13, 0.890120830809293
1, 291, 294, 15, 19, 0.929117667154596
1, 69, 161, 10, 14, 0.9309064706302465
