0, 510, 561, 21, 30, 0.9466590453173142
0, 510, 561, 21, 31, 0.9331583725363124
0, 790, 503, 25, 32, 0.9121553229780803
0, 212, 1199, 23, 29, 0.9199466426460471
0, 644, 407, 18, 31, 0.871035359807276
0, 212, 1198, 23, 28, 0.9283753571119976
0, 1157, 1175, 36, 36, 0.8635990821906677
0, 963, 543, 22, 36, 0.9340976335193314
0, 753, 1026, 26, 31, 0.9197883166937406
0, 964, 543, 22, 33, 0.9497923791363617
0, 1278, 506, 25, 27, 0.9280246002041241
0, 257, 673, 29, 33, 0.898936821450788
0, 947, 843, 26, 26, 0.9449648667826083
0, 283, 1218, 18, 26, 0.927746681883883
0, 417, 172, 23, 27, 0.9111489636660641
0, 542, 390, 24, 29, 0.9172378917314641
0, 1272, 505, 31, 29, 0.94234866187861
0, 1036, 288, 21, 28, 0.9164630665093473
0, 257, 673, 29, 34, 0.8987284382389742
0, 1216, 936, 25, 28, 0.9219420410354326
0, 1023, 785, 29, 28, 0.8810923898404225
0, 497, 393, 21, 29, 0.9197356430164996
0, 934, 1066, 30, 33, 0.9269690837493615
0, 886, 1181, 23, 30, 0.8660850569405836
0, 325, 934, 27, 36, 0.8834526123048114
0, 553, 743, 31, 33, 0.9185498350696781
0, 498, 393, 20, 27, 0.9191576052100994
0, 1242, 687, 15, 31, 0.8537613870106524
0, 144, 599, 27, 26, 0.879511230589343
0, 1129, 577, 26, 31, 0.8901580336759558
0, 699, 675, 28, 29, 0.9141728858869514
0, 1189, 81, 33, 47, 0.8897968305378576
0, 885, 394, 27, 27, 0.8997802366145703
0, 751, 582, 26, 29, 0.9166577559931957
0, 679, 750, 29, 35, 0.9085848427569423
0, 1413, 1033, 17, 25, 0.8880608484745385
0, 564, 838, 27, 43, 0.8749627789556947
0, 1453, 577, 23, 32, 0.9236569111408564
0, 866, 348, 20, 31, 0.9071313522233958
0, 466, 627, 21, 26, 0.88730922006243
0, 947, 845, 24, 30, 0.9353312724147904
0, 742, 1141, 25, 27, 0.8927150847267324
0, 378, 392, 26, 32, 0.9387533287276413
0, 680, 750, 27, 33, 0.9210088600820424
0, 933, 1068, 31, 36, 0.9032470873577445
0, 364, 263, 26, 26, 0.9267176321547751
0, 774, 815, 26, 35, 0.925764332549674
0, 420, 338, 26, 32, 0.931660645224129
0, 1017, 339, 28, 27, 0.9394036048960074
0, 1191, 876, 26, 25, 0.9107860776177323
0, 671, 988, 30, 32, 0.9037040200758983
0, 379, 392, 25, 32, 0.9361768196268332
0, 233, 610, 25, 32, 0.8765764934569714
0, 943, 165, 21, 32, 0.8949879026938962
0, 804, 212, 26, 30, 0.9173095637670553
0, 1114, 762, 23, 27, 0.9357429630510861
0, 467, 626, 20, 24, 0.8799838733397656
0, 1172, 520, 24, 34, 0.9017031107141177
0, 1298, 670, 18, 27, 0.9278095619355968
0, 878, 1305, 32, 38, 0.8757263191818815
0, 325, 935, 25, 39, 0.8803130269685394
0, 743, 1141, 24, 26, 0.8929167412832755
0, 471, 868, 22, 33, 0.8992362469275359
0, 673, 374, 22, 27, 0.9332541535785344
0, 819, 933, 25, 35, 0.9129158175020097
0, 216, 1030, 26, 32, 0.9077183735802942
0, 1360, 883, 23, 32, 0.9152504533865538
0, 388, 500, 24, 27, 0.9351533590162551
0, 714, 85, 26, 33, 0.9262078363240001
0, 725, 902, 32, 36, 0.9238565975326458
0, 866, 886, 22, 28, 0.9380065780492232
0, 501, 746, 32, 30, 0.9102273618603529
0, 216, 1030, 26, 30, 0.9175589679823055
0, 450, 221, 29, 24, 0.9241770331279718
0, 943, 172, 20, 31, 0.8954845711241489
0, 1415, 63, 31, 27, 0.8702166965572689
0, 337, 1210, 21, 27, 0.8848902606006283
0, 106, 1204, 33, 34, 0.9385443126225022
0, 1241, 1414, 20, 25, 0.9297535899478747
0, 979, 1317, 24, 30, 0.9111821725580055
0, 162, 788, 25, 32, 0.9026399480149307
0, 919, 1011, 30, 31, 0.913922708418943
0, 1177, 732, 22, 25, 0.9167354021070987
0, 1085, 601, 27, 28, 0.8941077649518816
0, 964, 608, 22, 31, 0.8790635237714159
0, 311, 330, 23, 24, 0.9355821652305621
0, 1117, 1316, 28, 24, 0.9389991424192804
0, 138, 449, 27, 38, 0.8915602465183502
0, 326, 67, 20, 32, 0.9023203902877157
0, 904, 326, 18, 26, 0.9044907520609025
0, 820, 300, 23, 26, 0.9444698481106202
0, 1416, 200, 27, 31, 0.9320293974653748
0, 1453, 693, 25, 33, 0.9430163992810974
0, 1453, 692, 25, 33, 0.9226123777717261
0, 333, 1210, 25, 25, 0.895384753984572
0, 1318, 587, 24, 29, 0.9316448626417448
0, 959, 679, 23, 22, 0.9480030094059387
0, 783, 266, 28, 25, 0.8805205046573392
0, 84, 1289, 23, 35, 0.9494948314634055
0, 721, 254, 22, 33, 0.9419442254910982
0, 47, 170, 23, 29, 0.8887800725344565
0, 795, 404, 20, 27, 0.9237024560440417
0, 422, 416, 25, 28, 0.9193936910321725
0, 1245, 818, 27, 36, 0.911825600175584
0, 643, 845, 27, 36, 0.9399506842018301
0, 1453, 161, 33, 40, 0.9204044047856645
0, 531, 175, 22, 24, 0.9404920727317427
0, 491, 230, 18, 34, 0.8713737824024809
0, 628, 286, 24, 27, 0.8841993917943263
0, 786, 1063, 23, 28, 0.9190703813421923
0, 784, 1062, 25, 29, 0.9205065480058894
0, 1011, 568, 19, 31, 0.9171378139224071
0, 712, 173, 27, 25, 0.9381507713125967
0, 1118, 658, 22, 27, 0.9315272633499381
0, 505, 745, 33, 34, 0.9005563096356144
0, 101, 620, 23, 27, 0.8654223988228485
0, 1182, 628, 16, 28, 0.8965931698191265
0, 1010, 568, 20, 31, 0.9120396081510285
0, 1077, 527, 28, 33, 0.8944810902489905
0, 816, 863, 24, 30, 0.9222022662420549
0, 117, 1204, 23, 31, 0.9281829342901429
0, 575, 177, 18, 26, 0.9360842139565873
0, 712, 174, 26, 25, 0.9370032875377008
0, 156, 307, 22, 35, 0.9372356677574702
0, 1418, 349, 33, 34, 0.9241303039604372
0, 941, 485, 16, 27, 0.9302891159438139
0, 1136, 1082, 28, 23, 0.8921344382206362
0, 1240, 1321, 19, 28, 0.9122148095986838
0, 1088, 599, 24, 23, 0.901645176872682
0, 1358, 665, 24, 29, 0.8898755402179146
0, 894, 619, 21, 27, 0.8816672267797108
0, 380, 904, 41, 37, 0.8912164293528992
0, 1019, 741, 28, 32, 0.9197499516762473
0, 374, 904, 42, 37, 0.8884804724796549
0, 1213, 162, 34, 32, 0.9166537043019919
0, 838, 411, 22, 28, 0.9063598319754989
0, 1194, 779, 21, 28, 0.9088126387149076
0, 856, 1161, 26, 36, 0.9143899478413412
0, 82, 529, 22, 31, 0.9413943327479555
0, 955, 244, 31, 26, 0.9176349005402428
0, 1288, 356, 21, 18, 0.9270956181489546
0, 982, 816, 24, 28, 0.896939342778311
0, 180, 981, 26, 29, 0.9474247989645639
0, 1108, 856, 21, 27, 0.9197334836328491
0, 897, 847, 27, 32, 0.9267044200801463
0, 274, 937, 28, 36, 0.8965440945441907
0, 1433, 343, 37, 36, 0.9045685606815937
0, 1013, 669, 24, 31, 0.9546741434528005
0, 1283, 468, 26, 26, 0.9346779413725348
0, 458, 575, 23, 30, 0.8947053136469539
0, 235, 714, 28, 27, 0.9140842033742755
0, 271, 1302, 29, 35, 0.8901650426911499
0, 622, 478, 18, 25, 0.8956265455956102
0, 180, 220, 26, 28, 0.9288819985324057
0, 1304, 816, 25, 28, 0.9087212073215956
0, 443, 780, 24, 27, 0.9480987965725706
0, 991, 1015, 22, 35, 0.9114183340949682
0, 858, 1160, 26, 36, 0.9206394693044698
0, 990, 1015, 22, 34, 0.9264830951394322
0, 103, 302, 23, 23, 0.9040254273814401
0, 47, 573, 26, 30, 0.8880241337333699
0, 251, 558, 29, 28, 0.9035631211483792
0, 178, 508, 21, 26, 0.8867878818059057
0, 274, 937, 29, 39, 0.8965615181023863
0, 1019, 519, 24, 29, 0.8977735006841129
0, 736, 1085, 26, 32, 0.8625480560913554
0, 1322, 190, 25, 34, 0.9034485286421097
0, 555, 562, 19, 30, 0.9027853827755304
0, 634, 582, 23, 29, 0.9339653037625486
0, 1246, 590, 23, 25, 0.9238474851562173
0, 1326, 63, 25, 27, 0.8896003201396945
0, 63, 64, 21, 28, 0.8987694237628405
0, 195, 1360, 19, 30, 0.9362040150285826
0, 822, 1339, 29, 30, 0.872696291408045
0, 1399, 416, 26, 31, 0.8899628469244579
0, 620, 228, 23, 29, 0.8992512503211848
0, 1149, 1399, 25, 36, 0.8883209339486936
0, 1049, 665, 21, 29, 0.9395076875040714
0, 1237, 1320, 20, 27, 0.9039381679955925
0, 460, 123, 22, 21, 0.9131279379052154
0, 1308, 763, 24, 28, 0.9305692284141349
0, 47, 460, 27, 29, 0.9061464626207337
0, 622, 348, 22, 22, 0.9137599282971914
0, 211, 948, 20, 27, 0.8953792565762856
0, 607, 838, 25, 33, 0.9155028715571775
0, 1414, 567, 20, 32, 0.901851794748769
0, 1319, 890, 22, 36, 0.886941627890158
0, 1262, 1005, 21, 28, 0.8765119801226522
0, 556, 632, 26, 28, 0.892480268113998
0, 1452, 1344, 24, 26, 0.956788526301837
0, 1335, 1396, 18, 28, 0.8889508760636214
0, 1039, 614, 25, 23, 0.8860891952407959
0, 124, 380, 27, 23, 0.8851316301712333
0, 1284, 717, 22, 27, 0.8973145051866525
0, 1057, 435, 21, 23, 0.8952599059986537
0, 197, 27, 29, 30, 0.9231279822878105
0, 725, 350, 24, 31, 0.8866397336836671
0, 160, 1176, 25, 37, 0.8900240231054067
0, 158, 550, 23, 31, 0.893718932665995
0, 1315, 765, 17, 28, 0.8989393598500299
0, 669, 465, 30, 28, 0.8847460715891661
0, 194, 1085, 29, 29, 0.8959886052904456
0, 1150, 1471, 20, 25, 0.9159586159795666
0, 1325, 498, 26, 36, 0.8843454907286078
0, 1230, 1262, 20, 22, 0.8934460412980967
0, 308, 754, 34, 31, 0.9181163800464845
0, 434, 896, 18, 32, 0.8623403724273657
0, 1214, 1023, 23, 29, 0.9334084620019725
0, 104, 1138, 30, 32, 0.9033718080677483
0, 472, 715, 24, 27, 0.8966800084731353
0, 941, 762, 16, 25, 0.8976916794717441
0, 135, 381, 20, 25, 0.880453448810487
0, 65, 747, 22, 26, 0.901576649675368
0, 874, 103, 25, 26, 0.9386535656360442
0, 1452, 965, 29, 31, 0.9123315236629941
0, 1451, 485, 16, 25, 0.8906274327057427
0, 584, 668, 31, 30, 0.9057991401565642
0, 119, 1263, 19, 27, 0.9056040751513765
0, 252, 1166, 22, 26, 0.9079441753006664
0, 870, 477, 24, 37, 0.8995533527901408
0, 400, 964, 28, 33, 0.8641836789054393
0, 510, 828, 19, 26, 0.8999387126495845
0, 340, 989, 23, 34, 0.8894834383557444
0, 1189, 1412, 26, 32, 0.9214974510003806
0, 642, 1079, 26, 32, 0.9337603578428456
0, 980, 197, 24, 31, 0.9306547948360858
0, 289, 175, 24, 27, 0.9023609232361921
0, 1099, 1452, 20, 26, 0.9079826716616539
0, 634, 84, 16, 25, 0.898718777046909
0, 47, 792, 27, 27, 0.9456954612327328
0, 942, 1156, 29, 35, 0.9087966209715355
0, 852, 255, 25, 31, 0.8833630049658329
0, 700, 118, 22, 27, 0.8849583302950285
0, 873, 153, 31, 29, 0.9053635506415421
0, 1471, 810, 30, 23, 0.9029655277248176
0, 1413, 1363, 25, 30, 0.9277778816269383
0, 367, 1182, 17, 24, 0.9111649824844212
