2, 489, 11, 25, 19, 0.8695798035987192
2, 482, 12, 30, 17, 0.8603729863194703
2, 490, 12, 23, 22, 0.8817726705337845
2, 599, 262, 27, 20, 0.8677797921849074
3, 312, 146, 63, 68, 0.8386937448807985
3, 83, 104, 23, 28, 0.8836811082252011
3, 312, 146, 51, 58, 0.8355758639452535
3, 83, 106, 28, 30, 0.8731833117111203
3, 312, 147, 50, 59, 0.835355079324102
3, 87, 106, 63, 65, 0.8489237051617402
3, 159, 158, 25, 29, 0.8821354211796184
3, 610, 270, 61, 86, 0.8450685400489776
3, 605, 266, 66, 89, 0.8465772144992548
3, 81, 107, 56, 55, 0.8425552161226582
3, 60, 134, 46, 46, 0.8784005904984153
3, 604, 272, 61, 77, 0.840169573217632
3, 614, 109, 26, 28, 0.8587096206783109
3, 605, 325, 27, 36, 0.8441585624710883
3, 612, 273, 66, 91, 0.8347985317337719
3, 162, 159, 35, 49, 0.8449600944437807
3, 557, 252, 29, 40, 0.8454536715687243
3, 591, 267, 55, 50, 0.8653805372072986
3, 599, 324, 32, 43, 0.8390042895768886
