3, 127.29641723632812, 231.9591827392578, 59.29975128173828, 62.507781982421875, 0.8534672260284424
3, 324.141845703125, 503.2086486816406, 46.280059814453125, 50.41619873046875, 0.7830774784088135
3, 294.9090881347656, 615.1937255859375, 56.2735595703125, 59.86065673828125, 0.7796883583068848
3, 53.032684326171875, 307.48370361328125, 51.93397903442383, 57.160858154296875, 0.7606940269470215
3, 107.10749816894531, 459.05206298828125, 56.849334716796875, 59.521575927734375, 0.6753706932067871
3, 76.06841278076172, 516.7329711914062, 48.07924270629883, 44.040618896484375, 0.637427031993866
2, 336.95941162109375, 456.51763916015625, 38.802978515625, 31.336090087890625, 0.6261227130889893
3, 71.900146484375, 395.24200439453125, 49.98699188232422, 53.020355224609375, 0.6149563193321228
3, 213.450927734375, 453.8344421386719, 46.72352600097656, 45.05242919921875, 0.6015803217887878
3, 337.064697265625, 159.00436401367188, 49.891265869140625, 57.57098388671875, 0.5878392457962036
3, 124.94749450683594, 301.0107727050781, 59.951377868652344, 60.4769287109375, 0.5799634456634521
3, 136.7650146484375, 573.623046875, 69.66230010986328, 67.60516357421875, 0.556771457195282
1, 195.15878295898438, 331.3299560546875, 24.306747436523438, 26.29296875, 0.552371621131897
3, 261.71270751953125, 133.9256134033203, 76.10610961914062, 76.65798950195312, 0.5483202338218689
1, 148.93408203125, 453.2011413574219, 28.396957397460938, 27.0479736328125, 0.49185386300086975
1, 225.12135314941406, 175.9754638671875, 22.561614990234375, 22.989089965820312, 0.48369911313056946
2, 130.04644775390625, 352.71942138671875, 32.75714874267578, 38.793426513671875, 0.4525654911994934
3, 330.31341552734375, 242.80844116210938, 41.165863037109375, 42.6263427734375, 0.44449061155319214
1, 265.8512878417969, 271.2291259765625, 23.4886474609375, 24.8140869140625, 0.4164556562900543
2, 342.211669921875, 283.9046325683594, 37.632476806640625, 37.4412841796875, 0.404709130525589
3, 205.3661651611328, 570.8615112304688, 45.870574951171875, 42.2791748046875, 0.4042423367500305
2, 222.5345458984375, 334.0274658203125, 26.795059204101562, 29.326629638671875, 0.37978291511535645
3, 266.7171325683594, 650.6949462890625, 45.64558410644531, 40.64984130859375, 0.37690070271492004
3, 290.8082275390625, 481.17962646484375, 39.348846435546875, 39.058624267578125, 0.37400728464126587
1, 191.66659545898438, 277.5235595703125, 23.856369018554688, 22.834136962890625, 0.36434951424598694
3, 83.42780303955078, 345.1637878417969, 55.62255859375, 49.48382568359375, 0.3641130328178406
3, 308.67041015625, 116.195068359375, 30.802825927734375, 35.262916564941406, 0.34929895401000977
1, 250.2652587890625, 327.79681396484375, 25.89569091796875, 25.976531982421875, 0.34110453724861145
3, 193.2510223388672, 91.1268539428711, 46.52862548828125, 36.87556457519531, 0.3389278054237366
3, 229.93519592285156, 283.716064453125, 54.390594482421875, 55.24322509765625, 0.33033350110054016
2, 192.9502716064453, 240.1046142578125, 33.15240478515625, 31.56671142578125, 0.31819698214530945
3, 342.9683837890625, 413.34674072265625, 53.3682861328125, 47.40557861328125, 0.313532292842865
1, 310.24700927734375, 185.78155517578125, 30.2322998046875, 29.195846557617188, 0.30891385674476624
1, 290.3110046386719, 377.88189697265625, 28.19073486328125, 25.92388916015625, 0.2923645079135895
2, 310.2701110839844, 429.33355712890625, 24.6021728515625, 28.09222412109375, 0.28619882464408875
3, 333.29901123046875, 319.57257080078125, 39.572967529296875, 35.347930908203125, 0.2806713879108429
3, 242.66583251953125, 623.1317749023438, 42.4305419921875, 39.4012451171875, 0.2721157968044281
3, 310.617431640625, 430.77435302734375, 26.768463134765625, 30.723297119140625, 0.25221091508865356
2, 123.27452087402344, 62.18169403076172, 33.028724670410156, 33.52165603637695, 0.2509809732437134
