1, 457.60662841796875, 299.43328857421875, 18.499298095703125, 18.98388671875, 0.8781086802482605
1, 89.75775146484375, 44.739906311035156, 16.565567016601562, 17.565204620361328, 0.8778514266014099
1, 762.9161987304688, 360.9266052246094, 19.439697265625, 19.01275634765625, 0.8750841021537781
1, 790.5639038085938, 281.4267272949219, 17.8607177734375, 20.93084716796875, 0.871636688709259
1, 455.31060791015625, 168.85189819335938, 18.807342529296875, 17.723175048828125, 0.8675759434700012
1, 162.22842407226562, 369.4658203125, 18.082794189453125, 19.021881103515625, 0.8674747347831726
1, 584.386962890625, 527.2545166015625, 19.687255859375, 20.89300537109375, 0.8671179413795471
1, 278.2057189941406, 117.91764831542969, 18.44232177734375, 20.261077880859375, 0.8653914332389832
1, 46.0167236328125, 57.95204544067383, 19.620059967041016, 20.75934600830078, 0.8623656034469604
1, 731.6572265625, 361.2174072265625, 18.38128662109375, 19.582855224609375, 0.857350766658783
1, 634.670654296875, 527.9412841796875, 20.44732666015625, 20.4732666015625, 0.8558048605918884
1, 453.0565185546875, 563.2798461914062, 17.275115966796875, 17.510986328125, 0.8525017499923706
1, 830.5694580078125, 127.93063354492188, 16.48016357421875, 20.213600158691406, 0.8495484590530396
1, 253.35987854003906, 516.3776245117188, 17.936737060546875, 19.791778564453125, 0.8479441404342651
1, 790.0288696289062, 317.35968017578125, 19.190673828125, 20.452423095703125, 0.8478699326515198
1, 100.51959991455078, 100.35443115234375, 18.222702026367188, 20.39574432373047, 0.8474410772323608
1, 100.11679077148438, 495.851318359375, 17.58423614501953, 19.410400390625, 0.8458499908447266
1, 254.8614501953125, 152.94873046875, 16.284347534179688, 18.531478881835938, 0.8455051183700562
1, 693.6165161132812, 562.3593139648438, 21.916259765625, 20.2501220703125, 0.8453980684280396
1, 466.22705078125, 328.5733642578125, 17.34063720703125, 19.5584716796875, 0.8449769020080566
1, 403.875732421875, 320.07220458984375, 16.67877197265625, 21.921661376953125, 0.844898521900177
1, 66.88909912109375, 266.2430419921875, 17.74059295654297, 17.62091064453125, 0.8440688848495483
1, 412.0970153808594, 574.1694946289062, 15.54449462890625, 19.05859375, 0.8435547351837158
1, 624.139404296875, 64.5463638305664, 17.3292236328125, 17.0135498046875, 0.8430817127227783
1, 329.9945983886719, 516.9515991210938, 18.71966552734375, 20.706634521484375, 0.8419883847236633
1, 821.316162109375, 361.84246826171875, 17.59857177734375, 22.696014404296875, 0.8409548401832581
1, 385.2110595703125, 534.11181640625, 18.451690673828125, 22.794677734375, 0.8401279449462891
1, 798.8120727539062, 121.78253173828125, 18.468994140625, 19.62915802001953, 0.8381200432777405
1, 730.7138671875, 383.14599609375, 19.66168212890625, 20.603179931640625, 0.8362606763839722
1, 218.22463989257812, 443.8399658203125, 17.025619506835938, 22.107666015625, 0.8355644345283508
1, 179.21292114257812, 58.780006408691406, 18.09832763671875, 19.43722915649414, 0.8352372050285339
1, 365.1722717285156, 487.5731201171875, 19.35296630859375, 20.222076416015625, 0.8349242210388184
1, 675.500732421875, 160.63449096679688, 19.356201171875, 20.439346313476562, 0.8345162272453308
1, 822.7381591796875, 244.19580078125, 19.45318603515625, 21.481964111328125, 0.8333078026771545
1, 652.83935546875, 11.960782051086426, 19.9188232421875, 22.006502151489258, 0.8329757452011108
1, 627.206298828125, 506.3808288574219, 18.69366455078125, 17.74737548828125, 0.8329755663871765
1, 350.2320556640625, 234.2327423095703, 17.902252197265625, 21.455322265625, 0.8318203687667847
1, 678.2696533203125, 501.81024169921875, 19.28253173828125, 21.526824951171875, 0.8316036462783813
1, 16.523103713989258, 466.49505615234375, 17.056873321533203, 19.13702392578125, 0.8305953741073608
1, 351.11041259765625, 544.3890380859375, 18.497467041015625, 20.12957763671875, 0.8303018808364868
1, 454.08673095703125, 474.6640625, 17.958038330078125, 18.890350341796875, 0.8300492167472839
1, 309.39642333984375, 260.77020263671875, 17.320343017578125, 20.519317626953125, 0.8294519782066345
1, 707.3943481445312, 337.7403259277344, 20.660400390625, 22.3719482421875, 0.8292021155357361
1, 353.1640319824219, 173.76864624023438, 20.39923095703125, 19.054916381835938, 0.8288636803627014
1, 311.92730712890625, 425.7098388671875, 20.490997314453125, 20.61492919921875, 0.8287416100502014
1, 795.257080078125, 80.53229522705078, 16.504150390625, 20.898727416992188, 0.827648401260376
1, 443.2958984375, 402.3653564453125, 19.029876708984375, 18.545074462890625, 0.8274800777435303
1, 555.246826171875, 299.2705078125, 15.88690185546875, 18.830047607421875, 0.8272813558578491
1, 77.6416015625, 509.86614990234375, 18.416519165039062, 20.489166259765625, 0.8268134593963623
1, 238.37429809570312, 536.9573974609375, 20.336135864257812, 17.3902587890625, 0.8265324831008911
1, 309.48260498046875, 308.80389404296875, 20.102874755859375, 22.47613525390625, 0.8264662623405457
1, 625.8997802734375, 91.39472961425781, 18.82891845703125, 21.256187438964844, 0.8262160420417786
1, 310.64788818359375, 99.93923950195312, 17.247161865234375, 22.691444396972656, 0.8258189558982849
1, 733.9542236328125, 500.37725830078125, 22.14862060546875, 21.361968994140625, 0.8255492448806763
1, 762.2283935546875, 91.71359252929688, 19.449951171875, 21.753334045410156, 0.8253195285797119
1, 701.64599609375, 207.8380126953125, 20.76605224609375, 18.73486328125, 0.8247433304786682
1, 209.82522583007812, 317.7294921875, 19.403091430664062, 19.357025146484375, 0.8245776295661926
1, 269.28369140625, 475.2029724121094, 19.73870849609375, 19.41400146484375, 0.8244699835777283
1, 232.8467559814453, 296.94293212890625, 20.62237548828125, 21.182769775390625, 0.8231342434883118
1, 186.1726531982422, 575.7021484375, 21.34466552734375, 18.59564208984375, 0.8223924040794373
1, 119.91958618164062, 361.67279052734375, 19.91302490234375, 20.478057861328125, 0.8219020962715149
1, 826.3043212890625, 90.50688934326172, 15.666259765625, 18.98651123046875, 0.821892261505127
1, 603.48046875, 176.49777221679688, 18.064453125, 20.884506225585938, 0.8206994533538818
1, 701.001953125, 498.765625, 21.73675537109375, 22.749359130859375, 0.8200239539146423
1, 624.4716186523438, 116.25297546386719, 16.56103515625, 19.796669006347656, 0.8192017078399658
1, 115.50205993652344, 49.038055419921875, 19.242958068847656, 20.178558349609375, 0.818924069404602
1, 776.1185302734375, 298.3408203125, 20.85626220703125, 17.9920654296875, 0.8188213109970093
1, 128.492919921875, 106.12010192871094, 16.65576171875, 21.75605010986328, 0.8181152939796448
1, 385.47564697265625, 338.2476806640625, 16.747100830078125, 18.314727783203125, 0.8178542256355286
1, 497.61846923828125, 258.47198486328125, 20.947784423828125, 23.582916259765625, 0.8170325756072998
1, 111.31825256347656, 81.78457641601562, 18.785438537597656, 18.124366760253906, 0.8158655762672424
1, 665.852294921875, 554.8824462890625, 19.12933349609375, 20.85113525390625, 0.8157806396484375
1, 491.48516845703125, 476.18060302734375, 18.030364990234375, 19.181732177734375, 0.8154773116111755
1, 269.7827453613281, 276.0566101074219, 17.77886962890625, 19.29962158203125, 0.8153684139251709
1, 549.96044921875, 46.9514274597168, 18.97894287109375, 23.649864196777344, 0.8152280449867249
1, 461.03759765625, 49.39761734008789, 18.332489013671875, 17.9510498046875, 0.8151678442955017
1, 788.0594482421875, 51.246334075927734, 18.12396240234375, 18.87987518310547, 0.8140822649002075
1, 706.5830078125, 361.05047607421875, 20.5966796875, 20.380340576171875, 0.8138067126274109
1, 583.8204345703125, 115.9993896484375, 20.12713623046875, 21.587860107421875, 0.8131936192512512
1, 150.6890869140625, 426.73876953125, 16.844802856445312, 22.778076171875, 0.8130218982696533
1, 36.0758056640625, 84.51315307617188, 16.898244857788086, 19.872482299804688, 0.8127874135971069
1, 133.88217163085938, 401.52392578125, 18.907676696777344, 18.902801513671875, 0.8127511143684387
1, 79.22972106933594, 183.46144104003906, 20.77313232421875, 20.518768310546875, 0.8122539520263672
1, 28.10464096069336, 325.44384765625, 20.453855514526367, 20.98724365234375, 0.8119547963142395
1, 340.0426025390625, 326.4023132324219, 17.721893310546875, 16.59332275390625, 0.8114362955093384
1, 616.220947265625, 30.542800903320312, 19.86285400390625, 20.69091033935547, 0.8112077116966248
1, 616.0115966796875, 276.34375, 17.7685546875, 20.7603759765625, 0.8110936284065247
1, 760.03955078125, 494.22943115234375, 20.57781982421875, 19.087310791015625, 0.8110464215278625
1, 694.4126586914062, 99.0538330078125, 18.4664306640625, 18.382484436035156, 0.8108019232749939
1, 598.8329467773438, 437.02484130859375, 23.3638916015625, 21.015411376953125, 0.8107726573944092
1, 218.31382751464844, 472.9027099609375, 16.5599365234375, 18.27294921875, 0.8093189597129822
1, 629.3057861328125, 146.52993774414062, 19.64404296875, 19.816650390625, 0.8092480897903442
1, 232.76536560058594, 52.870323181152344, 20.05816650390625, 20.22991943359375, 0.808933675289154
1, 613.489501953125, 339.915283203125, 24.06927490234375, 21.9952392578125, 0.8078135251998901
1, 661.8006591796875, 250.21014404296875, 17.43170166015625, 24.6669921875, 0.8077775835990906
1, 564.494384765625, 329.9581298828125, 18.27679443359375, 19.861053466796875, 0.8075222969055176
1, 537.5330810546875, 283.93743896484375, 17.20587158203125, 22.137451171875, 0.807285726070404
1, 403.27386474609375, 509.4226989746094, 19.489654541015625, 19.48883056640625, 0.8070489764213562
1, 527.5557861328125, 544.4099731445312, 19.317138671875, 19.19189453125, 0.8062697052955627
1, 20.673999786376953, 405.64349365234375, 19.375036239624023, 21.618133544921875, 0.8062265515327454
1, 73.04520416259766, 410.79473876953125, 20.130840301513672, 19.927947998046875, 0.806024968624115
1, 269.4625244140625, 208.65530395507812, 19.253753662109375, 20.163665771484375, 0.8053582906723022
1, 364.9617614746094, 119.77473449707031, 21.06268310546875, 22.402191162109375, 0.8052746653556824
1, 254.93359375, 309.93975830078125, 19.189041137695312, 17.223907470703125, 0.8051822781562805
1, 756.025146484375, 270.0194091796875, 17.62567138671875, 19.898468017578125, 0.8051683902740479
1, 543.0435180664062, 395.284912109375, 20.4974365234375, 18.98248291015625, 0.805069088935852
1, 66.8642578125, 363.02294921875, 18.06963348388672, 20.82073974609375, 0.8045543432235718
1, 261.3365478515625, 102.425537109375, 18.751678466796875, 22.63568115234375, 0.8043538331985474
1, 190.01376342773438, 331.3458251953125, 17.978469848632812, 20.236358642578125, 0.8033006191253662
1, 208.5948486328125, 544.5404663085938, 17.520950317382812, 20.4840087890625, 0.8030663728713989
1, 242.21051025390625, 377.28369140625, 18.498199462890625, 20.9913330078125, 0.8026247024536133
1, 508.73602294921875, 30.7428035736084, 18.226837158203125, 20.960514068603516, 0.8026050329208374
1, 247.03848266601562, 475.8194274902344, 20.283035278320312, 21.9390869140625, 0.8017069697380066
1, 272.03546142578125, 60.10967254638672, 18.129669189453125, 20.846939086914062, 0.8014962673187256
1, 486.64434814453125, 534.447021484375, 17.85369873046875, 18.31341552734375, 0.8014880418777466
1, 44.22801208496094, 435.3468017578125, 18.117687225341797, 19.867431640625, 0.801389753818512
1, 733.26611328125, 272.77740478515625, 17.83013916015625, 17.69171142578125, 0.8011046648025513
1, 305.74713134765625, 51.80089569091797, 20.97283935546875, 19.231948852539062, 0.8010995984077454
1, 172.30947875976562, 11.560084342956543, 20.06060791015625, 17.034238815307617, 0.8010250926017761
1, 129.61996459960938, 485.80548095703125, 19.296249389648438, 19.765045166015625, 0.8009181618690491
1, 184.34127807617188, 178.4554443359375, 19.062271118164062, 21.335067749023438, 0.8004511594772339
1, 270.4056701660156, 148.58694458007812, 15.117919921875, 19.845138549804688, 0.8002994060516357
1, 768.1160888671875, 394.524169921875, 22.30322265625, 20.852569580078125, 0.8001602292060852
1, 736.667724609375, 196.72369384765625, 19.88665771484375, 18.948654174804688, 0.8000329732894897
1, 759.4402465820312, 179.96246337890625, 19.90185546875, 19.91546630859375, 0.7999444603919983
1, 93.89930725097656, 129.67630004882812, 17.621925354003906, 21.3533935546875, 0.7997523546218872
1, 6.055695056915283, 498.26123046875, 11.861762046813965, 19.926177978515625, 0.7995654344558716
1, 426.1538391113281, 47.419189453125, 19.90570068359375, 19.760887145996094, 0.7995014190673828
1, 184.9910430908203, 411.69818115234375, 19.60577392578125, 23.006317138671875, 0.7993427515029907
1, 74.23542022705078, 433.7022705078125, 20.588916778564453, 21.635284423828125, 0.799035906791687
1, 685.44140625, 534.94970703125, 22.13568115234375, 18.58087158203125, 0.799018919467926
1, 754.3178100585938, 160.4408416748047, 17.5596923828125, 18.840484619140625, 0.7989078164100647
1, 161.2218475341797, 240.2371826171875, 17.98126220703125, 22.6534423828125, 0.7981280088424683
1, 494.0970458984375, 10.457746505737305, 17.697479248046875, 20.207504272460938, 0.7978007793426514
1, 665.314453125, 93.94757080078125, 19.57940673828125, 21.38970947265625, 0.7977179288864136
1, 424.831787109375, 547.726318359375, 18.656524658203125, 16.87451171875, 0.7971892952919006
1, 722.9349975585938, 55.742919921875, 19.7113037109375, 18.76717758178711, 0.7970407009124756
1, 647.684326171875, 443.87384033203125, 20.97393798828125, 23.007476806640625, 0.7969616651535034
1, 148.25991821289062, 188.73171997070312, 18.422103881835938, 21.34405517578125, 0.7969544529914856
1, 634.23193359375, 187.92262268066406, 17.085693359375, 21.045135498046875, 0.7969356179237366
1, 630.5650024414062, 576.0721435546875, 17.287841796875, 17.855712890625, 0.7967745065689087
1, 793.8984375, 403.9106140136719, 17.02044677734375, 18.0205078125, 0.7960488200187683
1, 553.9085693359375, 471.2423095703125, 20.8948974609375, 19.94403076171875, 0.7960279583930969
1, 712.9564208984375, 30.12137222290039, 17.35137939453125, 18.857995986938477, 0.7957961559295654
1, 573.9176025390625, 483.080322265625, 18.79705810546875, 18.03729248046875, 0.7957161068916321
1, 744.0838012695312, 61.907161712646484, 16.296142578125, 16.192405700683594, 0.7957070469856262
1, 51.60175323486328, 400.1070251464844, 16.82419204711914, 19.57684326171875, 0.7957038283348083
1, 688.2677001953125, 54.21589660644531, 20.31378173828125, 16.78558349609375, 0.7955069541931152
1, 634.3548583984375, 331.8963623046875, 17.60003662109375, 19.432342529296875, 0.7950733304023743
1, 150.50115966796875, 144.26632690429688, 18.061233520507812, 25.387954711914062, 0.7948690056800842
1, 712.647216796875, 75.14739990234375, 17.40771484375, 16.368202209472656, 0.7947631478309631
1, 384.39129638671875, 509.01910400390625, 20.56390380859375, 20.8907470703125, 0.7946588397026062
1, 28.55462646484375, 274.7802734375, 18.27570152282715, 20.751800537109375, 0.7943286895751953
1, 324.68414306640625, 573.7498779296875, 18.989959716796875, 20.78924560546875, 0.7941035628318787
1, 118.49644470214844, 172.27435302734375, 21.583038330078125, 20.680587768554688, 0.7935603260993958
1, 673.30615234375, 433.135498046875, 18.4808349609375, 21.697052001953125, 0.7930123209953308
1, 557.4482421875, 198.50546264648438, 21.82879638671875, 21.584701538085938, 0.7924935817718506
1, 519.8836059570312, 269.08184814453125, 21.519256591796875, 19.75250244140625, 0.7922562956809998
1, 562.189697265625, 437.55413818359375, 17.716064453125, 20.002532958984375, 0.7917290925979614
1, 210.84844970703125, 513.4693603515625, 21.321701049804688, 21.145599365234375, 0.791588544845581
1, 347.5817565917969, 468.9806213378906, 23.32049560546875, 24.2235107421875, 0.7908069491386414
1, 78.96830749511719, 529.8072509765625, 15.57659912109375, 18.96875, 0.7905343174934387
1, 267.6514892578125, 79.49734497070312, 17.338226318359375, 19.260345458984375, 0.7902764678001404
1, 25.466167449951172, 10.91819953918457, 21.18379020690918, 17.721065521240234, 0.7899908423423767
1, 589.3778076171875, 257.21929931640625, 16.03338623046875, 17.419769287109375, 0.7899134755134583
1, 802.7252197265625, 8.26679515838623, 15.48724365234375, 16.53359031677246, 0.7898258566856384
1, 641.8421630859375, 78.63848114013672, 16.40252685546875, 18.5159912109375, 0.789304256439209
1, 588.72705078125, 337.22576904296875, 18.85302734375, 23.546234130859375, 0.7891566157341003
1, 828.1183471679688, 430.49945068359375, 18.2708740234375, 17.320709228515625, 0.7890452146530151
1, 50.395660400390625, 456.0126953125, 16.82088851928711, 19.232208251953125, 0.7888821363449097
1, 753.14208984375, 317.772216796875, 21.29296875, 19.1455078125, 0.7883207201957703
1, 544.479736328125, 415.7455749511719, 19.82513427734375, 18.48138427734375, 0.7875176668167114
1, 181.76885986328125, 476.82562255859375, 16.223495483398438, 20.758331298828125, 0.7872565984725952
1, 107.56573486328125, 447.86138916015625, 14.092903137207031, 21.435394287109375, 0.7867927551269531
1, 492.28509521484375, 557.44482421875, 18.743682861328125, 16.7818603515625, 0.7863948345184326
1, 72.44364929199219, 109.31956481933594, 18.523616790771484, 18.29883575439453, 0.7861673831939697
1, 406.99090576171875, 280.47772216796875, 20.137908935546875, 20.785919189453125, 0.7861331105232239
1, 436.0338134765625, 368.60040283203125, 23.034698486328125, 23.0115966796875, 0.7858967781066895
1, 273.68511962890625, 546.446044921875, 17.492431640625, 19.3160400390625, 0.7846919894218445
1, 355.3039245605469, 145.23837280273438, 21.3670654296875, 19.070663452148438, 0.7843487858772278
1, 702.7711791992188, 281.7376708984375, 18.4210205078125, 19.091766357421875, 0.7841961979866028
1, 158.09152221679688, 293.019775390625, 17.025833129882812, 20.843658447265625, 0.7841892242431641
1, 534.7381591796875, 253.10403442382812, 18.79541015625, 17.178207397460938, 0.7837387323379517
1, 395.5328369140625, 384.0094909667969, 21.04510498046875, 21.53558349609375, 0.7836934924125671
1, 122.16873168945312, 148.8312225341797, 21.885345458984375, 19.831756591796875, 0.7832058668136597
1, 757.4397583007812, 112.78788757324219, 18.696533203125, 19.581512451171875, 0.7830776572227478
1, 23.802574157714844, 492.351806640625, 20.236839294433594, 18.535552978515625, 0.7827322483062744
1, 451.1573486328125, 199.35418701171875, 18.632537841796875, 17.982467651367188, 0.7821306586265564
1, 169.23899841308594, 336.7489013671875, 17.30230712890625, 19.305511474609375, 0.782030463218689
1, 359.3715515136719, 89.94210815429688, 19.77386474609375, 25.041160583496094, 0.7818701267242432
1, 57.384796142578125, 244.30422973632812, 19.090961456298828, 20.777450561523438, 0.7814478278160095
1, 444.7176513671875, 83.07061767578125, 17.059783935546875, 16.312171936035156, 0.7811685800552368
1, 184.220947265625, 248.13836669921875, 19.807723999023438, 20.202621459960938, 0.7810750603675842
1, 144.33685302734375, 304.693603515625, 19.829025268554688, 22.13037109375, 0.7807304263114929
1, 809.9158935546875, 221.05526733398438, 17.449462890625, 17.992507934570312, 0.7797965407371521
1, 567.1339111328125, 562.1065673828125, 16.90216064453125, 21.107177734375, 0.779242217540741
1, 83.67203521728516, 339.38800048828125, 21.520828247070312, 32.5655517578125, 0.7792195677757263
1, 677.054443359375, 220.05526733398438, 19.7989501953125, 18.926986694335938, 0.7789542078971863
1, 161.77032470703125, 212.5367431640625, 19.669357299804688, 18.826080322265625, 0.7788602113723755
1, 160.04891967773438, 493.6431884765625, 18.920516967773438, 18.444427490234375, 0.7787838578224182
1, 568.5304565429688, 391.849365234375, 18.29052734375, 17.031707763671875, 0.7787644267082214
1, 657.34130859375, 415.2654724121094, 19.71844482421875, 20.71929931640625, 0.7787408828735352
1, 468.47412109375, 268.0307922363281, 18.918792724609375, 20.7763671875, 0.778580904006958
1, 14.607794761657715, 221.66265869140625, 18.03907585144043, 17.63037109375, 0.7785006761550903
1, 80.41905975341797, 248.21221923828125, 17.349990844726562, 22.43963623046875, 0.7781822085380554
1, 345.3258056640625, 568.432373046875, 19.261749267578125, 22.82806396484375, 0.7780719995498657
1, 33.684326171875, 169.699951171875, 19.39693832397461, 22.207443237304688, 0.777640163898468
1, 158.733642578125, 474.420166015625, 17.442672729492188, 20.5750732421875, 0.7769829630851746
1, 119.96168518066406, 389.20697021484375, 19.73760223388672, 20.855621337890625, 0.7764010429382324
1, 692.02734375, 403.8336486816406, 21.23870849609375, 25.61376953125, 0.7760562896728516
1, 218.09458923339844, 569.5187377929688, 15.43951416015625, 20.6453857421875, 0.7757741212844849
1, 651.289306640625, 177.2641143798828, 17.39202880859375, 17.12567138671875, 0.7756043672561646
1, 328.28314208984375, 237.75721740722656, 17.721771240234375, 18.572601318359375, 0.7756018042564392
1, 185.37728881835938, 544.3790893554688, 19.418899536132812, 23.1553955078125, 0.7750334143638611
1, 250.81417846679688, 204.81246948242188, 18.391220092773438, 19.784881591796875, 0.7748944759368896
1, 608.0401611328125, 148.6903076171875, 17.86248779296875, 19.706069946289062, 0.7746589183807373
1, 546.9147338867188, 173.7884521484375, 16.89208984375, 22.690322875976562, 0.7741299867630005
1, 153.3258056640625, 452.0078125, 17.355560302734375, 20.959320068359375, 0.7739582657814026
1, 611.3859252929688, 481.804931640625, 19.1873779296875, 20.620758056640625, 0.7736151814460754
1, 46.40632629394531, 486.45684814453125, 18.436168670654297, 16.63092041015625, 0.7733180522918701
1, 219.990966796875, 92.9939193725586, 17.888290405273438, 20.180770874023438, 0.7731504440307617
1, 398.73382568359375, 557.9383544921875, 18.928009033203125, 18.6326904296875, 0.773078441619873
1, 315.1606140136719, 134.0533447265625, 19.01580810546875, 22.227828979492188, 0.7727116346359253
1, 154.33340454101562, 258.2275390625, 19.086044311523438, 21.583404541015625, 0.7723811268806458
1, 360.40911865234375, 277.25225830078125, 17.869354248046875, 22.912628173828125, 0.7718565464019775
1, 531.5612182617188, 49.05291748046875, 15.585693359375, 20.07754135131836, 0.7718013525009155
1, 375.870361328125, 213.56964111328125, 14.884246826171875, 20.71270751953125, 0.7716255784034729
1, 159.55548095703125, 559.7799072265625, 17.833099365234375, 21.67547607421875, 0.7715573906898499
1, 574.6956787109375, 421.1837158203125, 19.783935546875, 27.000152587890625, 0.7708481550216675
1, 442.41400146484375, 105.67945861816406, 16.834808349609375, 20.789932250976562, 0.7697910070419312
1, 815.714599609375, 388.9811096191406, 19.26556396484375, 23.58624267578125, 0.7697112560272217
1, 106.47850799560547, 185.20640563964844, 20.720672607421875, 21.517730712890625, 0.7693328857421875
1, 208.20230102539062, 494.97198486328125, 14.601455688476562, 16.318389892578125, 0.769032895565033
1, 453.199951171875, 23.80276870727539, 19.758880615234375, 18.59331512451172, 0.76857590675354
1, 78.98794555664062, 488.3892517089844, 19.275802612304688, 18.8516845703125, 0.7683629393577576
1, 684.0533447265625, 269.45855712890625, 19.27490234375, 17.472381591796875, 0.7677381634712219
1, 120.66807556152344, 26.298095703125, 21.67981719970703, 20.534706115722656, 0.7664076685905457
1, 421.2991027832031, 343.14166259765625, 17.220947265625, 18.38287353515625, 0.7663379311561584
1, 464.5335693359375, 117.17398071289062, 15.5545654296875, 20.567413330078125, 0.7662769556045532
1, 641.0128173828125, 260.30560302734375, 20.23858642578125, 16.777557373046875, 0.7662414908409119
1, 641.192138671875, 289.47808837890625, 18.415283203125, 15.431060791015625, 0.7651362419128418
1, 327.48162841796875, 439.44580078125, 18.552154541015625, 18.14459228515625, 0.7645813822746277
1, 201.87449645996094, 158.33599853515625, 18.023712158203125, 17.210159301757812, 0.7641409635543823
1, 29.975528717041016, 547.0114135742188, 18.21245765686035, 18.6568603515625, 0.7636364102363586
1, 560.087158203125, 508.9459228515625, 18.912353515625, 23.668487548828125, 0.7636140584945679
1, 486.49139404296875, 329.77349853515625, 16.735809326171875, 18.862823486328125, 0.7632933855056763
1, 791.0916137695312, 469.23956298828125, 18.3377685546875, 23.438446044921875, 0.7632721066474915
1, 318.4558410644531, 501.46783447265625, 15.34832763671875, 16.952484130859375, 0.7629685401916504
1, 681.2350463867188, 131.0820770263672, 25.00830078125, 22.574745178222656, 0.7629206776618958
1, 809.239990234375, 491.210693359375, 18.05438232421875, 19.916290283203125, 0.7614896893501282
1, 158.20750427246094, 536.963134765625, 18.642425537109375, 20.55157470703125, 0.7613651156425476
1, 547.8775634765625, 68.81792449951172, 16.51080322265625, 19.591732025146484, 0.7613098621368408
1, 97.58035278320312, 207.3929443359375, 18.000091552734375, 22.104537963867188, 0.760969877243042
1, 180.17776489257812, 291.1892395019531, 18.804397583007812, 19.2713623046875, 0.7606527805328369
1, 271.8729553222656, 578.0626220703125, 18.02313232421875, 13.87469482421875, 0.7606253027915955
1, 323.03350830078125, 173.59466552734375, 23.231964111328125, 26.43505859375, 0.7606009840965271
1, 624.5118408203125, 547.804443359375, 20.4593505859375, 19.63397216796875, 0.7604039311408997
1, 570.0277709960938, 297.1865234375, 15.3614501953125, 17.968658447265625, 0.7596604824066162
1, 411.021240234375, 380.08062744140625, 19.383056640625, 21.7049560546875, 0.7594567537307739
1, 33.971397399902344, 568.8313598632812, 20.022876739501953, 20.8013916015625, 0.7590057849884033
1, 552.6295776367188, 260.06585693359375, 17.8245849609375, 19.666778564453125, 0.758739173412323
1, 286.14166259765625, 465.54119873046875, 15.9166259765625, 16.631378173828125, 0.7587173581123352
1, 814.818359375, 141.9029541015625, 16.40496826171875, 16.508270263671875, 0.7582097053527832
1, 408.72015380859375, 197.75146484375, 17.488494873046875, 17.636764526367188, 0.7572097778320312
1, 301.05914306640625, 556.135009765625, 20.649017333984375, 21.510009765625, 0.7568277716636658
1, 324.7186279296875, 267.4423828125, 16.438751220703125, 22.210662841796875, 0.756708025932312
1, 761.6427001953125, 528.7113037109375, 19.22686767578125, 15.76910400390625, 0.756127655506134
1, 157.70831298828125, 41.638954162597656, 15.914718627929688, 21.637060165405273, 0.7559524774551392
1, 121.33993530273438, 423.32366943359375, 20.160003662109375, 24.108489990234375, 0.7558819055557251
1, 418.34228515625, 86.71603393554688, 17.86224365234375, 18.165130615234375, 0.7551602721214294
1, 343.7581787109375, 30.899703979492188, 23.165679931640625, 29.091604232788086, 0.7551087737083435
1, 283.59906005859375, 252.39462280273438, 16.696807861328125, 19.02484130859375, 0.7548802495002747
1, 355.66314697265625, 319.89404296875, 17.746368408203125, 23.46563720703125, 0.7540150880813599
1, 190.55162048339844, 77.82563018798828, 19.2325439453125, 18.127243041992188, 0.7533245086669922
1, 477.4652099609375, 315.3280029296875, 16.017547607421875, 14.585235595703125, 0.7529370784759521
1, 543.0224609375, 216.30035400390625, 19.33416748046875, 20.322769165039062, 0.7527914643287659
1, 134.47299194335938, 86.25788879394531, 20.501365661621094, 21.48308563232422, 0.7525691390037537
1, 797.441650390625, 437.1793518066406, 22.15631103515625, 24.45220947265625, 0.7519524693489075
1, 406.2552490234375, 168.92947387695312, 16.968414306640625, 19.13128662109375, 0.751761257648468
1, 50.39543151855469, 533.359619140625, 18.977554321289062, 19.82769775390625, 0.751619815826416
1, 471.9373474121094, 149.87124633789062, 15.28350830078125, 20.485031127929688, 0.7511512637138367
1, 135.56939697265625, 44.668434143066406, 19.22686767578125, 17.01728057861328, 0.7509507536888123
1, 231.51153564453125, 210.73965454101562, 21.2935791015625, 23.948135375976562, 0.7508501410484314
1, 556.56396484375, 357.9302673339844, 19.0003662109375, 16.98553466796875, 0.7507656812667847
1, 177.67941284179688, 454.9605407714844, 15.681411743164062, 19.53509521484375, 0.7506411075592041
1, 327.90386962890625, 45.039329528808594, 21.356842041015625, 20.720577239990234, 0.7501633167266846
1, 797.593017578125, 375.4400634765625, 20.22125244140625, 23.52813720703125, 0.7498654723167419
1, 507.81787109375, 550.860595703125, 16.8900146484375, 16.4505615234375, 0.7496286034584045
1, 604.304443359375, 101.694580078125, 17.42120361328125, 18.614524841308594, 0.7489201426506042
1, 105.91948699951172, 549.646728515625, 16.31317138671875, 22.15325927734375, 0.7482590675354004
1, 490.5074768066406, 302.56451416015625, 15.90838623046875, 21.375213623046875, 0.7474414110183716
1, 347.4244384765625, 58.90354537963867, 17.673187255859375, 20.014381408691406, 0.7470436096191406
1, 555.072998046875, 22.42864418029785, 22.4046630859375, 21.844547271728516, 0.7470412254333496
1, 518.590576171875, 298.62689208984375, 20.19195556640625, 17.628265380859375, 0.7465720772743225
1, 458.85308837890625, 491.7779235839844, 16.801025390625, 16.02362060546875, 0.7450330257415771
1, 375.56103515625, 306.551025390625, 19.05084228515625, 23.339447021484375, 0.7449330687522888
1, 824.495361328125, 311.4710693359375, 16.91961669921875, 23.105194091796875, 0.7448437809944153
1, 506.95733642578125, 132.32875061035156, 23.967529296875, 22.235023498535156, 0.7447821497917175
1, 310.71014404296875, 335.3463134765625, 20.908355712890625, 23.731231689453125, 0.743590772151947
1, 241.868896484375, 77.63221740722656, 21.29010009765625, 20.378440856933594, 0.7434013485908508
