3, 365, 138, 119, 89, 0.8647879958152771
3, 302, 184, 82, 84, 0.8621612191200256
0, 713, 560, 39, 41, 0.8561034202575684
0, 749, 81, 36, 42, 0.850162923336029
0, 789, 120, 33, 35, 0.8366682529449463
0, 700, 615, 41, 42, 0.8339617848396301
0, 43, 718, 34, 39, 0.8319736123085022
0, 646, 162, 33, 38, 0.830883800983429
0, 274, 756, 38, 43, 0.8306097984313965
0, 843, 61, 33, 40, 0.8277838826179504
1, 24, 345, 26, 26, 0.8251156806945801
0, 211, 512, 35, 38, 0.8211617469787598
0, 832, 571, 35, 37, 0.8201125264167786
0, 376, 698, 37, 38, 0.8185634613037109
0, 541, 660, 33, 33, 0.8127003908157349
0, 335, 677, 38, 41, 0.8116716742515564
0, 319, 627, 36, 34, 0.811501681804657
0, 830, 412, 44, 38, 0.81007981300354
0, 789, 584, 33, 29, 0.8093847036361694
0, 644, 723, 38, 42, 0.8052470684051514
0, 749, 554, 31, 40, 0.8051870465278625
0, 124, 753, 34, 38, 0.794655978679657
0, 820, 530, 37, 40, 0.7929574251174927
0, 527, 739, 37, 36, 0.7885069847106934
1, 90, 354, 31, 32, 0.7882992625236511
3, 446, 291, 148, 137, 0.7882972955703735
0, 746, 601, 35, 34, 0.7856566309928894
0, 396, 737, 36, 33, 0.7849119305610657
0, 648, 231, 29, 36, 0.7841711640357971
0, 873, 357, 36, 42, 0.7820539474487305
1, 193, 168, 31, 32, 0.7784689664840698
0, 678, 208, 28, 36, 0.774276077747345
0, 818, 704, 37, 39, 0.7735159397125244
0, 102, 707, 32, 34, 0.773375391960144
0, 84, 580, 33, 36, 0.7727046012878418
0, 537, 617, 31, 25, 0.7717061638832092
0, 792, 16, 36, 33, 0.7716641426086426
0, 262, 664, 42, 50, 0.7712438702583313
0, 819, 489, 38, 40, 0.7663423418998718
0, 839, 104, 39, 41, 0.7605447769165039
0, 105, 490, 32, 37, 0.7602924108505249
0, 803, 70, 46, 56, 0.7599546909332275
0, 865, 324, 31, 41, 0.7594594359397888
3, 280, 264, 106, 90, 0.7542592287063599
0, 593, 602, 42, 33, 0.7524475455284119
1, 308, 40, 33, 26, 0.7504498958587646
0, 139, 705, 29, 33, 0.750320553779602
0, 702, 157, 45, 50, 0.7445659637451172
0, 883, 415, 16, 33, 0.744057834148407
0, 181, 665, 35, 35, 0.7431408166885376
0, 880, 114, 22, 33, 0.7428883910179138
0, 137, 647, 34, 36, 0.7419992089271545
0, 36, 497, 34, 40, 0.741246223449707
1, 155, 256, 24, 27, 0.7408824563026428
0, 689, 18, 33, 31, 0.7406473755836487
0, 708, 205, 31, 41, 0.736693263053894
0, 882, 24, 19, 48, 0.7322356104850769
0, 333, 579, 35, 32, 0.7315904498100281
0, 449, 694, 30, 33, 0.7297083735466003
0, 611, 128, 28, 45, 0.7296066880226135
1, 31, 285, 29, 40, 0.7281978726387024
0, 118, 603, 33, 39, 0.727177083492279
1, 40, 162, 29, 34, 0.7235645651817322
1, 29, 204, 29, 35, 0.7235468029975891
0, 687, 683, 43, 35, 0.7222355008125305
0, 788, 553, 28, 29, 0.7211118936538696
1, 30, 41, 27, 33, 0.7186292409896851
0, 753, 127, 32, 35, 0.7149325609207153
0, 114, 540, 34, 38, 0.711129903793335
0, 703, 714, 26, 25, 0.7104821801185608
0, 719, 23, 32, 34, 0.7103594541549683
0, 29, 631, 29, 39, 0.708980917930603
0, 869, 610, 41, 46, 0.7048218846321106
0, 13, 610, 27, 36, 0.7034514546394348
1, 127, 257, 28, 32, 0.7017305493354797
0, 634, 206, 30, 30, 0.7014786005020142
1, 214, 204, 30, 33, 0.697632372379303
0, 589, 114, 30, 31, 0.6972941756248474
0, 512, 686, 40, 35, 0.6962671875953674
0, 414, 692, 34, 37, 0.6953455209732056
0, 17, 687, 30, 35, 0.6916875243186951
0, 617, 234, 25, 31, 0.6902351379394531
1, 160, 446, 32, 31, 0.6855881214141846
0, 714, 96, 30, 35, 0.6826104521751404
0, 559, 635, 33, 25, 0.6797760725021362
0, 516, 535, 23, 40, 0.6797695755958557
0, 600, 462, 29, 30, 0.6755214333534241
0, 591, 221, 26, 32, 0.6754487156867981
0, 752, 250, 24, 29, 0.6716583371162415
0, 155, 594, 32, 38, 0.6678268909454346
0, 635, 265, 29, 37, 0.6674401164054871
1, 58, 426, 36, 38, 0.6636857390403748
0, 800, 452, 37, 31, 0.6630092859268188
0, 398, 610, 32, 33, 0.6410496830940247
0, 668, 558, 33, 34, 0.6378411650657654
0, 10, 730, 21, 38, 0.6362495422363281
0, 879, 254, 24, 36, 0.6357768774032593
0, 735, 685, 42, 40, 0.633783221244812
0, 687, 307, 33, 36, 0.6315240263938904
1, 157, 287, 30, 38, 0.6312409043312073
0, 89, 390, 38, 37, 0.629146158695221
0, 885, 626, 13, 38, 0.6273723244667053
1, 108, 140, 26, 24, 0.6243318915367126
1, 553, 49, 23, 24, 0.6218196153640747
0, 638, 128, 29, 33, 0.6160761713981628
0, 202, 393, 21, 30, 0.6154170632362366
0, 94, 290, 35, 36, 0.6129456758499146
1, 83, 322, 25, 26, 0.6126850843429565
0, 873, 766, 34, 28, 0.6109749674797058
1, 75, 673, 33, 35, 0.6090511679649353
3, 310, 363, 86, 136, 0.6079475283622742
1, 216, 96, 25, 27, 0.6075604557991028
1, 237, 64, 32, 31, 0.6033996343612671
1, 38, 111, 30, 36, 0.5998260378837585
0, 242, 627, 31, 32, 0.5975050926208496
0, 132, 319, 30, 33, 0.5973536968231201
0, 483, 697, 20, 31, 0.5855265259742737
1, 258, 40, 35, 24, 0.5839542746543884
0, 179, 622, 38, 38, 0.5813423991203308
1, 20, 74, 22, 28, 0.5781571865081787
0, 697, 651, 25, 20, 0.5762220025062561
0, 433, 174, 26, 24, 0.574963390827179
0, 668, 137, 25, 28, 0.5748649835586548
1, 555, 87, 21, 30, 0.5748063921928406
0, 874, 62, 27, 35, 0.572058916091919
0, 493, 608, 32, 28, 0.5720515847206116
1, 540, 195, 25, 27, 0.5688195824623108
0, 554, 87, 20, 31, 0.5681911110877991
0, 554, 697, 25, 24, 0.5646641254425049
0, 51, 645, 23, 31, 0.5453986525535583
0, 129, 684, 20, 20, 0.5448521971702576
0, 773, 491, 32, 39, 0.5415680408477783
0, 549, 590, 32, 25, 0.5398297905921936
0, 297, 381, 24, 30, 0.5362323522567749
1, 141, 160, 26, 30, 0.5356065630912781
1, 135, 225, 35, 38, 0.5325409173965454
1, 49, 311, 26, 35, 0.5299752950668335
0, 180, 213, 32, 37, 0.5296537280082703
0, 545, 139, 25, 35, 0.5280744433403015
0, 568, 747, 56, 56, 0.5213614106178284
0, 229, 764, 22, 26, 0.5163683891296387
1, 545, 139, 27, 32, 0.5162928700447083
0, 861, 554, 27, 32, 0.5152114033699036
0, 575, 86, 25, 31, 0.5134787559509277
1, 93, 290, 35, 36, 0.5097425580024719
0, 349, 610, 31, 30, 0.5083433985710144
1, 52, 380, 28, 34, 0.5076141357421875
1, 89, 220, 28, 34, 0.5049417018890381
1, 7, 233, 14, 34, 0.5037399530410767
1, 135, 123, 28, 36, 0.5011573433876038
0, 5, 541, 11, 30, 0.5006442666053772
0, 235, 498, 23, 35, 0.499941349029541
0, 881, 215, 18, 25, 0.49629804491996765
0, 29, 452, 26, 35, 0.4929561913013458
0, 200, 81, 26, 27, 0.48931699991226196
1, 56, 193, 23, 27, 0.48863789439201355
0, 159, 131, 30, 38, 0.4869329333305359
0, 428, 496, 27, 31, 0.48637089133262634
1, 127, 192, 26, 26, 0.4863242506980896
1, 462, 11, 29, 22, 0.4859064221382141
1, 159, 130, 30, 39, 0.48541033267974854
1, 339, 12, 32, 21, 0.4831877052783966
0, 365, 630, 30, 25, 0.48190736770629883
0, 853, 650, 28, 27, 0.48038578033447266
0, 826, 459, 32, 30, 0.4762306809425354
0, 298, 766, 24, 27, 0.4733681380748749
0, 304, 584, 23, 27, 0.4711248576641083
0, 534, 32, 21, 25, 0.4703204929828644
0, 883, 162, 15, 31, 0.46834781765937805
1, 363, 20, 31, 23, 0.4666029214859009
1, 66, 470, 34, 38, 0.4646075367927551
1, 20, 247, 29, 36, 0.4645668864250183
0, 159, 544, 31, 39, 0.4575859308242798
0, 65, 470, 34, 38, 0.4531518816947937
1, 534, 33, 21, 25, 0.4523709714412689
1, 13, 98, 25, 30, 0.45003893971443176
0, 728, 505, 30, 36, 0.44569048285484314
0, 829, 607, 19, 20, 0.4443404972553253
0, 174, 480, 25, 28, 0.4375860095024109
0, 363, 20, 32, 23, 0.4351941645145416
0, 109, 329, 26, 33, 0.43503329157829285
0, 135, 123, 28, 37, 0.4340439736843109
1, 256, 125, 25, 24, 0.43322622776031494
0, 41, 540, 28, 30, 0.428924024105072
1, 130, 412, 26, 27, 0.4284890294075012
0, 494, 13, 23, 24, 0.4262552559375763
1, 132, 320, 29, 33, 0.42475074529647827
0, 175, 704, 27, 33, 0.424034059047699
1, 493, 608, 31, 28, 0.41981738805770874
0, 21, 566, 25, 40, 0.41978970170021057
0, 58, 426, 36, 37, 0.41862350702285767
1, 6, 66, 13, 31, 0.41271767020225525
0, 429, 46, 24, 26, 0.4097117781639099
0, 560, 221, 23, 30, 0.40822944045066833
1, 180, 213, 33, 37, 0.40815165638923645
0, 764, 382, 50, 46, 0.4048076868057251
0, 202, 131, 30, 30, 0.40390750765800476
0, 256, 125, 24, 24, 0.40191537141799927
1, 28, 452, 26, 36, 0.39997926354408264
0, 222, 648, 35, 32, 0.39620307087898254
0, 223, 735, 27, 27, 0.39415109157562256
1, 95, 163, 27, 37, 0.393228679895401
3, 483, 81, 97, 82, 0.3813994526863098
1, 728, 505, 30, 36, 0.3789994716644287
0, 174, 755, 25, 40, 0.3738210201263428
0, 353, 649, 32, 25, 0.3717755377292633
3, 352, 312, 60, 74, 0.3712419271469116
0, 600, 491, 26, 27, 0.3697960376739502
3, 381, 232, 117, 108, 0.3688163459300995
0, 75, 672, 31, 37, 0.3671407699584961
1, 202, 132, 30, 28, 0.3622889518737793
1, 547, 253, 31, 35, 0.3529302775859833
1, 181, 113, 17, 28, 0.35290950536727905
1, 4, 402, 9, 38, 0.35290825366973877
0, 595, 256, 29, 29, 0.34834378957748413
0, 542, 194, 24, 26, 0.34479251503944397
0, 750, 482, 25, 27, 0.3432947099208832
0, 132, 568, 28, 31, 0.34195128083229065
0, 237, 63, 30, 30, 0.33888643980026245
1, 3, 364, 7, 31, 0.3383171558380127
1, 89, 390, 39, 38, 0.33604198694229126
1, 51, 646, 24, 32, 0.3339073061943054
0, 50, 687, 26, 27, 0.33352598547935486
1, 7, 330, 14, 30, 0.32697412371635437
1, 49, 688, 25, 27, 0.3248279094696045
0, 732, 636, 29, 27, 0.31828877329826355
0, 857, 672, 24, 28, 0.3162436783313751
1, 20, 378, 25, 29, 0.30754223465919495
1, 494, 13, 23, 25, 0.29958319664001465
0, 274, 580, 31, 27, 0.2930102050304413
0, 763, 456, 30, 31, 0.29078245162963867
0, 636, 585, 37, 44, 0.28762421011924744
1, 6, 300, 12, 36, 0.2851145267486572
0, 159, 447, 30, 34, 0.2844901382923126
1, 200, 82, 27, 26, 0.27841272950172424
1, 108, 329, 26, 35, 0.27556636929512024
1, 137, 285, 20, 27, 0.27330583333969116
1, 560, 221, 23, 31, 0.27188146114349365
1, 12, 142, 23, 43, 0.2699502110481262
0, 129, 412, 25, 27, 0.26502153277397156
0, 12, 144, 24, 43, 0.2623935639858246
0, 3, 646, 7, 35, 0.25538620352745056
0, 135, 456, 23, 38, 0.25342902541160583
