0 0.045988 0.124966 0.018038 0.018290
0 0.018691 0.128543 0.014876 0.015916
0 0.040514 0.268932 0.013982 0.015635
0 0.006169 0.135065 0.012283 0.014095
0 0.235623 0.397865 0.016950 0.015943
0 0.142933 0.357757 0.018639 0.022490
0 0.241890 0.443084 0.018487 0.018955
0 0.193044 0.409899 0.015820 0.016541
0 0.033327 0.154112 0.016688 0.014351
0 0.181923 0.171197 0.015130 0.019265
0 0.416721 0.166338 0.017381 0.016764
0 0.195380 0.335260 0.013559 0.015333
0 0.239223 0.380340 0.014781 0.015582
0 0.010840 0.289476 0.016259 0.015196
0 0.211437 0.413181 0.017999 0.018449
0 0.189353 0.306580 0.016201 0.015064
0 0.145882 0.382215 0.016831 0.016688
0 0.023037 0.315062 0.015349 0.019718
0 0.039979 0.193725 0.014072 0.012945
0 0.201361 0.394971 0.014392 0.015409
0 0.052900 0.156829 0.019099 0.014425
0 0.175344 0.193897 0.016234 0.020996
0 0.252174 0.061162 0.020132 0.016120
0 0.043769 0.182139 0.017613 0.014686
0 0.183066 0.393597 0.013922 0.014588
0 0.597128 0.061528 0.017568 0.019256
0 0.216051 0.323005 0.016642 0.015894
0 0.044945 0.143080 0.017209 0.015268
0 0.035936 0.168172 0.014501 0.015455
0 0.014710 0.218258 0.015309 0.016930
0 0.378049 0.254991 0.017180 0.014164
0 0.750271 0.060433 0.018038 0.017278
0 0.069559 0.122041 0.015996 0.018730
0 0.195202 0.381669 0.013948 0.016066
0 0.221720 0.431702 0.015743 0.017072
0 0.027965 0.143628 0.016369 0.012402
0 0.352518 0.433210 0.015440 0.014941
0 0.260697 0.044666 0.017014 0.019153
0 0.205929 0.340231 0.013385 0.014112
0 0.159045 0.257826 0.014496 0.019821
0 0.258504 0.110974 0.014944 0.015419
0 0.035371 0.217602 0.020208 0.013134
0 0.209214 0.456122 0.018035 0.016882
0 0.913385 0.131455 0.017789 0.018289
0 0.096457 0.438052 0.016566 0.020399
0 0.146503 0.335986 0.014145 0.015969
0 0.027866 0.297036 0.017990 0.017645
0 0.253276 0.006655 0.014197 0.013051
0 0.232554 0.504787 0.017463 0.018728
0 0.162357 0.225130 0.016694 0.018273
0 0.119594 0.402198 0.017407 0.017889
0 0.101493 0.417263 0.016570 0.016316
0 0.046449 0.206946 0.015213 0.013229
0 0.173565 0.319839 0.013776 0.018204
0 0.068480 0.149893 0.014735 0.017386
0 0.383359 0.149113 0.015379 0.017598
0 0.068657 0.105054 0.015556 0.014248
0 0.399623 0.157436 0.018359 0.017124
0 0.208905 0.254741 0.017140 0.021753
0 0.192714 0.206360 0.017462 0.016351
0 0.157665 0.431738 0.015658 0.016824
0 0.333332 0.396588 0.017562 0.019392
0 0.172840 0.215550 0.015634 0.020388
0 0.169169 0.176110 0.013125 0.019429
0 0.006808 0.254712 0.013572 0.015480
0 0.251252 0.393924 0.015676 0.015481
0 0.181835 0.235758 0.014624 0.015883
0 0.184142 0.321576 0.014856 0.018141
0 0.246036 0.467010 0.016730 0.017648
0 0.177941 0.154159 0.012188 0.018917
0 0.054493 0.272426 0.015266 0.019139
0 0.194016 0.267866 0.014500 0.022038
0 0.018383 0.193741 0.020929 0.015476
0 0.440332 0.161615 0.014787 0.018559
0 0.527416 0.284164 0.015491 0.015668
0 0.270693 0.004951 0.017389 0.009902
0 0.176878 0.355895 0.017064 0.015513
0 0.202006 0.310498 0.014452 0.015174
0 0.197009 0.220701 0.017929 0.016139
0 0.025925 0.333450 0.016365 0.019628
0 0.013633 0.270857 0.016513 0.016182
