0 0.248501 0.432779 0.022841 0.024626
0 0.391419 0.243464 0.018247 0.017696
0 0.508068 0.134536 0.020661 0.016792
0 0.016009 0.153829 0.017055 0.015566
0 0.441822 0.027037 0.018784 0.018345
0 0.060182 0.177650 0.021805 0.022067
0 0.602045 0.046678 0.013923 0.016783
0 0.710119 0.092561 0.015443 0.014011
0 0.729666 0.093712 0.018435 0.018458
0 0.601062 0.116993 0.013096 0.015011
0 0.558475 0.202294 0.014969 0.016933
0 0.020533 0.083396 0.023723 0.020035
0 0.914602 0.243534 0.015047 0.014668
0 0.347644 0.278023 0.020382 0.017998
0 0.012319 0.134403 0.016313 0.015123
0 0.887605 0.236270 0.020023 0.016948
0 0.950499 0.158544 0.014918 0.016074
0 0.383384 0.214287 0.022453 0.019442
0 0.077710 0.004661 0.018878 0.008467
0 0.574307 0.066975 0.020722 0.017430
0 0.352785 0.213238 0.018452 0.015251
0 0.358982 0.293328 0.019712 0.017743
0 0.489989 0.346118 0.018220 0.016581
0 0.581237 0.128171 0.016707 0.014143
0 0.393965 0.005556 0.020893 0.011112
0 0.573357 0.099755 0.019414 0.015497
0 0.084413 0.549508 0.019389 0.019784
0 0.025359 0.348044 0.019483 0.017569
0 0.107682 0.623281 0.020953 0.019450
0 0.600508 0.131987 0.014142 0.014948
0 0.023980 0.044719 0.015207 0.015365
0 0.625920 0.026847 0.015382 0.015320
0 0.659048 0.316141 0.018534 0.019485
0 0.663906 0.007076 0.015820 0.013631
0 0.266692 0.168004 0.016792 0.019230
