0, 725.0, 903.0, 50.0, 49.0, 0.9011443853378296
0, 1458.0, 161.0, 52.0, 54.0, 0.8989015817642212
0, 1019.0, 741.0, 49.0, 46.0, 0.89731764793396
0, 1244.0, 591.0, 43.0, 34.0, 0.8855171203613281
0, 983.0, 816.0, 43.0, 40.0, 0.8847988247871399
0, 755.0, 1028.0, 46.0, 44.0, 0.8797993659973145
0, 965.0, 543.0, 37.0, 47.0, 0.8758407235145569
0, 79.0, 529.0, 46.0, 45.0, 0.8705989122390747
0, 818.0, 864.0, 42.0, 41.0, 0.8699303865432739
0, 183.0, 222.0, 43.0, 41.0, 0.8639740943908691
0, 242.0, 795.0, 35.0, 38.0, 0.8634225130081177
0, 1115.0, 762.0, 37.0, 41.0, 0.8632954955101013
0, 722.0, 256.0, 37.0, 46.0, 0.863276481628418
0, 498.0, 393.0, 34.0, 40.0, 0.8629739284515381
0, 1316.0, 586.0, 49.0, 44.0, 0.8605474829673767
0, 897.0, 848.0, 44.0, 43.0, 0.8600509762763977
0, 1038.0, 288.0, 35.0, 37.0, 0.8599563837051392
0, 557.0, 743.0, 52.0, 44.0, 0.8596250414848328
0, 1306.0, 816.0, 45.0, 43.0, 0.8581566214561462
0, 574.0, 178.0, 37.0, 41.0, 0.8571470975875854
0, 616.0, 788.0, 54.0, 42.0, 0.857109546661377
0, 312.0, 331.0, 41.0, 35.0, 0.8552926182746887
0, 50.0, 460.0, 43.0, 41.0, 0.8544280529022217
0, 378.0, 394.0, 45.0, 47.0, 0.8537337779998779
0, 365.0, 265.0, 43.0, 37.0, 0.8532230854034424
0, 281.0, 54.0, 34.0, 50.0, 0.8528570532798767
0, 195.0, 1361.0, 34.0, 40.0, 0.8516510725021362
0, 327.0, 70.0, 35.0, 44.0, 0.8513809442520142
0, 507.0, 742.0, 52.0, 54.0, 0.8498106002807617
0, 877.0, 104.0, 43.0, 35.0, 0.8480058908462524
0, 201.0, 21.0, 46.0, 42.0, 0.8479250073432922
0, 949.0, 843.0, 42.0, 39.0, 0.8478127121925354
0, 1285.0, 719.0, 34.0, 35.0, 0.8471726775169373
0, 323.0, 933.0, 47.0, 52.0, 0.8469744920730591
0, 1085.0, 602.0, 43.0, 36.0, 0.8469294309616089
0, 453.0, 221.0, 45.0, 36.0, 0.8464592695236206
0, 111.0, 1204.0, 48.0, 46.0, 0.8461729884147644
0, 805.0, 211.0, 46.0, 43.0, 0.8459542393684387
0, 867.0, 347.0, 36.0, 45.0, 0.8456029891967773
0, 946.0, 170.0, 37.0, 44.0, 0.8448975086212158
0, 1421.0, 199.0, 43.0, 47.0, 0.8439794778823853
0, 1180.0, 735.0, 39.0, 35.0, 0.8438536524772644
0, 796.0, 406.0, 36.0, 40.0, 0.8435673117637634
0, 1019.0, 522.0, 42.0, 41.0, 0.8428586721420288
0, 260.0, 677.0, 41.0, 45.0, 0.8411980867385864
0, 1311.0, 763.0, 37.0, 42.0, 0.8410761952400208
0, 159.0, 551.0, 41.0, 48.0, 0.8407487273216248
0, 981.0, 1317.0, 40.0, 44.0, 0.8391201496124268
0, 785.0, 1063.0, 40.0, 39.0, 0.838672935962677
0, 883.0, 395.0, 49.0, 42.0, 0.8377878665924072
0, 19.0, 659.0, 39.0, 41.0, 0.8376006484031677
0, 1119.0, 660.0, 37.0, 40.0, 0.8375906944274902
0, 1455.0, 578.0, 34.0, 40.0, 0.8367375135421753
0, 27.0, 528.0, 38.0, 41.0, 0.8354222774505615
0, 130.0, 448.0, 59.0, 55.0, 0.8353164792060852
0, 511.0, 561.0, 35.0, 42.0, 0.8340646028518677
0, 1295.0, 669.0, 34.0, 37.0, 0.8321486711502075
0, 584.0, 668.0, 45.0, 44.0, 0.8312993049621582
0, 534.0, 176.0, 41.0, 37.0, 0.8304206728935242
0, 1405.0, 416.0, 40.0, 41.0, 0.8290857076644897
0, 165.0, 790.0, 39.0, 39.0, 0.8273851871490479
0, 419.0, 172.0, 40.0, 34.0, 0.8255215287208557
0, 390.0, 502.0, 40.0, 36.0, 0.8254138231277466
0, 906.0, 328.0, 34.0, 43.0, 0.8234456777572632
0, 1011.0, 570.0, 36.0, 41.0, 0.8201993107795715
0, 1078.0, 527.0, 45.0, 44.0, 0.8201793432235718
0, 713.0, 174.0, 44.0, 38.0, 0.8186229467391968
0, 1188.0, 76.0, 57.0, 68.0, 0.8169878125190735
0, 681.0, 750.0, 45.0, 49.0, 0.8165673017501831
0, 793.0, 506.0, 42.0, 45.0, 0.8148175477981567
0, 235.0, 612.0, 41.0, 48.0, 0.8144726157188416
0, 215.0, 1032.0, 45.0, 46.0, 0.8141710758209229
0, 977.0, 195.0, 35.0, 42.0, 0.8139632940292358
0, 1242.0, 684.0, 28.0, 45.0, 0.81345134973526
0, 1174.0, 521.0, 39.0, 47.0, 0.8117086291313171
0, 1240.0, 1411.0, 39.0, 38.0, 0.8105707168579102
0, 775.0, 814.0, 43.0, 50.0, 0.8100197911262512
0, 379.0, 903.0, 67.0, 53.0, 0.807409942150116
0, 424.0, 416.0, 43.0, 43.0, 0.8072332143783569
0, 700.0, 675.0, 44.0, 37.0, 0.8069125413894653
0, 190.0, 1085.0, 52.0, 49.0, 0.8066878914833069
0, 870.0, 154.0, 50.0, 45.0, 0.8066092729568481
0, 1268.0, 1482.0, 39.0, 34.0, 0.8046955466270447
0, 858.0, 1162.0, 41.0, 46.0, 0.8045437932014465
0, 10.0, 370.0, 21.0, 49.0, 0.8044478893280029
0, 208.0, 949.0, 44.0, 43.0, 0.8044443130493164
0, 819.0, 931.0, 36.0, 46.0, 0.8039155602455139
0, 1097.0, 1371.0, 48.0, 45.0, 0.8035066723823547
0, 1129.0, 576.0, 46.0, 40.0, 0.8034334182739258
0, 647.0, 405.0, 33.0, 43.0, 0.8030242919921875
0, 1285.0, 473.0, 47.0, 39.0, 0.8023599982261658
0, 279.0, 810.0, 46.0, 58.0, 0.8022630214691162
0, 213.0, 1201.0, 43.0, 44.0, 0.8006303310394287
0, 1049.0, 11.0, 32.0, 23.0, 0.7998972535133362
0, 307.0, 758.0, 58.0, 49.0, 0.7995536923408508
0, 101.0, 622.0, 41.0, 35.0, 0.7975723743438721
0, 821.0, 300.0, 34.0, 34.0, 0.7974266409873962
0, 1148.0, 1400.0, 38.0, 48.0, 0.7961390018463135
0, 276.0, 938.0, 48.0, 50.0, 0.7957407236099243
0, 1196.0, 779.0, 31.0, 40.0, 0.7944153547286987
0, 919.0, 1017.0, 45.0, 40.0, 0.7940918803215027
0, 600.0, 544.0, 33.0, 36.0, 0.7931902408599854
0, 1457.0, 694.0, 37.0, 44.0, 0.7925858497619629
0, 282.0, 1217.0, 34.0, 37.0, 0.7922486662864685
0, 1192.0, 877.0, 42.0, 36.0, 0.7919361591339111
0, 1183.0, 629.0, 32.0, 41.0, 0.7916072607040405
0, 556.0, 564.0, 37.0, 45.0, 0.7886441946029663
0, 1215.0, 164.0, 60.0, 49.0, 0.7874565720558167
0, 273.0, 1302.0, 46.0, 55.0, 0.7868838906288147
0, 1425.0, 351.0, 42.0, 40.0, 0.7868240475654602
0, 938.0, 1068.0, 41.0, 46.0, 0.7864352464675903
0, 541.0, 391.0, 36.0, 40.0, 0.7863674163818359
0, 184.0, 982.0, 43.0, 44.0, 0.786074161529541
0, 674.0, 376.0, 38.0, 38.0, 0.7856557369232178
0, 1414.0, 59.0, 60.0, 38.0, 0.7851729393005371
0, 836.0, 411.0, 35.0, 42.0, 0.7850866317749023
0, 1136.0, 1081.0, 45.0, 31.0, 0.7849194407463074
0, 880.0, 1308.0, 50.0, 44.0, 0.7847347855567932
0, 494.0, 230.0, 30.0, 50.0, 0.7838680744171143
0, 1218.0, 941.0, 40.0, 38.0, 0.7836166024208069
0, 149.0, 598.0, 43.0, 39.0, 0.7834388613700867
0, 52.0, 416.0, 42.0, 38.0, 0.7834219932556152
0, 1174.0, 572.0, 37.0, 46.0, 0.7819811105728149
0, 253.0, 559.0, 50.0, 40.0, 0.7819535136222839
0, 1047.0, 662.0, 42.0, 44.0, 0.7819427251815796
0, 644.0, 845.0, 42.0, 51.0, 0.7813268303871155
0, 750.0, 584.0, 39.0, 43.0, 0.778908908367157
0, 697.0, 227.0, 38.0, 41.0, 0.7781801819801331
0, 37.0, 103.0, 41.0, 44.0, 0.7777610421180725
0, 1485.0, 485.0, 28.0, 44.0, 0.7769660949707031
0, 471.0, 868.0, 38.0, 45.0, 0.7764820456504822
0, 540.0, 352.0, 44.0, 33.0, 0.7753775119781494
0, 742.0, 1143.0, 40.0, 37.0, 0.775359034538269
0, 1187.0, 1407.0, 50.0, 46.0, 0.7750392556190491
0, 400.0, 963.0, 44.0, 44.0, 0.7743518948554993
0, 965.0, 609.0, 41.0, 44.0, 0.774262547492981
0, 1275.0, 508.0, 46.0, 38.0, 0.7740227580070496
0, 1138.0, 626.0, 47.0, 39.0, 0.7739456295967102
0, 101.0, 30.0, 42.0, 44.0, 0.7737463116645813
0, 608.0, 835.0, 42.0, 48.0, 0.7707486748695374
0, 583.0, 707.0, 36.0, 42.0, 0.77064049243927
0, 446.0, 779.0, 39.0, 36.0, 0.7702686786651611
0, 9.0, 1160.0, 19.0, 37.0, 0.769171953201294
0, 1362.0, 886.0, 35.0, 45.0, 0.7673079371452332
0, 1024.0, 785.0, 47.0, 40.0, 0.7664468288421631
0, 867.0, 885.0, 41.0, 44.0, 0.7651397585868835
0, 463.0, 574.0, 44.0, 39.0, 0.7637936472892761
0, 1412.0, 565.0, 41.0, 51.0, 0.7623468041419983
0, 1108.0, 1404.0, 40.0, 39.0, 0.7594950795173645
0, 49.0, 571.0, 47.0, 44.0, 0.7589278817176819
0, 1330.0, 61.0, 40.0, 38.0, 0.7589144110679626
0, 717.0, 86.0, 43.0, 46.0, 0.7574822306632996
0, 620.0, 228.0, 35.0, 37.0, 0.7552444934844971
0, 412.0, 101.0, 50.0, 51.0, 0.753672182559967
0, 614.0, 727.0, 36.0, 47.0, 0.7517286539077759
0, 118.0, 1264.0, 34.0, 39.0, 0.7507433295249939
0, 1117.0, 1314.0, 45.0, 33.0, 0.7462576031684875
0, 670.0, 991.0, 44.0, 42.0, 0.7462476491928101
0, 1014.0, 672.0, 39.0, 44.0, 0.7446775436401367
0, 54.0, 797.0, 37.0, 39.0, 0.7393264770507812
0, 462.0, 124.0, 35.0, 26.0, 0.7347015142440796
0, 1243.0, 818.0, 46.0, 51.0, 0.7339698076248169
0, 1016.0, 340.0, 47.0, 39.0, 0.7325935959815979
0, 934.0, 1362.0, 44.0, 36.0, 0.7316831350326538
0, 962.0, 682.0, 43.0, 34.0, 0.7313673496246338
0, 1229.0, 355.0, 41.0, 26.0, 0.7303712964057922
0, 1467.0, 815.0, 51.0, 36.0, 0.7298516631126404
0, 622.0, 476.0, 32.0, 34.0, 0.7295952439308167
0, 557.0, 633.0, 45.0, 40.0, 0.7292490005493164
0, 434.0, 892.0, 35.0, 43.0, 0.7255498170852661
0, 98.0, 779.0, 31.0, 35.0, 0.7247543931007385
0, 783.0, 268.0, 47.0, 35.0, 0.7237830758094788
0, 1357.0, 667.0, 42.0, 42.0, 0.7232117056846619
0, 57.0, 60.0, 46.0, 39.0, 0.7212233543395996
0, 427.0, 820.0, 45.0, 37.0, 0.7191089987754822
0, 66.0, 747.0, 38.0, 38.0, 0.7169389128684998
0, 131.0, 382.0, 42.0, 29.0, 0.7167800068855286
0, 1451.0, 961.0, 49.0, 44.0, 0.7154379487037659
0, 419.0, 339.0, 42.0, 45.0, 0.7145776152610779
0, 1240.0, 1322.0, 40.0, 39.0, 0.7081682682037354
0, 29.0, 621.0, 46.0, 38.0, 0.7079782485961914
0, 1321.0, 186.0, 45.0, 54.0, 0.706661581993103
0, 964.0, 9.0, 27.0, 18.0, 0.704003095626831
0, 566.0, 839.0, 44.0, 49.0, 0.7035239338874817
0, 823.0, 1339.0, 52.0, 46.0, 0.702682614326477
0, 514.0, 828.0, 40.0, 39.0, 0.697163999080658
0, 336.0, 1213.0, 43.0, 40.0, 0.6958770751953125
1, 1473.0, 1108.0, 27.0, 22.0, 0.6956601142883301
0, 1247.0, 909.0, 46.0, 44.0, 0.6936619281768799
0, 1159.0, 14.0, 40.0, 28.0, 0.6929370164871216
0, 992.0, 1018.0, 37.0, 44.0, 0.6908240914344788
0, 726.0, 349.0, 41.0, 45.0, 0.6895006895065308
0, 1448.0, 1344.0, 44.0, 33.0, 0.687770426273346
0, 1409.0, 1035.0, 38.0, 38.0, 0.6869935989379883
0, 1485.0, 930.0, 26.0, 56.0, 0.6844539046287537
0, 1107.0, 855.0, 36.0, 38.0, 0.6820813417434692
0, 468.0, 628.0, 38.0, 35.0, 0.6813410520553589
0, 1329.0, 1393.0, 41.0, 42.0, 0.6805619597434998
0, 1084.0, 34.0, 32.0, 40.0, 0.6796296238899231
0, 954.0, 245.0, 50.0, 36.0, 0.6777390241622925
0, 1356.0, 618.0, 40.0, 34.0, 0.6748895645141602
0, 20.0, 779.0, 40.0, 39.0, 0.6723600029945374
0, 1390.0, 789.0, 32.0, 34.0, 0.6718631386756897
0, 628.0, 287.0, 41.0, 37.0, 0.6703881025314331
0, 178.0, 508.0, 42.0, 41.0, 0.670224130153656
0, 1262.0, 628.0, 39.0, 33.0, 0.6690741777420044
0, 1383.0, 1390.0, 37.0, 40.0, 0.6686546206474304
0, 1484.0, 1339.0, 30.0, 49.0, 0.6674470901489258
0, 929.0, 984.0, 36.0, 37.0, 0.6655572652816772
0, 163.0, 1179.0, 40.0, 51.0, 0.6636952757835388
0, 36.0, 1155.0, 45.0, 54.0, 0.6618030071258545
0, 1347.0, 839.0, 38.0, 33.0, 0.6588175296783447
0, 625.0, 349.0, 40.0, 31.0, 0.6578710079193115
0, 1040.0, 613.0, 42.0, 33.0, 0.6505787968635559
0, 891.0, 1178.0, 39.0, 43.0, 0.6462650895118713
0, 107.0, 1140.0, 50.0, 51.0, 0.6454979181289673
0, 1311.0, 972.0, 38.0, 40.0, 0.6453527212142944
0, 1219.0, 1024.0, 31.0, 41.0, 0.6416381597518921
0, 237.0, 714.0, 38.0, 34.0, 0.6408698558807373
0, 856.0, 253.0, 39.0, 40.0, 0.640624463558197
0, 1226.0, 1370.0, 54.0, 37.0, 0.6382127404212952
0, 104.0, 305.0, 37.0, 32.0, 0.6381957530975342
1, 154.0, 1434.0, 26.0, 26.0, 0.6371026039123535
0, 1322.0, 889.0, 40.0, 52.0, 0.6355434656143188
0, 148.0, 972.0, 31.0, 47.0, 0.6353322267532349
0, 1151.0, 1470.0, 34.0, 36.0, 0.6345781683921814
0, 1049.0, 1357.0, 40.0, 39.0, 0.634556770324707
0, 154.0, 310.0, 47.0, 55.0, 0.6343054175376892
0, 472.0, 714.0, 40.0, 37.0, 0.6333075165748596
0, 209.0, 1146.0, 42.0, 40.0, 0.6322433948516846
0, 130.0, 782.0, 37.0, 42.0, 0.6309235692024231
0, 1085.0, 1290.0, 41.0, 44.0, 0.6303704977035522
0, 667.0, 472.0, 45.0, 36.0, 0.6274580955505371
0, 256.0, 331.0, 36.0, 36.0, 0.6220611333847046
1, 198.0, 1465.0, 25.0, 23.0, 0.6219155192375183
0, 1305.0, 1289.0, 46.0, 58.0, 0.6210518479347229
0, 903.0, 251.0, 28.0, 39.0, 0.6195511817932129
0, 52.0, 167.0, 37.0, 46.0, 0.6168362498283386
0, 1450.0, 333.0, 35.0, 34.0, 0.6133109331130981
0, 1156.0, 1034.0, 70.0, 45.0, 0.6118676066398621
1, 1490.0, 1079.0, 17.0, 33.0, 0.6110181212425232
0, 1010.0, 14.0, 41.0, 29.0, 0.6075799465179443
0, 746.0, 516.0, 47.0, 40.0, 0.6065064668655396
0, 755.0, 13.0, 40.0, 27.0, 0.6052765846252441
0, 418.0, 862.0, 47.0, 35.0, 0.5959672927856445
0, 6.0, 159.0, 12.0, 49.0, 0.5951904058456421
0, 1259.0, 1004.0, 37.0, 39.0, 0.5945067405700684
0, 1037.0, 1284.0, 41.0, 32.0, 0.5930541157722473
0, 381.0, 311.0, 39.0, 33.0, 0.5919877290725708
0, 1010.0, 974.0, 46.0, 44.0, 0.589063823223114
0, 11.0, 697.0, 23.0, 56.0, 0.5866719484329224
0, 1381.0, 720.0, 38.0, 46.0, 0.5858267545700073
0, 1216.0, 547.0, 41.0, 41.0, 0.5853418111801147
0, 681.0, 962.0, 46.0, 38.0, 0.5844984650611877
0, 1477.0, 108.0, 44.0, 43.0, 0.5832841396331787
0, 258.0, 1244.0, 34.0, 32.0, 0.5776283740997314
0, 1475.0, 87.0, 47.0, 79.0, 0.5715870261192322
0, 1489.0, 336.0, 20.0, 47.0, 0.5677874684333801
0, 1391.0, 15.0, 37.0, 30.0, 0.5677399039268494
0, 683.0, 1410.0, 45.0, 33.0, 0.5673469305038452
1, 133.0, 1476.0, 27.0, 25.0, 0.5625271201133728
0, 671.0, 808.0, 35.0, 31.0, 0.5567473769187927
0, 737.0, 1083.0, 46.0, 43.0, 0.5557937026023865
0, 1293.0, 133.0, 46.0, 42.0, 0.5546043515205383
0, 1413.0, 1367.0, 37.0, 41.0, 0.5539138317108154
0, 405.0, 257.0, 34.0, 42.0, 0.5533992052078247
1, 228.0, 1484.0, 31.0, 28.0, 0.5514584183692932
0, 1023.0, 253.0, 27.0, 43.0, 0.5495905876159668
0, 1274.0, 202.0, 36.0, 40.0, 0.5484499931335449
1, 1148.0, 238.0, 15.0, 17.0, 0.548342764377594
0, 636.0, 585.0, 42.0, 43.0, 0.5476250648498535
1, 167.0, 1462.0, 22.0, 28.0, 0.5472829341888428
0, 668.0, 213.0, 44.0, 45.0, 0.5460605621337891
0, 112.0, 748.0, 34.0, 30.0, 0.5441198348999023
0, 548.0, 807.0, 46.0, 43.0, 0.543834388256073
0, 921.0, 542.0, 31.0, 37.0, 0.5422150492668152
1, 196.0, 1490.0, 22.0, 17.0, 0.5407136082649231
0, 747.0, 203.0, 36.0, 47.0, 0.5379852652549744
1, 549.0, 1470.0, 29.0, 21.0, 0.5369718074798584
0, 1329.0, 495.0, 38.0, 47.0, 0.5307469964027405
0, 858.0, 46.0, 41.0, 33.0, 0.5271132588386536
0, 722.0, 397.0, 45.0, 45.0, 0.5267288684844971
0, 913.0, 922.0, 44.0, 39.0, 0.5235650539398193
1, 577.0, 1449.0, 40.0, 34.0, 0.5225633382797241
0, 1442.0, 479.0, 43.0, 36.0, 0.5219314694404602
0, 944.0, 1153.0, 43.0, 38.0, 0.5110743641853333
1, 659.0, 1369.0, 25.0, 31.0, 0.5092277526855469
1, 108.0, 1459.0, 25.0, 27.0, 0.506360650062561
0, 717.0, 1493.0, 32.0, 12.0, 0.5034414529800415
0, 1416.0, 831.0, 32.0, 40.0, 0.5002129077911377
0, 838.0, 487.0, 36.0, 45.0, 0.5001493096351624
0, 1490.0, 208.0, 17.0, 41.0, 0.5001141428947449
