1, 496.0, 120.0, 19.0, 19.0, 0.8814459443092346
1, 123.0, 139.0, 20.0, 17.0, 0.8576632738113403
1, 164.0, 131.0, 17.0, 17.0, 0.8469982743263245
1, 739.0, 84.0, 17.0, 16.0, 0.8283199071884155
1, 1146.0, 48.0, 16.0, 18.0, 0.8234505653381348
1, 295.0, 47.0, 18.0, 16.0, 0.8212586045265198
1, 69.0, 79.0, 21.0, 22.0, 0.815220057964325
1, 789.0, 70.0, 17.0, 19.0, 0.8145840167999268
1, 1021.0, 124.0, 24.0, 21.0, 0.7826592922210693
1, 13.0, 124.0, 19.0, 17.0, 0.7786744832992554
1, 26.0, 33.0, 15.0, 17.0, 0.764020562171936
1, 1032.0, 143.0, 18.0, 20.0, 0.7449687123298645
1, 625.0, 125.0, 17.0, 18.0, 0.7444044351577759
1, 647.0, 142.0, 22.0, 17.0, 0.7429002523422241
1, 328.0, 126.0, 19.0, 23.0, 0.7414197325706482
1, 645.0, 105.0, 18.0, 20.0, 0.7314621210098267
1, 140.0, 123.0, 18.0, 17.0, 0.7220478653907776
1, 369.0, 75.0, 20.0, 20.0, 0.7210575938224792
1, 1341.0, 59.0, 17.0, 20.0, 0.7204554080963135
1, 81.0, 105.0, 19.0, 17.0, 0.7167354226112366
1, 43.0, 10.0, 20.0, 21.0, 0.7145102024078369
1, 15.0, 13.0, 22.0, 20.0, 0.7121734023094177
1, 800.0, 110.0, 17.0, 19.0, 0.7120058536529541
1, 368.0, 104.0, 21.0, 17.0, 0.7027141451835632
1, 678.0, 54.0, 16.0, 16.0, 0.7020800113677979
1, 647.0, 70.0, 18.0, 20.0, 0.7007659077644348
1, 145.0, 56.0, 17.0, 20.0, 0.6950398087501526
1, 115.0, 106.0, 19.0, 14.0, 0.6909006834030151
1, 1451.0, 47.0, 18.0, 20.0, 0.6891258955001831
1, 332.0, 73.0, 16.0, 15.0, 0.6828355193138123
1, 1415.0, 46.0, 19.0, 18.0, 0.6796680092811584
1, 230.0, 64.0, 17.0, 19.0, 0.6795452237129211
1, 1028.0, 55.0, 22.0, 25.0, 0.6781531572341919
1, 1171.0, 44.0, 19.0, 26.0, 0.6678922772407532
1, 330.0, 89.0, 17.0, 16.0, 0.6628052592277527
1, 1404.0, 69.0, 22.0, 23.0, 0.6611248254776001
1, 609.0, 110.0, 18.0, 12.0, 0.6557999849319458
1, 667.0, 85.0, 17.0, 18.0, 0.6509255766868591
1, 397.0, 72.0, 17.0, 17.0, 0.6449291706085205
1, 776.0, 94.0, 22.0, 20.0, 0.6385118961334229
1, 347.0, 143.0, 18.0, 21.0, 0.6360475420951843
1, 368.0, 50.0, 18.0, 17.0, 0.6346933841705322
1, 153.0, 107.0, 18.0, 18.0, 0.6340914368629456
1, 754.0, 76.0, 16.0, 17.0, 0.6279998421669006
1, 828.0, 122.0, 17.0, 20.0, 0.6262274980545044
1, 347.0, 121.0, 19.0, 15.0, 0.6259653568267822
1, 929.0, 56.0, 20.0, 25.0, 0.62336665391922
1, 1242.0, 10.0, 17.0, 16.0, 0.6201847791671753
1, 366.0, 12.0, 20.0, 20.0, 0.6141373515129089
1, 203.0, 124.0, 20.0, 16.0, 0.6132444143295288
1, 873.0, 14.0, 18.0, 19.0, 0.6124874353408813
1, 830.0, 70.0, 15.0, 20.0, 0.6111659407615662
1, 566.0, 131.0, 16.0, 19.0, 0.6106058955192566
1, 344.0, 51.0, 18.0, 24.0, 0.6055154204368591
1, 1133.0, 138.0, 20.0, 18.0, 0.6010937094688416
1, 433.0, 48.0, 18.0, 20.0, 0.5936098098754883
1, 1245.0, 50.0, 18.0, 19.0, 0.5844444036483765
1, 1190.0, 94.0, 18.0, 16.0, 0.5832526087760925
1, 474.0, 84.0, 14.0, 15.0, 0.5722014904022217
1, 1128.0, 38.0, 18.0, 19.0, 0.568817675113678
1, 148.0, 148.0, 20.0, 17.0, 0.5683193206787109
1, 228.0, 151.0, 16.0, 17.0, 0.5669757723808289
1, 719.0, 57.0, 21.0, 21.0, 0.5644750595092773
1, 846.0, 70.0, 16.0, 17.0, 0.5638374090194702
1, 588.0, 105.0, 18.0, 18.0, 0.555572509765625
1, 212.0, 10.0, 16.0, 12.0, 0.5483624339103699
1, 495.0, 28.0, 18.0, 19.0, 0.5343421101570129
1, 1364.0, 10.0, 16.0, 14.0, 0.5338202714920044
1, 1466.0, 9.0, 18.0, 14.0, 0.5327991843223572
1, 1020.0, 9.0, 20.0, 14.0, 0.5205655694007874
1, 122.0, 71.0, 20.0, 17.0, 0.5191187262535095
1, 850.0, 16.0, 23.0, 24.0, 0.515703022480011
1, 417.0, 150.0, 16.0, 14.0, 0.5145524740219116
1, 754.0, 146.0, 15.0, 17.0, 0.5113692879676819
1, 418.0, 113.0, 16.0, 19.0, 0.506235659122467
1, 1383.0, 49.0, 18.0, 13.0, 0.5034956932067871
