2, 328.0, 144.0, 28.0, 29.0, 0.9620175361633301
2, 78.0, 247.0, 24.0, 22.0, 0.8556857109069824
2, 221.0, 257.0, 28.0, 26.0, 0.8385500311851501
0, 339.0, 307.0, 26.0, 21.0, 0.8199703097343445
0, 97.0, 267.0, 30.0, 21.0, 0.8171241283416748
0, 196.0, 287.0, 34.0, 25.0, 0.7865753769874573
0, 153.0, 61.0, 27.0, 18.0, 0.7846883535385132
0, 119.0, 53.0, 21.0, 16.0, 0.7775139212608337
2, 395.0, 154.0, 29.0, 28.0, 0.7543178796768188
0, 313.0, 303.0, 24.0, 16.0, 0.7296928763389587
2, 24.0, 54.0, 28.0, 24.0, 0.7286204695701599
1, 325.0, 236.0, 20.0, 20.0, 0.7248741984367371
0, 94.0, 10.0, 24.0, 14.0, 0.6790124773979187
0, 156.0, 294.0, 29.0, 23.0, 0.6543896794319153
1, 222.0, 45.0, 26.0, 21.0, 0.5889303088188171
0, 338.0, 21.0, 22.0, 14.0, 0.5773505568504333
1, 364.0, 312.0, 17.0, 14.0, 0.523516058921814
