0, 674.0, 181.0, 33.0, 40.0, 0.9176257848739624
0, 633.0, 151.0, 36.0, 31.0, 0.9086334109306335
0, 1424.0, 372.0, 34.0, 42.0, 0.8748525977134705
0, 168.0, 103.0, 37.0, 34.0, 0.8606181144714355
0, 491.0, 63.0, 34.0, 31.0, 0.857806921005249
0, 65.0, 375.0, 44.0, 36.0, 0.8540087938308716
0, 71.0, 170.0, 32.0, 33.0, 0.8535239100456238
0, 1548.0, 131.0, 42.0, 42.0, 0.8481445908546448
0, 781.0, 136.0, 35.0, 30.0, 0.8440863490104675
0, 781.0, 43.0, 34.0, 28.0, 0.8406860828399658
0, 1324.0, 390.0, 36.0, 37.0, 0.8364896178245544
0, 419.0, 143.0, 33.0, 41.0, 0.8326860070228577
0, 504.0, 100.0, 29.0, 29.0, 0.8321437239646912
0, 1226.0, 403.0, 30.0, 28.0, 0.8318401575088501
0, 526.0, 173.0, 33.0, 31.0, 0.83030766248703
0, 835.0, 57.0, 44.0, 27.0, 0.8302693963050842
0, 670.0, 143.0, 33.0, 31.0, 0.8236168622970581
0, 467.0, 305.0, 34.0, 38.0, 0.8214741349220276
0, 157.0, 365.0, 38.0, 37.0, 0.8211957216262817
0, 189.0, 44.0, 31.0, 31.0, 0.8202654719352722
0, 704.0, 167.0, 28.0, 29.0, 0.8172763586044312
0, 308.0, 72.0, 27.0, 27.0, 0.8158479332923889
0, 1106.0, 33.0, 37.0, 50.0, 0.8131610751152039
0, 44.0, 124.0, 25.0, 26.0, 0.8130702972412109
0, 899.0, 123.0, 42.0, 28.0, 0.8129794597625732
0, 1131.0, 106.0, 29.0, 33.0, 0.8128390312194824
0, 624.0, 122.0, 25.0, 30.0, 0.8121290802955627
0, 1668.0, 245.0, 31.0, 31.0, 0.8116158843040466
0, 679.0, 308.0, 33.0, 39.0, 0.8088111281394958
0, 143.0, 244.0, 46.0, 34.0, 0.8047162294387817
0, 1199.0, 187.0, 32.0, 35.0, 0.7981318235397339
0, 1523.0, 301.0, 29.0, 29.0, 0.7974196672439575
0, 1387.0, 153.0, 33.0, 24.0, 0.7958067655563354
0, 1480.0, 386.0, 35.0, 26.0, 0.7938851714134216
0, 634.0, 200.0, 31.0, 30.0, 0.7929810285568237
0, 1040.0, 355.0, 43.0, 43.0, 0.7919734120368958
0, 112.0, 234.0, 43.0, 39.0, 0.789095401763916
0, 391.0, 104.0, 34.0, 32.0, 0.7863775491714478
0, 1246.0, 164.0, 32.0, 34.0, 0.7854617834091187
0, 526.0, 73.0, 34.0, 39.0, 0.7838127017021179
0, 551.0, 102.0, 29.0, 32.0, 0.7818430066108704
0, 962.0, 311.0, 31.0, 30.0, 0.7773868441581726
0, 397.0, 204.0, 35.0, 34.0, 0.7773099541664124
0, 1321.0, 279.0, 42.0, 42.0, 0.7767000794410706
0, 449.0, 162.0, 29.0, 27.0, 0.7743442058563232
0, 674.0, 250.0, 30.0, 44.0, 0.7728232145309448
0, 1227.0, 121.0, 29.0, 29.0, 0.7723298072814941
0, 392.0, 314.0, 34.0, 40.0, 0.7716607451438904
0, 751.0, 40.0, 29.0, 29.0, 0.7708534598350525
0, 409.0, 179.0, 29.0, 27.0, 0.7702280282974243
0, 451.0, 392.0, 50.0, 33.0, 0.7697574496269226
0, 910.0, 39.0, 49.0, 32.0, 0.7687345147132874
0, 843.0, 87.0, 35.0, 30.0, 0.768118679523468
0, 827.0, 192.0, 41.0, 42.0, 0.7666154503822327
0, 356.0, 321.0, 34.0, 28.0, 0.7662854194641113
0, 1007.0, 263.0, 38.0, 31.0, 0.7661832571029663
0, 1382.0, 235.0, 33.0, 32.0, 0.7638908624649048
0, 1681.0, 366.0, 37.0, 34.0, 0.7636781930923462
0, 1002.0, 121.0, 34.0, 29.0, 0.7635713219642639
0, 552.0, 18.0, 34.0, 30.0, 0.7579063773155212
0, 1598.0, 291.0, 32.0, 27.0, 0.75751793384552
0, 235.0, 57.0, 24.0, 29.0, 0.7563976049423218
0, 109.0, 340.0, 44.0, 33.0, 0.7542091012001038
0, 135.0, 31.0, 32.0, 23.0, 0.7533559799194336
0, 815.0, 186.0, 31.0, 40.0, 0.7530849575996399
0, 1406.0, 414.0, 32.0, 30.0, 0.752553403377533
0, 515.0, 289.0, 49.0, 39.0, 0.7493576407432556
0, 1176.0, 28.0, 39.0, 27.0, 0.7488973736763
0, 1045.0, 270.0, 31.0, 30.0, 0.7481416463851929
0, 1026.0, 298.0, 34.0, 32.0, 0.7474857568740845
0, 342.0, 153.0, 24.0, 30.0, 0.7443099617958069
0, 1205.0, 350.0, 29.0, 29.0, 0.7433830499649048
0, 452.0, 81.0, 34.0, 28.0, 0.7426175475120544
0, 961.0, 265.0, 36.0, 41.0, 0.7412777543067932
0, 391.0, 268.0, 29.0, 32.0, 0.73969566822052
0, 1441.0, 206.0, 30.0, 25.0, 0.7386174201965332
0, 51.0, 33.0, 28.0, 24.0, 0.7362326383590698
0, 138.0, 138.0, 36.0, 30.0, 0.7339054346084595
0, 1183.0, 124.0, 44.0, 29.0, 0.7330470681190491
0, 1197.0, 399.0, 27.0, 29.0, 0.7302958965301514
0, 710.0, 45.0, 33.0, 31.0, 0.729824423789978
0, 1572.0, 400.0, 34.0, 45.0, 0.7255710363388062
0, 1091.0, 206.0, 32.0, 28.0, 0.7233364582061768
0, 463.0, 109.0, 41.0, 32.0, 0.7209711670875549
0, 536.0, 396.0, 31.0, 29.0, 0.7205404043197632
0, 605.0, 219.0, 43.0, 45.0, 0.7197472453117371
0, 1252.0, 38.0, 52.0, 36.0, 0.719343900680542
0, 1230.0, 370.0, 30.0, 36.0, 0.7169697284698486
0, 773.0, 330.0, 44.0, 41.0, 0.7168722152709961
0, 246.0, 81.0, 32.0, 29.0, 0.716567873954773
0, 1233.0, 201.0, 36.0, 28.0, 0.7149310111999512
0, 849.0, 21.0, 37.0, 33.0, 0.7144323587417603
0, 565.0, 221.0, 37.0, 40.0, 0.7082412838935852
0, 618.0, 54.0, 28.0, 29.0, 0.7081011533737183
0, 285.0, 137.0, 27.0, 25.0, 0.7078495025634766
0, 703.0, 251.0, 33.0, 47.0, 0.7070438265800476
0, 1635.0, 298.0, 28.0, 33.0, 0.7067254781723022
0, 976.0, 400.0, 26.0, 26.0, 0.7055138945579529
0, 1034.0, 135.0, 28.0, 27.0, 0.7032152414321899
0, 1331.0, 48.0, 28.0, 28.0, 0.7030920386314392
0, 1158.0, 303.0, 41.0, 25.0, 0.7026916742324829
0, 619.0, 295.0, 42.0, 41.0, 0.7023798227310181
0, 1493.0, 199.0, 34.0, 32.0, 0.7005630135536194
0, 90.0, 133.0, 26.0, 33.0, 0.6976381540298462
0, 97.0, 205.0, 30.0, 32.0, 0.6958523392677307
0, 354.0, 293.0, 28.0, 27.0, 0.6948822140693665
0, 1075.0, 28.0, 30.0, 34.0, 0.6935676336288452
0, 787.0, 223.0, 44.0, 30.0, 0.6891653537750244
0, 1301.0, 206.0, 31.0, 36.0, 0.6812797784805298
0, 1857.0, 355.0, 25.0, 29.0, 0.6805442571640015
0, 929.0, 333.0, 29.0, 27.0, 0.6800826787948608
0, 590.0, 19.0, 39.0, 39.0, 0.6793907880783081
0, 1559.0, 352.0, 29.0, 25.0, 0.6780531406402588
0, 897.0, 323.0, 32.0, 26.0, 0.6771181225776672
0, 202.0, 380.0, 41.0, 41.0, 0.676792562007904
0, 443.0, 25.0, 33.0, 27.0, 0.6746179461479187
0, 1475.0, 84.0, 31.0, 30.0, 0.6744784712791443
0, 139.0, 104.0, 30.0, 25.0, 0.6737237572669983
0, 1177.0, 381.0, 29.0, 25.0, 0.6724722981452942
0, 1165.0, 359.0, 32.0, 25.0, 0.670400083065033
0, 1518.0, 246.0, 40.0, 28.0, 0.6693856716156006
0, 252.0, 183.0, 29.0, 30.0, 0.6688094735145569
0, 908.0, 405.0, 38.0, 32.0, 0.6680574417114258
0, 561.0, 368.0, 50.0, 34.0, 0.6678539514541626
0, 952.0, 221.0, 32.0, 32.0, 0.6640196442604065
0, 1079.0, 171.0, 38.0, 34.0, 0.6639398336410522
0, 1058.0, 158.0, 31.0, 28.0, 0.6599845290184021
0, 1751.0, 405.0, 34.0, 43.0, 0.6576166152954102
0, 1574.0, 242.0, 34.0, 39.0, 0.657180905342102
0, 751.0, 230.0, 28.0, 39.0, 0.6571589708328247
0, 851.0, 361.0, 33.0, 26.0, 0.6533483266830444
0, 24.0, 176.0, 31.0, 27.0, 0.6526158452033997
0, 41.0, 153.0, 24.0, 24.0, 0.6515509486198425
0, 862.0, 223.0, 39.0, 41.0, 0.6489219069480896
0, 1260.0, 88.0, 26.0, 29.0, 0.6488099694252014
0, 955.0, 115.0, 27.0, 31.0, 0.6488061547279358
0, 638.0, 260.0, 30.0, 35.0, 0.6456819772720337
0, 977.0, 169.0, 29.0, 23.0, 0.6409822702407837
0, 722.0, 234.0, 32.0, 46.0, 0.6375949382781982
0, 1571.0, 322.0, 25.0, 28.0, 0.6333011388778687
0, 1628.0, 235.0, 24.0, 27.0, 0.6322087049484253
0, 509.0, 391.0, 24.0, 30.0, 0.6308684945106506
0, 1385.0, 384.0, 29.0, 32.0, 0.628377377986908
0, 1544.0, 221.0, 29.0, 31.0, 0.6280037760734558
0, 1085.0, 247.0, 23.0, 34.0, 0.625105082988739
0, 1557.0, 298.0, 25.0, 25.0, 0.6243024468421936
0, 1168.0, 86.0, 29.0, 25.0, 0.6225164532661438
0, 102.0, 238.0, 31.0, 34.0, 0.6178635954856873
0, 1686.0, 273.0, 30.0, 31.0, 0.6164240837097168
0, 109.0, 375.0, 34.0, 26.0, 0.6144446134567261
0, 116.0, 418.0, 33.0, 22.0, 0.6137304306030273
0, 903.0, 74.0, 43.0, 31.0, 0.6135061979293823
0, 33.0, 399.0, 32.0, 22.0, 0.6103293299674988
0, 1280.0, 124.0, 29.0, 27.0, 0.6089752912521362
0, 1003.0, 389.0, 28.0, 27.0, 0.6084983348846436
0, 246.0, 209.0, 30.0, 29.0, 0.6007501482963562
0, 780.0, 364.0, 30.0, 31.0, 0.5991588234901428
0, 1427.0, 153.0, 33.0, 29.0, 0.5961906909942627
0, 45.0, 92.0, 27.0, 33.0, 0.5961854457855225
0, 263.0, 278.0, 32.0, 45.0, 0.5955159664154053
0, 1645.0, 224.0, 31.0, 30.0, 0.5947652459144592
0, 1545.0, 325.0, 24.0, 27.0, 0.5932058095932007
0, 735.0, 283.0, 27.0, 37.0, 0.5931827425956726
0, 16.0, 104.0, 30.0, 24.0, 0.5912579894065857
0, 1674.0, 409.0, 41.0, 38.0, 0.5910542011260986
0, 1504.0, 95.0, 39.0, 41.0, 0.5900617241859436
0, 1015.0, 87.0, 32.0, 26.0, 0.589921236038208
0, 1649.0, 51.0, 33.0, 34.0, 0.5890992283821106
0, 864.0, 177.0, 24.0, 35.0, 0.5881105661392212
0, 479.0, 248.0, 29.0, 29.0, 0.5873962640762329
0, 408.0, 315.0, 44.0, 38.0, 0.5859508514404297
0, 235.0, 373.0, 31.0, 27.0, 0.5838655829429626
0, 1254.0, 255.0, 44.0, 25.0, 0.5824317932128906
0, 1453.0, 60.0, 36.0, 32.0, 0.5821250081062317
0, 304.0, 169.0, 29.0, 30.0, 0.5799752473831177
0, 498.0, 34.0, 31.0, 25.0, 0.5785102248191833
0, 724.0, 139.0, 32.0, 38.0, 0.5774407386779785
0, 986.0, 57.0, 35.0, 41.0, 0.5718452334403992
0, 364.0, 46.0, 33.0, 38.0, 0.5712397694587708
0, 1451.0, 20.0, 46.0, 41.0, 0.5707790851593018
0, 925.0, 152.0, 39.0, 30.0, 0.5695822238922119
0, 32.0, 58.0, 28.0, 22.0, 0.566937267780304
0, 915.0, 411.0, 34.0, 34.0, 0.5661810636520386
0, 1168.0, 150.0, 31.0, 26.0, 0.5645398497581482
0, 365.0, 276.0, 31.0, 51.0, 0.5637878775596619
0, 1273.0, 320.0, 35.0, 28.0, 0.5632560849189758
0, 1294.0, 416.0, 31.0, 27.0, 0.5621861219406128
0, 1263.0, 276.0, 44.0, 33.0, 0.5615094900131226
0, 1415.0, 230.0, 29.0, 32.0, 0.5596873760223389
0, 575.0, 71.0, 29.0, 26.0, 0.558449923992157
0, 364.0, 99.0, 28.0, 34.0, 0.5546133518218994
0, 276.0, 62.0, 31.0, 30.0, 0.5536922216415405
0, 268.0, 390.0, 37.0, 27.0, 0.552226185798645
0, 304.0, 301.0, 27.0, 32.0, 0.5514814853668213
0, 385.0, 74.0, 35.0, 25.0, 0.5503941774368286
0, 890.0, 177.0, 27.0, 32.0, 0.5500819683074951
0, 595.0, 101.0, 28.0, 31.0, 0.5488241910934448
0, 145.0, 213.0, 30.0, 28.0, 0.5468177795410156
0, 648.0, 31.0, 24.0, 26.0, 0.5450918078422546
0, 1271.0, 359.0, 27.0, 23.0, 0.5422523617744446
0, 976.0, 42.0, 41.0, 43.0, 0.541373074054718
0, 1519.0, 342.0, 27.0, 31.0, 0.5412542223930359
0, 178.0, 251.0, 29.0, 29.0, 0.5358078479766846
0, 1221.0, 93.0, 29.0, 27.0, 0.5312584638595581
0, 236.0, 272.0, 24.0, 26.0, 0.5287129282951355
0, 304.0, 104.0, 38.0, 32.0, 0.527198314666748
0, 1131.0, 361.0, 31.0, 28.0, 0.5262081623077393
0, 1678.0, 104.0, 35.0, 29.0, 0.5191813707351685
0, 294.0, 98.0, 31.0, 27.0, 0.5154150724411011
0, 1597.0, 179.0, 45.0, 39.0, 0.5153458118438721
0, 1114.0, 279.0, 32.0, 25.0, 0.5144975781440735
0, 1700.0, 326.0, 40.0, 34.0, 0.5128586292266846
0, 1354.0, 383.0, 28.0, 30.0, 0.511091411113739
0, 1629.0, 197.0, 26.0, 28.0, 0.5108570456504822
0, 1867.0, 90.0, 39.0, 28.0, 0.5088814496994019
0, 408.0, 33.0, 33.0, 32.0, 0.5070328712463379
0, 1581.0, 132.0, 22.0, 29.0, 0.5021454691886902
0, 817.0, 383.0, 31.0, 27.0, 0.5006867051124573
