0, 101.0, 260.0, 51.0, 43.0, 0.8947688937187195
0, 280.0, 317.0, 41.0, 39.0, 0.8919705748558044
0, 366.0, 33.0, 44.0, 36.0, 0.8893144726753235
0, 125.0, 15.0, 34.0, 31.0, 0.8815863728523254
0, 525.0, 732.0, 42.0, 35.0, 0.8801671266555786
0, 164.0, 668.0, 33.0, 31.0, 0.8743071556091309
0, 89.0, 552.0, 38.0, 37.0, 0.8737268447875977
0, 266.0, 29.0, 43.0, 29.0, 0.873033344745636
0, 117.0, 677.0, 37.0, 35.0, 0.8717867136001587
0, 250.0, 120.0, 43.0, 42.0, 0.8667117357254028
0, 127.0, 721.0, 39.0, 32.0, 0.8654303550720215
0, 53.0, 570.0, 37.0, 40.0, 0.8585171699523926
0, 107.0, 92.0, 33.0, 30.0, 0.8569716215133667
0, 37.0, 375.0, 36.0, 40.0, 0.85612952709198
0, 585.0, 162.0, 30.0, 35.0, 0.8558996915817261
0, 301.0, 204.0, 42.0, 37.0, 0.8550754189491272
0, 353.0, 642.0, 47.0, 29.0, 0.8548063635826111
0, 449.0, 709.0, 36.0, 39.0, 0.8537377119064331
0, 183.0, 391.0, 41.0, 29.0, 0.853251576423645
0, 388.0, 583.0, 35.0, 32.0, 0.8527658581733704
0, 411.0, 260.0, 42.0, 33.0, 0.8514479994773865
0, 17.0, 33.0, 35.0, 36.0, 0.8513229489326477
0, 150.0, 145.0, 25.0, 41.0, 0.8503140211105347
0, 578.0, 69.0, 35.0, 41.0, 0.850277304649353
0, 423.0, 374.0, 36.0, 34.0, 0.8501644730567932
0, 496.0, 319.0, 37.0, 35.0, 0.8479260802268982
0, 426.0, 81.0, 42.0, 43.0, 0.8472554087638855
0, 535.0, 296.0, 31.0, 38.0, 0.8424644470214844
0, 348.0, 170.0, 43.0, 35.0, 0.8423431515693665
0, 473.0, 549.0, 41.0, 46.0, 0.8414697051048279
0, 444.0, 41.0, 43.0, 37.0, 0.8404032588005066
0, 428.0, 222.0, 32.0, 28.0, 0.8398959040641785
0, 592.0, 510.0, 16.0, 32.0, 0.8380711674690247
0, 269.0, 436.0, 40.0, 30.0, 0.8375058770179749
0, 217.0, 653.0, 28.0, 35.0, 0.8373796343803406
0, 121.0, 580.0, 37.0, 37.0, 0.8368196487426758
0, 480.0, 279.0, 38.0, 28.0, 0.8341010808944702
0, 225.0, 607.0, 33.0, 39.0, 0.8340889811515808
0, 552.0, 382.0, 25.0, 32.0, 0.8333531618118286
0, 35.0, 140.0, 29.0, 32.0, 0.8331476449966431
0, 11.0, 78.0, 23.0, 26.0, 0.8314988017082214
0, 354.0, 278.0, 37.0, 27.0, 0.8307018280029297
0, 411.0, 406.0, 46.0, 33.0, 0.8292545676231384
0, 561.0, 745.0, 36.0, 19.0, 0.8287507891654968
0, 479.0, 98.0, 36.0, 39.0, 0.8275894522666931
0, 18.0, 236.0, 33.0, 36.0, 0.8266604542732239
0, 386.0, 462.0, 37.0, 28.0, 0.826622486114502
0, 397.0, 178.0, 43.0, 43.0, 0.8265200257301331
0, 334.0, 141.0, 39.0, 34.0, 0.8260914087295532
0, 436.0, 347.0, 34.0, 33.0, 0.8249900937080383
0, 381.0, 362.0, 25.0, 25.0, 0.8243784308433533
0, 519.0, 221.0, 43.0, 29.0, 0.8241556286811829
0, 217.0, 168.0, 46.0, 35.0, 0.8241496682167053
0, 293.0, 598.0, 41.0, 29.0, 0.8233742713928223
0, 589.0, 197.0, 22.0, 37.0, 0.822578489780426
0, 118.0, 136.0, 27.0, 33.0, 0.8225253820419312
0, 309.0, 675.0, 47.0, 33.0, 0.8224744200706482
0, 454.0, 111.0, 32.0, 40.0, 0.8202115893363953
0, 351.0, 678.0, 41.0, 34.0, 0.8170719146728516
0, 301.0, 494.0, 42.0, 36.0, 0.8169185519218445
0, 467.0, 158.0, 30.0, 32.0, 0.8163068294525146
0, 186.0, 263.0, 35.0, 34.0, 0.8153297901153564
0, 219.0, 348.0, 50.0, 30.0, 0.8121119737625122
0, 36.0, 619.0, 33.0, 41.0, 0.8110260367393494
0, 299.0, 51.0, 33.0, 36.0, 0.8106828331947327
0, 527.0, 563.0, 28.0, 24.0, 0.8101487159729004
0, 144.0, 600.0, 35.0, 28.0, 0.8101303577423096
0, 515.0, 177.0, 27.0, 25.0, 0.8099762201309204
0, 465.0, 243.0, 32.0, 32.0, 0.8098211288452148
0, 264.0, 351.0, 37.0, 29.0, 0.8098118901252747
0, 159.0, 534.0, 39.0, 29.0, 0.8086577653884888
0, 533.0, 438.0, 34.0, 34.0, 0.8081912398338318
0, 486.0, 499.0, 37.0, 42.0, 0.8075301647186279
0, 322.0, 716.0, 32.0, 31.0, 0.807384729385376
0, 232.0, 221.0, 37.0, 35.0, 0.8073241114616394
0, 332.0, 559.0, 35.0, 30.0, 0.8063911199569702
0, 171.0, 151.0, 25.0, 34.0, 0.8055164217948914
0, 21.0, 559.0, 33.0, 41.0, 0.8053780198097229
0, 47.0, 513.0, 43.0, 30.0, 0.8048201203346252
0, 383.0, 333.0, 26.0, 25.0, 0.8046197891235352
0, 509.0, 534.0, 28.0, 32.0, 0.8045936226844788
0, 462.0, 185.0, 27.0, 31.0, 0.8042132258415222
0, 500.0, 159.0, 29.0, 34.0, 0.800111711025238
0, 84.0, 691.0, 31.0, 38.0, 0.797286331653595
0, 211.0, 291.0, 33.0, 34.0, 0.7964368462562561
0, 134.0, 464.0, 31.0, 27.0, 0.7964081764221191
0, 287.0, 520.0, 41.0, 33.0, 0.7944852113723755
0, 139.0, 744.0, 31.0, 20.0, 0.7939981818199158
0, 494.0, 418.0, 28.0, 31.0, 0.7938535809516907
0, 394.0, 712.0, 28.0, 27.0, 0.7935336232185364
0, 456.0, 212.0, 33.0, 26.0, 0.7935259938240051
0, 26.0, 455.0, 39.0, 30.0, 0.7932919859886169
0, 343.0, 315.0, 31.0, 33.0, 0.7932283282279968
0, 408.0, 292.0, 32.0, 25.0, 0.7926766276359558
0, 42.0, 88.0, 34.0, 33.0, 0.7914373874664307
0, 197.0, 580.0, 35.0, 27.0, 0.7909296154975891
0, 390.0, 123.0, 35.0, 34.0, 0.7895801067352295
0, 301.0, 299.0, 39.0, 40.0, 0.7894023656845093
0, 24.0, 212.0, 25.0, 35.0, 0.78713059425354
0, 357.0, 732.0, 29.0, 18.0, 0.785787045955658
0, 38.0, 309.0, 36.0, 35.0, 0.7829471826553345
0, 513.0, 62.0, 33.0, 39.0, 0.7827953696250916
0, 88.0, 181.0, 33.0, 28.0, 0.7815436124801636
0, 225.0, 264.0, 33.0, 38.0, 0.7806800603866577
0, 413.0, 316.0, 35.0, 29.0, 0.7804470658302307
0, 304.0, 636.0, 33.0, 29.0, 0.7803653478622437
0, 437.0, 563.0, 31.0, 28.0, 0.779887855052948
0, 500.0, 365.0, 42.0, 36.0, 0.7792561054229736
0, 271.0, 474.0, 39.0, 36.0, 0.7786161303520203
0, 109.0, 423.0, 41.0, 37.0, 0.7779833674430847
0, 138.0, 284.0, 41.0, 39.0, 0.7778866291046143
0, 8.0, 176.0, 16.0, 27.0, 0.7775819897651672
0, 521.0, 131.0, 27.0, 28.0, 0.7761747241020203
0, 272.0, 402.0, 40.0, 25.0, 0.7729904055595398
0, 251.0, 191.0, 30.0, 30.0, 0.7699311971664429
0, 205.0, 14.0, 26.0, 25.0, 0.7682881355285645
0, 437.0, 14.0, 44.0, 27.0, 0.7672626972198486
0, 551.0, 168.0, 26.0, 32.0, 0.7669451236724854
0, 70.0, 735.0, 39.0, 37.0, 0.7661235928535461
0, 455.0, 645.0, 31.0, 30.0, 0.7633598446846008
0, 563.0, 495.0, 33.0, 28.0, 0.7613462209701538
0, 277.0, 6.0, 31.0, 13.0, 0.7612515091896057
0, 567.0, 212.0, 27.0, 26.0, 0.760923445224762
0, 160.0, 474.0, 30.0, 28.0, 0.7592334747314453
0, 77.0, 24.0, 24.0, 29.0, 0.7587335109710693
0, 455.0, 671.0, 28.0, 29.0, 0.7551429867744446
0, 147.0, 433.0, 33.0, 33.0, 0.7539045810699463
0, 394.0, 500.0, 35.0, 27.0, 0.7515097856521606
0, 152.0, 698.0, 33.0, 27.0, 0.7500149607658386
0, 405.0, 623.0, 50.0, 37.0, 0.7480367422103882
0, 191.0, 228.0, 28.0, 31.0, 0.7453110218048096
0, 368.0, 82.0, 36.0, 30.0, 0.7442189455032349
0, 488.0, 648.0, 33.0, 41.0, 0.7400127053260803
0, 351.0, 211.0, 32.0, 30.0, 0.7384335398674011
0, 308.0, 451.0, 32.0, 30.0, 0.7355927228927612
0, 346.0, 245.0, 32.0, 33.0, 0.7322592735290527
0, 34.0, 491.0, 36.0, 34.0, 0.7318906188011169
0, 296.0, 702.0, 38.0, 36.0, 0.7318236231803894
0, 457.0, 312.0, 35.0, 32.0, 0.7288826107978821
0, 86.0, 147.0, 27.0, 28.0, 0.7283640503883362
0, 131.0, 644.0, 36.0, 35.0, 0.7250716686248779
0, 188.0, 748.0, 37.0, 13.0, 0.7232033610343933
0, 552.0, 591.0, 27.0, 25.0, 0.7222727537155151
0, 461.0, 6.0, 34.0, 13.0, 0.7117956876754761
0, 548.0, 45.0, 34.0, 33.0, 0.7070905566215515
0, 18.0, 661.0, 31.0, 35.0, 0.7066287398338318
0, 250.0, 273.0, 35.0, 38.0, 0.7063047289848328
0, 55.0, 26.0, 29.0, 29.0, 0.7030754089355469
0, 201.0, 49.0, 37.0, 31.0, 0.7016255259513855
0, 171.0, 109.0, 23.0, 30.0, 0.6995757818222046
0, 426.0, 436.0, 33.0, 33.0, 0.6920191049575806
0, 49.0, 216.0, 28.0, 35.0, 0.6916419267654419
0, 138.0, 358.0, 42.0, 25.0, 0.6909633874893188
0, 73.0, 63.0, 24.0, 25.0, 0.6889666318893433
0, 11.0, 334.0, 22.0, 24.0, 0.6832994222640991
0, 513.0, 603.0, 27.0, 25.0, 0.6807140707969666
0, 542.0, 121.0, 34.0, 38.0, 0.6768398880958557
0, 292.0, 560.0, 30.0, 23.0, 0.6703730225563049
0, 303.0, 119.0, 29.0, 24.0, 0.6679860949516296
0, 589.0, 346.0, 23.0, 40.0, 0.6676928400993347
0, 238.0, 79.0, 24.0, 27.0, 0.6626231670379639
0, 338.0, 376.0, 36.0, 28.0, 0.6622498631477356
0, 488.0, 187.0, 24.0, 29.0, 0.6608140468597412
0, 517.0, 696.0, 32.0, 22.0, 0.6591070890426636
0, 349.0, 433.0, 27.0, 29.0, 0.6525523662567139
0, 595.0, 542.0, 11.0, 32.0, 0.6521199941635132
0, 300.0, 148.0, 33.0, 30.0, 0.6493178009986877
0, 32.0, 5.0, 30.0, 11.0, 0.6488947868347168
0, 579.0, 464.0, 38.0, 48.0, 0.6427686810493469
0, 425.0, 459.0, 31.0, 24.0, 0.6374667286872864
0, 271.0, 734.0, 29.0, 17.0, 0.6370311975479126
0, 165.0, 331.0, 18.0, 19.0, 0.6348965167999268
0, 237.0, 269.0, 58.0, 46.0, 0.6333613991737366
0, 233.0, 467.0, 36.0, 35.0, 0.632145345211029
0, 556.0, 697.0, 25.0, 21.0, 0.6292321681976318
0, 565.0, 342.0, 29.0, 44.0, 0.6238125562667847
0, 275.0, 639.0, 17.0, 19.0, 0.6238049268722534
0, 116.0, 483.0, 35.0, 23.0, 0.6204251050949097
0, 246.0, 383.0, 58.0, 30.0, 0.6182445883750916
0, 210.0, 423.0, 25.0, 26.0, 0.6169854998588562
0, 583.0, 129.0, 30.0, 30.0, 0.6124919056892395
0, 94.0, 327.0, 30.0, 25.0, 0.6106491684913635
0, 106.0, 473.0, 47.0, 34.0, 0.6056444048881531
0, 182.0, 733.0, 36.0, 28.0, 0.6035079956054688
0, 184.0, 561.0, 35.0, 31.0, 0.6011468172073364
0, 547.0, 95.0, 30.0, 28.0, 0.6007073521614075
0, 532.0, 19.0, 25.0, 24.0, 0.584068238735199
0, 419.0, 150.0, 33.0, 26.0, 0.5811334252357483
0, 518.0, 637.0, 23.0, 20.0, 0.5778239965438843
0, 349.0, 354.0, 31.0, 28.0, 0.5676533579826355
0, 239.0, 689.0, 27.0, 23.0, 0.5642009377479553
0, 434.0, 626.0, 22.0, 25.0, 0.5525681376457214
0, 365.0, 512.0, 25.0, 25.0, 0.5509153604507446
0, 155.0, 246.0, 38.0, 34.0, 0.5454006195068359
0, 278.0, 230.0, 25.0, 22.0, 0.5376579165458679
0, 164.0, 593.0, 25.0, 24.0, 0.532626211643219
0, 591.0, 6.0, 18.0, 12.0, 0.5322956442832947
0, 9.0, 321.0, 19.0, 33.0, 0.5310634970664978
0, 5.0, 114.0, 10.0, 22.0, 0.5193414688110352
0, 107.0, 46.0, 31.0, 29.0, 0.5162248611450195
0, 109.0, 32.0, 28.0, 25.0, 0.5102378726005554
0, 340.0, 3.0, 23.0, 6.0, 0.5023404359817505
