0, 284.0, 295.0, 28.0, 27.0, 0.8749539852142334
0, 124.0, 103.0, 29.0, 27.0, 0.8629951477050781
0, 453.0, 144.0, 30.0, 29.0, 0.8611077666282654
0, 331.0, 94.0, 27.0, 23.0, 0.8607717156410217
0, 156.0, 162.0, 27.0, 29.0, 0.8582303524017334
0, 144.0, 59.0, 28.0, 26.0, 0.854634165763855
0, 493.0, 55.0, 27.0, 23.0, 0.8526574969291687
0, 207.0, 23.0, 24.0, 22.0, 0.852168083190918
0, 211.0, 311.0, 34.0, 31.0, 0.849846363067627
0, 328.0, 119.0, 22.0, 23.0, 0.8453809022903442
0, 205.0, 351.0, 34.0, 29.0, 0.8447211384773254
0, 260.0, 396.0, 31.0, 25.0, 0.8445051312446594
0, 47.0, 115.0, 25.0, 24.0, 0.8442854285240173
0, 64.0, 266.0, 30.0, 27.0, 0.8442640900611877
0, 129.0, 159.0, 24.0, 27.0, 0.8432392477989197
0, 153.0, 107.0, 24.0, 26.0, 0.8424695730209351
0, 47.0, 189.0, 33.0, 28.0, 0.8417162299156189
0, 448.0, 29.0, 30.0, 26.0, 0.8406530618667603
0, 400.0, 362.0, 33.0, 28.0, 0.8402364253997803
0, 236.0, 253.0, 30.0, 28.0, 0.839932918548584
0, 30.0, 265.0, 29.0, 28.0, 0.8387778997421265
0, 234.0, 333.0, 28.0, 21.0, 0.8385900259017944
0, 275.0, 102.0, 26.0, 26.0, 0.8375794887542725
0, 396.0, 407.0, 29.0, 28.0, 0.8361194133758545
0, 486.0, 105.0, 27.0, 27.0, 0.8339894413948059
0, 358.0, 145.0, 22.0, 22.0, 0.8339648246765137
0, 300.0, 104.0, 28.0, 28.0, 0.8327071666717529
0, 336.0, 46.0, 23.0, 23.0, 0.8314677476882935
0, 303.0, 433.0, 23.0, 21.0, 0.8313736319541931
0, 300.0, 207.0, 25.0, 28.0, 0.8306702375411987
0, 505.0, 206.0, 13.0, 23.0, 0.8291716575622559
0, 413.0, 169.0, 21.0, 28.0, 0.8286315202713013
0, 422.0, 100.0, 29.0, 28.0, 0.8275339007377625
0, 499.0, 385.0, 23.0, 23.0, 0.8273364305496216
0, 95.0, 426.0, 34.0, 27.0, 0.8272773623466492
0, 112.0, 210.0, 26.0, 24.0, 0.8272106051445007
0, 376.0, 427.0, 28.0, 25.0, 0.8268183469772339
0, 162.0, 25.0, 22.0, 26.0, 0.8259869813919067
0, 398.0, 199.0, 26.0, 23.0, 0.8246026635169983
0, 153.0, 219.0, 31.0, 26.0, 0.8244484663009644
0, 326.0, 214.0, 23.0, 27.0, 0.8229979872703552
0, 482.0, 29.0, 26.0, 26.0, 0.8190307021141052
0, 198.0, 205.0, 27.0, 26.0, 0.8174300789833069
0, 260.0, 146.0, 21.0, 25.0, 0.8164814710617065
0, 481.0, 244.0, 23.0, 26.0, 0.8161279559135437
0, 242.0, 214.0, 22.0, 26.0, 0.8136560916900635
0, 128.0, 278.0, 36.0, 31.0, 0.8134952187538147
0, 432.0, 262.0, 38.0, 30.0, 0.8097602725028992
0, 152.0, 193.0, 24.0, 20.0, 0.8082726001739502
0, 83.0, 316.0, 25.0, 24.0, 0.8074479103088379
0, 49.0, 234.0, 26.0, 24.0, 0.8047348856925964
0, 430.0, 55.0, 26.0, 21.0, 0.8037234544754028
0, 95.0, 394.0, 27.0, 25.0, 0.8010118007659912
0, 192.0, 83.0, 22.0, 22.0, 0.7927539944648743
0, 206.0, 244.0, 30.0, 20.0, 0.7921162247657776
0, 417.0, 26.0, 27.0, 24.0, 0.789015531539917
0, 173.0, 363.0, 32.0, 25.0, 0.7882792949676514
0, 15.0, 36.0, 20.0, 22.0, 0.7824174165725708
0, 405.0, 250.0, 22.0, 22.0, 0.7767504453659058
0, 170.0, 71.0, 24.0, 28.0, 0.7704774141311646
0, 140.0, 82.0, 23.0, 19.0, 0.7704106569290161
0, 208.0, 176.0, 23.0, 22.0, 0.7685142159461975
0, 116.0, 409.0, 26.0, 22.0, 0.7681835889816284
0, 286.0, 131.0, 25.0, 25.0, 0.7659888863563538
0, 67.0, 165.0, 31.0, 30.0, 0.7648054957389832
0, 488.0, 162.0, 20.0, 27.0, 0.7632167339324951
0, 353.0, 342.0, 25.0, 22.0, 0.7613245844841003
0, 178.0, 399.0, 28.0, 24.0, 0.7589132189750671
0, 453.0, 93.0, 23.0, 22.0, 0.7588585615158081
0, 375.0, 372.0, 25.0, 22.0, 0.7580500245094299
0, 286.0, 339.0, 21.0, 22.0, 0.7558305263519287
0, 500.0, 125.0, 21.0, 22.0, 0.7537524104118347
0, 117.0, 189.0, 19.0, 17.0, 0.7500993609428406
0, 222.0, 221.0, 17.0, 23.0, 0.7482765316963196
0, 226.0, 42.0, 20.0, 23.0, 0.7478832602500916
0, 195.0, 258.0, 30.0, 17.0, 0.744759738445282
0, 464.0, 49.0, 23.0, 22.0, 0.7405279278755188
0, 74.0, 40.0, 21.0, 20.0, 0.7389773726463318
0, 147.0, 404.0, 25.0, 22.0, 0.7365481853485107
0, 497.0, 194.0, 19.0, 19.0, 0.7335875034332275
0, 31.0, 302.0, 24.0, 21.0, 0.7311073541641235
0, 77.0, 216.0, 24.0, 21.0, 0.7298830151557922
0, 313.0, 351.0, 27.0, 20.0, 0.7282443046569824
0, 249.0, 68.0, 23.0, 27.0, 0.7274661660194397
0, 17.0, 329.0, 30.0, 28.0, 0.7266029119491577
0, 503.0, 414.0, 17.0, 30.0, 0.7131538987159729
0, 73.0, 72.0, 28.0, 28.0, 0.7123425602912903
0, 204.0, 388.0, 25.0, 21.0, 0.7106626629829407
0, 415.0, 122.0, 17.0, 17.0, 0.7070461511611938
0, 89.0, 345.0, 20.0, 20.0, 0.706493616104126
0, 262.0, 336.0, 25.0, 30.0, 0.7033543586730957
0, 5.0, 105.0, 10.0, 22.0, 0.701450765132904
0, 319.0, 145.0, 19.0, 20.0, 0.6952429413795471
0, 44.0, 65.0, 21.0, 23.0, 0.6944392919540405
0, 115.0, 332.0, 22.0, 19.0, 0.6805368065834045
0, 311.0, 293.0, 23.0, 34.0, 0.677407443523407
0, 384.0, 222.0, 24.0, 25.0, 0.6737751960754395
0, 224.0, 280.0, 26.0, 19.0, 0.667815625667572
0, 44.0, 396.0, 21.0, 20.0, 0.6670951247215271
0, 250.0, 36.0, 16.0, 16.0, 0.6634297966957092
0, 3.0, 254.0, 6.0, 20.0, 0.6625894904136658
0, 367.0, 37.0, 21.0, 18.0, 0.6570714712142944
0, 94.0, 66.0, 19.0, 31.0, 0.6520816683769226
0, 224.0, 190.0, 16.0, 15.0, 0.6505208611488342
0, 298.0, 55.0, 18.0, 22.0, 0.649410605430603
0, 467.0, 280.0, 21.0, 18.0, 0.6459795236587524
0, 249.0, 166.0, 18.0, 20.0, 0.6305320262908936
0, 298.0, 151.0, 28.0, 26.0, 0.6255452632904053
0, 130.0, 434.0, 24.0, 20.0, 0.6189534664154053
0, 474.0, 154.0, 19.0, 25.0, 0.616365373134613
0, 413.0, 346.0, 19.0, 18.0, 0.610079288482666
0, 288.0, 19.0, 21.0, 22.0, 0.6057605147361755
0, 135.0, 356.0, 19.0, 15.0, 0.6040116548538208
0, 421.0, 307.0, 28.0, 27.0, 0.6007472276687622
0, 224.0, 382.0, 21.0, 22.0, 0.5992374420166016
0, 266.0, 282.0, 25.0, 29.0, 0.597278356552124
0, 205.0, 42.0, 16.0, 19.0, 0.5970098376274109
0, 374.0, 172.0, 29.0, 31.0, 0.5906710624694824
0, 96.0, 285.0, 19.0, 18.0, 0.5820662379264832
0, 391.0, 310.0, 17.0, 18.0, 0.5812574625015259
0, 181.0, 272.0, 19.0, 19.0, 0.5781156420707703
0, 338.0, 69.0, 19.0, 15.0, 0.5772032737731934
0, 252.0, 371.0, 24.0, 16.0, 0.5727739334106445
0, 303.0, 255.0, 22.0, 20.0, 0.5685209035873413
0, 241.0, 11.0, 21.0, 22.0, 0.5676387548446655
0, 431.0, 165.0, 17.0, 20.0, 0.5655285120010376
0, 261.0, 11.0, 19.0, 21.0, 0.5643982887268066
0, 193.0, 59.0, 20.0, 17.0, 0.5621322989463806
0, 393.0, 154.0, 16.0, 23.0, 0.5579109787940979
0, 393.0, 10.0, 19.0, 20.0, 0.5559669137001038
0, 106.0, 164.0, 17.0, 16.0, 0.5471187233924866
0, 160.0, 266.0, 15.0, 27.0, 0.5468509793281555
0, 494.0, 429.0, 17.0, 27.0, 0.5433560013771057
0, 348.0, 10.0, 21.0, 17.0, 0.542834460735321
0, 286.0, 421.0, 19.0, 18.0, 0.5423926115036011
0, 415.0, 235.0, 33.0, 27.0, 0.5370396971702576
0, 199.0, 294.0, 15.0, 12.0, 0.5342676639556885
0, 317.0, 69.0, 19.0, 14.0, 0.5338767170906067
0, 261.0, 372.0, 28.0, 19.0, 0.5176757574081421
0, 184.0, 11.0, 28.0, 20.0, 0.51166170835495
0, 51.0, 288.0, 24.0, 22.0, 0.5023930072784424
0, 81.0, 96.0, 22.0, 17.0, 0.5022117495536804
