0, 665.0, 1225.0, 36.0, 34.0, 0.9004263877868652
0, 385.0, 678.0, 33.0, 34.0, 0.8961896300315857
0, 1485.0, 1158.0, 36.0, 41.0, 0.8886326551437378
0, 1540.0, 1644.0, 31.0, 30.0, 0.8864009380340576
0, 21.0, 459.0, 36.0, 38.0, 0.8850952386856079
0, 1296.0, 640.0, 34.0, 32.0, 0.8849313855171204
0, 267.0, 982.0, 36.0, 38.0, 0.8833805322647095
0, 1251.0, 1724.0, 36.0, 36.0, 0.8816916942596436
0, 1156.0, 350.0, 35.0, 35.0, 0.8802215456962585
0, 1581.0, 1652.0, 31.0, 32.0, 0.8787238597869873
0, 1119.0, 1322.0, 33.0, 31.0, 0.8769638538360596
0, 1526.0, 1611.0, 33.0, 33.0, 0.8752189874649048
0, 163.0, 1178.0, 36.0, 34.0, 0.8752172589302063
0, 826.0, 740.0, 35.0, 35.0, 0.8745974898338318
0, 728.0, 1412.0, 37.0, 32.0, 0.8739066123962402
0, 1051.0, 1290.0, 36.0, 35.0, 0.8717374801635742
0, 1135.0, 243.0, 37.0, 40.0, 0.8702437877655029
0, 780.0, 346.0, 35.0, 32.0, 0.8692865967750549
0, 80.0, 1549.0, 33.0, 36.0, 0.8679531812667847
0, 941.0, 795.0, 33.0, 30.0, 0.863943874835968
0, 669.0, 1196.0, 36.0, 32.0, 0.8634483814239502
0, 990.0, 579.0, 34.0, 35.0, 0.8627320528030396
0, 144.0, 673.0, 36.0, 35.0, 0.8626951575279236
0, 496.0, 1451.0, 33.0, 32.0, 0.8603466749191284
0, 1674.0, 544.0, 39.0, 33.0, 0.8598455786705017
0, 1423.0, 1734.0, 28.0, 34.0, 0.8596076965332031
0, 1184.0, 136.0, 36.0, 34.0, 0.8587903380393982
0, 477.0, 1390.0, 35.0, 35.0, 0.8587611317634583
0, 971.0, 1049.0, 38.0, 39.0, 0.8587091565132141
0, 1157.0, 462.0, 36.0, 32.0, 0.8582180738449097
0, 69.0, 1424.0, 33.0, 34.0, 0.8581653833389282
0, 253.0, 1331.0, 31.0, 35.0, 0.8579151034355164
0, 210.0, 373.0, 33.0, 32.0, 0.8576290011405945
0, 116.0, 858.0, 30.0, 31.0, 0.8571546077728271
0, 76.0, 749.0, 34.0, 31.0, 0.85709547996521
0, 737.0, 600.0, 33.0, 33.0, 0.8565676212310791
0, 1508.0, 982.0, 36.0, 40.0, 0.8563990592956543
0, 1369.0, 1088.0, 34.0, 34.0, 0.8557774424552917
0, 1305.0, 1282.0, 31.0, 28.0, 0.854536235332489
0, 1155.0, 904.0, 31.0, 31.0, 0.8540380597114563
0, 97.0, 141.0, 34.0, 36.0, 0.8539638519287109
0, 535.0, 1036.0, 33.0, 29.0, 0.8529680371284485
0, 487.0, 1246.0, 37.0, 37.0, 0.8521883487701416
0, 342.0, 410.0, 35.0, 34.0, 0.8516180515289307
0, 706.0, 1224.0, 26.0, 33.0, 0.8505446314811707
0, 904.0, 939.0, 37.0, 34.0, 0.8504711985588074
0, 1527.0, 342.0, 30.0, 32.0, 0.8503760099411011
0, 1404.0, 897.0, 28.0, 28.0, 0.8497915863990784
0, 968.0, 1746.0, 32.0, 29.0, 0.8496741056442261
0, 1260.0, 1635.0, 34.0, 31.0, 0.8492881059646606
0, 1202.0, 1553.0, 35.0, 32.0, 0.8492556214332581
0, 1047.0, 1388.0, 34.0, 34.0, 0.8473663330078125
0, 1548.0, 1057.0, 33.0, 34.0, 0.8466211557388306
0, 1068.0, 395.0, 33.0, 31.0, 0.8465961217880249
0, 399.0, 93.0, 35.0, 32.0, 0.8460323810577393
0, 822.0, 1086.0, 32.0, 33.0, 0.8457881212234497
0, 1340.0, 1532.0, 34.0, 32.0, 0.8454058766365051
0, 934.0, 1333.0, 34.0, 33.0, 0.8444957733154297
0, 1547.0, 1366.0, 31.0, 35.0, 0.8443684577941895
0, 1102.0, 1460.0, 33.0, 34.0, 0.8423417806625366
0, 1177.0, 1719.0, 30.0, 27.0, 0.8409261107444763
0, 368.0, 1572.0, 31.0, 37.0, 0.8390761613845825
0, 499.0, 196.0, 32.0, 38.0, 0.8390756249427795
0, 1163.0, 97.0, 30.0, 36.0, 0.8389489650726318
0, 1413.0, 1228.0, 37.0, 34.0, 0.8382324576377869
0, 1536.0, 1097.0, 29.0, 30.0, 0.8380932807922363
0, 1044.0, 13.0, 32.0, 26.0, 0.837964653968811
0, 1449.0, 436.0, 32.0, 31.0, 0.836647093296051
0, 935.0, 828.0, 31.0, 29.0, 0.8366248607635498
0, 761.0, 121.0, 29.0, 37.0, 0.8357889652252197
0, 470.0, 1710.0, 32.0, 31.0, 0.8354435563087463
0, 1023.0, 578.0, 29.0, 34.0, 0.8354190587997437
0, 559.0, 1709.0, 34.0, 33.0, 0.8351700305938721
0, 1014.0, 1111.0, 35.0, 36.0, 0.834689199924469
0, 1159.0, 1170.0, 34.0, 30.0, 0.8345523476600647
0, 339.0, 497.0, 33.0, 31.0, 0.8344303369522095
0, 361.0, 939.0, 46.0, 32.0, 0.8344044089317322
0, 150.0, 870.0, 32.0, 36.0, 0.833592414855957
0, 698.0, 1272.0, 33.0, 32.0, 0.8333187103271484
0, 1154.0, 1124.0, 32.0, 39.0, 0.8329764008522034
0, 1274.0, 272.0, 38.0, 41.0, 0.8329057693481445
0, 1331.0, 1046.0, 35.0, 33.0, 0.8324646353721619
0, 100.0, 894.0, 28.0, 28.0, 0.8321483731269836
0, 1033.0, 1001.0, 34.0, 33.0, 0.831870436668396
0, 273.0, 100.0, 32.0, 33.0, 0.8311759829521179
0, 1356.0, 1248.0, 34.0, 30.0, 0.830568790435791
0, 715.0, 851.0, 31.0, 33.0, 0.8293316960334778
0, 209.0, 1320.0, 28.0, 34.0, 0.8292008638381958
0, 162.0, 1543.0, 30.0, 37.0, 0.8287895917892456
0, 1089.0, 1520.0, 33.0, 33.0, 0.8285267353057861
0, 1003.0, 1508.0, 30.0, 31.0, 0.8280094265937805
0, 1288.0, 448.0, 33.0, 33.0, 0.8266903758049011
0, 831.0, 1616.0, 31.0, 30.0, 0.8241549134254456
0, 915.0, 96.0, 34.0, 33.0, 0.8228133916854858
0, 726.0, 366.0, 32.0, 31.0, 0.8221173286437988
0, 1011.0, 1247.0, 33.0, 36.0, 0.8220546841621399
0, 1713.0, 1598.0, 35.0, 36.0, 0.8220133185386658
0, 317.0, 1228.0, 38.0, 28.0, 0.8206575512886047
0, 629.0, 587.0, 30.0, 30.0, 0.8204912543296814
0, 1074.0, 1065.0, 32.0, 35.0, 0.8203617930412292
0, 1603.0, 647.0, 31.0, 33.0, 0.8199737071990967
0, 11.0, 586.0, 23.0, 28.0, 0.8195814490318298
0, 1086.0, 785.0, 30.0, 29.0, 0.8188862204551697
0, 69.0, 1670.0, 32.0, 32.0, 0.8183484077453613
0, 1046.0, 655.0, 42.0, 33.0, 0.8173337578773499
0, 912.0, 1044.0, 31.0, 31.0, 0.8169644474983215
0, 1399.0, 848.0, 29.0, 32.0, 0.8166083097457886
0, 1069.0, 894.0, 30.0, 32.0, 0.8164793252944946
0, 1676.0, 774.0, 31.0, 30.0, 0.8154342770576477
0, 1248.0, 1473.0, 31.0, 30.0, 0.8153961300849915
0, 297.0, 1105.0, 31.0, 32.0, 0.8143395781517029
0, 1282.0, 1754.0, 37.0, 32.0, 0.8139315247535706
0, 50.0, 1721.0, 31.0, 30.0, 0.8130772113800049
0, 14.0, 1379.0, 28.0, 35.0, 0.8130746483802795
0, 1724.0, 322.0, 35.0, 33.0, 0.8128905892372131
0, 1080.0, 1116.0, 34.0, 33.0, 0.8127936720848083
0, 1309.0, 1346.0, 32.0, 31.0, 0.8125132918357849
0, 1320.0, 1488.0, 34.0, 32.0, 0.8118879199028015
0, 54.0, 137.0, 26.0, 30.0, 0.8114863634109497
0, 707.0, 992.0, 33.0, 40.0, 0.8095892667770386
0, 529.0, 1745.0, 34.0, 30.0, 0.8094121813774109
0, 589.0, 371.0, 30.0, 32.0, 0.8092042207717896
0, 446.0, 1408.0, 31.0, 28.0, 0.8085648417472839
0, 152.0, 1222.0, 38.0, 31.0, 0.8074182868003845
0, 405.0, 649.0, 31.0, 33.0, 0.8056075572967529
0, 1365.0, 802.0, 32.0, 31.0, 0.8035666346549988
0, 32.0, 1655.0, 28.0, 28.0, 0.8026608228683472
0, 808.0, 1030.0, 41.0, 38.0, 0.8019046783447266
0, 1448.0, 560.0, 27.0, 30.0, 0.8012979626655579
0, 1329.0, 790.0, 28.0, 28.0, 0.8002831339836121
0, 1118.0, 1595.0, 33.0, 31.0, 0.7993559241294861
0, 438.0, 1651.0, 33.0, 31.0, 0.7993247509002686
0, 1715.0, 812.0, 33.0, 30.0, 0.7988324761390686
0, 94.0, 1733.0, 42.0, 36.0, 0.7986725568771362
0, 791.0, 1640.0, 31.0, 32.0, 0.7984626889228821
0, 1433.0, 973.0, 30.0, 35.0, 0.797461748123169
0, 1214.0, 1474.0, 28.0, 32.0, 0.7969913482666016
0, 1175.0, 1685.0, 31.0, 31.0, 0.7965874671936035
0, 1486.0, 1474.0, 30.0, 32.0, 0.7964326739311218
0, 836.0, 1196.0, 35.0, 31.0, 0.7958076000213623
0, 279.0, 137.0, 29.0, 32.0, 0.7952021956443787
0, 740.0, 1218.0, 30.0, 31.0, 0.7950353026390076
0, 355.0, 1381.0, 29.0, 32.0, 0.7949021458625793
0, 376.0, 157.0, 29.0, 33.0, 0.7942256927490234
0, 1015.0, 1447.0, 30.0, 32.0, 0.7942106127738953
0, 994.0, 917.0, 32.0, 34.0, 0.7934995293617249
0, 1358.0, 295.0, 30.0, 34.0, 0.7916967272758484
0, 477.0, 1306.0, 28.0, 28.0, 0.7912307381629944
0, 1655.0, 1566.0, 31.0, 31.0, 0.790330171585083
0, 1406.0, 1062.0, 37.0, 35.0, 0.7875211834907532
0, 594.0, 573.0, 31.0, 33.0, 0.7874676585197449
0, 447.0, 76.0, 32.0, 31.0, 0.786349356174469
0, 240.0, 244.0, 30.0, 33.0, 0.7850563526153564
0, 247.0, 1695.0, 33.0, 28.0, 0.7850533127784729
0, 1069.0, 1445.0, 29.0, 32.0, 0.7836708426475525
0, 629.0, 1156.0, 26.0, 35.0, 0.7836008071899414
0, 1280.0, 1061.0, 30.0, 30.0, 0.7831083536148071
0, 689.0, 667.0, 35.0, 33.0, 0.7829980254173279
0, 728.0, 1738.0, 29.0, 28.0, 0.7824991345405579
0, 202.0, 1249.0, 33.0, 30.0, 0.782353937625885
0, 1710.0, 1373.0, 32.0, 29.0, 0.7822260856628418
0, 691.0, 416.0, 33.0, 28.0, 0.7820698022842407
0, 507.0, 579.0, 38.0, 29.0, 0.781283438205719
0, 1621.0, 512.0, 31.0, 28.0, 0.7808431386947632
0, 547.0, 660.0, 29.0, 29.0, 0.7791032195091248
0, 850.0, 1719.0, 33.0, 34.0, 0.779061496257782
0, 1239.0, 652.0, 31.0, 35.0, 0.7781065702438354
0, 1098.0, 1290.0, 30.0, 32.0, 0.7771666646003723
0, 220.0, 1643.0, 38.0, 34.0, 0.7771346569061279
0, 1032.0, 1172.0, 28.0, 28.0, 0.776271641254425
0, 946.0, 949.0, 27.0, 33.0, 0.775206983089447
0, 410.0, 285.0, 36.0, 34.0, 0.7750740647315979
0, 1473.0, 1566.0, 32.0, 30.0, 0.7749773859977722
0, 910.0, 1750.0, 31.0, 30.0, 0.7749455571174622
0, 1286.0, 824.0, 33.0, 31.0, 0.773425817489624
0, 920.0, 1439.0, 30.0, 30.0, 0.7721933126449585
0, 987.0, 431.0, 28.0, 29.0, 0.771908164024353
0, 316.0, 1006.0, 29.0, 30.0, 0.7715399265289307
0, 751.0, 198.0, 30.0, 29.0, 0.7712457180023193
0, 1156.0, 839.0, 30.0, 27.0, 0.7703508138656616
0, 1374.0, 34.0, 34.0, 29.0, 0.770300567150116
0, 1679.0, 925.0, 33.0, 28.0, 0.7692416310310364
0, 324.0, 832.0, 30.0, 30.0, 0.768814206123352
0, 1720.0, 973.0, 33.0, 34.0, 0.7682746648788452
0, 1042.0, 343.0, 27.0, 29.0, 0.7682183384895325
0, 1410.0, 1428.0, 31.0, 32.0, 0.7672373056411743
0, 1714.0, 404.0, 35.0, 32.0, 0.7665567994117737
0, 265.0, 917.0, 30.0, 29.0, 0.7656958103179932
0, 1215.0, 1705.0, 33.0, 32.0, 0.7651917934417725
0, 1187.0, 524.0, 30.0, 27.0, 0.7637447714805603
0, 350.0, 57.0, 36.0, 32.0, 0.7633295059204102
0, 166.0, 754.0, 25.0, 29.0, 0.7629340887069702
0, 866.0, 747.0, 36.0, 40.0, 0.7624492645263672
0, 162.0, 450.0, 30.0, 31.0, 0.7623735666275024
0, 62.0, 1463.0, 37.0, 38.0, 0.7616119384765625
0, 901.0, 1292.0, 33.0, 30.0, 0.761382520198822
0, 857.0, 1525.0, 28.0, 33.0, 0.7607784271240234
0, 1481.0, 97.0, 34.0, 36.0, 0.760702908039093
0, 1099.0, 1696.0, 27.0, 34.0, 0.760591447353363
0, 974.0, 1124.0, 28.0, 34.0, 0.7593923807144165
0, 1125.0, 816.0, 35.0, 38.0, 0.7583751082420349
0, 109.0, 1373.0, 29.0, 28.0, 0.758320152759552
0, 279.0, 711.0, 35.0, 36.0, 0.7580996155738831
0, 1533.0, 209.0, 30.0, 30.0, 0.7580558657646179
0, 1071.0, 299.0, 26.0, 26.0, 0.7580173015594482
0, 1521.0, 732.0, 28.0, 32.0, 0.7572587728500366
0, 111.0, 1278.0, 30.0, 31.0, 0.7570751309394836
0, 661.0, 774.0, 30.0, 35.0, 0.7569589614868164
0, 1223.0, 1042.0, 31.0, 29.0, 0.754582405090332
0, 1099.0, 661.0, 31.0, 34.0, 0.7527737021446228
0, 847.0, 1153.0, 29.0, 27.0, 0.7518365383148193
0, 1028.0, 1742.0, 25.0, 27.0, 0.7512568831443787
0, 1224.0, 104.0, 33.0, 29.0, 0.7490612268447876
0, 905.0, 755.0, 27.0, 30.0, 0.7490031123161316
0, 1532.0, 145.0, 31.0, 31.0, 0.7472953796386719
0, 646.0, 159.0, 27.0, 39.0, 0.746505618095398
0, 851.0, 1346.0, 27.0, 28.0, 0.7424206733703613
0, 283.0, 1302.0, 33.0, 34.0, 0.7407477498054504
0, 1490.0, 374.0, 28.0, 25.0, 0.7366960644721985
0, 659.0, 808.0, 29.0, 28.0, 0.736343502998352
0, 308.0, 515.0, 28.0, 30.0, 0.7342206835746765
0, 1276.0, 606.0, 28.0, 29.0, 0.7337089776992798
0, 317.0, 1393.0, 31.0, 30.0, 0.732546329498291
0, 1682.0, 1468.0, 29.0, 36.0, 0.7308967113494873
0, 990.0, 73.0, 30.0, 29.0, 0.7288764119148254
0, 123.0, 1011.0, 38.0, 23.0, 0.7275999784469604
0, 1680.0, 474.0, 31.0, 33.0, 0.7259650826454163
0, 376.0, 448.0, 29.0, 31.0, 0.7237807512283325
0, 273.0, 321.0, 28.0, 28.0, 0.7232329249382019
0, 901.0, 352.0, 29.0, 39.0, 0.7211717963218689
0, 569.0, 828.0, 28.0, 28.0, 0.7210225462913513
0, 651.0, 445.0, 28.0, 29.0, 0.7204161882400513
0, 1377.0, 210.0, 31.0, 26.0, 0.7186291217803955
0, 1560.0, 1580.0, 25.0, 27.0, 0.7183635234832764
0, 129.0, 291.0, 37.0, 33.0, 0.7174686789512634
0, 564.0, 865.0, 26.0, 26.0, 0.7170122265815735
0, 406.0, 557.0, 29.0, 32.0, 0.7169398665428162
0, 1685.0, 275.0, 32.0, 29.0, 0.7160739302635193
0, 1066.0, 263.0, 29.0, 27.0, 0.7138224244117737
0, 874.0, 1372.0, 33.0, 34.0, 0.7116511464118958
0, 9.0, 662.0, 19.0, 35.0, 0.7105093002319336
0, 867.0, 1289.0, 25.0, 33.0, 0.7082578539848328
0, 1499.0, 82.0, 30.0, 31.0, 0.7081889510154724
0, 776.0, 57.0, 28.0, 28.0, 0.7081003189086914
0, 1136.0, 533.0, 28.0, 33.0, 0.707237720489502
0, 614.0, 1560.0, 28.0, 33.0, 0.7046810388565063
0, 785.0, 912.0, 34.0, 27.0, 0.7036628127098083
0, 734.0, 10.0, 31.0, 20.0, 0.7020829916000366
0, 581.0, 99.0, 24.0, 32.0, 0.7012344598770142
0, 392.0, 1005.0, 28.0, 42.0, 0.700020432472229
0, 46.0, 816.0, 26.0, 30.0, 0.6989734768867493
0, 478.0, 904.0, 29.0, 35.0, 0.6988182067871094
0, 963.0, 438.0, 28.0, 36.0, 0.6983262896537781
0, 754.0, 672.0, 27.0, 31.0, 0.698294460773468
0, 272.0, 1386.0, 28.0, 28.0, 0.6975736618041992
0, 911.0, 1719.0, 32.0, 28.0, 0.6968249678611755
0, 317.0, 1576.0, 28.0, 29.0, 0.6940786242485046
0, 1677.0, 1213.0, 29.0, 29.0, 0.6922227144241333
0, 800.0, 611.0, 28.0, 29.0, 0.6909341812133789
0, 349.0, 1659.0, 32.0, 32.0, 0.6904745101928711
0, 1327.0, 104.0, 30.0, 29.0, 0.6896635293960571
0, 1406.0, 1132.0, 27.0, 34.0, 0.684016227722168
0, 222.0, 591.0, 36.0, 33.0, 0.6839228868484497
0, 407.0, 455.0, 34.0, 28.0, 0.6837249994277954
0, 71.0, 1097.0, 30.0, 29.0, 0.6836042404174805
0, 981.0, 654.0, 30.0, 30.0, 0.6809417009353638
0, 499.0, 980.0, 24.0, 26.0, 0.6796437501907349
0, 752.0, 1360.0, 30.0, 35.0, 0.6778998970985413
0, 1270.0, 1435.0, 34.0, 31.0, 0.674735426902771
0, 1744.0, 1125.0, 30.0, 29.0, 0.6746279001235962
0, 191.0, 773.0, 32.0, 34.0, 0.6724702715873718
0, 617.0, 149.0, 32.0, 25.0, 0.672265350818634
0, 1631.0, 1744.0, 31.0, 33.0, 0.6690986752510071
0, 349.0, 578.0, 38.0, 36.0, 0.6668182015419006
0, 1365.0, 1374.0, 42.0, 30.0, 0.6658321619033813
0, 728.0, 272.0, 25.0, 27.0, 0.6621819138526917
0, 612.0, 1229.0, 29.0, 31.0, 0.6619425415992737
0, 391.0, 200.0, 32.0, 30.0, 0.6606308221817017
0, 1703.0, 1301.0, 28.0, 35.0, 0.6596388816833496
0, 760.0, 1599.0, 29.0, 28.0, 0.6594483256340027
0, 523.0, 1003.0, 39.0, 28.0, 0.6570829749107361
0, 1314.0, 921.0, 35.0, 28.0, 0.6567963361740112
0, 13.0, 885.0, 26.0, 35.0, 0.6558910608291626
0, 598.0, 1429.0, 37.0, 33.0, 0.6520952582359314
0, 1129.0, 1486.0, 28.0, 29.0, 0.6503864526748657
0, 457.0, 1627.0, 25.0, 30.0, 0.6496437191963196
0, 157.0, 341.0, 27.0, 29.0, 0.6430150866508484
0, 1084.0, 1398.0, 32.0, 30.0, 0.642846405506134
0, 795.0, 1205.0, 25.0, 32.0, 0.6421813368797302
0, 1462.0, 699.0, 33.0, 29.0, 0.641498327255249
0, 1232.0, 727.0, 27.0, 29.0, 0.6409074664115906
0, 810.0, 1580.0, 28.0, 28.0, 0.638462483882904
0, 1124.0, 884.0, 29.0, 31.0, 0.6374343633651733
0, 1367.0, 1761.0, 40.0, 18.0, 0.6315958499908447
0, 1152.0, 1666.0, 28.0, 26.0, 0.630250871181488
0, 110.0, 41.0, 24.0, 26.0, 0.6283378601074219
0, 1107.0, 365.0, 25.0, 34.0, 0.6268314123153687
0, 530.0, 916.0, 31.0, 51.0, 0.6231511831283569
0, 277.0, 856.0, 24.0, 29.0, 0.6224601864814758
0, 304.0, 1686.0, 27.0, 29.0, 0.6219750046730042
