3, 434, 378, 79, 69, 0.904937207698822
3, 495, 340, 81, 77, 0.9015899896621704
0, 84, 404, 38, 35, 0.8905214667320251
0, 85, 468, 39, 38, 0.8887622356414795
0, 141, 384, 32, 34, 0.8824205994606018
0, 53, 531, 37, 34, 0.8723030686378479
0, 140, 326, 47, 46, 0.8638362288475037
0, 200, 274, 40, 39, 0.8584202527999878
3, 530, 395, 90, 70, 0.856617271900177
0, 42, 466, 33, 34, 0.8513840436935425
0, 244, 508, 32, 35, 0.8453145027160645
0, 303, 251, 28, 29, 0.8422666788101196
3, 515, 83, 121, 124, 0.8377979397773743
0, 66, 374, 28, 28, 0.8372842669487
0, 287, 230, 40, 33, 0.8339107036590576
0, 411, 192, 34, 31, 0.8336383104324341
0, 325, 212, 27, 38, 0.8328779935836792
0, 112, 490, 39, 44, 0.8251399397850037
0, 44, 502, 33, 36, 0.8213312029838562
0, 163, 441, 35, 32, 0.8029730319976807
0, 123, 269, 35, 35, 0.8003928065299988
0, 140, 555, 29, 30, 0.7818744778633118
0, 42, 40, 35, 32, 0.7700175642967224
0, 332, 252, 36, 37, 0.761260449886322
0, 49, 312, 37, 35, 0.7605829834938049
0, 209, 530, 37, 35, 0.7591813206672668
0, 227, 565, 33, 30, 0.7567058801651001
0, 270, 191, 31, 28, 0.7559536695480347
0, 338, 184, 29, 31, 0.7445932030677795
3, 375, 501, 201, 148, 0.7268018126487732
0, 381, 211, 33, 27, 0.7266340851783752
0, 276, 266, 32, 32, 0.7230142951011658
0, 333, 368, 43, 37, 0.7206557393074036
0, 192, 328, 49, 40, 0.7123681902885437
0, 201, 427, 34, 33, 0.7047325968742371
0, 5, 440, 10, 26, 0.6979449987411499
0, 156, 287, 34, 37, 0.6968966722488403
0, 513, 207, 22, 25, 0.6928452253341675
0, 17, 57, 33, 33, 0.6909571290016174
3, 411, 111, 144, 136, 0.6682023406028748
0, 118, 562, 33, 38, 0.6659243702888489
0, 514, 183, 25, 24, 0.6605034470558167
0, 195, 550, 37, 34, 0.6559462547302246
0, 110, 417, 32, 34, 0.6491690278053284
0, 433, 240, 35, 34, 0.6304392218589783
1, 315, 81, 22, 21, 0.6263614892959595
0, 5, 483, 10, 39, 0.6034161448478699
0, 311, 315, 35, 34, 0.5958669781684875
0, 205, 136, 21, 23, 0.5680093765258789
0, 263, 139, 25, 24, 0.5678319931030273
0, 351, 305, 22, 22, 0.5509858727455139
3, 218, 79, 116, 109, 0.5423704981803894
3, 556, 498, 52, 49, 0.5109338164329529
0, 575, 152, 15, 29, 0.5096368789672852
3, 558, 28, 47, 54, 0.5021317005157471
0, 247, 272, 33, 37, 0.4915105104446411
0, 203, 221, 28, 32, 0.487342894077301
0, 176, 522, 38, 31, 0.48236051201820374
0, 209, 241, 34, 28, 0.4818183481693268
0, 289, 366, 45, 39, 0.46854862570762634
3, 485, 433, 86, 77, 0.45523691177368164
0, 333, 407, 40, 36, 0.4074172079563141
0, 565, 205, 33, 33, 0.40490078926086426
0, 229, 386, 33, 38, 0.391356885433197
0, 203, 540, 54, 57, 0.3739716112613678
0, 246, 150, 27, 24, 0.36746156215667725
0, 264, 292, 27, 25, 0.36436355113983154
3, 102, 116, 137, 117, 0.3637329638004303
0, 222, 130, 20, 18, 0.35978931188583374
0, 167, 150, 30, 25, 0.3279135227203369
0, 355, 198, 18, 23, 0.3210245668888092
0, 567, 560, 31, 30, 0.32020464539527893
0, 11, 405, 22, 57, 0.31920239329338074
0, 230, 202, 26, 19, 0.31733307242393494
0, 497, 536, 36, 36, 0.31076565384864807
0, 203, 321, 27, 34, 0.2968001365661621
1, 282, 536, 24, 24, 0.29009273648262024
0, 6, 115, 13, 30, 0.2820897698402405
0, 38, 369, 41, 40, 0.28119736909866333
1, 322, 126, 24, 19, 0.275230348110199
0, 579, 38, 6, 24, 0.26001423597335815
1, 438, 555, 25, 23, 0.2539536654949188
0, 561, 213, 42, 54, 0.2436893731355667
3, 412, 327, 59, 48, 0.23874564468860626
0, 560, 227, 33, 24, 0.23825305700302124
0, 22, 575, 28, 12, 0.2322995960712433
0, 2, 75, 4, 24, 0.22977817058563232
0, 257, 488, 17, 16, 0.22922587394714355
0, 161, 265, 42, 52, 0.2229623943567276
0, 182, 128, 20, 25, 0.22114545106887817
3, 556, 348, 53, 69, 0.21518127620220184
0, 281, 535, 24, 24, 0.21411506831645966
0, 523, 11, 20, 22, 0.2053268700838089
0, 281, 133, 13, 18, 0.1989019513130188
0, 433, 416, 22, 19, 0.19754904508590698
0, 15, 290, 28, 39, 0.18153411149978638
3, 561, 437, 43, 75, 0.1795676350593567
1, 523, 11, 20, 22, 0.1785029023885727
0, 575, 289, 14, 26, 0.17387209832668304
3, 228, 387, 38, 43, 0.17378567159175873
1, 281, 133, 13, 18, 0.17090749740600586
1, 229, 104, 18, 22, 0.15897345542907715
3, 34, 39, 69, 75, 0.14978758990764618
1, 72, 35, 19, 18, 0.1389082372188568
1, 85, 23, 14, 14, 0.13662201166152954
0, 5, 142, 11, 21, 0.13450685143470764
0, 463, 534, 20, 26, 0.13187426328659058
0, 157, 266, 32, 32, 0.131123885512352
0, 40, 16, 28, 26, 0.11124204844236374
0, 43, 356, 30, 17, 0.10735168308019638
0, 279, 371, 26, 31, 0.10359004884958267
0, 72, 35, 19, 17, 0.10342584550380707
0, 254, 432, 24, 26, 0.10175782442092896
0, 228, 104, 20, 23, 0.10077076405286789
1, 129, 54, 8, 8, 0.09947743266820908
1, 463, 534, 20, 26, 0.09726254642009735
1, 168, 49, 9, 11, 0.09701760113239288
3, 420, 245, 67, 55, 0.09621215611696243
0, 294, 108, 15, 19, 0.09243901818990707
0, 34, 177, 68, 72, 0.08722206950187683
0, 425, 260, 28, 18, 0.0865892842411995
3, 523, 12, 24, 24, 0.08520331978797913
0, 495, 72, 17, 22, 0.08372840285301208
3, 475, 524, 165, 115, 0.07908646017313004
0, 144, 505, 31, 24, 0.07800121605396271
0, 568, 288, 21, 27, 0.07725608348846436
3, 561, 213, 42, 56, 0.07461090385913849
0, 12, 417, 22, 26, 0.07100324332714081
1, 527, 395, 22, 22, 0.06980446726083755
0, 558, 28, 47, 45, 0.0684213861823082
0, 168, 248, 24, 18, 0.06840555369853973
0, 474, 13, 44, 26, 0.06621501594781876
0, 512, 501, 31, 31, 0.06541498005390167
0, 207, 230, 40, 50, 0.06181830167770386
0, 219, 306, 24, 25, 0.061344098299741745
0, 563, 452, 21, 23, 0.05881677195429802
0, 504, 505, 54, 43, 0.0548209510743618
3, 33, 177, 66, 73, 0.05311291664838791
0, 252, 484, 24, 23, 0.05234299972653389
0, 369, 3, 17, 7, 0.051511019468307495
0, 259, 397, 20, 19, 0.05137726664543152
1, 192, 164, 18, 16, 0.05133400857448578
0, 299, 449, 31, 28, 0.050257109105587006
3, 483, 278, 76, 58, 0.04965976998209953
0, 26, 168, 41, 52, 0.04897511005401611
0, 32, 375, 28, 27, 0.048127613961696625
0, 208, 5, 21, 10, 0.04742438718676567
0, 212, 133, 30, 20, 0.0468638651072979
3, 333, 134, 58, 54, 0.04525529593229294
1, 453, 52, 16, 15, 0.04522574320435524
0, 99, 537, 33, 34, 0.04455559700727463
0, 263, 328, 25, 22, 0.04453212022781372
0, 453, 101, 26, 28, 0.04382630065083504
0, 360, 571, 23, 20, 0.04310057312250137
0, 447, 578, 38, 6, 0.041364237666130066
0, 85, 372, 16, 19, 0.04064049571752548
0, 478, 222, 24, 27, 0.04057476669549942
0, 515, 163, 20, 15, 0.03983511030673981
0, 320, 125, 23, 20, 0.039805520325899124
3, 563, 451, 23, 28, 0.03972862660884857
3, 453, 39, 92, 78, 0.03894616663455963
3, 555, 292, 55, 78, 0.03857908397912979
1, 130, 165, 26, 22, 0.03836654871702194
0, 130, 164, 26, 22, 0.037763889878988266
3, 145, 20, 197, 40, 0.03699815645813942
0, 153, 411, 20, 18, 0.036594513803720474
0, 9, 392, 18, 31, 0.03657807782292366
3, 496, 212, 116, 114, 0.034621626138687134
0, 253, 500, 15, 17, 0.03415035828948021
0, 448, 33, 21, 21, 0.03327800706028938
0, 101, 7, 26, 15, 0.03311631828546524
3, 455, 39, 38, 41, 0.032960690557956696
3, 114, 15, 74, 30, 0.03176232427358627
0, 333, 41, 16, 10, 0.031671326607465744
0, 402, 36, 17, 14, 0.030304865911602974
0, 423, 35, 17, 23, 0.030081704258918762
3, 554, 173, 56, 142, 0.029833747074007988
3, 323, 391, 166, 97, 0.029805313795804977
0, 549, 109, 15, 13, 0.029532194137573242
0, 17, 2, 16, 4, 0.02864939160645008
0, 227, 6, 12, 12, 0.02811727672815323
3, 489, 530, 88, 102, 0.027829362079501152
1, 302, 19, 10, 14, 0.027498884126544
0, 61, 121, 23, 23, 0.026539994403719902
3, 484, 548, 63, 66, 0.025944026187062263
0, 192, 164, 19, 16, 0.025843262672424316
3, 578, 36, 9, 42, 0.025631867349147797
3, 73, 91, 70, 60, 0.025334712117910385
3, 380, 198, 127, 88, 0.025233754888176918
3, 475, 13, 41, 26, 0.02485532872378826
3, 278, 375, 65, 66, 0.024819467216730118
0, 190, 478, 34, 28, 0.024681635200977325
3, 331, 504, 118, 117, 0.02357923984527588
0, 220, 329, 14, 23, 0.0228478591889143
0, 578, 229, 9, 18, 0.02232169546186924
0, 212, 310, 26, 18, 0.02195693738758564
0, 569, 422, 26, 44, 0.021937252953648567
0, 250, 560, 23, 30, 0.021722393110394478
3, 513, 285, 139, 106, 0.021490320563316345
3, 507, 502, 61, 56, 0.02109147422015667
0, 477, 71, 25, 41, 0.020628977566957474
0, 219, 108, 15, 14, 0.0205988846719265
0, 260, 390, 25, 32, 0.020569410175085068
0, 2, 550, 4, 22, 0.020432638004422188
0, 236, 218, 39, 46, 0.020318150520324707
0, 342, 37, 34, 20, 0.019899263978004456
0, 35, 577, 48, 9, 0.019299466162919998
0, 219, 6, 27, 13, 0.01895882748067379
0, 351, 36, 22, 15, 0.018662050366401672
3, 202, 16, 68, 31, 0.018059130758047104
0, 426, 210, 19, 19, 0.017861749976873398
0, 409, 327, 48, 43, 0.017795292660593987
0, 35, 21, 42, 37, 0.017263265326619148
0, 170, 568, 21, 20, 0.01663457788527012
0, 82, 353, 39, 36, 0.014846126548945904
0, 27, 247, 37, 34, 0.014833697117865086
0, 302, 19, 11, 15, 0.014798312447965145
0, 30, 431, 16, 15, 0.01443785522133112
0, 370, 418, 35, 32, 0.01429670862853527
0, 46, 115, 10, 9, 0.014119332656264305
0, 494, 50, 27, 26, 0.013606288470327854
3, 88, 29, 33, 29, 0.01352950744330883
0, 316, 310, 22, 24, 0.013523119501769543
3, 416, 196, 52, 49, 0.0132907098159194
0, 485, 63, 46, 52, 0.013103604316711426
0, 349, 3, 17, 6, 0.013096984475851059
0, 158, 416, 34, 29, 0.013036150485277176
0, 455, 276, 25, 20, 0.012872396968305111
0, 13, 299, 19, 21, 0.012817182578146458
0, 206, 444, 20, 13, 0.01273574773222208
0, 535, 46, 54, 47, 0.012462088838219643
0, 94, 24, 29, 19, 0.01213480532169342
0, 90, 564, 18, 23, 0.011977332644164562
0, 499, 516, 53, 73, 0.011898103170096874
0, 380, 392, 21, 23, 0.011888301931321621
0, 556, 158, 27, 36, 0.011829904280602932
3, 461, 34, 61, 58, 0.011804195120930672
0, 40, 141, 23, 24, 0.011764274910092354
0, 239, 578, 27, 6, 0.011055386625230312
3, 513, 17, 53, 34, 0.011022685095667839
0, 552, 90, 32, 35, 0.010984145104885101
0, 415, 197, 46, 49, 0.010776604525744915
0, 353, 55, 21, 16, 0.01069149374961853
3, 533, 494, 98, 66, 0.01068648137152195
0, 140, 513, 41, 40, 0.010559034533798695
0, 360, 427, 18, 14, 0.01053752563893795
0, 109, 382, 34, 36, 0.010536321438848972
0, 423, 253, 40, 37, 0.010282748378813267
3, 175, 126, 35, 42, 0.010280642658472061
3, 84, 35, 44, 51, 0.010221585631370544
1, 447, 577, 40, 8, 0.009862517938017845
0, 320, 34, 12, 11, 0.009840322658419609
0, 278, 374, 63, 67, 0.009818843565881252
0, 49, 3, 17, 6, 0.00980392750352621
3, 433, 417, 27, 23, 0.009650162421166897
0, 26, 178, 34, 29, 0.009621226228773594
0, 291, 134, 12, 16, 0.009477110579609871
0, 19, 280, 18, 20, 0.009309476241469383
0, 96, 549, 40, 59, 0.009243338368833065
1, 218, 108, 13, 14, 0.008959530852735043
0, 84, 4, 15, 8, 0.008931747637689114
0, 52, 280, 25, 20, 0.008874407969415188
0, 29, 33, 58, 60, 0.008835074491798878
3, 485, 417, 178, 108, 0.00878911092877388
2, 454, 51, 21, 17, 0.008778893388807774
3, 386, 391, 49, 73, 0.00867595337331295
0, 522, 109, 23, 22, 0.008663838729262352
0, 343, 56, 11, 12, 0.008424417115747929
0, 389, 228, 20, 21, 0.008371882140636444
0, 293, 456, 16, 15, 0.008101505227386951
0, 152, 339, 24, 20, 0.008068595081567764
3, 512, 454, 141, 129, 0.008065412752330303
3, 358, 312, 83, 68, 0.007922088727355003
3, 566, 561, 31, 35, 0.0077696810476481915
0, 128, 317, 21, 27, 0.007618318777531385
0, 46, 14, 18, 22, 0.007564364932477474
3, 450, 198, 191, 150, 0.007511259987950325
0, 3, 82, 7, 43, 0.007500550709664822
0, 499, 63, 41, 57, 0.007478719111531973
0, 23, 182, 20, 20, 0.007295788265764713
1, 171, 37, 15, 15, 0.007246938534080982
0, 28, 426, 23, 24, 0.007114190608263016
0, 15, 507, 31, 36, 0.007038482464849949
3, 378, 105, 74, 99, 0.0067780278623104095
0, 469, 97, 24, 31, 0.00670403428375721
0, 568, 299, 28, 50, 0.006640543229877949
0, 7, 572, 14, 19, 0.00661396374925971
3, 416, 289, 68, 41, 0.006590982899069786
0, 51, 372, 68, 50, 0.006572488229721785
0, 5, 559, 10, 43, 0.006525652017444372
0, 456, 11, 20, 22, 0.006496075075119734
0, 209, 433, 58, 39, 0.006442288868129253
3, 155, 40, 27, 18, 0.006262977607548237
3, 432, 577, 113, 8, 0.006102294661104679
0, 265, 101, 20, 18, 0.006023453548550606
0, 550, 27, 28, 33, 0.005881746299564838
1, 27, 247, 35, 34, 0.0058724661357700825
0, 459, 149, 31, 24, 0.005844278261065483
0, 407, 63, 45, 35, 0.005843101069331169
1, 22, 239, 16, 14, 0.005820481106638908
