0, 530.0, 103.0, 22.0, 21.0, 0.4426330327987671
0, 930.0, 642.0, 19.0, 19.0, 0.40754401683807373
0, 510.0, 885.0, 16.0, 17.0, 0.3920978903770447
0, 660.0, 663.0, 22.0, 21.0, 0.38443461060523987
0, 442.0, 608.0, 16.0, 17.0, 0.36576271057128906
0, 535.0, 80.0, 22.0, 19.0, 0.3459228575229645
0, 546.0, 116.0, 18.0, 17.0, 0.34512993693351746
0, 840.0, 264.0, 20.0, 23.0, 0.3245869278907776
0, 381.0, 40.0, 17.0, 18.0, 0.3197168707847595
0, 982.0, 6.0, 18.0, 13.0, 0.3188205063343048
0, 557.0, 85.0, 22.0, 21.0, 0.3136179447174072
0, 415.0, 885.0, 19.0, 24.0, 0.3042944073677063
0, 615.0, 89.0, 20.0, 18.0, 0.29734328389167786
0, 424.0, 612.0, 18.0, 21.0, 0.2827916741371155
0, 17.0, 731.0, 18.0, 20.0, 0.2789142429828644
0, 215.0, 683.0, 16.0, 17.0, 0.2668163776397705
0, 341.0, 701.0, 15.0, 18.0, 0.26139703392982483
0, 346.0, 132.0, 18.0, 18.0, 0.25226137042045593
0, 208.0, 667.0, 17.0, 17.0, 0.2512248754501343
0, 825.0, 418.0, 18.0, 14.0, 0.25027012825012207
0, 286.0, 681.0, 15.0, 16.0, 0.24947550892829895
0, 238.0, 180.0, 22.0, 15.0, 0.24334940314292908
0, 373.0, 24.0, 14.0, 15.0, 0.24273255467414856
0, 935.0, 216.0, 16.0, 22.0, 0.2213030457496643
0, 447.0, 583.0, 17.0, 18.0, 0.22081713378429413
0, 419.0, 724.0, 17.0, 15.0, 0.21967481076717377
0, 918.0, 618.0, 19.0, 17.0, 0.21848297119140625
0, 955.0, 478.0, 14.0, 16.0, 0.21481086313724518
0, 320.0, 22.0, 15.0, 14.0, 0.21477821469306946
0, 933.0, 665.0, 14.0, 17.0, 0.21396929025650024
0, 217.0, 5.0, 15.0, 10.0, 0.21363452076911926
0, 939.0, 246.0, 19.0, 20.0, 0.21307812631130219
0, 810.0, 411.0, 15.0, 15.0, 0.21170496940612793
0, 350.0, 819.0, 16.0, 16.0, 0.20603933930397034
0, 764.0, 353.0, 14.0, 13.0, 0.2054581642150879
0, 336.0, 644.0, 15.0, 23.0, 0.2041279375553131
0, 323.0, 9.0, 19.0, 17.0, 0.19001716375350952
0, 961.0, 6.0, 18.0, 13.0, 0.18738512694835663
0, 308.0, 746.0, 22.0, 18.0, 0.18402907252311707
0, 356.0, 35.0, 16.0, 26.0, 0.1785302460193634
0, 714.0, 425.0, 16.0, 16.0, 0.178495392203331
0, 809.0, 258.0, 17.0, 16.0, 0.17476332187652588
0, 545.0, 194.0, 17.0, 19.0, 0.17433278262615204
0, 731.0, 284.0, 16.0, 16.0, 0.17319230735301971
0, 651.0, 245.0, 14.0, 14.0, 0.17119862139225006
0, 689.0, 203.0, 20.0, 21.0, 0.16824409365653992
0, 355.0, 16.0, 14.0, 16.0, 0.16550372540950775
0, 606.0, 201.0, 22.0, 27.0, 0.16459770500659943
0, 302.0, 685.0, 16.0, 15.0, 0.16446375846862793
0, 356.0, 879.0, 17.0, 18.0, 0.16371510922908783
0, 817.0, 372.0, 17.0, 15.0, 0.16298192739486694
0, 268.0, 198.0, 17.0, 13.0, 0.16263358294963837
0, 263.0, 684.0, 14.0, 15.0, 0.16226528584957123
0, 697.0, 472.0, 18.0, 20.0, 0.16204871237277985
0, 913.0, 648.0, 20.0, 21.0, 0.16164900362491608
0, 255.0, 904.0, 24.0, 20.0, 0.16087448596954346
0, 961.0, 462.0, 17.0, 17.0, 0.1578865349292755
0, 766.0, 430.0, 16.0, 14.0, 0.15655159950256348
0, 799.0, 244.0, 16.0, 18.0, 0.15510529279708862
0, 243.0, 197.0, 15.0, 16.0, 0.15427838265895844
0, 836.0, 376.0, 15.0, 16.0, 0.1526903659105301
0, 541.0, 901.0, 16.0, 21.0, 0.15084946155548096
0, 342.0, 354.0, 19.0, 18.0, 0.1507212072610855
0, 330.0, 431.0, 20.0, 19.0, 0.1497381031513214
0, 349.0, 426.0, 15.0, 20.0, 0.14653559029102325
0, 666.0, 251.0, 20.0, 13.0, 0.14395156502723694
0, 942.0, 406.0, 18.0, 19.0, 0.1430431753396988
0, 257.0, 185.0, 15.0, 17.0, 0.14269442856311798
0, 326.0, 224.0, 19.0, 20.0, 0.14215151965618134
0, 429.0, 146.0, 21.0, 21.0, 0.1391412317752838
0, 442.0, 90.0, 14.0, 14.0, 0.1369093358516693
0, 343.0, 682.0, 16.0, 16.0, 0.13579362630844116
0, 269.0, 105.0, 15.0, 15.0, 0.13547956943511963
0, 207.0, 181.0, 17.0, 16.0, 0.13535743951797485
0, 428.0, 936.0, 19.0, 15.0, 0.13388368487358093
0, 6.0, 692.0, 12.0, 15.0, 0.13372285664081573
0, 697.0, 690.0, 21.0, 22.0, 0.13301685452461243
0, 948.0, 852.0, 18.0, 22.0, 0.13282695412635803
0, 230.0, 692.0, 15.0, 23.0, 0.1316361278295517
0, 740.0, 9.0, 17.0, 17.0, 0.13151268661022186
0, 356.0, 408.0, 15.0, 14.0, 0.1293216049671173
0, 685.0, 311.0, 17.0, 19.0, 0.12929214537143707
0, 363.0, 618.0, 16.0, 15.0, 0.12811344861984253
0, 518.0, 867.0, 15.0, 15.0, 0.12686163187026978
0, 408.0, 72.0, 19.0, 17.0, 0.12677259743213654
0, 411.0, 579.0, 15.0, 16.0, 0.12637096643447876
0, 28.0, 679.0, 15.0, 17.0, 0.1261732429265976
0, 308.0, 426.0, 17.0, 18.0, 0.1245492622256279
0, 801.0, 534.0, 16.0, 16.0, 0.1231146976351738
0, 709.0, 219.0, 15.0, 17.0, 0.12222976237535477
0, 504.0, 979.0, 14.0, 22.0, 0.12197458744049072
0, 922.0, 354.0, 14.0, 14.0, 0.12152040749788284
0, 902.0, 659.0, 19.0, 15.0, 0.12074892967939377
0, 665.0, 58.0, 18.0, 19.0, 0.12024958431720734
0, 567.0, 351.0, 19.0, 20.0, 0.12016121298074722
0, 715.0, 707.0, 18.0, 18.0, 0.11943712085485458
0, 4.0, 677.0, 9.0, 15.0, 0.11716906726360321
0, 704.0, 663.0, 16.0, 19.0, 0.11641665548086166
0, 431.0, 744.0, 14.0, 15.0, 0.11628662049770355
0, 606.0, 73.0, 16.0, 14.0, 0.11481478810310364
0, 448.0, 177.0, 13.0, 17.0, 0.11470092087984085
0, 655.0, 296.0, 18.0, 15.0, 0.11429889500141144
0, 988.0, 777.0, 15.0, 14.0, 0.11384361982345581
0, 989.0, 368.0, 18.0, 16.0, 0.11365152150392532
0, 926.0, 373.0, 13.0, 20.0, 0.1127365306019783
0, 309.0, 995.0, 17.0, 9.0, 0.1118454784154892
0, 410.0, 94.0, 17.0, 19.0, 0.1110534593462944
0, 272.0, 125.0, 15.0, 14.0, 0.11008336395025253
0, 785.0, 44.0, 19.0, 14.0, 0.109709732234478
0, 316.0, 860.0, 14.0, 17.0, 0.1091151162981987
0, 710.0, 111.0, 22.0, 18.0, 0.10910424590110779
0, 391.0, 721.0, 17.0, 14.0, 0.10892118513584137
0, 341.0, 799.0, 15.0, 15.0, 0.10741888731718063
0, 360.0, 825.0, 20.0, 21.0, 0.1062939465045929
0, 607.0, 104.0, 16.0, 14.0, 0.10600064694881439
0, 765.0, 110.0, 18.0, 14.0, 0.10521042346954346
0, 188.0, 762.0, 18.0, 20.0, 0.10518328845500946
0, 676.0, 224.0, 18.0, 23.0, 0.10430580377578735
0, 183.0, 485.0, 18.0, 15.0, 0.10408075153827667
0, 724.0, 854.0, 14.0, 16.0, 0.10380122810602188
0, 430.0, 951.0, 15.0, 14.0, 0.10372604429721832
0, 819.0, 592.0, 18.0, 15.0, 0.10347611457109451
0, 436.0, 122.0, 14.0, 18.0, 0.10224025696516037
0, 309.0, 953.0, 17.0, 19.0, 0.1018405333161354
0, 365.0, 821.0, 23.0, 18.0, 0.10034186393022537
0, 175.0, 778.0, 15.0, 18.0, 0.09965835511684418
0, 594.0, 67.0, 12.0, 19.0, 0.09898245334625244
0, 209.0, 15.0, 13.0, 14.0, 0.09818833321332932
0, 514.0, 267.0, 19.0, 19.0, 0.09789206832647324
0, 212.0, 468.0, 18.0, 16.0, 0.09713120013475418
0, 775.0, 365.0, 14.0, 13.0, 0.09628807008266449
0, 728.0, 432.0, 14.0, 13.0, 0.095905601978302
0, 306.0, 202.0, 20.0, 17.0, 0.09530406445264816
0, 164.0, 791.0, 15.0, 13.0, 0.095127172768116
0, 218.0, 205.0, 20.0, 14.0, 0.0937860980629921
0, 918.0, 630.0, 17.0, 13.0, 0.0937512069940567
0, 362.0, 605.0, 18.0, 14.0, 0.09174349159002304
0, 762.0, 446.0, 17.0, 16.0, 0.0911143571138382
0, 395.0, 955.0, 18.0, 16.0, 0.08972742408514023
0, 413.0, 768.0, 14.0, 17.0, 0.08913975208997726
0, 774.0, 10.0, 19.0, 21.0, 0.08859173208475113
0, 388.0, 162.0, 15.0, 14.0, 0.08799201250076294
0, 367.0, 635.0, 15.0, 18.0, 0.0879756510257721
0, 540.0, 76.0, 24.0, 19.0, 0.08702082186937332
0, 327.0, 736.0, 15.0, 16.0, 0.08620470762252808
0, 93.0, 722.0, 15.0, 20.0, 0.08598319441080093
0, 383.0, 865.0, 18.0, 25.0, 0.08596590161323547
0, 242.0, 922.0, 18.0, 18.0, 0.08468754589557648
0, 346.0, 28.0, 17.0, 19.0, 0.08406449109315872
0, 309.0, 9.0, 13.0, 18.0, 0.08373423665761948
0, 946.0, 327.0, 15.0, 13.0, 0.08370426297187805
0, 530.0, 879.0, 13.0, 14.0, 0.08160927146673203
0, 166.0, 48.0, 16.0, 16.0, 0.0806562677025795
0, 946.0, 9.0, 15.0, 17.0, 0.08049126714468002
0, 44.0, 680.0, 16.0, 16.0, 0.07872401177883148
0, 308.0, 704.0, 19.0, 18.0, 0.07846009731292725
0, 264.0, 70.0, 13.0, 13.0, 0.07832742482423782
0, 317.0, 693.0, 14.0, 17.0, 0.07794913649559021
0, 990.0, 442.0, 15.0, 17.0, 0.07777280360460281
0, 444.0, 75.0, 16.0, 14.0, 0.07761513441801071
0, 538.0, 38.0, 18.0, 18.0, 0.07722625881433487
0, 859.0, 629.0, 21.0, 18.0, 0.07721938192844391
0, 275.0, 187.0, 14.0, 13.0, 0.07672284543514252
0, 288.0, 194.0, 15.0, 13.0, 0.07627920806407928
0, 734.0, 704.0, 18.0, 17.0, 0.07627660036087036
0, 291.0, 796.0, 16.0, 18.0, 0.07616426050662994
0, 407.0, 187.0, 13.0, 17.0, 0.07570623606443405
0, 516.0, 35.0, 19.0, 20.0, 0.07560288161039352
0, 752.0, 345.0, 15.0, 15.0, 0.07528568059206009
0, 436.0, 108.0, 14.0, 19.0, 0.07527562230825424
0, 700.0, 96.0, 16.0, 13.0, 0.07400626689195633
0, 149.0, 796.0, 21.0, 17.0, 0.07383012026548386
0, 964.0, 491.0, 15.0, 15.0, 0.07351032644510269
0, 82.0, 726.0, 13.0, 17.0, 0.07346580922603607
0, 233.0, 233.0, 15.0, 16.0, 0.0734320655465126
0, 854.0, 614.0, 15.0, 19.0, 0.07282121479511261
0, 319.0, 362.0, 20.0, 16.0, 0.07232978940010071
0, 467.0, 538.0, 17.0, 17.0, 0.07205565273761749
0, 504.0, 919.0, 17.0, 17.0, 0.07200290262699127
0, 477.0, 222.0, 21.0, 26.0, 0.0718790739774704
0, 328.0, 858.0, 14.0, 18.0, 0.07181065529584885
0, 138.0, 709.0, 14.0, 15.0, 0.07177259773015976
0, 273.0, 937.0, 15.0, 17.0, 0.07093431055545807
0, 541.0, 487.0, 14.0, 16.0, 0.07063724845647812
0, 315.0, 798.0, 21.0, 13.0, 0.07018686085939407
0, 908.0, 580.0, 20.0, 17.0, 0.06918969005346298
0, 378.0, 627.0, 14.0, 17.0, 0.06883223354816437
0, 234.0, 900.0, 17.0, 22.0, 0.06844215095043182
0, 782.0, 477.0, 20.0, 20.0, 0.06693636626005173
0, 465.0, 190.0, 21.0, 20.0, 0.06692072749137878
0, 944.0, 652.0, 15.0, 15.0, 0.06684587150812149
0, 213.0, 937.0, 14.0, 17.0, 0.06682979315519333
0, 470.0, 560.0, 12.0, 13.0, 0.06673172861337662
0, 453.0, 197.0, 12.0, 18.0, 0.06655939668416977
0, 870.0, 484.0, 20.0, 21.0, 0.06646206974983215
0, 291.0, 926.0, 15.0, 17.0, 0.06623298674821854
0, 895.0, 177.0, 17.0, 15.0, 0.06620463728904724
0, 301.0, 377.0, 13.0, 16.0, 0.06599625945091248
0, 789.0, 360.0, 15.0, 16.0, 0.06577157229185104
0, 269.0, 627.0, 15.0, 16.0, 0.06534133851528168
0, 970.0, 909.0, 21.0, 19.0, 0.06525405496358871
0, 123.0, 707.0, 15.0, 14.0, 0.06490621715784073
0, 214.0, 898.0, 17.0, 22.0, 0.06483805179595947
0, 405.0, 700.0, 17.0, 14.0, 0.06407705694437027
0, 367.0, 859.0, 16.0, 21.0, 0.06352460384368896
0, 182.0, 45.0, 16.0, 13.0, 0.06286220252513885
0, 531.0, 474.0, 13.0, 18.0, 0.0627874806523323
0, 14.0, 678.0, 14.0, 18.0, 0.06278647482395172
0, 994.0, 590.0, 9.0, 17.0, 0.0624103881418705
0, 283.0, 635.0, 16.0, 15.0, 0.06194084510207176
0, 666.0, 708.0, 20.0, 22.0, 0.060880061239004135
0, 963.0, 320.0, 19.0, 19.0, 0.06054212152957916
0, 743.0, 53.0, 18.0, 22.0, 0.06040775775909424
0, 668.0, 201.0, 17.0, 16.0, 0.06035356596112251
0, 685.0, 185.0, 16.0, 14.0, 0.06021782383322716
0, 926.0, 337.0, 16.0, 19.0, 0.059841182082891464
0, 102.0, 642.0, 19.0, 17.0, 0.05962721258401871
0, 329.0, 875.0, 16.0, 21.0, 0.05895119532942772
0, 722.0, 117.0, 17.0, 17.0, 0.058124128729104996
0, 286.0, 947.0, 16.0, 22.0, 0.058107294142246246
0, 773.0, 541.0, 16.0, 15.0, 0.058034926652908325
0, 738.0, 86.0, 17.0, 19.0, 0.057585202157497406
0, 346.0, 39.0, 15.0, 19.0, 0.05742838233709335
0, 259.0, 54.0, 13.0, 16.0, 0.055952176451683044
0, 985.0, 382.0, 18.0, 16.0, 0.05537400022149086
0, 389.0, 744.0, 13.0, 15.0, 0.05536659061908722
0, 247.0, 733.0, 14.0, 17.0, 0.054954174906015396
0, 765.0, 86.0, 15.0, 15.0, 0.05470915511250496
0, 760.0, 35.0, 18.0, 16.0, 0.05470450595021248
0, 5.0, 102.0, 10.0, 13.0, 0.05448183789849281
0, 376.0, 86.0, 18.0, 13.0, 0.053854286670684814
0, 168.0, 472.0, 17.0, 15.0, 0.05370339751243591
0, 341.0, 663.0, 16.0, 14.0, 0.05369196832180023
0, 128.0, 654.0, 16.0, 22.0, 0.053689632564783096
0, 803.0, 377.0, 16.0, 14.0, 0.053345050662755966
0, 791.0, 426.0, 25.0, 19.0, 0.05328049510717392
0, 398.0, 792.0, 16.0, 15.0, 0.05300852656364441
0, 453.0, 92.0, 14.0, 14.0, 0.052580103278160095
0, 277.0, 618.0, 14.0, 17.0, 0.05231091380119324
0, 251.0, 25.0, 14.0, 17.0, 0.051963143050670624
0, 8.0, 733.0, 15.0, 20.0, 0.05195259675383568
0, 406.0, 615.0, 17.0, 17.0, 0.05183172971010208
0, 364.0, 890.0, 13.0, 16.0, 0.05167306587100029
0, 286.0, 878.0, 16.0, 18.0, 0.051453184336423874
0, 686.0, 363.0, 15.0, 15.0, 0.05109823867678642
0, 780.0, 95.0, 18.0, 15.0, 0.05055828019976616
0, 224.0, 928.0, 17.0, 17.0, 0.05055038630962372
0, 760.0, 804.0, 15.0, 18.0, 0.0505034476518631
