0, 77, 14, 29, 28, 0.8036159873008728
0, 8, 52, 17, 25, 0.7323279976844788
0, 268, 188, 20, 26, 0.647316575050354
0, 5, 89, 11, 20, 0.640945315361023
0, 105, 228, 29, 29, 0.5813319087028503
3, 338, 115, 19, 34, 0.5723249912261963
0, 269, 232, 23, 25, 0.5641118884086609
0, 98, 182, 23, 23, 0.560634970664978
0, 147, 212, 19, 18, 0.5555545687675476
3, 260, 184, 95, 114, 0.5472041964530945
0, 47, 23, 34, 26, 0.5379621386528015
3, 199, 231, 65, 87, 0.5377037525177002
1, 207, 282, 16, 20, 0.5322431921958923
0, 6, 216, 13, 28, 0.5266262888908386
0, 29, 225, 26, 38, 0.5220241546630859
3, 173, 329, 53, 35, 0.5205894112586975
0, 193, 178, 17, 17, 0.5029296278953552
0, 54, 58, 29, 35, 0.502168595790863
0, 214, 21, 25, 26, 0.4997781217098236
0, 27, 8, 18, 16, 0.49535810947418213
0, 53, 87, 32, 23, 0.4918977618217468
3, 176, 38, 46, 47, 0.48075515031814575
0, 36, 5, 24, 10, 0.4541398584842682
3, 193, 305, 30, 30, 0.44798439741134644
0, 11, 137, 22, 32, 0.44767531752586365
1, 249, 329, 8, 8, 0.4244823455810547
3, 199, 12, 66, 24, 0.4183616042137146
0, 93, 287, 32, 30, 0.3975070118904114
0, 12, 112, 23, 19, 0.39378345012664795
0, 156, 269, 34, 33, 0.39184534549713135
3, 241, 294, 65, 83, 0.38250496983528137
2, 189, 71, 25, 25, 0.3767392635345459
0, 162, 210, 13, 14, 0.35559722781181335
3, 335, 172, 24, 45, 0.3324851095676422
3, 309, 222, 45, 43, 0.3201259672641754
2, 172, 329, 52, 34, 0.31773826479911804
0, 9, 4, 15, 9, 0.30731087923049927
3, 225, 147, 44, 61, 0.28204116225242615
2, 84, 230, 13, 12, 0.28037548065185547
0, 217, 53, 18, 26, 0.27851083874702454
0, 337, 165, 20, 29, 0.2629111409187317
3, 136, 75, 67, 57, 0.2622791528701782
0, 285, 173, 25, 26, 0.26200348138809204
0, 341, 72, 12, 20, 0.2599148452281952
