2, 182, 89, 25, 24, 0.7955031991004944
1, 83, 132, 17, 18, 0.7775596976280212
1, 141, 6, 20, 12, 0.7601233720779419
1, 273, 207, 20, 22, 0.7437549233436584
2, 36, 279, 39, 41, 0.7353069186210632
1, 153, 40, 20, 20, 0.7091968059539795
1, 14, 236, 27, 29, 0.7050589919090271
2, 14, 236, 27, 30, 0.6807111501693726
1, 153, 20, 17, 17, 0.6713046431541443
3, 20, 11, 41, 23, 0.6128739714622498
3, 167, 249, 51, 39, 0.569614052772522
2, 185, 11, 44, 22, 0.5456255078315735
3, 91, 232, 123, 120, 0.5233490467071533
1, 87, 21, 19, 16, 0.5201186537742615
3, 270, 127, 58, 60, 0.5020201206207275
1, 196, 53, 17, 19, 0.5018786787986755
3, 106, 46, 72, 78, 0.4780345559120178
1, 220, 59, 23, 23, 0.45484593510627747
3, 99, 162, 53, 49, 0.4163537919521332
2, 265, 81, 33, 41, 0.40534231066703796
3, 29, 148, 59, 44, 0.40497127175331116
3, 34, 191, 61, 55, 0.4018862843513489
1, 36, 178, 25, 23, 0.3920747935771942
1, 104, 63, 25, 27, 0.3812825679779053
3, 232, 171, 91, 82, 0.37741464376449585
2, 167, 247, 51, 39, 0.36393919587135315
2, 245, 21, 43, 41, 0.36020946502685547
3, 156, 74, 51, 44, 0.3376181125640869
3, 222, 67, 35, 40, 0.3335936665534973
3, 184, 11, 47, 22, 0.3012422025203705
2, 106, 133, 22, 20, 0.2989990711212158
3, 221, 186, 110, 140, 0.26527246832847595
2, 152, 40, 23, 22, 0.25871768593788147
2, 237, 200, 20, 17, 0.254778116941452
2, 196, 54, 22, 22, 0.24034681916236877
1, 177, 10, 27, 20, 0.23734654486179352
2, 141, 6, 21, 12, 0.22961147129535675
3, 294, 77, 11, 34, 0.20750071108341217
1, 276, 114, 27, 22, 0.20568355917930603
2, 35, 191, 57, 52, 0.20369447767734528
3, 85, 297, 24, 5, 0.198110893368721
2, 108, 3, 33, 7, 0.19787950813770294
3, 215, 223, 95, 89, 0.1960374116897583
1, 41, 149, 22, 22, 0.1948813647031784
3, 284, 29, 30, 43, 0.19263997673988342
2, 274, 208, 25, 25, 0.190940260887146
3, 61, 6, 44, 12, 0.19026929140090942
0, 203, 211, 22, 23, 0.18991360068321228
1, 192, 195, 9, 9, 0.18952642381191254
2, 223, 67, 36, 40, 0.18565328419208527
3, 243, 20, 45, 41, 0.18546070158481598
2, 98, 163, 55, 47, 0.18500246107578278
1, 231, 166, 21, 26, 0.18148045241832733
1, 91, 170, 27, 26, 0.18045292794704437
1, 251, 181, 23, 25, 0.17350046336650848
2, 153, 20, 19, 19, 0.16927970945835114
0, 231, 166, 21, 26, 0.16020934283733368
3, 30, 127, 61, 85, 0.15537896752357483
1, 87, 214, 23, 20, 0.15349183976650238
0, 111, 215, 27, 25, 0.1531582921743393
1, 48, 58, 31, 32, 0.14202198386192322
3, 180, 185, 119, 132, 0.13722215592861176
1, 203, 211, 22, 23, 0.12765498459339142
1, 37, 280, 33, 38, 0.12361306697130203
1, 288, 41, 22, 17, 0.1211291179060936
3, 274, 209, 26, 26, 0.10960233211517334
0, 87, 214, 23, 19, 0.10713478177785873
3, 50, 54, 46, 55, 0.10533980280160904
1, 132, 111, 29, 29, 0.09987045079469681
1, 205, 30, 24, 21, 0.09957420080900192
1, 171, 253, 28, 25, 0.09314285218715668
1, 104, 135, 17, 15, 0.09146787226200104
1, 108, 3, 30, 7, 0.0906638577580452
1, 131, 46, 17, 14, 0.08756625652313232
3, 209, 116, 39, 37, 0.08614697307348251
2, 250, 94, 15, 17, 0.08191560953855515
2, 22, 96, 41, 35, 0.07788465917110443
3, 213, 160, 86, 64, 0.07650487124919891
3, 108, 218, 87, 83, 0.07629241049289703
1, 239, 23, 22, 22, 0.06956803798675537
3, 258, 179, 37, 48, 0.0677807405591011
2, 86, 21, 22, 20, 0.06723565608263016
3, 55, 5, 27, 10, 0.06661536544561386
1, 20, 96, 31, 25, 0.06506026536226273
1, 151, 202, 9, 9, 0.06426765769720078
3, 262, 7, 43, 15, 0.0628429502248764
1, 211, 164, 23, 23, 0.06091941148042679
1, 213, 112, 26, 23, 0.06076281517744064
3, 92, 45, 111, 91, 0.06016166880726814
1, 222, 133, 8, 7, 0.059479326009750366
1, 233, 8, 21, 16, 0.05888048931956291
1, 31, 115, 14, 13, 0.054441336542367935
3, 167, 183, 88, 86, 0.05370401218533516
1, 289, 135, 13, 11, 0.053355734795331955
3, 246, 220, 36, 52, 0.05307614430785179
3, 210, 250, 36, 34, 0.05301583930850029
1, 298, 164, 3, 20, 0.052198171615600586
3, 38, 44, 72, 78, 0.05056994408369064
3, 295, 164, 9, 51, 0.04869769513607025
2, 84, 132, 23, 24, 0.045371163636446
1, 286, 35, 26, 27, 0.04522702097892761
3, 263, 3, 34, 7, 0.04453736171126366
0, 211, 164, 21, 22, 0.04314597323536873
1, 221, 68, 31, 36, 0.042868804186582565
3, 23, 100, 42, 38, 0.04132532328367233
2, 44, 149, 30, 35, 0.04091108590364456
1, 253, 61, 12, 10, 0.04082769155502319
1, 54, 53, 19, 19, 0.04003624990582466
1, 246, 22, 37, 28, 0.03833266720175743
3, 130, 114, 39, 40, 0.03729940578341484
1, 70, 210, 7, 8, 0.03636663779616356
2, 284, 28, 30, 46, 0.03625909984111786
1, 297, 3, 5, 6, 0.03623536601662636
3, 134, 211, 34, 42, 0.03598605841398239
3, 294, 295, 11, 8, 0.03594273701310158
1, 10, 61, 19, 19, 0.03575859218835831
1, 45, 67, 26, 23, 0.03530559316277504
1, 157, 74, 27, 21, 0.035138312727212906
0, 54, 192, 15, 15, 0.033912286162376404
1, 10, 44, 12, 13, 0.033725325018167496
1, 297, 175, 4, 13, 0.03203063830733299
2, 257, 89, 33, 39, 0.03195682168006897
1, 293, 46, 12, 9, 0.03071502409875393
3, 206, 153, 134, 133, 0.028537318110466003
2, 276, 129, 46, 54, 0.028471268713474274
1, 21, 11, 38, 22, 0.02787891961634159
1, 105, 37, 9, 6, 0.02711435593664646
3, 59, 222, 119, 146, 0.026934653520584106
3, 129, 214, 125, 137, 0.02552565559744835
1, 92, 100, 12, 13, 0.02526584267616272
3, 270, 236, 30, 22, 0.024871716275811195
1, 84, 2, 9, 5, 0.023351920768618584
1, 163, 145, 16, 17, 0.023350341245532036
2, 252, 100, 13, 14, 0.02334623970091343
1, 19, 3, 38, 5, 0.02331201173365116
0, 191, 144, 27, 20, 0.02325093373656273
2, 293, 295, 12, 9, 0.023239366710186005
1, 72, 192, 8, 6, 0.02315555140376091
3, 43, 143, 33, 46, 0.023007014766335487
1, 297, 167, 4, 34, 0.021726999431848526
1, 25, 56, 11, 14, 0.02155224047601223
1, 1, 103, 3, 8, 0.020494483411312103
2, 87, 296, 32, 7, 0.018579544499516487
3, 92, 257, 100, 74, 0.017984196543693542
1, 249, 143, 9, 9, 0.01767934300005436
1, 110, 105, 13, 10, 0.017640091478824615
0, 43, 38, 10, 8, 0.017147712409496307
3, 254, 102, 91, 108, 0.016634561121463776
1, 166, 118, 8, 5, 0.0162469781935215
1, 32, 131, 5, 5, 0.016229907050728798
3, 262, 78, 40, 44, 0.016074907034635544
3, 34, 190, 66, 136, 0.01534774899482727
0, 174, 138, 16, 17, 0.01534609217196703
1, 104, 29, 21, 20, 0.01533844880759716
1, 144, 142, 13, 12, 0.015337858349084854
1, 182, 190, 8, 8, 0.015052198432385921
0, 131, 46, 17, 14, 0.014804777689278126
1, 126, 136, 11, 10, 0.014622360467910767
0, 255, 130, 18, 14, 0.014577050693333149
0, 92, 100, 12, 13, 0.014366405084729195
3, 120, 145, 109, 127, 0.014140217565000057
0, 157, 74, 27, 20, 0.014111404307186604
3, 133, 230, 34, 48, 0.014005918055772781
2, 91, 131, 40, 31, 0.013992318883538246
3, 65, 273, 39, 33, 0.013694190420210361
3, 225, 243, 72, 51, 0.013550231233239174
1, 83, 53, 6, 9, 0.013478479348123074
0, 105, 27, 21, 18, 0.013458275236189365
2, 297, 167, 4, 32, 0.013418151065707207
1, 249, 91, 8, 8, 0.013073891401290894
1, 110, 147, 14, 12, 0.012671313248574734
1, 9, 42, 9, 8, 0.012523561716079712
1, 270, 2, 19, 4, 0.012504822574555874
3, 126, 266, 34, 44, 0.012489235028624535
1, 15, 118, 9, 10, 0.012347009032964706
3, 237, 59, 118, 118, 0.01233453769236803
1, 297, 105, 5, 8, 0.011997031047940254
1, 25, 125, 8, 9, 0.011949349194765091
0, 175, 135, 11, 10, 0.011921372264623642
1, 55, 5, 27, 10, 0.011907159350812435
1, 118, 37, 7, 9, 0.011600838974118233
1, 44, 127, 22, 17, 0.011594005860388279
1, 296, 74, 6, 29, 0.011406820267438889
1, 298, 119, 2, 6, 0.011213382706046104
1, 1, 120, 3, 10, 0.01120409183204174
1, 86, 44, 8, 7, 0.0111801503226161
0, 25, 57, 10, 12, 0.011178743094205856
1, 88, 60, 18, 20, 0.010915236547589302
1, 82, 237, 28, 23, 0.010838986374437809
1, 30, 120, 15, 16, 0.010769302025437355
1, 139, 218, 18, 19, 0.010686087422072887
3, 94, 187, 88, 158, 0.010589121840894222
1, 159, 52, 22, 15, 0.010345112532377243
1, 169, 141, 17, 16, 0.010318710468709469
1, 250, 32, 25, 16, 0.010271074250340462
1, 1, 76, 3, 15, 0.010099668987095356
3, 130, 46, 21, 17, 0.010091925039887428
1, 101, 101, 13, 15, 0.010090653784573078
1, 155, 121, 7, 6, 0.009984197095036507
1, 129, 57, 18, 14, 0.00995399709790945
1, 13, 1, 25, 3, 0.009880727156996727
1, 58, 38, 22, 18, 0.009878656826913357
3, 207, 28, 39, 30, 0.009859436191618443
2, 260, 100, 32, 18, 0.009835626929998398
1, 140, 192, 5, 4, 0.00979221798479557
3, 129, 52, 122, 103, 0.009596799500286579
0, 42, 44, 18, 19, 0.009535429067909718
3, 70, 230, 83, 74, 0.00945986993610859
1, 180, 184, 16, 15, 0.009357715956866741
1, 19, 50, 9, 12, 0.009326762519776821
1, 72, 200, 11, 10, 0.00932026095688343
2, 247, 95, 23, 23, 0.00928753986954689
0, 148, 126, 12, 10, 0.009282604791224003
1, 101, 198, 5, 7, 0.00922764465212822
1, 238, 199, 16, 15, 0.009227191098034382
1, 125, 58, 9, 9, 0.009192672558128834
0, 57, 37, 20, 17, 0.009165221825242043
1, 81, 53, 11, 10, 0.009052534587681293
3, 89, 286, 44, 18, 0.008944808505475521
0, 27, 10, 25, 21, 0.008882011286914349
1, 28, 125, 14, 11, 0.00887447502464056
1, 117, 97, 8, 5, 0.008842894807457924
0, 163, 146, 16, 16, 0.008744416758418083
2, 204, 46, 41, 42, 0.008648849092423916
0, 84, 237, 23, 19, 0.008542856201529503
3, 243, 142, 112, 136, 0.008534617722034454
1, 141, 223, 15, 12, 0.008241997100412846
1, 171, 194, 7, 6, 0.008182521909475327
0, 52, 56, 23, 27, 0.008127084001898766
1, 55, 38, 14, 11, 0.008111711591482162
1, 245, 53, 10, 9, 0.007988338358700275
1, 37, 112, 10, 10, 0.00793853122740984
2, 264, 86, 24, 24, 0.007932637818157673
1, 251, 2, 8, 4, 0.007905133999884129
3, 107, 5, 45, 10, 0.00790050532668829
3, 16, 196, 24, 39, 0.007828245870769024
1, 123, 19, 5, 6, 0.007696677464991808
1, 254, 129, 18, 16, 0.007549948524683714
1, 27, 159, 10, 8, 0.007532354909926653
1, 224, 178, 6, 6, 0.007445007096976042
1, 253, 65, 13, 14, 0.007403161842375994
1, 34, 123, 11, 10, 0.007369609549641609
1, 15, 139, 23, 20, 0.007368987891823053
3, 211, 148, 73, 32, 0.007233469281345606
1, 163, 203, 6, 5, 0.007211583200842142
3, 287, 156, 24, 47, 0.0071898349560797215
3, 121, 253, 55, 69, 0.007174232043325901
3, 31, 110, 23, 25, 0.007158124353736639
1, 233, 68, 10, 10, 0.007128586992621422
1, 118, 39, 11, 12, 0.007056203670799732
1, 269, 77, 18, 20, 0.0069249337539076805
1, 192, 119, 9, 8, 0.006889057345688343
3, 262, 23, 61, 46, 0.006851015612483025
1, 144, 135, 11, 11, 0.006837836001068354
3, 128, 51, 28, 32, 0.006737509276717901
1, 60, 206, 8, 8, 0.006699739955365658
1, 13, 230, 23, 16, 0.006654675118625164
3, 293, 97, 12, 32, 0.0066484492272138596
0, 50, 215, 10, 9, 0.006598736625164747
3, 17, 20, 28, 25, 0.006574845872819424
1, 150, 127, 7, 8, 0.006556892767548561
1, 267, 235, 23, 21, 0.00654911994934082
1, 160, 213, 14, 12, 0.006546942517161369
3, 192, 5, 38, 11, 0.0065065594390034676
3, 296, 5, 7, 10, 0.0064056022092700005
1, 292, 187, 8, 9, 0.006372284144163132
1, 18, 148, 22, 14, 0.006369881331920624
1, 288, 98, 10, 9, 0.006341036409139633
3, 155, 154, 104, 133, 0.006334153935313225
3, 43, 128, 30, 20, 0.006326301489025354
1, 123, 39, 14, 11, 0.006269937846809626
0, 133, 67, 14, 18, 0.006266575772315264
1, 208, 180, 7, 6, 0.006244128569960594
3, 199, 36, 66, 57, 0.006231474690139294
0, 100, 99, 16, 15, 0.006191848777234554
1, 148, 126, 12, 10, 0.006184142082929611
1, 170, 3, 13, 6, 0.006182035431265831
1, 196, 37, 9, 9, 0.006154619622975588
3, 125, 221, 53, 63, 0.006138330791145563
0, 140, 224, 16, 13, 0.006069215480238199
1, 252, 101, 11, 9, 0.0060634249821305275
3, 93, 102, 33, 24, 0.006049499846994877
1, 103, 33, 16, 14, 0.00604893546551466
1, 96, 44, 7, 9, 0.006045931484550238
1, 239, 123, 8, 7, 0.0059740180149674416
1, 183, 88, 23, 21, 0.005961630959063768
1, 106, 145, 23, 16, 0.005950575694441795
3, 233, 222, 59, 63, 0.005916151218116283
1, 89, 54, 10, 9, 0.0059112790040671825
3, 35, 126, 49, 45, 0.005907220300287008
1, 160, 191, 10, 11, 0.005874729715287685
0, 229, 226, 16, 16, 0.00581491831690073
1, 264, 3, 34, 7, 0.005754904355853796
0, 21, 177, 15, 15, 0.005733684170991182
1, 256, 39, 15, 12, 0.005707003176212311
0, 290, 135, 14, 11, 0.005638974718749523
1, 107, 130, 17, 21, 0.005628916900604963
1, 93, 200, 5, 4, 0.0056104036048054695
1, 159, 151, 17, 12, 0.005569391418248415
1, 175, 4, 22, 8, 0.005564716644585133
