0, 194.07196044921875, 214.18089294433594, 27.880172729492188, 30.4156494140625, 0.7270330190658569
0, 183.77499389648438, 141.3545684814453, 22.81195068359375, 25.536285400390625, 0.6835241913795471
0, 92.0180435180664, 198.42678833007812, 37.49693298339844, 36.7840576171875, 0.6653454899787903
0, 264.33013916015625, 207.00534057617188, 32.40879821777344, 35.40950012207031, 0.6493330001831055
0, 32.76723861694336, 214.89459228515625, 27.512922286987305, 26.812103271484375, 0.6381941437721252
0, 6.360734939575195, 216.05445861816406, 12.662826538085938, 26.430938720703125, 0.6183823943138123
0, 261.4151916503906, 176.990478515625, 28.043319702148438, 26.860015869140625, 0.6026419997215271
0, 365.6904296875, 160.681640625, 19.52532958984375, 20.675949096679688, 0.5854213237762451
0, 18.269304275512695, 154.61630249023438, 34.08426284790039, 37.062530517578125, 0.5786011219024658
0, 209.6461181640625, 122.32801055908203, 34.83308410644531, 34.46968078613281, 0.5765388607978821
0, 30.378786087036133, 94.37991333007812, 36.060909271240234, 40.17316436767578, 0.5281737446784973
0, 415.7669677734375, 191.1580810546875, 37.011016845703125, 44.24540710449219, 0.5234637260437012
0, 50.130104064941406, 71.17683410644531, 20.788734436035156, 21.40418243408203, 0.5189584493637085
0, 54.735469818115234, 126.30581665039062, 36.73859405517578, 41.275245666503906, 0.4961552619934082
1, 475.22833251953125, 130.20098876953125, 10.428924560546875, 8.222427368164062, 0.4876177906990051
0, 301.05657958984375, 129.53501892089844, 41.459686279296875, 43.81713104248047, 0.4805031716823578
0, 380.9631652832031, 183.973388671875, 32.0181884765625, 33.639617919921875, 0.4509119391441345
0, 457.02239990234375, 204.12722778320312, 35.670928955078125, 36.49293518066406, 0.439915269613266
0, 213.33926391601562, 173.59121704101562, 36.52888488769531, 37.77867126464844, 0.40866875648498535
1, 453.20709228515625, 132.29940795898438, 9.007476806640625, 9.757293701171875, 0.35646817088127136
0, 323.6291809082031, 179.14047241210938, 56.0537109375, 62.63165283203125, 0.3186115324497223
0, 152.31182861328125, 107.63536834716797, 46.7122802734375, 49.78599548339844, 0.2747039496898651
0, 98.1951904296875, 112.29847717285156, 38.486717224121094, 43.073883056640625, 0.2726875841617584
0, 239.36688232421875, 147.7147674560547, 19.759521484375, 19.455169677734375, 0.2682816684246063
