0, 485.0, 486.0, 42.0, 39.0, 0.9441471695899963
0, 342.0, 67.0, 22.0, 32.0, 0.9109885096549988
0, 30.0, 280.0, 29.0, 28.0, 0.909630298614502
0, 493.0, 15.0, 21.0, 26.0, 0.9093308448791504
0, 213.0, 409.0, 27.0, 25.0, 0.9062492251396179
0, 285.0, 439.0, 27.0, 24.0, 0.9032957553863525
0, 333.0, 234.0, 20.0, 22.0, 0.9029801487922668
0, 162.0, 79.0, 32.0, 26.0, 0.9027626514434814
0, 364.0, 427.0, 26.0, 32.0, 0.9027284979820251
0, 181.0, 352.0, 24.0, 26.0, 0.8966791033744812
0, 228.0, 429.0, 21.0, 32.0, 0.8961779475212097
0, 296.0, 467.0, 25.0, 27.0, 0.8941138982772827
0, 160.0, 323.0, 28.0, 22.0, 0.8935800790786743
0, 244.0, 355.0, 31.0, 41.0, 0.89080810546875
0, 394.0, 471.0, 27.0, 26.0, 0.8883865475654602
0, 78.0, 377.0, 22.0, 21.0, 0.8883030414581299
0, 166.0, 472.0, 25.0, 29.0, 0.8879261016845703
0, 485.0, 150.0, 22.0, 28.0, 0.8790208101272583
0, 301.0, 363.0, 20.0, 28.0, 0.8785567879676819
0, 356.0, 302.0, 23.0, 34.0, 0.8784497380256653
0, 242.0, 213.0, 25.0, 28.0, 0.8784108757972717
0, 75.0, 252.0, 33.0, 27.0, 0.8780933022499084
0, 276.0, 404.0, 30.0, 24.0, 0.8746336698532104
0, 340.0, 411.0, 21.0, 30.0, 0.871632993221283
0, 197.0, 332.0, 25.0, 24.0, 0.8694183230400085
0, 280.0, 282.0, 24.0, 24.0, 0.8674122095108032
0, 259.0, 390.0, 25.0, 23.0, 0.866788387298584
0, 223.0, 62.0, 34.0, 23.0, 0.8637011647224426
0, 321.0, 473.0, 26.0, 20.0, 0.8627198338508606
0, 372.0, 80.0, 31.0, 22.0, 0.861258327960968
0, 188.0, 483.0, 21.0, 25.0, 0.8551221489906311
0, 372.0, 459.0, 16.0, 23.0, 0.8533615469932556
0, 480.0, 68.0, 22.0, 23.0, 0.8503117561340332
0, 260.0, 432.0, 26.0, 22.0, 0.849204421043396
0, 213.0, 145.0, 22.0, 18.0, 0.8465270400047302
0, 17.0, 260.0, 32.0, 25.0, 0.8417015671730042
0, 178.0, 380.0, 17.0, 16.0, 0.8412489295005798
0, 251.0, 279.0, 30.0, 23.0, 0.840826153755188
0, 442.0, 246.0, 20.0, 20.0, 0.8398866653442383
0, 79.0, 419.0, 22.0, 19.0, 0.8366113305091858
0, 360.0, 236.0, 17.0, 42.0, 0.8336281180381775
0, 190.0, 268.0, 29.0, 33.0, 0.8324896693229675
0, 504.0, 439.0, 14.0, 27.0, 0.8290585875511169
0, 83.0, 498.0, 32.0, 26.0, 0.8269287943840027
0, 145.0, 52.0, 41.0, 22.0, 0.8247473835945129
0, 411.0, 249.0, 24.0, 34.0, 0.8229528665542603
0, 110.0, 298.0, 17.0, 21.0, 0.8213002681732178
0, 471.0, 38.0, 15.0, 18.0, 0.820298969745636
0, 423.0, 349.0, 16.0, 23.0, 0.8120575547218323
0, 353.0, 491.0, 14.0, 17.0, 0.8100172281265259
0, 369.0, 112.0, 22.0, 22.0, 0.8081378936767578
0, 147.0, 497.0, 28.0, 21.0, 0.8031631112098694
0, 140.0, 24.0, 21.0, 27.0, 0.7997505068778992
0, 29.0, 477.0, 14.0, 18.0, 0.7916138172149658
0, 222.0, 115.0, 30.0, 21.0, 0.7854556441307068
0, 471.0, 297.0, 10.0, 12.0, 0.7804281115531921
0, 105.0, 423.0, 23.0, 24.0, 0.7803919315338135
0, 46.0, 50.0, 18.0, 21.0, 0.7780483961105347
0, 503.0, 389.0, 17.0, 19.0, 0.7765856385231018
0, 302.0, 224.0, 16.0, 28.0, 0.7764773368835449
0, 313.0, 300.0, 17.0, 21.0, 0.7727068662643433
0, 161.0, 186.0, 24.0, 30.0, 0.7714447379112244
0, 203.0, 221.0, 19.0, 18.0, 0.7707853317260742
0, 111.0, 501.0, 19.0, 21.0, 0.7608440518379211
0, 45.0, 231.0, 30.0, 16.0, 0.7591692805290222
0, 305.0, 130.0, 18.0, 21.0, 0.7587674260139465
0, 228.0, 334.0, 14.0, 18.0, 0.7568249106407166
0, 39.0, 413.0, 18.0, 20.0, 0.7565194964408875
0, 318.0, 427.0, 20.0, 29.0, 0.7560895085334778
0, 265.0, 360.0, 16.0, 18.0, 0.7559857368469238
0, 350.0, 462.0, 17.0, 20.0, 0.7555790543556213
0, 283.0, 216.0, 17.0, 33.0, 0.7548862099647522
0, 203.0, 28.0, 55.0, 22.0, 0.7526444792747498
0, 66.0, 4.0, 26.0, 8.0, 0.7508413195610046
0, 169.0, 43.0, 31.0, 22.0, 0.7507125735282898
0, 337.0, 304.0, 19.0, 22.0, 0.7504584193229675
0, 481.0, 508.0, 17.0, 7.0, 0.7474753856658936
0, 348.0, 95.0, 16.0, 18.0, 0.7465763092041016
0, 195.0, 87.0, 30.0, 23.0, 0.7462033033370972
0, 232.0, 503.0, 22.0, 16.0, 0.7455329298973083
0, 9.0, 230.0, 19.0, 33.0, 0.7408182621002197
0, 161.0, 21.0, 23.0, 15.0, 0.7391843199729919
0, 31.0, 4.0, 28.0, 9.0, 0.7365650534629822
0, 380.0, 266.0, 30.0, 44.0, 0.7354661822319031
0, 200.0, 461.0, 11.0, 11.0, 0.735458493232727
0, 464.0, 413.0, 22.0, 26.0, 0.7326983213424683
0, 340.0, 187.0, 22.0, 35.0, 0.7254645824432373
0, 294.0, 344.0, 11.0, 11.0, 0.7232082486152649
0, 477.0, 207.0, 15.0, 26.0, 0.7225445508956909
0, 215.0, 499.0, 14.0, 15.0, 0.7211322784423828
0, 71.0, 100.0, 24.0, 23.0, 0.7182905673980713
0, 268.0, 232.0, 11.0, 25.0, 0.7154366970062256
0, 265.0, 207.0, 15.0, 27.0, 0.7154070138931274
0, 51.0, 117.0, 18.0, 21.0, 0.7077933549880981
0, 142.0, 341.0, 13.0, 17.0, 0.7042866349220276
0, 161.0, 230.0, 22.0, 19.0, 0.701525092124939
0, 146.0, 5.0, 23.0, 11.0, 0.6971797347068787
0, 490.0, 399.0, 11.0, 11.0, 0.6928486227989197
0, 53.0, 140.0, 30.0, 20.0, 0.6869476437568665
0, 402.0, 129.0, 11.0, 13.0, 0.6867743730545044
0, 78.0, 201.0, 12.0, 13.0, 0.6809184551239014
0, 8.0, 418.0, 16.0, 15.0, 0.6806005239486694
0, 83.0, 276.0, 32.0, 24.0, 0.6759299039840698
0, 108.0, 360.0, 17.0, 22.0, 0.6729983687400818
0, 477.0, 311.0, 12.0, 11.0, 0.6582337617874146
0, 360.0, 127.0, 13.0, 17.0, 0.643753707408905
0, 82.0, 338.0, 28.0, 19.0, 0.641520082950592
0, 170.0, 306.0, 18.0, 17.0, 0.6368017196655273
0, 45.0, 434.0, 26.0, 17.0, 0.630354642868042
0, 50.0, 504.0, 16.0, 15.0, 0.6271711587905884
0, 289.0, 509.0, 16.0, 5.0, 0.6245885491371155
0, 327.0, 340.0, 17.0, 26.0, 0.6229237914085388
0, 240.0, 482.0, 30.0, 22.0, 0.6212352514266968
0, 505.0, 35.0, 8.0, 10.0, 0.6195085644721985
0, 419.0, 164.0, 12.0, 17.0, 0.6191465258598328
0, 322.0, 255.0, 16.0, 16.0, 0.6140596866607666
0, 437.0, 217.0, 16.0, 20.0, 0.6111456155776978
0, 445.0, 289.0, 20.0, 30.0, 0.6060941219329834
0, 451.0, 229.0, 18.0, 10.0, 0.602922260761261
