0, 271, 162, 31, 37, 0.9708659648895264
0, 361, 374, 38, 41, 0.9630975723266602
0, 436, 230, 40, 40, 0.9625340104103088
0, 194, 495, 32, 33, 0.957923412322998
0, 496, 219, 31, 37, 0.9469648003578186
0, 326, 462, 31, 38, 0.9467073082923889
0, 432, 268, 32, 37, 0.9464494585990906
0, 288, 136, 33, 38, 0.9458837509155273
0, 464, 57, 33, 28, 0.9388870000839233
0, 365, 422, 39, 41, 0.9370198249816895
0, 264, 313, 28, 37, 0.9370077848434448
0, 221, 76, 37, 35, 0.9333887100219727
0, 412, 173, 27, 35, 0.9299483299255371
0, 259, 82, 31, 39, 0.9208354949951172
0, 260, 37, 29, 29, 0.9182801842689514
0, 449, 488, 32, 35, 0.9144412875175476
0, 160, 35, 32, 35, 0.9143124222755432
0, 380, 185, 33, 25, 0.9142376780509949
0, 66, 483, 22, 33, 0.9137027263641357
0, 258, 246, 29, 34, 0.913055419921875
0, 352, 308, 36, 39, 0.911189079284668
0, 214, 252, 29, 41, 0.9098620414733887
0, 97, 71, 31, 29, 0.9090593457221985
0, 448, 315, 35, 34, 0.9069502949714661
0, 167, 86, 26, 48, 0.9060292840003967
0, 20, 459, 20, 29, 0.9003139138221741
0, 400, 390, 29, 31, 0.8985471725463867
0, 40, 395, 30, 28, 0.8963056802749634
0, 392, 269, 33, 31, 0.8923525810241699
0, 451, 174, 42, 44, 0.8922698497772217
0, 77, 53, 29, 29, 0.890228807926178
0, 470, 222, 30, 38, 0.8897587656974792
0, 314, 179, 30, 40, 0.8854311108589172
0, 192, 114, 37, 42, 0.8837064504623413
0, 338, 32, 29, 29, 0.8816024661064148
0, 122, 262, 43, 32, 0.8789199590682983
0, 243, 138, 38, 31, 0.8736703395843506
0, 292, 53, 29, 28, 0.8680316805839539
0, 411, 81, 36, 27, 0.8674509525299072
0, 373, 34, 23, 23, 0.8663966059684753
0, 273, 395, 21, 34, 0.8655935525894165
0, 369, 471, 39, 38, 0.8639435172080994
0, 235, 38, 22, 31, 0.8624425530433655
0, 125, 69, 25, 30, 0.8611614108085632
0, 245, 204, 30, 32, 0.8585963249206543
0, 195, 315, 30, 29, 0.8583724498748779
0, 486, 306, 33, 34, 0.8561739325523376
0, 60, 24, 31, 30, 0.8524755239486694
0, 417, 420, 35, 37, 0.8513876795768738
0, 347, 234, 34, 34, 0.8511396646499634
0, 184, 465, 29, 29, 0.8501166105270386
0, 490, 430, 33, 39, 0.8484365940093994
0, 485, 85, 29, 29, 0.8442311882972717
0, 392, 332, 30, 34, 0.8419633507728577
0, 344, 182, 26, 29, 0.8407137989997864
0, 17, 240, 34, 24, 0.8370317220687866
0, 22, 43, 39, 27, 0.8339793682098389
0, 88, 448, 26, 28, 0.8330512046813965
0, 486, 503, 31, 17, 0.8312057256698608
0, 99, 37, 29, 33, 0.8275654315948486
0, 133, 419, 28, 25, 0.8261263966560364
0, 403, 13, 28, 26, 0.8210296034812927
0, 274, 273, 27, 31, 0.8135362267494202
0, 180, 213, 23, 16, 0.8066719770431519
0, 10, 215, 21, 31, 0.7991419434547424
0, 103, 183, 35, 19, 0.7959003448486328
0, 488, 5, 28, 11, 0.7934867143630981
0, 234, 416, 31, 34, 0.787427544593811
0, 89, 497, 22, 29, 0.7816643714904785
0, 115, 445, 25, 22, 0.778563916683197
0, 157, 413, 24, 30, 0.7738383412361145
0, 26, 419, 19, 20, 0.7736243009567261
0, 325, 331, 21, 33, 0.7654860615730286
0, 238, 465, 28, 29, 0.7600892782211304
0, 302, 295, 24, 15, 0.7564728856086731
0, 374, 141, 31, 39, 0.7557265162467957
0, 450, 351, 30, 31, 0.747580349445343
0, 462, 279, 28, 33, 0.7462866306304932
0, 75, 418, 25, 36, 0.7186201810836792
0, 312, 391, 21, 27, 0.7173534631729126
0, 189, 41, 28, 46, 0.7164544463157654
0, 234, 298, 38, 27, 0.7060749530792236
0, 117, 401, 24, 20, 0.7024854421615601
0, 340, 390, 25, 36, 0.7007092237472534
0, 256, 113, 28, 28, 0.7003612518310547
0, 189, 346, 23, 27, 0.69463711977005
0, 506, 143, 11, 31, 0.6903798580169678
0, 328, 209, 32, 25, 0.6874703764915466
0, 502, 190, 18, 34, 0.6841809153556824
0, 27, 272, 22, 29, 0.6779458522796631
0, 188, 5, 32, 10, 0.6654907464981079
0, 320, 59, 23, 22, 0.6572980284690857
0, 99, 290, 29, 29, 0.6519215106964111
0, 118, 8, 22, 17, 0.6464468836784363
0, 136, 87, 32, 35, 0.6421169638633728
0, 436, 21, 22, 20, 0.6344093680381775
0, 21, 385, 13, 19, 0.6273694634437561
0, 505, 324, 12, 14, 0.6252120733261108
0, 5, 466, 11, 32, 0.6248958706855774
0, 290, 197, 26, 29, 0.6246223449707031
0, 133, 241, 41, 26, 0.6234431862831116
0, 35, 446, 26, 25, 0.6226610541343689
0, 252, 430, 29, 29, 0.6181713342666626
0, 214, 338, 22, 21, 0.6052621006965637
0, 468, 393, 16, 18, 0.6040396094322205
0, 506, 325, 11, 14, 0.04467376694083214
0, 431, 114, 28, 30, 0.014940298162400723
0, 32, 274, 32, 33, 0.016850631684064865
0, 505, 323, 11, 12, 0.026094608008861542
0, 236, 264, 22, 29, 0.15346214175224304
0, 136, 87, 35, 36, 0.07062733173370361
0, 459, 437, 24, 27, 0.39450785517692566
0, 401, 120, 23, 28, 0.019211631268262863
0, 115, 445, 25, 23, 0.030243614688515663
0, 189, 34, 26, 23, 0.0325535424053669
0, 360, 99, 36, 31, 0.5592822432518005
0, 367, 4, 30, 9, 0.01694745384156704
0, 190, 29, 28, 31, 0.04447348043322563
0, 159, 502, 21, 18, 0.068353570997715
0, 236, 261, 24, 33, 0.4474775791168213
0, 32, 274, 32, 33, 0.016850631684064865
0, 236, 266, 20, 21, 0.0263578649610281
0, 461, 279, 27, 33, 0.03005463443696499
0, 160, 502, 24, 18, 0.3585614264011383
0, 185, 372, 30, 26, 0.3610229790210724
0, 121, 503, 15, 16, 0.16093024611473083
0, 427, 36, 22, 22, 0.020889369770884514
0, 507, 310, 9, 30, 0.024602999910712242
0, 152, 373, 31, 26, 0.10144078731536865
0, 107, 416, 20, 18, 0.5628058910369873
0, 151, 372, 27, 25, 0.18799836933612823
0, 159, 470, 23, 19, 0.02813461795449257
0, 102, 183, 35, 19, 0.025012701749801636
0, 186, 372, 29, 25, 0.28439417481422424
0, 432, 111, 26, 23, 0.24954301118850708
0, 108, 415, 22, 19, 0.04591989517211914
0, 75, 418, 26, 37, 0.07885853946208954
0, 170, 313, 20, 27, 0.030368434265255928
0, 107, 415, 21, 18, 0.015896998345851898
0, 121, 503, 16, 17, 0.3649477958679199
0, 454, 401, 12, 13, 0.07172603160142899
0, 314, 179, 30, 40, 0.03427639976143837
0, 217, 382, 30, 27, 0.3650575578212738
0, 296, 90, 26, 24, 0.12101703137159348
0, 507, 349, 9, 22, 0.04526468738913536
0, 156, 386, 23, 16, 0.5849220752716064
0, 247, 8, 24, 16, 0.41530245542526245
0, 508, 303, 7, 23, 0.05470802262425423
0, 413, 494, 26, 26, 0.07681397348642349
0, 508, 300, 6, 24, 0.02633732184767723
0, 158, 470, 22, 18, 0.567779004573822
0, 9, 322, 19, 16, 0.5246611833572388
0, 175, 349, 26, 31, 0.04437006264925003
0, 454, 402, 13, 15, 0.017731191590428352
0, 157, 361, 23, 17, 0.030409930273890495
0, 462, 285, 24, 20, 0.02234497480094433
0, 68, 273, 37, 34, 0.02236935868859291
0, 234, 268, 19, 18, 0.016567986458539963
0, 84, 254, 36, 26, 0.32631784677505493
0, 486, 503, 30, 16, 0.02495594695210457
0, 268, 351, 23, 23, 0.019962536171078682
0, 147, 86, 25, 32, 0.023921029642224312
0, 5, 463, 10, 31, 0.027613788843154907
0, 507, 454, 8, 24, 0.015895750373601913
0, 183, 284, 25, 26, 0.48511597514152527
0, 5, 465, 11, 32, 0.19554702937602997
0, 140, 301, 26, 22, 0.1105300709605217
0, 267, 352, 21, 21, 0.08176105469465256
0, 132, 470, 14, 21, 0.08983591943979263
0, 171, 349, 26, 32, 0.36396995186805725
0, 290, 197, 26, 29, 0.07527710497379303
0, 266, 351, 18, 20, 0.06650246679782867
0, 190, 339, 18, 11, 0.016640903428196907
0, 199, 145, 16, 21, 0.018275175243616104
0, 189, 22, 22, 16, 0.0253908671438694
0, 494, 440, 14, 16, 0.02170790173113346
0, 85, 256, 35, 22, 0.1510714888572693
0, 415, 491, 30, 30, 0.309733510017395
0, 246, 295, 20, 25, 0.0858767032623291
0, 506, 148, 10, 43, 0.031176509335637093
0, 507, 354, 9, 22, 0.05344235159545578
0, 296, 89, 25, 24, 0.06799331656943758
0, 414, 491, 29, 29, 0.16921959142932008
0, 139, 301, 24, 20, 0.1004191995325665
0, 462, 286, 20, 17, 0.022555177153340544
0, 170, 312, 22, 26, 0.31515837126270385
0, 247, 293, 17, 21, 0.07908440984923858
0, 455, 401, 13, 13, 0.1862993373350083
0, 69, 271, 37, 31, 0.1875309242237354
0, 68, 271, 34, 30, 0.11260648563285738
0, 247, 7, 24, 14, 0.21344590030459543
0, 508, 437, 6, 34, 0.0339904990465837
0, 152, 369, 30, 32, 0.17497414275527956
0, 217, 383, 31, 28, 0.21941418589730202
0, 506, 359, 10, 35, 0.04168105276133891
0, 507, 445, 8, 38, 0.03872666772127172
0, 64, 116, 19, 17, 0.19883949938311712
0, 189, 10, 34, 21, 0.020024087806298777
0, 191, 23, 28, 19, 0.028120281029614995
0, 191, 23, 28, 19, 0.028120281029614995
0, 358, 164, 14, 21, 0.05573312193155289
0, 475, 257, 27, 18, 0.09487821607801894
0, 296, 333, 14, 15, 0.07682183564670642
0, 174, 356, 16, 16, 0.03247729335473974
0, 314, 135, 17, 20, 0.018231254070997238
0, 313, 132, 19, 27, 0.06797289466094805
0, 173, 341, 15, 16, 0.0237459925642475
0, 252, 292, 26, 27, 0.06380112189665725
0, 4, 457, 9, 22, 0.020146733675241894
0, 9, 63, 18, 32, 0.1017465591430664
0, 313, 132, 19, 27, 0.06797289466094805
0, 312, 131, 21, 28, 0.05351709787436082
0, 312, 131, 21, 28, 0.05351709787436082
0, 139, 300, 23, 19, 0.0984967695686251
0, 217, 383, 31, 29, 0.2501008926373324
0, 296, 331, 12, 12, 0.3059260455203608
0, 172, 340, 13, 15, 0.02218593569763557
0, 139, 300, 23, 19, 0.0984967695686251
0, 359, 164, 18, 22, 0.09702755318362674
0, 217, 383, 31, 29, 0.2501008926373324
0, 509, 442, 5, 30, 0.02983439044357842
0, 509, 442, 5, 30, 0.02983439044357842
0, 345, 14, 22, 19, 0.06062871217727661
0, 253, 288, 23, 20, 0.04006628531728253
0, 4, 374, 9, 31, 0.019666409119963646
0, 105, 277, 17, 15, 0.0542328261304649
0, 3, 379, 7, 22, 0.047733232417900215
0, 431, 30, 30, 34, 0.016345510259270668
0, 208, 160, 22, 35, 0.13055890798568726
0, 208, 156, 21, 30, 0.13202853654229477
0, 69, 331, 23, 14, 0.1406626736153161
0, 69, 331, 22, 13, 0.0796994283324068
0, 8, 58, 17, 23, 0.0814621243267644
0, 25, 418, 17, 20, 0.07666907749472492
0, 391, 215, 28, 27, 0.1172905262698074
0, 8, 58, 17, 23, 0.0814621243267644
0, 25, 418, 17, 20, 0.07666907749472492
0, 187, 52, 22, 24, 0.050977259427933325
0, 198, 99, 24, 21, 0.04109045233914492
0, 314, 313, 13, 12, 0.06513073689926074
0, 170, 354, 24, 22, 0.10449613565480831
0, 498, 363, 16, 26, 0.03763727761443608
0, 499, 365, 16, 22, 0.048478296704829435
0, 166, 502, 35, 19, 0.1319054258115279
0, 70, 117, 33, 21, 0.25018987224500217
0, 499, 365, 16, 22, 0.048478296704829435
0, 212, 47, 28, 21, 0.2760029302207496
0, 70, 117, 33, 21, 0.25018987224500217
0, 170, 354, 24, 22, 0.10449613565480831
0, 170, 354, 24, 22, 0.10449613565480831
0, 142, 201, 27, 14, 0.11306606612875816
0, 172, 338, 12, 10, 0.038882641951585584
0, 211, 47, 26, 21, 0.03261518478393555
0, 243, 138, 38, 30, 0.04663560596984445
0, 70, 300, 31, 25, 0.10984244056333073
0, 35, 484, 24, 30, 0.13450080087296992
0, 142, 201, 27, 14, 0.11306606612875816
0, 313, 10, 28, 20, 0.14119361920233134
0, 212, 15, 17, 13, 0.2470640552570912
0, 70, 117, 33, 21, 0.25018987224500217
0, 198, 99, 24, 21, 0.04109045233914492
0, 134, 15, 24, 26, 0.1309416716526632
0, 24, 308, 32, 25, 0.13124864388713534
0, 24, 308, 32, 25, 0.13124864388713534
0, 148, 202, 14, 11, 0.020552802387266117
0, 166, 502, 35, 19, 0.1319054258115279
0, 198, 99, 24, 21, 0.04109045233914492
0, 212, 15, 17, 13, 0.2470640552570912
0, 125, 9, 35, 18, 0.044606579241649486
0, 125, 9, 35, 18, 0.044606579241649486
0, 134, 15, 24, 26, 0.1309416716526632
0, 148, 202, 14, 11, 0.020552802387266117
0, 148, 202, 14, 11, 0.020552802387266117
0, 328, 177, 17, 40, 0.04716532428945758
0, 23, 306, 30, 22, 0.25004312105448256
0, 148, 202, 14, 11, 0.020552802387266117
0, 195, 166, 29, 29, 0.07177041770359921
0, 70, 298, 32, 28, 0.22325876771100525
0, 2, 383, 5, 15, 0.028633509014801925
0, 498, 363, 16, 26, 0.03763727761443608
0, 314, 10, 30, 20, 0.27145075658493245
0, 70, 300, 31, 25, 0.10984244056333073
0, 484, 124, 32, 26, 0.08030405670650963
0, 198, 99, 24, 21, 0.04109045233914492
0, 133, 241, 40, 25, 0.26172810259310164
0, 196, 166, 30, 30, 0.18280504856600863
0, 35, 484, 24, 30, 0.13450080087296992
0, 39, 183, 34, 15, 0.14002311844107448
0, 390, 153, 18, 20, 0.05614610098714015
0, 195, 166, 29, 29, 0.07177041770359921
0, 39, 183, 34, 15, 0.14002311844107448
0, 110, 201, 30, 18, 0.09046097103287828
0, 131, 148, 35, 25, 0.08254723177530854
0, 196, 166, 30, 30, 0.18280504856600863
0, 313, 314, 14, 12, 0.06247277327489932
0, 314, 313, 13, 12, 0.06513073689926074
0, 195, 166, 29, 29, 0.07177041770359921
0, 39, 183, 34, 15, 0.14002311844107448
0, 198, 99, 24, 21, 0.04109045233914492
0, 195, 166, 29, 29, 0.07177041770359921
0, 200, 160, 42, 46, 0.0595489488619979
0, 328, 177, 17, 40, 0.04716532428945758
0, 212, 47, 28, 21, 0.2760029302207496
0, 211, 47, 26, 21, 0.03261518478393555
0, 313, 314, 14, 12, 0.06247277327489932
0, 37, 183, 34, 15, 0.21209589823979563
0, 110, 201, 30, 18, 0.09046097103287828
0, 213, 144, 12, 11, 0.018417545819166138
0, 70, 298, 32, 28, 0.22325876771100525
0, 390, 153, 18, 20, 0.05614610098714015
0, 187, 52, 22, 24, 0.050977259427933325
0, 314, 297, 9, 11, 0.15250714268676363
0, 28, 6, 40, 13, 0.5994505882263184
0, 35, 485, 24, 29, 0.2214047674794267
0, 35, 484, 24, 30, 0.13450080087296992
0, 131, 148, 35, 25, 0.08254723177530854
0, 27, 7, 42, 15, 0.15853512881771137
0, 8, 58, 17, 23, 0.0814621243267644
0, 122, 262, 42, 30, 0.16665144428915846
0, 70, 300, 31, 25, 0.10984244056333073
0, 70, 300, 31, 25, 0.10984244056333073
0, 313, 313, 15, 13, 0.11423896461346734
0, 172, 338, 11, 10, 0.1405391675879783
0, 39, 183, 34, 15, 0.14002311844107448
0, 132, 466, 12, 14, 0.1499245031199398
0, 133, 241, 40, 25, 0.26172810259310164
0, 389, 153, 22, 22, 0.1571155813525204
0, 122, 262, 42, 30, 0.16665144428915846
0, 70, 300, 31, 25, 0.10984244056333073
0, 417, 421, 35, 36, 0.10387710653904665
0, 314, 10, 30, 20, 0.27145075658493245
0, 391, 215, 28, 27, 0.1172905262698074
0, 390, 153, 22, 22, 0.11973667366832971
0, 417, 421, 35, 36, 0.10387710653904665
0, 37, 183, 34, 15, 0.21209589823979563
0, 172, 338, 12, 10, 0.038882641951585584
0, 220, 2, 22, 4, 0.2247364083390368
0, 314, 313, 13, 12, 0.06513073689926074
0, 498, 366, 15, 20, 0.057949304678478746
0, 116, 404, 25, 26, 0.14220717003053487
0, 25, 418, 17, 20, 0.07666907749472492
0, 213, 144, 12, 11, 0.018417545819166138
0, 484, 124, 32, 26, 0.08030405670650963
0, 313, 10, 28, 20, 0.14119361920233134
0, 172, 338, 11, 10, 0.1405391675879783
0, 200, 160, 42, 46, 0.0595489488619979
0, 389, 153, 22, 22, 0.1571155813525204
0, 27, 7, 42, 15, 0.15853512881771137
0, 116, 404, 25, 26, 0.14220717003053487
0, 325, 330, 22, 35, 0.06672100036202362
0, 132, 466, 12, 14, 0.1499245031199398
0, 70, 300, 31, 25, 0.10984244056333073
0, 314, 10, 30, 20, 0.27145075658493245
0, 391, 215, 28, 27, 0.1172905262698074
0, 25, 418, 17, 20, 0.07666907749472492
0, 48, 393, 32, 29, 0.04536760295923888
0, 389, 153, 22, 22, 0.1571155813525204
0, 364, 2, 23, 4, 0.016366337690244655
0, 212, 47, 28, 21, 0.2760029302207496
0, 314, 313, 13, 12, 0.06513073689926074
0, 489, 440, 26, 18, 0.026673313125344288
0, 364, 2, 23, 4, 0.016366337690244655
0, 35, 485, 24, 29, 0.2214047674794267
0, 314, 313, 13, 12, 0.06513073689926074
0, 25, 418, 17, 20, 0.07666907749472492
0, 389, 153, 22, 22, 0.1571155813525204
0, 27, 7, 42, 15, 0.15853512881771137
0, 389, 153, 22, 22, 0.1571155813525204
0, 122, 262, 42, 30, 0.16665144428915846
0, 313, 314, 14, 12, 0.06247277327489932
0, 27, 7, 42, 15, 0.15853512881771137
0, 172, 338, 11, 10, 0.1405391675879783
0, 172, 338, 11, 10, 0.1405391675879783
0, 390, 153, 22, 22, 0.11973667366832971
0, 390, 153, 22, 22, 0.11973667366832971
0, 2, 383, 5, 15, 0.028633509014801925
0, 313, 313, 15, 13, 0.11423896461346734
0, 489, 440, 26, 18, 0.026673313125344288
0, 391, 215, 28, 27, 0.1172905262698074
0, 172, 338, 11, 10, 0.1405391675879783
0, 28, 6, 40, 13, 0.5994505882263184
0, 220, 2, 22, 4, 0.2247364083390368
0, 243, 138, 38, 30, 0.04663560596984445
0, 243, 138, 38, 30, 0.04663560596984445
0, 325, 330, 22, 35, 0.06672100036202362
0, 484, 124, 32, 26, 0.08030405670650963
0, 220, 2, 22, 4, 0.2247364083390368
0, 439, 450, 23, 25, 0.1423446013916614
0, 439, 450, 23, 25, 0.1423446013916614
