0 0.363991 0.405843 0.020920 0.025227
0 0.292387 0.432144 0.024220 0.022990
0 0.784832 0.838146 0.018274 0.014739
0 0.334632 0.433765 0.019002 0.019750
0 0.359285 0.253262 0.019032 0.020058
0 0.370910 0.376209 0.020525 0.016220
0 0.312674 0.435159 0.015797 0.016993
0 0.222024 0.400448 0.019203 0.018986
0 0.372492 0.064414 0.017623 0.016330
0 0.353994 0.365219 0.016940 0.017923
0 0.200734 0.904427 0.017502 0.021206
0 0.481009 0.274750 0.024500 0.016817
0 0.754271 0.112586 0.018604 0.015363
0 0.500057 0.297970 0.016588 0.016361
0 0.490988 0.249671 0.022444 0.022697
0 0.220854 0.916439 0.021356 0.020861
0 0.502077 0.933428 0.018827 0.019486
0 0.254272 0.473047 0.023653 0.017513
0 0.335013 0.370747 0.017656 0.019968
0 0.755008 0.861359 0.017873 0.017927
0 0.737289 0.855457 0.014684 0.022131
0 0.390997 0.272546 0.020713 0.017999
0 0.328324 0.058562 0.022690 0.017766
0 0.163448 0.506005 0.017384 0.017295
0 0.426849 0.329283 0.019633 0.021716
0 0.745107 0.131631 0.018164 0.023572
0 0.205023 0.926327 0.020504 0.015931
0 0.776033 0.887404 0.019166 0.017022
0 0.377309 0.755132 0.022753 0.022365
0 0.266184 0.337689 0.020188 0.016345
0 0.772941 0.855058 0.020033 0.022642
0 0.146024 0.478887 0.020441 0.021350
0 0.658252 0.772849 0.018127 0.024741
0 0.230460 0.485660 0.021911 0.018661
0 0.380938 0.238131 0.020342 0.016226
0 0.224819 0.425956 0.018927 0.015593
0 0.372492 0.732352 0.022337 0.019556
0 0.762600 0.132774 0.017508 0.023598
0 0.409643 0.284202 0.020087 0.019216
0 0.785822 0.095233 0.016485 0.019162
0 0.277165 0.499322 0.016043 0.015022
0 0.754602 0.892847 0.021119 0.022795
0 0.399776 0.235276 0.018110 0.016371
0 0.815458 0.186741 0.018715 0.013983
0 0.281349 0.416656 0.017879 0.020776
0 0.266850 0.359871 0.016914 0.016351
0 0.710701 0.727581 0.020172 0.018570
0 0.346481 0.350516 0.019247 0.013978
0 0.304515 0.347444 0.025355 0.018234
0 0.365162 0.276985 0.023110 0.020623
0 0.219308 0.466875 0.021331 0.022382
0 0.719478 0.910843 0.019907 0.016298
0 0.217161 0.517843 0.019077 0.023965
0 0.811849 0.167270 0.016560 0.020619
0 0.293102 0.378932 0.019823 0.018768
0 0.345135 0.293051 0.017255 0.018210
0 0.745352 0.093475 0.021381 0.022423
0 0.370472 0.353432 0.019122 0.018815
0 0.309799 0.365510 0.020891 0.018477
0 0.948584 0.714231 0.014779 0.019599
0 0.356965 0.306464 0.020218 0.018568
0 0.355652 0.436401 0.016579 0.017757
0 0.337856 0.041909 0.023914 0.023388
0 0.734185 0.115596 0.018248 0.018654
0 0.375284 0.712609 0.018739 0.014221
0 0.729589 0.892701 0.024433 0.019511
0 0.391078 0.774154 0.019972 0.017210
0 0.335402 0.457080 0.019812 0.022492
0 0.733462 0.077982 0.019729 0.019744
0 0.511680 0.120762 0.018753 0.015972
0 0.759951 0.073234 0.019025 0.015999
0 0.266402 0.441713 0.024171 0.021704
0 0.411695 0.322895 0.017580 0.016654
0 0.211274 0.491520 0.019517 0.015472
0 0.702178 0.746926 0.024939 0.018036
0 0.638407 0.314315 0.018742 0.017648
0 0.941238 0.749438 0.017685 0.016938
0 0.502910 0.346043 0.021878 0.018996
0 0.312385 0.466419 0.016990 0.020983
0 0.722494 0.494471 0.017535 0.024137
0 0.421992 0.350154 0.018133 0.017859
0 0.382340 0.393833 0.018802 0.024686
0 0.459509 0.384395 0.018848 0.018868
0 0.765020 0.212099 0.017899 0.017840
0 0.341246 0.335323 0.015564 0.016975
0 0.343294 0.265686 0.018079 0.020209
0 0.727142 0.595508 0.027098 0.021032
0 0.384329 0.334036 0.017573 0.018949
0 0.251307 0.493333 0.024474 0.017958
0 0.441117 0.243602 0.020996 0.019155
0 0.466344 0.362858 0.019412 0.020118
0 0.514271 0.948914 0.019883 0.015028
0 0.800510 0.484211 0.015295 0.018587
0 0.375008 0.210947 0.017662 0.014842
0 0.902581 0.131883 0.020988 0.019242
0 0.246419 0.375656 0.019129 0.016477
0 0.821262 0.088140 0.020345 0.014833
0 0.421450 0.303231 0.018677 0.018707
0 0.696480 0.689487 0.020264 0.019039
0 0.200818 0.441650 0.022270 0.019151
0 0.333948 0.337344 0.019667 0.014173
0 0.193808 0.809726 0.016331 0.019354
0 0.553406 0.988118 0.020365 0.016984
0 0.339415 0.398216 0.019744 0.017378
0 0.393783 0.367324 0.016135 0.023551
0 0.394827 0.312837 0.017911 0.014792
0 0.382145 0.293578 0.018866 0.023104
0 0.167414 0.755469 0.023814 0.017844
0 0.458642 0.325293 0.017654 0.014693
0 0.403586 0.343860 0.020029 0.018627
0 0.156252 0.672223 0.020516 0.017534
0 0.058312 0.254540 0.018089 0.021397
0 0.626619 0.283667 0.020325 0.017741
0 0.791265 0.511688 0.020785 0.017344
0 0.509344 0.276790 0.018456 0.018988
0 0.351757 0.383642 0.017480 0.015132
0 0.922413 0.480271 0.017901 0.018921
0 0.182700 0.505944 0.017073 0.017750
0 0.310699 0.447625 0.016452 0.015618
0 0.693009 0.108465 0.020720 0.020442
0 0.210488 0.336644 0.016416 0.013828
0 0.217751 0.945044 0.023604 0.025769
0 0.649454 0.329419 0.015991 0.019275
0 0.271196 0.601982 0.016960 0.016913
0 0.369361 0.080887 0.017143 0.015055
0 0.756143 0.498099 0.017809 0.016127
0 0.350020 0.092535 0.021701 0.017616
0 0.181800 0.767711 0.014950 0.016601
0 0.783480 0.124309 0.016084 0.016188
0 0.319906 0.385164 0.015415 0.014196
0 0.212758 0.691565 0.016551 0.017475
0 0.445940 0.340978 0.018823 0.018900
0 0.097908 0.592715 0.015969 0.022252
0 0.337032 0.148092 0.014305 0.014878
0 0.317854 0.097320 0.018916 0.016691
0 0.493924 0.193247 0.017259 0.020672
0 0.321442 0.321592 0.018408 0.016807
0 0.818044 0.484202 0.022196 0.018491
0 0.770540 0.089327 0.017193 0.016030
0 0.397072 0.413915 0.018557 0.018401
0 0.796458 0.854714 0.018361 0.021109
0 0.932813 0.786141 0.013342 0.014725
0 0.322484 0.538261 0.017502 0.016837
0 0.533853 0.308360 0.017217 0.019192
0 0.852248 0.473319 0.016977 0.015014
0 0.182288 0.794736 0.015286 0.017149
0 0.173156 0.489258 0.015292 0.015663
0 0.242547 0.197830 0.015557 0.019283
0 0.408042 0.384075 0.016314 0.021554
0 0.494740 0.213623 0.014576 0.015260
0 0.283162 0.397179 0.017125 0.016792
0 0.432382 0.373794 0.020380 0.019106
0 0.298792 0.310706 0.018132 0.013996
0 0.185985 0.728786 0.015695 0.017452
0 0.459400 0.302534 0.017454 0.017716
0 0.392086 0.251940 0.020057 0.016209
0 0.632936 0.334687 0.015982 0.019583
0 0.181843 0.738490 0.013895 0.020905
0 0.742382 0.511995 0.021711 0.015695
0 0.235658 0.441565 0.016808 0.018477
0 0.308090 0.635920 0.015273 0.015299
0 0.270272 0.377477 0.018684 0.017692
0 0.358423 0.606122 0.019995 0.022095
0 0.562135 0.174097 0.020808 0.016673
0 0.380678 0.423356 0.020914 0.023164
0 0.543405 0.087111 0.016379 0.015161
0 0.564623 0.972924 0.021738 0.014401
0 0.736201 0.504150 0.014915 0.016262
0 0.154910 0.028304 0.023187 0.020645
0 0.532790 0.763926 0.017345 0.015870
0 0.141798 0.201841 0.019109 0.017639
0 0.733145 0.574352 0.020989 0.015606
0 0.822097 0.719679 0.016665 0.016304
0 0.338806 0.346452 0.017481 0.019536
0 0.305104 0.403150 0.018419 0.018857
0 0.521227 0.262847 0.016692 0.013411
0 0.440197 0.645799 0.021570 0.019582
0 0.929325 0.728520 0.019303 0.025406
0 0.472055 0.010456 0.020498 0.015656
0 0.395664 0.742739 0.020010 0.021714
0 0.432444 0.281368 0.017649 0.022772
0 0.756835 0.478612 0.017043 0.019901
0 0.386591 0.276371 0.018127 0.015999
0 0.665734 0.307676 0.021920 0.016306
0 0.891289 0.145531 0.026460 0.020353
0 0.162958 0.595951 0.018457 0.019581
0 0.258591 0.398245 0.016786 0.014642
0 0.864697 0.607369 0.016817 0.013881
0 0.496712 0.325593 0.015042 0.016642
0 0.258547 0.413536 0.016733 0.014617
0 0.034972 0.271102 0.018019 0.014272
0 0.287943 0.470869 0.023643 0.018705
0 0.739723 0.233104 0.024550 0.020874
0 0.498234 0.271122 0.016078 0.020175
0 0.247071 0.513793 0.018486 0.015701
0 0.297706 0.438406 0.016348 0.025698
0 0.844901 0.078452 0.017320 0.019566
0 0.614307 0.295859 0.020036 0.016207
0 0.521987 0.330601 0.017221 0.016036
0 0.069802 0.983080 0.015648 0.020375
0 0.487340 0.323531 0.016746 0.016625
0 0.107784 0.912149 0.016062 0.016025
0 0.049418 0.403447 0.014079 0.020793
0 0.708115 0.501532 0.014612 0.018249
0 0.143710 0.598806 0.020556 0.014079
0 0.483773 0.353950 0.017746 0.018813
0 0.709219 0.118711 0.018086 0.025157
0 0.370898 0.029766 0.016967 0.019457
0 0.319039 0.561844 0.015172 0.013508
0 0.508190 0.202575 0.014563 0.018254
0 0.763568 0.134175 0.014183 0.012671
0 0.022093 0.434554 0.018782 0.018633
0 0.796651 0.185593 0.017124 0.018553
0 0.204354 0.184476 0.020289 0.015653
0 0.869670 0.647947 0.014228 0.015425
0 0.707816 0.092648 0.020906 0.020537
0 0.299483 0.449863 0.016091 0.014344
0 0.770061 0.106147 0.016082 0.020033
0 0.269777 0.364739 0.017874 0.020552
0 0.616047 0.807397 0.022124 0.019897
0 0.609606 0.289100 0.018451 0.017617
0 0.495397 0.642265 0.019030 0.022055
0 0.370840 0.319967 0.018517 0.019713
0 0.382682 0.691525 0.018300 0.021685
0 0.059027 0.760294 0.017209 0.014660
0 0.328965 0.280200 0.020770 0.019411
0 0.519736 0.300776 0.014949 0.014543
0 0.169291 0.010439 0.020326 0.016300
0 0.659103 0.885597 0.017933 0.013999
0 0.691268 0.711722 0.016130 0.013093
0 0.039144 0.421371 0.020543 0.017837
0 0.332953 0.306348 0.016843 0.014573
0 0.786557 0.489450 0.014219 0.019191
0 0.490319 0.664875 0.024818 0.017962
0 0.523464 0.189584 0.014891 0.015289
0 0.599397 0.303948 0.016605 0.019395
0 0.305792 0.184986 0.018114 0.016987
0 0.590463 0.230397 0.017586 0.017106
0 0.510176 0.752975 0.017091 0.015775
0 0.444741 0.360657 0.015216 0.018637
0 0.106813 0.604478 0.014498 0.021042
0 0.517496 0.244410 0.016882 0.021925
0 0.117475 0.665714 0.016554 0.020654
0 0.035047 0.335077 0.015478 0.015149
0 0.218605 0.606881 0.019666 0.021914
0 0.098034 0.713011 0.017491 0.017290
0 0.753464 0.775866 0.019406 0.015651
0 0.231766 0.255161 0.015551 0.019649
0 0.168954 0.778639 0.018281 0.016890
0 0.434007 0.404959 0.017766 0.023432
0 0.470262 0.337880 0.016199 0.015471
0 0.320847 0.932382 0.015097 0.017247
0 0.721002 0.135280 0.016956 0.019838
0 0.326360 0.497611 0.015933 0.011464
0 0.811338 0.700120 0.013996 0.014939
0 0.177372 0.606037 0.016780 0.022896
0 0.797100 0.889289 0.019081 0.015905
0 0.286079 0.516752 0.021040 0.017290
0 0.483734 0.924914 0.016143 0.018517
0 0.917372 0.573918 0.019870 0.015631
0 0.089085 0.229223 0.019952 0.013514
0 0.657759 0.909803 0.014738 0.015263
0 0.021122 0.383886 0.021309 0.019344
0 0.146072 0.497568 0.015648 0.015260
0 0.629000 0.777753 0.019732 0.018723
0 0.817060 0.395701 0.022665 0.016667
0 0.658166 0.750680 0.015285 0.014468
0 0.329055 0.077496 0.022569 0.017685
0 0.194495 0.597506 0.019255 0.016727
0 0.319506 0.465384 0.019504 0.021051
0 0.181646 0.883998 0.015664 0.017772
0 0.940556 0.844164 0.021677 0.019408
0 0.600821 0.373107 0.017879 0.014377
0 0.590807 0.760801 0.020034 0.017828
0 0.021044 0.363726 0.019005 0.016073
0 0.722252 0.096634 0.017267 0.016000
0 0.452406 0.186031 0.020638 0.015490
0 0.815706 0.107508 0.015168 0.017560
0 0.716787 0.311169 0.015239 0.012580
0 0.242876 0.404754 0.018228 0.020578
0 0.286190 0.189347 0.014285 0.015866
0 0.185713 0.782581 0.018148 0.012858
0 0.231977 0.873625 0.019930 0.019581
0 0.750115 0.496246 0.021813 0.018265
0 0.345693 0.049228 0.011912 0.018196
0 0.719866 0.527474 0.018200 0.017083
0 0.159208 0.474540 0.016287 0.018345
0 0.371932 0.774284 0.017105 0.013684
0 0.594362 0.394575 0.014976 0.016373
0 0.142006 0.673750 0.012443 0.014334
0 0.409368 0.936663 0.019254 0.015089
0 0.771914 0.657515 0.017814 0.015099
0 0.708667 0.521909 0.016567 0.017980
0 0.482458 0.310578 0.016464 0.014101
0 0.160993 0.049294 0.019200 0.020796
0 0.670596 0.909759 0.014874 0.015290
0 0.944904 0.784605 0.015079 0.019814
0 0.286142 0.577364 0.014880 0.013617
0 0.403009 0.413168 0.022191 0.025670
0 0.307412 0.489584 0.017293 0.016640
