0 0.612850 0.345031 0.021013 0.022774
0 0.926088 0.158395 0.019048 0.017573
0 0.148122 0.114870 0.016356 0.017350
0 0.130120 0.069145 0.019549 0.017421
0 0.273331 0.258274 0.017699 0.019455
0 0.142562 0.086802 0.019778 0.015796
0 0.140016 0.133981 0.020928 0.018560
0 0.486434 0.440381 0.021627 0.019201
0 0.314098 0.213224 0.021882 0.017482
0 0.834491 0.113400 0.020018 0.019313
0 0.816251 0.107697 0.017557 0.015643
0 0.893470 0.360254 0.023100 0.022412
0 0.523016 0.175674 0.019730 0.015803
0 0.380233 0.036540 0.022584 0.016526
0 0.790945 0.376431 0.020027 0.015951
0 0.153695 0.224859 0.019897 0.014776
0 0.287665 0.027991 0.018344 0.018148
0 0.546295 0.492432 0.021191 0.020744
0 0.851673 0.250663 0.021674 0.015811
0 0.461529 0.140017 0.014776 0.018251
0 0.626977 0.325065 0.021958 0.014703
0 0.275094 0.046319 0.017568 0.018340
0 0.153087 0.176072 0.018859 0.016378
0 0.553001 0.736675 0.023525 0.019581
0 0.284322 0.068239 0.018907 0.022794
0 0.546293 0.184629 0.020949 0.018833
0 0.141019 0.055011 0.019037 0.016384
0 0.141303 0.210296 0.019879 0.016392
0 0.804768 0.059938 0.020298 0.017613
0 0.714741 0.784744 0.022381 0.023812
0 0.221691 0.136075 0.019241 0.017023
0 0.165068 0.204379 0.021221 0.019844
0 0.320912 0.187960 0.019274 0.019006
0 0.591132 0.133270 0.019925 0.018492
0 0.667160 0.078626 0.020418 0.020000
0 0.622776 0.363299 0.019213 0.014281
0 0.869132 0.276989 0.020612 0.017999
0 0.810686 0.387919 0.015660 0.017059
0 0.908934 0.170977 0.019814 0.020113
0 0.235553 0.028321 0.019850 0.019425
0 0.265981 0.081318 0.023551 0.023786
0 0.103595 0.284131 0.023370 0.018360
0 0.824300 0.274924 0.016608 0.013775
0 0.428909 0.161010 0.016862 0.015388
0 0.857714 0.294967 0.018819 0.020029
0 0.331890 0.147059 0.020221 0.018067
0 0.520311 0.556787 0.019894 0.021468
0 0.136378 0.188059 0.015240 0.016228
0 0.441190 0.431132 0.021582 0.017511
0 0.181737 0.596153 0.021906 0.017895
0 0.213610 0.099313 0.018963 0.018538
0 0.582626 0.272923 0.016504 0.019489
0 0.612331 0.046408 0.018237 0.015508
0 0.252475 0.411501 0.022894 0.016411
0 0.379824 0.062863 0.017831 0.015840
0 0.879667 0.246294 0.021735 0.020293
0 0.086903 0.334736 0.020156 0.017385
0 0.053753 0.411584 0.017267 0.015006
0 0.900119 0.264820 0.017481 0.016946
0 0.484643 0.556469 0.019752 0.022507
0 0.064615 0.383389 0.020622 0.020288
0 0.507724 0.428003 0.017676 0.018996
0 0.124372 0.165471 0.020032 0.021593
0 0.101543 0.011736 0.018847 0.015782
0 0.372091 0.107095 0.019964 0.021822
0 0.539731 0.477332 0.017023 0.016294
0 0.169596 0.121800 0.018912 0.019076
0 0.351340 0.251057 0.021870 0.022123
0 0.082570 0.125848 0.015599 0.016386
0 0.268487 0.108661 0.019136 0.019063
0 0.383459 0.810868 0.017451 0.017493
0 0.881652 0.458961 0.019559 0.018433
0 0.635911 0.484923 0.016024 0.017169
0 0.565294 0.357596 0.020314 0.017861
0 0.903449 0.280299 0.021963 0.017518
0 0.392838 0.707538 0.021767 0.022952
0 0.311496 0.641267 0.016130 0.015647
0 0.631777 0.419755 0.017241 0.019229
0 0.450966 0.375239 0.019788 0.015793
0 0.609904 0.125629 0.018076 0.014291
0 0.778780 0.395947 0.022289 0.019047
0 0.119828 0.184231 0.017194 0.019005
0 0.653653 0.472355 0.019870 0.017938
0 0.621619 0.382066 0.018478 0.019704
0 0.684640 0.411107 0.018639 0.015389
0 0.334614 0.122572 0.018365 0.017077
0 0.238911 0.487856 0.016726 0.014232
0 0.507334 0.076453 0.016906 0.015886
0 0.881291 0.341739 0.024553 0.020112
0 0.935423 0.239696 0.017898 0.019660
0 0.877961 0.744645 0.021093 0.018241
0 0.188146 0.185748 0.017032 0.017055
0 0.359531 0.224469 0.017492 0.017575
0 0.084110 0.154085 0.017976 0.020575
0 0.268986 0.131468 0.016524 0.022554
0 0.502934 0.713341 0.016438 0.016323
0 0.866731 0.109781 0.019021 0.017750
0 0.220000 0.023629 0.014458 0.014227
0 0.116275 0.079949 0.019808 0.015829
0 0.800385 0.120723 0.025580 0.024054
0 0.150788 0.135095 0.020985 0.018542
0 0.162774 0.635004 0.019752 0.016297
0 0.594212 0.112653 0.014435 0.014809
0 0.805933 0.301376 0.017260 0.016068
0 0.457293 0.589920 0.023265 0.018490
0 0.785296 0.072599 0.017017 0.019110
0 0.292947 0.190697 0.019371 0.019781
0 0.624790 0.827862 0.018733 0.018797
0 0.826515 0.133760 0.020664 0.022560
0 0.430892 0.709215 0.022623 0.020339
0 0.406295 0.117903 0.018209 0.021132
0 0.700847 0.715681 0.020100 0.018525
0 0.876821 0.081684 0.019408 0.015444
0 0.778375 0.095711 0.023965 0.021006
0 0.106538 0.135349 0.018451 0.016240
0 0.899879 0.306110 0.018380 0.017167
0 0.166825 0.183599 0.015986 0.017542
0 0.521877 0.101608 0.018631 0.016030
0 0.374710 0.059221 0.021994 0.018646
0 0.278900 0.376849 0.017042 0.017572
0 0.324030 0.265616 0.020032 0.017698
0 0.616696 0.428112 0.019480 0.017637
0 0.159113 0.102793 0.019054 0.017510
0 0.149092 0.338437 0.014640 0.014226
0 0.620371 0.222533 0.018920 0.018315
0 0.688752 0.071337 0.019370 0.018835
0 0.448317 0.685356 0.019375 0.018055
0 0.667500 0.407605 0.019234 0.016393
0 0.025611 0.225362 0.019680 0.016106
0 0.489009 0.749802 0.016295 0.014009
0 0.667467 0.737554 0.017667 0.014348
0 0.722122 0.038960 0.017732 0.018037
0 0.535190 0.052742 0.017232 0.018711
0 0.506366 0.094474 0.014403 0.014788
0 0.593796 0.409750 0.018728 0.017535
0 0.684574 0.391460 0.018309 0.019594
0 0.343037 0.230587 0.016416 0.014514
0 0.480595 0.500248 0.021958 0.015764
0 0.910442 0.774760 0.020398 0.015195
0 0.423516 0.397537 0.016879 0.016420
0 0.938327 0.757527 0.019170 0.018727
0 0.517108 0.083960 0.015036 0.015371
0 0.295441 0.076708 0.015634 0.014511
0 0.847512 0.070192 0.019741 0.024048
0 0.746765 0.164681 0.020609 0.020204
0 0.143516 0.037809 0.015890 0.013755
0 0.016696 0.452582 0.020020 0.018447
0 0.572265 0.394512 0.018986 0.021934
0 0.908144 0.536518 0.021250 0.021779
0 0.623317 0.486490 0.016216 0.016351
0 0.561662 0.833195 0.020892 0.020057
0 0.609349 0.109644 0.017696 0.014777
0 0.070043 0.137576 0.014935 0.013311
0 0.381710 0.017110 0.017951 0.017472
0 0.598508 0.267787 0.015926 0.017681
0 0.084547 0.184186 0.018228 0.018772
0 0.115839 0.240279 0.021385 0.020442
0 0.929832 0.126525 0.016642 0.015680
0 0.582711 0.509659 0.015609 0.017387
0 0.837999 0.311038 0.018859 0.016546
0 0.595025 0.525521 0.015139 0.014039
0 0.333155 0.100163 0.017918 0.014016
0 0.581387 0.537961 0.018464 0.015979
0 0.304702 0.412773 0.016092 0.015335
0 0.962239 0.166501 0.020256 0.022035
0 0.303844 0.611630 0.017769 0.013991
0 0.127803 0.092828 0.014795 0.016710
0 0.681947 0.755923 0.015068 0.020838
0 0.336751 0.189107 0.013246 0.014178
0 0.330402 0.449455 0.019349 0.015016
0 0.464791 0.542254 0.021826 0.016422
0 0.564469 0.158420 0.023057 0.017680
0 0.105013 0.186954 0.015540 0.015574
0 0.473108 0.411531 0.015801 0.014255
0 0.914048 0.624652 0.018903 0.020041
0 0.871799 0.662913 0.018577 0.016206
0 0.504832 0.334477 0.020957 0.017361
0 0.670702 0.152482 0.016105 0.014674
0 0.856666 0.072853 0.020548 0.022024
0 0.870529 0.230127 0.016088 0.020912
0 0.802074 0.261892 0.016200 0.014168
0 0.395866 0.085603 0.016045 0.015295
0 0.531110 0.537658 0.015800 0.014599
0 0.133590 0.109800 0.016705 0.016805
0 0.469655 0.762794 0.016730 0.014505
0 0.655934 0.392230 0.016029 0.021317
0 0.632787 0.345825 0.014888 0.017309
0 0.485298 0.569257 0.018628 0.013865
0 0.632418 0.203594 0.018969 0.018640
0 0.668385 0.125639 0.016137 0.015820
0 0.920245 0.259101 0.021662 0.024191
0 0.637366 0.058387 0.024251 0.018132
0 0.943828 0.140325 0.017333 0.018072
0 0.526287 0.350671 0.023658 0.015532
0 0.634759 0.505684 0.018465 0.022252
0 0.857388 0.697651 0.019039 0.016422
0 0.597979 0.432416 0.016479 0.016656
0 0.530762 0.449756 0.023985 0.026612
0 0.268265 0.349822 0.016953 0.017406
0 0.750676 0.483517 0.018280 0.017441
0 0.052186 0.534174 0.022040 0.017686
0 0.521007 0.054164 0.013572 0.017835
0 0.556035 0.393316 0.016445 0.016931
0 0.157757 0.070374 0.017159 0.019393
0 0.780153 0.326759 0.017694 0.016175
0 0.290794 0.660804 0.019919 0.017710
0 0.611108 0.456356 0.015689 0.022587
0 0.331079 0.635425 0.015695 0.016176
0 0.213832 0.480053 0.018984 0.017736
0 0.742598 0.462223 0.017558 0.016905
0 0.120172 0.115729 0.016581 0.018503
0 0.757603 0.016167 0.017044 0.018169
0 0.374672 0.718604 0.017723 0.017145
0 0.178054 0.577636 0.020450 0.018027
0 0.734724 0.778867 0.017892 0.017832
0 0.808095 0.124538 0.015339 0.018237
0 0.644675 0.190855 0.017610 0.019502
0 0.227482 0.258359 0.018654 0.020212
0 0.375913 0.425092 0.016696 0.015790
0 0.847341 0.425478 0.018428 0.015461
0 0.741159 0.188583 0.019909 0.017460
0 0.643714 0.353938 0.016405 0.021748
0 0.522185 0.424300 0.016859 0.013525
0 0.540896 0.108401 0.019928 0.016121
0 0.101716 0.165963 0.017459 0.018424
0 0.205898 0.190512 0.018138 0.019661
0 0.644711 0.437183 0.015480 0.017728
0 0.718486 0.021504 0.019030 0.015338
0 0.452054 0.795414 0.021621 0.015342
0 0.669874 0.104856 0.015828 0.020798
0 0.684917 0.298224 0.018487 0.015368
0 0.708541 0.065267 0.017655 0.019359
0 0.642839 0.223401 0.019410 0.022454
0 0.069778 0.153250 0.014814 0.016938
0 0.460565 0.113584 0.016659 0.017989
0 0.584266 0.452236 0.019646 0.018248
0 0.845125 0.133367 0.016113 0.017951
0 0.759671 0.733042 0.018515 0.017812
0 0.740387 0.031848 0.019596 0.016656
0 0.684347 0.418909 0.018774 0.025196
0 0.405815 0.197057 0.018889 0.016559
0 0.078173 0.368126 0.020684 0.018572
0 0.907496 0.724433 0.016971 0.014562
0 0.936358 0.410340 0.017870 0.014816
0 0.548422 0.090000 0.015430 0.015890
0 0.684554 0.775893 0.017804 0.014499
0 0.310335 0.315487 0.016974 0.019261
0 0.043617 0.184258 0.018792 0.018120
0 0.157692 0.553163 0.018872 0.019379
0 0.626596 0.090820 0.016121 0.018180
0 0.471583 0.366016 0.018589 0.019017
0 0.500735 0.316841 0.016896 0.015398
0 0.480467 0.023697 0.015524 0.014395
0 0.321340 0.249923 0.017654 0.014999
0 0.884261 0.727397 0.018754 0.018178
0 0.766705 0.149005 0.019799 0.014157
0 0.681377 0.728198 0.014404 0.019264
0 0.696031 0.756219 0.017107 0.023881
0 0.533389 0.092521 0.017597 0.017524
0 0.900685 0.293193 0.019074 0.014771
0 0.312424 0.293080 0.018717 0.018245
0 0.848817 0.312258 0.015122 0.013780
0 0.880872 0.054478 0.018104 0.024332
0 0.521026 0.513802 0.016691 0.015083
0 0.089732 0.108681 0.021970 0.016966
0 0.420083 0.113775 0.015442 0.017459
0 0.186095 0.237650 0.017112 0.011040
0 0.066218 0.283667 0.017285 0.017139
0 0.729461 0.260172 0.022408 0.019304
0 0.080922 0.105829 0.023032 0.018701
0 0.503289 0.410223 0.013404 0.013444
0 0.847168 0.084548 0.018502 0.015706
0 0.884258 0.127978 0.019537 0.017746
0 0.446958 0.571510 0.015792 0.016686
0 0.523623 0.289399 0.019433 0.017571
0 0.183467 0.219190 0.015500 0.019802
0 0.532521 0.102311 0.016782 0.015991
0 0.324355 0.626823 0.018825 0.016743
0 0.645118 0.403934 0.018247 0.018837
0 0.176798 0.173498 0.022360 0.016834
0 0.716031 0.744321 0.018657 0.016896
0 0.514271 0.531968 0.018532 0.011900
0 0.293319 0.448905 0.016062 0.016057
0 0.256718 0.372878 0.015852 0.015906
0 0.225193 0.268096 0.019855 0.029692
0 0.858024 0.311069 0.016266 0.015969
0 0.253791 0.659325 0.019773 0.017661
0 0.519124 0.708611 0.014228 0.015117
0 0.733615 0.034763 0.015605 0.016624
0 0.030413 0.467117 0.017616 0.020288
0 0.229201 0.084942 0.014936 0.017594
0 0.231270 0.117793 0.016262 0.019514
0 0.508455 0.120264 0.015603 0.015073
0 0.279766 0.193315 0.017260 0.019232
0 0.558742 0.434241 0.019006 0.015951
0 0.703587 0.736139 0.018928 0.012079
0 0.628421 0.438137 0.015787 0.015375
0 0.234622 0.386124 0.018049 0.014468
0 0.118474 0.461566 0.015668 0.014896
0 0.187020 0.186620 0.012597 0.008525
