0, 461, 483, 29, 36, 0.8836865765624519
0, 126, 183, 34, 30, 0.9164231812297631
0, 406, 485, 35, 39, 0.8826037929372226
0, 49, 421, 30, 35, 0.886633039482253
0, 125, 97, 32, 36, 0.9449845930564368
0, 440, 149, 28, 30, 0.8906668764663899
0, 479, 237, 28, 32, 0.9049591343119725
0, 111, 298, 29, 31, 0.8834019882277679
0, 468, 179, 32, 37, 0.8666439161128444
0, 692, 25, 27, 30, 0.8921271193914336
0, 653, 485, 29, 33, 0.8645914568948508
0, 512, 289, 30, 29, 0.9005735011172245
0, 632, 42, 26, 32, 0.8886878703228491
0, 244, 363, 29, 30, 0.9009395190412369
0, 481, 27, 25, 29, 0.8919385107310012
0, 202, 367, 28, 31, 0.8985090182898229
0, 358, 178, 31, 38, 0.9147846182600516
0, 626, 372, 29, 25, 0.8845285869544529
0, 489, 317, 26, 29, 0.9145985582900302
0, 268, 157, 27, 31, 0.9226900305337695
0, 243, 490, 48, 46, 0.8495167479334562
0, 323, 227, 31, 27, 0.8951741989942585
0, 501, 254, 27, 33, 0.9355539597963187
0, 426, 226, 31, 30, 0.8951921988947898
0, 201, 439, 32, 33, 0.8927707897951568
0, 269, 414, 29, 35, 0.9082049520491587
0, 400, 290, 28, 28, 0.9070534901646029
0, 552, 482, 32, 30, 0.916038159754343
0, 72, 318, 32, 31, 0.9133168341903315
0, 228, 289, 27, 24, 0.9276471996983228
0, 545, 450, 29, 29, 0.9132374362514607
0, 594, 35, 30, 33, 0.8630537437529278
0, 708, 365, 29, 29, 0.8883689722158319
0, 110, 522, 32, 35, 0.9075534536068565
0, 585, 520, 28, 28, 0.87243018191839
0, 320, 98, 26, 29, 0.8841003360246495
0, 523, 317, 25, 29, 0.8910543757385206
0, 429, 371, 25, 27, 0.8903908254139226
0, 430, 511, 26, 26, 0.9193675633566225
0, 634, 150, 30, 30, 0.9246035727430085
0, 627, 221, 33, 30, 0.9083426345360969
0, 463, 517, 32, 26, 0.8783729855132963
0, 433, 112, 27, 30, 0.8883960595423158
0, 518, 351, 29, 32, 0.8489297328854981
0, 25, 38, 27, 24, 0.88719334895423
0, 470, 443, 29, 30, 0.8948500006393302
0, 659, 47, 28, 29, 0.9146391980406633
0, 315, 51, 25, 24, 0.8748919444000982
0, 110, 253, 25, 29, 0.8775151702332251
0, 421, 335, 25, 30, 0.898430580163736
0, 158, 109, 26, 29, 0.8819941919802516
0, 283, 452, 31, 29, 0.8835342754549917
0, 664, 259, 26, 27, 0.879844656510082
0, 507, 37, 26, 32, 0.9399884710168868
0, 654, 380, 29, 26, 0.8646263095353977
0, 19, 443, 26, 31, 0.9009327382482467
0, 191, 78, 27, 32, 0.9226118921332244
0, 376, 30, 30, 33, 0.8641170573379016
0, 315, 297, 27, 29, 0.892990049129497
0, 461, 57, 26, 30, 0.8946693627540268
0, 479, 347, 26, 29, 0.8413593825608164
0, 317, 352, 22, 26, 0.9102408525529193
0, 71, 194, 29, 30, 0.9094914126838243
0, 117, 218, 32, 29, 0.8932734816762544
0, 286, 102, 25, 37, 0.8731342787872906
0, 567, 310, 25, 31, 0.906734512435477
0, 210, 403, 25, 28, 0.9172814031491563
0, 514, 220, 34, 34, 0.8485511241176834
0, 118, 368, 32, 29, 0.9194823154410173
0, 192, 260, 34, 34, 0.861198851874868
0, 214, 48, 32, 33, 0.8680345557921375
0, 616, 188, 29, 27, 0.9029676279953996
0, 95, 163, 24, 29, 0.8957171733078442
0, 714, 393, 29, 30, 0.8534476739091466
0, 654, 534, 30, 26, 0.8656427564976237
0, 111, 136, 22, 29, 0.8706061797443674
0, 594, 432, 29, 28, 0.870823472006491
0, 512, 468, 28, 30, 0.9205986869987516
0, 10, 253, 21, 35, 0.8773251944101581
0, 588, 331, 29, 28, 0.8775632245970566
0, 521, 96, 25, 31, 0.8895740229674349
0, 545, 417, 29, 31, 0.8949331251556283
0, 157, 358, 22, 24, 0.8552817720418304
0, 372, 406, 27, 32, 0.9139316533751431
0, 646, 318, 25, 32, 0.8526434242397579
0, 163, 235, 33, 27, 0.8783581909446536
0, 690, 340, 28, 35, 0.8800557864113873
0, 73, 70, 23, 32, 0.9099509777016923
0, 438, 189, 26, 27, 0.8701392505157469
0, 241, 398, 26, 30, 0.9016404807973956
0, 300, 380, 17, 19, 0.9117320339417425
0, 543, 305, 24, 32, 0.8923647020893345
0, 354, 534, 28, 32, 0.8711398653350956
0, 589, 187, 22, 26, 0.8453255449638647
0, 175, 461, 32, 30, 0.9180693283203419
0, 702, 153, 36, 27, 0.8749331157722131
0, 360, 117, 26, 27, 0.8803579507092424
0, 360, 460, 24, 28, 0.8913888733550769
0, 324, 504, 27, 24, 0.8599732347402465
0, 356, 217, 35, 29, 0.9259748102254293
0, 194, 526, 28, 31, 0.8738929934158113
0, 293, 179, 22, 26, 0.9225178528401297
0, 150, 54, 31, 37, 0.8422102866098755
0, 467, 296, 27, 27, 0.8728207259861314
0, 455, 218, 24, 27, 0.8808550946880429
0, 391, 232, 24, 26, 0.8627302704516066
0, 241, 144, 22, 25, 0.9026933680610131
0, 624, 301, 25, 32, 0.9205411602070437
0, 486, 120, 28, 31, 0.8893857968307837
0, 567, 164, 24, 23, 0.8652502701359385
0, 190, 129, 19, 21, 0.8568869439233529
0, 719, 31, 26, 34, 0.8615222104496124
0, 23, 102, 26, 29, 0.9025074029844207
0, 342, 78, 27, 27, 0.8817040458891844
0, 50, 58, 24, 27, 0.8976527867491166
0, 527, 140, 25, 26, 0.9134304720901172
0, 12, 510, 25, 33, 0.8637200463873478
0, 51, 366, 29, 31, 0.8678279882753805
0, 723, 121, 23, 30, 0.8502127512826009
0, 125, 25, 24, 29, 0.8745942461282262
0, 726, 88, 17, 33, 0.8510260031174934
0, 432, 76, 24, 28, 0.8972230076614748
0, 329, 442, 37, 38, 0.8677254893819707
0, 278, 356, 24, 30, 0.8961883493397912
0, 89, 116, 23, 28, 0.8916008056712788
0, 366, 510, 24, 25, 0.8360873622198889
0, 280, 303, 24, 20, 0.889954392349981
0, 709, 525, 28, 20, 0.8711330779524842
0, 169, 379, 32, 27, 0.8813996836993662
0, 338, 387, 29, 29, 0.8982266034336033
0, 269, 223, 27, 28, 0.8514236787863425
0, 565, 211, 26, 26, 0.8495240965445118
0, 393, 523, 33, 32, 0.8678207833762013
0, 218, 102, 24, 26, 0.9111696125275893
0, 53, 539, 21, 26, 0.8602380719104444
0, 554, 518, 29, 31, 0.8840397258289027
0, 67, 142, 27, 28, 0.897192642569913
0, 114, 337, 23, 28, 0.8768997348107899
0, 585, 291, 25, 29, 0.8499644945020791
0, 62, 12, 27, 24, 0.880098267989029
0, 217, 247, 20, 26, 0.8900641692770731
0, 57, 110, 22, 20, 0.8378013465492937
0, 304, 252, 28, 30, 0.8554217223306995
3, 55, 487, 71, 73, 0.9364217136628231
3, 618, 106, 145, 120, 0.9343727148707828
3, 115, 468, 50, 59, 0.9159807194858783
3, 704, 56, 62, 105, 0.8803451901011896
3, 46, 298, 63, 65, 0.9084719011745312
