1, 99, 495, 18, 20, 0.9186550865912073
1, 310, 100, 17, 23, 0.9797881311874229
1, 45, 58, 19, 21, 0.962959528207048
1, 253, 516, 17, 20, 0.9294136196088898
1, 250, 205, 19, 19, 0.9779451821147033
1, 16, 466, 18, 19, 0.9403203648522416
1, 624, 116, 16, 20, 0.9566680488282299
1, 268, 475, 20, 20, 0.968053471183833
1, 426, 47, 20, 20, 0.9767765948116853
1, 269, 208, 18, 21, 0.9574579941283139
1, 67, 266, 17, 17, 0.9042000631188306
1, 161, 369, 18, 19, 0.947573694525989
1, 404, 320, 17, 22, 0.964876407238898
1, 684, 535, 22, 18, 0.9346886738594201
1, 456, 299, 19, 19, 0.969159304383726
1, 277, 117, 17, 20, 0.9294225616252727
1, 630, 576, 18, 17, 0.8652401711201643
1, 634, 331, 17, 20, 0.9589926067558268
1, 311, 425, 21, 20, 0.9469484480261858
1, 309, 260, 18, 20, 0.8978148481318541
1, 584, 527, 20, 21, 0.9355446207195129
1, 466, 328, 17, 19, 0.905368968944377
1, 759, 494, 21, 20, 0.954625209055967
1, 673, 433, 18, 22, 0.9576752448866971
1, 339, 326, 18, 18, 0.9424824656383273
1, 675, 160, 19, 21, 0.9341454153979512
1, 35, 84, 17, 21, 0.9459378690205635
1, 588, 337, 19, 24, 0.9837418579202676
1, 826, 91, 16, 19, 0.873387202366244
1, 821, 362, 18, 22, 0.9704985055559107
1, 790, 282, 18, 20, 0.9583395373366289
1, 89, 44, 16, 18, 0.9323872520156902
1, 100, 99, 18, 21, 0.9580224736542704
1, 702, 281, 18, 20, 0.9642541542721609
1, 789, 317, 19, 20, 0.9441381541699372
1, 27, 325, 20, 21, 0.9862209378387945
1, 183, 179, 19, 22, 0.9689329775388987
1, 733, 273, 19, 18, 0.9665796411713219
1, 403, 509, 19, 19, 0.9564963863682048
1, 683, 269, 19, 16, 0.9914522446363965
1, 762, 360, 19, 19, 0.9761547574694441
1, 133, 402, 18, 19, 0.9704679279870573
1, 78, 529, 15, 19, 0.9574618930424532
1, 135, 44, 20, 17, 0.9554456967992672
1, 120, 361, 20, 20, 0.9558691455748825
1, 209, 317, 19, 20, 0.9605369167969359
1, 238, 536, 21, 17, 0.8810696582935117
1, 678, 501, 19, 21, 0.949001086788135
1, 347, 58, 17, 21, 0.9605508748165624
1, 99, 409, 17, 26, 0.9796352314530656
1, 665, 555, 19, 21, 0.9559857645976669
1, 627, 505, 19, 17, 0.9788305228676792
1, 246, 476, 22, 21, 0.9696377444019962
1, 830, 128, 16, 20, 0.8885148353580259
1, 491, 476, 18, 19, 0.9631949631730261
1, 254, 310, 20, 17, 0.9175872338221839
1, 527, 544, 20, 18, 0.9385017091004482
1, 634, 528, 21, 21, 0.9585057628916117
1, 634, 188, 18, 21, 0.9871933678803877
1, 794, 80, 17, 21, 0.9295190399790955
1, 350, 234, 18, 21, 0.9129010815515333
1, 556, 198, 23, 21, 0.9585466881309878
1, 359, 90, 20, 26, 0.9659861227999338
1, 350, 544, 18, 19, 0.9630938385167249
1, 327, 439, 18, 18, 0.9717407636677378
1, 775, 298, 21, 18, 0.955828484294054
1, 640, 259, 20, 18, 0.9750703109263085
1, 201, 158, 18, 18, 0.9665523626252479
1, 20, 405, 20, 21, 0.9550477006915362
1, 309, 309, 20, 23, 0.9706192265266562
1, 189, 331, 18, 20, 0.9540936240489083
1, 411, 380, 18, 21, 0.9178890724118938
1, 534, 253, 20, 18, 0.932965423895314
1, 756, 113, 18, 19, 0.9612527154224102
1, 442, 402, 19, 18, 0.9505753935622918
1, 700, 498, 22, 22, 0.973848848232937
1, 347, 469, 23, 24, 0.9737860843434896
1, 412, 574, 14, 20, 0.8817427447861315
1, 33, 169, 20, 22, 0.9684056639823128
1, 385, 338, 18, 19, 0.9648505822422846
1, 666, 527, 15, 18, 0.9551526576150019
1, 330, 516, 18, 21, 0.9681975129380114
1, 178, 58, 18, 19, 0.9513113117442911
1, 78, 488, 18, 19, 0.9392932904179081
1, 160, 494, 19, 19, 0.9422887511307291
1, 364, 487, 20, 20, 0.96472308793091
1, 647, 443, 21, 23, 0.9551593580079327
1, 171, 12, 20, 19, 0.9269363541323883
1, 327, 45, 21, 20, 0.9672702395985642
1, 384, 534, 19, 24, 0.9569965541508236
1, 158, 474, 17, 20, 0.9505236061781114
1, 546, 173, 16, 23, 0.9289321307318649
1, 759, 180, 19, 20, 0.9864945503299863
1, 442, 105, 16, 21, 0.9748599097705373
1, 693, 562, 21, 20, 0.968944971088213
1, 274, 546, 16, 20, 0.9533326149284521
1, 822, 243, 20, 22, 0.9175711715479036
1, 6, 498, 12, 18, 0.9390715832287996
1, 598, 437, 23, 21, 0.9614503846477462
1, 603, 176, 18, 21, 0.945832333541171
1, 788, 51, 18, 18, 0.9653981569768696
1, 641, 78, 16, 19, 0.9598304618532297
1, 452, 563, 17, 17, 0.9586950614131495
1, 72, 410, 20, 20, 0.935006848858995
1, 352, 173, 20, 19, 0.9740498156342077
1, 454, 474, 18, 19, 0.8807650602269721
1, 169, 337, 17, 21, 0.9662449373488498
1, 712, 30, 17, 18, 0.9765379817832835
1, 411, 535, 20, 21, 0.9469315990111148
1, 129, 485, 20, 20, 0.9203356995040576
1, 827, 153, 15, 20, 0.9032141728253599
1, 485, 534, 18, 18, 0.9445324130865665
1, 153, 451, 17, 21, 0.9504008793133416
1, 97, 207, 18, 22, 0.947264096176305
1, 584, 116, 20, 22, 0.9606006351237331
1, 232, 297, 22, 22, 0.9746761118752633
1, 623, 64, 17, 18, 0.9645028060519507
1, 733, 500, 23, 21, 0.9611003547634064
1, 160, 241, 17, 22, 0.9701033516920026
1, 121, 422, 20, 26, 0.9821951251226768
1, 444, 83, 18, 17, 0.968918640364244
1, 111, 82, 19, 18, 0.9758840656778984
1, 450, 199, 19, 18, 0.9447348022905964
1, 731, 361, 18, 19, 0.9500365910986287
1, 563, 330, 19, 20, 0.9760548523455583
1, 665, 296, 17, 17, 0.8853324643792922
1, 418, 87, 19, 18, 0.9402642142000365
1, 567, 392, 18, 17, 0.9577631371478668
1, 651, 177, 17, 18, 0.9442412643697546
1, 266, 79, 17, 19, 0.9461728850862926
1, 615, 30, 19, 20, 0.9802055521912767
1, 824, 311, 18, 24, 0.8583030916322244
1, 112, 336, 20, 21, 0.9775803227386455
1, 383, 509, 20, 21, 0.9641420214609043
1, 730, 383, 19, 21, 0.9580681792806869
1, 285, 466, 15, 17, 0.8666247288973356
1, 183, 248, 19, 21, 0.9373367942200111
1, 536, 283, 17, 23, 0.9894368338329558
1, 743, 62, 16, 16, 0.9337667444993677
1, 761, 91, 20, 22, 0.9550637413041632
1, 232, 53, 19, 21, 0.9398734068653966
1, 752, 318, 21, 19, 0.9644224419135397
1, 722, 55, 19, 18, 0.9759748148679712
1, 79, 183, 21, 20, 0.9628245532607371
1, 555, 22, 22, 22, 0.9260316521587479
1, 217, 473, 17, 19, 0.9602815845621779
1, 11, 199, 20, 18, 0.9560089668097991
1, 408, 197, 17, 18, 0.977784289131074
1, 491, 557, 20, 17, 0.9711043466387508
1, 364, 119, 21, 23, 0.9435357092310703
1, 701, 208, 21, 18, 0.9339809105554188
1, 544, 416, 20, 18, 0.96652747420013
1, 547, 68, 17, 20, 0.9140378403656539
1, 321, 351, 19, 21, 0.9689145520734709
1, 508, 31, 19, 22, 0.9507966064167687
1, 737, 197, 20, 19, 0.878760288979981
1, 570, 297, 15, 18, 0.9124211072594953
1, 613, 340, 24, 22, 0.9442973979107268
1, 754, 160, 19, 20, 0.9338739370860082
1, 798, 122, 18, 19, 0.9845174505157379
1, 150, 426, 17, 22, 0.9433328723297576
1, 185, 575, 21, 18, 0.8354936408106719
1, 676, 219, 20, 18, 0.9098670042626574
1, 272, 523, 21, 26, 0.9344145269042328
1, 115, 48, 20, 20, 0.9480968463021217
1, 400, 353, 17, 24, 0.9818465490131794
1, 755, 270, 17, 19, 0.9519726021973471
1, 574, 421, 20, 26, 0.9583897476373795
1, 707, 337, 20, 22, 0.9748696582472766
1, 272, 59, 18, 20, 0.9833980554485758
1, 398, 558, 20, 19, 0.9344131703287462
1, 625, 91, 19, 22, 0.9513165493776289
1, 272, 577, 18, 14, 0.8502236989387684
1, 127, 106, 16, 21, 0.9453501548464928
1, 531, 49, 15, 19, 0.9680272601281289
1, 34, 568, 20, 21, 0.9549027745767471
1, 51, 400, 17, 20, 0.9786199021217857
1, 217, 569, 17, 21, 0.8750048780494835
1, 460, 49, 19, 17, 0.9431980002206619
1, 421, 343, 16, 19, 0.9781894270805193
1, 77, 509, 18, 20, 0.9361374203860942
1, 809, 220, 18, 19, 0.9747162589020042
1, 269, 149, 16, 21, 0.9579502897131801
1, 254, 153, 15, 18, 0.9524182184013799
1, 250, 43, 20, 21, 0.8888174925289979
1, 93, 129, 18, 20, 0.9276398349600361
1, 23, 492, 22, 18, 0.9787580145711805
1, 158, 536, 18, 20, 0.9329335698027674
1, 712, 75, 17, 17, 0.906814936231387
1, 180, 291, 19, 19, 0.9721119587675682
1, 651, 208, 16, 19, 0.9670439648355411
1, 497, 258, 22, 23, 0.9604953395179561
1, 66, 363, 18, 20, 0.9653708729081899
1, 344, 568, 20, 23, 0.8977130318468185
1, 44, 435, 18, 20, 0.9566205317191416
1, 80, 248, 18, 23, 0.9442299829617593
1, 611, 295, 17, 18, 0.9322157778482995
1, 189, 78, 19, 18, 0.925534575312334
1, 328, 238, 19, 18, 0.967519667659089
1, 119, 389, 20, 21, 0.9517515196050126
1, 105, 549, 16, 24, 0.9337604697959923
1, 615, 276, 18, 21, 0.9849681726883344
1, 354, 320, 19, 24, 0.9612455626808512
1, 147, 189, 18, 22, 0.9692665395593236
1, 228, 488, 17, 22, 0.9426544477333678
1, 608, 149, 20, 20, 0.969355976027921
1, 549, 47, 19, 22, 0.9736710010362645
1, 144, 304, 20, 23, 0.9676735801420209
1, 629, 146, 19, 20, 0.8886922615437534
1, 790, 469, 19, 23, 0.95878349896442
1, 121, 149, 22, 21, 0.9649902874604416
1, 665, 94, 21, 23, 0.9429876925025633
1, 553, 471, 21, 20, 0.9479850681220838
1, 56, 575, 15, 18, 0.8457541870885888
1, 28, 274, 18, 21, 0.9199364722701344
1, 300, 556, 20, 21, 0.9568480372047357
1, 599, 504, 19, 20, 0.92173041996423
1, 681, 131, 25, 22, 0.9263745370076122
1, 436, 368, 22, 24, 0.9740866588305994
1, 217, 444, 17, 24, 0.9551466800967046
1, 719, 89, 18, 18, 0.9640218182106646
1, 242, 377, 20, 21, 0.9090477641953153
1, 150, 144, 18, 25, 0.9669930633987315
1, 577, 188, 21, 26, 0.9317909075904909
1, 281, 565, 20, 19, 0.9666537301555795
1, 828, 430, 19, 17, 0.8912609080072287
1, 335, 200, 19, 24, 0.9743673964081452
1, 821, 9, 16, 18, 0.9315663464387209
1, 666, 272, 16, 18, 0.9247417608679415
1, 566, 562, 18, 20, 0.977201958253732
1, 157, 293, 18, 22, 0.980404155270619
1, 468, 268, 19, 22, 0.9641684263180742
1, 25, 11, 21, 18, 0.9514405610649128
1, 471, 480, 15, 18, 0.9425251267505153
1, 18, 511, 19, 17, 0.9390846200231386
1, 118, 172, 21, 20, 0.9057992038327892
1, 705, 361, 20, 20, 0.9696745380323771
1, 50, 456, 17, 19, 0.8974709992606911
1, 315, 527, 20, 20, 0.9387715392373777
1, 694, 98, 18, 19, 0.9595314478529856
1, 688, 54, 21, 18, 0.974320009026861
1, 640, 289, 19, 15, 0.9413830698873534
1, 406, 169, 16, 20, 0.9347548098745382
1, 191, 274, 16, 17, 0.9437691358694219
1, 693, 225, 18, 18, 0.9227679755561248
1, 490, 302, 16, 22, 0.977629762523808
1, 207, 544, 17, 20, 0.9445863891612026
1, 260, 102, 20, 23, 0.9444110480330264
1, 562, 438, 18, 21, 0.8772382556903612
1, 302, 284, 19, 18, 0.9421889985491595
1, 518, 269, 22, 19, 0.9501926052336991
1, 661, 250, 18, 25, 0.9549426205918186
1, 323, 267, 17, 23, 0.9160277892879654
1, 310, 335, 21, 23, 0.9721381894640784
1, 355, 145, 21, 18, 0.9505402284015603
1, 395, 383, 21, 21, 0.9423384396998318
1, 815, 388, 18, 24, 0.9705635120269105
1, 543, 395, 21, 19, 0.9747500824052782
1, 494, 10, 18, 20, 0.9654530761856525
1, 335, 114, 19, 21, 0.9239126919421649
1, 761, 529, 19, 16, 0.9131054676274759
1, 106, 185, 20, 21, 0.9532500190322504
1, 143, 114, 15, 19, 0.9380497088210881
1, 255, 225, 19, 19, 0.944106441469647
1, 158, 559, 18, 21, 0.9203413226450798
1, 573, 482, 19, 18, 0.9292512319217271
1, 774, 475, 17, 19, 0.9207214375401928
1, 182, 477, 17, 23, 0.9138444215222504
1, 645, 240, 18, 20, 0.9644957765741506
1, 464, 116, 16, 22, 0.9218057445701908
1, 185, 544, 19, 25, 0.9547578748514685
1, 834, 174, 7, 17, 0.8307687549673347
1, 305, 51, 22, 19, 0.9432811020571523
1, 269, 276, 19, 20, 0.9804499306228418
1, 169, 191, 15, 17, 0.8856244274819707
1, 63, 171, 17, 21, 0.9410004356241516
1, 343, 30, 23, 28, 0.970374506116202
1, 59, 339, 16, 25, 0.9147621970154406
1, 491, 281, 23, 19, 0.945393069115725
1, 184, 411, 20, 24, 0.9395362321303852
1, 239, 562, 18, 20, 0.9196484868453613
1, 589, 257, 16, 17, 0.9379471203631515
1, 455, 168, 19, 18, 0.9772086724612049
1, 793, 403, 17, 17, 0.9417902450934829
1, 256, 19, 18, 26, 0.928535193193379
1, 375, 306, 19, 23, 0.9319717715587433
1, 14, 221, 18, 18, 0.9577115866301791
1, 604, 102, 17, 18, 0.9599731137479036
1, 611, 481, 20, 19, 0.9501117050942642
1, 385, 113, 16, 17, 0.8699269130728032
1, 274, 419, 18, 28, 0.9490089995879528
1, 653, 11, 20, 22, 0.9547538196756629
1, 315, 199, 18, 21, 0.9658899233541595
1, 547, 100, 18, 19, 0.924647395748352
1, 761, 416, 22, 20, 0.9508560509058385
1, 6, 478, 11, 17, 0.9566282224403843
1, 207, 495, 15, 17, 0.9514453962007117
1, 83, 338, 21, 32, 0.9508971967412269
1, 393, 577, 20, 14, 0.8247721645161122
1, 540, 568, 17, 16, 0.8970037774720317
