0, 160, 190, 43, 42, 0.7720978260040283
0, 222, 354, 53, 38, 0.7110097408294678
0, 309, 814, 88, 91, 0.6503934264183044
0, 132, 128, 67, 47, 0.6501535177230835
0, 244, 180, 43, 62, 0.2710353434085846
0, 256, 727, 58, 99, 0.24998074769973755
0, 370, 884, 45, 43, 0.22014977037906647
0, 240, 188, 33, 40, 0.18978384137153625
0, 245, 508, 75, 53, 0.18970878422260284
0, 275, 290, 107, 72, 0.1202690452337265
0, 301, 370, 99, 56, 0.10274277627468109
0, 296, 687, 45, 52, 0.09774128347635269
0, 288, 459, 31, 41, 0.09516305476427078
0, 258, 305, 60, 41, 0.09351909905672073
0, 308, 266, 35, 26, 0.08047660440206528
0, 266, 310, 38, 28, 0.06896719336509705
0, 319, 765, 24, 27, 0.06869040429592133
0, 240, 806, 40, 34, 0.05934444069862366
0, 272, 368, 154, 75, 0.057192202657461166
0, 251, 286, 53, 43, 0.043767888098955154
0, 321, 380, 52, 37, 0.04020695388317108
0, 149, 133, 31, 32, 0.037508707493543625
0, 294, 360, 68, 34, 0.03690701723098755
0, 275, 384, 36, 21, 0.03476514294743538
0, 307, 282, 44, 59, 0.03420482575893402
0, 241, 295, 28, 20, 0.0311021376401186
0, 258, 324, 68, 66, 0.02618194930255413
0, 263, 337, 47, 34, 0.023249860852956772
0, 260, 282, 35, 26, 0.021213361993432045
0, 241, 774, 29, 25, 0.01967588998377323
0, 261, 741, 46, 60, 0.018863102421164513
0, 248, 702, 31, 48, 0.017493780702352524
0, 249, 195, 33, 43, 0.016793446615338326
0, 266, 341, 26, 27, 0.014686381444334984
0, 324, 420, 36, 18, 0.014162248931825161
0, 240, 791, 44, 67, 0.014150523580610752
0, 283, 758, 135, 204, 0.012188039720058441
0, 252, 748, 77, 162, 0.01192831713706255
0, 290, 307, 27, 19, 0.011003722436726093
0, 253, 654, 25, 24, 0.010816316120326519
0, 227, 516, 39, 35, 0.01003859844058752
0, 276, 386, 62, 36, 0.009295049123466015
0, 281, 329, 155, 151, 0.009287863969802856
0, 221, 232, 22, 14, 0.009110089391469955
0, 255, 274, 20, 18, 0.008435191586613655
0, 306, 355, 30, 25, 0.008274990133941174
0, 201, 129, 16, 17, 0.007714277133345604
0, 347, 386, 16, 18, 0.007047869730740786
0, 250, 686, 40, 82, 0.006966265384107828
0, 304, 769, 63, 35, 0.006815941538661718
0, 272, 279, 62, 34, 0.006294711027294397
0, 280, 345, 44, 29, 0.006149779539555311
0, 236, 642, 15, 27, 0.005694297607988119
0, 298, 389, 92, 46, 0.005284042097628117
0, 310, 839, 52, 37, 0.005272908601909876
0, 274, 678, 89, 74, 0.005145595408976078
0, 281, 700, 85, 68, 0.004664155188947916
0, 277, 401, 54, 21, 0.004533111583441496
0, 324, 768, 41, 35, 0.0044820355251431465
0, 246, 317, 54, 24, 0.004352987743914127
0, 247, 158, 25, 20, 0.004309465177357197
0, 301, 784, 72, 71, 0.004304629284888506
0, 254, 404, 32, 24, 0.004294179379940033
0, 266, 364, 76, 67, 0.004126856103539467
0, 295, 328, 75, 38, 0.003948824480175972
0, 328, 787, 42, 39, 0.0038109824527055025
0, 295, 819, 54, 57, 0.0035704902838915586
0, 308, 723, 23, 17, 0.0035237784031778574
0, 329, 841, 38, 33, 0.003445001784712076
0, 281, 331, 110, 83, 0.00337710021995008
0, 318, 330, 32, 31, 0.0030073022935539484
0, 250, 645, 31, 33, 0.0029829549603164196
0, 318, 425, 54, 33, 0.0029685080517083406
0, 303, 408, 81, 20, 0.0029636360704898834
0, 252, 758, 65, 70, 0.002818451030179858
0, 229, 667, 11, 23, 0.0026699404697865248
0, 298, 803, 64, 50, 0.002657325007021427
0, 279, 795, 105, 74, 0.00246609840542078
0, 140, 159, 91, 107, 0.002452606800943613
0, 241, 617, 20, 19, 0.002324056811630726
0, 242, 815, 47, 62, 0.0019351182272657752
0, 235, 650, 25, 45, 0.0016999737126752734
0, 275, 714, 113, 126, 0.0015412663342431188
0, 274, 773, 39, 62, 0.0014917196240276098
0, 180, 157, 29, 21, 0.0014731641858816147
0, 340, 771, 25, 33, 0.00135837122797966
0, 286, 842, 28, 26, 0.0013224920257925987
0, 259, 497, 49, 33, 0.0012711980380117893
0, 281, 438, 12, 15, 0.0011450889287516475
0, 222, 148, 13, 22, 0.0011298895115032792
0, 247, 619, 13, 13, 0.0010415923316031694
0, 306, 444, 82, 74, 0.0009582703351043165
0, 217, 490, 15, 12, 0.0009523446206003428
0, 179, 147, 59, 42, 0.0009201685315929353
0, 165, 158, 38, 29, 0.0009168258984573185
0, 285, 411, 101, 52, 0.0009057718561962247
0, 238, 680, 32, 58, 0.0008473852067254484
0, 160, 153, 15, 14, 0.0008168964996002614
0, 329, 908, 34, 34, 0.0007041026256047189
0, 296, 431, 46, 33, 0.0006195902824401855
0, 218, 152, 20, 28, 0.0005583373131230474
0, 185, 164, 100, 74, 0.0005066047888249159
0, 322, 910, 17, 21, 0.00046405530883930624
0, 249, 380, 67, 84, 0.00046208107960410416
0, 240, 591, 21, 19, 0.0004600036481861025
0, 338, 914, 47, 50, 0.00045993749517947435
0, 339, 909, 22, 29, 0.0004523268435150385
0, 300, 751, 63, 64, 0.0004472723521757871
0, 224, 605, 14, 22, 0.000421556003857404
0, 293, 420, 43, 21, 0.00040264736162498593
0, 343, 841, 17, 28, 0.0004020522756036371
0, 206, 147, 51, 55, 0.00038376619340851903
0, 333, 845, 126, 119, 0.0003790053597185761
0, 227, 600, 18, 21, 0.0003786998277064413
0, 242, 307, 73, 83, 0.00037764853914268315
0, 145, 190, 92, 57, 0.0003712158650159836
0, 230, 344, 74, 72, 0.00035999700776301324
0, 347, 912, 19, 27, 0.00034648043219931424
0, 358, 889, 81, 55, 0.00033913942752406
0, 288, 852, 28, 63, 0.00032675242982804775
0, 249, 589, 26, 23, 0.00031894564745016396
0, 252, 811, 77, 95, 0.0003093916748184711
0, 292, 869, 13, 15, 0.0003087222285103053
0, 324, 392, 66, 51, 0.0003067175857722759
0, 253, 583, 27, 13, 0.00030393796623684466
0, 334, 804, 98, 81, 0.00030327137210406363
0, 316, 868, 75, 52, 0.0003027989878319204
0, 303, 303, 78, 109, 0.0002995894756168127
0, 19, 162, 38, 255, 0.0002938940888270736
0, 366, 927, 19, 19, 0.000284689711406827
0, 247, 592, 40, 31, 0.0002838249201886356
0, 323, 462, 23, 28, 0.00026054115733131766
0, 229, 617, 21, 32, 0.00024243732332251966
0, 269, 468, 68, 61, 0.0002410208253422752
0, 230, 213, 42, 62, 0.00023473575129173696
0, 365, 826, 25, 40, 0.0002268732787342742
0, 332, 422, 46, 29, 0.00022595580958295614
0, 368, 934, 20, 23, 0.0002241379552287981
0, 519, 1053, 0, 86, 0.00022039926261641085
0, 275, 839, 25, 33, 0.00020579536794684827
0, 386, 842, 17, 19, 0.00020535239309538156
0, 520, 12, 0, 24, 0.00020453734032344073
0, 232, 239, 48, 27, 0.00018984770576935261
0, 368, 868, 45, 39, 0.00017571088392287493
0, 154, 134, 112, 58, 0.0001751040981616825
0, 0, 15, 0, 30, 0.00016815609706100076
0, 359, 858, 63, 56, 0.00016813926049508154
0, 368, 813, 52, 109, 0.00016602738469373435
0, 241, 570, 8, 9, 0.0001607860322110355
0, 8, 244, 17, 361, 0.00015926641935948282
0, 202, 132, 24, 28, 0.00015822742716409266
0, 280, 436, 34, 24, 0.00015782164700794965
0, 374, 828, 43, 58, 0.00015338357479777187
0, 377, 842, 34, 26, 0.0001527533313492313
0, 284, 165, 133, 107, 0.00015172788698691875
0, 304, 261, 47, 55, 0.00014993130753282458
0, 243, 651, 55, 78, 0.0001459960185457021
0, 351, 918, 18, 23, 0.00014288074453361332
0, 311, 878, 29, 25, 0.00014033084153197706
0, 276, 834, 30, 69, 0.0001370837853755802
0, 518, 1018, 2, 146, 0.00013544457033276558
0, 346, 424, 16, 25, 0.0001349693484371528
0, 370, 934, 29, 37, 0.00012691505253314972
0, 361, 926, 41, 47, 0.00011396970512578264
0, 9, 9, 18, 18, 0.000113880836579483
0, 242, 845, 42, 40, 0.00010108886635862291
0, 457, 23, 125, 46, 9.925603808369488e-05
0, 326, 899, 49, 62, 9.754438360687345e-05
0, 326, 468, 16, 16, 9.474082617089152e-05
0, 196, 105, 10, 10, 9.123053314397112e-05
0, 248, 240, 76, 35, 8.764780795900151e-05
0, 225, 167, 73, 91, 8.64291432662867e-05
0, 323, 881, 84, 101, 8.482527482556179e-05
0, 518, 54, 3, 106, 8.32652222015895e-05
0, 18, 5, 37, 10, 8.273082494270056e-05
0, 519, 777, 1, 151, 8.182010060409084e-05
0, 492, 20, 54, 40, 8.08292388683185e-05
0, 285, 836, 51, 95, 7.841919432394207e-05
0, 519, 248, 0, 163, 7.770190859446302e-05
0, 270, 258, 114, 57, 7.559321238659322e-05
0, 492, 775, 55, 409, 7.270879723364487e-05
0, 251, 846, 64, 64, 7.22641998436302e-05
0, 493, 7, 50, 14, 7.159378583310172e-05
0, 258, 477, 103, 115, 7.15131318429485e-05
0, 323, 356, 63, 90, 7.108451245585456e-05
0, 23, 18, 46, 37, 7.063839439069852e-05
0, 519, 312, 0, 153, 6.972054688958451e-05
0, 364, 906, 56, 100, 6.952528929105029e-05
0, 331, 760, 296, 323, 6.761919212294742e-05
0, 376, 876, 67, 68, 6.736785871908069e-05
0, 519, 633, 0, 163, 6.731051689712331e-05
0, 26, 84, 53, 169, 6.670297443633899e-05
0, 519, 183, 0, 166, 6.564048089785501e-05
0, 245, 608, 49, 40, 6.363489956129342e-05
0, 255, 266, 73, 46, 6.346406735247001e-05
0, 486, 39, 67, 77, 6.31406219326891e-05
0, 519, 114, 0, 163, 6.26959081273526e-05
0, 34, 6, 68, 12, 6.224197568371892e-05
0, 289, 164, 140, 250, 6.174644659040496e-05
0, 319, 449, 45, 48, 6.11536597716622e-05
0, 4, 32, 8, 62, 6.08315494901035e-05
0, 519, 859, 0, 152, 6.060428131604567e-05
0, 519, 694, 1, 156, 6.0422509704949334e-05
0, 519, 580, 0, 160, 6.003482121741399e-05
0, 259, 583, 18, 11, 5.995449464535341e-05
0, 239, 589, 34, 49, 5.888578380108811e-05
0, 285, 815, 145, 124, 5.7574568927520886e-05
0, 0, 1067, 0, 59, 5.737878382205963e-05
0, 520, 404, 0, 172, 5.711227277060971e-05
0, 519, 959, 1, 169, 5.163704190636054e-05
0, 519, 524, 0, 155, 4.765042103827e-05
0, 24, 39, 49, 78, 4.6899043809389696e-05
0, 320, 386, 81, 107, 4.4901691580889747e-05
0, 245, 207, 55, 54, 4.468486440600827e-05
0, 241, 277, 107, 98, 4.366589928395115e-05
0, 278, 449, 70, 61, 4.2528958147158846e-05
0, 520, 469, 0, 157, 4.197994348942302e-05
0, 506, 7, 27, 14, 4.124663973925635e-05
0, 2, 891, 5, 266, 3.880112853948958e-05
0, 260, 185, 78, 71, 3.84030063287355e-05
0, 42, 27, 85, 54, 3.611550710047595e-05
0, 4, 81, 8, 161, 3.573437425075099e-05
0, 215, 306, 125, 107, 3.524193016346544e-05
0, 235, 770, 51, 72, 3.422224835958332e-05
0, 8, 138, 16, 276, 3.409816054045223e-05
0, 250, 579, 27, 27, 3.3929554774658754e-05
0, 253, 688, 88, 142, 3.333175482111983e-05
0, 303, 684, 71, 71, 3.139173350064084e-05
0, 5, 343, 11, 325, 3.095036663580686e-05
0, 241, 522, 59, 42, 2.949584995803889e-05
0, 178, 162, 152, 121, 2.9236971386126243e-05
0, 6, 707, 13, 306, 2.8675049179582857e-05
0, 301, 652, 203, 318, 2.816955566231627e-05
0, 250, 147, 89, 134, 2.7957968995906413e-05
0, 232, 650, 47, 58, 2.7102314561489038e-05
0, 312, 261, 74, 87, 2.621753083076328e-05
0, 471, 54, 96, 108, 2.5789202481973916e-05
0, 248, 489, 78, 43, 2.5068677132367156e-05
0, 36, 350, 72, 510, 2.4653170839883387e-05
0, 282, 624, 9, 16, 2.4529252186766826e-05
0, 85, 157, 171, 309, 2.4510240109520964e-05
0, 2, 1015, 4, 164, 2.3698639779468067e-05
0, 494, 59, 51, 118, 2.2961070499150082e-05
0, 518, 765, 3, 264, 2.2931048079044558e-05
0, 337, 671, 364, 431, 2.2737807739758864e-05
0, 211, 357, 95, 82, 2.2665240976493806e-05
0, 292, 180, 11, 20, 2.2348654965753667e-05
0, 385, 852, 46, 42, 2.1452720829984173e-05
0, 387, 815, 244, 272, 1.9686251107486896e-05
0, 76, 7, 146, 13, 1.9636789147625677e-05
0, 316, 683, 117, 123, 1.9432816770859063e-05
0, 322, 429, 68, 58, 1.9174724002368748e-05
0, 5, 529, 10, 341, 1.9057741155847907e-05
0, 92, 111, 150, 92, 1.79988237505313e-05
0, 4, 816, 9, 259, 1.763707223290112e-05
0, 304, 242, 38, 50, 1.753906690282747e-05
0, 271, 661, 109, 134, 1.7415164620615542e-05
0, 132, 101, 93, 43, 1.728082679619547e-05
0, 415, 18, 143, 37, 1.6460286133224145e-05
0, 196, 125, 42, 32, 1.6421417967649177e-05
0, 0, 50, 1, 99, 1.633784813748207e-05
0, 232, 601, 77, 74, 1.603608143341262e-05
0, 346, 775, 168, 192, 1.5803632777533494e-05
0, 350, 379, 33, 38, 1.5794908904354088e-05
0, 428, 809, 183, 504, 1.5477318811463192e-05
0, 279, 196, 42, 32, 1.5308227375498973e-05
0, 80, 20, 160, 40, 1.5068786524352618e-05
0, 294, 226, 17, 19, 1.496301956649404e-05
0, 299, 849, 88, 96, 1.4863052456348669e-05
0, 170, 767, 279, 214, 1.4789628039579839e-05
0, 281, 160, 12, 24, 1.4282533811638132e-05
0, 170, 193, 80, 68, 1.3630760804517195e-05
0, 145, 92, 30, 19, 1.3333636161405593e-05
0, 9, 430, 18, 346, 1.3311987459019292e-05
0, 10, 628, 21, 364, 1.3199238310335204e-05
0, 178, 329, 140, 121, 1.3170205420465209e-05
0, 114, 244, 229, 439, 1.2590666301548481e-05
0, 281, 422, 156, 204, 1.2584327123477124e-05
0, 493, 914, 52, 348, 1.2531203537946567e-05
0, 305, 728, 77, 143, 1.2384703950374387e-05
0, 115, 136, 151, 114, 1.197620622406248e-05
0, 518, 356, 3, 383, 1.1908464330190327e-05
0, 279, 118, 271, 230, 1.1873164112330414e-05
0, 335, 307, 132, 141, 1.1802942935901228e-05
0, 518, 874, 3, 278, 1.1711505976563785e-05
0, 352, 815, 96, 134, 1.1500770597194787e-05
0, 249, 442, 36, 27, 1.1115872439404484e-05
0, 262, 216, 54, 42, 1.1107701539003756e-05
0, 500, 1051, 39, 93, 1.1026970241800882e-05
0, 29, 224, 58, 417, 1.0766090781544335e-05
0, 34, 1017, 69, 144, 1.0722215847636107e-05
0, 274, 171, 50, 51, 1.0430021575302817e-05
0, 225, 605, 28, 32, 1.0270563507219777e-05
0, 364, 19, 162, 39, 9.789492651179899e-06
0, 262, 416, 102, 115, 9.571645023243036e-06
0, 178, 282, 305, 203, 9.559110367263202e-06
