0, 241, 865, 26, 30, 0.37719687819480896
0, 231, 895, 38, 31, 0.36714884638786316
0, 323, 760, 91, 112, 0.3520936965942383
0, 327, 801, 37, 25, 0.16177010536193848
0, 287, 805, 37, 20, 0.13851968944072723
0, 149, 934, 18, 12, 0.13491524755954742
0, 173, 925, 18, 14, 0.13438232243061066
0, 315, 738, 42, 40, 0.1336946338415146
0, 151, 917, 20, 18, 0.1277792751789093
0, 309, 743, 28, 27, 0.1125018447637558
0, 180, 956, 11, 23, 0.10294642299413681
0, 319, 773, 20, 15, 0.09541358053684235
0, 157, 917, 32, 23, 0.09506220370531082
0, 333, 595, 46, 37, 0.09164093434810638
0, 113, 1010, 22, 27, 0.07911692559719086
0, 263, 871, 74, 45, 0.07799036055803299
0, 329, 730, 62, 43, 0.07408716529607773
0, 340, 679, 71, 41, 0.06802971661090851
0, 326, 763, 62, 50, 0.06799609214067459
0, 271, 881, 22, 24, 0.059663861989974976
0, 280, 243, 27, 24, 0.0565815344452858
0, 298, 787, 23, 16, 0.05158062279224396
0, 344, 762, 27, 35, 0.05085122585296631
0, 314, 826, 17, 16, 0.049730729311704636
0, 223, 918, 19, 19, 0.04728124290704727
0, 308, 828, 26, 20, 0.045077111572027206
0, 292, 773, 17, 27, 0.043871425092220306
0, 341, 592, 26, 28, 0.03883388265967369
0, 279, 872, 42, 39, 0.03257568180561066
0, 272, 248, 44, 36, 0.031575046479701996
0, 295, 758, 25, 41, 0.028590334579348564
0, 331, 722, 19, 25, 0.027826275676488876
0, 174, 918, 68, 38, 0.024673327803611755
0, 58, 1007, 15, 18, 0.02435562014579773
0, 301, 800, 68, 32, 0.023484863340854645
0, 291, 764, 19, 28, 0.02288900874555111
0, 383, 614, 11, 19, 0.019584260880947113
0, 347, 753, 33, 28, 0.01893279142677784
0, 309, 839, 30, 32, 0.018911108374595642
0, 313, 832, 43, 30, 0.01856176368892193
0, 321, 669, 28, 15, 0.01696188561618328
0, 355, 767, 24, 34, 0.01634303294122219
0, 182, 919, 40, 32, 0.015781443566083908
0, 333, 781, 61, 69, 0.014686262235045433
0, 318, 822, 45, 24, 0.014528115279972553
0, 163, 928, 43, 24, 0.0132363922894001
0, 252, 887, 82, 65, 0.0130577078089118
0, 193, 911, 30, 19, 0.012420076876878738
0, 233, 880, 53, 67, 0.01138188224285841
0, 313, 708, 24, 14, 0.010815606452524662
0, 287, 863, 25, 17, 0.010549239814281464
0, 307, 753, 55, 58, 0.01049596257507801
0, 253, 261, 23, 19, 0.010236037895083427
0, 299, 535, 22, 18, 0.008789646439254284
0, 341, 816, 13, 15, 0.008730655536055565
0, 61, 970, 17, 19, 0.007997083477675915
0, 192, 912, 80, 59, 0.007978320121765137
0, 331, 708, 25, 13, 0.006341003347188234
0, 156, 1005, 12, 12, 0.005796123296022415
0, 257, 424, 9, 18, 0.005438029766082764
0, 347, 697, 53, 38, 0.004480776377022266
0, 319, 463, 16, 14, 0.004214923363178968
0, 359, 699, 31, 35, 0.003860140684992075
0, 303, 710, 22, 17, 0.003839540760964155
0, 200, 896, 19, 21, 0.0035479948855936527
0, 295, 673, 17, 20, 0.0034773927181959152
0, 340, 708, 45, 16, 0.003466800320893526
0, 198, 236, 32, 12, 0.0029274122789502144
0, 293, 776, 58, 88, 0.0028386253397911787
0, 317, 828, 64, 50, 0.0026879855431616306
0, 224, 917, 32, 29, 0.002578896703198552
0, 217, 896, 72, 48, 0.0022685371804982424
0, 161, 896, 24, 21, 0.0022113369777798653
0, 150, 926, 26, 32, 0.0021693562157452106
0, 362, 599, 25, 33, 0.0021440039854496717
0, 303, 813, 67, 35, 0.0020877555944025517
0, 324, 337, 11, 14, 0.0019646231085062027
0, 236, 903, 53, 51, 0.0017741614719852805
0, 367, 613, 18, 20, 0.0016870390390977263
0, 285, 324, 15, 15, 0.0016337181441485882
0, 282, 214, 10, 19, 0.0015210442943498492
0, 293, 825, 52, 38, 0.0013161327224224806
0, 200, 938, 14, 12, 0.0012468452332541347
0, 361, 650, 18, 11, 0.001185947796329856
0, 341, 596, 71, 55, 0.0011793817393481731
0, 342, 750, 70, 84, 0.0011577233672142029
0, 218, 886, 143, 89, 0.0011063187848776579
0, 167, 995, 8, 7, 0.0011046355357393622
0, 369, 733, 19, 28, 0.0010759967844933271
0, 15, 962, 21, 14, 0.0010322713060304523
0, 340, 661, 58, 38, 0.0010308384662494063
0, 317, 648, 21, 11, 0.000995042733848095
0, 313, 405, 13, 13, 0.0009552316623739898
0, 366, 661, 24, 17, 0.0008743451908230782
0, 316, 674, 62, 32, 0.0008591052028350532
0, 514, 44, 15, 86, 0.0008391508017666638
0, 343, 814, 30, 22, 0.0008278148015961051
0, 358, 717, 38, 30, 0.0007436422165483236
0, 172, 949, 52, 27, 0.0007414754945784807
0, 337, 519, 10, 12, 0.0007316846749745309
0, 176, 952, 24, 32, 0.0007277638651430607
0, 9, 984, 14, 15, 0.0006982898921705782
0, 515, 10, 12, 19, 0.0006949389353394508
0, 19, 998, 14, 12, 0.0006900497246533632
0, 503, 42, 37, 85, 0.0006561020272783935
0, 278, 238, 32, 47, 0.0006184964440762997
0, 160, 1002, 23, 20, 0.0005623247125186026
0, 252, 857, 50, 53, 0.0005553542287088931
0, 300, 710, 37, 22, 0.0005219590966589749
0, 251, 169, 22, 12, 0.000497601053211838
0, 61, 1008, 25, 24, 0.0004938299534842372
0, 266, 241, 61, 66, 0.00048724786029197276
0, 301, 844, 76, 66, 0.0004788974183611572
0, 290, 684, 15, 22, 0.00039792261668480933
0, 204, 941, 17, 16, 0.0003922524338122457
0, 303, 852, 55, 36, 0.0003871737280860543
0, 335, 577, 64, 52, 0.0003836454707197845
0, 12, 966, 21, 26, 0.00035952989128418267
0, 323, 564, 18, 19, 0.00034293823409825563
0, 517, 64, 9, 125, 0.0003344673023093492
0, 9, 1155, 17, 14, 0.0003343926800880581
0, 503, 10, 36, 21, 0.00033095694379881024
0, 14, 987, 23, 17, 0.00032954581547528505
0, 318, 512, 15, 18, 0.00032415142050012946
0, 192, 122, 10, 12, 0.0002708427491597831
0, 517, 1089, 9, 132, 0.00024795025819912553
0, 512, 1050, 19, 216, 0.0002273175778100267
0, 315, 563, 13, 16, 0.00022399716544896364
0, 346, 625, 84, 103, 0.00021940814622212201
0, 511, 87, 20, 159, 0.00021333173208404332
0, 272, 370, 20, 14, 0.00020847261475864798
0, 6, 20, 13, 38, 0.00020834880706388503
0, 301, 747, 76, 93, 0.00020730668620672077
0, 186, 952, 37, 33, 0.0002069500187644735
0, 474, 33, 94, 65, 0.00020325306104496121
0, 13, 957, 25, 27, 0.00020159072300884873
0, 16, 14, 32, 27, 0.00019652620540000498
0, 129, 1009, 54, 30, 0.0001961029920494184
0, 356, 542, 14, 15, 0.00018021829600911587
0, 18, 5, 35, 10, 0.00017039314843714237
0, 196, 153, 9, 7, 0.00016463978681713343
0, 216, 926, 57, 41, 0.0001625800650799647
0, 15, 935, 18, 13, 0.00016061226779129356
0, 284, 859, 90, 73, 0.00015180617629084736
0, 334, 509, 15, 18, 0.00014962253044359386
0, 485, 9, 71, 17, 0.00014305223885457963
0, 8, 1145, 16, 32, 0.00014281617768574506
0, 381, 618, 16, 31, 0.00014242369798012078
0, 345, 632, 20, 13, 0.00013974556350149214
0, 218, 918, 165, 102, 0.00013393766130320728
0, 164, 915, 69, 65, 0.00013384752674028277
0, 362, 623, 43, 28, 0.0001331151433987543
0, 518, 106, 7, 139, 0.00012974398850928992
0, 345, 621, 72, 45, 0.000128281899378635
0, 488, 19, 67, 38, 0.00012759883247781545
0, 226, 165, 7, 8, 0.00012455320393200964
0, 511, 171, 20, 177, 0.00011915520008187741
0, 512, 760, 19, 149, 0.00011894099588971585
0, 512, 966, 19, 234, 0.00011641149467322975
0, 9, 941, 16, 34, 0.00011505180009407923
0, 12, 1001, 23, 27, 0.00011363622616045177
0, 516, 1139, 10, 44, 0.00011345281382091343
0, 512, 893, 19, 196, 0.00010846754594240338
0, 110, 1012, 36, 42, 0.00010764550097519532
0, 216, 351, 12, 17, 9.857642726274207e-05
0, 60, 936, 10, 10, 9.823092113947496e-05
0, 345, 578, 84, 87, 9.626860992284492e-05
0, 108, 979, 15, 14, 9.311218309449032e-05
0, 518, 167, 7, 128, 9.212995792040601e-05
0, 517, 239, 8, 136, 9.135311847785488e-05
0, 517, 1008, 8, 132, 9.055309783434495e-05
0, 33, 17, 66, 34, 8.928988972911611e-05
0, 110, 969, 14, 27, 8.810626604827121e-05
0, 353, 535, 16, 23, 8.631844684714451e-05
0, 19, 1156, 38, 12, 8.606833580415696e-05
0, 288, 504, 14, 11, 8.244155469583347e-05
0, 512, 817, 19, 175, 8.200474985642359e-05
0, 257, 866, 131, 118, 8.087465539574623e-05
0, 518, 501, 7, 134, 7.706780161242932e-05
0, 158, 955, 28, 33, 7.549646397819743e-05
0, 52, 1137, 104, 50, 7.54694701754488e-05
0, 16, 37, 31, 72, 7.517247286159545e-05
0, 332, 501, 14, 11, 7.478337647626176e-05
0, 50, 1007, 35, 18, 7.47071098885499e-05
0, 512, 708, 19, 135, 7.386005017906427e-05
0, 517, 950, 8, 132, 7.294241368072107e-05
0, 325, 671, 77, 61, 7.232969073811546e-05
0, 252, 909, 122, 80, 6.905852205818519e-05
0, 321, 517, 18, 17, 6.905107875354588e-05
0, 517, 307, 8, 127, 6.40955040580593e-05
0, 512, 498, 19, 142, 6.211603613337502e-05
0, 320, 567, 55, 30, 6.129740359028801e-05
0, 511, 258, 20, 209, 5.83502187510021e-05
0, 511, 1127, 21, 69, 5.7630433730082586e-05
0, 134, 1006, 26, 32, 5.7363682572031394e-05
0, 518, 776, 7, 114, 5.730064367526211e-05
0, 512, 649, 19, 131, 5.484427674673498e-05
0, 7, 1122, 14, 75, 5.4819596698507667e-05
0, 501, 1074, 41, 176, 5.468843301059678e-05
0, 361, 649, 49, 16, 5.382726521929726e-05
0, 512, 563, 19, 132, 5.355696703190915e-05
0, 489, 939, 65, 326, 5.263650746201165e-05
0, 517, 907, 8, 130, 5.226278517511673e-05
0, 339, 523, 13, 20, 5.208372022025287e-05
0, 16, 271, 32, 229, 5.201854946790263e-05
0, 15, 420, 31, 248, 5.2010214858455583e-05
0, 512, 425, 19, 180, 5.184625479159877e-05
0, 512, 332, 19, 207, 5.1783201342914253e-05
0, 34, 5, 64, 11, 5.0716629630187526e-05
0, 142, 924, 46, 38, 5.04339077451732e-05
0, 184, 958, 23, 38, 5.032091212342493e-05
0, 161, 994, 28, 43, 4.946239278069697e-05
0, 337, 528, 44, 35, 4.925467510474846e-05
0, 347, 680, 79, 77, 4.9235750338993967e-05
0, 16, 674, 31, 208, 4.856767918681726e-05
0, 517, 381, 8, 121, 4.804671334568411e-05
0, 193, 127, 19, 13, 4.768260259879753e-05
0, 451, 6, 129, 13, 4.693197479355149e-05
0, 17, 590, 34, 222, 4.6400222345255315e-05
0, 223, 920, 87, 86, 4.5104901801096275e-05
0, 26, 1141, 53, 41, 4.3216092308284715e-05
0, 349, 538, 33, 32, 4.225563316140324e-05
0, 267, 259, 57, 36, 4.180332689429633e-05
0, 12, 932, 25, 78, 4.1625073208706453e-05
0, 110, 223, 9, 11, 4.126670683035627e-05
0, 15, 753, 31, 186, 4.081758743268438e-05
0, 279, 279, 28, 19, 4.0203845856012776e-05
0, 447, 82, 143, 163, 4.0099548641592264e-05
0, 304, 518, 22, 33, 3.9959446439752355e-05
0, 362, 664, 47, 35, 3.893991015502252e-05
0, 63, 21, 126, 43, 3.811779242823832e-05
0, 517, 436, 8, 114, 3.721657776623033e-05
0, 518, 680, 7, 108, 3.678788198158145e-05
0, 168, 986, 8, 20, 3.6607896618079394e-05
0, 517, 822, 8, 127, 3.631841536844149e-05
0, 16, 504, 33, 230, 3.502468825899996e-05
0, 518, 634, 7, 115, 3.454387478996068e-05
0, 159, 942, 49, 47, 3.4308090107515454e-05
0, 14, 824, 28, 131, 3.2397849281551316e-05
0, 13, 872, 26, 109, 3.156792081426829e-05
0, 170, 892, 139, 83, 3.1126484827836975e-05
0, 518, 738, 7, 109, 3.090910104219802e-05
0, 319, 803, 120, 137, 3.07606314891018e-05
0, 301, 524, 36, 37, 3.0408564271056093e-05
0, 503, 1145, 37, 35, 3.0340926969074644e-05
0, 518, 590, 7, 104, 2.9763914426439442e-05
0, 235, 109, 16, 11, 2.9332508347579278e-05
0, 399, 658, 8, 10, 2.919453982030973e-05
0, 15, 187, 30, 191, 2.8906668376293965e-05
0, 197, 244, 37, 27, 2.83689696516376e-05
0, 14, 101, 29, 168, 2.8301550628384575e-05
0, 278, 809, 56, 32, 2.8071781343896873e-05
0, 470, 125, 102, 250, 2.7898042390006594e-05
0, 328, 336, 21, 18, 2.745833626249805e-05
0, 226, 861, 125, 74, 2.7448673790786415e-05
0, 505, 118, 33, 195, 2.684848732315004e-05
0, 488, 179, 66, 343, 2.6664361939765513e-05
0, 36, 1155, 70, 14, 2.6623503799783066e-05
0, 34, 1125, 69, 74, 2.586844129837118e-05
0, 157, 976, 25, 43, 2.5725581508595496e-05
0, 13, 930, 23, 25, 2.5689470930956304e-05
0, 279, 773, 98, 117, 2.5499941330053844e-05
0, 518, 550, 7, 103, 2.4305665647261776e-05
0, 325, 551, 86, 52, 2.3105010768631473e-05
0, 64, 957, 27, 44, 2.2913298380444758e-05
0, 352, 709, 75, 97, 2.281950946780853e-05
0, 287, 764, 168, 138, 2.2530550268129446e-05
0, 12, 1055, 24, 70, 2.2314196030492894e-05
0, 16, 1100, 31, 120, 2.0940697140758857e-05
0, 109, 987, 26, 46, 2.0826182662858628e-05
0, 345, 557, 61, 89, 2.071659946523141e-05
0, 494, 795, 54, 221, 2.065046464849729e-05
0, 372, 1131, 298, 62, 2.0518233213806525e-05
0, 466, 1023, 109, 272, 1.989419433812145e-05
0, 113, 972, 33, 37, 1.9542781956261024e-05
0, 321, 531, 30, 28, 1.89511902135564e-05
0, 37, 1005, 27, 25, 1.8921233277069405e-05
0, 172, 984, 49, 67, 1.8834978618542664e-05
0, 170, 966, 37, 54, 1.822152808017563e-05
0, 486, 58, 70, 117, 1.8211470887763426e-05
