0, 260, 519, 87, 90, 0.45828238129615784
0, 389, 775, 124, 106, 0.43235719203948975
0, 270, 534, 60, 60, 0.2692714035511017
0, 258, 602, 51, 48, 0.17445330321788788
0, 276, 599, 86, 60, 0.1417584866285324
0, 239, 454, 35, 23, 0.13631509244441986
0, 374, 754, 85, 61, 0.10855831950902939
0, 416, 830, 27, 20, 0.10382489860057831
0, 410, 788, 75, 56, 0.0900416299700737
0, 217, 376, 34, 35, 0.08885553479194641
0, 307, 360, 44, 38, 0.07488376647233963
0, 334, 670, 102, 85, 0.07210655510425568
0, 353, 686, 65, 55, 0.07102730870246887
0, 308, 616, 167, 198, 0.05519770458340645
0, 350, 681, 55, 30, 0.05062001571059227
0, 285, 368, 93, 70, 0.04802306741476059
0, 344, 685, 39, 18, 0.04776217043399811
0, 275, 548, 46, 29, 0.0450911819934845
0, 357, 376, 20, 24, 0.044680748134851456
0, 247, 382, 83, 43, 0.03888346254825592
0, 311, 304, 46, 31, 0.03740883246064186
0, 222, 368, 45, 54, 0.03727249801158905
0, 254, 520, 56, 51, 0.037192124873399734
0, 450, 818, 15, 12, 0.036595623940229416
0, 247, 508, 52, 53, 0.03479438275098801
0, 220, 350, 37, 21, 0.032529715448617935
0, 304, 600, 63, 51, 0.032360468059778214
0, 347, 775, 20, 27, 0.02675064094364643
0, 407, 826, 47, 33, 0.02658764086663723
0, 298, 583, 39, 34, 0.026514625176787376
0, 270, 384, 60, 42, 0.02624119259417057
0, 365, 692, 41, 44, 0.025715673342347145
0, 323, 657, 66, 50, 0.02503729611635208
0, 375, 734, 30, 18, 0.024896781891584396
0, 304, 653, 25, 26, 0.023411985486745834
0, 322, 616, 26, 21, 0.02082807384431362
0, 436, 863, 48, 41, 0.020725425332784653
0, 360, 342, 99, 65, 0.020404016599059105
0, 262, 377, 44, 28, 0.020273488014936447
0, 301, 652, 80, 74, 0.01987105794250965
0, 444, 855, 29, 21, 0.019389433786273003
0, 230, 503, 70, 55, 0.018688863143324852
0, 296, 350, 35, 36, 0.01751970686018467
0, 377, 345, 41, 20, 0.016247229650616646
0, 284, 554, 123, 158, 0.01555822603404522
0, 315, 610, 44, 32, 0.014172818511724472
0, 346, 662, 29, 20, 0.01387737039476633
0, 361, 770, 54, 35, 0.01382229384034872
0, 307, 641, 57, 39, 0.013778973370790482
0, 356, 651, 27, 36, 0.013692207634449005
0, 327, 647, 32, 24, 0.01324502658098936
0, 384, 742, 50, 38, 0.012203176505863667
0, 269, 415, 26, 17, 0.011982232332229614
0, 350, 337, 34, 24, 0.01084999367594719
0, 356, 343, 28, 23, 0.01046325359493494
0, 375, 715, 150, 204, 0.009689263999462128
0, 211, 501, 30, 42, 0.009409873746335506
0, 318, 314, 74, 53, 0.009372943080961704
0, 392, 364, 17, 15, 0.008574603125452995
0, 416, 790, 76, 106, 0.008489271625876427
0, 241, 495, 39, 37, 0.008388862945139408
0, 290, 637, 43, 31, 0.008113829419016838
0, 283, 627, 94, 101, 0.007898232899606228
0, 386, 354, 29, 32, 0.006981386337429285
0, 370, 345, 56, 32, 0.006602970417588949
0, 279, 389, 38, 34, 0.006597030442208052
0, 329, 415, 43, 34, 0.006189780309796333
0, 401, 817, 61, 59, 0.006164175923913717
0, 297, 388, 59, 38, 0.00615244684740901
0, 307, 327, 53, 22, 0.006111258175224066
0, 421, 865, 18, 33, 0.0060883015394210815
0, 231, 515, 46, 64, 0.005936697591096163
0, 341, 648, 52, 43, 0.005748733412474394
0, 190, 403, 17, 12, 0.005631375592201948
0, 278, 633, 21, 22, 0.005388322751969099
0, 296, 674, 27, 23, 0.005279322620481253
0, 360, 678, 147, 118, 0.004621880128979683
0, 391, 345, 44, 44, 0.0044965436682105064
0, 424, 853, 32, 54, 0.0042212726548314095
0, 333, 329, 111, 71, 0.004187790211290121
0, 402, 738, 23, 25, 0.0041298517026007175
0, 315, 674, 67, 49, 0.004097830969840288
0, 342, 408, 18, 24, 0.003926163539290428
0, 304, 296, 41, 41, 0.003681956557556987
0, 293, 330, 27, 20, 0.003601545700803399
0, 381, 360, 48, 24, 0.003486800938844681
0, 346, 777, 39, 39, 0.0034073712304234505
0, 374, 715, 29, 35, 0.0033431323245167732
0, 325, 311, 50, 30, 0.0029078382067382336
0, 474, 825, 18, 17, 0.0027237078174948692
0, 332, 678, 252, 291, 0.0027052871882915497
0, 342, 773, 67, 54, 0.002604919020086527
0, 312, 393, 37, 26, 0.002602169057354331
0, 445, 827, 30, 29, 0.0024766239803284407
0, 278, 379, 145, 109, 0.002469446277245879
0, 368, 374, 41, 33, 0.002455668756738305
0, 194, 426, 29, 41, 0.0021932965610176325
0, 224, 452, 68, 43, 0.001890665851533413
0, 315, 419, 36, 28, 0.001791909453459084
0, 190, 408, 22, 23, 0.0017362249782308936
0, 269, 412, 126, 40, 0.0015901339938864112
0, 274, 419, 42, 29, 0.0015140711329877377
0, 286, 524, 170, 103, 0.0013808405492454767
0, 401, 329, 20, 18, 0.0013295004609972239
0, 196, 437, 21, 18, 0.001294645480811596
0, 416, 839, 41, 48, 0.0012618605978786945
0, 356, 727, 62, 27, 0.0011627316707745194
0, 240, 446, 46, 49, 0.0011239027371630073
0, 351, 723, 35, 16, 0.0011149446945637465
0, 455, 823, 30, 29, 0.001104439259506762
0, 262, 583, 76, 79, 0.0010752399684861302
0, 353, 378, 34, 37, 0.0010713704396039248
0, 375, 796, 90, 93, 0.001068664132617414
0, 448, 805, 18, 34, 0.0010329787619411945
0, 324, 619, 51, 23, 0.0010226498125120997
0, 262, 415, 45, 22, 0.0010071209399029613
0, 266, 434, 137, 68, 0.0009818642865866423
0, 322, 769, 29, 39, 0.000976758310571313
0, 324, 642, 106, 115, 0.0009527807123959064
0, 236, 467, 71, 57, 0.0009411133360117674
0, 255, 418, 72, 44, 0.000872394535690546
0, 317, 350, 78, 94, 0.0007530004368163645
0, 192, 402, 27, 17, 0.0007455368177033961
0, 248, 438, 73, 69, 0.0006887022173032165
0, 240, 433, 34, 23, 0.0006770970649085939
0, 249, 553, 88, 145, 0.0006549974204972386
0, 416, 831, 74, 72, 0.0005778082995675504
0, 618, 1097, 3, 121, 0.0005035937647335231
0, 445, 787, 86, 110, 0.0004985156701877713
0, 279, 424, 162, 228, 0.0004936546320095658
0, 455, 832, 41, 42, 0.0004883770598098636
0, 327, 346, 161, 133, 0.00047247641487047076
0, 336, 710, 110, 120, 0.0004666087043005973
0, 349, 756, 86, 74, 0.00044991716276854277
0, 619, 12, 1, 25, 0.000445969810243696
0, 617, 771, 4, 147, 0.00043435092084109783
0, 617, 886, 4, 144, 0.0004187326121609658
0, 231, 417, 102, 89, 0.0004032566212117672
0, 618, 1010, 2, 161, 0.0003955844440497458
0, 215, 434, 75, 75, 0.00034152352600358427
0, 336, 402, 71, 58, 0.0003396263637114316
0, 218, 365, 82, 67, 0.0003366534074302763
0, 351, 633, 127, 164, 0.00033539102878421545
0, 618, 435, 2, 187, 0.00033307517878711224
0, 617, 830, 4, 146, 0.0003252317546866834
0, 617, 699, 4, 145, 0.00031386021873913705
0, 435, 827, 124, 104, 0.0002949776535388082
0, 453, 818, 62, 47, 0.000294718483928591
0, 310, 674, 105, 112, 0.00028535438468679786
0, 192, 382, 22, 28, 0.000273362296866253
0, 473, 844, 16, 17, 0.0002713206340558827
0, 618, 243, 3, 157, 0.0002698838652577251
0, 48, 20, 96, 40, 0.0002614646509755403
0, 429, 1146, 32, 31, 0.00025582953821867704
0, 261, 326, 17, 14, 0.00025406869826838374
0, 618, 184, 3, 150, 0.00024107206263579428
0, 617, 647, 4, 154, 0.00021950170048512518
0, 618, 96, 2, 160, 0.00021366678993217647
0, 618, 309, 3, 146, 0.0002131814690073952
0, 289, 349, 74, 61, 0.00021175850997678936
0, 50, 6, 87, 12, 0.00020886058337055147
0, 618, 946, 3, 152, 0.00020566885359585285
0, 370, 735, 90, 173, 0.0001978662476176396
0, 260, 476, 95, 166, 0.00018027260375674814
0, 353, 317, 154, 110, 0.00017188576748594642
0, 618, 365, 3, 145, 0.0001690546196186915
0, 310, 519, 230, 301, 0.0001665615855017677
0, 241, 347, 96, 55, 0.0001665582531131804
0, 371, 370, 64, 59, 0.00016245873121079057
0, 617, 590, 4, 150, 0.0001604126882739365
0, 0, 15, 1, 31, 0.00014880172966513783
0, 617, 529, 4, 156, 0.00014439817459788173
0, 615, 1070, 9, 185, 0.00013839850726071745
0, 415, 863, 32, 48, 0.00013171188766136765
0, 29, 33, 59, 65, 0.00013135693734511733
0, 22, 6, 42, 12, 0.0001299441937590018
0, 614, 950, 10, 311, 0.00012812786735594273
0, 335, 546, 337, 443, 0.0001227136526722461
0, 323, 306, 120, 80, 0.00012192228314233944
0, 619, 46, 1, 91, 0.00011120150884380564
0, 412, 757, 174, 157, 0.00010855581058422104
0, 41, 49, 82, 98, 0.00010790767555590719
0, 304, 421, 99, 57, 0.00010436408774694428
0, 456, 856, 57, 41, 9.999618487199768e-05
0, 15, 51, 31, 102, 9.909205255098641e-05
0, 217, 469, 77, 127, 9.230337309418246e-05
0, 71, 30, 140, 58, 8.938964310800657e-05
0, 13, 10, 26, 21, 8.234319102484733e-05
0, 615, 847, 9, 292, 7.806389476172626e-05
0, 10, 1136, 21, 51, 7.668263424420729e-05
0, 445, 868, 75, 60, 7.163503323681653e-05
0, 437, 737, 263, 267, 6.962208863114938e-05
0, 338, 373, 328, 291, 6.238911009859294e-05
0, 603, 80, 32, 160, 6.184391531860456e-05
0, 604, 1009, 31, 222, 6.142490747151896e-05
0, 313, 764, 24, 33, 6.117086013546214e-05
0, 1, 1138, 3, 46, 5.852001049788669e-05
0, 603, 11, 33, 22, 5.80099513172172e-05
0, 585, 13, 68, 26, 5.7864090194925666e-05
0, 495, 896, 12, 12, 5.519070691661909e-05
0, 588, 31, 63, 62, 5.457256702356972e-05
0, 604, 195, 31, 197, 5.353235610527918e-05
0, 262, 623, 134, 141, 5.200197847443633e-05
0, 603, 437, 32, 278, 5.040952964918688e-05
0, 554, 24, 130, 48, 4.774698754772544e-05
0, 391, 820, 85, 105, 4.760186857311055e-05
0, 373, 602, 286, 262, 4.744026591652073e-05
0, 603, 1074, 33, 166, 4.7411140258191153e-05
0, 372, 326, 82, 42, 4.549980803858489e-05
0, 601, 877, 36, 177, 4.391399124870077e-05
0, 589, 445, 60, 637, 4.0607275877846405e-05
0, 19, 140, 39, 281, 4.043041917611845e-05
0, 605, 261, 28, 186, 3.8320729800034314e-05
0, 342, 774, 115, 83, 3.671302692964673e-05
0, 602, 748, 35, 202, 3.5387754905968904e-05
0, 305, 18, 182, 37, 3.523699342622422e-05
0, 495, 868, 17, 19, 3.443034438532777e-05
0, 312, 293, 78, 61, 3.382733484613709e-05
0, 539, 56, 16, 14, 3.379550980753265e-05
0, 614, 395, 10, 337, 3.371011553099379e-05
0, 8, 778, 17, 295, 3.160012056468986e-05
0, 614, 739, 10, 323, 3.154670412186533e-05
0, 218, 513, 84, 94, 3.149944677716121e-05
0, 494, 19, 226, 39, 3.108477540081367e-05
0, 259, 576, 165, 227, 3.0952345696277916e-05
0, 613, 180, 12, 305, 2.925864464486949e-05
0, 476, 839, 46, 66, 2.9027496566413902e-05
0, 22, 1079, 45, 165, 2.8877957447548397e-05
0, 607, 1126, 24, 71, 2.7685540771926753e-05
0, 599, 45, 40, 90, 2.763523480098229e-05
0, 586, 62, 66, 125, 2.6498122679186054e-05
0, 25, 109, 50, 128, 2.615330413391348e-05
0, 405, 646, 428, 423, 2.5374114557052962e-05
0, 0, 43, 1, 83, 2.338772901566699e-05
0, 61, 89, 123, 179, 2.3278606022358872e-05
0, 211, 20, 189, 41, 2.2808324501966126e-05
0, 12, 28, 24, 55, 2.2779546270612627e-05
0, 18, 680, 36, 215, 2.1844600269105285e-05
0, 529, 32, 180, 63, 2.1522577299037948e-05
0, 469, 967, 17, 14, 2.1235171516309492e-05
0, 614, 281, 11, 295, 2.0740737454616465e-05
0, 359, 28, 170, 54, 2.055560253211297e-05
0, 597, 804, 45, 185, 2.0349516489659436e-05
0, 604, 321, 30, 161, 2.0303226847318e-05
0, 603, 679, 32, 210, 1.937168235599529e-05
0, 345, 385, 110, 112, 1.9281114873592742e-05
0, 22, 96, 44, 69, 1.8260425349581055e-05
0, 75, 1124, 150, 76, 1.80485840246547e-05
0, 405, 868, 44, 72, 1.8023747543338686e-05
0, 106, 19, 173, 38, 1.7743186617735773e-05
0, 590, 728, 59, 401, 1.76934408955276e-05
0, 439, 1147, 23, 29, 1.7673877664492466e-05
0, 24, 240, 49, 401, 1.680121749814134e-05
0, 209, 524, 152, 123, 1.677752152318135e-05
0, 544, 191, 151, 382, 1.6705658708815463e-05
0, 402, 852, 82, 104, 1.6686488379491493e-05
0, 475, 917, 14, 17, 1.602554948476609e-05
0, 595, 513, 49, 150, 1.597409755049739e-05
0, 568, 41, 102, 82, 1.5796324078110047e-05
0, 591, 181, 56, 171, 1.5604136933689006e-05
0, 478, 820, 37, 49, 1.5588699170621112e-05
0, 449, 1151, 90, 20, 1.540719131298829e-05
0, 605, 380, 29, 143, 1.5284318578778766e-05
0, 600, 586, 38, 186, 1.5044506653794087e-05
0, 1, 760, 2, 256, 1.4875106899125967e-05
0, 475, 1120, 289, 84, 1.4616559383284766e-05
0, 388, 349, 71, 70, 1.4428072063310537e-05
0, 189, 421, 47, 61, 1.4134743651084136e-05
0, 613, 53, 13, 103, 1.3817037142871413e-05
0, 413, 1145, 65, 32, 1.3810003110847902e-05
0, 53, 754, 107, 331, 1.380565754516283e-05
0, 282, 1144, 487, 37, 1.3800747183267958e-05
0, 310, 246, 296, 358, 1.356379743810976e-05
0, 64, 1153, 121, 18, 1.2761549442075193e-05
0, 27, 182, 54, 149, 1.264335514861159e-05
0, 242, 33, 156, 65, 1.2079105545126367e-05
0, 590, 250, 58, 467, 1.202014391310513e-05
0, 592, 126, 54, 167, 1.1841963896586094e-05
0, 57, 193, 114, 363, 1.173595774162095e-05
0, 472, 791, 273, 180, 1.1396361514925957e-05
0, 27, 383, 54, 435, 1.1285020264040213e-05
0, 289, 307, 76, 68, 1.125771723309299e-05
0, 186, 418, 32, 45, 1.1131497558380943e-05
0, 140, 24, 276, 48, 1.06863544715452e-05
0, 192, 336, 166, 153, 1.0612479854898993e-05
0, 383, 1148, 113, 27, 1.0343773283238988e-05
0, 54, 363, 108, 307, 9.962484909920022e-06
0, 214, 603, 289, 234, 9.602813406672794e-06
0, 399, 21, 155, 43, 9.543244232190773e-06
0, 582, 597, 74, 424, 9.16726730793016e-06
