0, 447, 382, 126, 111, 0.5708707571029663
0, 339, 453, 154, 157, 0.48594072461128235
0, 388, 433, 252, 210, 0.3963221311569214
0, 792, 217, 30, 28, 0.35064658522605896
0, 676, 171, 39, 28, 0.3082531988620758
0, 246, 689, 73, 77, 0.3012411296367645
0, 644, 214, 35, 36, 0.29858967661857605
0, 229, 775, 23, 26, 0.2980403006076813
0, 755, 220, 27, 22, 0.23931892216205597
0, 425, 390, 84, 81, 0.23135600984096527
0, 185, 796, 65, 71, 0.20886285603046417
0, 195, 811, 30, 40, 0.16853249073028564
0, 342, 467, 109, 92, 0.15920695662498474
0, 535, 299, 28, 39, 0.13597683608531952
0, 642, 274, 37, 32, 0.1310238391160965
0, 161, 752, 20, 21, 0.11709501594305038
0, 757, 227, 34, 39, 0.11165662854909897
0, 856, 203, 42, 53, 0.10952725261449814
0, 249, 581, 36, 58, 0.10942555963993073
0, 260, 520, 33, 23, 0.10383802652359009
0, 862, 213, 26, 30, 0.08119732141494751
0, 370, 431, 93, 102, 0.07876650989055634
0, 743, 195, 27, 19, 0.07830111682415009
0, 482, 373, 60, 56, 0.0654459297657013
0, 683, 176, 57, 45, 0.061843305826187134
0, 167, 846, 51, 47, 0.061544932425022125
0, 681, 190, 30, 21, 0.05924537032842636
0, 767, 240, 16, 14, 0.05624711140990257
0, 653, 205, 56, 56, 0.05399240925908089
0, 180, 842, 21, 18, 0.052722591906785965
0, 176, 843, 30, 31, 0.048892512917518616
0, 196, 802, 23, 22, 0.04839155077934265
0, 128, 823, 19, 20, 0.04563985392451286
0, 300, 496, 73, 68, 0.04019376263022423
0, 429, 369, 72, 45, 0.03880911320447922
0, 197, 784, 32, 44, 0.038111764937639236
0, 123, 860, 28, 36, 0.03580673038959503
0, 153, 855, 86, 50, 0.03282283619046211
0, 246, 569, 19, 32, 0.03188950568437576
0, 184, 814, 51, 58, 0.03049100749194622
0, 528, 344, 52, 43, 0.0298643596470356
0, 692, 218, 13, 15, 0.027165880426764488
0, 819, 161, 13, 19, 0.026594065129756927
0, 686, 198, 39, 37, 0.02639133296906948
0, 662, 217, 31, 31, 0.023493826389312744
0, 535, 324, 65, 82, 0.023430705070495605
0, 846, 189, 17, 21, 0.022766077890992165
0, 356, 400, 34, 25, 0.022298377007246017
0, 630, 243, 20, 32, 0.021333960816264153
0, 750, 195, 31, 25, 0.02105388045310974
0, 280, 482, 33, 29, 0.019788525998592377
0, 425, 406, 58, 55, 0.019129613414406776
0, 361, 396, 58, 56, 0.018732115626335144
0, 302, 558, 12, 18, 0.017814623191952705
0, 288, 486, 50, 50, 0.01779053546488285
0, 274, 562, 23, 17, 0.017341390252113342
0, 388, 430, 54, 84, 0.017277030274271965
0, 697, 219, 26, 19, 0.016632970422506332
0, 545, 300, 52, 44, 0.01513487845659256
0, 443, 336, 47, 28, 0.014800697565078735
0, 172, 796, 35, 36, 0.014306409284472466
0, 760, 177, 13, 15, 0.013781876303255558
0, 645, 224, 65, 59, 0.013077152892947197
0, 472, 389, 82, 85, 0.013031329028308392
0, 260, 693, 41, 58, 0.012362347915768623
0, 665, 196, 91, 77, 0.01230278518050909
0, 286, 646, 21, 22, 0.012136383913457394
0, 545, 281, 62, 77, 0.011816183105111122
0, 439, 386, 37, 29, 0.011594519950449467
0, 269, 678, 21, 25, 0.011509592644870281
0, 220, 690, 14, 19, 0.010680009610950947
0, 382, 454, 45, 40, 0.010327260941267014
0, 247, 754, 11, 11, 0.01023172028362751
0, 456, 358, 94, 67, 0.009836356155574322
0, 364, 391, 30, 43, 0.009804649278521538
0, 905, 236, 13, 18, 0.009704003110527992
0, 152, 856, 19, 31, 0.009062759578227997
0, 274, 554, 19, 14, 0.009030595421791077
0, 139, 825, 45, 26, 0.008513794280588627
0, 163, 833, 79, 60, 0.008360330946743488
0, 239, 575, 44, 44, 0.008287270553410053
0, 226, 785, 33, 53, 0.008256731554865837
0, 508, 353, 18, 23, 0.008169757202267647
0, 142, 777, 18, 17, 0.007804973050951958
0, 634, 182, 19, 21, 0.007552704308182001
0, 153, 763, 41, 44, 0.007508545182645321
0, 367, 464, 75, 53, 0.007466027047485113
0, 380, 410, 136, 104, 0.007177285850048065
0, 599, 298, 20, 16, 0.0069084856659173965
0, 482, 224, 49, 33, 0.006475820206105709
0, 440, 414, 47, 36, 0.006454854272305965
0, 316, 516, 48, 35, 0.005977306514978409
0, 239, 684, 54, 49, 0.005823967047035694
0, 305, 470, 81, 75, 0.00546979857608676
0, 537, 348, 32, 31, 0.0053712716326117516
0, 207, 786, 70, 56, 0.005215222481638193
0, 260, 709, 31, 35, 0.005015435628592968
0, 347, 421, 69, 73, 0.0050046490505337715
0, 260, 527, 47, 40, 0.004363231360912323
0, 251, 669, 13, 14, 0.00430710706859827
0, 406, 403, 52, 57, 0.004231382627040148
0, 266, 673, 15, 22, 0.004220530856400728
0, 255, 563, 59, 42, 0.004126552026718855
0, 322, 495, 122, 85, 0.0040647718124091625
0, 557, 309, 30, 26, 0.004062152933329344
0, 374, 387, 36, 41, 0.0038183643482625484
0, 506, 355, 106, 73, 0.003769680391997099
0, 641, 262, 45, 67, 0.003578420029953122
0, 558, 259, 32, 28, 0.003525111358612776
0, 487, 349, 37, 37, 0.0035196684766560793
0, 440, 344, 61, 47, 0.003487007925286889
0, 344, 485, 63, 56, 0.0034049092791974545
0, 134, 818, 33, 27, 0.0033921715803444386
0, 558, 305, 44, 39, 0.003287726314738393
0, 589, 249, 16, 33, 0.0032101981341838837
0, 413, 430, 99, 101, 0.0032087136059999466
0, 282, 510, 77, 43, 0.003043223638087511
0, 906, 243, 17, 34, 0.003036036156117916
0, 274, 562, 31, 29, 0.003006123239174485
0, 285, 658, 25, 47, 0.0029826443642377853
0, 233, 703, 13, 33, 0.002936040284112096
0, 481, 344, 30, 24, 0.002896862104535103
0, 332, 431, 42, 29, 0.0028950569685548544
0, 237, 707, 27, 36, 0.0028925843071192503
0, 246, 556, 35, 32, 0.0028562324587255716
0, 544, 308, 98, 126, 0.002799456939101219
0, 395, 370, 22, 27, 0.0026203403249382973
0, 249, 622, 39, 32, 0.0025704558938741684
0, 350, 422, 20, 17, 0.0025551209691911936
0, 160, 793, 49, 42, 0.002539001638069749
0, 238, 660, 29, 21, 0.002534544561058283
0, 343, 415, 47, 43, 0.002533768303692341
0, 232, 665, 43, 35, 0.002521244343370199
0, 157, 799, 69, 62, 0.0025140270590782166
0, 161, 761, 26, 31, 0.002493210369721055
0, 593, 293, 31, 25, 0.0024443110451102257
0, 452, 416, 31, 29, 0.0023673817049711943
0, 751, 213, 44, 57, 0.00231177918612957
0, 163, 824, 103, 110, 0.002235495951026678
0, 356, 437, 79, 48, 0.0022044216748327017
0, 319, 466, 52, 52, 0.0022040714975446463
0, 335, 449, 75, 78, 0.002172020962461829
0, 902, 252, 11, 8, 0.002170741790905595
0, 328, 497, 34, 38, 0.0021661114878952503
0, 187, 858, 34, 23, 0.002107517560943961
0, 919, 259, 13, 17, 0.0020752667915076017
0, 306, 454, 27, 36, 0.0020479359664022923
0, 223, 696, 37, 51, 0.0020381961949169636
0, 145, 806, 12, 14, 0.0020351801067590714
0, 590, 256, 22, 52, 0.0019603371620178223
0, 420, 365, 83, 74, 0.001948112971149385
0, 215, 682, 31, 36, 0.0019317524274811149
0, 566, 253, 17, 18, 0.0018890296341851354
0, 390, 448, 78, 107, 0.0018817281816154718
0, 233, 773, 37, 33, 0.0018506768392398953
0, 228, 700, 26, 36, 0.0017440692754462361
0, 569, 316, 20, 13, 0.0016408632509410381
0, 330, 527, 31, 18, 0.0016395999118685722
0, 386, 377, 28, 30, 0.0016227823216468096
0, 525, 296, 37, 42, 0.001565307378768921
0, 145, 756, 28, 20, 0.0015411474741995335
0, 821, 227, 10, 14, 0.001485976274125278
0, 390, 400, 43, 57, 0.0014587255427613854
0, 550, 265, 52, 45, 0.001451629213988781
0, 404, 379, 79, 72, 0.0014370285207405686
0, 912, 250, 33, 40, 0.0014358424814417958
0, 612, 198, 10, 10, 0.001426296541467309
0, 668, 177, 65, 58, 0.0014199715806171298
0, 457, 409, 51, 44, 0.0014052751939743757
0, 463, 341, 70, 31, 0.0012948556104674935
0, 216, 688, 22, 29, 0.0012270590523257852
0, 797, 187, 16, 13, 0.0012141920160502195
0, 304, 575, 19, 38, 0.0011624785838648677
0, 245, 631, 25, 19, 0.0011291331611573696
0, 286, 530, 23, 25, 0.0010859356261789799
0, 589, 281, 17, 15, 0.0009865823667496443
0, 262, 618, 19, 19, 0.0009859687415882945
0, 222, 679, 56, 63, 0.0009424004820175469
0, 186, 874, 20, 13, 0.0008803038508631289
0, 252, 668, 76, 45, 0.000815001258160919
0, 853, 188, 44, 31, 0.0008049096213653684
0, 584, 307, 52, 35, 0.0007715376559644938
0, 915, 258, 20, 22, 0.0007699138368479908
0, 836, 177, 10, 10, 0.0007293254020623863
0, 754, 183, 28, 37, 0.00064975576242432
0, 833, 151, 11, 13, 0.000636272132396698
0, 243, 599, 56, 81, 0.0006302377441897988
0, 563, 321, 34, 30, 0.0006208328413777053
0, 759, 186, 25, 17, 0.0006170406704768538
0, 771, 193, 39, 24, 0.0005979186971671879
0, 337, 508, 33, 25, 0.0005886071012355387
0, 345, 497, 44, 39, 0.0005673308623954654
0, 450, 333, 79, 39, 0.0005623319302685559
0, 442, 405, 93, 79, 0.0005583610036410391
0, 277, 558, 53, 32, 0.0005399392684921622
0, 252, 541, 45, 28, 0.0005246535874903202
0, 319, 489, 63, 61, 0.0005104364245198667
0, 306, 586, 20, 29, 0.0004947866545990109
0, 583, 317, 23, 17, 0.0004928233684040606
0, 560, 254, 44, 41, 0.000476867106044665
0, 246, 749, 14, 25, 0.0004683847655542195
0, 753, 187, 55, 44, 0.00046278463560156524
0, 218, 709, 32, 54, 0.0004550449375528842
0, 192, 809, 104, 117, 0.0004508043348323554
0, 260, 648, 67, 37, 0.00043292087502777576
0, 669, 217, 90, 57, 0.0004285087634343654
0, 499, 338, 295, 215, 0.000414188951253891
0, 820, 232, 9, 17, 0.00040266485302709043
0, 133, 845, 59, 71, 0.0003955048741772771
0, 642, 283, 78, 55, 0.0003677947970572859
0, 826, 163, 31, 25, 0.00035410348209552467
0, 762, 314, 14, 13, 0.00034373655216768384
0, 478, 358, 192, 146, 0.00033693062141537666
0, 211, 758, 75, 64, 0.0003345808363519609
0, 532, 346, 77, 69, 0.00032750811078585684
0, 294, 561, 45, 32, 0.0003238987410441041
0, 323, 525, 49, 29, 0.00031681725522503257
0, 275, 668, 40, 65, 0.0003128892567474395
0, 479, 302, 21, 17, 0.00031004039919935167
0, 696, 166, 85, 56, 0.00030345702543854713
0, 371, 386, 104, 81, 0.0003015768597833812
0, 494, 326, 81, 71, 0.000294040102744475
0, 585, 229, 8, 10, 0.00029134395299479365
0, 237, 745, 21, 31, 0.00028693064814433455
0, 869, 177, 11, 11, 0.00027612867415882647
0, 187, 776, 55, 44, 0.0002691461122594774
0, 523, 324, 148, 170, 0.0002613649412523955
0, 787, 228, 39, 48, 0.0002499771653674543
0, 245, 710, 63, 63, 0.00022969387646298856
0, 471, 310, 30, 24, 0.00022429956879932433
0, 259, 636, 57, 41, 0.00022229805472306907
0, 189, 869, 23, 23, 0.00021715213370043784
0, 362, 484, 94, 96, 0.00021491806546691805
0, 258, 512, 51, 52, 0.00021077490237075835
0, 346, 508, 23, 22, 0.00021072848176117986
0, 297, 522, 62, 54, 0.00019890641851816326
0, 174, 758, 52, 38, 0.0001952657912625
0, 700, 215, 34, 30, 0.00019423222693149
0, 2, 1003, 5, 66, 0.0001853349240263924
0, 575, 273, 270, 224, 0.00018239303608424962
0, 330, 514, 54, 44, 0.00018064977484755218
0, 234, 626, 30, 24, 0.0001757264690240845
0, 694, 206, 45, 51, 0.0001711173536023125
0, 952, 1007, 0, 57, 0.00016543148376513273
0, 765, 176, 29, 24, 0.00016464589862152934
0, 481, 306, 40, 39, 0.00016420110478065908
0, 285, 569, 61, 47, 0.00016232307825703174
0, 952, 10, 0, 20, 0.00016230529581662267
0, 248, 635, 73, 23, 0.00016171256720554084
0, 585, 325, 17, 18, 0.00016131460142787546
0, 316, 529, 31, 25, 0.00016060339112300426
0, 161, 747, 25, 38, 0.00016055531159508973
0, 14, 176, 29, 353, 0.000159097631694749
0, 148, 815, 65, 62, 0.00015908518980722874
0, 952, 971, 0, 117, 0.00015862926375120878
0, 664, 240, 120, 169, 0.00015665398677811027
0, 5, 957, 10, 157, 0.00015597656602039933
0, 253, 604, 85, 110, 0.0001514146861154586
0, 517, 302, 66, 63, 0.00015136966248974204
0, 196, 751, 18, 21, 0.00014197544078342617
0, 45, 6, 89, 12, 0.00013978235074318945
0, 473, 305, 24, 18, 0.00013495479652192444
0, 532, 277, 100, 105, 0.0001345488999504596
0, 0, 12, 0, 24, 0.00013386079808697104
0, 393, 220, 14, 13, 0.00013285900058690459
0, 704, 196, 148, 86, 0.00011932780762435868
0, 894, 212, 14, 25, 0.00011901200196007267
0, 12, 337, 25, 373, 0.00011819264182122424
0, 306, 557, 24, 25, 0.00011455796629888937
0, 831, 207, 33, 59, 0.00011189118959009647
0, 261, 550, 89, 84, 0.00011052776972064748
0, 834, 187, 42, 26, 0.0001090488294721581
0, 796, 180, 16, 16, 0.0001072132945409976
0, 69, 17, 139, 35, 0.00010482728976057842
0, 773, 229, 69, 57, 0.00010423151252325624
0, 872, 220, 56, 52, 0.00010341286542825401
0, 596, 249, 66, 59, 0.00010146425483981147
0, 6, 43, 13, 85, 9.709013102110475e-05
0, 832, 145, 19, 26, 9.563143976265565e-05
0, 195, 841, 38, 62, 9.382083226228133e-05
0, 279, 473, 76, 83, 9.25960557651706e-05
0, 207, 690, 57, 72, 9.148449316853657e-05
0, 471, 314, 49, 40, 9.010373469209298e-05
0, 322, 488, 245, 272, 8.631449600216001e-05
0, 162, 735, 29, 38, 8.578417327953503e-05
0, 173, 721, 12, 13, 8.550225902581587e-05
0, 479, 210, 41, 24, 8.316388266393915e-05
0, 761, 240, 37, 27, 8.295920997625217e-05
0, 16, 5, 33, 10, 8.230433013522997e-05
0, 950, 936, 2, 172, 8.1873637100216e-05
0, 433, 434, 173, 153, 8.045765571296215e-05
0, 932, 765, 38, 279, 7.883577927714214e-05
0, 203, 811, 58, 99, 7.640570402145386e-05
0, 561, 332, 70, 48, 7.62260242481716e-05
0, 236, 569, 64, 69, 7.60766415623948e-05
0, 157, 858, 101, 93, 7.383124466286972e-05
0, 950, 772, 2, 152, 7.292906229849905e-05
0, 218, 642, 22, 18, 7.256575918290764e-05
0, 216, 714, 58, 58, 7.155597268138081e-05
