0, 364, 519, 34, 29, 0.47856757044792175
0, 229, 214, 44, 51, 0.3917153775691986
0, 496, 552, 19, 19, 0.3799441158771515
0, 159, 293, 16, 35, 0.35043278336524963
0, 241, 421, 42, 50, 0.34791165590286255
0, 407, 521, 14, 19, 0.2913857102394104
0, 178, 316, 68, 92, 0.2499060332775116
0, 490, 563, 16, 18, 0.20745578408241272
0, 296, 379, 30, 23, 0.20182280242443085
0, 193, 324, 111, 125, 0.20137973129749298
0, 218, 361, 60, 54, 0.18479932844638824
0, 305, 485, 54, 48, 0.16251252591609955
0, 307, 425, 16, 27, 0.15930356085300446
0, 480, 598, 17, 13, 0.15919923782348633
0, 474, 598, 30, 16, 0.15435123443603516
0, 264, 369, 15, 26, 0.14612977206707
0, 347, 435, 9, 14, 0.14050821959972382
0, 251, 354, 41, 58, 0.13713237643241882
0, 247, 428, 28, 34, 0.13275523483753204
0, 190, 287, 26, 28, 0.12677450478076935
0, 216, 310, 21, 23, 0.12185418605804443
0, 345, 463, 14, 14, 0.11880586296319962
0, 221, 351, 36, 34, 0.10136456042528152
0, 449, 527, 14, 13, 0.09496146440505981
0, 322, 443, 12, 13, 0.09295318275690079
0, 411, 520, 27, 24, 0.08776380866765976
0, 312, 494, 33, 31, 0.0835491418838501
0, 312, 430, 30, 41, 0.0831192135810852
0, 204, 352, 47, 35, 0.08240041881799698
0, 309, 410, 19, 21, 0.07544910162687302
0, 266, 209, 11, 17, 0.07241325825452805
0, 99, 227, 13, 18, 0.069382444024086
0, 274, 424, 15, 23, 0.0690583735704422
0, 185, 289, 39, 45, 0.06821513921022415
0, 373, 544, 19, 13, 0.06655293703079224
0, 455, 636, 21, 18, 0.06452281028032303
0, 466, 631, 39, 27, 0.06404584646224976
0, 351, 532, 10, 10, 0.06140364333987236
0, 294, 442, 19, 13, 0.061353959143161774
0, 181, 323, 55, 55, 0.05748762935400009
0, 495, 556, 25, 30, 0.0557924248278141
0, 480, 533, 9, 15, 0.054853685200214386
0, 231, 376, 15, 21, 0.05306151136755943
0, 136, 291, 21, 24, 0.051943086087703705
0, 476, 623, 20, 10, 0.0490095354616642
0, 212, 347, 19, 26, 0.04853466525673866
0, 227, 371, 24, 28, 0.04791724309325218
0, 262, 208, 20, 20, 0.04782397300004959
0, 197, 355, 103, 74, 0.04675738885998726
0, 246, 341, 26, 21, 0.04616501182317734
0, 315, 441, 26, 21, 0.04575596749782562
0, 420, 512, 9, 8, 0.04427165910601616
0, 436, 582, 11, 11, 0.04412040859460831
0, 140, 292, 11, 19, 0.042847033590078354
0, 233, 330, 62, 72, 0.041492000222206116
0, 506, 633, 21, 13, 0.04043833166360855
0, 200, 373, 18, 13, 0.040297944098711014
0, 108, 224, 33, 24, 0.04009180888533592
0, 215, 205, 13, 17, 0.039647817611694336
0, 184, 340, 52, 54, 0.03940816596150398
0, 211, 317, 37, 39, 0.03893003985285759
0, 284, 375, 59, 35, 0.03877560794353485
0, 200, 301, 59, 62, 0.0361342690885067
0, 231, 390, 12, 11, 0.03539976105093956
0, 375, 442, 9, 14, 0.03344663605093956
0, 113, 225, 10, 19, 0.03288379684090614
0, 237, 357, 217, 192, 0.032546695321798325
0, 393, 559, 11, 11, 0.03210575878620148
0, 241, 342, 16, 18, 0.03201465308666229
0, 487, 566, 13, 13, 0.031063808128237724
0, 241, 228, 13, 19, 0.029372550547122955
0, 259, 397, 8, 16, 0.029330212622880936
0, 143, 258, 22, 26, 0.029105501249432564
0, 140, 253, 33, 40, 0.026950698345899582
0, 187, 332, 39, 32, 0.026577873155474663
0, 116, 222, 28, 30, 0.025725962594151497
0, 105, 190, 17, 17, 0.02552632801234722
0, 322, 504, 53, 56, 0.02467927895486355
0, 294, 383, 45, 38, 0.024603072553873062
0, 232, 408, 19, 22, 0.024288339540362358
0, 125, 214, 11, 11, 0.023688897490501404
0, 371, 542, 29, 19, 0.023465748876333237
0, 245, 334, 32, 38, 0.022793034091591835
0, 144, 239, 11, 11, 0.021411074325442314
0, 290, 468, 12, 13, 0.021338246762752533
0, 446, 527, 24, 18, 0.020714379847049713
0, 182, 315, 28, 29, 0.020548967644572258
0, 289, 475, 17, 27, 0.020100010558962822
0, 441, 613, 12, 18, 0.019525673240423203
0, 242, 370, 19, 25, 0.0181538388133049
0, 451, 505, 13, 11, 0.017489798367023468
0, 289, 433, 30, 34, 0.017009450122714043
0, 226, 202, 37, 28, 0.01679759845137596
0, 348, 469, 22, 29, 0.016615383327007294
0, 155, 296, 37, 36, 0.0162200964987278
0, 223, 390, 81, 111, 0.015907667577266693
0, 472, 621, 32, 20, 0.015689173713326454
0, 443, 610, 26, 26, 0.015127758495509624
0, 113, 208, 39, 55, 0.014715900644659996
0, 208, 377, 36, 27, 0.014416598714888096
0, 429, 542, 10, 7, 0.013571670278906822
0, 177, 339, 39, 35, 0.013360515236854553
0, 329, 499, 110, 93, 0.01333777979016304
0, 173, 325, 34, 22, 0.013167438097298145
0, 355, 535, 22, 17, 0.012755555100739002
0, 439, 549, 18, 12, 0.012642084620893002
0, 190, 285, 60, 62, 0.011956905946135521
0, 145, 281, 48, 53, 0.011935935355722904
0, 113, 197, 33, 32, 0.011888470500707626
0, 481, 622, 32, 17, 0.011800864711403847
0, 234, 388, 54, 75, 0.011745309457182884
0, 173, 341, 16, 14, 0.011604267172515392
0, 187, 356, 19, 22, 0.011529546231031418
0, 270, 372, 35, 36, 0.011309871450066566
0, 355, 477, 7, 10, 0.01129872165620327
0, 436, 606, 31, 34, 0.010820204392075539
0, 231, 377, 41, 32, 0.010775470174849033
0, 143, 213, 14, 12, 0.010708159767091274
0, 234, 394, 24, 19, 0.01062906812876463
0, 296, 478, 33, 32, 0.010522759519517422
0, 343, 518, 77, 43, 0.010435027070343494
0, 272, 405, 10, 15, 0.010236265137791634
0, 273, 395, 15, 19, 0.010224721394479275
0, 164, 333, 48, 37, 0.010167953558266163
0, 134, 286, 27, 39, 0.009804491885006428
0, 484, 624, 67, 34, 0.009673231281340122
0, 439, 543, 31, 23, 0.009489267133176327
0, 342, 463, 24, 20, 0.009166530333459377
0, 244, 336, 137, 113, 0.008479014970362186
0, 443, 583, 22, 13, 0.008442931808531284
0, 124, 254, 66, 46, 0.008379644714295864
0, 239, 202, 72, 72, 0.00836415495723486
0, 242, 395, 26, 24, 0.008353198878467083
0, 365, 491, 6, 9, 0.008165870793163776
0, 277, 391, 16, 20, 0.00811479240655899
0, 180, 350, 26, 29, 0.007708700839430094
0, 490, 618, 18, 16, 0.007698713801801205
0, 383, 443, 14, 18, 0.0075357528403401375
0, 405, 480, 7, 8, 0.007268686778843403
0, 181, 295, 91, 99, 0.007078901398926973
0, 274, 355, 81, 77, 0.007005623076111078
0, 120, 207, 22, 27, 0.006953113246709108
0, 327, 449, 23, 29, 0.006913037039339542
0, 201, 335, 20, 33, 0.006571575999259949
0, 187, 259, 20, 14, 0.006462999619543552
0, 323, 510, 38, 34, 0.006172521505504847
0, 160, 326, 16, 18, 0.0058341552503407
0, 545, 634, 8, 9, 0.005799042526632547
0, 255, 203, 34, 33, 0.0056661455892026424
0, 446, 519, 27, 38, 0.005570899695158005
0, 278, 426, 22, 36, 0.005392628256231546
0, 204, 332, 60, 71, 0.005231756716966629
0, 236, 197, 19, 19, 0.0052276188507676125
0, 166, 285, 79, 59, 0.005061062052845955
0, 126, 247, 9, 11, 0.004955765325576067
0, 366, 540, 47, 30, 0.00469619408249855
0, 437, 597, 28, 16, 0.004559594672173262
0, 126, 225, 82, 90, 0.004367223009467125
0, 269, 415, 38, 54, 0.004314585588872433
0, 154, 332, 26, 30, 0.004310625605285168
0, 126, 270, 9, 11, 0.004289067350327969
0, 303, 431, 57, 47, 0.0042680478654801846
0, 247, 347, 66, 77, 0.00426142243668437
0, 483, 665, 21, 20, 0.00424469169229269
0, 457, 615, 47, 33, 0.004028693772852421
0, 371, 500, 12, 10, 0.004013783764094114
0, 472, 661, 16, 15, 0.003994948696345091
0, 432, 528, 23, 25, 0.003909197170287371
0, 338, 532, 13, 8, 0.003826844273135066
0, 321, 438, 70, 68, 0.003707411466166377
0, 150, 220, 31, 27, 0.0037037937436252832
0, 145, 265, 31, 52, 0.0035109727177768946
0, 499, 620, 29, 19, 0.0034994620364159346
0, 331, 453, 41, 40, 0.0034600957296788692
0, 466, 626, 58, 41, 0.003450897056609392
0, 296, 371, 53, 50, 0.0033540476579219103
0, 141, 212, 24, 21, 0.0032135883811861277
0, 181, 257, 20, 15, 0.003200734965503216
0, 243, 217, 58, 39, 0.003199809929355979
0, 489, 537, 15, 24, 0.0031510391272604465
0, 107, 230, 20, 19, 0.0031041959300637245
0, 268, 379, 102, 108, 0.00309132132679224
0, 490, 687, 13, 10, 0.0030009469483047724
0, 332, 473, 41, 34, 0.002995072165504098
0, 285, 431, 50, 45, 0.0029746009968221188
0, 358, 491, 24, 17, 0.00287490151822567
0, 497, 633, 42, 20, 0.002809940604493022
0, 138, 220, 60, 40, 0.002793744206428528
0, 251, 411, 76, 72, 0.0026538872625678778
0, 305, 492, 83, 67, 0.002650716109201312
0, 126, 212, 21, 24, 0.0025616884231567383
0, 156, 309, 60, 80, 0.0025538138579577208
0, 155, 223, 20, 18, 0.0025307307951152325
0, 301, 397, 46, 68, 0.002474173903465271
0, 334, 492, 74, 36, 0.0024552904069423676
0, 451, 531, 24, 22, 0.0024164612405002117
0, 423, 597, 27, 17, 0.0024160302709788084
0, 334, 523, 21, 19, 0.002369609195739031
0, 137, 294, 40, 56, 0.0023460066877305508
0, 337, 437, 28, 20, 0.002311565913259983
0, 309, 475, 152, 151, 0.002270090626552701
0, 171, 257, 53, 33, 0.002269051969051361
0, 430, 600, 49, 37, 0.0020469469018280506
0, 498, 733, 14, 13, 0.0020372208673506975
0, 512, 604, 6, 7, 0.0019247138407081366
0, 505, 735, 31, 19, 0.0019080371130257845
0, 479, 666, 34, 32, 0.001898299204185605
0, 413, 571, 18, 15, 0.001774130156263709
0, 438, 553, 28, 16, 0.001764498301781714
0, 201, 372, 49, 60, 0.0017626984044909477
0, 362, 511, 43, 49, 0.0017438484355807304
0, 344, 438, 17, 22, 0.0017348487162962556
0, 467, 646, 41, 48, 0.0016969862626865506
0, 148, 270, 135, 156, 0.001665581250563264
0, 326, 483, 51, 40, 0.0015510818921029568
0, 425, 588, 56, 47, 0.0014515068614855409
0, 384, 554, 27, 25, 0.0014463794650509953
0, 128, 221, 24, 35, 0.0014322474598884583
0, 402, 566, 30, 23, 0.001313343527726829
0, 391, 454, 49, 38, 0.0013124514371156693
0, 279, 456, 8, 6, 0.0012334049679338932
0, 523, 575, 6, 9, 0.0011885896092280746
0, 421, 512, 15, 12, 0.0011749665718525648
0, 451, 508, 19, 18, 0.0011633691610768437
0, 410, 553, 15, 13, 0.0011402408126741648
0, 216, 208, 20, 29, 0.0011149904457852244
0, 435, 580, 17, 18, 0.0011049823369830847
0, 446, 612, 65, 46, 0.0011045202845707536
0, 326, 431, 38, 35, 0.001089489203877747
0, 466, 662, 19, 17, 0.0010601034155115485
0, 379, 547, 50, 42, 0.0010532907908782363
0, 614, 11, 2, 22, 0.001049014856107533
0, 412, 568, 23, 23, 0.0010410071117803454
0, 110, 186, 31, 32, 0.0009757338557392359
0, 347, 535, 33, 19, 0.0009740327368490398
0, 172, 247, 10, 14, 0.0009517124271951616
0, 512, 681, 17, 12, 0.0009395119268447161
0, 418, 596, 39, 25, 0.0009383860160596669
0, 405, 461, 18, 17, 0.000916830322239548
0, 433, 559, 39, 44, 0.0008604737231507897
0, 105, 171, 15, 10, 0.0008466625004075468
0, 92, 225, 34, 22, 0.0008368355338461697
0, 478, 595, 42, 31, 0.0008258813759312034
0, 522, 586, 6, 10, 0.0008019674569368362
0, 209, 301, 85, 103, 0.0007964050746522844
0, 611, 35, 9, 69, 0.000795497209765017
0, 238, 205, 43, 31, 0.0007872739224694669
0, 347, 434, 15, 18, 0.0007770586526021361
0, 478, 649, 76, 71, 0.0007768920622766018
0, 284, 472, 32, 19, 0.0007745203911326826
0, 101, 222, 41, 33, 0.0007678567199036479
0, 456, 593, 42, 28, 0.0007658354588784277
0, 485, 675, 24, 33, 0.0007158151129260659
0, 614, 64, 2, 103, 0.0007146437419578433
0, 271, 417, 271, 279, 0.000701586133800447
0, 445, 551, 36, 29, 0.0006931405514478683
0, 109, 244, 14, 13, 0.0006911188247613609
0, 406, 561, 29, 16, 0.0006831927457824349
0, 529, 674, 19, 9, 0.0006651987787336111
0, 107, 176, 21, 20, 0.0006598050822503865
0, 116, 225, 51, 44, 0.0006507514044642448
0, 453, 634, 37, 34, 0.0006331739714369178
0, 474, 531, 22, 20, 0.0006153132417239249
0, 415, 526, 30, 38, 0.0005793322343379259
0, 419, 562, 54, 32, 0.0005734282894991338
0, 508, 669, 19, 26, 0.0005631283856928349
0, 499, 595, 8, 8, 0.0005629886290989816
0, 399, 584, 13, 17, 0.0005516125820577145
0, 615, 32, 1, 64, 0.0005436152569018304
0, 274, 456, 16, 10, 0.0005290347617119551
0, 502, 580, 10, 15, 0.0005289286491461098
0, 201, 269, 124, 162, 0.0005261386977508664
0, 415, 552, 18, 16, 0.0005175121477805078
0, 601, 48, 28, 97, 0.000501997594255954
0, 46, 15, 92, 31, 0.0004985859850421548
0, 365, 495, 24, 19, 0.0004930762224830687
0, 301, 450, 48, 34, 0.00048186370986513793
0, 276, 433, 122, 91, 0.00047809554962441325
0, 480, 530, 12, 25, 0.0004765152116306126
0, 615, 108, 1, 105, 0.00046792422654107213
0, 521, 679, 30, 14, 0.00046410132199525833
0, 197, 260, 103, 77, 0.00046173526789061725
0, 615, 793, 1, 88, 0.00046136058517731726
0, 615, 246, 1, 102, 0.00045813468750566244
0, 164, 300, 208, 234, 0.0004478357150219381
0, 611, 65, 8, 121, 0.0004474427259992808
0, 230, 314, 84, 107, 0.0004466696991585195
0, 421, 574, 64, 41, 0.00044601017725653946
0, 291, 459, 39, 34, 0.000442205200670287
0, 310, 410, 92, 99, 0.0004395958094391972
0, 426, 484, 7, 12, 0.000438316841609776
0, 240, 166, 53, 24, 0.00043567645479924977
0, 395, 564, 21, 23, 0.00041943512042053044
0, 109, 269, 13, 15, 0.0004193635249976069
0, 27, 5, 54, 10, 0.00041748725925572217
0, 202, 258, 75, 41, 0.00041072460589930415
0, 164, 234, 15, 17, 0.00039512652438133955
0, 399, 531, 37, 47, 0.0003847524931188673
0, 253, 436, 76, 64, 0.0003804294392466545
