0, 446, 665, 28, 21, 0.5144995450973511
0, 438, 628, 25, 19, 0.5086444616317749
0, 313, 579, 46, 26, 0.44525203108787537
0, 265, 533, 36, 49, 0.39352312684059143
0, 683, 672, 90, 61, 0.3640597462654114
0, 570, 694, 25, 24, 0.2980704605579376
0, 289, 561, 27, 30, 0.2801000475883484
0, 217, 465, 66, 61, 0.2705942988395691
0, 580, 641, 37, 36, 0.2663792371749878
0, 507, 654, 46, 42, 0.25944507122039795
0, 563, 691, 41, 34, 0.2572912871837616
0, 208, 421, 27, 33, 0.23467931151390076
0, 497, 640, 21, 14, 0.22916679084300995
0, 271, 543, 55, 67, 0.2251775562763214
0, 712, 752, 87, 54, 0.22097106277942657
0, 730, 805, 54, 47, 0.21657361090183258
0, 481, 620, 17, 16, 0.19582818448543549
0, 170, 404, 25, 31, 0.1697935163974762
0, 388, 591, 18, 11, 0.14276783168315887
0, 523, 656, 21, 39, 0.1412058174610138
0, 724, 798, 28, 28, 0.13476407527923584
0, 625, 713, 27, 34, 0.12287074327468872
0, 569, 641, 66, 44, 0.12086310237646103
0, 551, 631, 24, 22, 0.11833635717630386
0, 361, 606, 32, 18, 0.11708727478981018
0, 357, 593, 32, 20, 0.11705279350280762
0, 277, 536, 14, 19, 0.10964794456958771
0, 523, 648, 16, 23, 0.10891744494438171
0, 169, 408, 35, 46, 0.1063462570309639
0, 229, 514, 9, 11, 0.10600396990776062
0, 543, 664, 118, 88, 0.10403755307197571
0, 562, 681, 38, 19, 0.09835800528526306
0, 208, 435, 30, 60, 0.09648313373327255
0, 219, 493, 22, 19, 0.09509024024009705
0, 216, 482, 37, 41, 0.09077278524637222
0, 357, 560, 13, 15, 0.08856669813394547
0, 323, 556, 24, 15, 0.08447112143039703
0, 691, 749, 48, 48, 0.08003812283277512
0, 695, 757, 29, 25, 0.0793691948056221
0, 728, 753, 27, 21, 0.07907596230506897
0, 393, 628, 17, 29, 0.07547589391469955
0, 412, 592, 21, 19, 0.07342841476202011
0, 221, 454, 83, 106, 0.07017676532268524
0, 580, 669, 36, 28, 0.06942883878946304
0, 231, 523, 16, 30, 0.06929893046617508
0, 714, 678, 26, 22, 0.06899207830429077
0, 300, 557, 50, 47, 0.06794585287570953
0, 229, 460, 35, 25, 0.06767845898866653
0, 684, 737, 29, 19, 0.059456679970026016
0, 705, 759, 51, 36, 0.05575723946094513
0, 310, 540, 15, 15, 0.05416082963347435
0, 207, 452, 21, 27, 0.053824469447135925
0, 714, 770, 14, 14, 0.053697675466537476
0, 163, 368, 34, 55, 0.0528596006333828
0, 576, 679, 41, 43, 0.052659571170806885
0, 676, 676, 43, 40, 0.04826093092560768
0, 574, 662, 60, 77, 0.04629204794764519
0, 400, 593, 45, 24, 0.04422812908887863
0, 530, 679, 15, 26, 0.04222870245575905
0, 522, 616, 13, 13, 0.04113924130797386
0, 267, 521, 33, 26, 0.038565900176763535
0, 460, 614, 14, 17, 0.03853953257203102
0, 532, 694, 16, 20, 0.03751785680651665
0, 205, 478, 14, 20, 0.0361592136323452
0, 543, 658, 35, 20, 0.035107992589473724
0, 680, 680, 31, 23, 0.03257814794778824
0, 519, 663, 38, 57, 0.030986208468675613
0, 703, 679, 49, 30, 0.030742574483156204
0, 555, 694, 23, 32, 0.029510565102100372
0, 285, 550, 91, 89, 0.028229260817170143
0, 744, 806, 36, 42, 0.027758605778217316
0, 177, 424, 25, 19, 0.027318410575389862
0, 454, 620, 25, 24, 0.02690282091498375
0, 551, 667, 43, 34, 0.02689407765865326
0, 368, 599, 57, 36, 0.025416338816285133
0, 584, 728, 21, 13, 0.023250175639986992
0, 550, 703, 16, 14, 0.023030975833535194
0, 745, 732, 26, 14, 0.02254459448158741
0, 288, 546, 38, 64, 0.021444816142320633
0, 675, 687, 38, 27, 0.021313879638910294
0, 204, 455, 38, 37, 0.020968429744243622
0, 374, 559, 12, 13, 0.01854812726378441
0, 266, 486, 31, 28, 0.018268002197146416
0, 736, 741, 40, 31, 0.018264980986714363
0, 157, 385, 17, 20, 0.017996858805418015
0, 242, 474, 87, 61, 0.01756471022963524
0, 530, 643, 74, 53, 0.014458107762038708
0, 163, 388, 39, 95, 0.014071800746023655
0, 317, 548, 34, 37, 0.013149643316864967
0, 272, 491, 24, 21, 0.012938492000102997
0, 542, 693, 36, 35, 0.012436089105904102
0, 254, 532, 63, 57, 0.012184436433017254
0, 197, 369, 19, 18, 0.01103405375033617
0, 226, 495, 39, 20, 0.01016231719404459
0, 254, 471, 18, 17, 0.009637533687055111
0, 265, 496, 133, 191, 0.009597297757863998
0, 530, 684, 37, 47, 0.00916095357388258
0, 735, 753, 47, 33, 0.008418170735239983
0, 720, 720, 15, 11, 0.008229143917560577
0, 233, 528, 31, 46, 0.008193623274564743
0, 214, 437, 42, 84, 0.007577251642942429
0, 501, 642, 37, 30, 0.007576958276331425
0, 224, 506, 23, 32, 0.007426097989082336
0, 612, 672, 14, 18, 0.006942588370293379
0, 496, 678, 15, 13, 0.006648972164839506
0, 389, 631, 35, 36, 0.006164266727864742
0, 452, 598, 9, 13, 0.005729341879487038
0, 653, 656, 18, 20, 0.004995684139430523
0, 490, 629, 36, 33, 0.004660201258957386
0, 685, 734, 36, 31, 0.004555610008537769
0, 409, 627, 58, 29, 0.0045133414678275585
0, 197, 432, 51, 78, 0.00442856689915061
0, 331, 586, 82, 35, 0.004279730375856161
0, 220, 491, 51, 77, 0.0042638108134269714
0, 497, 590, 10, 11, 0.004168432671576738
0, 525, 670, 68, 70, 0.004003627225756645
0, 242, 434, 10, 14, 0.003790042130276561
0, 739, 728, 37, 21, 0.0037791277281939983
0, 659, 690, 77, 67, 0.0037239333614706993
0, 361, 587, 50, 48, 0.003647067816928029
0, 368, 617, 48, 48, 0.0031925877556204796
0, 612, 678, 20, 35, 0.003180909203365445
0, 579, 724, 32, 20, 0.0031182486563920975
0, 430, 617, 56, 48, 0.003022618591785431
0, 727, 724, 31, 20, 0.002854029182344675
0, 709, 774, 101, 100, 0.002660598838701844
0, 456, 623, 72, 32, 0.002473723143339157
0, 453, 613, 35, 31, 0.0024308389984071255
0, 436, 624, 34, 31, 0.0022415004204958677
0, 625, 690, 43, 65, 0.0021738270297646523
0, 631, 662, 33, 31, 0.002160238567739725
0, 486, 617, 25, 24, 0.002097090007737279
0, 639, 738, 12, 15, 0.002028433373197913
0, 593, 663, 54, 58, 0.0019975320901721716
0, 390, 585, 58, 33, 0.0019822008907794952
0, 643, 657, 22, 24, 0.0019103323575109243
0, 498, 626, 63, 37, 0.0018919745925813913
0, 454, 595, 10, 14, 0.001883810618892312
0, 358, 561, 24, 18, 0.0018716102931648493
0, 672, 747, 66, 45, 0.0018423813162371516
0, 524, 621, 19, 22, 0.0018031002255156636
0, 623, 670, 40, 43, 0.0017427862621843815
0, 726, 694, 17, 22, 0.0017117928946390748
0, 435, 659, 56, 36, 0.001634945860132575
0, 694, 739, 109, 83, 0.0015275082550942898
0, 909, 1032, 131, 4, 0.0015123434131965041
0, 670, 701, 53, 34, 0.0013939833734184504
0, 581, 720, 38, 35, 0.0013169784797355533
0, 666, 669, 125, 92, 0.0013033113209530711
0, 616, 668, 107, 72, 0.0012893067905679345
0, 718, 714, 27, 25, 0.0012641509529203176
0, 485, 668, 23, 22, 0.001155345467850566
0, 631, 710, 46, 42, 0.001149617019109428
0, 445, 636, 49, 45, 0.0011275515425950289
0, 468, 645, 100, 74, 0.0010553346946835518
0, 564, 700, 67, 58, 0.0010291315848007798
0, 425, 599, 56, 37, 0.0009175075101666152
0, 646, 1032, 111, 4, 0.000895452219992876
0, 43, 5, 85, 11, 0.000891710224095732
0, 700, 709, 16, 14, 0.000879926432389766
0, 726, 704, 27, 35, 0.0008222833275794983
0, 400, 607, 50, 38, 0.000804349547252059
0, 453, 1032, 125, 4, 0.0007566091371700168
0, 758, 810, 27, 33, 0.0007307244231924415
0, 370, 561, 29, 17, 0.0007113232277333736
0, 490, 675, 32, 29, 0.0006637118640355766
0, 422, 643, 90, 66, 0.000615986529737711
0, 608, 1032, 110, 4, 0.0006117669399827719
0, 504, 1032, 123, 4, 0.0006077413563616574
0, 204, 425, 104, 149, 0.0005856336792930961
0, 581, 687, 56, 76, 0.0005267850356176496
0, 961, 1032, 140, 4, 0.00048286421224474907
0, 47, 1033, 92, 3, 0.0004790973907802254
0, 224, 1033, 133, 3, 0.0004698338161688298
0, 176, 363, 61, 39, 0.00046346517046913505
0, 331, 563, 70, 30, 0.00045965236495248973
0, 401, 640, 58, 58, 0.00044868027907796204
0, 36, 22, 73, 44, 0.000444983335910365
0, 569, 1032, 112, 4, 0.0004389628884382546
0, 443, 668, 46, 32, 0.0004250697384122759
0, 587, 732, 17, 22, 0.0004174341447651386
0, 411, 1032, 130, 4, 0.00041184297879226506
0, 410, 607, 77, 62, 0.0004068769048899412
0, 500, 684, 29, 29, 0.0003985736984759569
0, 197, 401, 54, 88, 0.000388369953725487
0, 645, 708, 79, 53, 0.0003875018155667931
0, 728, 711, 46, 43, 0.0003809489426203072
0, 23, 1033, 47, 3, 0.00037113166763447225
0, 403, 591, 61, 46, 0.0003686611307784915
0, 158, 387, 48, 48, 0.00036086823092773557
0, 357, 1033, 131, 3, 0.0003599335323087871
0, 268, 513, 70, 103, 0.00035824908991344273
0, 651, 657, 42, 35, 0.0003545022336766124
0, 174, 1033, 127, 3, 0.0003541460318956524
0, 85, 6, 166, 12, 0.00035303752520121634
0, 20, 1, 41, 2, 0.000347420311300084
0, 279, 1033, 130, 3, 0.0003386247844900936
0, 369, 572, 51, 35, 0.0003384555166121572
0, 325, 615, 15, 9, 0.00033752527087926865
0, 387, 579, 73, 53, 0.0003351162013132125
0, 573, 4, 321, 9, 0.00032590620685368776
0, 645, 1013, 143, 43, 0.00031633072649128735
0, 462, 4, 358, 9, 0.0003021365846507251
0, 685, 1032, 93, 4, 0.00029468475258909166
0, 492, 16, 340, 33, 0.00029228543280623853
0, 639, 739, 47, 33, 0.0002908219175878912
0, 618, 729, 73, 43, 0.00027554036932997406
0, 465, 670, 71, 36, 0.0002591634402051568
0, 419, 653, 24, 30, 0.0002477990055922419
0, 504, 614, 55, 28, 0.0002458014932926744
0, 689, 701, 107, 135, 0.0002448707527946681
0, 386, 633, 67, 56, 0.00024083776224870235
0, 120, 1033, 135, 3, 0.0002376719785388559
0, 308, 574, 75, 75, 0.00022628049191553146
0, 697, 4, 347, 9, 0.0002220565511379391
0, 148, 382, 31, 25, 0.00022146516130305827
0, 970, 11, 161, 22, 0.00022124712995719165
0, 1041, 31, 21, 63, 0.00021864028531126678
0, 27, 11, 53, 22, 0.00021430684137158096
0, 281, 4, 345, 9, 0.0002141993900295347
0, 727, 815, 93, 72, 0.00020995535305701196
0, 1034, 15, 33, 30, 0.00020908712758682668
0, 722, 1032, 98, 4, 0.00020877337374258786
0, 699, 17, 333, 34, 0.00020771547860931605
0, 895, 4, 306, 9, 0.00020658057474065572
0, 585, 729, 29, 20, 0.00020572611538227648
0, 402, 575, 40, 30, 0.00020359190239105374
0, 71, 22, 143, 45, 0.00019358511781319976
0, 336, 16, 328, 32, 0.0001867469254648313
0, 731, 697, 26, 25, 0.00018394638027530164
0, 760, 1032, 96, 4, 0.00018344334966968745
0, 20, 39, 40, 78, 0.00017700249736662954
0, 7, 25, 15, 51, 0.00016928609693422914
0, 1035, 1, 32, 3, 0.00016861545736901462
0, 615, 647, 37, 45, 0.00016048582619987428
0, 900, 17, 303, 35, 0.0001543876715004444
0, 15, 16, 31, 32, 0.00015266364789567888
0, 686, 630, 11, 9, 0.0001514265313744545
0, 479, 609, 51, 48, 0.0001479236234445125
0, 552, 629, 111, 68, 0.00014664603804703802
0, 791, 844, 27, 15, 0.0001461004576412961
0, 593, 1013, 138, 43, 0.000145603422424756
0, 338, 613, 23, 19, 0.0001419988548150286
0, 914, 1012, 211, 44, 0.0001391027617501095
0, 755, 697, 7, 12, 0.0001387791126035154
0, 764, 775, 14, 13, 0.00013120145013090223
0, 716, 799, 99, 54, 0.00012325980060268193
0, 482, 3, 200, 6, 0.00012267785496078432
0, 749, 707, 21, 19, 0.00011953109060414135
0, 247, 3, 200, 6, 0.0001180462131742388
0, 716, 688, 58, 42, 0.00011773100413847715
0, 317, 3, 202, 6, 0.00011333127622492611
0, 801, 1032, 90, 4, 0.00011194092803634703
0, 136, 15, 269, 31, 0.00011082634591730312
0, 601, 705, 87, 65, 0.00010926075628958642
0, 1025, 28, 51, 57, 0.00010071006545331329
0, 485, 679, 97, 47, 9.869023051578552e-05
0, 201, 387, 37, 62, 9.49593450059183e-05
0, 834, 685, 10, 26, 9.228999988408759e-05
0, 277, 477, 379, 234, 9.063681500265375e-05
0, 32, 46, 65, 91, 9.06183195183985e-05
0, 302, 539, 148, 117, 8.911066106520593e-05
0, 321, 592, 68, 64, 8.75307887326926e-05
0, 402, 3, 198, 6, 8.714717114344239e-05
0, 126, 3, 186, 6, 8.696305303601548e-05
0, 158, 4, 316, 9, 8.625879127066582e-05
0, 755, 834, 21, 14, 8.356262696906924e-05
0, 175, 414, 66, 102, 8.224744669860229e-05
0, 720, 1012, 111, 44, 8.19856722955592e-05
0, 950, 3, 187, 7, 8.037905354285613e-05
0, 918, 601, 12, 28, 7.92171704233624e-05
0, 154, 407, 79, 112, 7.758336869301274e-05
0, 704, 3, 202, 6, 7.206118607427925e-05
0, 332, 555, 97, 50, 7.061939686536789e-05
0, 632, 662, 55, 77, 6.967123772483319e-05
0, 191, 450, 69, 103, 6.80369048495777e-05
0, 69, 1025, 139, 18, 6.746744475094602e-05
0, 760, 1012, 118, 44, 6.618569022975862e-05
0, 910, 687, 15, 20, 6.45554464426823e-05
0, 436, 1008, 166, 53, 5.826731285196729e-05
0, 312, 546, 85, 72, 5.801730731036514e-05
0, 862, 1032, 103, 4, 5.748010516981594e-05
0, 760, 748, 21, 17, 5.6743334425846115e-05
0, 1006, 1, 89, 3, 5.597954441327602e-05
0, 513, 1011, 155, 46, 5.249109017313458e-05
0, 683, 630, 19, 14, 5.2330356993479654e-05
0, 823, 3, 206, 6, 5.225415952736512e-05
0, 173, 330, 13, 13, 5.201944077271037e-05
0, 349, 614, 71, 47, 5.188972863834351e-05
0, 264, 472, 118, 101, 4.9030291847884655e-05
0, 780, 840, 46, 19, 4.825978248845786e-05
0, 581, 733, 44, 43, 4.6285364078357816e-05
0, 341, 607, 121, 87, 4.501706644077785e-05
0, 911, 660, 10, 26, 4.27391569246538e-05
0, 917, 626, 13, 24, 4.0951323171611875e-05
0, 240, 538, 113, 90, 4.0516260924050584e-05
0, 20, 99, 41, 190, 4.034399171359837e-05
0, 534, 693, 139, 84, 3.928173828171566e-05
0, 913, 671, 20, 54, 3.793907671933994e-05
0, 5, 49, 10, 89, 3.708842632477172e-05
