0, 148, 327, 87, 50, 0.653390109539032
0, 246, 692, 72, 158, 0.4808107614517212
0, 116, 264, 76, 95, 0.38827216625213623
0, 123, 283, 58, 54, 0.3271358013153076
0, 123, 354, 36, 14, 0.1691707819700241
0, 244, 654, 62, 77, 0.13999003171920776
0, 251, 742, 46, 59, 0.12040114402770996
0, 182, 436, 32, 31, 0.11748161166906357
0, 245, 682, 63, 69, 0.09349242597818375
0, 290, 324, 66, 41, 0.08803889900445938
0, 478, 688, 27, 16, 0.07060521841049194
0, 332, 390, 23, 12, 0.06549682468175888
0, 209, 571, 45, 51, 0.042916931211948395
0, 252, 667, 43, 32, 0.035538628697395325
0, 243, 637, 43, 41, 0.0319017730653286
0, 220, 452, 17, 22, 0.030342692509293556
0, 55, 164, 32, 24, 0.029087020084261894
0, 422, 519, 21, 14, 0.028273003175854683
0, 353, 419, 15, 14, 0.026665888726711273
0, 355, 397, 13, 22, 0.02548973634839058
0, 203, 521, 19, 22, 0.01924213580787182
0, 278, 333, 24, 17, 0.017627215012907982
0, 142, 351, 69, 26, 0.017554229125380516
0, 140, 295, 23, 20, 0.017102327197790146
0, 267, 335, 41, 22, 0.01598604954779148
0, 303, 320, 40, 30, 0.015720773488283157
0, 175, 328, 28, 27, 0.01569592021405697
0, 248, 714, 55, 86, 0.015586997382342815
0, 252, 694, 47, 43, 0.013795292936265469
0, 102, 246, 40, 50, 0.012790645472705364
0, 135, 308, 122, 106, 0.01206696592271328
0, 332, 332, 25, 17, 0.01157889049500227
0, 212, 620, 14, 30, 0.011055026203393936
0, 447, 508, 25, 16, 0.009956601075828075
0, 202, 585, 25, 21, 0.00926542654633522
0, 234, 663, 39, 38, 0.0090177608653903
0, 139, 430, 15, 20, 0.008672972209751606
0, 333, 343, 25, 18, 0.008490989916026592
0, 410, 790, 20, 16, 0.008348760195076466
0, 199, 474, 21, 12, 0.008206778205931187
0, 182, 448, 36, 59, 0.008021067827939987
0, 207, 407, 13, 12, 0.007478733547031879
0, 258, 700, 33, 29, 0.007272586226463318
0, 237, 598, 21, 19, 0.007106885313987732
0, 173, 346, 29, 11, 0.006956244818866253
0, 105, 237, 29, 38, 0.0066558788530528545
0, 226, 474, 15, 18, 0.0064611779525876045
0, 217, 558, 24, 28, 0.006413938477635384
0, 277, 336, 38, 27, 0.006130266468971968
0, 206, 519, 32, 28, 0.004944908898323774
0, 233, 596, 32, 26, 0.004906816408038139
0, 442, 512, 39, 24, 0.004591139033436775
0, 180, 461, 27, 30, 0.004377915523946285
0, 164, 346, 36, 14, 0.004215457942336798
0, 374, 422, 16, 15, 0.0040303985588252544
0, 121, 327, 38, 36, 0.0037470541428774595
0, 117, 243, 30, 27, 0.0033119753934442997
0, 207, 622, 29, 33, 0.0032892345916479826
0, 419, 789, 39, 19, 0.0030698864720761776
0, 222, 461, 22, 43, 0.0029660165309906006
0, 261, 628, 24, 21, 0.002791093895211816
0, 351, 407, 24, 42, 0.0024224298540502787
0, 90, 259, 22, 19, 0.0024038704577833414
0, 180, 468, 19, 15, 0.002381162019446492
0, 227, 681, 24, 44, 0.0022545927204191685
0, 277, 356, 28, 12, 0.002240532310679555
0, 402, 346, 29, 21, 0.0021874967496842146
0, 282, 360, 23, 13, 0.0021455103997141123
0, 252, 755, 39, 35, 0.002082707127556205
0, 105, 274, 51, 65, 0.002001174259930849
0, 342, 397, 38, 28, 0.001989136915653944
0, 333, 323, 22, 18, 0.001943836105056107
0, 295, 335, 100, 62, 0.0019249520264565945
0, 222, 591, 54, 50, 0.001849357970058918
0, 216, 471, 36, 27, 0.0016537689371034503
0, 275, 339, 58, 49, 0.0016272005159407854
0, 346, 341, 23, 19, 0.0015412889188155532
0, 232, 623, 51, 53, 0.0015394592192023993
0, 118, 352, 42, 23, 0.001483913161791861
0, 272, 316, 29, 24, 0.001475765835493803
0, 172, 319, 34, 38, 0.0014239398296922445
0, 435, 682, 24, 13, 0.0014069302706047893
0, 425, 436, 13, 12, 0.0013907704269513488
0, 360, 421, 31, 17, 0.0013197370572015643
0, 226, 695, 20, 28, 0.0012255428591743112
0, 145, 297, 77, 53, 0.0010994095355272293
0, 338, 339, 41, 24, 0.001083219307474792
0, 320, 370, 17, 21, 0.0010329545475542545
0, 170, 395, 13, 10, 0.0009708483703434467
0, 291, 855, 21, 30, 0.0009675411856733263
0, 175, 327, 47, 46, 0.0009636658360250294
0, 180, 341, 39, 23, 0.0009449494536966085
0, 325, 362, 19, 13, 0.0008951046038419008
0, 390, 780, 9, 9, 0.000887762987986207
0, 219, 480, 34, 33, 0.0008553540101274848
0, 293, 356, 39, 28, 0.0008499604882672429
0, 333, 395, 27, 25, 0.0007938430062495172
0, 212, 451, 35, 27, 0.0007877834141254425
0, 260, 614, 25, 24, 0.0007703530136495829
0, 315, 379, 16, 12, 0.0007693751249462366
0, 208, 592, 40, 63, 0.0006974326679483056
0, 666, 9, 8, 18, 0.0006683614919893444
0, 668, 911, 5, 110, 0.0006292606121860445
0, 235, 585, 26, 36, 0.0006267342250794172
0, 312, 377, 27, 18, 0.0006158612086437643
0, 123, 358, 38, 27, 0.0005935449153184891
0, 403, 787, 36, 23, 0.0005612775566987693
0, 288, 365, 21, 13, 0.0005499161779880524
0, 261, 310, 14, 13, 0.0005101103452034295
0, 349, 404, 59, 48, 0.000469688733574003
0, 220, 419, 8, 10, 0.0004604019923135638
0, 160, 316, 56, 46, 0.00045474336366169155
0, 243, 527, 9, 16, 0.0004486924735829234
0, 14, 9, 29, 17, 0.00043159816414117813
0, 16, 898, 33, 144, 0.0004277747357264161
0, 667, 939, 6, 61, 0.00042508551268838346
0, 351, 356, 11, 10, 0.00040659733349457383
0, 330, 337, 56, 39, 0.000405713013606146
0, 245, 613, 54, 42, 0.0004005607042927295
0, 258, 324, 37, 32, 0.00038756997673772275
0, 666, 33, 9, 67, 0.0003850366629194468
0, 143, 362, 93, 42, 0.0003805676242336631
0, 668, 761, 5, 131, 0.00037154939491301775
0, 161, 351, 53, 22, 0.0003706795978359878
0, 411, 572, 12, 9, 0.0003667286946438253
0, 668, 832, 5, 133, 0.00036609816015698016
0, 160, 432, 61, 31, 0.00035780094913206995
0, 157, 456, 10, 14, 0.0003561587363947183
0, 146, 345, 100, 92, 0.0003432350349612534
0, 305, 372, 42, 25, 0.00033879076363518834
0, 431, 789, 15, 16, 0.00033570631057955325
0, 668, 582, 5, 138, 0.0003345996665302664
0, 88, 137, 24, 14, 0.0003243149258196354
0, 13, 805, 26, 248, 0.0003238036297261715
0, 12, 416, 25, 253, 0.00031996285542845726
0, 318, 382, 59, 38, 0.00031555784516967833
0, 203, 411, 21, 23, 0.0003140080953016877
0, 26, 6, 53, 12, 0.0003051894309464842
0, 144, 278, 46, 28, 0.00030298641650006175
0, 25, 17, 50, 35, 0.0002921979466918856
0, 197, 470, 43, 29, 0.00028882885817438364
0, 127, 297, 59, 30, 0.0002877709048334509
0, 54, 157, 39, 44, 0.00028664711862802505
0, 668, 373, 5, 130, 0.00028229368035681546
0, 668, 700, 5, 133, 0.0002774629683699459
0, 208, 548, 41, 48, 0.0002739751944318414
0, 17, 738, 34, 273, 0.0002602070162538439
0, 668, 313, 5, 134, 0.00025190869928337634
0, 242, 508, 11, 24, 0.00024176077567972243
0, 269, 600, 9, 9, 0.00024111416132654995
0, 668, 637, 5, 128, 0.00023781071649864316
0, 97, 229, 25, 27, 0.0002323817607248202
0, 150, 286, 51, 45, 0.00022767831978853792
0, 664, 765, 13, 213, 0.0002164063771488145
0, 16, 345, 32, 194, 0.00021596896112896502
0, 16, 36, 32, 71, 0.00021148390078451484
0, 668, 461, 4, 136, 0.00020806276006624103
0, 655, 7, 30, 14, 0.00020757666788995266
0, 668, 251, 5, 127, 0.00020204523752909154
0, 654, 17, 33, 34, 0.0001971325691556558
0, 18, 945, 36, 49, 0.0001962359674507752
0, 644, 50, 53, 100, 0.0001941924128914252
0, 668, 204, 4, 131, 0.00019194892956875265
0, 637, 19, 66, 39, 0.00019112126028630883
0, 50, 5, 101, 11, 0.0001874753797892481
0, 149, 386, 16, 15, 0.00018452679796610028
0, 183, 426, 60, 55, 0.00017284657224081457
0, 232, 566, 33, 29, 0.00017038047371897846
0, 219, 641, 70, 92, 0.00016822713951114565
0, 668, 145, 4, 131, 0.00016035075532272458
0, 668, 519, 4, 134, 0.00015831389464437962
0, 664, 899, 13, 142, 0.00015647469263058156
0, 63, 18, 126, 36, 0.00015009636990725994
0, 421, 537, 15, 8, 0.0001465350651415065
0, 421, 525, 27, 32, 0.00014552887296304107
0, 656, 755, 28, 169, 0.0001442246575606987
0, 151, 441, 37, 51, 0.00014312606072053313
0, 3, 942, 6, 55, 0.00013152074825484306
0, 143, 274, 70, 63, 0.00012914669059682637
0, 663, 680, 14, 203, 0.00012908500502817333
0, 238, 600, 55, 50, 0.00012902187881991267
0, 252, 315, 25, 22, 0.00012892644735984504
0, 212, 534, 45, 53, 0.0001287923805648461
0, 15, 79, 31, 159, 0.00012779596727341413
0, 138, 383, 15, 14, 0.0001275721879210323
0, 146, 235, 40, 29, 0.0001235337258549407
0, 668, 106, 5, 129, 0.0001221467537106946
0, 366, 413, 31, 29, 0.00011860902304761112
0, 33, 38, 66, 76, 0.00011786849790951237
0, 659, 939, 22, 62, 0.00011626662308117375
0, 667, 64, 6, 110, 0.00011606523185037076
0, 663, 265, 15, 201, 0.00011361379438312724
0, 14, 525, 28, 272, 0.00011353398440405726
0, 23, 670, 46, 289, 0.00011184851609868929
0, 57, 178, 70, 88, 0.00011066371371271089
0, 43, 147, 86, 234, 0.00010875308362301439
0, 642, 8, 55, 16, 0.00010244423901895061
0, 658, 827, 24, 183, 0.00010229537292616442
0, 235, 644, 116, 265, 0.0001009579500532709
0, 22, 154, 44, 287, 0.00010042083886219189
0, 136, 391, 12, 10, 9.967868390958756e-05
0, 204, 474, 73, 53, 9.696753113530576e-05
0, 658, 296, 25, 177, 9.187203249894083e-05
0, 308, 361, 133, 123, 9.163982031168416e-05
0, 654, 115, 32, 181, 9.073237015400082e-05
0, 659, 565, 23, 188, 8.908695599529892e-05
0, 663, 103, 14, 182, 8.789186540525407e-05
0, 326, 398, 52, 36, 8.615865954197943e-05
0, 219, 573, 76, 65, 8.574884122936055e-05
0, 253, 629, 61, 69, 8.358948980458081e-05
0, 653, 685, 34, 178, 8.183125464711338e-05
0, 207, 549, 54, 92, 8.008723671082407e-05
0, 488, 539, 10, 10, 7.707206532359123e-05
0, 5, 52, 10, 105, 7.471551361959428e-05
0, 322, 331, 82, 59, 7.368073420366272e-05
0, 355, 419, 41, 29, 7.2330585680902e-05
0, 623, 4, 85, 9, 7.081861258484423e-05
0, 658, 368, 24, 185, 6.963901978451759e-05
0, 422, 438, 20, 18, 6.950745591893792e-05
0, 334, 372, 50, 29, 6.923457840457559e-05
0, 361, 356, 16, 13, 6.781272531952709e-05
0, 148, 246, 58, 31, 6.589567783521488e-05
0, 18, 263, 36, 186, 6.528453377541155e-05
0, 90, 248, 37, 26, 6.469305662903935e-05
0, 196, 449, 74, 75, 6.432978989323601e-05
0, 360, 341, 108, 41, 6.229375139810145e-05
0, 658, 231, 25, 151, 6.058486906113103e-05
0, 112, 319, 72, 95, 6.026369010214694e-05
0, 663, 500, 14, 238, 5.838662400492467e-05
0, 663, 165, 14, 179, 5.640082235913724e-05
0, 115, 239, 68, 76, 5.600822260021232e-05
0, 71, 147, 66, 36, 5.588385465671308e-05
0, 237, 502, 17, 29, 5.483554195961915e-05
0, 25, 223, 51, 181, 5.3575051424559206e-05
0, 231, 476, 27, 25, 5.3418585594045e-05
0, 47, 149, 66, 60, 5.229149974184111e-05
0, 148, 395, 41, 21, 5.1538947445806116e-05
0, 663, 396, 14, 271, 4.919768252875656e-05
0, 165, 410, 56, 35, 4.86024291603826e-05
0, 59, 942, 119, 57, 4.835380241274834e-05
0, 139, 234, 61, 59, 4.799574162461795e-05
0, 242, 530, 16, 32, 4.618153252522461e-05
0, 152, 413, 58, 59, 4.572032776195556e-05
0, 146, 191, 19, 10, 4.520501897786744e-05
0, 400, 354, 38, 44, 4.4988744775764644e-05
0, 257, 574, 9, 14, 4.3406867916928604e-05
0, 72, 162, 70, 31, 4.2860174289671704e-05
0, 658, 627, 24, 158, 4.265100506017916e-05
0, 207, 404, 16, 23, 4.253394581610337e-05
0, 440, 495, 55, 66, 4.2242376366630197e-05
0, 477, 684, 37, 27, 4.219994298182428e-05
0, 171, 404, 17, 15, 4.174145942670293e-05
0, 643, 116, 9, 8, 4.1485658584861085e-05
0, 92, 264, 43, 73, 3.953978739446029e-05
0, 155, 387, 50, 32, 3.877759809256531e-05
0, 639, 84, 62, 168, 3.760806794161908e-05
0, 446, 504, 28, 31, 3.7036967114545405e-05
0, 433, 523, 54, 40, 3.61551356036216e-05
0, 159, 392, 36, 18, 3.6140245356364176e-05
0, 185, 380, 10, 11, 3.5974575439468026e-05
0, 410, 777, 13, 19, 3.547868618625216e-05
0, 2, 894, 5, 133, 3.4503806091379374e-05
0, 219, 521, 63, 51, 3.3531141525600106e-05
0, 11, 955, 23, 29, 3.318522431072779e-05
0, 31, 816, 62, 264, 3.256278796470724e-05
0, 229, 484, 37, 50, 3.223672683816403e-05
0, 295, 368, 78, 44, 3.213166928617284e-05
0, 269, 590, 10, 26, 3.209084752597846e-05
0, 142, 379, 53, 47, 3.197052865289152e-05
0, 444, 529, 32, 28, 3.171372372889891e-05
0, 363, 370, 15, 12, 3.153533543809317e-05
0, 549, 947, 243, 46, 3.122250927845016e-05
0, 209, 499, 42, 57, 3.0919713026378304e-05
0, 91, 282, 80, 101, 3.066044155275449e-05
0, 477, 695, 32, 38, 3.0343067919602618e-05
0, 377, 399, 19, 20, 3.0080369469942525e-05
0, 416, 796, 57, 34, 2.99534422083525e-05
0, 118, 354, 53, 47, 2.9636150429723784e-05
0, 659, 452, 23, 181, 2.876770668081008e-05
0, 360, 438, 27, 12, 2.8752954676747322e-05
0, 47, 901, 94, 139, 2.847163523256313e-05
0, 196, 286, 220, 153, 2.8172860766062513e-05
0, 44, 167, 81, 52, 2.739749470492825e-05
0, 210, 410, 26, 26, 2.6649920982890762e-05
0, 254, 566, 16, 27, 2.6231435185763985e-05
0, 233, 673, 67, 110, 2.6039469958050177e-05
0, 114, 286, 163, 161, 2.494052932888735e-05
0, 276, 308, 57, 28, 2.4880024284357205e-05
0, 151, 403, 48, 25, 2.476564077369403e-05
0, 449, 419, 11, 10, 2.475067049090285e-05
0, 57, 172, 41, 42, 2.4536551791243255e-05
0, 169, 361, 65, 43, 2.432303153909743e-05
0, 350, 948, 569, 44, 2.3861943191150203e-05
0, 657, 883, 26, 135, 2.3621900254511274e-05
