0, 401, 461, 32, 28, 0.6092352867126465
0, 228, 904, 30, 31, 0.49759382009506226
0, 343, 738, 19, 28, 0.4179372787475586
0, 165, 1021, 25, 39, 0.40856248140335083
0, 257, 920, 24, 22, 0.4066663086414337
0, 278, 892, 23, 20, 0.3615761995315552
0, 169, 1016, 38, 51, 0.34984299540519714
0, 413, 418, 20, 21, 0.3169517517089844
0, 274, 748, 18, 19, 0.29088616371154785
0, 251, 948, 21, 26, 0.290719598531723
0, 196, 968, 23, 19, 0.2337927371263504
0, 197, 922, 19, 21, 0.2259359508752823
0, 229, 1003, 21, 20, 0.22148524224758148
0, 261, 775, 20, 22, 0.20109114050865173
0, 234, 808, 29, 38, 0.19738763570785522
0, 175, 1060, 31, 22, 0.18117128312587738
0, 237, 776, 16, 22, 0.18010850250720978
0, 354, 700, 13, 26, 0.16624915599822998
0, 225, 978, 21, 20, 0.16060011088848114
0, 313, 692, 14, 19, 0.15855062007904053
0, 295, 796, 19, 25, 0.14783625304698944
0, 400, 342, 35, 41, 0.13802170753479004
0, 195, 1084, 23, 25, 0.1339455395936966
0, 233, 994, 33, 38, 0.13313986361026764
0, 208, 971, 41, 24, 0.13225200772285461
0, 161, 1095, 19, 22, 0.12674476206302643
0, 209, 1019, 20, 15, 0.12553222477436066
0, 234, 781, 26, 36, 0.12524358928203583
0, 273, 801, 13, 18, 0.12337592989206314
0, 437, 365, 28, 47, 0.12029658257961273
0, 278, 716, 20, 33, 0.11784199625253677
0, 176, 1067, 39, 41, 0.11530506610870361
0, 157, 1095, 38, 26, 0.10802573710680008
0, 263, 779, 28, 33, 0.10757464170455933
0, 470, 368, 19, 32, 0.09956708550453186
0, 242, 982, 18, 20, 0.09840638935565948
0, 333, 771, 19, 20, 0.09136305749416351
0, 240, 797, 43, 68, 0.09026815742254257
0, 451, 413, 35, 26, 0.08797695487737656
0, 163, 1123, 29, 31, 0.07710415869951248
0, 165, 965, 13, 25, 0.07691910117864609
0, 435, 357, 55, 65, 0.07569686323404312
0, 450, 294, 28, 25, 0.07156098634004593
0, 287, 836, 17, 15, 0.06890658289194107
0, 187, 1080, 41, 30, 0.06782183051109314
0, 295, 781, 19, 42, 0.05977751314640045
0, 442, 297, 27, 22, 0.05923423916101456
0, 199, 945, 31, 20, 0.05906587839126587
0, 207, 969, 56, 44, 0.05853237584233284
0, 209, 1041, 15, 16, 0.05763810873031616
0, 264, 911, 41, 44, 0.055063847452402115
0, 372, 639, 13, 13, 0.054436132311820984
0, 176, 1089, 62, 38, 0.05421656370162964
0, 248, 920, 55, 36, 0.05307826027274132
0, 417, 348, 69, 56, 0.05199597030878067
0, 385, 526, 24, 15, 0.05096951872110367
0, 219, 980, 69, 45, 0.049644581973552704
0, 461, 444, 25, 22, 0.04959478601813316
0, 310, 669, 14, 14, 0.0494147427380085
0, 260, 925, 34, 37, 0.048473067581653595
0, 262, 793, 85, 75, 0.04707341641187668
0, 221, 1008, 48, 41, 0.04529222100973129
0, 268, 803, 27, 29, 0.04134276136755943
0, 226, 995, 61, 52, 0.04105197638273239
0, 444, 370, 20, 42, 0.040702544152736664
0, 161, 1109, 44, 57, 0.03987250477075577
0, 458, 407, 44, 40, 0.039723288267850876
0, 471, 204, 28, 28, 0.037952348589897156
0, 453, 337, 18, 20, 0.035828493535518646
0, 263, 809, 26, 29, 0.035410672426223755
0, 399, 492, 24, 17, 0.03245905786752701
0, 187, 1037, 16, 17, 0.03176742047071457
0, 292, 808, 21, 28, 0.031449783593416214
0, 212, 914, 62, 48, 0.03098917566239834
0, 462, 403, 29, 24, 0.030777979642152786
0, 449, 255, 23, 27, 0.030609644949436188
0, 150, 997, 20, 23, 0.029861409217119217
0, 134, 1125, 19, 24, 0.02907947264611721
0, 265, 761, 38, 46, 0.029045915231108665
0, 170, 1104, 71, 73, 0.028559865429997444
0, 196, 916, 30, 41, 0.028330981731414795
0, 208, 1050, 14, 26, 0.026999691501259804
0, 148, 1065, 17, 31, 0.02628299407660961
0, 274, 738, 23, 32, 0.024636514484882355
0, 401, 426, 38, 32, 0.024385688826441765
0, 174, 945, 11, 14, 0.023971054702997208
0, 288, 861, 13, 12, 0.022460350766777992
0, 367, 552, 10, 13, 0.02231869474053383
0, 442, 470, 16, 15, 0.02194148488342762
0, 398, 476, 39, 51, 0.018152933567762375
0, 355, 638, 6, 13, 0.018083596602082253
0, 386, 401, 12, 19, 0.0168283861130476
0, 429, 370, 27, 36, 0.016817942261695862
0, 280, 709, 37, 53, 0.014950918965041637
0, 406, 271, 20, 23, 0.014169901609420776
0, 222, 953, 71, 34, 0.01349695585668087
0, 463, 213, 33, 43, 0.012924937531352043
0, 312, 676, 17, 35, 0.012035916559398174
0, 345, 588, 17, 18, 0.011963036842644215
0, 380, 581, 16, 16, 0.011953875422477722
0, 168, 959, 23, 41, 0.011671273969113827
0, 443, 298, 47, 40, 0.010163448750972748
0, 170, 1033, 58, 87, 0.010051799938082695
0, 461, 419, 33, 24, 0.009022555314004421
0, 183, 1069, 56, 61, 0.00881872046738863
0, 255, 936, 45, 57, 0.008666341193020344
0, 207, 1004, 77, 73, 0.008539360016584396
0, 345, 616, 16, 17, 0.007264799904078245
0, 348, 619, 15, 13, 0.007151511963456869
0, 447, 379, 54, 64, 0.006532434839755297
0, 395, 408, 27, 24, 0.006405894178897142
0, 439, 496, 15, 19, 0.00631300313398242
0, 420, 419, 51, 37, 0.006275225896388292
0, 278, 747, 29, 25, 0.0062165274284780025
0, 437, 505, 14, 17, 0.006100429687649012
0, 444, 264, 34, 33, 0.005516816396266222
0, 403, 494, 38, 31, 0.005190042778849602
0, 440, 465, 19, 26, 0.005177042447030544
0, 398, 446, 45, 67, 0.005146439652889967
0, 452, 227, 14, 15, 0.005110527854412794
0, 414, 272, 38, 30, 0.004592379089444876
0, 234, 980, 53, 31, 0.004222377203404903
0, 402, 407, 21, 31, 0.003923477604985237
0, 451, 464, 28, 25, 0.0037022579926997423
0, 362, 665, 16, 19, 0.0036466591991484165
0, 349, 696, 14, 23, 0.0035408255644142628
0, 323, 631, 11, 13, 0.0035391603596508503
0, 186, 967, 54, 33, 0.00348918279632926
0, 414, 219, 18, 17, 0.003391775069758296
0, 422, 409, 34, 36, 0.0033542246092110872
0, 390, 500, 25, 23, 0.0033048149198293686
0, 387, 408, 23, 23, 0.0032981387339532375
0, 415, 315, 38, 19, 0.0029506103601306677
0, 418, 235, 17, 12, 0.0028602604288607836
0, 461, 452, 28, 47, 0.0028253975324332714
0, 428, 288, 79, 64, 0.00279650604352355
0, 288, 692, 14, 15, 0.002403602935373783
0, 251, 931, 65, 84, 0.0023431512527167797
0, 347, 633, 13, 15, 0.0023146315943449736
0, 453, 304, 36, 34, 0.0023130576591938734
0, 160, 986, 40, 67, 0.002278555417433381
0, 187, 943, 74, 90, 0.002188999205827713
0, 420, 452, 63, 55, 0.0020546927116811275
0, 284, 834, 28, 20, 0.002004133304581046
0, 449, 274, 34, 53, 0.001895454479381442
0, 310, 783, 69, 51, 0.0018899289425462484
0, 426, 245, 27, 19, 0.001820131205022335
0, 267, 731, 24, 9, 0.0018068617209792137
0, 287, 845, 20, 25, 0.0017494462663307786
0, 167, 962, 44, 39, 0.001683250186033547
0, 414, 500, 21, 22, 0.0016662143170833588
0, 281, 861, 26, 19, 0.0016408561496064067
0, 335, 738, 35, 35, 0.001558797201141715
0, 350, 703, 18, 36, 0.001540356664918363
0, 338, 654, 10, 6, 0.0015207749092951417
0, 520, 164, 13, 15, 0.0014722779160365462
0, 300, 700, 81, 82, 0.0014548024628311396
0, 265, 918, 51, 94, 0.0012936735292896628
0, 266, 724, 57, 44, 0.0012701294617727399
0, 414, 382, 71, 39, 0.001256909454241395
0, 274, 907, 41, 61, 0.0012112729018554091
0, 296, 754, 28, 25, 0.0012094583362340927
0, 215, 1036, 41, 23, 0.0012052227975800633
0, 372, 637, 21, 22, 0.0011996186804026365
0, 405, 259, 17, 24, 0.001154621015302837
0, 455, 188, 14, 11, 0.0010780971497297287
0, 175, 1083, 97, 98, 0.0009892771486192942
0, 227, 904, 34, 54, 0.0009699839283712208
0, 428, 363, 99, 93, 0.0009212374570779502
0, 304, 711, 38, 47, 0.0008978850091807544
0, 463, 261, 18, 23, 0.0008720621117390692
0, 389, 525, 35, 22, 0.0008484363788738847
0, 311, 664, 20, 28, 0.0007835967116989195
0, 419, 322, 75, 96, 0.0007529167924076319
0, 302, 689, 37, 54, 0.0006829876801930368
0, 282, 869, 27, 46, 0.000647107430268079
0, 342, 699, 30, 28, 0.000596832309383899
0, 390, 557, 19, 13, 0.0005965630407445133
0, 459, 438, 42, 34, 0.0005555114476010203
0, 397, 561, 16, 14, 0.000549415301065892
0, 426, 430, 97, 91, 0.0005304599762894213
0, 307, 729, 23, 24, 0.0005252800765447319
0, 375, 363, 22, 11, 0.0005169161013327539
0, 168, 967, 57, 62, 0.0005103168077766895
0, 241, 849, 12, 20, 0.0004994676564820111
0, 462, 169, 15, 16, 0.0004914767923764884
0, 377, 588, 17, 23, 0.0004912421572953463
0, 321, 725, 23, 26, 0.0004857096937485039
0, 444, 333, 70, 127, 0.0004701835277955979
0, 280, 849, 36, 44, 0.00045526991016231477
0, 196, 1035, 99, 126, 0.00044790233368985355
0, 360, 664, 25, 25, 0.0004287490446586162
0, 369, 333, 10, 16, 0.00042775904876179993
0, 198, 1046, 71, 58, 0.0004254007071722299
0, 412, 252, 30, 37, 0.00039093391387723386
0, 348, 582, 17, 21, 0.0003892834938596934
0, 394, 462, 52, 45, 0.00038656260585412383
0, 267, 765, 65, 91, 0.00037856033304706216
0, 3, 1221, 6, 137, 0.0003674630424939096
0, 365, 633, 32, 34, 0.000357344833901152
0, 156, 1016, 60, 68, 0.0003518330049701035
0, 413, 223, 24, 28, 0.00034437727299518883
0, 415, 232, 30, 41, 0.0003324784047435969
0, 458, 174, 19, 25, 0.00031212205067276955
0, 323, 694, 35, 27, 0.00031211134046316147
0, 447, 201, 29, 18, 0.0003074477717746049
0, 9, 428, 19, 445, 0.00028312491485849023
0, 447, 213, 39, 40, 0.00027786719147115946
0, 335, 750, 42, 63, 0.00026656960835680366
0, 350, 636, 31, 24, 0.000254040613071993
0, 10, 194, 20, 383, 0.0002397563512204215
0, 292, 820, 34, 49, 0.00023478007642552257
0, 249, 854, 57, 142, 0.00023353408323600888
0, 10, 578, 20, 413, 0.0002191044040955603
0, 266, 721, 69, 77, 0.0002168800274375826
0, 235, 840, 28, 37, 0.0002116908726748079
0, 404, 476, 58, 72, 0.00019979408534709364
0, 9, 904, 18, 308, 0.00019907015666831285
0, 8, 1168, 16, 229, 0.00019376423733774573
0, 454, 279, 59, 66, 0.00019040786719415337
0, 340, 668, 13, 15, 0.00018763256957754493
0, 347, 606, 18, 35, 0.00018312878091819584
0, 381, 574, 24, 31, 0.00018268160056322813
0, 305, 787, 95, 78, 0.0001825271756388247
0, 433, 239, 49, 37, 0.00018052734958473593
0, 0, 12, 0, 23, 0.00017258078150916845
0, 441, 206, 63, 30, 0.00017168298654723912
0, 11, 769, 22, 447, 0.00016452350246254355
0, 385, 404, 35, 35, 0.00016378455620724708
0, 386, 533, 30, 23, 0.000152629436342977
0, 525, 169, 18, 22, 0.000152602355228737
0, 316, 634, 17, 16, 0.00014830793952569366
0, 1, 7, 3, 13, 0.00014306834782473743
0, 461, 238, 52, 101, 0.00014185202599037439
0, 394, 427, 53, 71, 0.00014076559455133975
0, 400, 509, 55, 51, 0.00013954369933344424
0, 345, 675, 25, 47, 0.00013934598246123642
0, 212, 909, 95, 69, 0.00013824064808432013
0, 253, 886, 80, 100, 0.00013611107715405524
0, 433, 482, 45, 49, 0.00013369356747716665
0, 500, 155, 11, 9, 0.00013317800767254084
0, 387, 519, 41, 38, 0.0001243862061528489
0, 7, 1021, 15, 269, 0.00012363177665974945
0, 5, 52, 11, 102, 0.00011816165351774544
0, 7, 100, 15, 201, 0.00011128318874398246
0, 153, 996, 90, 104, 0.00010963217937387526
0, 219, 971, 130, 107, 0.0001046195684466511
0, 368, 550, 13, 22, 0.00010432727867737412
0, 372, 602, 22, 22, 0.00010311323421774432
0, 221, 1009, 76, 124, 0.00010267092875437811
0, 0, 1270, 0, 39, 0.00010058846237370744
0, 467, 197, 39, 55, 9.853385563474149e-05
0, 273, 867, 36, 28, 9.764070273377001e-05
0, 449, 193, 34, 25, 9.062031313078478e-05
0, 337, 590, 35, 23, 8.914448699215427e-05
0, 2, 28, 4, 55, 8.89828588697128e-05
0, 349, 576, 39, 59, 8.415622869506478e-05
0, 362, 553, 20, 19, 8.25261085992679e-05
0, 359, 701, 27, 32, 8.118256664602086e-05
0, 337, 768, 39, 46, 7.451692363247275e-05
0, 334, 609, 31, 34, 7.427819218719378e-05
0, 454, 193, 34, 52, 7.369436207227409e-05
0, 261, 837, 60, 59, 7.337131683016196e-05
0, 385, 459, 76, 78, 7.275096140801907e-05
0, 506, 165, 18, 13, 6.893969111843035e-05
0, 231, 807, 47, 52, 6.57376367598772e-05
0, 317, 651, 30, 51, 6.492122338386253e-05
0, 314, 671, 75, 90, 6.08964946877677e-05
0, 396, 530, 40, 23, 6.004031820339151e-05
0, 392, 339, 55, 62, 5.818901991005987e-05
0, 152, 1049, 120, 164, 5.565559695241973e-05
0, 436, 510, 14, 32, 5.532349678105675e-05
0, 399, 538, 26, 14, 5.2664021495729685e-05
0, 660, 11, 0, 21, 5.161714943824336e-05
0, 427, 470, 102, 88, 5.1325445383554325e-05
0, 444, 205, 68, 57, 4.997372889192775e-05
0, 131, 1006, 263, 211, 4.820693357032724e-05
0, 259, 697, 87, 97, 4.708708365797065e-05
0, 434, 285, 110, 198, 4.6808254410279915e-05
0, 240, 936, 107, 160, 4.441428609425202e-05
0, 2, 825, 5, 198, 4.117534990655258e-05
0, 281, 681, 66, 77, 4.06771941925399e-05
0, 161, 919, 146, 78, 3.865631151711568e-05
0, 388, 584, 36, 20, 3.765719884540886e-05
0, 228, 777, 118, 99, 3.626881880336441e-05
0, 157, 1126, 60, 64, 3.4576369216665626e-05
0, 347, 577, 22, 40, 3.434786412981339e-05
0, 352, 736, 44, 51, 3.43045212503057e-05
0, 463, 433, 44, 60, 3.4081323974533007e-05
0, 326, 634, 50, 42, 3.407436815905385e-05
0, 612, 10, 94, 20, 3.3703428925946355e-05
0, 380, 593, 26, 38, 3.0689756385982037e-05
0, 500, 230, 8, 10, 3.067056240979582e-05
0, 432, 227, 79, 78, 3.0528215575031936e-05
0, 257, 734, 173, 213, 2.986974868690595e-05
0, 3, 513, 6, 251, 2.8930769985890947e-05
0, 457, 173, 34, 47, 2.7149446395924315e-05
0, 400, 262, 31, 35, 2.6618936317390762e-05
0, 657, 823, 5, 225, 2.659799974935595e-05
0, 124, 1031, 133, 116, 2.659574238350615e-05
