0, 278, 728, 81, 158, 0.7557923197746277
0, 134, 681, 98, 78, 0.6988284587860107
0, 266, 541, 90, 105, 0.5503831505775452
0, 323, 663, 52, 30, 0.3678317666053772
0, 276, 639, 40, 37, 0.32866528630256653
0, 302, 648, 99, 58, 0.2498014122247696
0, 286, 990, 47, 57, 0.219540074467659
0, 291, 782, 43, 49, 0.1797499656677246
0, 225, 794, 26, 30, 0.17742404341697693
0, 183, 775, 54, 45, 0.16792474687099457
0, 288, 411, 55, 83, 0.12582264840602875
0, 387, 383, 32, 41, 0.1253584921360016
0, 197, 717, 49, 25, 0.08935899287462234
0, 343, 385, 57, 82, 0.07877988368272781
0, 236, 566, 32, 34, 0.07406678795814514
0, 225, 819, 76, 78, 0.07173079252243042
0, 193, 722, 55, 47, 0.06969144195318222
0, 130, 676, 59, 64, 0.06697691977024078
0, 280, 432, 69, 51, 0.06675499677658081
0, 264, 320, 19, 42, 0.06141491234302521
0, 265, 432, 27, 39, 0.052927516400814056
0, 175, 765, 50, 38, 0.05035155639052391
0, 272, 713, 61, 101, 0.04949463903903961
0, 301, 790, 31, 37, 0.04721061885356903
0, 162, 683, 29, 25, 0.04490518197417259
0, 223, 803, 48, 52, 0.044145841151475906
0, 347, 366, 46, 40, 0.04111527279019356
0, 145, 732, 50, 51, 0.038026873022317886
0, 288, 1002, 41, 31, 0.037862926721572876
0, 307, 341, 27, 25, 0.036790672689676285
0, 337, 465, 19, 31, 0.0332837738096714
0, 249, 565, 58, 40, 0.03130616992712021
0, 278, 405, 85, 109, 0.030972786247730255
0, 379, 256, 75, 55, 0.030644582584500313
0, 220, 842, 56, 63, 0.03036091849207878
0, 271, 560, 67, 67, 0.029296396300196648
0, 221, 824, 48, 34, 0.027442125603556633
0, 198, 788, 54, 42, 0.02474161982536316
0, 338, 401, 42, 53, 0.023510733619332314
0, 235, 853, 67, 44, 0.02342197299003601
0, 148, 721, 44, 25, 0.02204291708767414
0, 260, 367, 20, 30, 0.02169637754559517
0, 136, 742, 33, 33, 0.02149927243590355
0, 399, 246, 25, 30, 0.019497539848089218
0, 379, 251, 49, 36, 0.019073855131864548
0, 170, 757, 40, 28, 0.017994342371821404
0, 287, 980, 38, 35, 0.016610467806458473
0, 248, 848, 41, 29, 0.015435194596648216
0, 264, 431, 51, 43, 0.014993015676736832
0, 267, 634, 44, 31, 0.01320747472345829
0, 280, 575, 51, 38, 0.012939673848450184
0, 300, 428, 29, 37, 0.01269436813890934
0, 328, 392, 23, 25, 0.011407632380723953
0, 269, 631, 51, 59, 0.010514798574149609
0, 244, 864, 45, 22, 0.010300601832568645
0, 260, 520, 61, 58, 0.01023891381919384
0, 368, 255, 26, 22, 0.009994491934776306
0, 297, 398, 43, 54, 0.009338541887700558
0, 282, 608, 13, 15, 0.008724290877580643
0, 296, 758, 34, 45, 0.008416359312832355
0, 363, 387, 81, 68, 0.008178764954209328
0, 265, 613, 42, 29, 0.008071442134678364
0, 108, 705, 28, 29, 0.007955741137266159
0, 311, 367, 14, 17, 0.007944909855723381
0, 371, 268, 51, 44, 0.007188531570136547
0, 280, 739, 50, 117, 0.006902651395648718
0, 210, 862, 22, 24, 0.006890352349728346
0, 256, 619, 50, 42, 0.0064572799019515514
0, 276, 515, 24, 24, 0.006336465012282133
0, 295, 490, 17, 15, 0.005837688222527504
0, 307, 340, 44, 32, 0.005548298824578524
0, 400, 252, 43, 43, 0.005518956575542688
0, 335, 993, 16, 14, 0.005483326967805624
0, 146, 653, 17, 17, 0.005357029382139444
0, 141, 699, 72, 41, 0.005301635712385178
0, 280, 525, 41, 50, 0.00521163921803236
0, 311, 404, 148, 126, 0.005209073424339294
0, 378, 281, 32, 22, 0.005175866186618805
0, 189, 807, 63, 108, 0.004934781230986118
0, 258, 663, 26, 22, 0.004611303098499775
0, 298, 314, 11, 14, 0.004489488434046507
0, 200, 861, 28, 29, 0.004440636374056339
0, 243, 515, 30, 50, 0.0043726107105612755
0, 241, 504, 24, 28, 0.004199315793812275
0, 253, 364, 30, 31, 0.004171975422650576
0, 281, 321, 14, 33, 0.0040773614309728146
0, 292, 377, 40, 42, 0.0038389842957258224
0, 220, 912, 22, 21, 0.003811031114310026
0, 147, 666, 71, 46, 0.0037508655805140734
0, 98, 686, 20, 23, 0.003739971201866865
0, 352, 279, 20, 16, 0.0036231467965990305
0, 335, 366, 73, 64, 0.0036195628345012665
0, 306, 351, 31, 46, 0.003516895230859518
0, 265, 729, 40, 59, 0.0035165573935955763
0, 168, 735, 83, 73, 0.00347355124540627
0, 103, 696, 33, 50, 0.003375750733539462
0, 394, 238, 39, 38, 0.0030884130392223597
0, 111, 684, 47, 51, 0.0030876349192112684
0, 294, 325, 63, 57, 0.0029462845996022224
0, 179, 778, 72, 79, 0.0028325633611530066
0, 230, 867, 74, 43, 0.0027577823493629694
0, 312, 793, 30, 35, 0.0027044215239584446
0, 304, 672, 90, 60, 0.0024251057766377926
0, 298, 287, 17, 25, 0.0023329451214522123
0, 260, 816, 13, 15, 0.0023327800445258617
0, 206, 889, 29, 18, 0.002165527082979679
0, 407, 198, 22, 16, 0.0020917749498039484
0, 323, 346, 63, 34, 0.0020382360089570284
0, 290, 540, 23, 23, 0.0017783001530915499
0, 318, 790, 15, 31, 0.0015963909681886435
0, 406, 230, 22, 15, 0.001509977038949728
0, 230, 633, 23, 24, 0.00150769273750484
0, 282, 473, 13, 10, 0.001395916915498674
0, 285, 630, 124, 60, 0.0013838156592100859
0, 356, 259, 46, 39, 0.0013505605747923255
0, 206, 881, 32, 18, 0.001337993424385786
0, 327, 383, 93, 108, 0.001252280781045556
0, 278, 365, 51, 30, 0.0012257728958502412
0, 356, 915, 12, 17, 0.001208348898217082
0, 262, 689, 38, 72, 0.0011782656656578183
0, 303, 577, 17, 31, 0.0011443839175626636
0, 382, 231, 22, 20, 0.0010782182216644287
0, 234, 790, 52, 50, 0.0010656045051291585
0, 175, 696, 42, 21, 0.00105283223092556
0, 368, 956, 15, 15, 0.001021128031425178
0, 397, 341, 18, 26, 0.0010157126234844327
0, 333, 422, 37, 99, 0.0009590032859705389
0, 20, 591, 40, 264, 0.0009357958333566785
0, 341, 460, 29, 49, 0.000925998785533011
0, 286, 765, 57, 84, 0.0008616872946731746
0, 350, 205, 25, 15, 0.0008542702998965979
0, 19, 703, 38, 237, 0.0008439295925199986
0, 237, 898, 21, 14, 0.0008266268996521831
0, 286, 581, 130, 186, 0.0008248809608630836
0, 224, 898, 50, 28, 0.0008155435789376497
0, 253, 589, 73, 119, 0.0007794377743266523
0, 243, 355, 15, 13, 0.0007364930934272707
0, 381, 290, 26, 21, 0.0006542247137986124
0, 318, 329, 48, 21, 0.0006177070317789912
0, 290, 482, 27, 29, 0.0006168484105728567
0, 226, 909, 35, 32, 0.0005369543214328587
0, 254, 628, 73, 72, 0.0005085397860966623
0, 295, 316, 28, 36, 0.0004837116284761578
0, 226, 835, 100, 130, 0.0004719913995359093
0, 400, 209, 18, 22, 0.0004444614751264453
0, 188, 749, 88, 113, 0.00044326746137812734
0, 286, 543, 62, 75, 0.0004347504291217774
0, 288, 304, 41, 67, 0.0004175803915131837
0, 358, 415, 99, 123, 0.0004138998338021338
0, 227, 664, 17, 18, 0.00040451367385685444
0, 194, 659, 22, 22, 0.00039996905252337456
0, 369, 920, 16, 21, 0.00039932996151037514
0, 224, 693, 151, 92, 0.0003656415792647749
0, 405, 138, 17, 21, 0.0003609470441006124
0, 383, 278, 48, 51, 0.00035441183717921376
0, 300, 312, 25, 24, 0.00035291604581288993
0, 248, 530, 60, 84, 0.0003522266342770308
0, 362, 918, 26, 27, 0.00034156470792368054
0, 568, 12, 9, 24, 0.00032746250508353114
0, 314, 179, 17, 20, 0.00032304448541253805
0, 170, 673, 64, 50, 0.00031122498330660164
0, 319, 187, 24, 30, 0.0002801960217766464
0, 185, 709, 80, 50, 0.0002695585717447102
0, 239, 630, 42, 50, 0.00026219006394967437
0, 259, 798, 104, 85, 0.00024851804482750595
0, 247, 796, 46, 54, 0.00024832383496686816
0, 283, 674, 133, 89, 0.0002433203044347465
0, 306, 515, 14, 20, 0.00023253912513609976
0, 325, 192, 14, 20, 0.00022803570027463138
0, 378, 242, 91, 117, 0.0002196572459070012
0, 21, 802, 43, 322, 0.00020715751452371478
0, 232, 755, 152, 123, 0.0002053903735941276
0, 312, 171, 19, 15, 0.00020018174836877733
0, 245, 894, 26, 19, 0.00019624533888418227
0, 300, 287, 28, 34, 0.0001934009778779
0, 296, 475, 43, 34, 0.00018727670249063522
0, 259, 396, 58, 92, 0.00018424479640088975
0, 278, 481, 73, 45, 0.00018293959146831185
0, 317, 305, 61, 35, 0.0001828914537327364
0, 351, 489, 13, 9, 0.0001795103307813406
0, 240, 672, 48, 47, 0.0001789590169209987
0, 201, 832, 61, 94, 0.0001661372953094542
0, 275, 602, 84, 143, 0.00016407074872404337
0, 385, 210, 21, 24, 0.00016213096387218684
0, 568, 748, 9, 152, 0.00016181528917513788
0, 366, 609, 12, 20, 0.0001611433399375528
0, 306, 999, 79, 46, 0.00016014660650398582
0, 175, 657, 49, 26, 0.0001572763139847666
0, 37, 7, 75, 14, 0.00015234807506203651
0, 18, 10, 36, 21, 0.00014985469169914722
0, 256, 332, 38, 72, 0.0001472686417400837
0, 567, 42, 11, 85, 0.00014677671424578875
0, 239, 908, 49, 39, 0.00014546921011060476
0, 362, 360, 85, 63, 0.000133495734189637
0, 567, 694, 10, 153, 0.00012689702271018177
0, 568, 638, 9, 157, 0.0001265843748115003
0, 359, 219, 41, 28, 0.00012168231478426605
0, 382, 161, 10, 13, 0.00012143437925260514
0, 354, 366, 271, 245, 0.00011985260061919689
0, 333, 318, 18, 22, 0.00011975892266491428
0, 235, 668, 30, 32, 0.00011961317068198696
0, 363, 277, 114, 93, 0.00011501921835588291
0, 330, 266, 32, 35, 0.00011239528976147994
0, 569, 474, 7, 149, 0.00011077171802753583
0, 346, 213, 45, 35, 0.0001024128869175911
0, 133, 716, 74, 86, 0.00010090241994475946
0, 300, 511, 149, 170, 9.966594370780513e-05
0, 297, 497, 28, 28, 9.848913759924471e-05
0, 568, 1090, 9, 128, 9.803516149986535e-05
0, 319, 281, 20, 22, 9.46033323998563e-05
0, 568, 793, 8, 146, 9.309362212661654e-05
0, 568, 567, 8, 160, 8.956558303907514e-05
0, 256, 918, 16, 20, 8.881806570570916e-05
0, 305, 297, 49, 43, 8.679453458171338e-05
0, 17, 40, 34, 79, 8.517495007254183e-05
0, 310, 224, 12, 12, 8.487487502861768e-05
0, 397, 205, 40, 26, 8.056713704718277e-05
0, 568, 422, 8, 154, 7.530563743785024e-05
0, 567, 971, 10, 145, 7.485786045435816e-05
0, 24, 454, 48, 375, 7.429618563037366e-05
0, 273, 473, 91, 102, 7.397099398076534e-05
0, 53, 21, 106, 42, 7.115959306247532e-05
0, 556, 7, 33, 15, 7.028308027656749e-05
0, 263, 718, 156, 188, 6.961996405152604e-05
0, 568, 312, 9, 142, 6.630837015109137e-05
0, 332, 989, 24, 27, 6.516486610053107e-05
0, 347, 340, 115, 54, 6.452811066992581e-05
0, 568, 842, 9, 152, 6.444651080528274e-05
0, 345, 468, 45, 40, 6.405639578588307e-05
0, 234, 936, 18, 15, 6.220750219654292e-05
0, 568, 369, 8, 140, 6.159824260976166e-05
0, 568, 926, 8, 145, 6.0318194300634786e-05
0, 332, 319, 55, 42, 5.7610985095379874e-05
0, 567, 1045, 10, 156, 5.649733793688938e-05
0, 199, 712, 236, 139, 5.4755902965553105e-05
0, 156, 736, 155, 98, 5.451259858091362e-05
0, 17, 192, 35, 383, 5.3617572120856494e-05
0, 564, 69, 16, 133, 5.3497860790230334e-05
0, 172, 760, 189, 177, 5.0243139412486926e-05
0, 568, 124, 9, 149, 4.896907557849772e-05
0, 553, 23, 38, 46, 4.8515696107642725e-05
0, 334, 469, 32, 52, 4.850565528613515e-05
0, 35, 36, 71, 72, 4.8306334065273404e-05
0, 389, 366, 34, 67, 4.802453986485489e-05
0, 344, 204, 41, 21, 4.653311407309957e-05
0, 568, 259, 8, 145, 4.606413858709857e-05
0, 126, 514, 238, 403, 4.5369044528342783e-05
0, 227, 936, 23, 20, 4.5322645746637136e-05
0, 568, 184, 8, 140, 4.4153806811664253e-05
0, 256, 888, 26, 25, 4.270582940080203e-05
0, 315, 310, 92, 72, 4.22040066041518e-05
0, 219, 895, 62, 54, 4.180292671662755e-05
0, 362, 926, 33, 50, 4.133271431783214e-05
0, 63, 58, 126, 116, 4.0397237171418965e-05
0, 541, 383, 62, 549, 4.010157135780901e-05
0, 330, 275, 81, 71, 3.9734721212880686e-05
0, 315, 545, 18, 30, 3.7937628803774714e-05
0, 502, 8, 133, 16, 3.5119810490868986e-05
0, 72, 846, 144, 486, 3.455889964243397e-05
0, 514, 24, 116, 49, 3.3751286537153646e-05
0, 325, 244, 25, 17, 3.35631993948482e-05
0, 307, 981, 83, 59, 3.338590249768458e-05
0, 547, 54, 51, 107, 3.2399177143815905e-05
0, 264, 498, 75, 81, 3.1997977202991024e-05
0, 322, 464, 186, 274, 3.179863779223524e-05
0, 332, 207, 58, 43, 3.15760808007326e-05
0, 337, 857, 80, 66, 3.088915400439873e-05
0, 96, 630, 189, 340, 2.9713577532675117e-05
0, 11, 858, 23, 326, 2.894487261073664e-05
0, 76, 6, 152, 13, 2.8730175472446717e-05
0, 36, 707, 73, 347, 2.818823304551188e-05
0, 311, 551, 28, 39, 2.7985926863038912e-05
0, 73, 31, 147, 62, 2.633944859553594e-05
0, 407, 129, 17, 13, 2.5831144739640877e-05
0, 401, 652, 342, 611, 2.365591899433639e-05
0, 271, 849, 31, 36, 2.3315331418416463e-05
0, 305, 541, 40, 74, 2.274928192491643e-05
0, 226, 566, 45, 45, 2.252165722893551e-05
0, 401, 140, 26, 31, 2.2459584215539508e-05
0, 298, 811, 104, 102, 2.1458185074152425e-05
0, 25, 290, 51, 473, 2.0480190869420767e-05
0, 322, 191, 43, 38, 2.041722291323822e-05
0, 403, 192, 20, 27, 2.0283854610170238e-05
0, 326, 629, 97, 136, 2.0031817257404327e-05
0, 109, 677, 84, 117, 1.9311275536892936e-05
0, 350, 918, 42, 30, 1.8983986592502333e-05
0, 360, 907, 28, 40, 1.8878516129916534e-05
0, 450, 232, 245, 188, 1.8437580365571193e-05
0, 296, 507, 79, 159, 1.8371883925283328e-05
0, 18, 78, 37, 155, 1.8288936189492233e-05
0, 77, 461, 154, 469, 1.813038943510037e-05
0, 345, 886, 68, 127, 1.7275340724154375e-05
0, 59, 132, 118, 264, 1.7171598301501945e-05
0, 436, 305, 273, 502, 1.697059087746311e-05
0, 337, 474, 40, 86, 1.689479177002795e-05
0, 259, 850, 111, 73, 1.5634628653060645e-05
0, 176, 642, 18, 26, 1.5625790183548816e-05
0, 236, 913, 73, 75, 1.5299734513973817e-05
