0, 544, 171, 68, 81, 0.7762631177902222
0, 474, 638, 155, 95, 0.5268692374229431
0, 501, 789, 22, 52, 0.41401809453964233
0, 162, 511, 121, 119, 0.31865790486335754
0, 363, 462, 134, 72, 0.3132477402687073
0, 123, 498, 35, 38, 0.305784672498703
0, 391, 802, 49, 40, 0.2867305278778076
0, 327, 395, 37, 44, 0.2770693302154541
0, 333, 389, 51, 66, 0.24286964535713196
0, 402, 407, 35, 26, 0.21211805939674377
0, 450, 622, 100, 54, 0.201028510928154
0, 442, 356, 54, 52, 0.1936463862657547
0, 417, 362, 114, 116, 0.16716362535953522
0, 509, 252, 44, 31, 0.1517869383096695
0, 668, 563, 78, 67, 0.1359490603208542
0, 468, 297, 40, 33, 0.12593671679496765
0, 440, 365, 37, 26, 0.10614456236362457
0, 174, 511, 84, 76, 0.10545384883880615
0, 522, 640, 55, 42, 0.09996648132801056
0, 117, 549, 31, 37, 0.09789298474788666
0, 426, 350, 96, 69, 0.07817405462265015
0, 449, 289, 81, 64, 0.07356766611337662
0, 389, 454, 78, 49, 0.06815804541110992
0, 344, 726, 53, 43, 0.06519372761249542
0, 457, 662, 60, 38, 0.06315818428993225
0, 436, 285, 55, 45, 0.05770290270447731
0, 458, 689, 32, 26, 0.05622798576951027
0, 399, 317, 22, 29, 0.05567879229784012
0, 457, 309, 43, 28, 0.05018166825175285
0, 396, 403, 63, 38, 0.0489073246717453
0, 119, 529, 39, 80, 0.04852283373475075
0, 680, 555, 51, 46, 0.04773833230137825
0, 308, 885, 61, 46, 0.04736689478158951
0, 339, 719, 36, 29, 0.04709765687584877
0, 426, 284, 30, 30, 0.04565797746181488
0, 288, 718, 21, 30, 0.037410713732242584
0, 426, 338, 36, 26, 0.03672662749886513
0, 292, 896, 31, 46, 0.03651798516511917
0, 293, 444, 31, 32, 0.0338808037340641
0, 297, 907, 18, 22, 0.03387904167175293
0, 428, 377, 83, 72, 0.03383563086390495
0, 179, 487, 73, 58, 0.03180396929383278
0, 432, 332, 57, 43, 0.0306454636156559
0, 412, 825, 16, 20, 0.030013710260391235
0, 338, 404, 40, 57, 0.029831787571310997
0, 331, 480, 61, 34, 0.029753919690847397
0, 171, 534, 66, 37, 0.027892086654901505
0, 343, 734, 34, 21, 0.02759236842393875
0, 197, 716, 23, 22, 0.023882316425442696
0, 452, 316, 28, 19, 0.023790625855326653
0, 345, 902, 87, 45, 0.023772170767188072
0, 504, 629, 94, 62, 0.0223406832665205
0, 343, 902, 29, 25, 0.022177334874868393
0, 418, 408, 73, 35, 0.02102455496788025
0, 330, 702, 56, 66, 0.020502736791968346
0, 324, 841, 26, 20, 0.01988881267607212
0, 316, 886, 42, 28, 0.01941179856657982
0, 154, 512, 42, 48, 0.01865535043179989
0, 364, 860, 16, 18, 0.01811697520315647
0, 319, 690, 33, 29, 0.0171786081045866
0, 389, 354, 36, 48, 0.01634579338133335
0, 316, 897, 80, 56, 0.01602744124829769
0, 301, 952, 21, 24, 0.01563199982047081
0, 332, 898, 52, 34, 0.01518250908702612
0, 393, 361, 28, 25, 0.014279269613325596
0, 442, 647, 71, 71, 0.014094854705035686
0, 146, 493, 83, 62, 0.01270381361246109
0, 503, 289, 67, 54, 0.012588647194206715
0, 333, 940, 19, 22, 0.012538649141788483
0, 373, 905, 26, 30, 0.01249485183507204
0, 145, 516, 85, 77, 0.012160343118011951
0, 370, 858, 28, 24, 0.012151307426393032
0, 428, 302, 75, 69, 0.012062584049999714
0, 345, 694, 18, 18, 0.01203096192330122
0, 513, 282, 27, 20, 0.011982130818068981
0, 437, 266, 15, 21, 0.011422360315918922
0, 316, 397, 69, 53, 0.01119192223995924
0, 467, 381, 14, 21, 0.01102803461253643
0, 159, 536, 41, 29, 0.0109749436378479
0, 441, 409, 29, 18, 0.010343819856643677
0, 382, 357, 201, 163, 0.009476931765675545
0, 187, 533, 44, 32, 0.009471539407968521
0, 389, 370, 60, 74, 0.009191661141812801
0, 455, 688, 47, 41, 0.0089159170165658
0, 428, 274, 34, 39, 0.008564814925193787
0, 512, 298, 23, 18, 0.008498657494783401
0, 373, 890, 18, 15, 0.00831826776266098
0, 339, 376, 87, 94, 0.00796161126345396
0, 468, 648, 78, 66, 0.007464143447577953
0, 336, 744, 31, 21, 0.0073536476120352745
0, 504, 232, 35, 21, 0.007328066509217024
0, 204, 501, 24, 27, 0.007131368387490511
0, 641, 583, 22, 25, 0.00700509874150157
0, 310, 685, 18, 28, 0.006750205066055059
0, 478, 204, 45, 24, 0.0066991085186600685
0, 318, 417, 78, 93, 0.006486791186034679
0, 450, 379, 39, 43, 0.006429189816117287
0, 199, 475, 26, 23, 0.0062151020392775536
0, 332, 903, 116, 94, 0.005672384984791279
0, 488, 270, 90, 79, 0.005521663464605808
0, 322, 847, 34, 33, 0.005384110379964113
0, 516, 290, 36, 33, 0.005258781835436821
0, 282, 728, 35, 46, 0.005024100188165903
0, 376, 895, 29, 26, 0.004658956080675125
0, 185, 509, 63, 47, 0.0045404681004583836
0, 295, 403, 20, 17, 0.004495707340538502
0, 415, 774, 22, 17, 0.004444780759513378
0, 296, 431, 52, 58, 0.004355604760348797
0, 338, 660, 25, 20, 0.004349927883595228
0, 468, 202, 26, 19, 0.004238879308104515
0, 329, 681, 58, 40, 0.004160224460065365
0, 303, 915, 53, 96, 0.003665684722363949
0, 368, 914, 41, 45, 0.003660135203972459
0, 475, 616, 86, 44, 0.003568431595340371
0, 480, 722, 11, 17, 0.0035029957070946693
0, 343, 670, 43, 40, 0.003355293069034815
0, 487, 768, 31, 65, 0.0033260423224419355
0, 320, 943, 46, 33, 0.003282268298789859
0, 416, 709, 15, 12, 0.0032059040386229753
0, 185, 467, 43, 30, 0.003166299546137452
0, 486, 751, 23, 31, 0.0030714645981788635
0, 238, 453, 15, 23, 0.002968386746942997
0, 392, 344, 58, 87, 0.0029328803066164255
0, 489, 205, 25, 19, 0.0029223477467894554
0, 386, 659, 15, 18, 0.0028914418071508408
0, 483, 356, 17, 27, 0.0028562473598867655
0, 377, 855, 21, 29, 0.0028423285111784935
0, 346, 450, 23, 19, 0.002716388087719679
0, 190, 473, 48, 53, 0.002601905260235071
0, 324, 747, 28, 17, 0.002597115933895111
0, 436, 258, 20, 38, 0.002530882600694895
0, 310, 858, 63, 57, 0.0024950492661446333
0, 472, 371, 43, 58, 0.0023001364897936583
0, 315, 389, 104, 109, 0.0022187773138284683
0, 174, 463, 44, 23, 0.0021862834692001343
0, 244, 462, 28, 46, 0.0021535963751375675
0, 485, 299, 59, 46, 0.0021337668877094984
0, 320, 723, 83, 51, 0.002109559252858162
0, 408, 444, 47, 32, 0.002086779335513711
0, 366, 410, 106, 71, 0.002069433918222785
0, 26, 124, 53, 245, 0.002027694135904312
0, 174, 532, 98, 58, 0.0019865173380821943
0, 341, 918, 51, 66, 0.0019252075580880046
0, 359, 348, 15, 17, 0.0019114281749352813
0, 402, 936, 16, 11, 0.0019062970532104373
0, 426, 705, 30, 17, 0.0017883528489619493
0, 356, 678, 11, 19, 0.0017746050143614411
0, 409, 854, 16, 12, 0.0017172227380797267
0, 437, 761, 18, 15, 0.0016459618927910924
0, 427, 802, 18, 15, 0.0015859855338931084
0, 359, 818, 12, 9, 0.0015617931494489312
0, 261, 450, 23, 26, 0.0015326980501413345
0, 433, 300, 120, 89, 0.001516198506578803
0, 433, 790, 33, 40, 0.001469281269237399
0, 500, 316, 19, 17, 0.0014616325497627258
0, 428, 698, 26, 24, 0.0014564408920705318
0, 419, 287, 48, 43, 0.0014191468944773078
0, 435, 346, 325, 209, 0.0013917469186708331
0, 243, 476, 21, 17, 0.0013687817845493555
0, 335, 709, 90, 87, 0.0013374309055507183
0, 405, 782, 83, 83, 0.0013264903100207448
0, 652, 578, 46, 38, 0.0013223163550719619
0, 250, 451, 42, 38, 0.0012985174544155598
0, 549, 720, 10, 12, 0.0012774335918948054
0, 442, 774, 16, 26, 0.0012556447181850672
0, 421, 634, 36, 30, 0.0011935243383049965
0, 316, 930, 21, 19, 0.0011309307301416993
0, 546, 202, 37, 25, 0.0011195041006430984
0, 377, 433, 29, 12, 0.001113490667194128
0, 338, 437, 67, 62, 0.0010996845085173845
0, 436, 242, 17, 20, 0.0010905421804636717
0, 384, 820, 76, 92, 0.00108613062184304
0, 422, 426, 107, 95, 0.0010667177848517895
0, 253, 449, 23, 32, 0.0010621206602081656
0, 168, 460, 28, 16, 0.0010248477337881923
0, 307, 924, 30, 23, 0.0010127732530236244
0, 215, 515, 33, 31, 0.0010102229425683618
0, 414, 716, 19, 27, 0.000997767667286098
0, 311, 692, 48, 41, 0.0009832334471866488
0, 318, 489, 69, 40, 0.0009763457928784192
0, 204, 451, 14, 17, 0.0009506443748250604
0, 335, 468, 80, 57, 0.0009483388857915998
0, 281, 444, 54, 42, 0.0009274220792576671
0, 318, 468, 81, 93, 0.0009150560363195837
0, 305, 710, 76, 78, 0.0008817329653538764
0, 512, 128, 29, 33, 0.0008696395088918507
0, 431, 774, 36, 34, 0.0008636926067993045
0, 46, 6, 92, 13, 0.0008348571718670428
0, 16, 382, 33, 261, 0.0008213361143134534
0, 200, 495, 59, 65, 0.0008186669438146055
0, 476, 192, 39, 21, 0.0008117812103591859
0, 531, 194, 44, 45, 0.000758717767894268
0, 464, 677, 53, 56, 0.0007430606638081372
0, 17, 194, 34, 314, 0.0007357778958976269
0, 16, 500, 33, 205, 0.0007259421399794519
0, 14, 49, 28, 96, 0.0007254282827489078
0, 453, 374, 86, 87, 0.0006771917105652392
0, 363, 439, 143, 58, 0.0006144719664007425
0, 339, 855, 77, 47, 0.0006095044664107263
0, 526, 157, 48, 61, 0.0006083353655412793
0, 459, 810, 14, 20, 0.0006045929621905088
0, 549, 193, 44, 42, 0.000593127275351435
0, 809, 1031, 5, 124, 0.0005922048585489392
0, 17, 603, 35, 229, 0.000576567486859858
0, 16, 10, 32, 20, 0.0005723594804294407
0, 501, 230, 63, 79, 0.0005713342106901109
0, 484, 813, 15, 15, 0.0005530092166736722
0, 459, 285, 189, 88, 0.0005502792191691697
0, 487, 789, 54, 66, 0.0005481118569150567
0, 30, 26, 61, 53, 0.0005388798890635371
0, 479, 199, 53, 48, 0.0005358653143048286
0, 480, 285, 355, 295, 0.0005240803002379835
0, 222, 471, 71, 74, 0.000486206728965044
0, 61, 84, 122, 168, 0.000484161835629493
0, 121, 486, 62, 69, 0.00047526316484436393
0, 269, 460, 89, 107, 0.0004655180382542312
0, 808, 457, 7, 146, 0.00045704288640990853
0, 96, 165, 193, 330, 0.00042958033736795187
0, 423, 643, 53, 64, 0.0004245784948579967
0, 369, 684, 129, 80, 0.0004099229408893734
0, 807, 370, 8, 129, 0.00040495337452739477
0, 430, 874, 18, 21, 0.00040397129487246275
0, 520, 194, 28, 33, 0.00037795829121023417
0, 808, 312, 7, 150, 0.00035773307899944484
0, 203, 467, 49, 49, 0.00035657253465615213
0, 267, 422, 16, 15, 0.0003310510073788464
0, 67, 17, 134, 35, 0.00031936675077304244
0, 484, 214, 75, 55, 0.0003161221102345735
0, 449, 773, 15, 23, 0.00029802380595356226
0, 809, 510, 5, 138, 0.0002945336455013603
0, 15, 24, 31, 48, 0.00028995343018323183
0, 293, 492, 63, 37, 0.00028517298051156104
0, 291, 955, 37, 25, 0.0002801385708153248
0, 494, 684, 22, 32, 0.00027945914189331234
0, 343, 731, 80, 60, 0.0002736196620389819
0, 371, 345, 46, 37, 0.0002724521327763796
0, 218, 447, 16, 15, 0.0002686400548554957
0, 808, 38, 7, 77, 0.0002626609639264643
0, 434, 270, 57, 88, 0.0002555935352575034
0, 452, 703, 56, 62, 0.00025546803954057395
0, 502, 207, 41, 20, 0.0002541779540479183
0, 477, 704, 27, 50, 0.00025012713740579784
0, 387, 669, 24, 37, 0.0002486775629222393
0, 509, 236, 89, 41, 0.0002480207185726613
0, 496, 653, 98, 91, 0.0002444396959617734
0, 809, 699, 4, 159, 0.00024020594719331712
0, 155, 411, 158, 319, 0.00022778190032113343
0, 190, 492, 127, 104, 0.00022403475304599851
0, 366, 670, 66, 50, 0.00022328602790366858
0, 364, 768, 166, 114, 0.0002214497362729162
0, 495, 723, 9, 15, 0.0002208677469752729
0, 267, 487, 14, 29, 0.00022045978403184563
0, 495, 756, 36, 32, 0.00021801848197355866
0, 286, 414, 100, 102, 0.00021402217680588365
0, 11, 667, 23, 303, 0.00020780085469596088
0, 809, 566, 5, 144, 0.0002070161426672712
0, 287, 847, 11, 11, 0.00020695652347058058
0, 808, 204, 6, 152, 0.00020681036403402686
0, 808, 261, 7, 152, 0.00020561297424137592
0, 14, 1015, 29, 167, 0.00020132717327214777
0, 108, 34, 217, 68, 0.00019714064546860754
0, 297, 498, 24, 18, 0.00019709535990841687
0, 450, 266, 44, 75, 0.00019532909209374338
0, 371, 366, 86, 108, 0.00018864379671867937
0, 810, 959, 3, 168, 0.00018250977154821157
0, 372, 847, 40, 50, 0.00018139163148589432
0, 402, 841, 41, 50, 0.0001798905577743426
0, 517, 278, 111, 99, 0.0001764745102263987
0, 439, 752, 16, 15, 0.00017109843611251563
0, 491, 738, 15, 14, 0.00016870356921572238
0, 171, 761, 18, 20, 0.00016823130135890096
0, 481, 350, 39, 48, 0.00016655396029818803
0, 12, 106, 25, 212, 0.00016244199650827795
0, 429, 787, 70, 76, 0.00015928676293697208
0, 412, 837, 24, 43, 0.00015904409519862384
0, 245, 503, 13, 16, 0.0001540991070214659
0, 244, 448, 376, 240, 0.0001522069505881518
0, 224, 512, 27, 29, 0.00014948591706342995
0, 423, 671, 91, 53, 0.00014519233081955463
0, 786, 445, 51, 188, 0.00014512507186736912
0, 526, 220, 66, 27, 0.00014205736806616187
0, 484, 333, 74, 70, 0.0001405842340318486
0, 809, 648, 5, 132, 0.000140462041599676
0, 795, 1008, 32, 179, 0.0001393891725456342
0, 808, 150, 6, 150, 0.00013300032878760248
0, 491, 247, 82, 59, 0.0001299081341130659
0, 804, 71, 15, 139, 0.00012840342242270708
0, 311, 951, 54, 39, 0.00012618089385796338
0, 809, 903, 4, 150, 0.00012612376303877681
0, 443, 783, 30, 54, 0.00012503049219958484
0, 18, 893, 37, 286, 0.00012489667278714478
0, 414, 821, 31, 31, 0.0001248001353815198
0, 785, 530, 53, 325, 0.0001245307648787275
0, 391, 861, 82, 46, 0.0001233192888321355
0, 375, 426, 157, 145, 0.00012267469719517976
0, 148, 536, 127, 84, 0.00012073492689523846
0, 462, 805, 19, 24, 0.0001185401706607081
0, 487, 705, 34, 51, 0.00011817201448138803
