0, 282, 449, 56, 41, 0.759037435054779
0, 238, 608, 53, 44, 0.6757311224937439
0, 213, 767, 55, 52, 0.6403968334197998
0, 233, 613, 70, 73, 0.44411954283714294
0, 242, 544, 102, 82, 0.36438894271850586
0, 248, 382, 31, 58, 0.300578773021698
0, 165, 730, 40, 43, 0.23988763988018036
0, 228, 332, 106, 161, 0.2133694440126419
0, 233, 523, 74, 47, 0.19769015908241272
0, 181, 801, 47, 48, 0.17207728326320648
0, 183, 657, 42, 19, 0.16812589764595032
0, 248, 326, 37, 40, 0.16571275889873505
0, 256, 540, 64, 59, 0.147201269865036
0, 241, 691, 15, 29, 0.14594489336013794
0, 268, 564, 48, 38, 0.1414746791124344
0, 212, 682, 21, 20, 0.11882847547531128
0, 269, 573, 38, 19, 0.11527454853057861
0, 287, 526, 31, 28, 0.10774541646242142
0, 204, 637, 43, 25, 0.10659530758857727
0, 182, 587, 19, 17, 0.09655527770519257
0, 232, 315, 73, 64, 0.08743138611316681
0, 235, 292, 74, 56, 0.07568952441215515
0, 212, 278, 62, 32, 0.07353635877370834
0, 226, 240, 59, 50, 0.07247979193925858
0, 232, 695, 36, 42, 0.06510911136865616
0, 237, 377, 55, 68, 0.06250230222940445
0, 272, 361, 35, 30, 0.06188410893082619
0, 200, 723, 16, 28, 0.057769276201725006
0, 195, 753, 97, 92, 0.05559428781270981
0, 194, 650, 64, 36, 0.04567446932196617
0, 239, 572, 117, 146, 0.045458607375621796
0, 247, 529, 41, 32, 0.04175970330834389
0, 242, 477, 28, 20, 0.039612941443920135
0, 257, 677, 20, 17, 0.038760073482990265
0, 262, 555, 45, 22, 0.036667242646217346
0, 253, 640, 33, 19, 0.03518213704228401
0, 218, 586, 36, 38, 0.03339802846312523
0, 183, 794, 34, 30, 0.03145070746541023
0, 223, 706, 14, 18, 0.03068355843424797
0, 244, 285, 41, 30, 0.029817091301083565
0, 275, 529, 56, 37, 0.027444880455732346
0, 256, 710, 12, 17, 0.01834651082754135
0, 251, 692, 34, 55, 0.018123043701052666
0, 242, 472, 41, 32, 0.01741866208612919
0, 237, 693, 69, 55, 0.01685674674808979
0, 220, 574, 38, 19, 0.016619857400655746
0, 227, 599, 50, 44, 0.01562286727130413
0, 203, 720, 25, 38, 0.015059338882565498
0, 214, 305, 24, 23, 0.01481588277965784
0, 233, 251, 66, 30, 0.01473899744451046
0, 260, 380, 59, 66, 0.014494476839900017
0, 243, 571, 89, 58, 0.014456077478826046
0, 233, 282, 119, 134, 0.014314050786197186
0, 293, 385, 19, 24, 0.01290368102490902
0, 258, 345, 65, 90, 0.012196925468742847
0, 202, 292, 46, 66, 0.011704823933541775
0, 269, 362, 61, 71, 0.011667391285300255
0, 208, 565, 18, 9, 0.011546301655471325
0, 185, 580, 25, 34, 0.011043799109756947
0, 219, 359, 62, 79, 0.010110439732670784
0, 199, 553, 30, 16, 0.010033349506556988
0, 207, 339, 45, 53, 0.009714906103909016
0, 251, 321, 194, 197, 0.009632492437958717
0, 279, 374, 44, 47, 0.009567691944539547
0, 214, 350, 27, 29, 0.00924015138298273
0, 198, 783, 90, 98, 0.009082620963454247
0, 158, 691, 18, 19, 0.00908259954303503
0, 245, 662, 18, 17, 0.008887541480362415
0, 191, 320, 12, 16, 0.008385063149034977
0, 178, 823, 45, 28, 0.008349372074007988
0, 217, 713, 35, 32, 0.007820249535143375
0, 239, 250, 24, 25, 0.00765368202701211
0, 236, 636, 68, 29, 0.007475725375115871
0, 218, 684, 45, 31, 0.007451443932950497
0, 232, 450, 13, 16, 0.0072553763166069984
0, 249, 460, 63, 52, 0.007154719438403845
0, 206, 557, 48, 27, 0.006835197098553181
0, 247, 276, 50, 38, 0.006267166696488857
0, 210, 516, 26, 23, 0.0059286318719387054
0, 212, 328, 30, 28, 0.005767968948930502
0, 164, 701, 38, 43, 0.005595316179096699
0, 220, 266, 79, 54, 0.0055464101023972034
0, 211, 396, 42, 50, 0.005477951839566231
0, 202, 395, 14, 21, 0.0054700737819075584
0, 258, 304, 65, 85, 0.005258284974843264
0, 254, 618, 59, 47, 0.005230975337326527
0, 252, 668, 36, 31, 0.0051959180273115635
0, 262, 704, 30, 32, 0.005182261113077402
0, 196, 669, 70, 53, 0.005156550090759993
0, 206, 595, 70, 43, 0.005034646485000849
0, 206, 581, 65, 44, 0.005033048801124096
0, 199, 349, 32, 29, 0.004993184003978968
0, 206, 310, 45, 43, 0.004561958834528923
0, 207, 311, 58, 117, 0.004489004611968994
0, 210, 712, 38, 50, 0.004433893598616123
0, 280, 293, 19, 21, 0.004428727086633444
0, 281, 286, 21, 43, 0.004158634692430496
0, 279, 603, 12, 18, 0.004056267440319061
0, 268, 400, 80, 96, 0.0036983429454267025
0, 278, 503, 9, 13, 0.0036801607348024845
0, 191, 566, 25, 17, 0.0035377952735871077
0, 237, 258, 73, 89, 0.0034292112104594707
0, 254, 258, 27, 21, 0.003399678971618414
0, 250, 507, 41, 24, 0.0030403072014451027
0, 262, 503, 21, 20, 0.0029252099338918924
0, 171, 710, 56, 74, 0.00284258252941072
0, 227, 231, 81, 73, 0.002525778952986002
0, 177, 796, 61, 82, 0.0023062890395522118
0, 240, 228, 25, 23, 0.002271017525345087
0, 239, 457, 36, 44, 0.0022114631719887257
0, 194, 607, 24, 17, 0.0022000628523528576
0, 231, 451, 34, 34, 0.002174123888835311
0, 202, 679, 45, 29, 0.0021106465719640255
0, 239, 666, 52, 89, 0.002020499901846051
0, 224, 513, 53, 28, 0.0019644165877252817
0, 190, 317, 18, 34, 0.0018794663483276963
0, 197, 636, 66, 44, 0.0018526791827753186
0, 280, 542, 51, 66, 0.0018237056210637093
0, 163, 691, 34, 22, 0.0017043475527316332
0, 31, 8, 63, 17, 0.0016926182433962822
0, 169, 740, 63, 65, 0.0016773040406405926
0, 233, 188, 36, 18, 0.001652942388318479
0, 294, 332, 14, 17, 0.0015274283941835165
0, 197, 332, 34, 70, 0.0014956744853407145
0, 281, 279, 15, 31, 0.001475163851864636
0, 212, 538, 67, 69, 0.0014604192692786455
0, 45, 145, 90, 269, 0.0013226885348558426
0, 97, 777, 31, 25, 0.0013216497609391809
0, 16, 12, 33, 25, 0.0013096255715936422
0, 235, 201, 35, 33, 0.0012754889903590083
0, 422, 11, 7, 22, 0.0012128610396757722
0, 205, 369, 36, 77, 0.0011048433370888233
0, 222, 677, 118, 65, 0.0009992222767323256
0, 283, 337, 39, 29, 0.0009662045631557703
0, 254, 499, 60, 35, 0.000934648618567735
0, 229, 223, 49, 63, 0.0008626135531812906
0, 27, 28, 55, 56, 0.0008407250861637294
0, 252, 649, 65, 105, 0.0008068060269579291
0, 234, 736, 14, 13, 0.0007883169455453753
0, 239, 209, 30, 24, 0.0007822373881936073
0, 213, 522, 40, 39, 0.0007626296137459576
0, 63, 6, 127, 12, 0.0007385305943898857
0, 14, 46, 29, 91, 0.0007331534870900214
0, 271, 510, 77, 78, 0.0007216136436909437
0, 232, 472, 67, 79, 0.0007144595147110522
0, 303, 474, 12, 14, 0.0007134253974072635
0, 216, 738, 53, 74, 0.0007076548063196242
0, 99, 116, 199, 232, 0.0007023513899184763
0, 271, 436, 82, 61, 0.0006950889946892858
0, 421, 30, 9, 61, 0.0006928208749741316
0, 250, 478, 51, 28, 0.0006580875487998128
0, 51, 19, 102, 38, 0.0006150499684736133
0, 249, 419, 20, 11, 0.0005937135429121554
0, 230, 189, 46, 33, 0.0005927853635512292
0, 68, 43, 136, 86, 0.0005854861228726804
0, 234, 414, 91, 90, 0.000552469224203378
0, 14, 104, 29, 208, 0.0005430064629763365
0, 213, 729, 141, 137, 0.0005108185578137636
0, 185, 590, 31, 36, 0.0005083284922875464
0, 252, 365, 118, 87, 0.00047838204773142934
0, 280, 289, 30, 77, 0.0004515858308877796
0, 197, 605, 65, 92, 0.00044934265315532684
0, 253, 438, 63, 42, 0.0004493231244850904
0, 26, 486, 52, 255, 0.00043649954022839665
0, 272, 482, 68, 28, 0.0004330902884248644
0, 251, 489, 77, 62, 0.00043130145058967173
0, 5, 36, 11, 73, 0.0004250237252563238
0, 179, 677, 74, 63, 0.0004191093903500587
0, 398, 550, 55, 361, 0.0004128923756070435
0, 136, 181, 273, 358, 0.0004099883954040706
0, 223, 737, 46, 18, 0.00039075210224837065
0, 420, 52, 11, 101, 0.000387477979529649
0, 118, 27, 237, 54, 0.00034200589288957417
0, 411, 6, 29, 13, 0.0003249435103498399
0, 404, 389, 43, 300, 0.0003224761749152094
0, 42, 297, 84, 234, 0.0003202784282620996
0, 403, 34, 45, 68, 0.00031090943957678974
0, 35, 397, 70, 242, 0.0002962091821245849
0, 20, 165, 40, 330, 0.00027821576804853976
0, 422, 376, 7, 115, 0.00026397043257020414
0, 207, 355, 60, 120, 0.0002532085054554045
0, 265, 428, 58, 17, 0.00025048296083696187
0, 416, 345, 19, 88, 0.00025015859864652157
0, 410, 337, 15, 29, 0.00024573307018727064
0, 289, 324, 25, 32, 0.0002371843729633838
0, 410, 17, 31, 34, 0.00023627003247383982
0, 263, 613, 66, 78, 0.00023090816102921963
0, 287, 563, 223, 183, 0.0002287855022586882
0, 422, 631, 6, 110, 0.00022696370433550328
0, 250, 409, 128, 129, 0.0002262690686620772
0, 13, 516, 27, 320, 0.00021819608809892088
0, 422, 561, 6, 117, 0.0002074083313345909
0, 367, 8, 111, 15, 0.0001968898723134771
0, 23, 585, 47, 214, 0.00019330660870764405
0, 236, 434, 44, 22, 0.0001929335412569344
0, 422, 508, 6, 111, 0.00019239180255681276
0, 13, 382, 27, 323, 0.0001864951482275501
0, 229, 452, 60, 42, 0.00018495712720323354
0, 423, 425, 5, 120, 0.00018377213564235717
0, 422, 77, 6, 111, 0.000182712625246495
0, 422, 766, 7, 114, 0.00017857957573141903
0, 396, 18, 58, 36, 0.0001781426544766873
0, 244, 317, 129, 87, 0.00017361795471515507
0, 422, 667, 6, 114, 0.00017093274800572544
0, 229, 712, 85, 81, 0.00017056625802069902
0, 424, 345, 3, 132, 0.00016993882309179753
0, 16, 279, 32, 349, 0.0001697278203209862
0, 403, 292, 45, 250, 0.00016634985513519496
0, 422, 289, 6, 125, 0.00016399753803852946
0, 278, 591, 33, 78, 0.00016156074707396328
0, 230, 498, 79, 110, 0.00016135106852743775
0, 423, 475, 5, 117, 0.00015999504830688238
0, 387, 44, 76, 87, 0.00015960466407705098
0, 7, 885, 15, 158, 0.00015458902635145932
0, 67, 221, 134, 370, 0.00015191521379165351
0, 418, 383, 14, 148, 0.00015072067617438734
0, 300, 480, 21, 27, 0.000150647247210145
0, 421, 944, 8, 46, 0.0001448315888410434
0, 421, 913, 9, 102, 0.0001420738990418613
0, 401, 816, 49, 120, 0.00013757878332398832
0, 422, 703, 7, 115, 0.00013707437028642744
0, 24, 673, 48, 192, 0.00013049475091975182
0, 280, 613, 26, 42, 0.0001298067218158394
0, 10, 691, 21, 207, 0.00012966495705768466
0, 230, 430, 202, 365, 0.0001273609377676621
0, 279, 231, 293, 344, 0.00011968517355853692
0, 416, 288, 19, 148, 0.00011858934158226475
0, 25, 56, 51, 113, 0.00010754700633697212
0, 423, 246, 5, 111, 0.00010727527842391282
0, 363, 21, 124, 42, 0.00010153616312891245
0, 384, 706, 83, 313, 0.0001002834178507328
0, 421, 846, 9, 108, 9.986048826249316e-05
0, 19, 757, 38, 192, 9.759946260601282e-05
0, 259, 675, 45, 48, 9.20467937248759e-05
0, 11, 622, 22, 217, 9.027746273204684e-05
0, 409, 61, 33, 123, 8.927983435569331e-05
0, 8, 741, 16, 189, 8.919457468437031e-05
0, 412, 359, 27, 128, 8.559933485230431e-05
0, 40, 941, 81, 51, 8.413239993387833e-05
0, 191, 660, 105, 90, 8.335260645253584e-05
0, 65, 438, 130, 354, 8.271251863334328e-05
0, 422, 124, 6, 110, 8.246569632319734e-05
0, 178, 262, 232, 323, 7.848929817555472e-05
0, 360, 717, 131, 448, 7.749642099952325e-05
0, 422, 199, 6, 105, 7.716965046711266e-05
0, 314, 477, 14, 13, 7.408627425320446e-05
0, 222, 184, 40, 23, 7.26354046491906e-05
0, 421, 804, 9, 112, 6.914859841344878e-05
0, 2, 132, 5, 176, 6.832962390035391e-05
0, 399, 210, 52, 272, 6.797140667913482e-05
0, 401, 767, 48, 140, 6.77134667057544e-05
0, 199, 564, 65, 89, 6.768634921172634e-05
0, 155, 395, 310, 380, 6.641171057708561e-05
0, 419, 482, 12, 208, 6.380431295838207e-05
0, 422, 161, 6, 106, 6.290455348789692e-05
0, 7, 822, 15, 183, 6.082875916035846e-05
0, 138, 736, 11, 14, 5.821888044010848e-05
0, 156, 80, 312, 160, 5.742712164646946e-05
0, 246, 519, 126, 78, 5.2326216973597184e-05
0, 200, 684, 167, 194, 5.138387132319622e-05
0, 419, 555, 12, 225, 4.656361124943942e-05
0, 281, 484, 82, 89, 4.544404146145098e-05
0, 278, 594, 294, 398, 4.5390381274046376e-05
0, 407, 355, 35, 78, 4.514397733146325e-05
0, 267, 353, 316, 343, 4.4913340389030054e-05
0, 403, 722, 45, 135, 4.4326316128717735e-05
0, 101, 793, 48, 63, 4.255277235643007e-05
0, 2, 902, 4, 125, 4.216265006107278e-05
0, 208, 779, 30, 33, 3.777102756430395e-05
0, 174, 767, 71, 123, 3.7576231989078224e-05
0, 255, 253, 103, 158, 3.7506491935346276e-05
0, 199, 589, 194, 208, 3.6163237382424995e-05
0, 262, 691, 38, 59, 3.503821790218353e-05
0, 148, 754, 139, 122, 3.396131069166586e-05
0, 401, 890, 49, 128, 3.3846758014988154e-05
0, 189, 300, 44, 114, 3.2855343306437135e-05
0, 2, 191, 5, 175, 3.25901601172518e-05
0, 60, 568, 120, 303, 3.249711517128162e-05
0, 326, 15, 174, 30, 3.21504267049022e-05
0, 134, 520, 255, 341, 3.182636646670289e-05
0, 404, 678, 42, 142, 3.139242107863538e-05
0, 410, 430, 30, 160, 3.0423268981394358e-05
0, 20, 830, 40, 208, 2.9519826057367027e-05
0, 27, 129, 54, 147, 2.8989377824473195e-05
0, 176, 819, 57, 51, 2.8648808438447304e-05
0, 404, 618, 42, 138, 2.7594101993599907e-05
0, 405, 100, 41, 129, 2.7554524422157556e-05
0, 246, 623, 188, 219, 2.7311773010296747e-05
0, 10, 151, 21, 209, 2.5940082196029834e-05
0, 405, 234, 41, 141, 2.496054003131576e-05
0, 404, 561, 42, 148, 2.4857021344359964e-05
0, 2, 261, 4, 172, 2.4371465769945644e-05
