0, 92, 139, 34, 34, 0.5288714170455933
0, 320, 246, 31, 28, 0.5277179479598999
0, 142, 100, 43, 27, 0.41398534178733826
0, 196, 164, 21, 21, 0.2402416169643402
0, 207, 140, 50, 25, 0.224502295255661
0, 273, 196, 23, 24, 0.1983661949634552
0, 267, 192, 38, 34, 0.14564232528209686
0, 245, 152, 15, 16, 0.14342714846134186
0, 691, 580, 18, 31, 0.11679365485906601
0, 684, 650, 30, 48, 0.11464307457208633
0, 543, 389, 13, 15, 0.11072706431150436
0, 149, 105, 60, 41, 0.1057702824473381
0, 722, 594, 27, 28, 0.10322996973991394
0, 727, 587, 38, 45, 0.09520192444324493
0, 345, 219, 19, 25, 0.08165483176708221
0, 260, 154, 18, 16, 0.07985933870077133
0, 366, 263, 23, 18, 0.07229193300008774
0, 179, 120, 124, 71, 0.06574544310569763
0, 168, 117, 16, 14, 0.06452948600053787
0, 686, 636, 22, 25, 0.05861341208219528
0, 599, 402, 12, 20, 0.05656798183917999
0, 165, 110, 22, 28, 0.055020444095134735
0, 687, 656, 17, 30, 0.053596045821905136
0, 372, 262, 17, 16, 0.052612949162721634
0, 255, 180, 12, 12, 0.04907616972923279
0, 377, 267, 40, 26, 0.04386534169316292
0, 723, 579, 23, 26, 0.043851304799318314
0, 688, 644, 16, 22, 0.0421740785241127
0, 189, 139, 20, 18, 0.04110180586576462
0, 226, 173, 16, 10, 0.03643190860748291
0, 197, 134, 88, 48, 0.028940502554178238
0, 239, 147, 26, 24, 0.02822127379477024
0, 120, 164, 13, 14, 0.02434454672038555
0, 696, 614, 16, 17, 0.022938057780265808
0, 254, 158, 34, 35, 0.02209954522550106
0, 289, 190, 13, 14, 0.017422743141651154
0, 564, 413, 13, 16, 0.016986949369311333
0, 746, 666, 22, 17, 0.016432955861091614
0, 694, 595, 20, 45, 0.014221609570086002
0, 347, 338, 18, 15, 0.014190811663866043
0, 250, 150, 37, 25, 0.012863324023783207
0, 710, 659, 13, 13, 0.012744324281811714
0, 351, 226, 48, 46, 0.012410721741616726
0, 551, 389, 12, 17, 0.01118173636496067
0, 218, 142, 73, 40, 0.010869879275560379
0, 579, 382, 9, 12, 0.010768866166472435
0, 255, 178, 24, 21, 0.009922032244503498
0, 711, 678, 9, 11, 0.009769629687070847
0, 626, 449, 14, 11, 0.00972894486039877
0, 330, 227, 45, 44, 0.008866941556334496
0, 714, 621, 13, 9, 0.008849667385220528
0, 807, 667, 16, 11, 0.006924963556230068
0, 798, 665, 20, 14, 0.0065143657848238945
0, 296, 191, 22, 15, 0.005817706231027842
0, 747, 509, 13, 13, 0.00576882204040885
0, 700, 588, 46, 49, 0.005166711285710335
0, 739, 659, 13, 20, 0.004733584821224213
0, 698, 663, 20, 24, 0.004207662772387266
0, 366, 235, 16, 13, 0.00372188538312912
0, 739, 509, 14, 12, 0.003686243202537298
0, 542, 366, 15, 13, 0.0036401418037712574
0, 366, 253, 23, 21, 0.003592713037505746
0, 692, 545, 13, 13, 0.0035269225481897593
0, 370, 261, 56, 42, 0.0035117054358124733
0, 722, 602, 50, 55, 0.0033907515462487936
0, 706, 677, 24, 15, 0.00321511784568429
0, 716, 618, 25, 17, 0.0031936594750732183
0, 707, 526, 10, 8, 0.0031020303722471
0, 366, 259, 33, 31, 0.0028990088030695915
0, 542, 372, 21, 36, 0.0028582836966961622
0, 191, 151, 43, 60, 0.002568089170381427
0, 350, 251, 14, 17, 0.002465068595483899
0, 294, 223, 13, 10, 0.0024569504894316196
0, 271, 181, 79, 56, 0.0019264293368905783
0, 183, 130, 45, 27, 0.001922612776979804
0, 545, 400, 25, 38, 0.0017877289792522788
0, 334, 248, 45, 30, 0.0017786937532946467
0, 123, 79, 9, 11, 0.0017599527491256595
0, 384, 272, 29, 24, 0.0017548933392390609
0, 521, 382, 10, 9, 0.001660980167798698
0, 726, 561, 14, 11, 0.0015712641179561615
0, 219, 176, 38, 19, 0.001508078770712018
0, 715, 630, 14, 18, 0.0014436878263950348
0, 695, 626, 34, 21, 0.0013964108657091856
0, 694, 665, 46, 27, 0.001379312016069889
0, 159, 119, 45, 38, 0.0013541191583499312
0, 319, 233, 30, 25, 0.0013363715261220932
0, 546, 411, 22, 18, 0.001282924204133451
0, 167, 117, 65, 66, 0.0012449921341612935
0, 235, 187, 20, 14, 0.00123320403508842
0, 718, 577, 56, 63, 0.001204148749820888
0, 546, 387, 25, 22, 0.001135660451836884
0, 250, 196, 48, 21, 0.0011042020050808787
0, 578, 426, 10, 8, 0.0010962041560560465
0, 305, 216, 12, 15, 0.0010948501294478774
0, 552, 407, 13, 14, 0.001063650124706328
0, 717, 658, 20, 18, 0.0010440771002322435
0, 288, 185, 29, 29, 0.0010198967065662146
0, 300, 195, 16, 14, 0.0009860153077170253
0, 688, 586, 29, 43, 0.0009620970813557506
0, 600, 410, 13, 14, 0.0009040770819410682
0, 744, 516, 22, 24, 0.0008908516610972583
0, 694, 567, 32, 56, 0.0008892551413737237
0, 690, 554, 19, 21, 0.0008662310428917408
0, 551, 397, 50, 54, 0.0008580118301324546
0, 534, 368, 35, 24, 0.0008404723485000432
0, 535, 386, 38, 23, 0.0008401200757361948
0, 730, 562, 18, 16, 0.0008260104805231094
0, 798, 662, 29, 22, 0.000817052205093205
0, 709, 641, 19, 32, 0.000801408663392067
0, 733, 548, 12, 14, 0.000785979675129056
0, 356, 242, 52, 63, 0.0007844667416065931
0, 263, 164, 44, 21, 0.0007697578985244036
0, 122, 115, 109, 71, 0.0007194482604973018
0, 519, 368, 11, 11, 0.0006764343706890941
0, 784, 654, 15, 9, 0.000669201195705682
0, 16, 629, 10, 10, 0.0006472600507549942
0, 275, 203, 52, 52, 0.0006102886400185525
0, 716, 633, 19, 28, 0.0005895492504350841
0, 543, 380, 39, 49, 0.0005523728323169053
0, 576, 404, 12, 14, 0.000551905483007431
0, 212, 162, 144, 98, 0.0005514314980246127
0, 575, 840, 114, 3, 0.0005507129244506359
0, 306, 221, 26, 16, 0.0005407417193055153
0, 715, 664, 30, 29, 0.0005333233857527375
0, 786, 687, 26, 12, 0.0005178909050300717
0, 603, 424, 12, 12, 0.0005028342129662633
0, 698, 544, 28, 25, 0.0004986083367839456
0, 522, 369, 25, 28, 0.0004857953463215381
0, 312, 218, 19, 22, 0.0004826281510759145
0, 234, 179, 33, 24, 0.0004802766488865018
0, 297, 210, 30, 29, 0.00047222382272593677
0, 528, 840, 108, 3, 0.00047005355008877814
0, 258, 169, 59, 59, 0.0004649413167499006
0, 257, 196, 65, 43, 0.00046477027353830636
0, 232, 153, 89, 65, 0.0004574927152134478
0, 342, 216, 34, 38, 0.00044867879478260875
0, 522, 360, 13, 12, 0.0004470944113563746
0, 347, 254, 86, 48, 0.0004362909239716828
0, 189, 165, 40, 31, 0.0004302153247408569
0, 887, 8, 138, 16, 0.00041960488306358457
0, 727, 551, 15, 19, 0.00039951520739123225
0, 875, 839, 121, 4, 0.000398292817408219
0, 55, 838, 110, 6, 0.00038411226705648005
0, 480, 840, 116, 3, 0.0003824446757789701
0, 570, 412, 23, 22, 0.00036308070411905646
0, 528, 360, 16, 12, 0.00033953864476643503
0, 32, 4, 65, 8, 0.00033818907104432583
0, 12, 840, 24, 2, 0.00032511362223885953
0, 563, 392, 13, 23, 0.0003205460379831493
0, 701, 647, 60, 54, 0.0003070613893214613
0, 615, 840, 105, 3, 0.0002797523629851639
0, 28, 840, 55, 2, 0.00025547388941049576
0, 214, 170, 67, 41, 0.0002509990881662816
0, 433, 840, 99, 3, 0.00023216161935124546
0, 717, 659, 47, 29, 0.00023151110508479178
0, 100, 146, 58, 48, 0.00022438063751906157
0, 949, 27, 13, 55, 0.0002186809288104996
0, 791, 684, 36, 17, 0.00021829262550454587
0, 699, 543, 34, 46, 0.00021201185882091522
0, 708, 548, 16, 16, 0.00021052906231489033
0, 759, 520, 23, 13, 0.00021047386690042913
0, 335, 212, 19, 29, 0.00020517232769634575
0, 583, 399, 55, 50, 0.00020244209736119956
0, 138, 93, 76, 58, 0.00020237764692865312
0, 771, 668, 8, 10, 0.00019293336663395166
0, 943, 15, 26, 31, 0.00019129975407849997
0, 398, 840, 111, 3, 0.00019110669381916523
0, 738, 629, 11, 16, 0.00018295564223080873
0, 313, 248, 56, 36, 0.00018254145106766373
0, 289, 840, 119, 3, 0.00016836691065691411
0, 300, 224, 77, 64, 0.00016778723511379212
0, 796, 667, 44, 19, 0.00016640839749015868
0, 297, 191, 43, 25, 0.00016436965961474925
0, 63, 4, 122, 8, 0.00016370507364626974
0, 608, 443, 13, 16, 0.0001615821529412642
0, 607, 435, 27, 29, 0.00016054367006290704
0, 730, 665, 29, 24, 0.0001592714397702366
0, 228, 840, 122, 3, 0.00015792941849213094
0, 820, 14, 271, 28, 0.00014857403584755957
0, 348, 840, 120, 3, 0.00013385314377956092
0, 678, 840, 91, 3, 0.0001314737310167402
0, 181, 840, 121, 3, 0.00013118919741827995
0, 102, 14, 200, 28, 0.00013050707639195025
0, 321, 214, 70, 64, 0.0001285543548874557
0, 614, 441, 12, 15, 0.00012737188080791384
0, 851, 3, 202, 7, 0.00012635848543141037
0, 635, 13, 306, 26, 0.00012223879457451403
0, 684, 637, 46, 60, 0.00011980666022282094
0, 16, 1, 32, 2, 0.00011947775783482939
0, 133, 840, 121, 3, 0.00011335439921822399
0, 794, 678, 43, 24, 0.00011323535727569833
0, 951, 48, 10, 88, 0.00011017546785296872
0, 567, 384, 9, 15, 0.00010950429714284837
0, 952, 297, 7, 81, 0.00010835600551217794
0, 295, 197, 55, 74, 0.00010505794489290565
0, 831, 840, 107, 3, 0.00010366424976382405
0, 586, 407, 30, 22, 0.00010271117207594216
0, 941, 1, 29, 3, 0.0001026612299028784
0, 741, 525, 21, 34, 9.97694005491212e-05
0, 747, 522, 45, 40, 9.868383494904265e-05
0, 647, 840, 81, 3, 9.730423334985971e-05
0, 364, 232, 86, 78, 9.485047485213727e-05
0, 608, 423, 21, 48, 9.412542567588389e-05
0, 712, 633, 75, 79, 9.383837459608912e-05
0, 611, 416, 42, 58, 9.318244701717049e-05
0, 17, 16, 34, 33, 9.205391688738018e-05
0, 522, 4, 275, 8, 9.196371684083715e-05
0, 634, 4, 295, 8, 9.083720215130597e-05
0, 5, 21, 11, 42, 8.892671030480415e-05
0, 239, 12, 322, 25, 8.218974835472181e-05
0, 604, 405, 28, 30, 8.160542347468436e-05
0, 614, 445, 26, 15, 8.078023529378697e-05
0, 22, 8, 43, 17, 8.044760033953935e-05
0, 599, 414, 42, 48, 8.001059904927388e-05
0, 600, 428, 25, 22, 7.994386396603659e-05
0, 707, 532, 11, 12, 7.570813613710925e-05
0, 581, 825, 162, 32, 7.435288716806099e-05
0, 751, 670, 24, 25, 7.172949699452147e-05
0, 194, 179, 38, 55, 7.172559708124027e-05
0, 952, 282, 7, 26, 7.138544606277719e-05
0, 715, 689, 13, 11, 7.126329001039267e-05
0, 932, 21, 47, 42, 7.060162170091644e-05
0, 537, 822, 139, 39, 6.941776518942788e-05
0, 14, 516, 29, 238, 6.89867083565332e-05
0, 926, 250, 59, 275, 6.893311365274712e-05
0, 733, 645, 23, 25, 6.872301310067996e-05
0, 556, 411, 40, 38, 6.64229883113876e-05
0, 419, 4, 292, 8, 6.598937034141272e-05
0, 696, 552, 51, 51, 6.526915240101516e-05
0, 9, 635, 19, 35, 6.481816672021523e-05
0, 11, 581, 22, 149, 6.097971345297992e-05
0, 952, 262, 7, 103, 6.0542708524735644e-05
0, 947, 254, 18, 106, 6.02491527388338e-05
0, 584, 395, 32, 40, 5.9976224292768165e-05
0, 349, 12, 296, 25, 5.986565520288423e-05
0, 664, 825, 100, 32, 5.95037272432819e-05
0, 863, 825, 187, 32, 5.807238630950451e-05
0, 763, 4, 318, 8, 5.741310087614693e-05
0, 947, 304, 18, 109, 5.6745611800579354e-05
0, 189, 4, 235, 8, 5.612734821625054e-05
0, 270, 237, 9, 7, 5.451529796118848e-05
0, 626, 457, 15, 24, 5.420333764050156e-05
0, 620, 435, 24, 28, 5.3214804211165756e-05
0, 115, 78, 21, 15, 5.274589784676209e-05
0, 488, 825, 156, 32, 5.2633698942372575e-05
0, 952, 100, 7, 96, 5.20280736964196e-05
0, 585, 386, 15, 15, 5.138249616720714e-05
0, 739, 546, 19, 14, 4.912159783998504e-05
0, 952, 219, 7, 97, 4.887996692559682e-05
0, 566, 422, 19, 34, 4.8396199417766184e-05
0, 270, 211, 85, 89, 4.7926132538123056e-05
0, 737, 510, 31, 16, 4.6922799811000004e-05
0, 490, 12, 309, 25, 4.596373764798045e-05
0, 716, 571, 79, 110, 4.590578828356229e-05
0, 952, 183, 7, 97, 4.526502380031161e-05
0, 729, 659, 59, 40, 4.517041816143319e-05
0, 946, 209, 19, 111, 4.4878877815790474e-05
0, 704, 686, 22, 12, 4.354871271061711e-05
0, 952, 328, 7, 98, 4.3366326281102374e-05
0, 280, 4, 246, 8, 4.3187872506678104e-05
0, 784, 658, 25, 24, 4.270570570952259e-05
0, 712, 815, 160, 53, 4.20070173277054e-05
0, 791, 840, 67, 3, 4.18705130869057e-05
0, 181, 152, 198, 143, 4.132246976951137e-05
0, 925, 159, 62, 268, 4.117963180760853e-05
0, 930, 56, 52, 112, 4.08295018132776e-05
0, 17, 132, 35, 187, 3.990430923295207e-05
0, 787, 663, 54, 30, 3.975446816184558e-05
0, 12, 660, 23, 110, 3.9355760236503556e-05
0, 753, 516, 36, 19, 3.8906615372980013e-05
0, 913, 1, 84, 3, 3.879750147461891e-05
0, 372, 274, 53, 42, 3.8670579669997096e-05
0, 461, 2, 176, 5, 3.845698665827513e-05
0, 952, 136, 7, 94, 3.70870839105919e-05
0, 526, 372, 40, 38, 3.6545599868986756e-05
0, 12, 180, 25, 170, 3.611443753470667e-05
0, 343, 215, 76, 56, 3.5692071833182126e-05
0, 882, 55, 140, 111, 3.480307714198716e-05
0, 109, 161, 36, 24, 3.35343720507808e-05
0, 12, 255, 24, 229, 3.334669963805936e-05
0, 736, 507, 12, 17, 3.293090776423924e-05
0, 694, 668, 34, 51, 3.217149787815288e-05
0, 724, 535, 50, 43, 3.1903859053272754e-05
0, 947, 343, 19, 130, 3.1412153475685045e-05
0, 259, 146, 130, 97, 3.1207418942358345e-05
0, 180, 163, 59, 44, 3.064144402742386e-05
0, 724, 29, 10, 10, 3.02904772979673e-05
0, 946, 162, 20, 113, 3.012638808286283e-05
0, 744, 472, 8, 9, 3.0053473892621696e-05
0, 944, 50, 24, 100, 2.9965127396280877e-05
0, 913, 98, 82, 196, 2.995158502017148e-05
0, 718, 840, 70, 3, 2.9707598514505662e-05
0, 14, 764, 29, 154, 2.906076224462595e-05
0, 682, 612, 59, 117, 2.8697097150143236e-05
0, 16, 691, 33, 160, 2.7061016226070933e-05
0, 948, 403, 17, 160, 2.6744733986561187e-05
0, 701, 3, 188, 6, 2.6619392883731052e-05
0, 14, 404, 29, 332, 2.619533916004002e-05
