0, 358, 705, 23, 21, 0.564093291759491
0, 166, 776, 42, 25, 0.554661214351654
0, 427, 630, 20, 23, 0.4815751016139984
0, 346, 646, 51, 28, 0.48053792119026184
0, 325, 719, 35, 24, 0.41101977229118347
0, 572, 505, 16, 23, 0.402759313583374
0, 526, 545, 19, 23, 0.3971017897129059
0, 292, 698, 15, 16, 0.3748367130756378
0, 180, 795, 22, 19, 0.37134382128715515
0, 604, 469, 21, 18, 0.36648330092430115
0, 131, 831, 34, 19, 0.35854414105415344
0, 287, 731, 39, 29, 0.3554641306400299
0, 697, 425, 17, 19, 0.3520006239414215
0, 253, 763, 35, 41, 0.35178303718566895
0, 467, 625, 26, 22, 0.3370172083377838
0, 798, 307, 25, 22, 0.3307565450668335
0, 703, 428, 31, 26, 0.3294226825237274
0, 777, 328, 13, 19, 0.31837376952171326
0, 822, 290, 23, 13, 0.3104884624481201
0, 190, 830, 17, 20, 0.30018937587738037
0, 213, 795, 13, 34, 0.27791935205459595
0, 701, 377, 14, 20, 0.275863915681839
0, 678, 402, 31, 23, 0.27283596992492676
0, 640, 439, 33, 34, 0.2664918899536133
0, 653, 473, 29, 20, 0.2618861794471741
0, 863, 255, 20, 13, 0.25861838459968567
0, 176, 791, 31, 27, 0.2542116045951843
