0, 1263, 566, 108, 96, 0.6951010823249817
0, 245, 724, 90, 75, 0.4639650583267212
0, 692, 545, 100, 73, 0.35937216877937317
0, 1357, 455, 73, 92, 0.3361852169036865
0, 810, 479, 83, 82, 0.3003278076648712
0, 1268, 1251, 107, 90, 0.2997609078884125
0, 181, 509, 47, 69, 0.2558456361293793
0, 739, 397, 98, 70, 0.24993087351322174
0, 1100, 599, 167, 112, 0.20814219117164612
0, 168, 736, 40, 68, 0.19353118538856506
0, 1095, 1637, 109, 68, 0.14658866822719574
0, 1336, 1617, 113, 143, 0.14544062316417694
0, 435, 353, 118, 115, 0.12977352738380432
0, 1180, 345, 108, 110, 0.09565012902021408
0, 1189, 365, 82, 64, 0.09006975591182709
0, 1500, 1687, 149, 109, 0.07699979841709137
0, 1830, 1340, 33, 66, 0.07481133937835693
0, 882, 917, 70, 55, 0.06637009233236313
0, 738, 663, 109, 48, 0.055603329092264175
0, 221, 793, 57, 78, 0.05144931375980377
0, 1828, 1317, 39, 111, 0.050168946385383606
0, 434, 353, 75, 84, 0.04798058792948723
0, 1335, 1632, 86, 72, 0.04437026008963585
0, 1507, 1686, 97, 79, 0.04155971482396126
0, 256, 614, 31, 26, 0.037677496671676636
0, 1604, 599, 27, 26, 0.03753546625375748
0, 781, 494, 59, 61, 0.03616778180003166
0, 1069, 412, 85, 65, 0.03357876464724541
0, 1113, 614, 128, 52, 0.030771823599934578
0, 1048, 404, 41, 43, 0.03050464764237404
0, 1260, 1280, 124, 120, 0.02938167378306389
0, 752, 576, 25, 29, 0.028290653601288795
0, 202, 769, 114, 138, 0.027092091739177704
0, 1196, 1575, 76, 61, 0.022740254178643227
0, 166, 510, 84, 82, 0.021342458203434944
0, 223, 769, 51, 28, 0.021195514127612114
0, 1276, 1069, 119, 173, 0.02066916413605213
0, 977, 1555, 52, 75, 0.01941964402794838
0, 1102, 1569, 34, 46, 0.01812043972313404
0, 771, 478, 48, 56, 0.01771720126271248
0, 1046, 631, 56, 57, 0.01663842983543873
0, 973, 1533, 39, 33, 0.01648447848856449
0, 1143, 1305, 64, 45, 0.015213369391858578
0, 957, 936, 54, 35, 0.014953581616282463
0, 1073, 1526, 26, 40, 0.0137855913490057
0, 1529, 1679, 73, 65, 0.01227662805467844
0, 1125, 566, 51, 45, 0.012125399895012379
0, 1087, 491, 136, 82, 0.012087567709386349
0, 1394, 1731, 51, 39, 0.011453988961875439
0, 291, 630, 26, 22, 0.01135256327688694
0, 1467, 1711, 41, 49, 0.011191584169864655
0, 1521, 1255, 156, 79, 0.010908798314630985
0, 1128, 1646, 115, 67, 0.010352409444749355
0, 1093, 1555, 66, 82, 0.010211218148469925
0, 1094, 568, 112, 50, 0.010035045444965363
0, 1792, 708, 89, 92, 0.009720045141875744
0, 1021, 1476, 56, 42, 0.009317655116319656
0, 1267, 1086, 58, 63, 0.009279110468924046
0, 1711, 545, 33, 28, 0.009012806229293346
0, 994, 1580, 87, 130, 0.008963240310549736
0, 239, 758, 111, 159, 0.00839317124336958
0, 194, 610, 28, 22, 0.008122376166284084
0, 988, 1531, 72, 54, 0.007852151058614254
0, 1568, 645, 70, 42, 0.007514822296798229
0, 1093, 1524, 66, 61, 0.007426593918353319
0, 1122, 1633, 159, 108, 0.007118823006749153
0, 1604, 555, 28, 27, 0.007094940636307001
0, 1324, 1566, 56, 38, 0.006930668372660875
0, 221, 482, 28, 26, 0.0069072614423930645
0, 1162, 1650, 47, 60, 0.006809988524764776
0, 1275, 1038, 94, 101, 0.006483464036136866
0, 1112, 1093, 62, 60, 0.00646241195499897
0, 1276, 1101, 99, 99, 0.006286990828812122
0, 748, 348, 47, 31, 0.0061221313662827015
0, 286, 300, 39, 52, 0.005877320189028978
0, 1589, 848, 107, 181, 0.005869941785931587
0, 1740, 1398, 31, 40, 0.005804631393402815
0, 1016, 1613, 35, 54, 0.00561925582587719
0, 1133, 1565, 24, 39, 0.005616692826151848
0, 1305, 1681, 36, 44, 0.005612822249531746
0, 1165, 300, 33, 38, 0.0055609229020774364
0, 1697, 1488, 34, 40, 0.005441684741526842
0, 1279, 1311, 78, 50, 0.005023508798331022
0, 1309, 902, 143, 123, 0.0050172992050647736
0, 1174, 1649, 34, 47, 0.005014041438698769
0, 1154, 330, 50, 43, 0.004815428052097559
0, 1018, 1492, 82, 74, 0.004769227933138609
0, 1166, 325, 72, 94, 0.004660740960389376
0, 1691, 1504, 89, 78, 0.004523434676229954
0, 1700, 1501, 34, 47, 0.0044423253275454044
0, 407, 550, 36, 52, 0.0044187139719724655
0, 483, 370, 113, 122, 0.004311110824346542
0, 1106, 478, 86, 59, 0.004304443020373583
0, 996, 1516, 47, 47, 0.004112455528229475
0, 1093, 468, 55, 44, 0.004075117874890566
0, 1588, 653, 40, 42, 0.004072258714586496
0, 1047, 576, 45, 45, 0.004028190393000841
0, 1451, 1713, 58, 60, 0.004011116456240416
0, 493, 332, 37, 56, 0.00396330701187253
0, 1531, 1649, 48, 40, 0.00387846608646214
0, 464, 309, 25, 31, 0.003843071172013879
0, 1761, 927, 86, 130, 0.0037668398581445217
0, 1621, 554, 68, 35, 0.0037404634058475494
0, 1321, 1581, 77, 74, 0.0037290265318006277
0, 1161, 1661, 71, 80, 0.0036817414220422506
0, 1298, 1064, 39, 38, 0.0036241381894797087
0, 523, 395, 31, 34, 0.003574380883947015
0, 1097, 1592, 100, 116, 0.0034792653750628233
0, 1809, 1301, 40, 103, 0.0034387882333248854
0, 1424, 1727, 114, 53, 0.0033957536797970533
0, 963, 1515, 32, 44, 0.003376716747879982
0, 133, 637, 38, 39, 0.00336574693210423
0, 1250, 1239, 67, 64, 0.003322998061776161
0, 1723, 1474, 109, 111, 0.0032380539923906326
0, 1222, 1167, 28, 31, 0.003197167767211795
0, 1356, 419, 59, 32, 0.003179698484018445
0, 1180, 1601, 41, 44, 0.0031786272302269936
0, 917, 924, 137, 65, 0.003171363612636924
0, 1115, 1568, 161, 141, 0.003169180126860738
0, 1133, 582, 99, 77, 0.0031134069431573153
0, 1439, 1728, 38, 41, 0.0030311692971736193
0, 1694, 1522, 44, 47, 0.0029879440553486347
0, 772, 443, 181, 179, 0.0029044444672763348
0, 1729, 1454, 59, 54, 0.0028951738495379686
0, 1799, 1242, 27, 80, 0.0028807055205106735
0, 1759, 1396, 64, 56, 0.0028641473036259413
0, 1274, 1124, 130, 171, 0.0028453925624489784
0, 1672, 1557, 39, 36, 0.002835127292200923
0, 1559, 1263, 76, 52, 0.0028098125476390123
0, 1678, 1527, 66, 83, 0.002802578965201974
0, 1082, 460, 139, 155, 0.0027994129341095686
0, 1723, 1486, 42, 46, 0.0027341425884515047
0, 480, 328, 64, 69, 0.002732711611315608
0, 1743, 1436, 44, 43, 0.0027073759119957685
0, 1685, 615, 25, 36, 0.0026654405519366264
0, 1166, 1648, 135, 99, 0.00262991595081985
0, 1775, 675, 52, 34, 0.0025702042039483786
0, 178, 436, 33, 34, 0.0025462419725954533
0, 1302, 1126, 48, 58, 0.0025296874810010195
0, 1109, 1570, 72, 51, 0.002524338895455003
0, 1784, 1250, 61, 98, 0.0024800696410238743
0, 1710, 1498, 59, 56, 0.00237190630286932
0, 486, 402, 51, 51, 0.002369572874158621
0, 1663, 1525, 152, 158, 0.0023270007222890854
0, 1073, 1525, 60, 57, 0.002289802534505725
0, 1049, 1619, 90, 69, 0.0022785563487559557
0, 1740, 1401, 55, 56, 0.002250134712085128
0, 1642, 638, 27, 31, 0.002124575898051262
0, 1819, 1288, 61, 173, 0.002068654168397188
0, 135, 471, 26, 49, 0.0020422525703907013
0, 1022, 1531, 32, 41, 0.0020156605169177055
0, 1175, 1197, 44, 31, 0.0019371057860553265
0, 1406, 915, 353, 269, 0.001916470006108284
0, 1696, 813, 33, 24, 0.0017813313752412796
0, 1410, 1084, 130, 59, 0.0017615400720387697
0, 1789, 1388, 47, 60, 0.0017479322850704193
0, 123, 688, 26, 40, 0.0017469050362706184
0, 1326, 1724, 54, 35, 0.001728468807414174
0, 1569, 1088, 84, 42, 0.0016679244581609964
0, 1177, 1676, 52, 51, 0.0016653885832056403
0, 1634, 549, 44, 27, 0.001662448514252901
0, 1180, 566, 21, 30, 0.0016594785265624523
0, 1790, 1359, 123, 135, 0.0016568602295592427
0, 1338, 387, 57, 37, 0.0016502110520377755
0, 1769, 535, 38, 38, 0.001647815341129899
0, 1458, 1701, 192, 113, 0.0016074146842584014
0, 1791, 1385, 29, 45, 0.0015805675648152828
0, 1580, 599, 41, 26, 0.0015670469729229808
0, 1698, 947, 95, 115, 0.0015506314812228084
0, 1347, 1728, 147, 48, 0.0015370958717539907
0, 1258, 1016, 52, 57, 0.0015069396467879415
0, 1788, 560, 164, 222, 0.0014783990336582065
0, 1652, 1571, 99, 93, 0.001466581248678267
0, 1334, 1654, 106, 92, 0.0014405017718672752
0, 1737, 1474, 56, 70, 0.0014139881823211908
0, 1358, 964, 610, 573, 0.0014056861400604248
0, 1309, 1150, 41, 71, 0.001394223771058023
0, 1317, 1172, 29, 53, 0.0013877947349101305
0, 1748, 612, 74, 103, 0.0013793401885777712
0, 1747, 968, 47, 37, 0.0013766183983534575
0, 1790, 1285, 119, 186, 0.0013730870559811592
0, 1152, 616, 70, 38, 0.0013577892677858472
0, 1799, 1217, 35, 85, 0.0013166542630642653
0, 1672, 1553, 71, 76, 0.0012804350117221475
0, 1098, 986, 56, 44, 0.0012328012380748987
0, 1309, 870, 26, 35, 0.0012322189286351204
0, 1290, 1620, 273, 163, 0.0012309884186834097
0, 806, 412, 26, 44, 0.001229485496878624
0, 1043, 491, 47, 39, 0.0012144945794716477
0, 459, 349, 183, 150, 0.0012112378608435392
0, 1506, 1088, 201, 49, 0.001210601651109755
0, 1483, 1236, 70, 33, 0.0012070811353623867
0, 1586, 652, 108, 67, 0.0011797003680840135
0, 1313, 1186, 46, 87, 0.0011626358609646559
0, 1194, 909, 70, 121, 0.0011613545939326286
0, 1695, 909, 97, 124, 0.0011434685438871384
0, 1343, 393, 78, 55, 0.0011410149745643139
0, 723, 298, 92, 58, 0.0010655294172465801
0, 159, 461, 81, 95, 0.001048822421580553
0, 1693, 1495, 182, 144, 0.001042861258611083
0, 1301, 1152, 76, 125, 0.001036360627040267
0, 1762, 585, 34, 38, 0.0010228509781882167
0, 1697, 918, 60, 92, 0.0010115702170878649
0, 1757, 1435, 48, 53, 0.0010081081418320537
0, 1749, 583, 46, 43, 0.001002821489237249
0, 1578, 623, 92, 81, 0.001000750344246626
0, 1689, 641, 26, 33, 0.0009852570947259665
0, 1693, 941, 51, 69, 0.000953189330175519
0, 1617, 835, 176, 221, 0.0009350512409582734
0, 1635, 1593, 56, 65, 0.0009307682048529387
0, 1749, 925, 176, 166, 0.0009204113739542663
0, 1632, 1563, 52, 62, 0.0009141989867202938
0, 1266, 1185, 129, 115, 0.0009136325097642839
0, 1816, 643, 180, 226, 0.000892008887603879
0, 1481, 930, 143, 131, 0.0008666083449497819
0, 1296, 1728, 72, 32, 0.0008588379714637995
0, 1767, 1378, 94, 89, 0.0008524873992428184
0, 1748, 907, 54, 87, 0.0008482371340505779
0, 1708, 554, 48, 49, 0.000843013811390847
0, 811, 596, 51, 25, 0.000839319487567991
0, 1205, 1700, 72, 61, 0.0008391347946599126
0, 1414, 1597, 25, 33, 0.0008266268996521831
0, 793, 496, 125, 122, 0.0008241176838055253
0, 1507, 1483, 29, 27, 0.0008149853674694896
0, 1443, 778, 40, 48, 0.0008053983910940588
0, 1627, 1609, 41, 46, 0.0007978874491527677
0, 1800, 689, 131, 135, 0.0007911081193014979
0, 751, 520, 222, 168, 0.0007873132708482444
0, 1364, 889, 202, 165, 0.0007723362068645656
0, 147, 719, 75, 89, 0.0007440187036991119
0, 1117, 380, 220, 161, 0.0007416511070914567
0, 1682, 548, 98, 31, 0.0007318585994653404
0, 751, 384, 136, 112, 0.0007263528532348573
0, 1643, 554, 78, 40, 0.0007151455502025783
0, 738, 347, 127, 164, 0.0007126280106604099
0, 1351, 1593, 171, 143, 0.0007122786482796073
0, 1279, 912, 74, 114, 0.000710938242264092
0, 1347, 993, 428, 355, 0.0006977603770792484
0, 1659, 562, 130, 62, 0.000691077031660825
0, 1753, 1421, 98, 74, 0.0006785848527215421
0, 1677, 639, 37, 49, 0.0006673449533991516
0, 200, 508, 99, 87, 0.0006672057206742465
0, 1751, 1453, 71, 80, 0.0006621283246204257
0, 1065, 1510, 155, 101, 0.0006430350476875901
0, 1647, 624, 59, 53, 0.0006421525031328201
0, 1482, 1081, 270, 77, 0.0006395128439180553
0, 1786, 1324, 58, 76, 0.0006311405450105667
0, 1541, 1660, 107, 117, 0.0006276078056544065
0, 1817, 1220, 21, 66, 0.0006266939453780651
0, 1745, 888, 44, 58, 0.0006230256985872984
0, 1258, 1161, 101, 52, 0.0006215781904757023
0, 1741, 546, 90, 71, 0.0006209603743627667
0, 1816, 510, 28, 25, 0.0006112901610322297
0, 1386, 839, 52, 44, 0.0006027225754223764
0, 1235, 1230, 171, 104, 0.0005925594014115632
0, 1739, 754, 35, 57, 0.0005860111559741199
0, 1727, 670, 31, 45, 0.0005854908376932144
0, 1141, 1021, 51, 62, 0.0005818004719913006
0, 1635, 604, 104, 68, 0.0005785528337582946
0, 1179, 302, 87, 55, 0.0005671032122336328
0, 1773, 1253, 89, 144, 0.0005596397095359862
0, 1623, 1583, 98, 120, 0.000553679303266108
0, 1786, 593, 257, 311, 0.000548936368431896
0, 1041, 1468, 43, 32, 0.0005446732975542545
0, 1693, 583, 206, 115, 0.0005399809451773763
0, 1616, 1563, 74, 77, 0.0005348437698557973
0, 131, 657, 44, 95, 0.0005295900045894086
0, 1408, 918, 226, 141, 0.000526886957231909
0, 143, 583, 28, 21, 0.0005254262941889465
0, 1671, 586, 25, 34, 0.000514195126015693
0, 1689, 835, 65, 69, 0.0005042885895818472
0, 1775, 1122, 121, 107, 0.0005020497483201325
0, 1728, 992, 56, 49, 0.0004907677648589015
0, 1080, 1387, 20, 25, 0.000490606646053493
0, 1096, 563, 228, 152, 0.0004884611116722226
0, 1803, 640, 42, 38, 0.000482654373627156
0, 1038, 615, 82, 93, 0.0004822460177820176
0, 1542, 694, 47, 37, 0.00047926342813298106
0, 1226, 562, 142, 106, 0.0004788492515217513
0, 1318, 1572, 599, 258, 0.00047187329619191587
0, 1206, 1213, 137, 75, 0.0004662543360609561
0, 1373, 1698, 224, 112, 0.00046042088069953024
0, 1270, 892, 57, 66, 0.00045770517317578197
0, 1206, 1700, 117, 80, 0.000457162968814373
0, 1699, 667, 39, 28, 0.00045320839853957295
0, 1570, 674, 97, 78, 0.0004498895432334393
0, 1684, 863, 67, 65, 0.00044650366180576384
0, 1410, 1645, 31, 48, 0.00044629897456616163
0, 1754, 662, 58, 64, 0.0004454085719771683
0, 1787, 1416, 66, 74, 0.00044539966620504856
0, 1701, 822, 53, 60, 0.00044147949665784836
0, 1572, 1088, 159, 54, 0.0004381238832138479
0, 1158, 1189, 31, 32, 0.0004348934453446418
0, 1131, 1035, 99, 99, 0.0004195252840872854
0, 1762, 558, 68, 78, 0.00041846782551147044
0, 1749, 986, 48, 51, 0.0004182098200544715
0, 1695, 993, 42, 34, 0.00041723003960214555
0, 193, 913, 29, 24, 0.0004154018824920058
0, 1148, 1320, 117, 97, 0.00041460373904556036
0, 130, 708, 44, 92, 0.00041259470162913203
