0, 807, 418, 66, 36, 0.5761433243751526
0, 318, 439, 42, 32, 0.3436443507671356
0, 279, 306, 129, 104, 0.22891218960285187
0, 507, 419, 86, 75, 0.1825116127729416
0, 598, 404, 83, 56, 0.16283093392848969
0, 768, 380, 36, 38, 0.16010066866874695
0, 239, 489, 42, 40, 0.15808641910552979
0, 524, 413, 50, 59, 0.1535966843366623
0, 371, 234, 34, 23, 0.13751846551895142
0, 285, 315, 94, 51, 0.1326877623796463
0, 279, 475, 60, 23, 0.11642428487539291
0, 260, 318, 80, 72, 0.11564327776432037
0, 321, 271, 43, 32, 0.11337748914957047
0, 453, 409, 51, 49, 0.11270315945148468
0, 662, 154, 63, 36, 0.10570399463176727
0, 391, 482, 30, 25, 0.09712927788496017
0, 494, 431, 46, 41, 0.091131791472435
0, 532, 406, 33, 42, 0.08851104229688644
0, 264, 489, 90, 50, 0.08654819428920746
0, 696, 240, 20, 27, 0.08535764366388321
0, 464, 425, 16, 25, 0.07952909916639328
0, 246, 500, 44, 27, 0.07518908381462097
0, 307, 313, 41, 35, 0.07147637754678726
0, 484, 438, 27, 29, 0.06702052801847458
0, 353, 455, 32, 33, 0.06300416588783264
0, 764, 373, 26, 23, 0.06072507053613663
0, 600, 416, 63, 33, 0.059156384319067
0, 582, 398, 47, 35, 0.05687633156776428
0, 349, 449, 19, 19, 0.05624682456254959
0, 164, 555, 20, 21, 0.055830489844083786
0, 894, 331, 27, 21, 0.05501582473516464
0, 456, 399, 41, 30, 0.05456756055355072
0, 463, 396, 24, 20, 0.052519384771585464
0, 904, 331, 32, 18, 0.05219586193561554
0, 577, 426, 21, 16, 0.04875631257891655
0, 872, 406, 35, 33, 0.04739728569984436
0, 459, 424, 29, 36, 0.04669307917356491
0, 573, 402, 25, 21, 0.04537241533398628
0, 478, 423, 63, 56, 0.044486917555332184
0, 480, 224, 30, 37, 0.04422227293252945
0, 874, 312, 50, 50, 0.04347369819879532
0, 895, 336, 38, 31, 0.041654396802186966
0, 368, 417, 30, 22, 0.03880211338400841
0, 659, 190, 31, 33, 0.03764541447162628
0, 617, 415, 29, 25, 0.03714926913380623
0, 230, 520, 23, 13, 0.03534209355711937
0, 376, 421, 15, 25, 0.03526843339204788
0, 648, 427, 15, 14, 0.0352243073284626
0, 711, 142, 19, 19, 0.034791745245456696
0, 168, 563, 29, 38, 0.03429916128516197
0, 178, 548, 34, 37, 0.03141679987311363
0, 655, 200, 41, 49, 0.031280629336833954
0, 677, 152, 34, 26, 0.031045010313391685
0, 880, 331, 18, 20, 0.031044406816363335
0, 354, 477, 24, 12, 0.030429355800151825
0, 884, 319, 74, 69, 0.030036622658371925
0, 643, 150, 26, 22, 0.029967883601784706
0, 265, 319, 40, 30, 0.029331719502806664
0, 877, 327, 38, 33, 0.028887374326586723
0, 237, 475, 24, 16, 0.027254870161414146
0, 658, 208, 26, 30, 0.026859687641263008
0, 687, 197, 10, 21, 0.026318347081542015
0, 332, 302, 16, 12, 0.025154678151011467
0, 606, 407, 25, 16, 0.025111060589551926
0, 175, 575, 14, 17, 0.02500506304204464
0, 184, 544, 24, 26, 0.024558180943131447
0, 761, 174, 26, 28, 0.024498848244547844
0, 585, 420, 42, 31, 0.024301931262016296
0, 319, 284, 34, 27, 0.023652516305446625
0, 531, 422, 32, 29, 0.023481620475649834
0, 260, 474, 20, 17, 0.023045336827635765
0, 350, 472, 29, 19, 0.02055332623422146
0, 452, 211, 9, 24, 0.020424094051122665
0, 259, 327, 61, 47, 0.01925756223499775
0, 311, 274, 71, 41, 0.01885826326906681
0, 890, 314, 25, 19, 0.018373968079686165
0, 740, 209, 21, 19, 0.017503710463643074
0, 871, 301, 35, 25, 0.016748707741498947
0, 604, 391, 72, 35, 0.01628684625029564
0, 246, 338, 37, 30, 0.016073059290647507
0, 214, 507, 21, 16, 0.015956725925207138
0, 753, 188, 54, 59, 0.0157011728733778
0, 222, 527, 41, 35, 0.015413331799209118
0, 94, 617, 20, 27, 0.015353061258792877
0, 257, 299, 59, 38, 0.015023854561150074
0, 649, 183, 63, 84, 0.015005405992269516
0, 212, 536, 18, 19, 0.014757851138710976
0, 880, 296, 31, 18, 0.014635083265602589
0, 473, 429, 43, 38, 0.014110694639384747
0, 612, 398, 44, 40, 0.013914738781750202
0, 740, 217, 31, 33, 0.01287512294948101
0, 309, 291, 33, 27, 0.01282095443457365
0, 789, 374, 98, 57, 0.011910497210919857
0, 236, 315, 28, 35, 0.0109975291416049
0, 774, 366, 47, 32, 0.010799809359014034
0, 623, 163, 17, 20, 0.010557441040873528
0, 759, 383, 60, 48, 0.010324161499738693
0, 204, 525, 19, 17, 0.010021950118243694
0, 376, 418, 39, 33, 0.00963417999446392
0, 750, 399, 25, 17, 0.009425251744687557
0, 472, 404, 49, 40, 0.009146875701844692
0, 609, 226, 19, 18, 0.008953262120485306
0, 403, 398, 13, 12, 0.008470392785966396
0, 516, 231, 39, 40, 0.008439335972070694
0, 487, 395, 15, 21, 0.00813379418104887
0, 797, 410, 91, 54, 0.007964194752275944
0, 684, 206, 17, 40, 0.007804924622178078
0, 745, 378, 45, 29, 0.007770264986902475
0, 371, 248, 38, 52, 0.00730025814846158
0, 207, 533, 27, 25, 0.0071845343336462975
0, 152, 612, 24, 17, 0.007090144790709019
0, 507, 450, 16, 15, 0.006962397135794163
0, 393, 416, 18, 17, 0.006594296079128981
0, 649, 164, 41, 37, 0.006237444933503866
0, 225, 535, 21, 23, 0.006032129749655724
0, 459, 423, 72, 80, 0.0059746322222054005
0, 642, 392, 17, 18, 0.005891571287065744
0, 767, 185, 41, 51, 0.005882627330720425
0, 743, 202, 41, 41, 0.0057905507273972034
0, 681, 217, 16, 18, 0.0056160250678658485
0, 603, 442, 44, 35, 0.005428014323115349
0, 503, 225, 42, 43, 0.00518561527132988
0, 827, 353, 15, 12, 0.00502514885738492
0, 605, 441, 30, 20, 0.0049983179196715355
0, 303, 285, 91, 66, 0.004895804449915886
0, 172, 558, 47, 56, 0.004755696747452021
0, 729, 382, 14, 17, 0.004653320647776127
0, 889, 293, 25, 21, 0.004521345719695091
0, 206, 536, 46, 41, 0.004517696797847748
0, 502, 220, 77, 57, 0.004500637296587229
0, 329, 437, 61, 44, 0.004347860813140869
0, 240, 308, 61, 49, 0.004240501672029495
0, 282, 292, 83, 51, 0.004152753856033087
0, 214, 537, 27, 29, 0.0041258251294493675
0, 635, 163, 46, 26, 0.004077822435647249
0, 627, 386, 31, 24, 0.004059906117618084
0, 241, 507, 55, 49, 0.003990795463323593
0, 195, 543, 39, 34, 0.0038616626989096403
0, 798, 360, 69, 25, 0.0037923832423985004
0, 678, 438, 16, 14, 0.003607875667512417
0, 676, 215, 13, 20, 0.0035051237791776657
0, 230, 362, 17, 19, 0.0034675782080739737
0, 513, 206, 59, 57, 0.0034050841350108385
0, 562, 406, 93, 54, 0.0033758985809981823
0, 402, 479, 55, 34, 0.0033547270577400923
0, 521, 237, 17, 22, 0.0033036733511835337
0, 235, 328, 51, 73, 0.003297715447843075
0, 592, 258, 11, 13, 0.003234550356864929
0, 423, 392, 14, 9, 0.00321193621493876
0, 340, 279, 81, 45, 0.003128571668639779
0, 111, 585, 14, 10, 0.003107817377895117
0, 279, 275, 23, 14, 0.0030636892188340425
0, 827, 407, 103, 54, 0.003009991254657507
0, 116, 613, 16, 17, 0.0029912940226495266
0, 522, 189, 36, 21, 0.0028461450710892677
0, 284, 458, 15, 8, 0.00281034829095006
0, 223, 311, 25, 27, 0.002598149934783578
0, 786, 360, 29, 23, 0.0025540883652865887
0, 627, 391, 52, 34, 0.002533043036237359
0, 328, 311, 47, 25, 0.0024676460307091475
0, 228, 494, 65, 60, 0.002462209202349186
0, 859, 395, 16, 27, 0.0023552130442112684
0, 222, 349, 26, 45, 0.002312869532033801
0, 855, 362, 32, 26, 0.0021166992373764515
0, 783, 205, 18, 16, 0.0020843499805778265
0, 373, 468, 78, 59, 0.0020840207580477
0, 624, 424, 59, 32, 0.0020537690725177526
0, 606, 454, 24, 15, 0.002023095730692148
0, 743, 391, 44, 41, 0.0020216971170157194
0, 374, 274, 12, 13, 0.0019777289126068354
0, 541, 193, 9, 9, 0.001968004973605275
0, 219, 499, 45, 34, 0.0019509808626025915
0, 224, 361, 28, 23, 0.001697803963907063
0, 454, 219, 17, 39, 0.0016649797325953841
0, 867, 354, 13, 9, 0.0016480693593621254
0, 525, 205, 13, 14, 0.0016463270876556635
0, 479, 196, 15, 17, 0.0016359267756342888
0, 516, 184, 21, 15, 0.0016060912748798728
0, 608, 218, 24, 35, 0.0015813623322173953
0, 602, 225, 22, 18, 0.001575728878378868
0, 523, 194, 44, 38, 0.0015750868478789926
0, 198, 558, 19, 20, 0.0015612614806741476
0, 45, 8, 90, 16, 0.0015182059723883867
0, 465, 438, 19, 55, 0.0015016004908829927
0, 350, 473, 39, 30, 0.001421378692612052
0, 617, 435, 59, 41, 0.0014118730323389173
0, 191, 551, 79, 62, 0.0013577905483543873
0, 114, 616, 15, 29, 0.0013484391383826733
0, 551, 179, 10, 13, 0.0012921318411827087
0, 140, 605, 15, 21, 0.001278196694329381
0, 248, 341, 72, 67, 0.0012356708757579327
0, 670, 188, 47, 47, 0.0011896261712536216
0, 878, 275, 23, 19, 0.0011848926078528166
0, 451, 197, 10, 33, 0.0011754787992686033
0, 365, 428, 40, 45, 0.0011490570614114404
0, 372, 444, 68, 91, 0.0011332116555422544
0, 422, 469, 19, 14, 0.0010940362699329853
0, 644, 433, 25, 29, 0.0010878919856622815
0, 852, 376, 19, 15, 0.00107394449878484
0, 356, 289, 37, 28, 0.0010634140344336629
0, 119, 621, 18, 25, 0.0010357190622016788
0, 576, 182, 13, 21, 0.001019590301439166
0, 246, 502, 98, 78, 0.0010176522191613913
0, 113, 597, 16, 23, 0.0010043828515335917
0, 628, 190, 126, 99, 0.00100336957257241
0, 669, 402, 13, 16, 0.0009926471393555403
0, 843, 363, 59, 32, 0.0009891324443742633
0, 607, 198, 86, 67, 0.0009847760666161776
0, 672, 363, 14, 11, 0.0009731936734169722
0, 151, 615, 33, 31, 0.0009364750585518777
0, 160, 573, 47, 30, 0.000924206804484129
0, 352, 431, 68, 55, 0.0009225690737366676
0, 110, 617, 32, 33, 0.0009075726266019046
0, 123, 647, 19, 13, 0.0009024806204251945
0, 641, 214, 31, 53, 0.0008607787895016372
0, 690, 392, 15, 23, 0.0008341284119524062
0, 252, 1029, 119, 4, 0.0008265033247880638
0, 231, 518, 67, 64, 0.0007952152518555522
0, 716, 150, 32, 34, 0.0007937207701615989
0, 786, 396, 119, 84, 0.0007730308570899069
0, 591, 435, 59, 37, 0.0007651497726328671
0, 619, 169, 37, 34, 0.0007633196073584259
0, 691, 235, 32, 42, 0.0007536791963502765
0, 294, 473, 72, 33, 0.000742547505069524
0, 690, 199, 31, 66, 0.0006968695670366287
0, 66, 13, 129, 27, 0.0006955369608476758
0, 454, 206, 14, 47, 0.0006934392149560153
0, 744, 215, 47, 46, 0.0006917251157574356
0, 652, 215, 61, 66, 0.0006902453606016934
0, 874, 273, 32, 32, 0.0006888305651955307
0, 314, 318, 79, 60, 0.0006791409105062485
0, 767, 403, 73, 55, 0.0006697135395370424
0, 351, 486, 35, 32, 0.0006429128115996718
0, 303, 450, 78, 68, 0.0006208369741216302
0, 113, 577, 16, 21, 0.0006160567281767726
0, 292, 1029, 121, 4, 0.0006030129734426737
0, 471, 401, 78, 52, 0.0006014577229507267
0, 878, 262, 19, 14, 0.0006010119104757905
0, 864, 411, 50, 47, 0.0005986334290355444
0, 356, 234, 53, 22, 0.0005956329987384379
0, 531, 238, 30, 24, 0.0005856546340510249
0, 33, 1030, 65, 3, 0.0005845527048222721
0, 182, 1029, 103, 4, 0.0005844538100063801
0, 636, 238, 18, 19, 0.0005820242804475129
0, 598, 204, 46, 62, 0.0005799554637633264
0, 365, 288, 29, 21, 0.0005750872660428286
0, 356, 1029, 127, 4, 0.0005748135736212134
0, 683, 185, 211, 100, 0.0005746021051891148
0, 856, 371, 45, 45, 0.0005673305131494999
0, 730, 177, 43, 38, 0.0005342522053979337
0, 609, 180, 15, 15, 0.000533866579644382
0, 785, 907, 17, 16, 0.0005292262067086995
0, 14, 16, 28, 33, 0.0005172606324777007
0, 25, 11, 50, 23, 0.0005108314217068255
0, 27, 30, 54, 60, 0.0005033350898884237
0, 725, 225, 52, 50, 0.0005032928893342614
0, 879, 291, 74, 92, 0.0004994693445041776
0, 389, 238, 79, 64, 0.0004848211247008294
0, 862, 351, 50, 32, 0.000481980387121439
0, 631, 213, 77, 54, 0.0004670632479246706
0, 465, 210, 42, 52, 0.00045972815132699907
0, 848, 372, 26, 20, 0.0004557421198114753
0, 818, 368, 165, 154, 0.0004505180404521525
0, 119, 608, 31, 48, 0.0004504525277297944
0, 138, 574, 27, 22, 0.00044821988558396697
0, 884, 273, 34, 27, 0.0004404789942782372
0, 539, 1030, 124, 3, 0.00043929569073952734
0, 559, 247, 18, 20, 0.00043177983025088906
0, 760, 172, 38, 39, 0.00042566112824715674
0, 107, 21, 209, 42, 0.0004247355682309717
0, 564, 246, 23, 30, 0.0004232338978908956
0, 70, 1029, 123, 4, 0.0004196779045742005
0, 141, 620, 23, 27, 0.00041887073894031346
0, 557, 416, 203, 90, 0.0004117801727261394
0, 434, 210, 9, 14, 0.00040903020999394357
0, 85, 38, 170, 77, 0.00040794568485580385
0, 157, 568, 69, 56, 0.0004075105825904757
0, 694, 198, 25, 23, 0.0004057145561091602
0, 779, 210, 24, 30, 0.0004038074694108218
0, 324, 471, 88, 60, 0.00040162919322028756
0, 116, 582, 21, 20, 0.00039996218401938677
0, 488, 1030, 122, 3, 0.00039773809839971364
0, 479, 433, 146, 111, 0.0003945000353269279
0, 119, 1029, 115, 4, 0.0003885597689077258
0, 690, 163, 18, 24, 0.00038375137955881655
0, 435, 1030, 125, 3, 0.0003810017660725862
0, 400, 410, 54, 41, 0.0003743053530342877
0, 606, 194, 25, 29, 0.00037260446697473526
0, 149, 578, 37, 27, 0.000371619506040588
0, 148, 564, 41, 24, 0.0003711681056302041
0, 712, 180, 10, 15, 0.0003696615167427808
0, 775, 420, 64, 41, 0.00036581626045517623
0, 333, 296, 91, 72, 0.0003643242525868118
0, 684, 149, 74, 33, 0.00036368350265547633
0, 897, 360, 39, 20, 0.0003532021364662796
0, 880, 1029, 119, 4, 0.0003523771301843226
0, 721, 168, 33, 35, 0.00034639291698113084
0, 726, 159, 26, 18, 0.0003446339687798172
