0, 258, 801, 25, 24, 0.45537784695625305
0, 304, 836, 60, 66, 0.3529580235481262
0, 432, 591, 45, 50, 0.34170690178871155
0, 303, 787, 23, 26, 0.31326282024383545
0, 824, 304, 55, 54, 0.27035337686538696
0, 888, 254, 96, 104, 0.25668981671333313
0, 451, 667, 25, 28, 0.2493041753768921
0, 408, 603, 23, 33, 0.22510062158107758
0, 375, 757, 22, 25, 0.22414124011993408
0, 291, 784, 52, 35, 0.19614598155021667
0, 277, 770, 20, 15, 0.1904342919588089
0, 856, 209, 41, 36, 0.18137626349925995
0, 297, 844, 40, 47, 0.17615225911140442
0, 737, 366, 43, 33, 0.1736437827348709
0, 303, 826, 45, 42, 0.15454842150211334
0, 899, 220, 140, 168, 0.1473482996225357
0, 217, 895, 20, 25, 0.12526310980319977
0, 428, 843, 15, 20, 0.1169513538479805
0, 188, 899, 24, 20, 0.10776503384113312
0, 360, 777, 26, 22, 0.10137069970369339
0, 332, 952, 17, 17, 0.10089981555938721
0, 332, 773, 25, 22, 0.10073472559452057
0, 221, 932, 26, 18, 0.09932158142328262
0, 440, 877, 18, 21, 0.0940440371632576
0, 308, 983, 30, 39, 0.08742648363113403
0, 213, 882, 21, 19, 0.08700209110975266
0, 869, 206, 70, 43, 0.0869491696357727
0, 310, 973, 27, 18, 0.0833265408873558
0, 889, 266, 67, 74, 0.07301749289035797
0, 433, 840, 24, 21, 0.07239889353513718
0, 346, 773, 56, 27, 0.06612330675125122
0, 917, 186, 100, 67, 0.06466959416866302
0, 490, 873, 18, 21, 0.06319348514080048
0, 202, 892, 47, 42, 0.06235159561038017
0, 298, 852, 29, 32, 0.06076100468635559
0, 916, 146, 34, 25, 0.05976666510105133
0, 911, 222, 43, 37, 0.05676576867699623
0, 832, 286, 82, 92, 0.054377686232328415
0, 888, 176, 32, 25, 0.05414413660764694
0, 226, 831, 13, 12, 0.052660342305898666
0, 324, 953, 31, 21, 0.05136844888329506
0, 926, 195, 25, 25, 0.04967359080910683
0, 214, 891, 29, 36, 0.049643032252788544
0, 285, 757, 19, 11, 0.04893939942121506
0, 939, 185, 47, 45, 0.04782851040363312
0, 832, 315, 34, 33, 0.047518059611320496
0, 868, 256, 150, 152, 0.04724865034222603
0, 412, 601, 43, 42, 0.04454507306218147
0, 923, 151, 49, 36, 0.04331567883491516
0, 943, 238, 15, 18, 0.04279530048370361
0, 174, 927, 17, 10, 0.04259515553712845
0, 265, 792, 29, 24, 0.04250049218535423
0, 879, 276, 42, 34, 0.04100238159298897
0, 882, 252, 40, 43, 0.040357060730457306
0, 437, 881, 32, 32, 0.03997287154197693
0, 372, 761, 32, 35, 0.039211466908454895
0, 490, 636, 14, 10, 0.03899355232715607
0, 928, 165, 86, 93, 0.03876933455467224
0, 928, 154, 66, 58, 0.03857116028666496
0, 319, 778, 59, 34, 0.036791183054447174
0, 901, 181, 62, 48, 0.032915178686380386
0, 433, 889, 23, 13, 0.032707277685403824
0, 958, 210, 14, 12, 0.03182801231741905
0, 906, 176, 59, 26, 0.031610626727342606
0, 658, 654, 12, 19, 0.030132755637168884
0, 281, 765, 31, 29, 0.02897992543876171
0, 890, 219, 84, 54, 0.028935711830854416
0, 924, 200, 18, 20, 0.02859998121857643
0, 152, 1004, 30, 28, 0.027133453637361526
0, 873, 291, 33, 31, 0.02657250687479973
0, 566, 463, 20, 18, 0.025633463636040688
0, 882, 185, 41, 33, 0.025442680343985558
0, 912, 264, 24, 26, 0.02527259662747383
0, 455, 663, 37, 39, 0.024319851770997047
0, 885, 193, 78, 65, 0.023652834817767143
0, 306, 797, 44, 54, 0.02234487235546112
0, 958, 216, 16, 22, 0.021224647760391235
0, 149, 1012, 30, 26, 0.02107725292444229
0, 843, 265, 20, 34, 0.020741308107972145
0, 382, 707, 15, 17, 0.020639602094888687
0, 315, 972, 47, 62, 0.020590761676430702
0, 950, 173, 29, 19, 0.019332537427544594
0, 360, 729, 13, 12, 0.019232656806707382
0, 520, 525, 13, 13, 0.018899915739893913
0, 820, 262, 42, 33, 0.018827838823199272
0, 892, 282, 47, 39, 0.01845906488597393
0, 148, 1036, 20, 18, 0.018348069861531258
0, 879, 242, 31, 29, 0.017894385382533073
0, 443, 871, 16, 20, 0.017709245905280113
0, 904, 257, 55, 35, 0.0161882471293211
0, 478, 796, 18, 23, 0.01572202704846859
0, 363, 770, 43, 43, 0.015585160814225674
0, 836, 260, 35, 34, 0.0150960274040699
0, 931, 132, 21, 14, 0.01472176518291235
0, 472, 610, 18, 19, 0.013981522060930729
0, 847, 259, 17, 28, 0.013395942747592926
0, 737, 588, 20, 30, 0.012788839638233185
0, 909, 163, 79, 71, 0.012259299866855145
0, 736, 578, 18, 13, 0.012160762213170528
0, 812, 255, 18, 22, 0.011963031254708767
0, 150, 1018, 37, 47, 0.011836270801723003
0, 498, 610, 15, 20, 0.011796978302299976
0, 280, 853, 28, 35, 0.010644709691405296
0, 571, 460, 28, 23, 0.010623909533023834
0, 433, 585, 77, 71, 0.010371943935751915
0, 925, 226, 81, 50, 0.010264575481414795
0, 441, 565, 33, 25, 0.010166207328438759
0, 865, 280, 102, 71, 0.009646608494222164
0, 913, 266, 37, 38, 0.009386522695422173
0, 524, 563, 19, 17, 0.009380419738590717
0, 565, 477, 24, 16, 0.009281921200454235
0, 143, 1031, 23, 29, 0.00925375521183014
0, 484, 609, 31, 22, 0.008482367731630802
0, 947, 132, 20, 16, 0.007816764526069164
0, 379, 702, 11, 16, 0.007051291409879923
0, 505, 508, 13, 10, 0.006932664196938276
0, 308, 816, 60, 48, 0.006535099819302559
0, 443, 876, 28, 28, 0.0059140087105333805
0, 779, 285, 19, 15, 0.005427720490843058
0, 339, 947, 33, 23, 0.00522366538643837
0, 286, 770, 40, 45, 0.005151767283678055
0, 437, 855, 35, 48, 0.004935940261930227
0, 398, 653, 25, 23, 0.0048195975832641125
0, 387, 711, 19, 13, 0.004785542376339436
0, 369, 674, 16, 17, 0.004675108008086681
0, 212, 969, 9, 11, 0.00466506090015173
0, 855, 237, 99, 101, 0.004604136571288109
0, 809, 291, 80, 78, 0.004520000424236059
0, 495, 615, 32, 29, 0.004314827267080545
0, 535, 490, 25, 19, 0.004284428432583809
0, 782, 291, 26, 28, 0.004137061070650816
0, 311, 773, 92, 58, 0.003704085946083069
0, 372, 649, 20, 19, 0.003584947669878602
0, 941, 138, 57, 59, 0.0035772554110735655
0, 931, 245, 46, 38, 0.0035511066671460867
0, 466, 636, 13, 12, 0.0034508956596255302
0, 287, 809, 73, 39, 0.0032718004658818245
0, 433, 829, 26, 29, 0.0032298907171934843
0, 229, 840, 15, 23, 0.003185692010447383
0, 289, 740, 14, 11, 0.0031644506379961967
0, 273, 788, 50, 53, 0.0031613789033144712
0, 566, 467, 31, 31, 0.003148326650261879
0, 353, 767, 80, 44, 0.0028039957396686077
0, 912, 253, 86, 81, 0.002763002645224333
0, 191, 906, 62, 64, 0.002757411217316985
0, 951, 123, 39, 30, 0.0025291158817708492
0, 511, 517, 27, 27, 0.0024424188304692507
0, 414, 726, 14, 17, 0.0024334650952368975
0, 826, 222, 15, 11, 0.0024274878669530153
0, 457, 638, 31, 18, 0.002391471527516842
0, 181, 916, 42, 35, 0.0023684268817305565
0, 372, 670, 17, 13, 0.0023551243357360363
0, 332, 949, 37, 36, 0.002322119427844882
0, 961, 114, 17, 14, 0.0022586616687476635
0, 841, 246, 78, 45, 0.002167302183806896
0, 642, 666, 12, 7, 0.002136186696588993
0, 343, 785, 66, 51, 0.002073881682008505
0, 950, 227, 33, 44, 0.001991724595427513
0, 358, 970, 14, 15, 0.0019098640186712146
0, 233, 837, 31, 23, 0.0018564545316621661
0, 587, 456, 17, 16, 0.0018103108741343021
0, 321, 806, 109, 120, 0.0016737928381189704
0, 824, 249, 44, 38, 0.0016563342651352286
0, 418, 722, 15, 15, 0.0016276211244985461
0, 445, 580, 53, 48, 0.0015695063630118966
0, 763, 299, 12, 13, 0.0015318087534978986
0, 550, 483, 55, 33, 0.0014513341011479497
0, 499, 544, 16, 12, 0.001433181925676763
0, 408, 660, 20, 24, 0.0012268206337466836
0, 912, 223, 367, 235, 0.0011363718658685684
0, 639, 433, 27, 15, 0.0010422017658129334
0, 398, 926, 18, 15, 0.0010402173502370715
0, 680, 618, 13, 11, 0.0009489820222370327
0, 213, 866, 17, 11, 0.0009474619873799384
0, 494, 631, 21, 17, 0.0009394349181093276
0, 774, 292, 37, 37, 0.0009269905276596546
0, 461, 563, 21, 19, 0.0009010384092107415
0, 256, 804, 38, 33, 0.0008947754977270961
0, 235, 843, 27, 19, 0.0008926534210331738
0, 481, 599, 40, 43, 0.0008361432701349258
0, 284, 826, 80, 82, 0.0008065093425102532
0, 852, 213, 78, 65, 0.0008055212092585862
0, 1094, 1176, 23, 17, 0.0007734085083939135
0, 324, 960, 54, 61, 0.000771523336879909
0, 342, 764, 111, 64, 0.0007613273337483406
0, 287, 753, 40, 49, 0.0007593007176183164
0, 447, 646, 32, 32, 0.0007191415061242878
0, 358, 908, 14, 12, 0.0007107103010639548
0, 238, 938, 21, 16, 0.0007035418529994786
0, 407, 629, 86, 72, 0.0006852839724160731
0, 670, 415, 15, 13, 0.0006734748021699488
0, 260, 790, 36, 49, 0.0006648263661190867
0, 409, 580, 115, 90, 0.0006521070026792586
0, 815, 277, 137, 122, 0.0006469057407230139
0, 384, 706, 26, 25, 0.0006167172687128186
0, 547, 821, 23, 18, 0.0006123476778157055
0, 762, 633, 11, 11, 0.000600201659835875
0, 468, 644, 59, 30, 0.0005931024206802249
0, 509, 555, 41, 19, 0.0005887041916139424
0, 357, 732, 22, 18, 0.00058464688481763
0, 1133, 1011, 8, 194, 0.0005582609446719289
0, 650, 429, 51, 28, 0.0005558753036893904
0, 439, 556, 39, 37, 0.0005519294645637274
0, 397, 933, 21, 20, 0.000530209974385798
0, 227, 824, 17, 25, 0.0005231075920164585
0, 650, 658, 29, 29, 0.0005152997910045087
0, 328, 978, 65, 40, 0.0004983527469448745
0, 740, 348, 55, 72, 0.0004979671793989837
0, 375, 640, 22, 20, 0.0004877794999629259
0, 371, 746, 42, 49, 0.00048715079901739955
0, 840, 495, 12, 11, 0.0004818981688003987
0, 826, 318, 76, 89, 0.0004811830585822463
0, 203, 882, 33, 42, 0.00048076946404762566
0, 682, 606, 20, 22, 0.0004764850018545985
0, 855, 295, 141, 136, 0.00047408087993972003
0, 537, 806, 28, 20, 0.00047071289736777544
0, 409, 606, 78, 62, 0.00047053839080035686
0, 557, 820, 14, 13, 0.00046803217264823616
0, 440, 628, 76, 43, 0.00046767204185016453
0, 412, 676, 15, 15, 0.00046236702473834157
0, 429, 606, 106, 111, 0.0004448631079867482
0, 531, 589, 14, 14, 0.0004301663429941982
0, 461, 577, 75, 33, 0.0004291035293135792
0, 536, 821, 23, 18, 0.0004280941793695092
0, 575, 458, 38, 34, 0.00042780718649737537
0, 666, 362, 18, 13, 0.00042648278758861125
0, 535, 468, 29, 24, 0.0004208308819215745
0, 757, 381, 17, 26, 0.000416495866375044
0, 658, 470, 24, 17, 0.00041445379611104727
0, 180, 930, 24, 17, 0.00040758110117167234
0, 897, 288, 107, 90, 0.0004039730702061206
0, 952, 178, 50, 33, 0.00040316031663678586
0, 691, 607, 23, 22, 0.0003997457097284496
0, 147, 1031, 33, 45, 0.0003986665979027748
0, 641, 448, 29, 13, 0.0003822846047114581
0, 1133, 948, 8, 178, 0.00037794443778693676
0, 670, 346, 10, 11, 0.0003768684691749513
0, 648, 450, 25, 13, 0.0003702519170474261
0, 890, 195, 203, 241, 0.00036359942168928683
0, 1138, 12, 0, 24, 0.00035552436020225286
0, 679, 376, 15, 11, 0.0003511355025693774
0, 291, 734, 18, 21, 0.00034147436963394284
0, 493, 546, 21, 16, 0.00033875557710416615
0, 223, 944, 29, 41, 0.00033560485462658107
0, 1133, 1071, 8, 173, 0.0003314969362691045
0, 741, 371, 61, 49, 0.00032637291587889194
0, 1134, 1170, 7, 107, 0.0003157176251988858
0, 386, 734, 55, 33, 0.00031475257128477097
0, 694, 615, 22, 18, 0.00031204530387185514
0, 539, 794, 41, 42, 0.0003107677912339568
0, 782, 297, 87, 54, 0.0003073909319937229
0, 53, 6, 97, 13, 0.0003019076830241829
0, 1094, 1181, 31, 32, 0.00029651462682522833
0, 622, 495, 14, 14, 0.00029425101820379496
0, 602, 454, 25, 17, 0.0002926400920841843
0, 376, 718, 41, 39, 0.00028593663591891527
0, 522, 525, 21, 19, 0.00028560287319123745
0, 573, 467, 54, 42, 0.0002839310036506504
0, 436, 664, 54, 43, 0.00028063420904800296
0, 543, 786, 26, 22, 0.00028011295944452286
0, 248, 805, 58, 50, 0.00027431524358689785
0, 671, 606, 15, 13, 0.0002668841916602105
0, 962, 146, 30, 32, 0.000263141468167305
0, 777, 328, 12, 11, 0.0002626424247864634
0, 775, 373, 12, 17, 0.0002620011509861797
0, 719, 554, 14, 13, 0.00025682957493700087
0, 222, 839, 19, 28, 0.00024859909899532795
0, 494, 596, 22, 36, 0.0002479512186255306
0, 671, 373, 25, 16, 0.00024661674979142845
0, 731, 330, 26, 18, 0.0002447307051625103
0, 269, 781, 83, 72, 0.00023897421488072723
0, 341, 958, 46, 30, 0.00023826348478905857
0, 711, 619, 15, 11, 0.00023488193983212113
0, 543, 721, 10, 14, 0.00023360579507425427
0, 1133, 862, 8, 189, 0.0002286705857841298
0, 602, 460, 20, 20, 0.0002215380227426067
0, 501, 579, 50, 45, 0.00021696793555747718
0, 75, 22, 151, 44, 0.00021270006254781038
0, 660, 410, 34, 28, 0.0002102752769133076
0, 456, 675, 58, 56, 0.00020984206639695913
0, 298, 730, 13, 15, 0.00020878014038316905
0, 560, 457, 41, 22, 0.0002044057473540306
0, 493, 554, 23, 17, 0.00020275870338082314
0, 471, 658, 67, 47, 0.00020249422232154757
0, 544, 513, 19, 16, 0.00020082140690647066
0, 640, 438, 42, 31, 0.00019842584151774645
0, 660, 655, 20, 24, 0.00019809654622804374
0, 1138, 1203, 0, 39, 0.00019664746650960296
0, 947, 194, 64, 73, 0.00019429059466347098
0, 343, 744, 59, 50, 0.00019291973148938268
0, 554, 535, 15, 12, 0.00019099647761322558
0, 527, 493, 41, 32, 0.00018812342023011297
0, 375, 703, 31, 20, 0.00018770557653624564
0, 480, 812, 24, 40, 0.00018713068857323378
0, 1133, 626, 8, 231, 0.00018642848590388894
0, 383, 678, 31, 20, 0.00018218897457700223
0, 694, 591, 29, 23, 0.0001820851321099326
0, 529, 600, 13, 16, 0.00018188350077252835
