0, 849, 372, 66, 75, 0.5703322887420654
0, 825, 292, 68, 59, 0.5348690748214722
0, 376, 365, 111, 68, 0.48021507263183594
0, 756, 178, 44, 43, 0.4185052812099457
0, 752, 451, 89, 90, 0.3919719159603119
0, 639, 217, 44, 44, 0.32315000891685486
0, 606, 552, 64, 43, 0.26651322841644287
0, 618, 459, 38, 30, 0.23468813300132751
0, 311, 421, 74, 80, 0.23258443176746368
0, 355, 371, 66, 54, 0.1983972191810608
0, 833, 338, 101, 147, 0.19651392102241516
0, 816, 218, 56, 62, 0.18872463703155518
0, 284, 451, 139, 177, 0.16782039403915405
0, 321, 430, 250, 224, 0.1608370691537857
0, 215, 688, 74, 67, 0.1468934267759323
0, 421, 550, 40, 31, 0.13590183854103088
0, 294, 533, 299, 399, 0.12689025700092316
0, 229, 578, 86, 72, 0.1063135415315628
0, 219, 628, 121, 180, 0.09013643115758896
0, 271, 485, 83, 96, 0.08897925913333893
0, 808, 231, 75, 93, 0.08880902826786041
0, 709, 420, 69, 54, 0.07407629489898682
0, 202, 747, 53, 37, 0.06663098931312561
0, 764, 442, 62, 64, 0.0659744143486023
0, 350, 392, 159, 143, 0.06434240192174911
0, 432, 576, 43, 31, 0.0625835433602333
0, 218, 629, 82, 58, 0.05630283057689667
0, 324, 408, 45, 57, 0.05217452719807625
0, 360, 602, 26, 27, 0.05086492747068405
0, 426, 561, 50, 53, 0.04940705746412277
0, 310, 639, 21, 20, 0.048149704933166504
0, 613, 459, 68, 36, 0.048095908015966415
0, 228, 628, 62, 34, 0.039652131497859955
0, 223, 608, 83, 49, 0.038177039474248886
0, 229, 680, 50, 50, 0.036816004663705826
0, 221, 568, 63, 44, 0.03189541772007942
0, 821, 258, 34, 17, 0.030811164528131485
0, 215, 652, 94, 109, 0.027408896014094353
0, 294, 424, 39, 55, 0.026436438784003258
0, 490, 612, 18, 20, 0.026432715356349945
0, 399, 359, 57, 48, 0.026375066488981247
0, 699, 178, 37, 41, 0.02506021037697792
0, 227, 598, 56, 30, 0.023074941709637642
0, 816, 337, 30, 26, 0.019055457785725594
0, 256, 505, 77, 71, 0.018808800727128983
0, 280, 455, 66, 125, 0.01871177926659584
0, 747, 173, 69, 65, 0.018086222931742668
0, 784, 241, 18, 25, 0.018005620688199997
0, 271, 472, 46, 85, 0.017737977206707
0, 239, 639, 47, 47, 0.014974350109696388
0, 731, 411, 31, 31, 0.014634753577411175
0, 432, 325, 39, 41, 0.014386851340532303
0, 649, 426, 18, 30, 0.014307289384305477
0, 418, 351, 70, 75, 0.014007926918566227
0, 342, 395, 101, 109, 0.013290010392665863
0, 210, 710, 32, 20, 0.013272875919938087
0, 248, 562, 57, 36, 0.013127200305461884
0, 208, 708, 99, 109, 0.01298979390412569
0, 408, 555, 61, 43, 0.012900772504508495
0, 387, 564, 18, 17, 0.012892467901110649
0, 639, 525, 20, 17, 0.012820121832191944
0, 286, 672, 44, 27, 0.012776817195117474
0, 787, 269, 29, 24, 0.012483878992497921
0, 629, 443, 69, 66, 0.011609080247581005
0, 640, 430, 16, 22, 0.011588996276259422
0, 436, 330, 26, 27, 0.011252791620790958
0, 256, 559, 38, 25, 0.010801459662616253
0, 814, 260, 50, 24, 0.0100197559222579
0, 253, 525, 41, 27, 0.009999451227486134
0, 622, 539, 14, 14, 0.00993613712489605
0, 276, 460, 22, 36, 0.009803283959627151
0, 194, 682, 51, 45, 0.009797384031116962
0, 802, 266, 56, 26, 0.009617933072149754
0, 285, 480, 46, 61, 0.009197129867970943
0, 786, 245, 28, 33, 0.00868102815002203
0, 821, 243, 48, 55, 0.008338537998497486
0, 513, 521, 16, 19, 0.008291703648865223
0, 200, 569, 22, 26, 0.008249721489846706
0, 597, 461, 36, 33, 0.008015685714781284
0, 775, 434, 32, 25, 0.007775575388222933
0, 746, 431, 27, 37, 0.00756525993347168
0, 243, 533, 78, 103, 0.007510616909712553
0, 330, 629, 21, 17, 0.007316275499761105
0, 200, 721, 56, 47, 0.007022986188530922
0, 510, 498, 28, 29, 0.006857085041701794
0, 821, 349, 28, 39, 0.0067595080472528934
0, 731, 425, 108, 66, 0.0066949971951544285
0, 726, 450, 29, 32, 0.006613531615585089
0, 193, 757, 73, 53, 0.006482081953436136
0, 269, 444, 30, 28, 0.00647230539470911
0, 738, 438, 57, 56, 0.005951238330453634
0, 588, 463, 18, 25, 0.005767326336354017
0, 327, 632, 32, 24, 0.005725233815610409
0, 251, 497, 149, 211, 0.005506056360900402
0, 348, 600, 51, 38, 0.005449939053505659
0, 860, 428, 22, 16, 0.005248434841632843
0, 643, 442, 32, 62, 0.005223769228905439
0, 293, 408, 25, 33, 0.0050356448628008366
0, 786, 254, 36, 56, 0.00457948399707675
0, 666, 524, 14, 17, 0.004511133302003145
0, 690, 195, 19, 16, 0.004012754652649164
0, 458, 523, 21, 17, 0.003945759031921625
0, 658, 204, 87, 73, 0.003884033765643835
0, 186, 641, 40, 52, 0.0038729344960302114
0, 769, 426, 30, 35, 0.0038326638750731945
0, 233, 659, 53, 93, 0.003819097299128771
0, 704, 197, 162, 106, 0.003780294908210635
0, 465, 605, 19, 34, 0.003767132991924882
0, 264, 520, 53, 37, 0.003762813750654459
0, 762, 191, 72, 73, 0.003716549603268504
0, 228, 548, 84, 147, 0.0037160429637879133
0, 442, 348, 16, 23, 0.0033375839702785015
0, 14, 81, 29, 160, 0.003226513508707285
0, 209, 708, 49, 28, 0.0031610694713890553
0, 185, 672, 36, 33, 0.003079413203522563
0, 19, 126, 38, 251, 0.003067778656259179
0, 817, 252, 112, 144, 0.0029795393347740173
0, 230, 516, 32, 43, 0.0028905400540679693
0, 755, 471, 39, 48, 0.002887975424528122
0, 230, 516, 52, 56, 0.0027689053677022457
0, 777, 208, 31, 41, 0.0026605911552906036
0, 171, 757, 25, 26, 0.0025953154545277357
0, 352, 590, 21, 21, 0.002515603555366397
0, 745, 422, 17, 26, 0.00246655335649848
0, 200, 736, 81, 92, 0.002441297983750701
0, 781, 214, 140, 116, 0.0024076758418232203
0, 248, 582, 93, 142, 0.002396285068243742
0, 607, 524, 15, 11, 0.002277049934491515
0, 682, 191, 81, 72, 0.0022750478237867355
0, 293, 478, 96, 128, 0.002252152655273676
0, 308, 450, 97, 121, 0.002227514050900936
0, 302, 405, 147, 141, 0.002226863522082567
0, 833, 358, 72, 97, 0.0021923177409917116
0, 187, 717, 28, 22, 0.002117835683748126
0, 201, 621, 75, 84, 0.002064930507913232
0, 848, 320, 31, 32, 0.0020491289906203747
0, 512, 508, 39, 49, 0.0019437752198427916
0, 815, 310, 75, 101, 0.001732525648549199
0, 383, 367, 157, 139, 0.0017121711280196905
0, 610, 483, 22, 15, 0.001611188636161387
0, 856, 408, 48, 60, 0.001586473430506885
0, 385, 568, 28, 25, 0.0015797571977600455
0, 257, 489, 61, 55, 0.0015750584425404668
0, 319, 634, 37, 31, 0.0015531375538557768
0, 679, 196, 21, 19, 0.0015378190437331796
0, 375, 343, 26, 22, 0.0015182839706540108
0, 695, 427, 42, 40, 0.0014879395021125674
0, 405, 572, 78, 38, 0.0014833444729447365
0, 21, 232, 42, 304, 0.001400101580657065
0, 223, 543, 130, 214, 0.0013511915458366275
0, 250, 559, 67, 65, 0.001308188191615045
0, 769, 396, 17, 23, 0.0012921453453600407
0, 31, 67, 62, 131, 0.0012711490271613002
0, 481, 610, 42, 29, 0.0012162316124886274
0, 22, 345, 45, 337, 0.001198825892060995
0, 250, 534, 63, 45, 0.001198441255837679
0, 624, 530, 54, 32, 0.0011928429594263434
0, 758, 482, 23, 26, 0.0011743569048121572
0, 426, 545, 58, 45, 0.0011565479217097163
0, 327, 608, 23, 25, 0.0011373974848538637
0, 202, 570, 46, 45, 0.0011325387749820948
0, 249, 477, 42, 40, 0.0011304434156045318
0, 734, 213, 248, 153, 0.0010530470171943307
0, 752, 152, 41, 23, 0.0010381819447502494
0, 780, 409, 20, 25, 0.001035540015436709
0, 740, 461, 60, 55, 0.0010301955044269562
0, 814, 345, 46, 61, 0.0009672882733866572
0, 45, 6, 91, 12, 0.0009646823164075613
0, 780, 223, 70, 109, 0.0009546743822284043
0, 344, 613, 65, 58, 0.0008428189903497696
0, 498, 613, 43, 26, 0.0008365592802874744
0, 468, 524, 39, 21, 0.000805271789431572
0, 683, 163, 28, 21, 0.0007789228111505508
0, 267, 536, 104, 140, 0.0007217821548692882
0, 392, 586, 97, 65, 0.0007212001364678144
0, 492, 525, 19, 18, 0.0006991542177274823
0, 5, 39, 10, 78, 0.0006928694783709943
0, 25, 8, 50, 17, 0.0006799193215556443
0, 1082, 42, 20, 84, 0.0006524952477775514
0, 266, 603, 201, 174, 0.0006027113413438201
0, 1086, 10, 12, 20, 0.0005878958618268371
0, 642, 176, 30, 27, 0.000582223990932107
0, 250, 476, 70, 97, 0.0005744241643697023
0, 59, 20, 118, 41, 0.0005402576643973589
0, 347, 689, 19, 21, 0.0005253885174170136
0, 801, 277, 180, 264, 0.0005187013302929699
0, 514, 616, 17, 22, 0.0005134519306011498
0, 800, 273, 72, 113, 0.0005131678772158921
0, 17, 27, 35, 54, 0.0005112634971737862
0, 1083, 995, 18, 185, 0.0005013003828935325
0, 638, 201, 36, 66, 0.0004856805317103863
0, 1086, 28, 12, 57, 0.00047868903493508697
0, 1088, 633, 9, 132, 0.0004746727936435491
0, 177, 718, 29, 27, 0.00047259038547053933
0, 1088, 1030, 8, 118, 0.00047226747847162187
0, 1083, 737, 18, 217, 0.0004701563739217818
0, 632, 218, 97, 55, 0.00044891773723065853
0, 1083, 910, 18, 224, 0.00041400539339520037
0, 60, 44, 120, 89, 0.00040959386387839913
0, 258, 480, 88, 177, 0.0004092217131983489
0, 789, 204, 54, 45, 0.0003904547484125942
0, 721, 446, 82, 76, 0.0003854711540043354
0, 541, 237, 25, 18, 0.00037512052222155035
0, 1070, 41, 45, 83, 0.0003750661853700876
0, 1088, 906, 8, 128, 0.0003727892180904746
0, 750, 172, 102, 90, 0.000365649611921981
0, 362, 588, 85, 60, 0.00035417405888438225
0, 24, 465, 48, 320, 0.0003534933493938297
0, 675, 401, 21, 22, 0.00035116312210448086
0, 597, 230, 23, 20, 0.0003468993818387389
0, 1088, 952, 8, 139, 0.00034193843021057546
0, 1083, 808, 18, 212, 0.0003327873128000647
0, 1074, 10, 36, 21, 0.0003298349620308727
0, 204, 587, 83, 146, 0.0003270513261668384
0, 1086, 62, 13, 121, 0.0003226151457056403
0, 344, 882, 30, 23, 0.0003191174764651805
0, 172, 760, 37, 38, 0.00030836599762551486
0, 317, 612, 30, 21, 0.000305840716464445
0, 1088, 752, 8, 140, 0.0003016475820913911
0, 639, 176, 18, 20, 0.00030117775895632803
0, 772, 392, 42, 42, 0.00029130172333680093
0, 725, 163, 88, 68, 0.00029109767638146877
0, 648, 424, 35, 38, 0.0002827645221259445
0, 861, 422, 44, 30, 0.00028259740793146193
0, 196, 781, 69, 43, 0.0002819437358994037
0, 1047, 9, 88, 19, 0.00027684171800501645
0, 587, 489, 18, 11, 0.0002757314359769225
0, 50, 111, 100, 222, 0.00027092540403828025
0, 1088, 592, 8, 128, 0.0002579926513135433
0, 1074, 23, 37, 47, 0.00024916790425777435
0, 658, 421, 56, 48, 0.00023541734844911844
0, 1088, 828, 8, 137, 0.00022982378141023219
0, 1087, 1068, 10, 52, 0.00022750775679014623
0, 629, 538, 100, 74, 0.00022687716409564018
0, 668, 160, 24, 22, 0.0002235143620055169
0, 264, 659, 101, 56, 0.00022154688485898077
0, 786, 375, 15, 15, 0.00022081909992266446
0, 443, 589, 73, 64, 0.00021207513054832816
0, 237, 436, 248, 208, 0.00020675121049862355
0, 529, 271, 14, 16, 0.00020498559752013534
0, 749, 406, 90, 64, 0.00020436890190467238
0, 483, 524, 57, 27, 0.00020334398141130805
0, 1088, 687, 8, 132, 0.0002030682808253914
0, 864, 397, 38, 26, 0.00019985200196970254
0, 5, 86, 10, 172, 0.00019561033695936203
0, 333, 437, 99, 97, 0.00019200144743081182
0, 475, 554, 16, 14, 0.0001898893533507362
0, 635, 431, 123, 92, 0.0001885382371256128
0, 1056, 20, 73, 41, 0.0001859556941781193
0, 375, 848, 22, 28, 0.00018130654643755406
0, 513, 529, 21, 34, 0.0001798615703592077
0, 609, 489, 89, 95, 0.00017904247215483338
0, 728, 153, 45, 32, 0.00017869046132545918
0, 696, 145, 27, 18, 0.00017561172717250884
0, 35, 187, 71, 293, 0.00016890284314285964
0, 701, 173, 90, 82, 0.00016708254406694323
0, 489, 620, 43, 39, 0.00015883418382145464
0, 1084, 558, 17, 365, 0.00015784813149366528
0, 1086, 247, 13, 118, 0.00015070658992044628
0, 319, 646, 49, 50, 0.000147551458212547
0, 483, 278, 16, 14, 0.00014692233526147902
0, 493, 512, 92, 55, 0.0001467229740228504
0, 195, 578, 181, 357, 0.00014408500283025205
0, 431, 325, 48, 75, 0.00014394603203982115
0, 1087, 193, 11, 122, 0.0001388509845128283
0, 339, 598, 77, 55, 0.00013620598474517465
0, 209, 790, 29, 22, 0.0001351801911368966
0, 783, 375, 223, 230, 0.00013483015936799347
0, 1088, 99, 9, 122, 0.00013475766172632575
0, 88, 7, 147, 14, 0.00013460099580697715
0, 1086, 312, 13, 113, 0.000134053043439053
0, 275, 681, 77, 47, 0.00013259942352306098
0, 1087, 550, 10, 122, 0.0001245123567059636
0, 179, 770, 44, 60, 0.0001185368892038241
0, 714, 444, 172, 103, 0.00011783422087319195
0, 544, 245, 43, 40, 0.0001173918935819529
0, 1082, 1055, 20, 79, 0.00011652166722342372
0, 373, 369, 310, 140, 0.00011569241178222
0, 541, 499, 28, 25, 0.00011516584345372394
0, 445, 329, 396, 279, 0.00011322142381686717
0, 38, 298, 76, 328, 0.00011108587932540104
0, 547, 501, 19, 16, 0.00011088364408351481
0, 636, 524, 29, 26, 0.00011080204421887174
0, 635, 461, 91, 101, 0.00010988327267114073
0, 237, 656, 170, 79, 0.0001098530919989571
0, 70, 1062, 141, 66, 0.00010968761489493772
0, 839, 226, 128, 118, 0.00010684659355320036
0, 441, 563, 86, 64, 0.00010127527639269829
0, 518, 513, 61, 65, 9.917694114847109e-05
0, 1048, 48, 89, 96, 9.674089233158156e-05
0, 1086, 505, 12, 116, 9.636771574150771e-05
0, 292, 658, 53, 58, 9.617282194085419e-05
0, 1088, 139, 9, 119, 9.270048758480698e-05
0, 687, 357, 266, 276, 8.888991578714922e-05
0, 20, 571, 40, 262, 8.827295096125454e-05
0, 354, 883, 16, 21, 8.769938722252846e-05
0, 1086, 429, 12, 115, 8.695674478076398e-05
0, 1061, 783, 63, 383, 8.616129343863577e-05
0, 779, 261, 83, 138, 8.572864317102358e-05
