0, 1004, 601, 97, 61, 0.6527106165885925
0, 1260, 653, 113, 80, 0.5250741243362427
0, 912, 464, 55, 51, 0.47487273812294006
0, 342, 283, 27, 25, 0.43418675661087036
0, 1142, 374, 71, 45, 0.3707233667373657
0, 797, 527, 41, 24, 0.35052168369293213
0, 907, 742, 60, 40, 0.3493027687072754
0, 1535, 625, 38, 25, 0.3356627821922302
0, 1198, 339, 44, 30, 0.33108314871788025
0, 1233, 579, 61, 44, 0.30748510360717773
0, 725, 528, 67, 40, 0.29905062913894653
0, 1149, 691, 35, 27, 0.2987547218799591
0, 1243, 666, 73, 42, 0.2735547125339508
0, 1179, 561, 47, 27, 0.2726214826107025
0, 1354, 641, 30, 27, 0.2708292603492737
0, 1436, 624, 33, 27, 0.26166048645973206
0, 380, 242, 50, 35, 0.2566812038421631
0, 934, 564, 30, 21, 0.25522351264953613
0, 555, 546, 40, 32, 0.25261759757995605
