0, 280, 401, 161, 169, 0.4302603006362915
0, 511, 674, 122, 168, 0.39107927680015564
0, 465, 1157, 130, 138, 0.37120679020881653
0, 742, 622, 132, 156, 0.3408953845500946
0, 496, 926, 99, 58, 0.23648646473884583
0, 459, 1059, 66, 57, 0.2289462685585022
0, 648, 1104, 64, 39, 0.21293124556541443
0, 363, 1385, 76, 52, 0.19205863773822784
0, 1158, 1189, 83, 106, 0.16798286139965057
0, 304, 429, 104, 105, 0.1319824457168579
0, 777, 990, 38, 46, 0.13099902868270874
0, 737, 836, 51, 53, 0.12744726240634918
0, 504, 630, 90, 83, 0.12073170393705368
0, 759, 643, 80, 105, 0.10718236118555069
0, 924, 1143, 37, 40, 0.10091868042945862
0, 597, 801, 100, 115, 0.0892590805888176
0, 707, 835, 113, 64, 0.08799753338098526
0, 1172, 1159, 49, 36, 0.08625032007694244
0, 674, 882, 25, 28, 0.083890400826931
0, 509, 1008, 66, 99, 0.08186231553554535
0, 712, 571, 72, 59, 0.08101314306259155
0, 931, 1090, 51, 49, 0.07621616870164871
0, 508, 1135, 58, 144, 0.06089780852198601
0, 419, 542, 57, 79, 0.05791516229510307
0, 586, 1186, 42, 53, 0.05769786238670349
0, 329, 413, 49, 34, 0.05689207464456558
0, 1098, 854, 72, 59, 0.05688517913222313
0, 587, 777, 39, 66, 0.05678645148873329
0, 1167, 1200, 58, 56, 0.05532562732696533
0, 1137, 1184, 32, 37, 0.05497374385595322
0, 518, 1085, 36, 42, 0.05371064320206642
0, 313, 446, 70, 72, 0.05298793315887451
0, 513, 981, 49, 42, 0.05295092612504959
0, 708, 918, 32, 34, 0.0517948716878891
0, 571, 780, 47, 63, 0.04849456250667572
0, 518, 1024, 40, 69, 0.04849432781338692
0, 506, 663, 88, 79, 0.0444081649184227
0, 471, 1090, 146, 268, 0.044105228036642075
0, 501, 608, 70, 37, 0.04401499778032303
0, 801, 999, 90, 68, 0.04361054301261902
0, 482, 645, 39, 51, 0.041314855217933655
0, 579, 703, 26, 29, 0.04099152982234955
0, 263, 375, 113, 110, 0.040688879787921906
0, 631, 809, 179, 135, 0.03918999060988426
0, 527, 719, 82, 81, 0.03799190744757652
0, 693, 1169, 80, 72, 0.03576516732573509
0, 678, 831, 71, 60, 0.03435665741562843
0, 656, 809, 104, 87, 0.033218447118997574
0, 727, 852, 75, 93, 0.03313614800572395
0, 511, 1095, 51, 64, 0.03164903447031975
0, 505, 1146, 42, 51, 0.031420398503541946
0, 768, 663, 55, 69, 0.030298953875899315
0, 1114, 867, 36, 31, 0.02915307693183422
0, 562, 782, 27, 53, 0.028696570545434952
0, 1160, 1230, 34, 21, 0.027602873742580414
0, 527, 678, 43, 46, 0.025778090581297874
0, 321, 408, 67, 63, 0.025490963831543922
0, 619, 813, 59, 93, 0.02515180967748165
0, 1130, 947, 27, 48, 0.02489040419459343
0, 538, 728, 57, 56, 0.023783797398209572
0, 523, 688, 76, 103, 0.023387106135487556
0, 432, 527, 48, 43, 0.022892683744430542
0, 443, 527, 25, 30, 0.02244812622666359
0, 435, 1145, 62, 69, 0.022150879725813866
0, 287, 409, 85, 73, 0.021983232349157333
0, 636, 1152, 36, 28, 0.021370019763708115
0, 459, 1187, 48, 39, 0.02131856419146061
0, 401, 508, 26, 30, 0.02103874646127224
0, 1086, 869, 48, 27, 0.02091093547642231
0, 382, 1419, 24, 25, 0.020542731508612633
0, 705, 620, 37, 31, 0.019569622352719307
0, 399, 499, 39, 49, 0.019076187163591385
0, 506, 1006, 57, 36, 0.018929682672023773
0, 691, 867, 36, 34, 0.018768537789583206
0, 633, 841, 33, 41, 0.018530279397964478
0, 276, 402, 57, 51, 0.017356639727950096
0, 628, 789, 35, 38, 0.016882196068763733
0, 624, 833, 53, 57, 0.016710909083485603
0, 532, 717, 41, 47, 0.016162848100066185
0, 719, 822, 44, 43, 0.01370057463645935
0, 715, 881, 28, 30, 0.01320714596658945
0, 744, 608, 75, 68, 0.012280618771910667
0, 731, 589, 45, 30, 0.01203647255897522
0, 650, 1147, 39, 32, 0.012028644792735577
0, 580, 697, 43, 49, 0.011906553991138935
0, 1150, 1064, 34, 39, 0.011704884469509125
0, 464, 1053, 84, 93, 0.01161719299852848
0, 477, 1199, 75, 58, 0.011495240963995457
0, 355, 490, 34, 27, 0.011425387114286423
0, 480, 1028, 127, 135, 0.011119019240140915
0, 736, 1155, 22, 24, 0.010960378684103489
0, 272, 352, 90, 59, 0.010783056728541851
0, 390, 509, 48, 48, 0.010707841254770756
0, 258, 396, 47, 46, 0.010654586367309093
0, 436, 1122, 44, 31, 0.010642203502357006
0, 671, 878, 39, 38, 0.010260681621730328
0, 696, 878, 53, 40, 0.010260362178087234
0, 1152, 1105, 23, 27, 0.010244791395962238
0, 725, 591, 109, 99, 0.009806705638766289
0, 590, 757, 33, 30, 0.009609329514205456
0, 444, 598, 28, 33, 0.009350464679300785
0, 715, 1133, 34, 23, 0.009307985194027424
0, 548, 1168, 22, 39, 0.009284130297601223
0, 288, 358, 48, 41, 0.009203455410897732
0, 362, 478, 54, 50, 0.00869891606271267
0, 326, 460, 45, 44, 0.008264032192528248
0, 1174, 1058, 39, 31, 0.008154420182108879
0, 291, 1409, 37, 31, 0.008075868710875511
0, 1162, 1066, 61, 46, 0.007924074307084084
0, 573, 1181, 72, 63, 0.007734718732535839
0, 774, 718, 36, 26, 0.007699456997215748
0, 1081, 830, 27, 24, 0.007635782938450575
0, 635, 744, 22, 24, 0.0076037244871258736
0, 506, 1037, 62, 70, 0.007591690868139267
0, 792, 658, 42, 49, 0.007270693313330412
0, 858, 1018, 32, 27, 0.007071792613714933
0, 400, 530, 91, 119, 0.007020299788564444
0, 720, 630, 72, 55, 0.006727190222591162
0, 394, 1218, 31, 29, 0.006596714723855257
0, 1155, 1112, 36, 46, 0.006463104393333197
0, 661, 1162, 60, 53, 0.006288424134254456
0, 552, 751, 73, 73, 0.006044791080057621
0, 865, 705, 30, 31, 0.006021006964147091
0, 545, 697, 186, 223, 0.0059010181576013565
0, 1024, 761, 33, 27, 0.0057449000887572765
0, 495, 967, 96, 147, 0.005505014676600695
0, 478, 1211, 52, 40, 0.005400124471634626
0, 238, 342, 52, 35, 0.005321788135915995
0, 1063, 800, 43, 25, 0.005131052806973457
0, 1115, 902, 25, 29, 0.004967380315065384
0, 725, 1149, 41, 38, 0.004938915371894836
0, 1172, 1172, 58, 69, 0.004840891808271408
0, 376, 459, 37, 51, 0.004398583900183439
0, 1159, 1096, 54, 75, 0.004162749741226435
0, 638, 1170, 138, 81, 0.004014024045318365
0, 704, 1218, 31, 27, 0.003970340359956026
0, 643, 758, 216, 294, 0.003946058917790651
0, 699, 655, 24, 31, 0.0039195716381073
0, 1145, 1188, 63, 52, 0.003892952809110284
0, 383, 491, 112, 175, 0.00368096842430532
0, 926, 1076, 71, 73, 0.0035484079271554947
0, 826, 660, 26, 33, 0.003443180350586772
0, 847, 1017, 56, 35, 0.0033695960883051157
0, 650, 848, 64, 63, 0.003348729806020856
0, 607, 706, 27, 27, 0.0032800105400383472
0, 893, 1037, 22, 30, 0.0031893844716250896
0, 935, 1072, 46, 45, 0.0030154825653880835
0, 349, 461, 80, 64, 0.0029972242191433907
0, 585, 712, 53, 62, 0.00299162813462317
0, 423, 558, 84, 117, 0.002952408045530319
0, 1079, 1246, 31, 19, 0.002948848996311426
0, 484, 1244, 33, 23, 0.002910905983299017
0, 698, 896, 70, 74, 0.0028588424902409315
0, 1157, 950, 18, 30, 0.0028548596892505884
0, 1166, 1098, 45, 44, 0.002819742076098919
0, 927, 1115, 51, 100, 0.002806068630889058
0, 376, 1426, 33, 42, 0.002778947353363037
0, 614, 781, 89, 65, 0.0026657888665795326
0, 804, 742, 28, 23, 0.002608283655717969
0, 248, 355, 83, 74, 0.0025770943611860275
0, 789, 717, 46, 30, 0.0025478845927864313
0, 555, 1127, 84, 114, 0.0025313664227724075
0, 646, 749, 45, 34, 0.002507738070562482
0, 560, 1144, 47, 69, 0.002291350858286023
0, 768, 706, 35, 28, 0.002164651406928897
0, 471, 653, 70, 75, 0.0019419601885601878
0, 693, 830, 124, 155, 0.0019240222172811627
0, 902, 1045, 41, 50, 0.0019194759661331773
0, 908, 729, 28, 38, 0.001914336928166449
0, 1141, 947, 52, 54, 0.001835389994084835
0, 375, 498, 84, 66, 0.0018068108474835753
0, 240, 333, 29, 27, 0.0018014471279457211
0, 818, 644, 38, 62, 0.001800622558221221
0, 639, 503, 32, 28, 0.0017563458532094955
0, 1160, 1123, 70, 87, 0.0017448912840336561
0, 556, 1086, 22, 25, 0.0017016916535794735
0, 1113, 895, 37, 30, 0.0016826645005494356
0, 895, 1051, 26, 38, 0.0016298550181090832
0, 1076, 848, 89, 80, 0.0015913069946691394
0, 931, 1038, 46, 37, 0.0015516048297286034
0, 822, 669, 31, 51, 0.0015431717038154602
0, 123, 562, 34, 45, 0.0015393419889733195
0, 816, 621, 38, 34, 0.0015319029334932566
0, 480, 609, 127, 62, 0.0015091125387698412
0, 277, 588, 60, 66, 0.001492855022661388
0, 639, 1159, 82, 69, 0.0014811488799750805
0, 448, 1118, 109, 181, 0.0014716280857101083
0, 695, 1135, 79, 39, 0.0014505306025967002
0, 755, 579, 182, 202, 0.0014245400670915842
0, 469, 559, 16, 26, 0.0013971885200589895
0, 777, 707, 47, 38, 0.0013838044833391905
0, 480, 649, 194, 229, 0.0013275975361466408
0, 597, 1176, 73, 76, 0.0012922210153192282
0, 334, 461, 251, 272, 0.001277654548175633
0, 912, 1339, 18, 26, 0.0012265641707926989
0, 1060, 1270, 29, 21, 0.0012209673877805471
0, 1036, 851, 21, 14, 0.0011993891093879938
0, 889, 907, 23, 25, 0.0011766006937250495
0, 1155, 1220, 58, 67, 0.001169283059425652
0, 744, 690, 38, 39, 0.001132580335251987
0, 940, 1030, 30, 21, 0.0011109482729807496
0, 567, 1122, 51, 51, 0.0010911708232015371
0, 498, 1162, 68, 117, 0.0010901385685428977
0, 456, 1193, 119, 101, 0.0010654334910213947
0, 791, 724, 77, 59, 0.0010583718540146947
0, 493, 598, 79, 93, 0.0010543313110247254
0, 556, 782, 73, 90, 0.0010191226610913873
0, 333, 746, 29, 26, 0.000981600140221417
0, 971, 1398, 14, 33, 0.0009719631634652615
0, 934, 767, 27, 23, 0.0009665295365266502
0, 471, 570, 19, 33, 0.0009580758633092046
0, 386, 1418, 42, 32, 0.000958031159825623
0, 780, 612, 117, 74, 0.0008971478673629463
0, 366, 448, 58, 60, 0.0008772755390964448
0, 369, 554, 26, 24, 0.0008733239956200123
0, 850, 981, 32, 34, 0.0008640193846076727
0, 711, 632, 92, 88, 0.0008556792163290083
0, 496, 847, 30, 19, 0.0008486033184453845
0, 209, 320, 33, 36, 0.0008452812326140702
0, 808, 724, 44, 36, 0.0008422738173976541
0, 627, 832, 112, 116, 0.0008376684272661805
0, 332, 441, 164, 205, 0.000830308475997299
0, 444, 1073, 105, 104, 0.0008002292597666383
0, 391, 1366, 28, 41, 0.000792388862464577
0, 629, 475, 34, 29, 0.0007851783884689212
0, 260, 580, 22, 31, 0.000781739188823849
0, 477, 1236, 60, 47, 0.0007583997212350368
0, 279, 602, 43, 44, 0.0006911893142387271
0, 1290, 1622, 25, 22, 0.0006840396672487259
0, 605, 734, 95, 62, 0.000640075362753123
0, 504, 829, 18, 14, 0.0005643699551001191
0, 674, 1129, 121, 83, 0.0005518334219232202
0, 766, 694, 78, 87, 0.00054744171211496
0, 1123, 933, 44, 77, 0.0005256584845483303
0, 483, 1219, 70, 81, 0.0005147546180523932
0, 633, 490, 51, 60, 0.0005109329358674586
0, 272, 615, 70, 100, 0.0004969337023794651
0, 687, 875, 114, 134, 0.0004915781901217997
0, 545, 751, 129, 197, 0.00048631150275468826
0, 868, 596, 37, 51, 0.0004444612713996321
0, 933, 1293, 17, 15, 0.0004384384665172547
0, 716, 897, 69, 94, 0.0004215114167891443
0, 304, 1492, 46, 29, 0.00041378638707101345
0, 362, 1405, 82, 76, 0.00041145054274238646
0, 843, 1003, 70, 70, 0.00040860442095436156
0, 915, 1212, 34, 31, 0.00040623507811687887
0, 746, 393, 120, 94, 0.0003970302641391754
0, 144, 508, 28, 23, 0.0003957658482249826
0, 251, 644, 23, 30, 0.0003867213090416044
0, 333, 450, 124, 118, 0.0003856558760162443
0, 1184, 1020, 19, 15, 0.0003811167844105512
0, 468, 624, 114, 129, 0.0003706545103341341
0, 648, 756, 66, 51, 0.0003658987407106906
0, 514, 1053, 100, 185, 0.0003648917190730572
0, 809, 711, 43, 31, 0.00035569031024351716
0, 230, 322, 88, 63, 0.0003529256209731102
0, 376, 529, 284, 463, 0.00035264884354546666
0, 287, 598, 38, 30, 0.0003525853098835796
0, 126, 549, 40, 34, 0.0003431923396419734
0, 909, 686, 13, 18, 0.0003274543851148337
0, 293, 719, 45, 38, 0.00030374270863831043
0, 714, 921, 44, 52, 0.0003012113447766751
0, 900, 726, 46, 59, 0.0002844517584890127
0, 916, 1039, 74, 58, 0.0002751607680693269
0, 1170, 1163, 116, 165, 0.00027207989478483796
0, 674, 1186, 122, 105, 0.00027052947552874684
0, 398, 558, 141, 142, 0.00026462459936738014
0, 957, 1313, 24, 29, 0.0002595994155853987
0, 330, 755, 35, 47, 0.0002571713994257152
0, 385, 555, 79, 62, 0.00025484623620286584
0, 662, 1111, 101, 52, 0.0002447395818307996
0, 304, 1406, 65, 33, 0.0002366381959291175
0, 1055, 810, 56, 40, 0.00023587029136251658
0, 513, 857, 65, 38, 0.00023559608962386847
0, 815, 986, 143, 93, 0.00022013737179804593
0, 1054, 826, 59, 32, 0.0002171579108107835
0, 780, 984, 52, 70, 0.00021310424199327826
0, 429, 1170, 117, 121, 0.0002118409174727276
0, 922, 1350, 40, 47, 0.00021132829715497792
0, 789, 597, 202, 83, 0.00020993832731619477
0, 593, 651, 290, 238, 0.00020962209964636713
0, 571, 891, 14, 21, 0.00020775152370333672
0, 987, 1400, 30, 35, 0.00020750048861373216
0, 757, 1175, 34, 44, 0.0002059948310488835
0, 957, 1203, 16, 39, 0.00020512517949100584
0, 374, 717, 25, 22, 0.00020407000556588173
0, 307, 737, 87, 74, 0.00020219535508658737
0, 716, 1236, 35, 29, 0.0001980986271519214
0, 804, 634, 104, 145, 0.00019749549392145127
0, 203, 308, 34, 38, 0.000191722676390782
0, 235, 354, 105, 128, 0.00019115954637527466
0, 1174, 1286, 16, 18, 0.00018098391592502594
0, 1031, 782, 27, 15, 0.00018034085223916918
0, 531, 862, 29, 28, 0.00017349797417409718
0, 335, 1395, 117, 69, 0.00017236500571016222
0, 747, 380, 90, 55, 0.00017130230844486505
0, 705, 1224, 60, 57, 0.00017095393559429795
0, 615, 1192, 132, 91, 0.00017042823310475796
0, 992, 841, 17, 19, 0.0001616533554624766
0, 141, 568, 32, 35, 0.00015634673763997853
