3, 259, 183, 95, 109, 0.87534499168396
3, 174, 37, 47, 47, 0.802104115486145
3, 296, 31, 55, 62, 0.7836906909942627
0, 77, 13, 29, 27, 0.7270013689994812
3, 243, 291, 69, 87, 0.6554791927337646
3, 225, 59, 56, 51, 0.6413909792900085
0, 47, 23, 34, 26, 0.6342763304710388
0, 9, 51, 18, 25, 0.569586992263794
3, 134, 76, 70, 56, 0.5491470694541931
0, 27, 8, 18, 16, 0.5301223993301392
3, 172, 328, 51, 35, 0.5073190927505493
3, 334, 172, 25, 47, 0.4996989369392395
3, 338, 115, 18, 34, 0.4937548339366913
3, 187, 112, 83, 58, 0.44539251923561096
0, 10, 138, 21, 36, 0.4109421968460083
3, 121, 106, 107, 123, 0.3582315742969513
3, 97, 229, 45, 40, 0.35414114594459534
0, 92, 287, 33, 30, 0.33232593536376953
3, 193, 306, 29, 27, 0.33018848299980164
0, 267, 187, 20, 25, 0.31906020641326904
0, 16, 112, 32, 21, 0.3171822726726532
3, 103, 123, 64, 77, 0.3075501322746277
1, 206, 282, 16, 20, 0.2905380129814148
3, 198, 234, 63, 85, 0.27472540736198425
3, 187, 70, 24, 25, 0.2613348662853241
3, 55, 68, 62, 68, 0.25681373476982117
3, 195, 11, 60, 22, 0.2397918403148651
3, 276, 85, 66, 83, 0.23890385031700134
0, 206, 282, 16, 20, 0.2126811295747757
3, 197, 11, 66, 23, 0.20980222523212433
3, 145, 260, 81, 61, 0.20803984999656677
3, 120, 103, 105, 114, 0.20460736751556396
3, 97, 229, 45, 42, 0.2025383710861206
3, 166, 139, 80, 98, 0.19956958293914795
3, 215, 18, 30, 35, 0.19814254343509674
3, 184, 135, 111, 107, 0.18617652356624603
3, 16, 130, 33, 60, 0.18011856079101562
3, 174, 38, 47, 47, 0.17472921311855316
3, 198, 233, 64, 91, 0.17434753477573395
0, 55, 58, 31, 34, 0.16436077654361725
3, 72, 212, 34, 33, 0.16322404146194458
0, 337, 165, 20, 30, 0.15353310108184814
3, 48, 23, 37, 30, 0.14474770426750183
0, 6, 216, 13, 26, 0.14368034899234772
3, 16, 68, 33, 71, 0.1420467346906662
3, 29, 213, 59, 85, 0.14146238565444946
2, 63, 249, 33, 25, 0.13994890451431274
0, 214, 21, 26, 27, 0.12667086720466614
0, 303, 226, 28, 28, 0.12240190804004669
3, 42, 176, 40, 43, 0.12048085778951645
0, 339, 116, 16, 31, 0.11994431912899017
0, 269, 234, 23, 26, 0.11391488462686539
3, 275, 86, 65, 83, 0.1081712394952774
0, 56, 289, 32, 32, 0.10573875159025192
3, 80, 283, 102, 66, 0.10333497077226639
3, 324, 74, 45, 47, 0.10121636092662811
0, 30, 229, 24, 31, 0.09860889613628387
1, 249, 329, 7, 7, 0.09685169905424118
3, 104, 176, 46, 42, 0.09562312811613083
3, 60, 286, 49, 50, 0.0856163278222084
0, 37, 4, 21, 9, 0.08470726758241653
0, 104, 229, 28, 29, 0.08100078999996185
3, 313, 343, 36, 8, 0.08041530102491379
0, 55, 68, 57, 66, 0.07961300015449524
3, 296, 143, 50, 64, 0.07915326952934265
3, 70, 212, 32, 33, 0.07657243311405182
3, 144, 285, 100, 115, 0.07654810696840286
3, 145, 261, 84, 72, 0.07623946666717529
3, 305, 225, 52, 46, 0.07217170298099518
3, 274, 261, 140, 144, 0.07116357237100601
3, 18, 130, 36, 61, 0.07002966105937958
0, 339, 115, 17, 32, 0.06878358125686646
3, 281, 83, 80, 86, 0.06727109104394913
3, 296, 141, 49, 60, 0.06683029979467392
0, 155, 267, 32, 33, 0.06670316308736801
0, 53, 87, 33, 23, 0.06427061557769775
3, 202, 238, 55, 73, 0.06319890916347504
3, 11, 46, 23, 38, 0.060745060443878174
3, 160, 301, 40, 26, 0.05925218015909195
3, 149, 201, 54, 69, 0.05505933612585068
3, 193, 306, 29, 26, 0.050260674208402634
3, 344, 259, 6, 51, 0.04952409490942955
2, 61, 250, 32, 22, 0.04876913130283356
3, 342, 47, 10, 25, 0.04794734716415405
3, 251, 197, 72, 89, 0.046728089451789856
3, 205, 282, 20, 23, 0.04659833386540413
3, 327, 213, 20, 30, 0.0425080806016922
3, 173, 328, 50, 33, 0.041980091482400894
3, 24, 218, 48, 64, 0.04006630927324295
3, 272, 32, 93, 64, 0.03888619691133499
0, 157, 264, 43, 49, 0.037124648690223694
0, 29, 227, 24, 34, 0.036372218281030655
0, 6, 215, 13, 26, 0.03572562336921692
3, 81, 182, 100, 75, 0.034884579479694366
3, 67, 155, 39, 48, 0.033753782510757446
0, 284, 173, 25, 26, 0.03340529650449753
0, 5, 89, 11, 20, 0.03315390646457672
3, 106, 14, 38, 28, 0.031571533530950546
3, 92, 14, 70, 28, 0.03072875551879406
3, 240, 219, 48, 40, 0.030583279207348824
3, 12, 47, 23, 38, 0.030333928763866425
0, 328, 213, 16, 29, 0.03015388734638691
3, 197, 228, 68, 96, 0.03005937859416008
0, 8, 4, 16, 9, 0.02989869751036167
3, 61, 250, 32, 22, 0.029636694118380547
1, 328, 213, 16, 29, 0.028850257396697998
3, 312, 344, 29, 7, 0.028514858335256577
0, 77, 13, 29, 27, 0.028218142688274384
0, 160, 299, 40, 24, 0.027753518894314766
3, 166, 154, 78, 69, 0.02724473923444748
3, 17, 113, 33, 22, 0.02715877816081047
3, 55, 61, 78, 84, 0.025215793401002884
0, 148, 212, 20, 17, 0.02471013180911541
3, 166, 134, 79, 89, 0.024531422182917595
0, 162, 124, 27, 22, 0.024365270510315895
0, 157, 300, 34, 24, 0.02387981303036213
3, 22, 129, 43, 67, 0.023315399885177612
0, 28, 222, 24, 30, 0.02327115833759308
0, 269, 231, 24, 29, 0.022876618430018425
3, 319, 296, 57, 75, 0.022612664848566055
3, 225, 144, 41, 59, 0.02252957411110401
3, 229, 134, 48, 48, 0.022394336760044098
1, 53, 87, 33, 23, 0.022268211469054222
3, 215, 18, 30, 35, 0.021763652563095093
3, 23, 64, 44, 90, 0.021614229306578636
3, 306, 223, 50, 44, 0.02098015509545803
3, 120, 344, 58, 7, 0.02096669189631939
0, 98, 182, 24, 23, 0.020647812634706497
3, 296, 143, 49, 64, 0.020340023562312126
3, 158, 260, 57, 59, 0.020174311473965645
2, 84, 231, 13, 12, 0.020072992891073227
3, 63, 249, 33, 25, 0.020028308033943176
0, 346, 254, 3, 43, 0.019870003685355186
0, 11, 41, 22, 24, 0.01972224749624729
3, 71, 155, 48, 50, 0.0195385180413723
0, 230, 131, 22, 23, 0.019501952454447746
1, 339, 116, 16, 31, 0.019196758046746254
0, 160, 325, 25, 22, 0.01880951225757599
0, 249, 329, 7, 7, 0.01875995099544525
1, 151, 37, 4, 4, 0.01871308498084545
0, 12, 41, 19, 21, 0.018524998798966408
0, 99, 178, 28, 31, 0.01842181198298931
3, 149, 200, 53, 70, 0.01783176138997078
1, 339, 115, 17, 32, 0.01774713583290577
0, 99, 9, 28, 18, 0.017405927181243896
3, 307, 232, 57, 60, 0.01738378405570984
3, 320, 306, 53, 59, 0.016878264024853706
3, 213, 341, 38, 12, 0.016861528158187866
3, 117, 102, 89, 89, 0.016391349956393242
3, 16, 64, 32, 82, 0.016283845528960228
2, 260, 184, 98, 109, 0.016135960817337036
0, 16, 112, 32, 21, 0.015804536640644073
1, 84, 231, 13, 12, 0.015592793934047222
3, 58, 286, 46, 48, 0.015053131617605686
3, 12, 48, 25, 41, 0.015016213990747929
0, 34, 4, 20, 8, 0.01452400628477335
3, 237, 127, 44, 42, 0.01423388347029686
3, 305, 246, 66, 92, 0.014071808196604252
3, 35, 202, 65, 109, 0.01387268677353859
3, 13, 218, 26, 63, 0.01351094339042902
3, 140, 217, 32, 34, 0.013357209973037243
0, 260, 203, 23, 18, 0.013339788652956486
3, 148, 212, 46, 46, 0.013301859609782696
0, 71, 212, 33, 31, 0.013270371593534946
0, 47, 24, 36, 29, 0.013265314511954784
3, 187, 70, 23, 22, 0.01323192659765482
3, 244, 219, 53, 41, 0.012969073839485645
0, 335, 172, 25, 46, 0.012915201485157013
0, 8, 4, 15, 9, 0.012487847357988358
0, 120, 252, 26, 25, 0.012479047290980816
3, 193, 305, 29, 27, 0.01237721461802721
0, 105, 229, 28, 29, 0.012180390767753124
3, 193, 305, 30, 28, 0.01187211275100708
3, 34, 8, 34, 17, 0.011724366806447506
1, 249, 330, 7, 8, 0.011703687720000744
2, 97, 229, 45, 40, 0.011668617837131023
3, 55, 69, 59, 65, 0.011519627645611763
3, 141, 215, 33, 39, 0.011502954177558422
2, 205, 282, 20, 23, 0.011474566534161568
0, 193, 257, 19, 24, 0.011215741746127605
3, 70, 155, 47, 50, 0.011107918806374073
2, 60, 250, 29, 19, 0.010973101481795311
3, 149, 200, 58, 76, 0.010669570416212082
0, 222, 59, 50, 50, 0.010651204735040665
0, 5, 89, 10, 19, 0.010222959332168102
3, 38, 226, 44, 45, 0.010063122026622295
3, 343, 141, 8, 15, 0.009879505261778831
1, 214, 21, 26, 27, 0.009874679148197174
3, 218, 62, 74, 80, 0.009827415458858013
3, 257, 10, 61, 21, 0.0097575094550848
0, 296, 31, 53, 60, 0.009650299325585365
1, 346, 254, 3, 43, 0.00963355228304863
0, 45, 176, 32, 31, 0.009561006911098957
3, 79, 281, 82, 61, 0.00953119620680809
0, 46, 230, 27, 30, 0.009406056255102158
0, 344, 142, 7, 16, 0.009395763278007507
3, 143, 216, 36, 37, 0.009299059398472309
0, 149, 68, 31, 30, 0.009294540621340275
1, 16, 112, 32, 21, 0.008930130861699581
3, 102, 126, 59, 67, 0.0087970569729805
0, 40, 5, 16, 10, 0.008787673898041248
1, 155, 267, 32, 33, 0.008751309476792812
1, 344, 142, 7, 16, 0.008652775548398495
1, 6, 216, 13, 26, 0.008647214621305466
3, 304, 223, 49, 42, 0.00862837489694357
3, 326, 211, 23, 37, 0.008571214973926544
0, 160, 266, 46, 46, 0.008316188119351864
2, 187, 70, 24, 25, 0.00824420340359211
3, 6, 89, 12, 24, 0.008201218210160732
3, 232, 129, 48, 44, 0.00819750688970089
3, 157, 92, 27, 23, 0.00819049309939146
0, 14, 112, 29, 19, 0.00815848633646965
0, 1, 14, 3, 16, 0.008156665600836277
1, 337, 165, 20, 30, 0.007934127002954483
0, 243, 44, 20, 22, 0.007856765761971474
1, 77, 13, 29, 27, 0.00783041212707758
3, 150, 199, 58, 75, 0.007752877194434404
3, 78, 21, 40, 42, 0.007715754676610231
3, 226, 137, 43, 50, 0.007693415507674217
0, 222, 55, 36, 35, 0.007621437311172485
0, 3, 139, 7, 40, 0.007616599090397358
3, 67, 192, 114, 91, 0.007613730616867542
0, 193, 254, 21, 29, 0.007568460889160633
3, 316, 294, 62, 97, 0.0075553529895842075
0, 8, 266, 16, 16, 0.007520789280533791
3, 338, 83, 18, 28, 0.007250006776303053
3, 118, 344, 50, 7, 0.00719876866787672
1, 104, 229, 28, 29, 0.007167435716837645
2, 188, 70, 22, 23, 0.007011563051491976
3, 242, 175, 50, 58, 0.0068953922018408775
3, 13, 84, 26, 36, 0.0068901595659554005
2, 254, 163, 12, 11, 0.00683270487934351
0, 346, 250, 3, 40, 0.006779864430427551
3, 338, 127, 19, 50, 0.006730996072292328
0, 99, 10, 29, 21, 0.006726862397044897
1, 56, 289, 32, 32, 0.006705250591039658
2, 346, 254, 3, 43, 0.006615912541747093
0, 14, 96, 19, 12, 0.006607463583350182
0, 105, 13, 36, 26, 0.006544269621372223
3, 326, 340, 43, 14, 0.006494700442999601
0, 17, 78, 29, 30, 0.006486161611974239
0, 192, 307, 26, 25, 0.006444370374083519
0, 32, 8, 29, 16, 0.006418279372155666
0, 189, 178, 25, 18, 0.006385891232639551
3, 149, 200, 57, 74, 0.006219859700649977
0, 335, 171, 24, 43, 0.006169269792735577
3, 263, 177, 82, 95, 0.00607629818841815
1, 9, 51, 18, 25, 0.005995971616357565
3, 243, 45, 23, 22, 0.005928128957748413
3, 277, 264, 140, 156, 0.005912380293011665
3, 260, 170, 81, 80, 0.00590473972260952
3, 86, 221, 63, 51, 0.005902948789298534
1, 260, 184, 98, 109, 0.0058237710036337376
3, 121, 250, 30, 32, 0.005804853979498148
3, 330, 330, 34, 34, 0.0057663694024086
3, 328, 4, 27, 8, 0.005698875058442354
1, 346, 250, 3, 40, 0.005670787300914526
0, 143, 223, 25, 21, 0.005662452895194292
3, 319, 288, 57, 82, 0.005599759519100189
1, 1, 178, 3, 6, 0.005579118151217699
0, 158, 93, 22, 21, 0.005538527853786945
3, 181, 209, 25, 36, 0.005462978035211563
0, 56, 60, 32, 31, 0.005359764210879803
3, 91, 281, 62, 60, 0.005326915066689253
3, 327, 212, 19, 31, 0.005299106705933809
0, 1, 166, 2, 17, 0.005267798900604248
3, 76, 233, 41, 56, 0.00526468874886632
3, 92, 15, 67, 30, 0.005259971134364605
0, 9, 4, 17, 9, 0.005241824313998222
1, 10, 138, 21, 36, 0.005218080710619688
3, 205, 282, 19, 22, 0.005167012568563223
0, 11, 39, 22, 21, 0.005137151572853327
3, 327, 75, 41, 47, 0.005122710485011339
3, 212, 341, 38, 11, 0.0050845458172261715
0, 66, 275, 18, 16, 0.005047396291047335
0, 340, 88, 15, 16, 0.005027318838983774
3, 38, 184, 49, 60, 0.004963844083249569
0, 290, 75, 27, 33, 0.004884605761617422
1, 193, 257, 19, 24, 0.0048555671237409115
3, 161, 261, 53, 60, 0.0048531461507081985
3, 329, 216, 17, 24, 0.00482886703684926
1, 1, 226, 3, 10, 0.004821070935577154
0, 61, 58, 46, 40, 0.004803940653800964
3, 73, 22, 105, 41, 0.004777185153216124
1, 92, 287, 33, 30, 0.004744738340377808
3, 40, 198, 55, 80, 0.004719636868685484
3, 329, 4, 20, 9, 0.004667507950216532
2, 160, 301, 40, 26, 0.004658721853047609
3, 39, 178, 45, 46, 0.004643183667212725
0, 339, 79, 16, 33, 0.004638608545064926
3, 344, 257, 5, 43, 0.004631012678146362
3, 108, 120, 73, 82, 0.004630463197827339
3, 43, 186, 49, 60, 0.0046209916472435
3, 107, 283, 161, 75, 0.00460469163954258
2, 206, 282, 16, 20, 0.004592448938637972
3, 167, 159, 78, 56, 0.004582706838846207
3, 264, 261, 119, 156, 0.0045687174424529076
3, 234, 221, 35, 37, 0.004472666885703802
3, 37, 220, 47, 59, 0.004461938515305519
0, 13, 96, 18, 12, 0.00444685947149992
