2, 327.0, 144.0, 27.0, 28.0, 0.8346729278564453
1, 325.0, 236.0, 19.0, 19.0, 0.7737874388694763
1, 420.0, 291.0, 16.0, 20.0, 0.7561063170433044
0, 119.0, 53.0, 20.0, 15.0, 0.7216769456863403
2, 25.0, 54.0, 27.0, 25.0, 0.7097312808036804
0, 154.0, 60.0, 26.0, 17.0, 0.6843467950820923
1, 372.0, 15.0, 16.0, 18.0, 0.6676875352859497
2, 393.0, 155.0, 29.0, 28.0, 0.6410056948661804
1, 364.0, 312.0, 16.0, 14.0, 0.6296839714050293
0, 338.0, 308.0, 25.0, 20.0, 0.5288962721824646
1, 222.0, 45.0, 26.0, 20.0, 0.5056663155555725
