3, 526.0, 396.0, 81.0, 67.0, 0.9341531991958618
3, 434.0, 377.0, 78.0, 66.0, 0.9172297120094299
3, 516.0, 86.0, 118.0, 124.0, 0.9122575521469116
3, 493.0, 340.0, 77.0, 78.0, 0.871202826499939
0, 84.0, 404.0, 39.0, 36.0, 0.8504514098167419
0, 53.0, 531.0, 38.0, 36.0, 0.8401409387588501
0, 200.0, 274.0, 41.0, 40.0, 0.8304079174995422
0, 287.0, 230.0, 40.0, 34.0, 0.8281166553497314
0, 85.0, 468.0, 39.0, 39.0, 0.8262656927108765
0, 65.0, 374.0, 28.0, 29.0, 0.8202154040336609
0, 141.0, 385.0, 32.0, 36.0, 0.8143219947814941
0, 325.0, 212.0, 29.0, 38.0, 0.7963166832923889
0, 17.0, 57.0, 33.0, 33.0, 0.7719243168830872
0, 140.0, 327.0, 48.0, 48.0, 0.7701863646507263
0, 42.0, 467.0, 33.0, 36.0, 0.7673296928405762
0, 44.0, 502.0, 33.0, 35.0, 0.7631351947784424
0, 270.0, 191.0, 32.0, 28.0, 0.7585799694061279
0, 140.0, 555.0, 30.0, 30.0, 0.7402108311653137
0, 227.0, 565.0, 33.0, 32.0, 0.7255164384841919
0, 41.0, 41.0, 37.0, 32.0, 0.721441924571991
0, 410.0, 192.0, 34.0, 31.0, 0.7139267325401306
0, 332.0, 368.0, 44.0, 38.0, 0.7048414349555969
0, 243.0, 508.0, 32.0, 36.0, 0.6948387622833252
0, 4.0, 439.0, 9.0, 28.0, 0.6720677018165588
0, 332.0, 253.0, 38.0, 38.0, 0.6660735607147217
0, 302.0, 252.0, 28.0, 31.0, 0.6615983843803406
0, 194.0, 550.0, 38.0, 36.0, 0.6576400399208069
0, 112.0, 489.0, 40.0, 45.0, 0.6570647358894348
0, 110.0, 416.0, 33.0, 36.0, 0.6457648873329163
0, 49.0, 312.0, 38.0, 37.0, 0.6358407139778137
0, 245.0, 151.0, 27.0, 23.0, 0.6326198577880859
3, 229.0, 388.0, 40.0, 44.0, 0.622607409954071
0, 203.0, 221.0, 29.0, 31.0, 0.6215985417366028
0, 203.0, 536.0, 53.0, 49.0, 0.6168931722640991
0, 163.0, 441.0, 37.0, 34.0, 0.6157079339027405
0, 380.0, 211.0, 35.0, 27.0, 0.5910694003105164
0, 201.0, 428.0, 35.0, 35.0, 0.5682370662689209
0, 262.0, 139.0, 26.0, 25.0, 0.562116801738739
0, 123.0, 269.0, 36.0, 35.0, 0.5529477596282959
0, 275.0, 267.0, 32.0, 32.0, 0.5523458123207092
0, 156.0, 287.0, 35.0, 37.0, 0.5311535000801086
0, 337.0, 184.0, 29.0, 31.0, 0.5233656167984009
