1, 70.0, 16.0, 20.0, 18.0, 0.9312742948532104
1, 42.0, 37.0, 25.0, 20.0, 0.8817741274833679
1, 34.0, 338.0, 17.0, 20.0, 0.8803110122680664
1, 234.0, 129.0, 19.0, 19.0, 0.8782199025154114
1, 223.0, 349.0, 18.0, 19.0, 0.8751317858695984
1, 432.0, 37.0, 21.0, 20.0, 0.8746828436851501
1, 267.0, 259.0, 21.0, 19.0, 0.8665549159049988
1, 203.0, 138.0, 18.0, 18.0, 0.8661609888076782
1, 34.0, 236.0, 22.0, 18.0, 0.8653414845466614
1, 360.0, 41.0, 18.0, 20.0, 0.8651623129844666
1, 293.0, 43.0, 22.0, 20.0, 0.8645287156105042
1, 40.0, 280.0, 20.0, 18.0, 0.8641106486320496
1, 106.0, 55.0, 22.0, 17.0, 0.8636536002159119
1, 456.0, 132.0, 19.0, 15.0, 0.8628900647163391
1, 184.0, 372.0, 19.0, 19.0, 0.8615667223930359
1, 403.0, 385.0, 23.0, 19.0, 0.8606778383255005
1, 157.0, 45.0, 17.0, 22.0, 0.8594644069671631
1, 264.0, 82.0, 18.0, 19.0, 0.8547084331512451
1, 246.0, 110.0, 17.0, 19.0, 0.8532508611679077
1, 374.0, 188.0, 19.0, 19.0, 0.8531295657157898
1, 252.0, 195.0, 18.0, 19.0, 0.8528305292129517
1, 260.0, 117.0, 18.0, 19.0, 0.8525442481040955
1, 402.0, 50.0, 20.0, 22.0, 0.851744532585144
1, 86.0, 366.0, 18.0, 17.0, 0.8515946865081787
1, 424.0, 328.0, 19.0, 15.0, 0.8509230613708496
1, 139.0, 80.0, 18.0, 17.0, 0.8507159352302551
1, 224.0, 41.0, 18.0, 19.0, 0.8500298261642456
1, 146.0, 340.0, 19.0, 19.0, 0.8468566536903381
1, 26.0, 174.0, 18.0, 21.0, 0.8464577794075012
1, 220.0, 22.0, 20.0, 18.0, 0.8462646007537842
1, 21.0, 127.0, 17.0, 19.0, 0.8454422354698181
1, 166.0, 232.0, 19.0, 18.0, 0.8438472747802734
1, 124.0, 99.0, 17.0, 17.0, 0.8412283658981323
1, 112.0, 179.0, 20.0, 16.0, 0.841030478477478
1, 301.0, 252.0, 18.0, 19.0, 0.8408599495887756
1, 90.0, 81.0, 18.0, 19.0, 0.8406878709793091
1, 469.0, 187.0, 23.0, 17.0, 0.8404929637908936
1, 250.0, 279.0, 20.0, 18.0, 0.8402870893478394
1, 388.0, 153.0, 15.0, 20.0, 0.8401328325271606
1, 82.0, 32.0, 18.0, 19.0, 0.8388499617576599
1, 71.0, 126.0, 19.0, 23.0, 0.8382944464683533
1, 417.0, 13.0, 25.0, 18.0, 0.8378258943557739
1, 144.0, 221.0, 21.0, 16.0, 0.8349924683570862
1, 60.0, 372.0, 20.0, 20.0, 0.8348196744918823
1, 85.0, 223.0, 24.0, 17.0, 0.8337825536727905
1, 194.0, 173.0, 17.0, 18.0, 0.8334540128707886
1, 202.0, 51.0, 19.0, 20.0, 0.8333911895751953
1, 13.0, 19.0, 20.0, 17.0, 0.8318639993667603
1, 406.0, 131.0, 21.0, 14.0, 0.8317121267318726
1, 284.0, 368.0, 22.0, 18.0, 0.8300678133964539
1, 158.0, 411.0, 16.0, 21.0, 0.8295034170150757
1, 79.0, 322.0, 17.0, 19.0, 0.8282707929611206
1, 310.0, 55.0, 19.0, 17.0, 0.8280560970306396
1, 39.0, 361.0, 19.0, 18.0, 0.8258858323097229
1, 280.0, 164.0, 18.0, 21.0, 0.8257459998130798
1, 118.0, 207.0, 22.0, 19.0, 0.824595034122467
1, 269.0, 131.0, 14.0, 16.0, 0.8237103223800659
1, 24.0, 314.0, 19.0, 18.0, 0.8234153389930725
1, 453.0, 203.0, 23.0, 17.0, 0.8230175375938416
1, 476.0, 39.0, 22.0, 16.0, 0.8220756649971008
1, 296.0, 174.0, 17.0, 17.0, 0.8212312459945679
1, 138.0, 48.0, 15.0, 21.0, 0.8196612000465393
1, 186.0, 196.0, 23.0, 14.0, 0.8189206719398499
1, 476.0, 415.0, 22.0, 18.0, 0.8171285390853882
1, 51.0, 300.0, 18.0, 20.0, 0.8163093328475952
1, 451.0, 161.0, 17.0, 18.0, 0.8157661557197571
1, 351.0, 255.0, 18.0, 16.0, 0.8135110139846802
1, 164.0, 64.0, 21.0, 14.0, 0.8130984902381897
1, 174.0, 151.0, 17.0, 24.0, 0.8129721879959106
1, 209.0, 330.0, 18.0, 21.0, 0.8126267194747925
1, 143.0, 134.0, 21.0, 24.0, 0.8119486570358276
1, 357.0, 207.0, 15.0, 16.0, 0.8118938207626343
1, 219.0, 304.0, 21.0, 20.0, 0.8114861249923706
1, 148.0, 201.0, 21.0, 18.0, 0.8100600838661194
1, 372.0, 314.0, 19.0, 24.0, 0.806412935256958
1, 26.0, 294.0, 18.0, 17.0, 0.8043248057365417
1, 316.0, 223.0, 20.0, 18.0, 0.8034239411354065
1, 66.0, 102.0, 17.0, 16.0, 0.8024447560310364
1, 238.0, 316.0, 16.0, 25.0, 0.8019816875457764
1, 288.0, 390.0, 20.0, 19.0, 0.8016790747642517
1, 431.0, 381.0, 19.0, 19.0, 0.8005631566047668
1, 202.0, 210.0, 20.0, 17.0, 0.800077497959137
1, 246.0, 33.0, 15.0, 17.0, 0.7975218892097473
1, 476.0, 282.0, 25.0, 17.0, 0.7924699187278748
1, 131.0, 166.0, 17.0, 16.0, 0.7921244502067566
1, 487.0, 300.0, 7.0, 14.0, 0.7920687794685364
1, 142.0, 402.0, 17.0, 16.0, 0.7912840843200684
1, 303.0, 131.0, 16.0, 22.0, 0.7898998260498047
1, 328.0, 208.0, 18.0, 14.0, 0.788106381893158
1, 101.0, 32.0, 15.0, 17.0, 0.7879956960678101
1, 291.0, 113.0, 19.0, 15.0, 0.7879823446273804
1, 303.0, 348.0, 19.0, 19.0, 0.7879508137702942
1, 403.0, 115.0, 19.0, 13.0, 0.78525710105896
1, 4.0, 104.0, 9.0, 22.0, 0.7852434515953064
1, 139.0, 300.0, 17.0, 16.0, 0.7832911610603333
1, 349.0, 165.0, 17.0, 20.0, 0.7817624807357788
1, 50.0, 12.0, 21.0, 19.0, 0.7802566289901733
1, 376.0, 113.0, 18.0, 17.0, 0.7801111936569214
1, 364.0, 96.0, 17.0, 20.0, 0.7800560593605042
1, 271.0, 339.0, 17.0, 17.0, 0.7791885137557983
1, 204.0, 379.0, 18.0, 16.0, 0.7764336466789246
1, 405.0, 335.0, 18.0, 15.0, 0.7747533917427063
1, 390.0, 233.0, 20.0, 16.0, 0.7740958333015442
1, 485.0, 320.0, 11.0, 18.0, 0.7676408886909485
1, 337.0, 296.0, 19.0, 19.0, 0.7652026414871216
1, 386.0, 212.0, 19.0, 18.0, 0.7625165581703186
1, 126.0, 191.0, 16.0, 16.0, 0.7607905864715576
1, 199.0, 237.0, 23.0, 18.0, 0.7601483464241028
1, 65.0, 200.0, 19.0, 19.0, 0.7595674395561218
1, 172.0, 49.0, 14.0, 14.0, 0.7566267251968384
1, 14.0, 230.0, 18.0, 18.0, 0.7555018067359924
1, 12.0, 335.0, 17.0, 26.0, 0.7513203620910645
1, 265.0, 212.0, 18.0, 15.0, 0.749974250793457
1, 36.0, 187.0, 16.0, 16.0, 0.7493780255317688
1, 318.0, 143.0, 17.0, 20.0, 0.7486981749534607
1, 430.0, 181.0, 22.0, 18.0, 0.7476886510848999
1, 216.0, 64.0, 17.0, 17.0, 0.7474361062049866
1, 43.0, 217.0, 23.0, 22.0, 0.739300012588501
1, 267.0, 32.0, 17.0, 18.0, 0.7392933368682861
1, 123.0, 264.0, 14.0, 14.0, 0.738709568977356
1, 107.0, 258.0, 18.0, 25.0, 0.7373648881912231
1, 244.0, 60.0, 16.0, 15.0, 0.7334437966346741
1, 425.0, 410.0, 20.0, 18.0, 0.7316904067993164
1, 365.0, 280.0, 19.0, 15.0, 0.7316375970840454
1, 470.0, 118.0, 18.0, 19.0, 0.7302568554878235
1, 448.0, 51.0, 25.0, 21.0, 0.7286104559898376
1, 96.0, 391.0, 19.0, 22.0, 0.720819890499115
1, 485.0, 105.0, 11.0, 23.0, 0.7169194221496582
1, 344.0, 118.0, 21.0, 17.0, 0.7164315581321716
1, 369.0, 140.0, 24.0, 21.0, 0.7150532603263855
1, 342.0, 64.0, 18.0, 17.0, 0.7142372131347656
1, 192.0, 258.0, 14.0, 18.0, 0.7120020985603333
1, 432.0, 111.0, 29.0, 19.0, 0.70916348695755
1, 381.0, 173.0, 19.0, 15.0, 0.7085263133049011
1, 422.0, 312.0, 16.0, 13.0, 0.7082553505897522
1, 58.0, 92.0, 15.0, 19.0, 0.7080488801002502
1, 403.0, 88.0, 25.0, 15.0, 0.7079061269760132
1, 13.0, 87.0, 13.0, 13.0, 0.7049095630645752
1, 171.0, 388.0, 17.0, 21.0, 0.7042315602302551
1, 185.0, 402.0, 21.0, 20.0, 0.7012651562690735
1, 158.0, 308.0, 16.0, 15.0, 0.7011078000068665
1, 405.0, 294.0, 18.0, 19.0, 0.6964775919914246
1, 3.0, 63.0, 6.0, 15.0, 0.6945487260818481
1, 423.0, 160.0, 24.0, 18.0, 0.6923810839653015
1, 143.0, 106.0, 19.0, 18.0, 0.6910731196403503
1, 47.0, 256.0, 20.0, 20.0, 0.6874144077301025
1, 356.0, 79.0, 24.0, 18.0, 0.6867834329605103
1, 11.0, 145.0, 16.0, 20.0, 0.6866368055343628
1, 444.0, 288.0, 39.0, 27.0, 0.6837462782859802
1, 468.0, 158.0, 12.0, 17.0, 0.6827269792556763
1, 187.0, 7.0, 17.0, 14.0, 0.6771149635314941
1, 407.0, 223.0, 17.0, 17.0, 0.6767411231994629
1, 440.0, 333.0, 15.0, 15.0, 0.6727260947227478
1, 289.0, 13.0, 24.0, 17.0, 0.6718174815177917
1, 303.0, 233.0, 13.0, 14.0, 0.6699086427688599
1, 3.0, 45.0, 6.0, 15.0, 0.6664592623710632
1, 335.0, 102.0, 16.0, 18.0, 0.6644723415374756
1, 410.0, 367.0, 23.0, 14.0, 0.6633232235908508
1, 265.0, 58.0, 24.0, 18.0, 0.6631139516830444
1, 171.0, 84.0, 24.0, 21.0, 0.6625614166259766
1, 371.0, 260.0, 13.0, 12.0, 0.6594963073730469
1, 147.0, 178.0, 20.0, 19.0, 0.6563636660575867
1, 170.0, 117.0, 24.0, 21.0, 0.6542052030563354
1, 71.0, 235.0, 17.0, 19.0, 0.6507577300071716
1, 69.0, 160.0, 17.0, 19.0, 0.6492019295692444
1, 115.0, 382.0, 17.0, 28.0, 0.6462304592132568
1, 372.0, 10.0, 20.0, 15.0, 0.6386674046516418
1, 406.0, 150.0, 16.0, 17.0, 0.6363545656204224
1, 115.0, 229.0, 20.0, 17.0, 0.6357823014259338
1, 206.0, 394.0, 19.0, 16.0, 0.6344274282455444
1, 88.0, 139.0, 12.0, 17.0, 0.6328878998756409
1, 406.0, 169.0, 15.0, 15.0, 0.6286426186561584
1, 372.0, 23.0, 26.0, 16.0, 0.6268508434295654
1, 388.0, 73.0, 26.0, 15.0, 0.6242802739143372
1, 230.0, 263.0, 23.0, 17.0, 0.6217207908630371
1, 172.0, 354.0, 19.0, 21.0, 0.6207468509674072
1, 171.0, 181.0, 19.0, 20.0, 0.6167266964912415
1, 224.0, 247.0, 14.0, 15.0, 0.6097628474235535
1, 464.0, 315.0, 19.0, 15.0, 0.6039060950279236
1, 55.0, 71.0, 17.0, 22.0, 0.6012222170829773
1, 203.0, 282.0, 12.0, 10.0, 0.5993683338165283
1, 99.0, 18.0, 16.0, 9.0, 0.5991885662078857
1, 485.0, 160.0, 11.0, 16.0, 0.5943379998207092
1, 291.0, 294.0, 23.0, 25.0, 0.592453122138977
1, 89.0, 309.0, 16.0, 18.0, 0.591404914855957
1, 474.0, 60.0, 20.0, 18.0, 0.5801929831504822
1, 456.0, 228.0, 22.0, 24.0, 0.5793076157569885
1, 204.0, 77.0, 24.0, 15.0, 0.575279712677002
1, 320.0, 88.0, 21.0, 18.0, 0.5732457041740417
1, 424.0, 214.0, 21.0, 17.0, 0.5708954930305481
1, 167.0, 331.0, 15.0, 17.0, 0.5692380666732788
1, 452.0, 95.0, 34.0, 18.0, 0.5619441270828247
1, 329.0, 193.0, 22.0, 14.0, 0.5516399145126343
1, 141.0, 248.0, 16.0, 17.0, 0.548579752445221
1, 332.0, 34.0, 19.0, 22.0, 0.5482625365257263
1, 79.0, 266.0, 21.0, 26.0, 0.5469648838043213
1, 212.0, 222.0, 15.0, 17.0, 0.5406244397163391
1, 244.0, 6.0, 18.0, 11.0, 0.5405924916267395
1, 234.0, 376.0, 24.0, 27.0, 0.5307785868644714
1, 86.0, 290.0, 19.0, 18.0, 0.5303512811660767
1, 2.0, 250.0, 4.0, 18.0, 0.5268322229385376
1, 341.0, 132.0, 19.0, 16.0, 0.518547534942627
1, 390.0, 315.0, 13.0, 14.0, 0.5183699131011963
1, 139.0, 280.0, 29.0, 15.0, 0.5055810213088989
1, 101.0, 337.0, 27.0, 28.0, 0.5055647492408752
1, 18.0, 52.0, 15.0, 15.0, 0.503791332244873
