0, 1190, 741, 50, 28, 0.16607718169689178
0, 742, 667, 21, 27, 0.15543122589588165
0, 256, 739, 133, 107, 0.1470976024866104
0, 976, 726, 20, 22, 0.10811672359704971
0, 1187, 770, 30, 19, 0.10423137992620468
0, 1247, 794, 25, 22, 0.09880591183900833
0, 1230, 811, 33, 22, 0.09871461987495422
0, 639, 633, 45, 32, 0.09519759565591812
0, 775, 647, 32, 21, 0.09397940337657928
0, 229, 736, 105, 69, 0.08941091597080231
0, 1266, 744, 24, 28, 0.08895284682512283
0, 957, 677, 24, 21, 0.08762644231319427
0, 156, 760, 35, 30, 0.085145965218544
0, 821, 641, 39, 20, 0.07628735154867172
0, 511, 670, 22, 20, 0.07120540738105774
0, 811, 665, 15, 19, 0.06934148818254471
0, 956, 680, 24, 23, 0.0668349638581276
0, 650, 661, 52, 31, 0.06662577390670776
0, 558, 664, 43, 17, 0.06521094590425491
0, 905, 731, 49, 40, 0.06511875241994858
0, 924, 663, 23, 20, 0.06454391032457352
0, 860, 683, 28, 26, 0.06384292244911194
0, 869, 645, 30, 16, 0.06298001110553741
0, 725, 690, 16, 18, 0.06080731004476547
0, 1256, 749, 61, 41, 0.056291867047548294
0, 1237, 805, 45, 33, 0.056037385016679764
0, 1154, 726, 30, 18, 0.05553737282752991
0, 857, 686, 21, 20, 0.0547044463455677
0, 1181, 736, 79, 40, 0.053593121469020844
0, 541, 635, 26, 18, 0.05359186604619026
0, 1142, 735, 54, 33, 0.052075862884521484
0, 346, 733, 80, 60, 0.051144301891326904
0, 1272, 746, 33, 36, 0.0499546080827713
0, 1178, 740, 41, 29, 0.048151228576898575
0, 742, 637, 23, 23, 0.047722574323415756
0, 1272, 751, 38, 42, 0.04771885648369789
0, 644, 631, 39, 27, 0.04747753590345383
0, 1247, 740, 30, 24, 0.04741356521844864
0, 1237, 803, 45, 37, 0.04407886415719986
0, 1241, 756, 33, 23, 0.04344464838504791
0, 385, 725, 24, 27, 0.043265391141176224
0, 922, 659, 25, 21, 0.043218135833740234
0, 440, 705, 30, 23, 0.04256416857242584
0, 951, 743, 24, 17, 0.04140760377049446
0, 1200, 741, 40, 27, 0.0410165973007679
0, 336, 725, 48, 30, 0.040932174772024155
0, 741, 652, 39, 56, 0.03925749287009239
0, 555, 666, 42, 17, 0.039099130779504776
0, 825, 643, 34, 20, 0.038935013115406036
0, 1007, 705, 24, 20, 0.03792211413383484
0, 666, 653, 31, 20, 0.03585612773895264
0, 902, 724, 44, 29, 0.03434320539236069
0, 349, 753, 22, 19, 0.034243810921907425
0, 989, 673, 27, 15, 0.033983636647462845
0, 536, 635, 34, 20, 0.033924832940101624
0, 398, 691, 15, 17, 0.03356129303574562
0, 343, 721, 37, 27, 0.03305825591087341
0, 767, 648, 42, 22, 0.03243470937013626
0, 831, 708, 40, 30, 0.03184893727302551
0, 755, 642, 64, 38, 0.030537964776158333
0, 725, 634, 25, 26, 0.030363310128450394
0, 946, 739, 23, 23, 0.030349304899573326
0, 661, 656, 29, 18, 0.029623230919241905
0, 1157, 736, 44, 33, 0.02861383557319641
0, 1198, 770, 54, 23, 0.02820742316544056
0, 732, 649, 64, 62, 0.02763271890580654
0, 1255, 767, 89, 87, 0.027363477274775505
0, 249, 750, 123, 87, 0.027024468407034874
0, 400, 666, 23, 18, 0.02632884308695793
0, 831, 716, 32, 21, 0.026181045919656754
0, 978, 705, 24, 15, 0.025832584127783775
0, 247, 726, 77, 50, 0.025699490681290627
0, 1233, 721, 32, 15, 0.025058642029762268
0, 1148, 731, 44, 29, 0.02450622245669365
0, 1169, 728, 55, 19, 0.02432003989815712
0, 550, 689, 30, 23, 0.023923367261886597
0, 640, 668, 31, 19, 0.02296624518930912
0, 823, 642, 41, 22, 0.022319931536912918
0, 254, 735, 89, 61, 0.02209498919546604
0, 995, 706, 49, 22, 0.021362347528338432
0, 354, 713, 35, 22, 0.021122131496667862
0, 281, 735, 277, 200, 0.020650723949074745
0, 1170, 739, 99, 56, 0.02040051855146885
0, 359, 709, 27, 19, 0.01997421868145466
0, 817, 708, 48, 32, 0.019875232130289078
0, 1031, 741, 15, 14, 0.019654246047139168
0, 965, 726, 48, 36, 0.019500484690070152
0, 557, 686, 49, 37, 0.019452590495347977
0, 974, 730, 26, 34, 0.019268907606601715
0, 996, 683, 49, 35, 0.019009921699762344
0, 317, 694, 25, 24, 0.018536437302827835
0, 820, 715, 32, 23, 0.018428785726428032
0, 975, 677, 50, 26, 0.01832539215683937
0, 1009, 678, 51, 24, 0.018057534471154213
0, 310, 754, 31, 26, 0.01800127513706684
0, 276, 743, 46, 38, 0.017871305346488953
0, 967, 700, 48, 46, 0.01763725094497204
0, 331, 738, 136, 91, 0.01761549338698387
0, 972, 682, 57, 37, 0.017481116577982903
0, 310, 697, 43, 32, 0.017249614000320435
0, 1288, 770, 34, 32, 0.016414916142821312
0, 1216, 766, 165, 103, 0.016294818371534348
0, 1121, 742, 26, 21, 0.016184085980057716
0, 264, 711, 48, 41, 0.01605256088078022
0, 1235, 759, 29, 23, 0.015921080484986305
0, 244, 739, 132, 74, 0.01556865032762289
0, 281, 740, 141, 110, 0.015452317893505096
0, 1178, 742, 89, 58, 0.015164419077336788
0, 821, 644, 41, 25, 0.01504774484783411
0, 646, 641, 67, 40, 0.014991972595453262
0, 356, 723, 67, 43, 0.014811776578426361
0, 352, 733, 89, 74, 0.01476049143821001
0, 715, 632, 42, 32, 0.014609106816351414
0, 612, 666, 14, 17, 0.014597962610423565
0, 436, 716, 29, 31, 0.014565683901309967
0, 800, 706, 15, 15, 0.014506489969789982
0, 338, 734, 60, 52, 0.014266951940953732
0, 1144, 746, 61, 42, 0.014262841083109379
0, 1169, 797, 18, 14, 0.014144006185233593
0, 367, 738, 23, 22, 0.014113327488303185
0, 230, 745, 102, 57, 0.014097332954406738
0, 160, 758, 39, 26, 0.013912267051637173
0, 657, 626, 51, 31, 0.013870377093553543
0, 356, 744, 60, 38, 0.01371608767658472
0, 640, 628, 51, 34, 0.01369520928710699
0, 212, 740, 66, 45, 0.01366906426846981
0, 1165, 753, 48, 26, 0.013566212728619576
0, 650, 645, 72, 68, 0.013505930081009865
0, 1167, 703, 32, 17, 0.01342112384736538
0, 1023, 675, 24, 17, 0.013298548758029938
0, 983, 707, 96, 91, 0.01329231821000576
0, 489, 704, 46, 23, 0.013155244290828705
0, 1293, 776, 29, 24, 0.013146363198757172
0, 656, 633, 67, 42, 0.013093859888613224
0, 904, 657, 27, 17, 0.013055692426860332
0, 305, 771, 36, 25, 0.013017113320529461
0, 255, 723, 66, 47, 0.012942353263497353
0, 286, 738, 34, 37, 0.012901252135634422
0, 734, 666, 42, 34, 0.012868108227849007
0, 1237, 728, 30, 24, 0.01268288679420948
0, 273, 701, 35, 24, 0.012597860768437386
0, 1008, 681, 31, 23, 0.012422381900250912
0, 1160, 701, 39, 16, 0.01216937880963087
0, 252, 715, 62, 39, 0.012073789723217487
0, 234, 726, 59, 45, 0.012033513747155666
0, 184, 797, 14, 19, 0.011913798749446869
0, 1003, 714, 31, 35, 0.011597580276429653
0, 843, 704, 19, 19, 0.011587090790271759
0, 209, 754, 48, 34, 0.011549022980034351
0, 265, 728, 73, 66, 0.011429454199969769
0, 743, 645, 99, 72, 0.011394078843295574
0, 238, 734, 89, 40, 0.011138597503304482
0, 709, 619, 33, 20, 0.0110817551612854
0, 912, 665, 48, 30, 0.010963045060634613
0, 259, 781, 21, 22, 0.010944422334432602
0, 936, 728, 24, 20, 0.010642103850841522
0, 272, 748, 49, 36, 0.010612728074193
0, 1106, 701, 37, 15, 0.010570324026048183
0, 302, 697, 55, 30, 0.01049690879881382
0, 919, 738, 20, 21, 0.010484524071216583
0, 988, 719, 44, 31, 0.010423403233289719
0, 937, 705, 20, 24, 0.010247436352074146
0, 458, 712, 77, 44, 0.00958951935172081
0, 288, 743, 222, 121, 0.009489934891462326
0, 193, 755, 45, 33, 0.00944614503532648
0, 566, 697, 26, 19, 0.009280127473175526
0, 1427, 734, 10, 22, 0.009276612661778927
0, 1218, 779, 85, 67, 0.009273904375731945
0, 803, 686, 36, 29, 0.009206598624587059
0, 671, 619, 27, 22, 0.009162809699773788
0, 299, 773, 38, 28, 0.00915916170924902
0, 1183, 771, 39, 22, 0.00912443920969963
0, 896, 726, 38, 24, 0.0090218186378479
0, 1279, 761, 59, 50, 0.008929797448217869
0, 717, 637, 51, 59, 0.008642870001494884
0, 289, 707, 84, 51, 0.008628325536847115
0, 757, 656, 70, 53, 0.008543170988559723
0, 841, 724, 45, 18, 0.008466512896120548
0, 1224, 813, 48, 20, 0.008202948607504368
0, 772, 643, 41, 29, 0.008192039094865322
0, 531, 670, 61, 27, 0.00816657766699791
0, 470, 712, 99, 40, 0.00812237337231636
0, 806, 683, 35, 36, 0.007900441996753216
0, 654, 681, 36, 19, 0.007695144508033991
0, 322, 727, 46, 39, 0.007580081932246685
0, 195, 743, 37, 29, 0.007558893412351608
0, 375, 729, 45, 33, 0.007544538006186485
0, 801, 666, 37, 27, 0.007462945766746998
0, 1175, 752, 80, 34, 0.007392460945993662
0, 214, 727, 57, 43, 0.007210617884993553
0, 1179, 717, 80, 39, 0.007009458728134632
0, 777, 657, 42, 40, 0.0069313086569309235
0, 1256, 760, 50, 51, 0.006923160515725613
0, 234, 754, 118, 84, 0.0067896489053964615
0, 1213, 791, 28, 17, 0.006761045195162296
0, 254, 770, 74, 51, 0.006654608994722366
0, 630, 636, 38, 28, 0.006621029227972031
0, 476, 706, 33, 20, 0.0066098859533667564
0, 1113, 700, 39, 16, 0.0064980024471879005
0, 1138, 703, 93, 22, 0.006437608506530523
0, 237, 764, 189, 128, 0.006239830516278744
0, 1173, 772, 77, 32, 0.006102537736296654
0, 1251, 795, 25, 23, 0.006083161570131779
0, 953, 718, 154, 87, 0.00599965313449502
0, 653, 649, 75, 81, 0.005994852166622877
0, 1244, 777, 52, 54, 0.00594937102869153
0, 308, 745, 47, 31, 0.00593872694298625
0, 292, 757, 69, 61, 0.005934916436672211
0, 919, 726, 31, 25, 0.005886114202439785
0, 278, 762, 80, 63, 0.00576618080958724
0, 955, 706, 140, 97, 0.005765284411609173
0, 286, 731, 30, 30, 0.005634121596813202
0, 1068, 723, 27, 23, 0.0054014562629163265
0, 447, 703, 41, 21, 0.005396634805947542
0, 867, 642, 34, 22, 0.005292844492942095
0, 331, 747, 78, 43, 0.005244669504463673
0, 873, 685, 37, 19, 0.0052444953471422195
0, 1226, 774, 159, 114, 0.005066498648375273
0, 1260, 752, 82, 64, 0.005060212220996618
0, 606, 669, 26, 21, 0.005032069981098175
0, 815, 711, 55, 35, 0.004939951468259096
0, 746, 645, 89, 62, 0.004874152131378651
0, 254, 784, 30, 25, 0.004796475637704134
0, 204, 768, 33, 28, 0.004769422113895416
0, 897, 735, 41, 26, 0.004752941429615021
0, 1254, 739, 65, 39, 0.00473339157178998
0, 875, 647, 38, 15, 0.00466684577986598
0, 335, 711, 67, 55, 0.004653619136661291
0, 1225, 744, 89, 48, 0.004641660954803228
0, 720, 627, 55, 31, 0.0046031661331653595
0, 842, 645, 84, 25, 0.004578916821628809
0, 452, 705, 66, 41, 0.004505551885813475
0, 247, 787, 29, 23, 0.004468492232263088
0, 245, 741, 149, 103, 0.004430962260812521
0, 554, 673, 54, 44, 0.004388059489428997
0, 925, 673, 55, 51, 0.004304602742195129
0, 284, 698, 54, 28, 0.004281165078282356
0, 275, 776, 99, 47, 0.0042595574632287025
0, 1088, 773, 29, 18, 0.0041840458288788795
0, 285, 728, 97, 93, 0.004176334012299776
0, 207, 796, 28, 24, 0.004172543995082378
0, 784, 707, 31, 14, 0.0041648950427770615
0, 1096, 772, 35, 17, 0.004085541237145662
0, 1172, 753, 108, 83, 0.004072699695825577
0, 1068, 735, 31, 30, 0.004002818837761879
0, 571, 697, 39, 22, 0.003935407381504774
0, 745, 650, 97, 77, 0.0039202980697155
0, 415, 672, 22, 13, 0.003915771842002869
0, 865, 678, 34, 30, 0.003809047397226095
0, 1427, 732, 11, 28, 0.0037954163271933794
0, 1192, 780, 83, 51, 0.003739930223673582
0, 542, 678, 77, 37, 0.0037188841961324215
0, 1107, 740, 20, 22, 0.003635729430243373
0, 1163, 798, 31, 18, 0.0035850771237164736
0, 1314, 951, 29, 20, 0.0035664972383528948
0, 680, 646, 23, 19, 0.003529549576342106
0, 323, 759, 93, 56, 0.003520422847941518
0, 830, 703, 70, 54, 0.0035024697426706553
0, 436, 650, 37, 15, 0.003424482187256217
0, 323, 694, 18, 20, 0.0034207331482321024
0, 791, 681, 64, 36, 0.0033768180292099714
0, 1063, 685, 25, 12, 0.0033589766826480627
0, 951, 682, 45, 30, 0.003353509120643139
0, 503, 707, 27, 18, 0.003336356719955802
0, 998, 706, 99, 89, 0.0033065543975681067
0, 1317, 943, 31, 27, 0.0033059585839509964
0, 731, 634, 70, 47, 0.0032962942495942116
0, 1070, 760, 33, 23, 0.0032281456515192986
0, 312, 744, 170, 104, 0.0031013579573482275
0, 1041, 717, 25, 21, 0.0030573327094316483
0, 559, 694, 44, 28, 0.002947070635855198
0, 905, 716, 32, 28, 0.002880079671740532
0, 841, 642, 87, 28, 0.0028560275677591562
0, 196, 772, 38, 23, 0.0028226342983543873
0, 920, 731, 80, 56, 0.0028172240126878023
0, 1021, 679, 39, 24, 0.0028034066781401634
0, 396, 673, 44, 41, 0.002751167630776763
0, 220, 788, 44, 29, 0.002680949866771698
0, 646, 680, 42, 20, 0.0025898288004100323
0, 1016, 706, 61, 32, 0.0025508881080895662
0, 1185, 755, 125, 90, 0.0025341336149722338
0, 424, 651, 27, 12, 0.0025287058670073748
0, 662, 670, 87, 52, 0.0025009780656546354
0, 983, 725, 68, 52, 0.002496636239811778
0, 926, 713, 33, 27, 0.0024949172511696815
0, 653, 660, 65, 34, 0.002455659443512559
0, 1080, 719, 52, 32, 0.00245471578091383
0, 629, 647, 46, 31, 0.0023884838446974754
0, 290, 777, 62, 44, 0.0023123370483517647
0, 646, 652, 86, 74, 0.0023029581643640995
0, 175, 748, 69, 47, 0.0022145251277834177
0, 1018, 741, 40, 20, 0.002169450046494603
0, 1021, 723, 53, 28, 0.0021333962213248014
0, 1084, 761, 49, 35, 0.0020969053730368614
0, 1074, 773, 33, 22, 0.0020769976545125246
0, 688, 622, 92, 40, 0.0020757033489644527
0, 1206, 733, 28, 28, 0.0020227183122187853
0, 200, 733, 52, 39, 0.0020200421568006277
0, 1047, 739, 55, 33, 0.0020059319213032722
0, 1048, 759, 24, 15, 0.001972135854884982
