0, 438, 391, 80, 75, 0.6680459380149841
0, 246, 291, 298, 222, 0.3666687607765198
0, 188, 265, 201, 145, 0.11694690585136414
0, 258, 301, 255, 215, 0.07151168584823608
0, 238, 261, 74, 63, 0.06665919721126556
0, 295, 319, 154, 160, 0.05571698769927025
0, 435, 395, 75, 74, 0.041596900671720505
0, 506, 665, 42, 67, 0.03916531801223755
0, 507, 666, 36, 64, 0.035152990370988846
0, 329, 339, 87, 103, 0.03458461910486221
0, 325, 367, 80, 67, 0.030848374590277672
0, 123, 241, 80, 58, 0.03010544739663601
0, 242, 263, 68, 78, 0.027854686602950096
0, 227, 258, 95, 87, 0.025683065876364708
0, 231, 301, 326, 209, 0.024680327624082565
0, 305, 291, 75, 49, 0.024504847824573517
0, 397, 350, 28, 51, 0.024436671286821365
0, 313, 319, 124, 159, 0.021328743547201157
0, 250, 261, 39, 37, 0.01910017430782318
0, 191, 263, 183, 138, 0.018974268808960915
0, 397, 349, 31, 56, 0.018555259332060814
0, 261, 292, 251, 222, 0.017237719148397446
0, 311, 310, 74, 50, 0.014865295961499214
0, 173, 255, 61, 60, 0.01467620674520731
0, 503, 666, 40, 62, 0.014512257650494576
0, 306, 289, 76, 53, 0.014360559172928333
0, 506, 680, 31, 35, 0.013604246079921722
0, 241, 276, 72, 74, 0.013199311681091785
0, 157, 243, 133, 93, 0.012934406287968159
0, 119, 241, 70, 57, 0.012784012593328953
0, 241, 283, 70, 73, 0.012356177903711796
0, 434, 387, 70, 59, 0.011064795777201653
0, 314, 303, 95, 86, 0.010297744534909725
0, 200, 248, 133, 94, 0.010017168708145618
0, 322, 357, 110, 95, 0.009649502113461494
0, 474, 626, 16, 14, 0.009625939652323723
0, 501, 684, 20, 23, 0.009231813251972198
0, 337, 342, 73, 79, 0.009071537293493748
0, 236, 245, 30, 28, 0.009052354842424393
0, 249, 256, 25, 23, 0.008661008439958096
0, 437, 407, 86, 112, 0.008625177666544914
0, 240, 252, 37, 35, 0.008528179489076138
0, 203, 242, 78, 78, 0.008315215818583965
0, 185, 252, 85, 66, 0.008110487833619118
0, 306, 355, 82, 59, 0.00808642152696848
0, 247, 270, 38, 40, 0.007992836646735668
0, 298, 293, 70, 67, 0.007844662293791771
0, 324, 302, 33, 22, 0.00779650267213583
0, 491, 669, 11, 13, 0.007711820770055056
0, 253, 265, 44, 46, 0.007640539202839136
0, 149, 237, 86, 64, 0.007629938889294863
0, 330, 327, 74, 65, 0.007562761195003986
0, 308, 292, 67, 44, 0.007547005545347929
0, 331, 362, 87, 82, 0.007461396045982838
0, 290, 292, 68, 49, 0.007153279613703489
0, 300, 356, 150, 101, 0.00677614426240325
0, 172, 262, 36, 43, 0.00672572199255228
0, 318, 313, 54, 41, 0.00666084373369813
0, 231, 262, 73, 66, 0.006300139240920544
0, 440, 406, 68, 46, 0.0062811607494950294
0, 252, 305, 81, 52, 0.006246782839298248
0, 234, 287, 297, 217, 0.006241537630558014
0, 267, 286, 144, 156, 0.005745504982769489
0, 236, 278, 87, 129, 0.005733877420425415
0, 331, 375, 42, 46, 0.0056926291435956955
0, 228, 254, 45, 44, 0.005677319597452879
0, 259, 256, 28, 23, 0.005650011822581291
0, 328, 320, 32, 24, 0.005619746167212725
0, 337, 322, 49, 49, 0.005456947721540928
0, 318, 355, 82, 45, 0.005451611243188381
0, 159, 230, 81, 61, 0.0053612845949828625
0, 241, 251, 42, 37, 0.00533738499507308
0, 303, 292, 56, 42, 0.005301894620060921
0, 255, 346, 56, 45, 0.005267141852527857
0, 319, 317, 80, 47, 0.005237313453108072
0, 296, 353, 71, 52, 0.005111289210617542
0, 306, 303, 88, 52, 0.004976340103894472
0, 388, 431, 9, 14, 0.004971473943442106
0, 252, 274, 47, 56, 0.004893177654594183
0, 207, 261, 22, 28, 0.004740398842841387
0, 299, 289, 46, 35, 0.004637743346393108
0, 327, 355, 73, 41, 0.004636181052774191
0, 227, 298, 30, 31, 0.004596594255417585
0, 269, 348, 40, 27, 0.004511740989983082
0, 351, 346, 41, 61, 0.004459898918867111
0, 205, 256, 30, 36, 0.004453129135072231
0, 364, 726, 30, 21, 0.004422136582434177
0, 399, 363, 17, 25, 0.004263231530785561
0, 438, 389, 75, 65, 0.004188625607639551
0, 204, 223, 40, 23, 0.004178163129836321
0, 260, 291, 20, 16, 0.004174171015620232
0, 351, 334, 26, 23, 0.004156393930315971
0, 264, 338, 252, 261, 0.004149830434471369
0, 231, 245, 20, 23, 0.004022619687020779
0, 260, 345, 53, 30, 0.004021817352622747
0, 234, 283, 58, 66, 0.0039811222814023495
0, 316, 324, 109, 127, 0.003938653506338596
0, 343, 330, 32, 31, 0.0038434199523180723
0, 276, 295, 87, 50, 0.0038366729859262705
0, 341, 388, 24, 21, 0.0038343174383044243
0, 215, 256, 31, 30, 0.0037878858856856823
0, 315, 301, 37, 22, 0.003767151152715087
0, 163, 236, 119, 77, 0.003735022619366646
0, 298, 344, 48, 31, 0.003731457982212305
0, 184, 236, 87, 74, 0.003720824606716633
0, 288, 288, 36, 26, 0.003698306391015649
0, 244, 299, 66, 54, 0.0036250457633286715
0, 337, 358, 75, 78, 0.003595704911276698
0, 283, 346, 81, 36, 0.003588245250284672
0, 500, 649, 20, 19, 0.0035849292762577534
0, 322, 332, 100, 107, 0.0035253609530627728
0, 189, 227, 73, 40, 0.003407345386222005
0, 474, 616, 24, 37, 0.0033801908139139414
0, 200, 301, 381, 206, 0.0033394419588148594
0, 332, 314, 53, 44, 0.003320670686662197
0, 248, 310, 65, 32, 0.0033137372229248285
0, 365, 753, 29, 14, 0.003267943160608411
0, 175, 240, 62, 49, 0.003227252746000886
0, 508, 655, 25, 23, 0.0032166799064725637
0, 148, 252, 91, 71, 0.0032106481958180666
0, 332, 304, 31, 23, 0.0032059268560260534
0, 222, 277, 61, 78, 0.0032033801544457674
0, 275, 346, 82, 35, 0.0031713168136775494
0, 185, 220, 66, 30, 0.0031432199757546186
0, 449, 403, 47, 36, 0.0031352590303868055
0, 321, 335, 53, 24, 0.003021656069904566
0, 167, 261, 44, 50, 0.003016870701685548
0, 217, 262, 37, 33, 0.002981581026688218
0, 205, 227, 39, 22, 0.0029678645078092813
0, 473, 606, 16, 17, 0.002960232552140951
0, 219, 245, 82, 67, 0.0029595261439681053
0, 184, 231, 83, 65, 0.0029391071293503046
0, 371, 423, 13, 17, 0.002911693649366498
0, 317, 345, 63, 31, 0.002872515469789505
0, 307, 343, 62, 32, 0.0028680693358182907
0, 393, 331, 19, 19, 0.002808772958815098
0, 256, 341, 40, 22, 0.002751836320385337
0, 184, 240, 81, 74, 0.0027322450187057257
0, 188, 243, 83, 57, 0.0027084914036095142
0, 260, 299, 35, 28, 0.002708291634917259
0, 348, 327, 34, 49, 0.002696806099265814
0, 440, 395, 70, 63, 0.0026915145572274923
0, 215, 229, 20, 17, 0.0026148254983127117
0, 121, 246, 65, 45, 0.0026115071959793568
0, 246, 317, 41, 18, 0.002503535943105817
0, 255, 299, 80, 44, 0.002464060438796878
0, 299, 302, 90, 62, 0.0024493553210049868
0, 501, 688, 16, 18, 0.0024474894162267447
0, 232, 306, 36, 35, 0.002435897244140506
0, 248, 283, 46, 29, 0.002424496691673994
0, 452, 400, 38, 31, 0.0024129441007971764
0, 320, 366, 70, 65, 0.002411931985989213
0, 348, 313, 22, 20, 0.0023947672452777624
0, 359, 353, 27, 44, 0.0023554079234600067
0, 142, 247, 87, 59, 0.002340658102184534
0, 351, 354, 39, 53, 0.0023043423425406218
0, 218, 286, 247, 205, 0.002295355312526226
0, 136, 239, 66, 51, 0.0022778832353651524
0, 391, 332, 17, 21, 0.002277261344715953
0, 298, 279, 34, 30, 0.002259114058688283
0, 264, 317, 91, 55, 0.0022483980283141136
0, 266, 257, 17, 24, 0.0022038680035620928
0, 246, 340, 41, 24, 0.0021991534158587456
0, 235, 236, 24, 25, 0.0021935009863227606
0, 435, 370, 30, 24, 0.002187923528254032
0, 107, 241, 42, 37, 0.002183468546718359
0, 165, 212, 33, 22, 0.0021797192748636007
0, 252, 318, 69, 25, 0.0021795034408569336
0, 290, 299, 172, 183, 0.0021674258168786764
0, 347, 363, 52, 70, 0.002146549755707383
0, 332, 366, 62, 63, 0.0021304271649569273
0, 166, 214, 40, 24, 0.0021287978161126375
0, 265, 338, 80, 31, 0.002098299562931061
0, 286, 281, 34, 30, 0.0020957710221409798
0, 142, 232, 38, 27, 0.0020905761048197746
0, 176, 263, 178, 137, 0.0020702139008790255
0, 266, 265, 19, 25, 0.002053340896964073
0, 276, 339, 90, 25, 0.0020451447926461697
0, 360, 362, 24, 25, 0.0020172756630927324
0, 368, 727, 31, 16, 0.00200862274505198
0, 323, 374, 25, 30, 0.0019639902748167515
0, 289, 355, 64, 56, 0.0019563212990760803
0, 228, 290, 21, 16, 0.0019483031937852502
0, 165, 252, 42, 32, 0.0019353402312844992
0, 188, 260, 86, 60, 0.0019311218056827784
0, 197, 222, 25, 16, 0.0019221131224185228
0, 359, 347, 27, 48, 0.0019124208483844995
0, 438, 413, 53, 38, 0.0018979024607688189
0, 284, 293, 44, 31, 0.0018946437630802393
0, 274, 307, 66, 27, 0.0018928807694464922
0, 175, 216, 44, 24, 0.0018822539132088423
0, 357, 729, 14, 11, 0.0018684051465243101
0, 370, 754, 15, 11, 0.0018643200164660811
0, 277, 351, 36, 22, 0.0018626826349645853
0, 503, 657, 35, 42, 0.0018326620338484645
0, 289, 353, 52, 23, 0.0018118660664185882
0, 246, 333, 48, 31, 0.0018118505831807852
0, 311, 336, 55, 25, 0.0018030573846772313
0, 333, 385, 36, 28, 0.0017946228617802262
0, 312, 315, 89, 68, 0.001779448357410729
0, 238, 315, 50, 63, 0.0017551080090925097
0, 506, 684, 30, 27, 0.0017533620120957494
0, 328, 344, 74, 54, 0.0017473474144935608
0, 426, 377, 37, 27, 0.0017472816398367286
0, 299, 359, 66, 61, 0.0017197765409946442
0, 300, 279, 38, 27, 0.0016907919198274612
0, 287, 332, 87, 49, 0.0016414289129897952
0, 276, 319, 94, 70, 0.0015806870069354773
0, 130, 223, 19, 15, 0.0015742381801828742
0, 191, 260, 81, 62, 0.0015728013822808862
0, 282, 273, 155, 130, 0.0015696476912125945
0, 254, 337, 47, 20, 0.001537193194963038
0, 127, 243, 86, 88, 0.001518544857390225
0, 337, 350, 88, 101, 0.0015034497482702136
0, 263, 307, 30, 17, 0.0015029401984065771
0, 148, 230, 55, 32, 0.0014788827393203974
0, 209, 270, 52, 68, 0.0014752255519852042
0, 423, 419, 32, 23, 0.0014714781427755952
0, 321, 383, 26, 30, 0.0014501487603411078
0, 423, 389, 45, 30, 0.0014389537973329425
0, 296, 350, 165, 115, 0.0014389483258128166
0, 132, 230, 43, 30, 0.0014171454822644591
0, 430, 420, 26, 22, 0.001403587288223207
0, 191, 252, 75, 54, 0.0013963982928544283
0, 302, 337, 50, 22, 0.0013891395647078753
0, 223, 238, 37, 28, 0.0013860282488167286
0, 209, 225, 32, 21, 0.0013765365583822131
0, 429, 668, 11, 9, 0.0013622825499624014
0, 338, 380, 31, 35, 0.0013414224376901984
0, 288, 304, 80, 30, 0.0013232839992269874
0, 176, 233, 75, 63, 0.0013191570760682225
0, 127, 249, 57, 31, 0.0013112318702042103
0, 446, 413, 44, 32, 0.00131064816378057
0, 120, 231, 42, 30, 0.0013046228559687734
0, 419, 402, 41, 54, 0.0012918696738779545
0, 505, 649, 30, 29, 0.0012890470679849386
0, 415, 393, 30, 20, 0.0012864653253927827
0, 506, 669, 41, 69, 0.001277258968912065
0, 109, 233, 25, 20, 0.0012670609867200255
0, 155, 221, 47, 37, 0.0012615679297596216
0, 141, 224, 23, 16, 0.0012522455072030425
0, 243, 318, 79, 93, 0.0012476388365030289
0, 364, 720, 29, 22, 0.0012418819824233651
0, 548, 686, 11, 20, 0.0012216705363243818
0, 472, 616, 25, 38, 0.0012165078660473228
0, 471, 625, 14, 17, 0.0012144054053351283
0, 217, 323, 352, 216, 0.0011897892691195011
0, 370, 738, 31, 16, 0.0011686644284054637
0, 357, 335, 22, 23, 0.0011683105258271098
0, 120, 224, 29, 18, 0.0011663679033517838
0, 423, 396, 45, 34, 0.0011581000871956348
0, 179, 215, 51, 21, 0.001155584235675633
0, 222, 285, 48, 68, 0.0011493607889860868
0, 423, 411, 23, 18, 0.0011484497226774693
0, 330, 350, 88, 96, 0.0011468573939055204
0, 425, 370, 26, 23, 0.0011344278464093804
0, 151, 260, 81, 62, 0.001132455188781023
0, 503, 664, 48, 70, 0.0011157771805301309
0, 394, 347, 27, 52, 0.001105794101022184
0, 279, 352, 64, 47, 0.0010910986457020044
0, 289, 313, 95, 41, 0.0010771501110866666
0, 365, 736, 26, 18, 0.0010756001574918628
0, 502, 412, 14, 18, 0.0010516614420339465
0, 458, 400, 30, 28, 0.0010264613665640354
0, 414, 396, 31, 21, 0.0010215099900960922
0, 171, 212, 31, 19, 0.001010257052257657
0, 252, 253, 44, 29, 0.0009894600370898843
0, 276, 351, 118, 91, 0.000988782849162817
0, 127, 236, 84, 77, 0.0009830235503613949
0, 165, 243, 41, 24, 0.000977527815848589
0, 283, 272, 25, 21, 0.0009774542413651943
0, 269, 283, 53, 47, 0.0009714599000290036
0, 171, 272, 26, 27, 0.0009621488861739635
0, 293, 271, 25, 19, 0.0009517029393464327
0, 438, 406, 65, 51, 0.0009442528826184571
0, 301, 319, 93, 77, 0.0009397397516295314
0, 254, 254, 333, 339, 0.0009338653180748224
0, 395, 349, 27, 55, 0.0009156900923699141
0, 310, 363, 39, 28, 0.0009112009429372847
0, 400, 760, 12, 12, 0.0008953165961429477
0, 107, 251, 34, 27, 0.0008841854287311435
0, 314, 371, 41, 43, 0.0008825226686894894
0, 283, 279, 109, 92, 0.0008674960117787123
0, 220, 252, 103, 90, 0.0008583818562328815
0, 474, 632, 21, 35, 0.0008164980681613088
0, 501, 644, 21, 19, 0.0008122780127450824
0, 320, 297, 39, 28, 0.0008078872924670577
0, 139, 264, 19, 13, 0.0007787698996253312
0, 191, 253, 170, 109, 0.000774707121308893
0, 221, 302, 47, 50, 0.0007535640033893287
0, 496, 661, 26, 30, 0.0007479955093003809
0, 249, 341, 89, 84, 0.0007463208748959005
0, 433, 374, 35, 32, 0.0007125749834813178
0, 130, 253, 74, 53, 0.0007088336278684437
0, 353, 412, 13, 8, 0.0007048166007734835
0, 725, 775, 11, 9, 0.0006890863296575844
0, 159, 251, 142, 107, 0.00068868842208758
0, 387, 429, 11, 17, 0.0006828457699157298
0, 417, 446, 30, 33, 0.0006688482826575637
0, 336, 342, 90, 116, 0.0006625606911256909
