0, 464, 250, 18, 16, 0.2754096984863281
0, 526, 247, 18, 18, 0.25877895951271057
0, 189, 299, 16, 25, 0.255153089761734
0, 525, 310, 11, 14, 0.24753323197364807
0, 492, 482, 25, 41, 0.21505120396614075
0, 493, 255, 10, 10, 0.2021382749080658
0, 315, 241, 14, 13, 0.199496790766716
0, 411, 485, 18, 30, 0.19662924110889435
0, 516, 341, 18, 15, 0.1813119500875473
0, 411, 248, 14, 15, 0.16581714153289795
0, 507, 272, 13, 13, 0.16431541740894318
0, 355, 223, 20, 14, 0.1619895100593567
0, 177, 341, 20, 40, 0.16068972647190094
0, 681, 413, 23, 23, 0.15945038199424744
0, 503, 288, 8, 12, 0.1531248539686203
0, 558, 289, 12, 15, 0.15164417028427124
0, 443, 469, 25, 51, 0.14769302308559418
0, 333, 272, 32, 24, 0.14751796424388885
0, 313, 625, 23, 23, 0.14196257293224335
0, 694, 438, 18, 14, 0.14019690454006195
0, 240, 265, 27, 41, 0.13897696137428284
0, 292, 597, 15, 18, 0.13837091624736786
0, 615, 464, 34, 21, 0.13611076772212982
0, 549, 329, 16, 16, 0.1308765709400177
0, 218, 255, 18, 21, 0.12857641279697418
0, 269, 219, 22, 12, 0.12253867089748383
0, 625, 478, 15, 10, 0.12062032520771027
0, 427, 473, 56, 64, 0.11000653356313705
0, 464, 471, 16, 33, 0.10225608199834824
0, 330, 225, 21, 12, 0.10056525468826294
0, 249, 246, 22, 21, 0.10054073482751846
0, 200, 279, 12, 13, 0.09907609224319458
0, 332, 224, 20, 12, 0.09702376276254654
0, 178, 217, 19, 36, 0.09296546876430511
0, 631, 463, 71, 40, 0.09204547107219696
0, 263, 617, 27, 31, 0.09143974632024765
0, 724, 424, 14, 8, 0.08921968936920166
0, 517, 336, 19, 24, 0.08854767680168152
0, 530, 421, 22, 15, 0.08811987936496735
0, 664, 403, 17, 24, 0.08796672523021698
0, 365, 236, 18, 16, 0.08393970876932144
0, 160, 320, 10, 13, 0.08214496076107025
0, 526, 426, 33, 29, 0.0799395814538002
0, 524, 430, 38, 37, 0.07840079814195633
0, 489, 483, 30, 42, 0.07502224296331406
0, 237, 619, 17, 28, 0.0745307132601738
0, 690, 437, 29, 20, 0.07102056592702866
0, 571, 284, 11, 13, 0.07004515826702118
0, 141, 361, 8, 20, 0.06949461251497269
0, 367, 243, 38, 33, 0.06875797361135483
0, 215, 256, 26, 23, 0.06872846931219101
0, 336, 380, 25, 14, 0.06713149696588516
0, 663, 400, 14, 15, 0.06663475930690765
0, 466, 220, 26, 15, 0.06367635726928711
0, 548, 342, 21, 13, 0.06272733956575394
0, 295, 407, 20, 20, 0.06220350041985512
0, 572, 286, 12, 19, 0.060681845992803574
0, 251, 242, 29, 31, 0.05999612435698509
0, 336, 276, 24, 17, 0.05787594988942146
0, 493, 483, 26, 42, 0.0568833164870739
0, 220, 587, 12, 13, 0.056722790002822876
0, 651, 470, 32, 23, 0.05658073350787163
0, 420, 216, 8, 11, 0.054874811321496964
0, 362, 237, 24, 21, 0.054501742124557495
0, 377, 442, 31, 49, 0.05444903299212456
0, 275, 660, 9, 19, 0.05332507565617561
0, 549, 327, 14, 14, 0.052754778414964676
0, 315, 242, 15, 14, 0.0525752417743206
0, 381, 397, 13, 12, 0.05109793320298195
0, 679, 416, 22, 19, 0.051049865782260895
0, 644, 473, 15, 13, 0.0510273240506649
0, 409, 253, 19, 27, 0.050362855195999146
0, 203, 588, 15, 18, 0.04932887852191925
0, 524, 468, 14, 17, 0.04811036214232445
0, 524, 444, 10, 13, 0.04693242162466049
0, 482, 237, 9, 13, 0.04627913609147072
0, 412, 484, 19, 32, 0.045853495597839355
0, 627, 478, 15, 12, 0.045832667499780655
0, 237, 619, 16, 26, 0.04556122049689293
0, 359, 282, 12, 9, 0.0445597842335701
0, 239, 586, 11, 17, 0.04438742995262146
0, 463, 251, 22, 20, 0.0443430170416832
0, 238, 592, 17, 27, 0.04359010234475136
0, 256, 585, 10, 17, 0.04344608262181282
0, 528, 287, 12, 11, 0.042970020323991776
0, 465, 474, 15, 36, 0.042957235127687454
0, 159, 358, 8, 18, 0.04291337728500366
0, 376, 251, 15, 12, 0.04282475635409355
0, 376, 253, 15, 12, 0.042629800736904144
0, 524, 431, 43, 39, 0.04136501997709274
0, 238, 620, 17, 27, 0.04033010080456734
0, 264, 611, 14, 14, 0.04028342291712761
0, 359, 222, 24, 15, 0.03919380530714989
0, 176, 347, 18, 31, 0.03787943348288536
0, 97, 364, 21, 11, 0.037624869495630264
0, 205, 36, 27, 13, 0.03703435882925987
0, 230, 605, 37, 57, 0.03684617206454277
0, 344, 223, 43, 17, 0.036112893372774124
0, 544, 437, 11, 16, 0.03578275069594383
0, 224, 638, 10, 15, 0.03575492277741432
0, 220, 318, 21, 9, 0.03467065095901489
0, 471, 223, 15, 11, 0.03457815200090408
0, 232, 265, 41, 45, 0.034140318632125854
0, 428, 468, 20, 40, 0.033982835710048676
0, 682, 397, 13, 10, 0.03380810469388962
0, 467, 222, 23, 14, 0.032927848398685455
0, 482, 269, 8, 14, 0.03248095139861107
0, 284, 268, 30, 15, 0.03216991573572159
0, 371, 457, 47, 83, 0.031721509993076324
0, 226, 600, 61, 68, 0.031410105526447296
0, 520, 247, 33, 21, 0.030822455883026123
0, 375, 434, 26, 32, 0.030443327501416206
0, 356, 456, 17, 17, 0.02987256832420826
0, 391, 218, 11, 17, 0.029055021703243256
0, 178, 334, 18, 25, 0.028978759422898293
0, 317, 623, 14, 17, 0.02876673825085163
0, 312, 628, 25, 30, 0.027898790314793587
0, 263, 275, 89, 54, 0.02776193432509899
0, 288, 281, 37, 19, 0.027614429593086243
0, 302, 213, 14, 9, 0.027406813576817513
0, 559, 285, 16, 21, 0.02697814628481865
0, 455, 237, 14, 10, 0.025966322049498558
0, 548, 269, 12, 13, 0.025964941829442978
0, 674, 408, 38, 34, 0.02591387741267681
0, 443, 481, 14, 39, 0.025254540145397186
0, 237, 605, 26, 57, 0.024901309981942177
0, 220, 253, 19, 26, 0.02480638213455677
0, 647, 355, 9, 18, 0.02436978742480278
0, 481, 340, 30, 19, 0.024027524515986443
0, 238, 275, 20, 21, 0.023994961753487587
0, 389, 221, 17, 26, 0.02365422248840332
0, 455, 323, 11, 9, 0.02265981025993824
0, 615, 462, 35, 23, 0.022656574845314026
0, 212, 612, 9, 15, 0.022250480949878693
0, 277, 280, 59, 43, 0.022171612828969955
0, 332, 273, 33, 25, 0.022086793556809425
0, 260, 628, 15, 19, 0.022054091095924377
0, 475, 342, 20, 13, 0.021908491849899292
0, 158, 356, 9, 18, 0.02163536474108696
0, 362, 490, 10, 21, 0.021511131897568703
0, 364, 269, 11, 11, 0.02118244208395481
0, 617, 469, 39, 33, 0.020720630884170532
0, 426, 469, 18, 25, 0.020713040605187416
0, 190, 296, 14, 20, 0.020686091855168343
0, 496, 473, 12, 21, 0.020496413111686707
0, 420, 475, 35, 55, 0.019832544028759003
0, 163, 316, 21, 20, 0.019804242998361588
0, 565, 292, 29, 31, 0.01972842775285244
0, 280, 278, 51, 28, 0.019035637378692627
0, 360, 243, 22, 16, 0.01891035959124565
0, 344, 671, 13, 14, 0.01866331323981285
0, 234, 260, 62, 49, 0.01861565001308918
0, 649, 475, 25, 13, 0.018414821475744247
0, 236, 593, 17, 25, 0.018038325011730194
0, 167, 308, 11, 12, 0.0178076159209013
0, 611, 451, 25, 12, 0.017250552773475647
0, 422, 475, 58, 62, 0.016980405896902084
0, 519, 436, 25, 27, 0.016345569863915443
0, 248, 296, 24, 14, 0.01620851270854473
0, 566, 294, 29, 36, 0.016156047582626343
0, 329, 268, 24, 14, 0.01591423898935318
0, 681, 413, 49, 47, 0.015815354883670807
0, 616, 469, 38, 26, 0.015807919204235077
0, 329, 605, 15, 22, 0.015775570645928383
0, 462, 249, 28, 25, 0.01570230908691883
0, 694, 406, 13, 13, 0.015607637353241444
0, 373, 435, 29, 35, 0.01553824171423912
0, 494, 276, 8, 8, 0.015475042164325714
0, 327, 600, 12, 12, 0.01521552074700594
0, 357, 273, 26, 23, 0.015140097588300705
0, 246, 247, 30, 26, 0.015123317949473858
0, 212, 609, 12, 19, 0.01497628539800644
0, 289, 280, 34, 17, 0.014966573566198349
0, 274, 491, 19, 11, 0.014921481721103191
0, 240, 428, 10, 13, 0.014920408837497234
0, 259, 633, 12, 14, 0.014879674650728703
0, 289, 286, 33, 13, 0.01473910827189684
0, 672, 407, 32, 30, 0.014604013413190842
0, 449, 469, 21, 50, 0.014377368614077568
0, 205, 36, 27, 14, 0.014219577424228191
0, 461, 428, 10, 8, 0.014213629998266697
0, 673, 401, 35, 22, 0.013957200571894646
0, 506, 278, 19, 27, 0.013650291599333286
0, 279, 268, 33, 17, 0.01354177575558424
0, 492, 485, 38, 52, 0.013530092313885689
0, 246, 296, 22, 15, 0.013467997312545776
0, 191, 282, 23, 22, 0.013135715387761593
0, 313, 628, 23, 29, 0.013090656138956547
0, 522, 311, 22, 17, 0.013060878030955791
0, 564, 287, 36, 40, 0.012929920107126236
0, 234, 620, 25, 35, 0.01280940230935812
0, 240, 252, 50, 43, 0.012665361166000366
0, 425, 463, 22, 28, 0.01262603048235178
0, 429, 249, 8, 14, 0.012624664232134819
0, 360, 482, 20, 37, 0.012492316775023937
0, 573, 287, 14, 19, 0.012440375983715057
0, 233, 591, 25, 29, 0.012328015640377998
0, 240, 260, 17, 19, 0.012265289202332497
0, 370, 460, 51, 85, 0.012263412587344646
0, 288, 286, 36, 14, 0.012235003523528576
0, 155, 583, 14, 10, 0.012095478363335133
0, 554, 279, 25, 32, 0.012088506482541561
0, 542, 438, 13, 19, 0.012018215842545033
0, 295, 249, 11, 7, 0.011875621974468231
0, 211, 588, 29, 22, 0.011872421018779278
0, 161, 165, 8, 7, 0.011570501141250134
0, 141, 359, 11, 24, 0.011424719356000423
0, 257, 581, 11, 16, 0.01141989417374134
0, 217, 292, 9, 17, 0.01131813321262598
0, 337, 251, 16, 10, 0.011304700747132301
0, 368, 235, 68, 53, 0.01115984097123146
0, 236, 602, 54, 67, 0.011094283312559128
0, 543, 336, 32, 29, 0.011026646010577679
0, 168, 340, 41, 48, 0.011020704172551632
0, 243, 590, 37, 32, 0.01089488435536623
0, 348, 222, 42, 16, 0.01083166804164648
0, 633, 470, 64, 32, 0.010640301741659641
0, 555, 276, 34, 42, 0.010635538958013058
0, 646, 475, 22, 15, 0.010598452761769295
0, 183, 281, 11, 16, 0.010566295124590397
0, 265, 283, 22, 14, 0.010524284094572067
0, 409, 379, 15, 17, 0.010474096052348614
0, 620, 463, 22, 14, 0.010431305505335331
0, 239, 262, 54, 59, 0.010339661501348019
0, 216, 254, 26, 24, 0.010288208723068237
0, 293, 237, 18, 14, 0.010211020708084106
0, 464, 463, 13, 12, 0.01019729021936655
0, 604, 451, 12, 9, 0.010182660073041916
0, 259, 264, 97, 70, 0.01015528291463852
0, 519, 465, 29, 27, 0.010060524567961693
0, 403, 266, 9, 10, 0.010020323097705841
0, 576, 310, 11, 12, 0.00990075059235096
0, 601, 408, 15, 9, 0.009871378540992737
0, 364, 472, 34, 52, 0.009856978431344032
0, 465, 479, 12, 32, 0.009619041346013546
0, 686, 409, 12, 13, 0.009449344128370285
0, 225, 597, 63, 61, 0.009293196722865105
0, 480, 336, 30, 17, 0.009291041642427444
0, 380, 460, 16, 14, 0.009261640720069408
0, 475, 335, 17, 11, 0.009220689535140991
0, 462, 244, 32, 30, 0.009101565927267075
0, 524, 434, 43, 44, 0.009069171734154224
0, 289, 268, 29, 17, 0.0089972959831357
0, 371, 232, 61, 47, 0.008914905600249767
0, 492, 481, 37, 50, 0.008839990943670273
0, 417, 480, 26, 27, 0.008809476159512997
0, 525, 245, 19, 19, 0.00858734454959631
0, 215, 293, 10, 16, 0.008463851176202297
0, 370, 239, 41, 39, 0.008424804545938969
0, 44, 659, 22, 17, 0.008423620834946632
0, 269, 219, 22, 11, 0.008403261192142963
0, 371, 469, 15, 13, 0.008355118334293365
0, 286, 265, 199, 115, 0.008314229547977448
0, 493, 253, 24, 17, 0.00822400115430355
0, 290, 598, 24, 21, 0.008124420419335365
0, 573, 306, 15, 16, 0.008051690645515919
0, 346, 225, 55, 30, 0.008050312288105488
0, 486, 482, 31, 43, 0.008015397936105728
0, 541, 493, 34, 13, 0.007939346134662628
0, 510, 250, 22, 14, 0.00782825704663992
0, 522, 462, 21, 31, 0.00781380757689476
0, 109, 529, 13, 14, 0.007789563853293657
0, 147, 343, 18, 46, 0.007518074009567499
0, 464, 372, 12, 12, 0.007384133990854025
0, 224, 571, 16, 12, 0.007253127172589302
0, 373, 429, 18, 21, 0.007247977890074253
0, 148, 259, 21, 15, 0.007237870246171951
0, 278, 284, 54, 20, 0.007223699241876602
0, 270, 606, 22, 18, 0.0072175743989646435
0, 685, 424, 40, 47, 0.007132111117243767
0, 201, 353, 21, 11, 0.007018315605819225
0, 263, 288, 20, 12, 0.006997135933488607
0, 262, 291, 63, 33, 0.006991648580878973
0, 618, 452, 17, 14, 0.00687774270772934
0, 248, 268, 78, 71, 0.00686475308611989
0, 340, 222, 40, 18, 0.006830253172665834
0, 468, 221, 24, 15, 0.006794522050768137
0, 202, 590, 13, 17, 0.006774790119379759
0, 494, 259, 84, 52, 0.00661417655646801
0, 177, 224, 17, 24, 0.006600114982575178
0, 219, 606, 17, 20, 0.0065788147039711475
0, 219, 315, 24, 14, 0.006555839907377958
0, 375, 430, 22, 22, 0.006505656521767378
0, 501, 261, 37, 33, 0.006503807380795479
0, 402, 497, 9, 11, 0.006446151062846184
0, 343, 278, 51, 38, 0.00639347406104207
0, 373, 441, 32, 47, 0.0063767447136342525
0, 510, 397, 9, 10, 0.006287983153015375
0, 222, 596, 26, 38, 0.006260705646127462
0, 230, 631, 26, 32, 0.006252650171518326
0, 520, 441, 20, 20, 0.006181821692734957
0, 250, 244, 25, 22, 0.006141618825495243
0, 687, 446, 10, 9, 0.006082752253860235
0, 372, 446, 43, 60, 0.0060399058274924755
0, 446, 453, 9, 15, 0.005936933681368828
0, 336, 379, 28, 16, 0.0058920965529978275
0, 257, 616, 55, 50, 0.005866628605872393
0, 149, 335, 12, 19, 0.005835593678057194
0, 555, 480, 12, 12, 0.005793719552457333
0, 314, 634, 33, 43, 0.0057680378668010235
