0, 352, 131, 42, 29, 0.28200581669807434
0, 196, 246, 37, 44, 0.27323171496391296
0, 319, 159, 174, 146, 0.20672272145748138
0, 310, 174, 181, 163, 0.16117283701896667
0, 224, 241, 20, 14, 0.14151480793952942
0, 284, 196, 99, 105, 0.08032538741827011
0, 165, 221, 15, 15, 0.06496082246303558
0, 197, 253, 24, 23, 0.06172151118516922
0, 385, 120, 28, 29, 0.045348089188337326
0, 303, 191, 49, 43, 0.044043827801942825
0, 196, 234, 23, 13, 0.04229443147778511
0, 334, 158, 52, 44, 0.04042636230587959
0, 196, 245, 31, 40, 0.038857050240039825
0, 197, 253, 24, 24, 0.03846661373972893
0, 295, 192, 17, 15, 0.03790678083896637
0, 197, 234, 26, 13, 0.037126801908016205
0, 385, 124, 31, 37, 0.03293052688241005
0, 275, 223, 6, 7, 0.03253927081823349
0, 387, 128, 38, 46, 0.032379377633333206
0, 314, 145, 10, 12, 0.0321645550429821
0, 228, 247, 28, 26, 0.031855396926403046
0, 357, 135, 28, 21, 0.03096843883395195
0, 347, 195, 16, 16, 0.030703432857990265
0, 319, 144, 21, 14, 0.02987654134631157
0, 362, 138, 88, 70, 0.02894432097673416
0, 362, 130, 62, 44, 0.028707703575491905
0, 300, 139, 14, 10, 0.026320233941078186
0, 281, 156, 29, 17, 0.02569500170648098
0, 354, 123, 46, 45, 0.025377314537763596
0, 235, 252, 10, 11, 0.025006715208292007
0, 327, 189, 18, 13, 0.024571288377046585
0, 342, 159, 49, 37, 0.02439986728131771
0, 224, 241, 17, 12, 0.02282695844769478
0, 359, 143, 91, 74, 0.021059192717075348
0, 347, 169, 23, 18, 0.02054242044687271
0, 342, 158, 57, 42, 0.01964949071407318
0, 397, 97, 17, 21, 0.019095873460173607
0, 368, 117, 8, 7, 0.018803445622324944
0, 293, 186, 26, 28, 0.01847655326128006
0, 296, 189, 17, 19, 0.01837034709751606
0, 302, 169, 16, 15, 0.018012193962931633
0, 361, 107, 41, 26, 0.017473647370934486
0, 370, 133, 72, 61, 0.017228804528713226
0, 317, 175, 8, 7, 0.01649112068116665
0, 249, 161, 22, 15, 0.016274314373731613
0, 376, 130, 10, 15, 0.01615222916007042
0, 294, 181, 37, 39, 0.015303019434213638
0, 314, 195, 26, 32, 0.014837021939456463
0, 388, 119, 21, 22, 0.014128775335848331
0, 327, 156, 33, 10, 0.013735529035329819
0, 333, 156, 21, 8, 0.013603235594928265
0, 263, 178, 53, 52, 0.013518476858735085
0, 223, 168, 19, 15, 0.013466058298945427
0, 336, 150, 44, 21, 0.013361463323235512
0, 257, 189, 27, 21, 0.01311315968632698
0, 396, 96, 20, 22, 0.012748770415782928
0, 283, 139, 20, 14, 0.012375366874039173
0, 277, 153, 19, 13, 0.011964705772697926
0, 278, 194, 11, 15, 0.011900266632437706
0, 335, 161, 26, 17, 0.01179711613804102
0, 235, 252, 13, 12, 0.011772377416491508
0, 229, 265, 11, 13, 0.011724084615707397
0, 256, 186, 29, 24, 0.011510438285768032
0, 233, 253, 19, 15, 0.011313439346849918
0, 264, 165, 18, 15, 0.011133341118693352
0, 268, 169, 38, 23, 0.011116890236735344
0, 263, 231, 8, 11, 0.011114909313619137
0, 274, 181, 75, 58, 0.011096877977252007
0, 326, 190, 19, 13, 0.01100486982613802
0, 305, 192, 42, 33, 0.010983813554048538
0, 311, 208, 7, 11, 0.010831800289452076
0, 261, 171, 35, 23, 0.010807177983224392
0, 292, 230, 11, 12, 0.010797169990837574
0, 290, 142, 41, 21, 0.010656990110874176
0, 318, 120, 25, 8, 0.010648109950125217
0, 347, 166, 21, 17, 0.010596212930977345
0, 330, 151, 43, 18, 0.010551241226494312
0, 261, 192, 18, 14, 0.010388613678514957
0, 299, 140, 17, 12, 0.010379268787801266
0, 313, 201, 24, 24, 0.010156413540244102
0, 337, 150, 67, 58, 0.009946495294570923
0, 288, 182, 49, 49, 0.009857319295406342
0, 268, 166, 23, 18, 0.009745422750711441
0, 302, 168, 13, 14, 0.009623326361179352
0, 279, 156, 27, 18, 0.00949988141655922
0, 387, 117, 18, 18, 0.009457055479288101
0, 301, 137, 15, 10, 0.009422865696251392
0, 249, 162, 22, 14, 0.009314971044659615
0, 165, 222, 14, 13, 0.009285771287977695
0, 323, 150, 34, 26, 0.00926793459802866
0, 165, 259, 13, 14, 0.009220793843269348
0, 372, 109, 11, 9, 0.009127887897193432
0, 348, 145, 82, 64, 0.009117410518229008
0, 221, 170, 20, 14, 0.008737310767173767
0, 270, 244, 7, 6, 0.008704880252480507
0, 358, 118, 41, 54, 0.008607959374785423
0, 163, 259, 10, 12, 0.00860013347119093
0, 319, 190, 39, 25, 0.008409171365201473
0, 361, 101, 32, 13, 0.008377054706215858
0, 263, 177, 45, 42, 0.008320344612002373
0, 399, 138, 8, 12, 0.008250856772065163
0, 193, 235, 18, 12, 0.008062937296926975
0, 261, 199, 19, 19, 0.008039532229304314
0, 299, 168, 19, 15, 0.007881071418523788
0, 185, 246, 14, 12, 0.007863306440412998
0, 329, 159, 46, 21, 0.007862444035708904
0, 316, 198, 17, 10, 0.007771243341267109
0, 266, 168, 31, 23, 0.007687876932322979
0, 344, 130, 26, 23, 0.0076644932851195335
0, 332, 145, 38, 15, 0.0076545546762645245
0, 317, 195, 23, 15, 0.007601713761687279
0, 229, 249, 29, 32, 0.007463246583938599
0, 200, 252, 17, 20, 0.0074288928881287575
0, 270, 183, 54, 40, 0.007318984251469374
0, 310, 187, 17, 19, 0.007241321261972189
0, 227, 167, 11, 14, 0.007143532857298851
0, 308, 203, 20, 12, 0.0071426439099013805
0, 274, 218, 23, 20, 0.007064919453114271
0, 274, 228, 13, 19, 0.007051441818475723
0, 260, 188, 23, 17, 0.007000549230724573
0, 346, 196, 18, 17, 0.0068908254615962505
0, 357, 102, 23, 10, 0.006884794216603041
0, 282, 154, 28, 19, 0.006872233934700489
0, 358, 123, 46, 47, 0.006709180306643248
0, 314, 148, 23, 22, 0.006695552263408899
0, 255, 178, 16, 10, 0.0066685802303254604
0, 275, 198, 16, 12, 0.006663579028099775
0, 298, 195, 23, 29, 0.006575720850378275
0, 267, 235, 18, 21, 0.006548651959747076
0, 340, 123, 17, 11, 0.00646477285772562
0, 213, 251, 61, 41, 0.00643269345164299
0, 322, 158, 25, 10, 0.006424744613468647
0, 290, 180, 25, 16, 0.00640356307849288
0, 287, 186, 90, 78, 0.006342560052871704
0, 310, 190, 57, 46, 0.006281997077167034
0, 293, 139, 29, 14, 0.006177996750921011
0, 268, 177, 52, 39, 0.006167802028357983
0, 326, 145, 29, 13, 0.006165557540953159
0, 249, 185, 15, 15, 0.006118236109614372
0, 266, 231, 15, 16, 0.006062215194106102
0, 378, 93, 13, 8, 0.005989183206111193
0, 256, 163, 36, 18, 0.005931445863097906
0, 359, 107, 35, 21, 0.0057433973997831345
0, 267, 197, 39, 16, 0.005738976411521435
0, 316, 123, 24, 13, 0.005724218674004078
0, 377, 159, 8, 7, 0.005717223975807428
0, 344, 166, 18, 10, 0.005678347311913967
0, 355, 118, 46, 51, 0.005672981962561607
0, 324, 154, 44, 47, 0.005672285333275795
0, 353, 131, 48, 38, 0.005615636240690947
0, 194, 245, 33, 36, 0.005590460263192654
0, 427, 152, 6, 10, 0.005526253022253513
0, 258, 193, 27, 31, 0.005482793785631657
0, 228, 175, 24, 24, 0.005338250659406185
0, 262, 172, 51, 40, 0.005329820793122053
0, 355, 137, 23, 15, 0.00527919502928853
0, 272, 220, 21, 22, 0.005240618716925383
0, 222, 169, 20, 14, 0.0052151610143482685
0, 372, 110, 11, 11, 0.005165182054042816
0, 349, 114, 15, 9, 0.005116512533277273
0, 293, 229, 12, 12, 0.005104327108711004
0, 293, 192, 13, 15, 0.005097186658531427
0, 233, 172, 40, 28, 0.005083911586552858
0, 223, 175, 28, 30, 0.005076107569038868
0, 388, 116, 18, 18, 0.005047920625656843
0, 185, 249, 14, 12, 0.005030053202062845
0, 256, 195, 80, 85, 0.004981445148587227
0, 362, 159, 14, 13, 0.0049129994586110115
0, 250, 181, 18, 14, 0.00489488011226058
0, 333, 152, 30, 15, 0.004886634647846222
0, 381, 123, 22, 26, 0.0048840660601854324
0, 375, 133, 8, 15, 0.0048685697838664055
0, 227, 257, 33, 30, 0.0048407441936433315
0, 314, 127, 33, 19, 0.0047737243585288525
0, 301, 187, 23, 21, 0.004725002218037844
0, 263, 235, 22, 22, 0.004688666667789221
0, 351, 166, 17, 19, 0.004680609330534935
0, 278, 178, 60, 38, 0.004664945416152477
0, 380, 92, 9, 8, 0.004660995211452246
0, 305, 190, 160, 138, 0.0046472931280732155
0, 291, 226, 17, 19, 0.004628145135939121
0, 341, 125, 74, 50, 0.0045829759910702705
0, 338, 139, 73, 71, 0.004522897768765688
0, 261, 205, 7, 9, 0.004453560337424278
0, 305, 183, 17, 17, 0.004453330300748348
0, 275, 169, 37, 14, 0.0044028921984136105
0, 351, 103, 16, 10, 0.004390795715153217
0, 320, 138, 24, 18, 0.004387313965708017
0, 282, 142, 15, 7, 0.004352755844593048
0, 314, 202, 21, 22, 0.004347551614046097
0, 268, 208, 36, 30, 0.004346323665231466
0, 266, 195, 18, 14, 0.004302336368709803
0, 193, 234, 16, 9, 0.004280697554349899
0, 336, 157, 38, 11, 0.0042801001109182835
0, 274, 167, 17, 11, 0.004265776835381985
0, 192, 252, 21, 19, 0.004257905296981335
0, 352, 161, 30, 24, 0.004253964871168137
0, 252, 188, 24, 23, 0.004240550100803375
0, 336, 122, 9, 7, 0.004206580109894276
0, 339, 146, 36, 16, 0.004196453373879194
0, 306, 206, 17, 13, 0.004196451045572758
0, 295, 170, 26, 18, 0.004189039580523968
0, 340, 167, 39, 32, 0.004187481943517923
0, 355, 162, 30, 25, 0.0040784189477562904
0, 283, 185, 52, 36, 0.004068624693900347
0, 269, 215, 11, 11, 0.004046685993671417
0, 280, 215, 15, 9, 0.004035027697682381
0, 204, 261, 27, 16, 0.003985295537859201
0, 379, 123, 51, 50, 0.003938421607017517
0, 386, 130, 33, 44, 0.003926458302885294
0, 377, 155, 21, 17, 0.0037509403191506863
0, 316, 158, 14, 12, 0.0037457176949828863
0, 280, 193, 14, 13, 0.00373924826271832
0, 226, 179, 43, 36, 0.003729916177690029
0, 352, 170, 12, 11, 0.0035972874611616135
0, 241, 178, 63, 49, 0.003578491508960724
0, 197, 257, 30, 31, 0.0035708295181393623
0, 191, 257, 9, 11, 0.0035254780668765306
0, 322, 198, 70, 37, 0.00351715087890625
0, 295, 223, 20, 20, 0.0035146414302289486
0, 249, 205, 213, 131, 0.0035037961788475513
0, 258, 162, 32, 15, 0.0034980804193764925
0, 268, 210, 24, 29, 0.0034622238017618656
0, 291, 174, 29, 20, 0.00344611844047904
0, 316, 153, 77, 52, 0.0034247376024723053
0, 304, 203, 87, 68, 0.003411468816921115
0, 197, 234, 25, 13, 0.003411081386730075
0, 251, 171, 33, 33, 0.003398963250219822
0, 343, 172, 14, 13, 0.0033871971536427736
0, 198, 272, 15, 10, 0.0033783121034502983
0, 359, 125, 18, 14, 0.003374990541487932
0, 202, 256, 15, 19, 0.0033496974501758814
0, 281, 167, 31, 16, 0.003317776136100292
0, 285, 179, 27, 12, 0.003289297455921769
0, 302, 135, 21, 21, 0.003276946721598506
0, 277, 186, 62, 38, 0.0032716931309551
0, 289, 185, 76, 56, 0.0032225027680397034
0, 242, 171, 18, 13, 0.0032003894448280334
0, 226, 179, 36, 42, 0.0031962378416210413
0, 200, 248, 19, 15, 0.003192940028384328
0, 281, 174, 36, 16, 0.0031845462508499622
0, 280, 196, 21, 17, 0.0031803983729332685
0, 289, 139, 39, 25, 0.0031781254801899195
0, 306, 129, 15, 11, 0.003164113499224186
0, 188, 241, 26, 26, 0.0031462619081139565
0, 321, 131, 22, 10, 0.003084612777456641
0, 359, 139, 41, 16, 0.0030838504899293184
0, 321, 195, 32, 27, 0.0030444159638136625
0, 282, 222, 33, 26, 0.0030134818516671658
0, 336, 131, 40, 28, 0.002963393460959196
0, 387, 124, 28, 32, 0.0029491924215108156
0, 311, 140, 40, 23, 0.0029456934425979853
0, 387, 123, 36, 42, 0.0029401315841823816
0, 283, 228, 32, 20, 0.0029305622447282076
0, 179, 238, 7, 6, 0.0029265955090522766
0, 365, 154, 51, 21, 0.002922321204096079
0, 357, 124, 12, 13, 0.0029155961237847805
0, 268, 161, 26, 15, 0.0029155004303902388
0, 298, 205, 17, 13, 0.0028882967308163643
0, 180, 195, 6, 10, 0.002885570516809821
0, 341, 196, 26, 19, 0.0028541525825858116
0, 366, 102, 16, 9, 0.0028325053863227367
0, 370, 157, 21, 16, 0.00279404828324914
0, 162, 260, 19, 16, 0.002788691548630595
0, 240, 173, 59, 40, 0.0027523990720510483
0, 352, 131, 39, 27, 0.0027460127603262663
0, 188, 253, 19, 23, 0.0027380173560231924
0, 209, 252, 69, 46, 0.0027056862600147724
0, 343, 150, 30, 17, 0.0026694999542087317
0, 348, 193, 18, 24, 0.0026555676013231277
0, 342, 117, 17, 12, 0.0026522281114012003
0, 325, 174, 70, 79, 0.0026463516987860203
0, 247, 217, 227, 121, 0.002635927638038993
0, 309, 125, 17, 12, 0.0026334302965551615
0, 311, 172, 178, 151, 0.002631328534334898
0, 320, 162, 26, 13, 0.0026136618107557297
0, 272, 211, 18, 10, 0.002587873488664627
0, 335, 195, 41, 29, 0.002584879519417882
0, 208, 257, 29, 25, 0.0025642213877290487
0, 380, 154, 16, 17, 0.002559070009738207
0, 223, 242, 17, 12, 0.0025154997128993273
0, 184, 225, 6, 8, 0.0024884322192519903
0, 283, 158, 28, 13, 0.0024630140978842974
0, 289, 193, 38, 30, 0.002438022056594491
0, 346, 174, 22, 17, 0.002430757973343134
0, 228, 266, 9, 11, 0.002410741290077567
0, 327, 122, 46, 16, 0.0024105405900627375
0, 392, 139, 19, 15, 0.0024025901220738888
0, 370, 154, 29, 11, 0.002395488554611802
0, 273, 153, 12, 12, 0.002359174657613039
0, 289, 147, 44, 36, 0.0023433116730302572
0, 291, 168, 36, 16, 0.002332699950784445
0, 273, 233, 17, 12, 0.0023272486869245768
0, 166, 218, 10, 8, 0.0023232223466038704
0, 366, 131, 38, 30, 0.0023114790674299
0, 354, 153, 42, 20, 0.0023101610131561756
0, 321, 119, 20, 10, 0.002307150512933731
0, 260, 243, 13, 9, 0.0022948691621422768
0, 293, 207, 169, 131, 0.002256441628560424
0, 288, 182, 173, 142, 0.002235124818980694
