0, 270, 372, 46, 38, 0.38707002997398376
0, 129, 219, 61, 78, 0.363718718290329
0, 239, 287, 40, 32, 0.218065083026886
0, 477, 561, 97, 100, 0.20213298499584198
0, 372, 429, 24, 27, 0.176348477602005
0, 392, 467, 50, 78, 0.17016765475273132
0, 298, 346, 28, 30, 0.16794680058956146
0, 453, 552, 51, 74, 0.14017382264137268
0, 327, 364, 28, 29, 0.12421973049640656
0, 460, 526, 21, 27, 0.12264718115329742
0, 485, 546, 13, 22, 0.11983153223991394
0, 394, 484, 43, 47, 0.0936371237039566
0, 124, 217, 32, 43, 0.08763542026281357
0, 503, 576, 35, 32, 0.08215558528900146
0, 200, 276, 122, 102, 0.07927241176366806
0, 383, 458, 26, 40, 0.07676605135202408
0, 193, 258, 64, 61, 0.06289002299308777
0, 204, 240, 11, 18, 0.05889140069484711
0, 199, 261, 56, 50, 0.05727193132042885
0, 187, 274, 89, 88, 0.056376807391643524
0, 455, 559, 35, 55, 0.051457397639751434
0, 388, 470, 13, 16, 0.05126203969120979
0, 142, 236, 46, 45, 0.05044298991560936
0, 297, 350, 26, 22, 0.04948895424604416
0, 198, 262, 56, 50, 0.047372303903102875
0, 383, 451, 22, 26, 0.046171415597200394
0, 503, 582, 36, 44, 0.04226294904947281
0, 482, 551, 17, 32, 0.042172811925411224
0, 328, 368, 28, 23, 0.040919676423072815
0, 449, 554, 37, 63, 0.04066711291670799
0, 444, 599, 16, 19, 0.04061673954129219
0, 163, 218, 10, 11, 0.040246665477752686
0, 430, 506, 13, 22, 0.03981364145874977
0, 335, 402, 33, 27, 0.03917938098311424
0, 240, 321, 47, 40, 0.03859174996614456
0, 198, 256, 54, 50, 0.03678980469703674
0, 131, 236, 26, 40, 0.03643923997879028
0, 178, 223, 14, 13, 0.03617085888981819
0, 379, 448, 32, 49, 0.03564325347542763
0, 197, 256, 56, 55, 0.03563488647341728
0, 308, 401, 13, 12, 0.03352107107639313
0, 453, 568, 18, 29, 0.03155016899108887
0, 198, 302, 39, 31, 0.031334009021520615
0, 164, 279, 40, 42, 0.0311297494918108
0, 438, 526, 20, 24, 0.031071577221155167
0, 431, 504, 14, 17, 0.03077533468604088
0, 201, 320, 13, 10, 0.02978823520243168
0, 186, 255, 26, 23, 0.029569733887910843
0, 270, 374, 50, 47, 0.029225382953882217
0, 125, 223, 33, 53, 0.028476325795054436
0, 321, 363, 16, 24, 0.028177792206406593
0, 238, 294, 35, 18, 0.027583397924900055
0, 474, 584, 16, 20, 0.02736782468855381
0, 177, 222, 14, 14, 0.02693362720310688
0, 343, 402, 15, 19, 0.026566125452518463
0, 157, 268, 28, 18, 0.025618858635425568
0, 452, 547, 50, 75, 0.024311695247888565
0, 148, 218, 11, 23, 0.023827437311410904
0, 134, 229, 13, 18, 0.023634804412722588
0, 273, 346, 14, 14, 0.02360968478024006
0, 130, 190, 14, 17, 0.023425806313753128
0, 323, 357, 9, 12, 0.023402124643325806
0, 248, 314, 27, 25, 0.02330312319099903
0, 485, 544, 11, 18, 0.02327396161854267
0, 95, 129, 39, 36, 0.023264890536665916
0, 124, 209, 27, 25, 0.02321069873869419
0, 204, 274, 124, 106, 0.022482898086309433
0, 499, 557, 14, 10, 0.02169342152774334
0, 349, 425, 13, 15, 0.02166929841041565
0, 247, 279, 19, 13, 0.02156219631433487
0, 140, 239, 45, 39, 0.021424386650323868
0, 199, 288, 180, 202, 0.02134908363223076
0, 105, 187, 19, 22, 0.020873717963695526
0, 187, 251, 25, 22, 0.020148703828454018
0, 194, 293, 56, 48, 0.020028626546263695
0, 452, 572, 19, 25, 0.019870737567543983
0, 207, 296, 24, 17, 0.019306881353259087
0, 243, 279, 28, 15, 0.019249487668275833
0, 515, 606, 10, 13, 0.01917358674108982
0, 161, 225, 20, 20, 0.018763143569231033
0, 160, 272, 27, 22, 0.018530040979385376
0, 108, 193, 26, 30, 0.01840248703956604
0, 128, 220, 27, 47, 0.01834968291223049
0, 353, 423, 23, 24, 0.018091144040226936
0, 304, 396, 21, 21, 0.01803155243396759
0, 348, 427, 15, 18, 0.017825614660978317
0, 208, 306, 180, 208, 0.017379671335220337
0, 437, 523, 13, 17, 0.01707378216087818
0, 441, 533, 29, 41, 0.01675524190068245
0, 445, 536, 18, 31, 0.016593115404248238
0, 461, 562, 20, 16, 0.016530780121684074
0, 105, 183, 13, 12, 0.016447635367512703
0, 439, 528, 19, 25, 0.016215691342949867
0, 247, 320, 30, 27, 0.015782583504915237
0, 374, 427, 19, 24, 0.015640022233128548
0, 321, 360, 16, 19, 0.015621659345924854
0, 460, 533, 22, 26, 0.015503283590078354
0, 444, 513, 10, 13, 0.015234614722430706
0, 150, 237, 30, 32, 0.01520959660410881
0, 129, 209, 21, 18, 0.015132163651287556
0, 431, 478, 10, 12, 0.015125798061490059
0, 471, 582, 19, 21, 0.014649764634668827
0, 507, 576, 27, 27, 0.014556603506207466
0, 121, 215, 35, 44, 0.014314413070678711
0, 445, 544, 19, 20, 0.01419121865183115
0, 140, 226, 23, 20, 0.014074315316975117
0, 460, 524, 20, 23, 0.014071193523705006
0, 356, 416, 12, 11, 0.013839658349752426
0, 224, 289, 68, 34, 0.013386493548750877
0, 371, 432, 21, 21, 0.01308335643261671
0, 460, 564, 23, 17, 0.013079429976642132
0, 466, 569, 36, 45, 0.012945650145411491
0, 156, 232, 46, 43, 0.012784210965037346
0, 343, 406, 18, 25, 0.012778344564139843
0, 210, 272, 29, 22, 0.012767065316438675
0, 507, 569, 21, 16, 0.012756677344441414
0, 168, 222, 33, 20, 0.012725637294352055
0, 181, 284, 23, 17, 0.01256889570504427
0, 386, 484, 28, 45, 0.012561446987092495
0, 429, 507, 12, 15, 0.012250942178070545
0, 240, 287, 43, 37, 0.01222643256187439
0, 130, 247, 23, 21, 0.012205619364976883
0, 327, 400, 13, 11, 0.012155520729720592
0, 191, 307, 20, 16, 0.011985817924141884
0, 140, 198, 11, 22, 0.01194443553686142
0, 439, 519, 20, 26, 0.011815275065600872
0, 198, 288, 128, 123, 0.011424191296100616
0, 120, 205, 34, 33, 0.011370190419256687
0, 193, 253, 29, 24, 0.011034667491912842
0, 322, 365, 27, 26, 0.010998347774147987
0, 206, 271, 114, 86, 0.010965005494654179
0, 310, 366, 14, 13, 0.010870160534977913
0, 373, 436, 24, 28, 0.01086429599672556
0, 114, 198, 15, 13, 0.01048528216779232
0, 160, 268, 26, 16, 0.010426664724946022
0, 337, 406, 26, 23, 0.010348120704293251
0, 495, 579, 58, 60, 0.010268893092870712
0, 317, 431, 10, 13, 0.010245317593216896
0, 508, 584, 18, 12, 0.010137533769011497
0, 219, 279, 84, 58, 0.010128962807357311
0, 462, 572, 43, 38, 0.010027567856013775
0, 157, 273, 25, 17, 0.009784369729459286
0, 173, 287, 14, 16, 0.009681913070380688
0, 197, 284, 58, 48, 0.009655044414103031
0, 195, 242, 24, 23, 0.009654214605689049
0, 248, 305, 16, 7, 0.009580017998814583
0, 183, 272, 198, 205, 0.009538627229630947
0, 128, 231, 35, 56, 0.009293117560446262
0, 203, 295, 18, 15, 0.009275275282561779
0, 221, 324, 17, 17, 0.009271341376006603
0, 233, 296, 24, 14, 0.009205580689013004
0, 361, 427, 40, 30, 0.009086423553526402
0, 150, 211, 22, 28, 0.008995250798761845
0, 141, 219, 23, 29, 0.008951363153755665
0, 276, 365, 22, 19, 0.008913729339838028
0, 390, 468, 18, 23, 0.008886133320629597
0, 381, 456, 18, 23, 0.008881179615855217
0, 270, 300, 23, 16, 0.008849378675222397
0, 386, 480, 29, 46, 0.00868303794413805
0, 153, 231, 33, 42, 0.008634568192064762
0, 329, 398, 20, 16, 0.008613638579845428
0, 170, 222, 29, 20, 0.008571190759539604
0, 456, 552, 33, 64, 0.00854639895260334
0, 329, 371, 40, 47, 0.008416443131864071
0, 469, 582, 27, 22, 0.008389996364712715
0, 304, 399, 23, 19, 0.008344991132616997
0, 470, 560, 23, 19, 0.008324209600687027
0, 174, 292, 14, 17, 0.008293908089399338
0, 231, 323, 14, 17, 0.008116870187222958
0, 367, 452, 45, 76, 0.008006765507161617
0, 225, 285, 74, 38, 0.008000749163329601
0, 212, 269, 99, 81, 0.0079747773706913
0, 128, 190, 11, 13, 0.007837528362870216
0, 383, 461, 31, 51, 0.007799056358635426
0, 131, 199, 24, 35, 0.007777672726660967
0, 212, 297, 63, 26, 0.007713681552559137
0, 244, 315, 30, 25, 0.007585909683257341
0, 218, 292, 86, 45, 0.007459728978574276
0, 328, 405, 52, 40, 0.007406396325677633
0, 502, 568, 26, 14, 0.0074058882892131805
0, 449, 545, 23, 25, 0.007372809108346701
0, 202, 244, 17, 26, 0.00725735817104578
0, 201, 318, 14, 11, 0.0072549330070614815
0, 394, 492, 43, 28, 0.007253407966345549
0, 274, 346, 15, 13, 0.007244102191179991
0, 242, 293, 32, 18, 0.007221962325274944
0, 415, 550, 7, 8, 0.007125644478946924
0, 141, 234, 79, 120, 0.007096556015312672
0, 184, 280, 26, 20, 0.007073590997606516
0, 270, 297, 25, 22, 0.00695036118850112
0, 188, 282, 31, 24, 0.006835835054516792
0, 334, 371, 18, 14, 0.006833229213953018
0, 138, 207, 22, 41, 0.006757417693734169
0, 331, 372, 33, 30, 0.006610008422285318
0, 181, 289, 33, 29, 0.006608977913856506
0, 383, 450, 21, 34, 0.006591895129531622
0, 190, 250, 19, 15, 0.006553043145686388
0, 265, 287, 9, 12, 0.006363431923091412
0, 240, 332, 15, 16, 0.006275267340242863
0, 244, 287, 30, 27, 0.006186220329254866
0, 338, 398, 19, 16, 0.006154639646410942
0, 111, 202, 34, 49, 0.006103708874434233
0, 205, 240, 13, 21, 0.006085892673581839
0, 395, 478, 35, 41, 0.0060755726881325245
0, 205, 259, 40, 47, 0.0059952326118946075
0, 166, 278, 42, 34, 0.005934950429946184
0, 480, 557, 30, 43, 0.005931836552917957
0, 461, 619, 13, 8, 0.005917194299399853
0, 216, 272, 19, 19, 0.005867771804332733
0, 271, 371, 55, 50, 0.005807612091302872
0, 169, 229, 64, 40, 0.0057250927202403545
0, 443, 600, 19, 21, 0.005723889917135239
0, 237, 318, 40, 29, 0.005627361126244068
0, 160, 260, 24, 22, 0.005620905198156834
0, 160, 276, 36, 39, 0.005524895619601011
0, 148, 243, 22, 21, 0.005473428871482611
0, 456, 529, 12, 16, 0.005456932354718447
0, 327, 368, 40, 34, 0.005435770843178034
0, 232, 288, 26, 18, 0.005406138487160206
0, 241, 298, 38, 19, 0.005368110723793507
0, 167, 285, 36, 42, 0.005137758329510689
0, 210, 270, 28, 24, 0.005128882359713316
0, 121, 205, 33, 38, 0.005103460978716612
0, 296, 346, 36, 34, 0.005056384485214949
0, 235, 330, 58, 49, 0.004904191009700298
0, 495, 567, 16, 13, 0.004893275443464518
0, 405, 490, 17, 15, 0.004892678465694189
0, 233, 319, 59, 47, 0.004876530263572931
0, 300, 393, 13, 11, 0.004850827623158693
0, 338, 380, 15, 12, 0.00484013557434082
0, 313, 367, 20, 16, 0.004766204860061407
0, 170, 266, 60, 45, 0.004743779078125954
0, 178, 246, 182, 132, 0.004699966870248318
0, 117, 223, 18, 27, 0.004655890166759491
0, 503, 589, 33, 40, 0.004608915653079748
0, 281, 366, 61, 60, 0.00457089114934206
0, 382, 493, 17, 22, 0.004512357991188765
0, 188, 243, 22, 17, 0.0044696759432554245
0, 304, 337, 11, 14, 0.004467323888093233
0, 496, 571, 53, 66, 0.004439755342900753
0, 186, 304, 19, 18, 0.004396773874759674
0, 257, 305, 50, 20, 0.004357071127742529
0, 475, 553, 36, 38, 0.004350917413830757
0, 142, 219, 77, 82, 0.004266406875103712
0, 253, 364, 17, 19, 0.004248888231813908
0, 160, 212, 22, 29, 0.004237416200339794
0, 299, 338, 24, 22, 0.004219238646328449
0, 388, 458, 56, 89, 0.004210022743791342
0, 245, 330, 18, 17, 0.004069981165230274
0, 205, 243, 17, 24, 0.004062864929437637
0, 449, 563, 27, 43, 0.004050398711115122
0, 191, 277, 20, 18, 0.004006757866591215
0, 189, 310, 11, 13, 0.0039834994822740555
0, 254, 371, 19, 17, 0.003952948842197657
0, 308, 403, 25, 30, 0.003943081945180893
0, 261, 364, 27, 21, 0.003853214206174016
0, 232, 280, 28, 19, 0.0038294228725135326
0, 383, 496, 21, 22, 0.003817870980128646
0, 329, 393, 44, 48, 0.003816556418314576
0, 403, 492, 26, 21, 0.0037820853758603334
0, 156, 236, 77, 84, 0.0037592691369354725
0, 292, 327, 19, 14, 0.0037227256689220667
0, 233, 328, 23, 20, 0.0037114485166966915
0, 207, 292, 119, 110, 0.0037017075810581446
0, 200, 272, 38, 26, 0.0036904907319694757
0, 215, 270, 18, 19, 0.003652471350505948
0, 279, 353, 24, 16, 0.003629561048001051
0, 175, 259, 56, 30, 0.0036022060085088015
0, 384, 477, 32, 60, 0.0035409987904131413
0, 183, 263, 84, 66, 0.0034925483632832766
0, 222, 320, 24, 15, 0.0033473391085863113
0, 222, 300, 64, 18, 0.0033357462380081415
0, 261, 372, 31, 33, 0.0033249505795538425
0, 181, 293, 37, 43, 0.0032552629709243774
0, 160, 256, 74, 76, 0.0032428009435534477
0, 290, 346, 44, 31, 0.0032350867986679077
0, 167, 210, 14, 15, 0.003202312858775258
0, 363, 435, 45, 45, 0.0031251173932105303
0, 201, 256, 46, 54, 0.0031173324678093195
0, 187, 264, 43, 43, 0.0030356149654835463
0, 505, 590, 38, 44, 0.0030217121820896864
0, 496, 578, 21, 23, 0.003017100039869547
0, 230, 295, 60, 27, 0.002989863744005561
0, 261, 381, 23, 18, 0.002955608768388629
0, 272, 298, 19, 17, 0.0029205766040831804
0, 495, 583, 46, 50, 0.0029199616983532906
0, 388, 464, 21, 40, 0.002915906487032771
0, 379, 498, 12, 17, 0.0029098805971443653
0, 294, 325, 19, 13, 0.0028832335956394672
0, 405, 460, 8, 13, 0.002882141387090087
0, 154, 256, 23, 15, 0.002874357160180807
0, 492, 556, 34, 42, 0.002831910038366914
0, 214, 282, 67, 53, 0.0028272108174860477
0, 449, 536, 30, 45, 0.0028136225882917643
0, 626, 537, 8, 7, 0.0027826721780002117
0, 337, 420, 19, 24, 0.0027183028869330883
0, 373, 442, 38, 53, 0.002677663927897811
0, 224, 331, 16, 14, 0.0026547517627477646
0, 153, 244, 32, 29, 0.0026489594019949436
0, 273, 380, 28, 27, 0.0025987420231103897
