0, 270, 364, 76, 95, 0.545294463634491
0, 322, 616, 48, 30, 0.13709129393100739
0, 247, 374, 24, 36, 0.0676710307598114
0, 298, 505, 30, 19, 0.06413176655769348
0, 291, 505, 46, 21, 0.06177777796983719
0, 316, 521, 54, 43, 0.055396582931280136
0, 316, 681, 43, 37, 0.04646071419119835
0, 304, 476, 84, 137, 0.04230157658457756
0, 309, 686, 87, 107, 0.040826600044965744
0, 280, 363, 53, 83, 0.038268014788627625
0, 299, 589, 28, 29, 0.03416361287236214
0, 311, 647, 72, 43, 0.03194674104452133
0, 307, 700, 83, 77, 0.03175267577171326
0, 311, 661, 98, 163, 0.02938631735742092
0, 321, 641, 38, 23, 0.02910994179546833
0, 311, 521, 66, 53, 0.02865207940340042
0, 273, 386, 65, 44, 0.028587188571691513
0, 330, 523, 25, 28, 0.02819155901670456
0, 329, 518, 26, 35, 0.027926431968808174
0, 301, 527, 34, 24, 0.027073591947555542
0, 274, 503, 16, 18, 0.026992877945303917
0, 298, 587, 31, 33, 0.025929607450962067
0, 309, 712, 76, 56, 0.02510266751050949
0, 232, 318, 17, 12, 0.025013767182826996
0, 318, 487, 34, 26, 0.024488486349582672
0, 273, 423, 40, 32, 0.024457283318042755
0, 315, 681, 46, 39, 0.023466601967811584
0, 278, 468, 19, 37, 0.02202926017343998
0, 293, 508, 47, 27, 0.020879102870821953
0, 289, 662, 36, 42, 0.02016827091574669
0, 309, 468, 37, 50, 0.019413096830248833
0, 306, 450, 32, 56, 0.019388431683182716
0, 316, 673, 41, 26, 0.019163236021995544
0, 240, 320, 39, 47, 0.018557673320174217
0, 281, 663, 18, 18, 0.017698250710964203
0, 327, 649, 43, 32, 0.017646223306655884
0, 351, 589, 25, 40, 0.017406001687049866
0, 278, 696, 21, 17, 0.017032738775014877
0, 285, 675, 23, 26, 0.01689552143216133
0, 288, 680, 18, 17, 0.016440147534012794
0, 335, 769, 38, 41, 0.016288185492157936
0, 307, 530, 36, 24, 0.016185088083148003
0, 335, 658, 28, 22, 0.01608557626605034
0, 314, 615, 33, 27, 0.01562882401049137
0, 311, 688, 54, 54, 0.015482017770409584
0, 307, 456, 23, 20, 0.015320942737162113
0, 316, 630, 74, 66, 0.014885463751852512
0, 249, 374, 26, 31, 0.014880457893013954
0, 300, 464, 17, 26, 0.014812750741839409
0, 311, 527, 24, 22, 0.01473768800497055
0, 283, 684, 31, 43, 0.014706217683851719
0, 301, 531, 26, 18, 0.014448946341872215
0, 321, 775, 69, 61, 0.014197324402630329
0, 316, 525, 52, 41, 0.013978669419884682
0, 318, 674, 38, 22, 0.013769103214144707
0, 291, 652, 37, 37, 0.013598430901765823
0, 322, 693, 20, 13, 0.013464245945215225
0, 316, 641, 48, 27, 0.012951524928212166
0, 324, 643, 46, 21, 0.012842947617173195
0, 291, 689, 45, 42, 0.01273393165320158
0, 273, 426, 39, 40, 0.01272397767752409
0, 284, 671, 26, 37, 0.01235673576593399
0, 280, 372, 50, 67, 0.012212331406772137
0, 292, 451, 66, 86, 0.012185439467430115
0, 348, 693, 18, 16, 0.011349733918905258
0, 313, 484, 17, 17, 0.01128940936177969
0, 271, 419, 35, 23, 0.011226078495383263
0, 319, 484, 25, 23, 0.011205455288290977
0, 293, 527, 33, 22, 0.011044641956686974
0, 301, 785, 28, 38, 0.011024244129657745
0, 276, 475, 17, 27, 0.01099593099206686
0, 336, 763, 34, 30, 0.010625427588820457
0, 313, 486, 33, 23, 0.010516009293496609
0, 302, 442, 31, 49, 0.010331613942980766
0, 341, 660, 21, 22, 0.010061687789857388
0, 326, 642, 33, 23, 0.010054309852421284
0, 330, 704, 16, 20, 0.00999933760613203
0, 353, 580, 15, 29, 0.0099762212485075
0, 313, 650, 83, 85, 0.009847740642726421
0, 308, 454, 55, 86, 0.009567650966346264
0, 301, 693, 16, 19, 0.00955045036971569
0, 300, 698, 58, 51, 0.009532390162348747
0, 237, 321, 35, 44, 0.009466659277677536
0, 270, 416, 30, 17, 0.009449724107980728
0, 274, 416, 28, 17, 0.009405825287103653
0, 302, 655, 65, 52, 0.009377296082675457
0, 322, 771, 66, 52, 0.009141635149717331
0, 328, 698, 12, 11, 0.00910270120948553
0, 298, 648, 20, 16, 0.009061534889042377
0, 234, 315, 22, 21, 0.008823457174003124
0, 316, 502, 54, 67, 0.008784588426351547
0, 295, 530, 27, 21, 0.008689098991453648
0, 291, 436, 16, 18, 0.008644524961709976
0, 348, 589, 27, 21, 0.008418369106948376
0, 345, 581, 30, 32, 0.008258328773081303
0, 267, 502, 16, 14, 0.008194541558623314
0, 248, 371, 26, 34, 0.008171356283128262
0, 298, 437, 28, 27, 0.008160272613167763
0, 277, 432, 15, 15, 0.008114059455692768
0, 310, 471, 41, 58, 0.008047647774219513
0, 309, 703, 25, 23, 0.00804298184812069
0, 247, 381, 25, 33, 0.00791106652468443
0, 297, 685, 37, 29, 0.007858245633542538
0, 319, 610, 23, 15, 0.007722621783614159
0, 315, 469, 27, 23, 0.007667521480470896
0, 250, 370, 21, 27, 0.007623955141752958
0, 318, 706, 46, 49, 0.007568314205855131
0, 240, 310, 32, 30, 0.0074447887018322945
0, 275, 342, 24, 43, 0.007374916225671768
0, 318, 626, 54, 53, 0.007361953612416983
0, 297, 588, 32, 40, 0.007277052383869886
0, 330, 726, 26, 14, 0.007166373543441296
0, 232, 335, 58, 84, 0.0071617476642131805
0, 322, 727, 27, 16, 0.0070477258414030075
0, 295, 398, 15, 11, 0.006668072193861008
0, 292, 700, 33, 29, 0.006629706360399723
0, 241, 334, 9, 16, 0.006625785492360592
0, 314, 607, 21, 13, 0.0065399897284805775
0, 306, 447, 26, 36, 0.006526294630020857
0, 268, 376, 63, 64, 0.006499575451016426
0, 264, 314, 10, 16, 0.006487071048468351
0, 337, 655, 31, 21, 0.006431661080569029
0, 306, 598, 49, 59, 0.006408632267266512
0, 322, 719, 38, 30, 0.006184904370456934
0, 326, 516, 26, 32, 0.006151228677481413
0, 354, 599, 16, 21, 0.006140195298939943
0, 272, 351, 22, 46, 0.006080164574086666
0, 323, 621, 41, 25, 0.006053343415260315
0, 295, 438, 34, 33, 0.00602087052538991
0, 279, 461, 16, 25, 0.0059873927384614944
0, 273, 350, 28, 53, 0.005938397254794836
0, 301, 641, 28, 24, 0.005805055145174265
0, 326, 621, 37, 23, 0.005803541745990515
0, 322, 659, 71, 85, 0.005746567156165838
0, 309, 519, 66, 48, 0.005731072276830673
0, 285, 381, 31, 21, 0.005681899841874838
0, 307, 436, 20, 21, 0.005581192672252655
0, 299, 675, 48, 31, 0.0055778538808226585
0, 329, 717, 28, 22, 0.005564392078667879
0, 323, 665, 51, 27, 0.0055439830757677555
0, 309, 662, 82, 77, 0.005365530028939247
0, 309, 458, 68, 96, 0.005329065024852753
0, 283, 524, 21, 18, 0.005288156680762768
0, 279, 386, 52, 30, 0.005209321156144142
0, 338, 758, 24, 20, 0.005205218214541674
0, 340, 663, 36, 28, 0.005155016202479601
0, 282, 427, 53, 37, 0.004818813409656286
0, 312, 728, 38, 19, 0.004817822948098183
0, 328, 617, 36, 27, 0.004788974765688181
0, 325, 483, 25, 24, 0.004779566545039415
0, 284, 658, 26, 29, 0.00470250379294157
0, 349, 690, 17, 17, 0.004690062254667282
0, 283, 509, 26, 22, 0.004656148608773947
0, 299, 476, 95, 140, 0.004653206095099449
0, 321, 778, 67, 59, 0.0046225558035075665
0, 309, 666, 22, 12, 0.004616350866854191
0, 273, 336, 28, 40, 0.0045261625200510025
0, 306, 710, 80, 61, 0.004519942682236433
0, 282, 364, 47, 70, 0.004516097251325846
0, 353, 670, 11, 12, 0.004464343190193176
0, 321, 490, 34, 28, 0.004397410433739424
0, 326, 640, 60, 64, 0.004373833537101746
0, 352, 574, 10, 16, 0.004363034851849079
0, 335, 583, 16, 18, 0.004311497323215008
0, 309, 616, 31, 23, 0.0042808521538972855
0, 317, 602, 74, 71, 0.004275806248188019
0, 282, 699, 30, 29, 0.0042588612996041775
0, 301, 492, 20, 15, 0.004254219122231007
0, 299, 426, 27, 30, 0.004197248257696629
0, 273, 344, 25, 47, 0.003995681181550026
0, 332, 611, 19, 18, 0.003985635936260223
0, 311, 461, 35, 35, 0.003981557209044695
0, 338, 616, 19, 16, 0.003931648097932339
0, 295, 381, 21, 16, 0.003929654136300087
0, 258, 381, 36, 28, 0.003908900078386068
0, 301, 504, 25, 16, 0.0038566712755709887
0, 296, 707, 60, 58, 0.0037761724088340998
0, 296, 369, 15, 12, 0.0037703935522586107
0, 342, 762, 21, 17, 0.0036679827608168125
0, 159, 211, 14, 20, 0.0036261880304664373
0, 270, 336, 16, 31, 0.0035671857185661793
0, 216, 275, 16, 16, 0.0035079929511994123
0, 294, 584, 21, 27, 0.0035026895347982645
0, 294, 643, 27, 24, 0.003489116206765175
0, 326, 624, 56, 51, 0.0034739922266453505
0, 251, 753, 21, 17, 0.00347353657707572
0, 278, 417, 47, 19, 0.0034641444217413664
0, 300, 776, 20, 20, 0.0034628557041287422
0, 315, 653, 114, 166, 0.0032709685619920492
0, 332, 531, 20, 18, 0.003252412425354123
0, 343, 690, 31, 19, 0.0032445755787193775
0, 228, 323, 62, 68, 0.0030678659677505493
0, 266, 385, 37, 28, 0.0030572209507226944
0, 213, 276, 23, 23, 0.0030326335690915585
0, 294, 387, 22, 26, 0.0029889498837292194
0, 342, 769, 24, 23, 0.002975684590637684
0, 302, 795, 17, 19, 0.0028903752099722624
0, 242, 337, 15, 22, 0.002783946692943573
0, 296, 506, 37, 20, 0.0027803245466202497
0, 248, 393, 23, 35, 0.0027685381937772036
0, 266, 320, 15, 32, 0.0027635651640594006
0, 287, 560, 8, 12, 0.0027426525484770536
0, 304, 425, 28, 29, 0.0027199762407690287
0, 285, 441, 50, 71, 0.0026916232891380787
0, 318, 569, 81, 168, 0.002635297132655978
0, 344, 663, 32, 29, 0.0025878893211483955
0, 255, 399, 33, 22, 0.002551976591348648
0, 303, 592, 26, 20, 0.0025519109331071377
0, 309, 674, 120, 178, 0.0025409574154764414
0, 283, 410, 71, 120, 0.002531907055526972
0, 282, 448, 64, 80, 0.0024869071785360575
0, 349, 597, 42, 61, 0.002471397863700986
0, 321, 681, 40, 28, 0.002460972871631384
0, 326, 676, 26, 13, 0.0024600846227258444
0, 327, 769, 51, 44, 0.0024505811743438244
0, 310, 631, 40, 35, 0.0024292967282235622
0, 273, 331, 30, 52, 0.0024226661771535873
0, 290, 608, 9, 13, 0.00237502483651042
0, 247, 304, 14, 16, 0.002325685927644372
0, 345, 602, 31, 35, 0.0023183422163128853
0, 332, 507, 13, 16, 0.002267813077196479
0, 292, 497, 34, 19, 0.0021656465250998735
0, 260, 398, 39, 23, 0.0021564767230302095
0, 342, 755, 19, 17, 0.0021384034771472216
0, 290, 451, 33, 53, 0.0021340663079172373
0, 228, 319, 35, 33, 0.002059742109850049
0, 354, 634, 14, 19, 0.002053286414593458
0, 261, 705, 14, 12, 0.0020419531501829624
0, 354, 631, 12, 16, 0.002031176583841443
0, 319, 477, 40, 40, 0.0020300575997680426
0, 263, 361, 36, 49, 0.002006781753152609
0, 286, 399, 33, 14, 0.0018542513716965914
0, 338, 591, 51, 44, 0.0017828047275543213
0, 338, 628, 26, 18, 0.0017738280585035682
0, 223, 310, 42, 31, 0.0017117473762482405
0, 223, 333, 16, 13, 0.001711541903205216
0, 303, 507, 123, 229, 0.0017103235004469752
0, 258, 363, 28, 18, 0.0016760134603828192
0, 348, 571, 13, 12, 0.0016578661743551493
0, 247, 364, 25, 22, 0.0016484021907672286
0, 307, 682, 79, 103, 0.001595378969796002
0, 342, 590, 34, 54, 0.001595142763108015
0, 304, 728, 39, 20, 0.0015513610560446978
0, 225, 299, 20, 19, 0.0015415605157613754
0, 334, 640, 42, 33, 0.0014980314299464226
0, 315, 754, 44, 19, 0.0014820096548646688
0, 332, 765, 34, 34, 0.0014804713428020477
0, 297, 418, 20, 17, 0.001418465282768011
0, 267, 354, 78, 101, 0.001334586413577199
0, 231, 303, 23, 22, 0.0013118601636961102
0, 239, 348, 58, 122, 0.0013086530379951
0, 308, 451, 38, 54, 0.001305640209466219
0, 231, 290, 15, 11, 0.001301598153077066
0, 316, 597, 19, 18, 0.0012971410760656
0, 332, 781, 16, 14, 0.001213585608638823
0, 312, 534, 56, 38, 0.0012074796250090003
0, 259, 704, 12, 10, 0.0011964594013988972
0, 323, 546, 14, 13, 0.0011897683143615723
0, 282, 705, 36, 43, 0.0011818396160379052
0, 322, 756, 20, 18, 0.0011740581830963492
0, 208, 309, 15, 17, 0.0011501992121338844
0, 309, 606, 67, 76, 0.0011238432489335537
0, 312, 738, 22, 11, 0.001095478655770421
0, 304, 701, 98, 124, 0.001090282923541963
0, 215, 164, 11, 14, 0.0010773706017062068
0, 213, 164, 16, 14, 0.001048570149578154
0, 273, 436, 36, 45, 0.0010454116854816675
0, 273, 696, 36, 29, 0.0010277549736201763
0, 310, 785, 20, 26, 0.0010172576876357198
0, 312, 738, 37, 15, 0.00100430054590106
0, 286, 530, 24, 24, 0.0009842048166319728
0, 293, 472, 53, 55, 0.0009491429664194584
0, 266, 337, 127, 152, 0.0009364879806526005
0, 293, 784, 12, 10, 0.0009313603513874114
0, 250, 336, 24, 26, 0.0009187895338982344
0, 282, 357, 33, 60, 0.0009125433280132711
0, 320, 568, 9, 14, 0.0008800735231488943
0, 337, 602, 41, 60, 0.0008783696102909744
0, 276, 688, 40, 45, 0.0008630780503153801
0, 214, 321, 22, 15, 0.0008313265861943364
0, 307, 474, 80, 139, 0.0008242606418207288
0, 246, 730, 17, 18, 0.0008092599455267191
0, 331, 585, 33, 31, 0.0008044993737712502
0, 290, 510, 66, 71, 0.0007943450473248959
0, 307, 733, 45, 25, 0.0007619576063007116
0, 335, 564, 11, 12, 0.0007590971072204411
0, 278, 382, 83, 153, 0.0007507999544031918
0, 306, 522, 78, 56, 0.000750187726225704
0, 352, 609, 14, 32, 0.0007464485242962837
0, 249, 303, 12, 15, 0.0007028167601674795
0, 298, 469, 140, 156, 0.0007001030026003718
0, 272, 393, 57, 34, 0.0006878784042783082
0, 250, 329, 29, 37, 0.0006843640003353357
0, 286, 463, 18, 30, 0.000679512566421181
0, 303, 541, 26, 24, 0.000663272978272289
0, 350, 688, 14, 13, 0.0006550289108417928
0, 248, 355, 79, 152, 0.0006339266547001898
0, 243, 376, 30, 44, 0.0006185728125274181
0, 301, 589, 24, 22, 0.0006076443241909146
0, 307, 439, 35, 38, 0.0006035471451468766
