0, 351, 774, 149, 106, 0.42703017592430115
0, 977, 460, 119, 139, 0.21698224544525146
0, 231, 856, 68, 58, 0.18832625448703766
0, 1147, 347, 431, 299, 0.1602115035057068
0, 723, 616, 60, 55, 0.13615895807743073
0, 1225, 318, 224, 201, 0.11516963690519333
0, 1397, 956, 56, 130, 0.10022469609975815
0, 493, 687, 89, 46, 0.09764445573091507
0, 1265, 289, 124, 129, 0.09475243836641312
0, 723, 621, 61, 64, 0.08885564655065536
0, 433, 722, 59, 65, 0.07978986203670502
0, 626, 656, 122, 105, 0.06813014298677444
0, 1364, 1058, 23, 26, 0.06736303120851517
0, 648, 656, 121, 107, 0.05900654196739197
0, 1344, 1090, 51, 31, 0.04855253919959068
0, 1169, 360, 111, 120, 0.04828623682260513
0, 168, 951, 49, 32, 0.0458439476788044
0, 903, 558, 31, 30, 0.04552861675620079
0, 1396, 990, 57, 53, 0.045146238058805466
0, 430, 720, 59, 62, 0.04161372035741806
0, 490, 748, 56, 42, 0.04113654047250748
0, 420, 703, 31, 27, 0.0403534360229969
0, 632, 649, 78, 70, 0.04034113511443138
0, 1077, 392, 93, 110, 0.03945491462945938
0, 688, 642, 34, 36, 0.038700319826602936
0, 231, 856, 67, 56, 0.03803148865699768
0, 493, 739, 66, 58, 0.03773870691657066
0, 508, 703, 119, 90, 0.03628399595618248
0, 320, 761, 76, 73, 0.03497016802430153
0, 646, 648, 46, 56, 0.03495994955301285
0, 11, 129, 22, 63, 0.032499250024557114
0, 1399, 998, 47, 37, 0.03226017579436302
0, 1377, 1058, 55, 38, 0.03215378150343895
0, 189, 918, 24, 26, 0.031259890645742416
0, 905, 567, 40, 47, 0.03034011833369732
0, 805, 613, 36, 41, 0.029536910355091095
0, 1346, 1035, 55, 41, 0.029105575755238533
0, 664, 628, 25, 44, 0.028967423364520073
0, 504, 716, 152, 120, 0.028653234243392944
0, 807, 534, 35, 31, 0.028058988973498344
0, 832, 593, 24, 29, 0.02772364392876625
0, 1162, 350, 122, 124, 0.02750462293624878
0, 684, 636, 27, 35, 0.027222594246268272
0, 603, 645, 32, 35, 0.026216093450784683
0, 647, 632, 52, 52, 0.025282271206378937
0, 568, 651, 42, 32, 0.024665899574756622
0, 316, 747, 65, 48, 0.024267474189400673
0, 504, 726, 202, 133, 0.024256987497210503
0, 632, 665, 39, 35, 0.024166643619537354
0, 353, 782, 145, 104, 0.023865213617682457
0, 1397, 969, 57, 100, 0.023349063470959663
0, 323, 758, 80, 67, 0.023122845217585564
0, 972, 464, 91, 107, 0.023030295968055725
0, 1353, 1048, 53, 48, 0.022919058799743652
0, 968, 477, 97, 89, 0.022858543321490288
0, 634, 632, 26, 31, 0.022410407662391663
0, 1400, 937, 48, 150, 0.022250497713685036
0, 687, 654, 55, 57, 0.021847480908036232
0, 439, 736, 36, 36, 0.021633584052324295
0, 505, 750, 39, 37, 0.02116749994456768
0, 664, 665, 144, 111, 0.02086920104920864
0, 584, 648, 55, 37, 0.02059652842581272
0, 394, 784, 50, 36, 0.020596230402588844
0, 175, 909, 57, 40, 0.019952896982431412
0, 1271, 271, 115, 104, 0.019871624186635017
0, 560, 723, 348, 203, 0.01954773999750614
0, 334, 774, 82, 48, 0.019515730440616608
0, 989, 432, 95, 92, 0.019437475129961967
0, 755, 574, 33, 27, 0.01908521167933941
0, 648, 663, 32, 35, 0.01890149898827076
0, 17, 170, 35, 146, 0.018877677619457245
0, 1167, 373, 103, 100, 0.01883423514664173
0, 1349, 1029, 38, 28, 0.01878858357667923
0, 447, 737, 20, 33, 0.018717698752880096
0, 673, 654, 150, 117, 0.01855587214231491
0, 1254, 301, 100, 107, 0.01854897290468216
0, 499, 686, 85, 53, 0.018509048968553543
0, 577, 703, 34, 41, 0.01850026845932007
0, 527, 714, 130, 102, 0.018389584496617317
0, 341, 778, 123, 104, 0.01838041841983795
0, 477, 722, 33, 30, 0.01816444657742977
0, 1118, 345, 39, 33, 0.01813901960849762
0, 487, 723, 43, 25, 0.01794465072453022
0, 1412, 932, 27, 63, 0.01791110262274742
0, 599, 651, 99, 68, 0.017844216898083687
0, 216, 930, 22, 25, 0.017840072512626648
0, 688, 672, 66, 74, 0.017795393243432045
0, 647, 720, 44, 26, 0.017748864367604256
0, 1352, 1045, 72, 60, 0.017493749037384987
0, 603, 639, 35, 40, 0.01748010702431202
0, 500, 698, 65, 30, 0.017138948664069176
0, 858, 525, 53, 71, 0.016769805923104286
0, 1260, 287, 107, 117, 0.016742011532187462
0, 848, 510, 28, 33, 0.01657632552087307
0, 663, 622, 26, 30, 0.016535984352231026
0, 614, 738, 30, 22, 0.016519103199243546
0, 668, 645, 73, 75, 0.016100766137242317
0, 506, 738, 38, 40, 0.01609320007264614
0, 1082, 404, 93, 96, 0.015879454091191292
0, 665, 670, 107, 72, 0.015777703374624252
0, 808, 582, 18, 21, 0.015711545944213867
0, 613, 642, 49, 46, 0.015698445960879326
0, 1067, 377, 63, 36, 0.015587320551276207
0, 519, 710, 114, 86, 0.015565414912998676
0, 526, 672, 28, 28, 0.015516256913542747
0, 168, 900, 43, 26, 0.015295268967747688
0, 9, 152, 19, 89, 0.0152110755443573
0, 854, 525, 44, 62, 0.014942032285034657
0, 698, 660, 31, 27, 0.014365257695317268
0, 203, 928, 51, 38, 0.014364507980644703
0, 357, 784, 135, 82, 0.014232785440981388
0, 1394, 1001, 59, 187, 0.014231988228857517
0, 1074, 373, 64, 46, 0.013957173563539982
0, 10, 136, 20, 63, 0.013910971581935883
0, 762, 588, 138, 127, 0.013869920745491982
0, 392, 779, 58, 47, 0.013855567201972008
0, 1415, 944, 21, 36, 0.013825096189975739
0, 1391, 1063, 22, 25, 0.013770164921879768
0, 492, 695, 35, 23, 0.013746891170740128
0, 858, 541, 38, 36, 0.01370491273701191
0, 811, 617, 28, 47, 0.013519125059247017
0, 981, 442, 80, 106, 0.013404447585344315
0, 1361, 1050, 95, 78, 0.013245363719761372
0, 313, 742, 57, 39, 0.013119758106768131
0, 545, 718, 52, 59, 0.012909227050840855
0, 664, 656, 70, 69, 0.012822911143302917
0, 1006, 411, 49, 36, 0.012783259153366089
0, 189, 925, 20, 21, 0.012628694996237755
0, 1081, 367, 41, 37, 0.012588635087013245
0, 1152, 329, 43, 34, 0.012497324496507645
0, 1387, 985, 42, 34, 0.012494269758462906
0, 986, 478, 47, 56, 0.012492887675762177
0, 636, 719, 25, 25, 0.012360886670649052
0, 5, 182, 11, 28, 0.01217326708137989
0, 655, 663, 118, 81, 0.011905628256499767
0, 514, 695, 98, 53, 0.011766946874558926
0, 621, 664, 35, 31, 0.011673007160425186
0, 547, 723, 50, 55, 0.011636925861239433
0, 727, 604, 44, 28, 0.01151348277926445
0, 558, 731, 25, 37, 0.011418155394494534
0, 475, 750, 28, 31, 0.011298003606498241
0, 579, 715, 29, 36, 0.011195975355803967
0, 696, 696, 32, 23, 0.011065510101616383
0, 15, 145, 30, 127, 0.011057144030928612
0, 1010, 406, 47, 37, 0.010936342179775238
0, 494, 749, 79, 68, 0.010891580954194069
0, 1410, 966, 31, 99, 0.010498261079192162
0, 987, 467, 33, 34, 0.010495170019567013
0, 479, 689, 56, 37, 0.01047466043382883
0, 1373, 1062, 63, 37, 0.010410037823021412
0, 177, 906, 55, 40, 0.010362336412072182
0, 696, 678, 75, 59, 0.010351305827498436
0, 609, 635, 22, 35, 0.010296616703271866
0, 482, 695, 76, 44, 0.010035797953605652
0, 800, 614, 45, 49, 0.009970401413738728
0, 687, 694, 50, 28, 0.009942147880792618
0, 554, 721, 30, 37, 0.009755331091582775
0, 1415, 915, 19, 28, 0.009753944352269173
0, 1069, 368, 64, 47, 0.00972660630941391
0, 503, 724, 75, 36, 0.00960977841168642
0, 654, 663, 165, 119, 0.009528091177344322
0, 357, 782, 128, 61, 0.009377136826515198
0, 309, 821, 34, 33, 0.009259514510631561
0, 625, 654, 116, 100, 0.009244604967534542
0, 630, 676, 38, 34, 0.009124831296503544
0, 659, 621, 29, 30, 0.009097980335354805
0, 149, 898, 23, 20, 0.0089940270408988
0, 726, 620, 71, 75, 0.008878066204488277
0, 1240, 274, 47, 42, 0.008817066438496113
0, 856, 531, 41, 52, 0.008799344301223755
0, 722, 682, 26, 25, 0.008782678283751011
0, 1066, 357, 504, 326, 0.008684491738677025
0, 1052, 381, 38, 32, 0.008301382884383202
0, 693, 646, 44, 50, 0.008296030573546886
0, 450, 725, 50, 54, 0.00828186422586441
0, 1065, 387, 56, 48, 0.008191601373255253
0, 1198, 325, 38, 39, 0.008180609904229641
0, 1333, 1035, 42, 29, 0.008097677491605282
0, 1268, 283, 108, 115, 0.008069232106208801
0, 704, 687, 71, 46, 0.008055062033236027
0, 382, 782, 58, 34, 0.008015432395040989
0, 434, 783, 20, 30, 0.008000155910849571
0, 1104, 358, 497, 327, 0.007989445701241493
0, 625, 674, 50, 40, 0.007957642897963524
0, 1392, 991, 52, 50, 0.007897328585386276
0, 647, 652, 107, 101, 0.00788845308125019
0, 496, 751, 71, 55, 0.007787474896758795
0, 803, 537, 45, 36, 0.007752371020615101
0, 712, 614, 38, 41, 0.00763479620218277
0, 460, 725, 113, 104, 0.007553865667432547
0, 955, 476, 42, 63, 0.007487908937036991
0, 1187, 313, 39, 37, 0.007438536733388901
0, 997, 416, 47, 41, 0.0074079702608287334
0, 474, 735, 58, 51, 0.007386231329292059
0, 524, 682, 36, 43, 0.007379561197012663
0, 1246, 299, 174, 156, 0.007347847335040569
0, 1112, 418, 37, 27, 0.007298997137695551
0, 1093, 383, 121, 127, 0.007271322421729565
0, 581, 656, 33, 26, 0.007250369992107153
0, 588, 644, 57, 39, 0.00700788851827383
0, 1406, 935, 38, 64, 0.006961883045732975
0, 1223, 313, 90, 80, 0.006928686518222094
0, 1110, 428, 36, 34, 0.006920000072568655
0, 155, 950, 28, 28, 0.006882577668875456
0, 638, 724, 66, 38, 0.006868967320770025
0, 1100, 420, 55, 57, 0.0068563418462872505
0, 196, 919, 62, 44, 0.006846501026302576
0, 1097, 411, 30, 44, 0.006835135631263256
0, 538, 708, 45, 38, 0.006793070584535599
0, 501, 677, 52, 34, 0.0067784772254526615
0, 1094, 398, 31, 34, 0.006711545400321484
0, 798, 597, 44, 55, 0.0066954633221030235
0, 1166, 327, 55, 49, 0.006670734845101833
0, 516, 734, 31, 34, 0.006656894460320473
0, 809, 595, 48, 53, 0.0065989368595182896
0, 370, 786, 108, 74, 0.006593777798116207
0, 1141, 332, 52, 46, 0.006553660146892071
0, 1232, 277, 46, 42, 0.006523716729134321
0, 933, 500, 29, 34, 0.00650785444304347
0, 1279, 253, 86, 59, 0.0065071298740804195
0, 629, 727, 72, 37, 0.006488276179879904
0, 1244, 298, 68, 92, 0.0064719561487436295
0, 881, 502, 30, 27, 0.006429040338844061
0, 835, 594, 35, 38, 0.006424896419048309
0, 824, 589, 40, 34, 0.006357245147228241
0, 810, 530, 28, 29, 0.006355022545903921
0, 599, 739, 23, 25, 0.006326871458441019
0, 954, 464, 46, 65, 0.0062730940990149975
0, 1354, 1026, 35, 23, 0.0062638032250106335
0, 977, 447, 76, 90, 0.006159483455121517
0, 1117, 358, 56, 70, 0.0061328173615038395
0, 1232, 292, 61, 71, 0.006120950449258089
0, 1415, 997, 21, 33, 0.006054732482880354
0, 963, 441, 48, 42, 0.005988700781017542
0, 1412, 1037, 26, 55, 0.005971807055175304
0, 652, 676, 202, 160, 0.00595882860943675
0, 988, 501, 39, 36, 0.005954006686806679
0, 1138, 342, 72, 53, 0.005874627269804478
0, 899, 519, 23, 25, 0.005851791240274906
0, 1247, 263, 47, 44, 0.005797978490591049
0, 435, 780, 21, 29, 0.005768847186118364
0, 482, 720, 158, 114, 0.005767411086708307
0, 981, 422, 53, 46, 0.005685526877641678
0, 575, 727, 31, 44, 0.005661094561219215
0, 1378, 1046, 43, 34, 0.005657198838889599
0, 338, 788, 193, 134, 0.005655278451740742
0, 593, 679, 381, 223, 0.005647612269967794
0, 733, 615, 36, 45, 0.005608828738331795
0, 795, 574, 26, 25, 0.0055580707266926765
0, 788, 563, 30, 31, 0.005552209448069334
0, 869, 525, 83, 77, 0.005548569839447737
0, 537, 705, 129, 98, 0.005545139778405428
0, 432, 706, 37, 30, 0.005492497701197863
0, 349, 800, 97, 58, 0.005441914778202772
0, 1338, 1032, 52, 30, 0.005380597896873951
0, 1187, 325, 51, 57, 0.005259035620838404
0, 1202, 313, 44, 44, 0.005257177632302046
0, 299, 807, 26, 33, 0.005237770266830921
0, 180, 951, 25, 24, 0.005228313617408276
0, 886, 493, 33, 30, 0.005225033033639193
0, 1225, 309, 44, 42, 0.0052030752412974834
0, 457, 740, 27, 36, 0.005192029755562544
0, 1178, 347, 104, 114, 0.005185994319617748
0, 1123, 363, 187, 166, 0.005169972311705351
0, 509, 744, 44, 52, 0.005169547628611326
0, 1013, 406, 47, 39, 0.0051552290096879005
0, 363, 802, 118, 66, 0.005107587669044733
0, 1239, 285, 48, 45, 0.005070605780929327
0, 1156, 363, 73, 73, 0.005060449708253145
0, 1400, 954, 51, 80, 0.005057742353528738
0, 561, 712, 161, 96, 0.005003763362765312
0, 940, 479, 40, 64, 0.00490290392190218
0, 580, 692, 25, 25, 0.004884578287601471
0, 974, 434, 40, 31, 0.004864752292633057
0, 257, 813, 38, 31, 0.004823981784284115
0, 1295, 1123, 16, 18, 0.004822885617613792
0, 1347, 1082, 43, 18, 0.004819979425519705
0, 736, 629, 30, 34, 0.004818284884095192
0, 554, 710, 47, 42, 0.004813273437321186
0, 940, 469, 31, 39, 0.0048123872838914394
0, 956, 454, 35, 36, 0.004742820281535387
0, 271, 824, 34, 42, 0.004674337804317474
0, 518, 673, 34, 29, 0.004650496877729893
0, 356, 799, 78, 39, 0.00462196534499526
0, 761, 567, 39, 36, 0.004600872751325369
0, 1155, 342, 78, 78, 0.0045945243909955025
0, 968, 500, 29, 38, 0.00447761220857501
0, 1199, 337, 51, 58, 0.004475544672459364
0, 996, 466, 38, 38, 0.004461989272385836
0, 651, 697, 32, 24, 0.004441441968083382
0, 1241, 314, 47, 63, 0.004419754259288311
0, 1157, 319, 47, 40, 0.0044052149169147015
0, 617, 729, 63, 41, 0.004390303511172533
0, 1407, 924, 36, 54, 0.00437123654410243
0, 789, 630, 21, 23, 0.004351322073489428
0, 9, 119, 18, 36, 0.004349207039922476
0, 999, 420, 64, 61, 0.004345021676272154
0, 789, 585, 93, 106, 0.004309987183660269
0, 1021, 401, 26, 34, 0.004301879089325666
0, 892, 501, 42, 25, 0.004281250294297934
