0, 702, 666, 19, 23, 0.2728314697742462
0, 248, 470, 42, 36, 0.24764564633369446
0, 214, 353, 54, 39, 0.16653721034526825
0, 789, 666, 30, 36, 0.14890016615390778
0, 711, 704, 22, 32, 0.1455257087945938
0, 494, 594, 48, 36, 0.13969704508781433
0, 683, 640, 46, 61, 0.13057102262973785
0, 821, 763, 43, 25, 0.127844899892807
0, 761, 786, 61, 48, 0.12539000809192657
0, 756, 671, 26, 39, 0.12538355588912964
0, 756, 672, 30, 39, 0.12124602496623993
0, 710, 699, 18, 21, 0.11490248143672943
0, 190, 315, 60, 48, 0.11388837546110153
0, 618, 269, 20, 15, 0.09152071177959442
0, 546, 801, 27, 25, 0.08980154246091843
0, 779, 626, 73, 39, 0.08767064660787582
0, 138, 224, 53, 33, 0.08673176914453506
0, 250, 528, 35, 26, 0.08630194514989853
0, 483, 843, 29, 19, 0.0821918249130249
0, 234, 322, 23, 21, 0.08089408278465271
0, 255, 529, 31, 22, 0.08027682453393936
0, 213, 352, 57, 41, 0.07581977546215057
0, 118, 258, 19, 20, 0.07015755772590637
0, 780, 642, 76, 75, 0.06941716372966766
0, 761, 786, 61, 50, 0.06520825624465942
0, 506, 792, 21, 18, 0.061924077570438385
0, 325, 569, 27, 24, 0.05814209207892418
0, 368, 572, 22, 21, 0.056135620921850204
0, 546, 797, 30, 32, 0.05358691141009331
0, 240, 498, 19, 15, 0.05197914317250252
0, 660, 668, 16, 18, 0.050658803433179855
0, 479, 823, 17, 17, 0.050535980612039566
0, 526, 746, 30, 42, 0.04907113313674927
0, 510, 818, 19, 16, 0.04842878505587578
0, 531, 748, 44, 49, 0.04820619896054268
0, 819, 771, 46, 43, 0.04697899520397186
0, 517, 821, 29, 19, 0.04595935717225075
0, 260, 520, 53, 40, 0.04113544151186943
0, 190, 317, 62, 48, 0.04093067720532417
0, 323, 575, 35, 34, 0.040917932987213135
0, 683, 643, 57, 71, 0.04055042937397957
0, 238, 500, 20, 20, 0.03984144702553749
0, 517, 885, 32, 34, 0.03836605325341225
0, 198, 287, 94, 114, 0.03816777095198631
0, 173, 274, 49, 60, 0.037141893059015274
0, 102, 233, 22, 29, 0.03685484826564789
0, 268, 518, 71, 45, 0.03633349761366844
0, 650, 775, 27, 37, 0.036082856357097626
0, 519, 829, 39, 35, 0.03533618524670601
0, 499, 793, 28, 18, 0.03460056334733963
0, 493, 605, 49, 60, 0.033517155796289444
0, 760, 780, 60, 40, 0.031379420310258865
0, 211, 277, 24, 30, 0.030905386433005333
0, 807, 778, 15, 23, 0.030214907601475716
0, 510, 785, 40, 35, 0.027918575331568718
0, 755, 660, 20, 17, 0.02737104333937168
0, 483, 856, 25, 20, 0.02729124389588833
0, 519, 781, 21, 23, 0.026955844834446907
0, 788, 666, 25, 32, 0.026743553578853607
0, 248, 466, 40, 40, 0.026335574686527252
0, 320, 570, 40, 40, 0.02548152580857277
0, 298, 512, 20, 13, 0.025123639032244682
0, 679, 639, 40, 55, 0.02483973652124405
0, 325, 563, 25, 21, 0.024602562189102173
0, 771, 720, 36, 18, 0.023694654926657677
0, 651, 778, 27, 28, 0.023373741656541824
0, 673, 649, 24, 32, 0.023277150467038155
0, 754, 745, 47, 16, 0.022852862253785133
0, 605, 764, 13, 20, 0.022575566545128822
0, 297, 554, 28, 31, 0.022505000233650208
0, 310, 607, 23, 23, 0.02203240804374218
0, 286, 512, 40, 19, 0.021982956677675247
0, 103, 230, 34, 32, 0.021959420293569565
0, 496, 592, 45, 29, 0.021942613646388054
0, 212, 362, 40, 23, 0.021924329921603203
0, 556, 571, 14, 13, 0.02170666679739952
0, 778, 722, 21, 15, 0.02086026780307293
0, 484, 842, 27, 18, 0.02084922604262829
0, 311, 546, 23, 18, 0.020624643191695213
0, 529, 840, 15, 14, 0.02013685554265976
0, 187, 276, 72, 86, 0.01980016380548477
0, 171, 273, 55, 60, 0.019581148400902748
0, 605, 256, 14, 15, 0.0194778423756361
0, 191, 242, 18, 19, 0.01931213214993477
0, 99, 230, 25, 26, 0.019161654636263847
0, 186, 282, 83, 80, 0.019023597240447998
0, 781, 641, 79, 74, 0.018938107416033745
0, 207, 360, 37, 24, 0.018797490745782852
0, 533, 759, 34, 25, 0.018667178228497505
0, 275, 515, 51, 33, 0.01826384663581848
0, 304, 606, 28, 27, 0.017416320741176605
0, 308, 564, 61, 56, 0.017382755875587463
0, 174, 263, 42, 36, 0.017247166484594345
0, 514, 786, 31, 26, 0.017132747918367386
0, 556, 833, 29, 24, 0.016872575506567955
0, 248, 475, 47, 49, 0.01686175912618637
0, 519, 864, 11, 15, 0.01671682484447956
0, 491, 567, 29, 20, 0.016376003623008728
0, 177, 256, 37, 27, 0.01614472083747387
0, 522, 737, 22, 29, 0.016084246337413788
0, 515, 828, 42, 35, 0.016012564301490784
0, 301, 601, 27, 22, 0.01581604592502117
0, 760, 618, 35, 17, 0.01576310768723488
0, 292, 559, 24, 22, 0.015434164553880692
0, 316, 581, 18, 19, 0.015398843213915825
0, 301, 484, 15, 18, 0.015260555781424046
0, 267, 524, 71, 58, 0.015179195441305637
0, 476, 628, 12, 23, 0.01510192733258009
0, 551, 835, 39, 27, 0.015025018714368343
0, 266, 518, 75, 47, 0.014931472018361092
0, 235, 321, 25, 24, 0.014742349274456501
0, 497, 563, 28, 19, 0.014679565094411373
0, 309, 603, 18, 17, 0.01452147401869297
0, 534, 794, 54, 40, 0.014483828097581863
0, 129, 231, 82, 49, 0.014425436966121197
0, 741, 643, 14, 25, 0.014309301972389221
0, 526, 754, 32, 31, 0.014225468039512634
0, 541, 802, 35, 25, 0.013790914788842201
0, 189, 417, 16, 22, 0.013624218292534351
0, 169, 258, 28, 26, 0.013414944522082806
0, 305, 550, 27, 27, 0.013218846172094345
0, 313, 557, 48, 42, 0.013162042014300823
0, 199, 312, 90, 72, 0.013078045099973679
0, 355, 601, 19, 19, 0.012971583753824234
0, 512, 888, 19, 26, 0.012887741439044476
0, 557, 697, 18, 14, 0.012772709131240845
0, 524, 617, 17, 14, 0.012744695879518986
0, 574, 771, 36, 52, 0.012744288891553879
0, 520, 798, 66, 48, 0.012616309337317944
0, 764, 668, 49, 50, 0.012615080922842026
0, 526, 503, 27, 15, 0.01260752696543932
0, 522, 831, 42, 33, 0.01245840359479189
0, 230, 320, 36, 28, 0.012429601512849331
0, 577, 761, 20, 23, 0.012124909088015556
0, 532, 504, 15, 13, 0.011968528851866722
0, 194, 301, 36, 20, 0.011903159320354462
0, 249, 470, 39, 32, 0.011683029122650623
0, 184, 316, 52, 47, 0.011682450771331787
0, 685, 647, 44, 55, 0.011626153253018856
0, 207, 315, 78, 50, 0.011524330824613571
0, 206, 330, 79, 87, 0.011515778489410877
0, 311, 572, 62, 62, 0.011489043943583965
0, 142, 226, 41, 26, 0.011488021351397038
0, 576, 753, 16, 22, 0.011447343975305557
0, 675, 698, 11, 16, 0.011275739409029484
0, 255, 405, 10, 10, 0.011174322105944157
0, 483, 832, 29, 33, 0.010933522135019302
0, 533, 876, 21, 16, 0.010386236943304539
0, 316, 641, 18, 17, 0.010332227684557438
0, 308, 583, 73, 82, 0.010287276469171047
0, 763, 719, 57, 16, 0.01027215551584959
0, 207, 322, 80, 55, 0.010223041288554668
0, 760, 620, 35, 18, 0.009786906652152538
0, 558, 293, 14, 16, 0.009717919863760471
0, 169, 263, 37, 31, 0.009478614665567875
0, 290, 564, 20, 20, 0.009478354826569557
0, 792, 658, 27, 38, 0.00947509240359068
0, 522, 877, 41, 44, 0.009329626336693764
0, 299, 603, 46, 43, 0.009286276064813137
0, 506, 796, 23, 24, 0.009143449366092682
0, 486, 608, 32, 37, 0.009045052342116833
0, 217, 450, 35, 23, 0.009035837836563587
0, 290, 597, 17, 18, 0.00892332661896944
0, 817, 766, 36, 29, 0.008866120129823685
0, 277, 520, 55, 35, 0.008831579238176346
0, 531, 539, 17, 13, 0.008781756274402142
0, 707, 699, 17, 22, 0.008528510108590126
0, 181, 309, 43, 31, 0.008520365692675114
0, 193, 287, 81, 108, 0.008488682098686695
0, 252, 524, 40, 22, 0.00844272505491972
0, 567, 108, 14, 14, 0.008414708077907562
0, 760, 782, 59, 41, 0.008323583751916885
0, 687, 658, 54, 42, 0.008313493803143501
0, 804, 652, 24, 35, 0.008184228092432022
0, 189, 409, 15, 18, 0.008172121830284595
0, 354, 605, 26, 24, 0.008105817250907421
0, 284, 584, 32, 29, 0.008078091777861118
0, 529, 822, 27, 17, 0.007899858057498932
0, 284, 507, 34, 25, 0.007843462750315666
0, 531, 770, 52, 84, 0.007736050523817539
0, 317, 613, 41, 41, 0.007717331871390343
0, 666, 647, 32, 58, 0.007703852374106646
0, 194, 317, 64, 51, 0.007682393305003643
0, 250, 389, 18, 18, 0.007671124767512083
0, 531, 803, 72, 74, 0.007564247120171785
0, 303, 479, 17, 20, 0.007535113953053951
0, 641, 285, 9, 10, 0.007529763970524073
0, 523, 885, 43, 34, 0.007513830903917551
0, 277, 506, 30, 28, 0.007500944659113884
0, 186, 267, 73, 63, 0.007441692519932985
0, 672, 702, 13, 23, 0.007412859238684177
0, 111, 245, 44, 51, 0.0073592946864664555
0, 406, 655, 18, 13, 0.007308421656489372
0, 627, 692, 21, 17, 0.0073027228936553
0, 183, 250, 37, 35, 0.007203190121799707
0, 483, 599, 24, 17, 0.007197538390755653
0, 575, 788, 21, 21, 0.007182874251157045
0, 685, 625, 30, 28, 0.007170571945607662
0, 610, 265, 40, 36, 0.007163843605667353
0, 555, 573, 15, 12, 0.007149487733840942
0, 778, 658, 67, 69, 0.007093260996043682
0, 671, 645, 41, 70, 0.00703607639297843
0, 511, 711, 10, 13, 0.006918863393366337
0, 322, 609, 28, 18, 0.00690076220780611
0, 200, 358, 27, 28, 0.0067818681709468365
0, 533, 768, 59, 90, 0.006717158015817404
0, 558, 842, 23, 14, 0.0066190785728394985
0, 275, 584, 17, 19, 0.006537341512739658
0, 525, 840, 22, 16, 0.006510543171316385
0, 308, 612, 50, 44, 0.006473400164395571
0, 515, 882, 28, 39, 0.006432809866964817
0, 594, 285, 68, 61, 0.0064126476645469666
0, 305, 576, 54, 59, 0.006308356765657663
0, 256, 448, 11, 13, 0.006261624861508608
0, 548, 519, 20, 18, 0.006202817428857088
0, 588, 280, 36, 28, 0.006197837181389332
0, 663, 695, 38, 40, 0.006177560891956091
0, 298, 580, 95, 89, 0.006085350643843412
0, 599, 277, 57, 33, 0.0060667358338832855
0, 195, 355, 19, 17, 0.006053719203919172
0, 487, 855, 29, 19, 0.0059623150154948235
0, 296, 566, 90, 76, 0.005945551209151745
0, 533, 777, 60, 80, 0.0058992481790483
0, 165, 289, 35, 26, 0.00582443131133914
0, 245, 365, 22, 13, 0.005758536979556084
0, 544, 807, 38, 44, 0.005754735786467791
0, 581, 435, 14, 17, 0.005704344250261784
0, 194, 330, 23, 20, 0.005700112786144018
0, 205, 276, 35, 30, 0.005695536732673645
0, 501, 798, 37, 33, 0.005509752314537764
0, 158, 286, 25, 21, 0.005492393858730793
0, 661, 706, 24, 21, 0.005488683469593525
0, 275, 555, 37, 23, 0.005480545572936535
0, 700, 664, 25, 25, 0.005479081999510527
0, 753, 667, 37, 52, 0.005467827431857586
0, 785, 662, 23, 24, 0.005430983379483223
0, 526, 735, 28, 30, 0.005428366828709841
0, 679, 628, 34, 29, 0.0053731719963252544
0, 780, 643, 73, 82, 0.005332716275006533
0, 209, 450, 16, 16, 0.005266956984996796
0, 494, 626, 15, 23, 0.005263223312795162
0, 516, 809, 83, 77, 0.005237351171672344
0, 191, 290, 82, 111, 0.005189579911530018
0, 524, 789, 67, 66, 0.005044466350227594
0, 563, 779, 18, 26, 0.005029976833611727
0, 687, 617, 23, 15, 0.004868863150477409
0, 547, 841, 45, 17, 0.004814365413039923
0, 767, 617, 26, 16, 0.0047559719532728195
0, 550, 523, 8, 14, 0.004698396660387516
0, 205, 275, 28, 30, 0.0045779999345541
0, 504, 588, 25, 22, 0.00453380448743701
0, 180, 297, 49, 23, 0.004513812717050314
0, 197, 302, 39, 25, 0.004464644007384777
0, 174, 380, 10, 11, 0.004464553203433752
0, 300, 589, 111, 109, 0.004444771911948919
0, 322, 634, 32, 26, 0.004439867101609707
0, 322, 601, 35, 24, 0.004414794966578484
0, 589, 289, 40, 46, 0.004383697174489498
0, 521, 728, 21, 18, 0.00437873275950551
0, 769, 714, 28, 14, 0.004342944826930761
0, 202, 336, 32, 19, 0.00432734377682209
0, 239, 473, 32, 26, 0.004324503242969513
0, 522, 748, 40, 52, 0.004308698233217001
0, 501, 786, 34, 31, 0.004284332972019911
0, 497, 817, 31, 20, 0.00426526041701436
0, 266, 489, 20, 14, 0.004249301739037037
0, 210, 276, 25, 32, 0.004206186626106501
0, 549, 505, 22, 16, 0.0041450015269219875
0, 499, 592, 37, 30, 0.004071092698723078
0, 795, 672, 17, 22, 0.004004988819360733
0, 183, 248, 36, 32, 0.0038855557795614004
0, 802, 644, 35, 50, 0.003873042995110154
0, 251, 390, 23, 36, 0.0037632035091519356
0, 214, 356, 67, 59, 0.00373454368673265
0, 525, 540, 33, 14, 0.0037226155400276184
0, 591, 275, 33, 18, 0.003688108641654253
0, 226, 347, 28, 23, 0.0036702172365039587
0, 348, 602, 30, 21, 0.0036345755215734243
0, 272, 521, 81, 50, 0.0036189539823681116
0, 539, 511, 31, 25, 0.003608322935178876
0, 338, 606, 61, 30, 0.0036048584152013063
0, 527, 492, 24, 13, 0.003555996110662818
0, 499, 625, 29, 27, 0.003502817591652274
0, 366, 641, 12, 8, 0.003500537946820259
0, 704, 665, 25, 27, 0.00350016076117754
0, 672, 643, 40, 53, 0.0034883238840848207
0, 227, 342, 23, 18, 0.0034705025609582663
0, 556, 698, 19, 15, 0.00346512533724308
0, 529, 490, 20, 10, 0.0034471896942704916
0, 100, 232, 26, 31, 0.003446231596171856
0, 258, 484, 24, 14, 0.0034397232811897993
0, 604, 353, 10, 10, 0.003417238127440214
0, 763, 678, 14, 21, 0.0033679006155580282
0, 284, 589, 37, 38, 0.0033665532246232033
0, 282, 568, 49, 55, 0.003363110590726137
0, 219, 456, 14, 16, 0.0033353499602526426
0, 494, 604, 52, 54, 0.003316715359687805
0, 364, 574, 22, 19, 0.003302948083728552
0, 192, 312, 57, 44, 0.003302288707345724
0, 542, 763, 22, 18, 0.003174364799633622
