0, 211, 766, 62, 50, 0.21726973354816437
0, 283, 447, 57, 36, 0.11889608949422836
0, 282, 446, 58, 38, 0.10333841294050217
0, 234, 523, 70, 46, 0.09689600765705109
0, 246, 532, 97, 69, 0.09528017789125443
0, 244, 563, 134, 136, 0.09248238056898117
0, 199, 754, 92, 80, 0.08747850358486176
0, 236, 610, 51, 39, 0.08498508483171463
0, 241, 693, 13, 28, 0.08273731917142868
0, 231, 241, 58, 53, 0.07059916108846664
0, 230, 289, 103, 129, 0.06958688050508499
0, 236, 606, 50, 35, 0.06718970835208893
0, 286, 527, 34, 30, 0.06704815477132797
0, 167, 730, 38, 48, 0.053441014140844345
0, 211, 765, 57, 44, 0.05296756327152252
0, 245, 380, 38, 55, 0.05050750449299812
0, 230, 324, 107, 181, 0.0474354587495327
0, 235, 527, 81, 53, 0.04555302858352661
0, 229, 275, 107, 145, 0.043473441153764725
0, 256, 680, 18, 15, 0.043049853295087814
0, 246, 324, 36, 41, 0.042016733437776566
0, 236, 612, 66, 73, 0.037044063210487366
0, 257, 539, 70, 54, 0.0366542749106884
0, 251, 531, 39, 30, 0.03548403084278107
0, 183, 791, 34, 25, 0.03460928797721863
0, 240, 689, 12, 30, 0.03430528566241264
0, 256, 676, 31, 25, 0.03343023359775543
0, 231, 318, 70, 55, 0.03192727267742157
0, 183, 802, 43, 50, 0.030590221285820007
0, 241, 304, 169, 223, 0.02981475554406643
0, 250, 379, 27, 48, 0.029588818550109863
0, 246, 323, 38, 41, 0.026956770569086075
0, 239, 208, 29, 19, 0.026172908022999763
0, 213, 684, 23, 19, 0.026142776012420654
0, 186, 656, 47, 17, 0.025878392159938812
0, 230, 602, 27, 22, 0.025338929146528244
0, 226, 591, 58, 53, 0.02478724718093872
0, 237, 295, 74, 79, 0.024013042449951172
0, 225, 606, 75, 87, 0.02319173328578472
0, 250, 530, 36, 31, 0.02197529375553131
0, 240, 238, 34, 44, 0.021545443683862686
0, 275, 573, 25, 14, 0.021109461784362793
0, 183, 588, 21, 16, 0.02058994397521019
0, 240, 528, 62, 38, 0.020342666655778885
0, 212, 684, 23, 20, 0.020070433616638184
0, 235, 461, 48, 51, 0.019480669870972633
0, 232, 185, 41, 24, 0.019203417003154755
0, 228, 269, 102, 135, 0.01872766762971878
0, 210, 317, 55, 55, 0.018698882311582565
0, 240, 603, 27, 22, 0.0183088555932045
0, 254, 641, 27, 17, 0.01826607808470726
0, 273, 574, 27, 14, 0.017952602356672287
0, 241, 692, 70, 59, 0.01760261505842209
0, 267, 555, 31, 18, 0.017492035403847694
0, 250, 281, 41, 25, 0.017271509394049644
0, 268, 554, 27, 18, 0.017239948734641075
0, 252, 640, 25, 16, 0.01631263643503189
0, 206, 335, 48, 62, 0.015994956716895103
0, 292, 384, 16, 21, 0.015943357720971107
0, 230, 694, 37, 36, 0.015877122059464455
0, 199, 723, 13, 23, 0.01506149023771286
0, 274, 367, 23, 14, 0.014736511744558811
0, 244, 282, 41, 23, 0.014539589174091816
0, 248, 636, 39, 25, 0.013877514749765396
0, 223, 522, 42, 28, 0.013861419633030891
0, 221, 576, 32, 22, 0.013717254623770714
0, 207, 637, 34, 19, 0.013658563606441021
0, 246, 389, 24, 35, 0.013635693117976189
0, 222, 595, 44, 40, 0.013193275779485703
0, 224, 605, 25, 20, 0.013182198628783226
0, 199, 278, 33, 31, 0.012981714680790901
0, 241, 477, 23, 18, 0.012981092557311058
0, 216, 353, 21, 23, 0.012868919409811497
0, 171, 722, 24, 28, 0.01284631434828043
0, 185, 812, 32, 24, 0.01284170150756836
0, 195, 553, 19, 14, 0.012759818695485592
0, 233, 580, 150, 184, 0.012729765847325325
0, 260, 678, 29, 30, 0.012649361044168472
0, 199, 633, 54, 26, 0.012505353428423405
0, 165, 731, 40, 45, 0.012388940900564194
0, 237, 307, 68, 76, 0.012259133160114288
0, 271, 448, 31, 30, 0.011778914369642735
0, 259, 674, 24, 22, 0.011252022348344326
0, 220, 705, 21, 17, 0.01116365659981966
0, 251, 386, 27, 40, 0.011157389730215073
0, 214, 588, 29, 25, 0.010953365825116634
0, 243, 620, 29, 20, 0.010850198566913605
0, 245, 663, 20, 21, 0.01083624642342329
0, 253, 538, 103, 77, 0.010621103458106518
0, 262, 537, 25, 18, 0.010616488754749298
0, 216, 583, 31, 27, 0.010218613781034946
0, 252, 505, 37, 17, 0.010140683501958847
0, 213, 360, 49, 50, 0.010020819492638111
0, 249, 690, 41, 49, 0.009953620843589306
0, 293, 386, 20, 22, 0.009868470951914787
0, 235, 237, 40, 41, 0.009843213483691216
0, 244, 274, 51, 42, 0.00972539372742176
0, 235, 280, 36, 24, 0.00971868634223938
0, 274, 538, 61, 52, 0.009703687392175198
0, 273, 552, 41, 23, 0.009701991453766823
0, 218, 304, 34, 25, 0.00962560810148716
0, 271, 366, 27, 18, 0.009592752903699875
0, 223, 516, 47, 32, 0.009541465900838375
0, 240, 247, 26, 21, 0.009431089274585247
0, 207, 352, 38, 27, 0.009278075769543648
0, 245, 535, 28, 20, 0.009160966612398624
0, 233, 517, 47, 28, 0.009154001250863075
0, 241, 698, 13, 25, 0.009047206491231918
0, 250, 619, 25, 20, 0.008841381408274174
0, 224, 285, 82, 47, 0.008790983818471432
0, 234, 294, 74, 55, 0.008750023320317268
0, 278, 503, 8, 13, 0.00872467365115881
0, 222, 694, 45, 42, 0.008686388842761517
0, 202, 642, 52, 25, 0.008565321564674377
0, 171, 741, 23, 27, 0.008532474748790264
0, 248, 672, 26, 38, 0.00814586691558361
0, 206, 549, 42, 27, 0.008063501678407192
0, 197, 275, 27, 26, 0.008062968030571938
0, 269, 557, 43, 23, 0.008031710051000118
0, 285, 527, 35, 30, 0.008000499568879604
0, 244, 504, 25, 16, 0.007803477346897125
0, 206, 328, 27, 25, 0.007651071064174175
0, 210, 595, 15, 15, 0.007631437387317419
0, 247, 345, 190, 280, 0.007550417445600033
0, 255, 709, 13, 16, 0.0075454022735357285
0, 212, 764, 64, 57, 0.007466043811291456
0, 287, 530, 33, 26, 0.007406760938465595
0, 186, 571, 19, 12, 0.007384997792541981
0, 203, 726, 24, 26, 0.0073001268319785595
0, 201, 333, 38, 48, 0.007170945405960083
0, 233, 449, 18, 25, 0.00711651798337698
0, 268, 361, 34, 25, 0.007081928662955761
0, 178, 819, 48, 36, 0.007038872689008713
0, 230, 307, 111, 207, 0.006981214974075556
0, 195, 744, 100, 109, 0.0069011966697871685
0, 247, 521, 62, 49, 0.006875460036098957
0, 242, 256, 59, 79, 0.00675832387059927
0, 219, 366, 50, 53, 0.006675460375845432
0, 281, 296, 18, 18, 0.0066414182074368
0, 245, 226, 17, 18, 0.006639036349952221
0, 251, 272, 41, 45, 0.006591270212084055
0, 202, 394, 12, 17, 0.006573596969246864
0, 194, 816, 15, 13, 0.006566460244357586
0, 231, 256, 71, 82, 0.006490356754511595
0, 246, 567, 89, 59, 0.006489954423159361
0, 217, 576, 39, 31, 0.006383008323609829
0, 222, 317, 71, 58, 0.006292605772614479
0, 233, 446, 18, 20, 0.006281101144850254
0, 98, 777, 33, 24, 0.006254113744944334
0, 239, 518, 37, 22, 0.006220018956810236
0, 196, 351, 21, 21, 0.006129845045506954
0, 256, 258, 21, 22, 0.006113830488175154
0, 194, 606, 15, 13, 0.005984966643154621
0, 206, 279, 42, 26, 0.005926165264099836
0, 194, 347, 20, 18, 0.005827082321047783
0, 246, 298, 81, 91, 0.005803065840154886
0, 230, 692, 74, 60, 0.005718478932976723
0, 228, 530, 60, 54, 0.005713397637009621
0, 255, 371, 32, 41, 0.0056916577741503716
0, 213, 694, 34, 43, 0.0056913685984909534
0, 207, 563, 19, 9, 0.005595433060079813
0, 226, 574, 30, 17, 0.005481719970703125
0, 212, 305, 28, 26, 0.005448770709335804
0, 278, 302, 28, 33, 0.00538392411544919
0, 241, 189, 20, 15, 0.005347586236894131
0, 205, 720, 27, 35, 0.005341112148016691
0, 193, 322, 17, 18, 0.005211251322180033
0, 239, 210, 24, 20, 0.005046991631388664
0, 229, 332, 87, 159, 0.005012291017919779
0, 160, 691, 16, 20, 0.005007484927773476
0, 247, 538, 84, 52, 0.004985102452337742
0, 303, 475, 12, 11, 0.004803454969078302
0, 177, 807, 50, 60, 0.0047714803367853165
0, 205, 276, 36, 26, 0.004770649131387472
0, 165, 712, 43, 68, 0.004734355490654707
0, 264, 530, 64, 38, 0.0047125197015702724
0, 210, 786, 15, 17, 0.00466317031532526
0, 247, 612, 34, 34, 0.004647520370781422
0, 227, 700, 39, 28, 0.004508596379309893
0, 226, 255, 83, 104, 0.0044535184279084206
0, 188, 725, 38, 29, 0.004450483713299036
0, 236, 509, 39, 24, 0.004404731560498476
0, 245, 289, 48, 42, 0.004318989813327789
0, 266, 578, 47, 29, 0.004265629220753908
0, 213, 639, 24, 17, 0.004250904079526663
0, 238, 610, 52, 47, 0.004170737694948912
0, 237, 382, 53, 56, 0.004154416732490063
0, 263, 506, 39, 24, 0.004131893627345562
0, 196, 775, 103, 110, 0.004123853053897619
0, 222, 569, 68, 50, 0.004103406332433224
0, 234, 197, 45, 45, 0.004099767655134201
0, 250, 314, 33, 24, 0.004069705028086901
0, 231, 308, 66, 37, 0.004022711422294378
0, 176, 729, 35, 36, 0.004018247127532959
0, 192, 656, 27, 13, 0.004008847754448652
0, 247, 556, 86, 38, 0.003992410842329264
0, 214, 536, 43, 40, 0.003962415270507336
0, 232, 621, 70, 57, 0.0038612172938883305
0, 250, 640, 33, 20, 0.003861046629026532
0, 218, 757, 41, 28, 0.0038564112037420273
0, 200, 556, 35, 18, 0.0038200225681066513
0, 247, 370, 15, 25, 0.0037552262656390667
0, 263, 556, 33, 20, 0.0037504984065890312
0, 253, 399, 19, 19, 0.003737629856914282
0, 223, 277, 75, 27, 0.0036837728694081306
0, 223, 550, 47, 21, 0.0036459523253142834
0, 209, 707, 15, 17, 0.0036437269300222397
0, 250, 318, 32, 25, 0.0036212019622325897
0, 235, 271, 93, 133, 0.003611477091908455
0, 287, 545, 28, 23, 0.0036059734411537647
0, 159, 688, 14, 18, 0.003604950848966837
0, 283, 378, 45, 41, 0.003595347749069333
0, 249, 545, 112, 82, 0.0035645151510834694
0, 240, 620, 66, 71, 0.0035579383838921785
0, 249, 663, 23, 19, 0.0034921050537377596
0, 193, 572, 33, 18, 0.0034542307257652283
0, 167, 717, 34, 46, 0.003442630870267749
0, 217, 325, 45, 43, 0.0034383456222712994
0, 163, 722, 35, 27, 0.0034378080163151026
0, 210, 770, 45, 40, 0.003418185282498598
0, 263, 574, 34, 17, 0.0034001944586634636
0, 276, 362, 39, 24, 0.003367737401276827
0, 416, 648, 18, 123, 0.003363132942467928
0, 215, 642, 24, 15, 0.00332314963452518
0, 237, 475, 18, 19, 0.003287768689915538
0, 242, 465, 38, 45, 0.0032730167731642723
0, 245, 604, 26, 24, 0.003269998822361231
0, 215, 301, 30, 24, 0.00324941985309124
0, 214, 524, 29, 24, 0.0032365384977310896
0, 261, 295, 67, 59, 0.0032230359502136707
0, 199, 713, 133, 181, 0.003213710617274046
0, 179, 803, 52, 55, 0.00320887821726501
0, 270, 443, 29, 24, 0.00316327135078609
0, 176, 735, 63, 110, 0.0031535818707197905
0, 175, 813, 39, 27, 0.003145339200273156
0, 177, 789, 30, 21, 0.00312459166161716
0, 235, 226, 41, 52, 0.0031206714920699596
0, 226, 241, 60, 51, 0.003118071937933564
0, 199, 584, 55, 27, 0.003110699588432908
0, 233, 278, 35, 23, 0.0031003423500806093
0, 191, 627, 18, 14, 0.003099648281931877
0, 236, 547, 23, 17, 0.003087226999923587
0, 258, 515, 58, 35, 0.003032316453754902
0, 216, 349, 18, 19, 0.0030061560682952404
0, 241, 258, 63, 105, 0.0029792007990181446
0, 280, 603, 14, 13, 0.0029765660874545574
0, 213, 596, 67, 43, 0.0029686703346669674
0, 190, 800, 27, 13, 0.0029621259309351444
0, 220, 301, 31, 21, 0.0029454678297042847
0, 416, 672, 18, 122, 0.002927238354459405
0, 256, 714, 11, 14, 0.002915475517511368
0, 203, 312, 41, 40, 0.002871808363124728
0, 196, 657, 48, 15, 0.002835426712408662
0, 259, 259, 21, 27, 0.002830559853464365
0, 195, 788, 103, 100, 0.0028114253655076027
0, 416, 697, 18, 122, 0.0027299735229462385
0, 260, 690, 32, 43, 0.002689193468540907
0, 179, 748, 70, 97, 0.002615138655528426
0, 232, 378, 46, 49, 0.0025991930160671473
0, 221, 376, 23, 20, 0.002574008656665683
0, 416, 625, 18, 122, 0.002552232937887311
0, 183, 671, 10, 8, 0.0025509451515972614
0, 416, 721, 18, 121, 0.0025443569757044315
0, 212, 516, 27, 25, 0.002479905728250742
0, 259, 359, 17, 19, 0.002422259422019124
0, 226, 331, 93, 167, 0.002386016072705388
0, 195, 770, 45, 25, 0.0023586752358824015
0, 227, 691, 44, 33, 0.0023510800674557686
0, 227, 240, 45, 45, 0.0023422441445291042
0, 204, 292, 45, 61, 0.0023351137060672045
0, 281, 455, 51, 36, 0.0023269308730959892
0, 233, 737, 14, 14, 0.002313231583684683
0, 417, 51, 16, 103, 0.002282943343743682
0, 210, 249, 36, 27, 0.00222470099106431
0, 257, 271, 39, 45, 0.002195566426962614
0, 416, 745, 18, 122, 0.00217268243432045
0, 196, 758, 55, 47, 0.0021673361770808697
0, 282, 608, 17, 19, 0.002144903875887394
0, 177, 747, 62, 78, 0.002127591520547867
0, 289, 358, 14, 14, 0.0021268001291900873
0, 223, 186, 23, 17, 0.002120325108990073
0, 170, 695, 38, 35, 0.002105417661368847
0, 270, 540, 80, 73, 0.0020791455172002316
0, 417, 67, 17, 122, 0.0020360557828098536
0, 260, 636, 46, 27, 0.0020145501475781202
0, 247, 252, 40, 34, 0.001994946040213108
0, 416, 503, 19, 121, 0.001960134832188487
0, 202, 546, 35, 30, 0.0019473000429570675
0, 297, 453, 25, 14, 0.0019458993338048458
0, 259, 280, 25, 23, 0.001935873762704432
0, 240, 563, 82, 34, 0.001930954516865313
0, 263, 309, 18, 21, 0.001910571358166635
0, 316, 478, 10, 11, 0.001907814759761095
0, 223, 749, 16, 14, 0.0019046602537855506
0, 169, 830, 29, 15, 0.0018656274769455194
0, 199, 779, 33, 28, 0.0018587984377518296
0, 225, 755, 29, 21, 0.001857732655480504
0, 247, 611, 95, 84, 0.001814577728509903
0, 223, 254, 63, 38, 0.0018130505923181772
0, 223, 589, 81, 100, 0.0018112297402694821
