0, 431, 550, 17, 13, 0.3372051417827606
0, 722, 335, 18, 23, 0.31039753556251526
0, 682, 284, 17, 15, 0.3018832802772522
0, 380, 557, 20, 27, 0.29479601979255676
0, 360, 672, 14, 13, 0.27059370279312134
0, 398, 599, 21, 16, 0.26777592301368713
0, 188, 754, 26, 28, 0.26204657554626465
0, 324, 676, 20, 19, 0.24378107488155365
0, 695, 316, 9, 10, 0.2361917793750763
0, 226, 733, 12, 11, 0.23578038811683655
0, 662, 311, 13, 15, 0.2353249043226242
0, 451, 585, 27, 24, 0.2256704866886139
0, 420, 581, 28, 25, 0.22408153116703033
0, 400, 597, 22, 14, 0.2208695113658905
0, 226, 687, 22, 18, 0.2185380607843399
0, 334, 584, 16, 13, 0.215271458029747
0, 659, 261, 12, 13, 0.2125263214111328
0, 743, 246, 10, 9, 0.212310791015625
0, 190, 728, 14, 18, 0.20962800085544586
0, 656, 334, 32, 21, 0.20145224034786224
0, 475, 477, 13, 17, 0.2003023773431778
0, 744, 186, 12, 17, 0.17315231263637543
0, 318, 630, 21, 19, 0.1693534106016159
0, 220, 782, 17, 14, 0.16223274171352386
0, 604, 467, 13, 17, 0.1552095264196396
0, 510, 443, 15, 14, 0.14820054173469543
0, 218, 783, 17, 14, 0.14210070669651031
0, 395, 621, 28, 24, 0.14068160951137543
0, 444, 485, 26, 15, 0.14034204185009003
0, 690, 360, 11, 11, 0.12021832913160324
0, 269, 722, 10, 9, 0.11493687331676483
0, 738, 311, 12, 14, 0.11405616253614426
0, 262, 652, 21, 20, 0.11322122812271118
0, 589, 444, 20, 13, 0.11067594587802887
0, 165, 758, 10, 13, 0.10589125752449036
0, 296, 720, 11, 11, 0.10408946126699448
0, 621, 415, 7, 9, 0.1035209447145462
0, 459, 561, 10, 11, 0.10262191295623779
0, 320, 711, 14, 10, 0.09732373058795929
0, 750, 289, 13, 12, 0.09713263809680939
0, 340, 700, 25, 16, 0.09366798400878906
0, 700, 187, 20, 17, 0.09298045933246613
0, 345, 721, 9, 9, 0.09261209517717361
0, 592, 412, 22, 18, 0.09138178080320358
0, 685, 227, 9, 9, 0.09091363847255707
0, 782, 78, 11, 11, 0.08924683183431625
0, 777, 222, 19, 20, 0.08783286064863205
0, 445, 534, 19, 14, 0.08705977350473404
0, 447, 532, 24, 18, 0.08602328598499298
0, 541, 405, 14, 22, 0.08485983312129974
0, 345, 653, 34, 15, 0.08396266400814056
0, 647, 392, 12, 9, 0.08387190103530884
0, 617, 476, 17, 18, 0.08365675061941147
0, 593, 412, 21, 18, 0.08236055076122284
0, 189, 726, 15, 16, 0.08164208382368088
0, 184, 797, 11, 13, 0.07401572912931442
0, 261, 655, 17, 15, 0.07391329109668732
0, 171, 776, 16, 12, 0.07250263541936874
0, 512, 513, 12, 17, 0.06767810136079788
0, 139, 881, 12, 13, 0.0671481341123581
0, 722, 129, 9, 15, 0.06665690243244171
0, 733, 113, 14, 14, 0.06562038511037827
0, 420, 580, 31, 26, 0.06092991307377815
0, 576, 488, 17, 17, 0.059549130499362946
0, 622, 355, 13, 14, 0.0591067299246788
0, 651, 336, 23, 16, 0.05846373736858368
0, 240, 769, 13, 13, 0.05616528540849686
0, 766, 127, 10, 16, 0.054249107837677
0, 170, 776, 18, 13, 0.053732920438051224
0, 509, 443, 16, 17, 0.053199805319309235
0, 743, 328, 7, 10, 0.053048811852931976
0, 323, 678, 18, 16, 0.052142370492219925
0, 340, 702, 27, 19, 0.0517740361392498
0, 717, 301, 10, 11, 0.05149715393781662
0, 318, 629, 22, 18, 0.05105617642402649
0, 338, 699, 19, 13, 0.04839584231376648
0, 644, 455, 13, 19, 0.0475672148168087
0, 155, 831, 14, 12, 0.0475420206785202
0, 623, 397, 10, 10, 0.0470210425555706
0, 488, 517, 14, 9, 0.044517748057842255
0, 149, 863, 10, 12, 0.0424848273396492
0, 730, 201, 14, 10, 0.04201484099030495
0, 448, 532, 20, 18, 0.04190890118479729
0, 702, 277, 13, 15, 0.04028899222612381
0, 745, 392, 24, 17, 0.03931043669581413
0, 775, 222, 22, 21, 0.03875939920544624
0, 527, 407, 11, 10, 0.03861602023243904
0, 188, 749, 22, 19, 0.0380186066031456
0, 259, 779, 15, 16, 0.03501144051551819
0, 452, 531, 12, 14, 0.03276418522000313
0, 294, 755, 32, 23, 0.03211865946650505
0, 593, 412, 23, 17, 0.030277742072939873
0, 163, 803, 10, 10, 0.029616715386509895
0, 379, 556, 15, 22, 0.028565214946866035
0, 300, 671, 17, 14, 0.028482746332883835
0, 660, 280, 12, 17, 0.02654297836124897
0, 817, 82, 22, 11, 0.02633008360862732
0, 704, 184, 13, 11, 0.02528280019760132
0, 627, 350, 20, 18, 0.025152433663606644
0, 733, 128, 27, 22, 0.024833839386701584
0, 235, 704, 9, 10, 0.02464943192899227
0, 747, 370, 10, 11, 0.024639515206217766
0, 331, 741, 11, 13, 0.0240930262953043
0, 134, 833, 12, 13, 0.024026261642575264
0, 474, 477, 16, 24, 0.023624787107110023
0, 734, 262, 13, 14, 0.023551147431135178
0, 748, 99, 13, 11, 0.023511018604040146
0, 475, 527, 9, 8, 0.02328823134303093
0, 656, 335, 34, 25, 0.022699840366840363
0, 618, 475, 14, 15, 0.020376548171043396
0, 607, 471, 22, 24, 0.020349200814962387
0, 685, 280, 21, 22, 0.020033324137330055
0, 633, 320, 9, 10, 0.01993459276854992
0, 705, 357, 11, 11, 0.019794533029198647
0, 246, 661, 11, 11, 0.018859269097447395
0, 332, 651, 11, 10, 0.018053729087114334
0, 702, 263, 12, 15, 0.017555397003889084
0, 746, 383, 26, 36, 0.017181748524308205
0, 825, 86, 39, 21, 0.017180919647216797
0, 311, 650, 12, 12, 0.01695435121655464
0, 704, 376, 13, 10, 0.016866296529769897
0, 184, 798, 10, 14, 0.015540475025773048
0, 645, 460, 11, 12, 0.015479967929422855
0, 411, 578, 12, 18, 0.015168072655797005
0, 361, 588, 9, 12, 0.014615539461374283
0, 770, 204, 12, 12, 0.014561216346919537
0, 572, 382, 11, 9, 0.014547230675816536
0, 740, 112, 12, 11, 0.014048817567527294
0, 359, 570, 11, 12, 0.013949531130492687
0, 289, 756, 32, 18, 0.012559453025460243
0, 765, 136, 12, 12, 0.012330849654972553
0, 611, 470, 34, 26, 0.012229196727275848
0, 386, 613, 13, 12, 0.01205840241163969
0, 794, 126, 8, 13, 0.01204178761690855
0, 791, 33, 10, 12, 0.011836214922368526
0, 444, 484, 27, 15, 0.011556488461792469
0, 338, 705, 25, 19, 0.01150622870773077
0, 537, 503, 17, 12, 0.011345592327415943
0, 645, 445, 14, 12, 0.011096884496510029
0, 270, 738, 11, 12, 0.01103719137609005
0, 543, 462, 11, 11, 0.011019982397556305
0, 632, 347, 8, 8, 0.010809068568050861
0, 838, 93, 18, 10, 0.010715866461396217
0, 722, 339, 18, 16, 0.010381923988461494
0, 710, 405, 18, 32, 0.009491673670709133
0, 690, 352, 14, 21, 0.008950491435825825
0, 740, 310, 11, 15, 0.008833558298647404
0, 772, 239, 12, 13, 0.008822189643979073
0, 692, 346, 11, 8, 0.008790598250925541
0, 178, 753, 39, 29, 0.008649761788547039
0, 274, 708, 19, 10, 0.008507360704243183
0, 181, 748, 13, 14, 0.008439863100647926
0, 775, 227, 25, 36, 0.008274027146399021
0, 365, 597, 13, 12, 0.008255376480519772
0, 271, 767, 11, 11, 0.008176672272384167
0, 771, 206, 13, 16, 0.008151049725711346
0, 449, 587, 23, 19, 0.008042562752962112
0, 465, 517, 17, 14, 0.007945015095174313
0, 744, 183, 14, 20, 0.007738686166703701
0, 569, 384, 14, 10, 0.007715546526014805
0, 245, 647, 11, 13, 0.007333177607506514
0, 834, 89, 25, 19, 0.00708667142316699
0, 118, 904, 8, 10, 0.006960343569517136
0, 509, 514, 18, 22, 0.006791366264224052
0, 740, 129, 12, 11, 0.00678093358874321
0, 672, 244, 12, 12, 0.0066705141216516495
0, 594, 411, 18, 15, 0.0066392067819833755
0, 530, 428, 24, 11, 0.006535124499350786
0, 298, 749, 17, 13, 0.006367123685777187
0, 358, 567, 14, 13, 0.006338132079690695
0, 348, 653, 27, 14, 0.006055047735571861
0, 411, 583, 44, 30, 0.006040263455361128
0, 493, 440, 9, 10, 0.00603496702387929
0, 775, 213, 27, 38, 0.006004441063851118
0, 660, 268, 16, 32, 0.005845392122864723
0, 722, 425, 10, 12, 0.00566238583996892
0, 227, 687, 24, 21, 0.005429412238299847
0, 754, 196, 11, 11, 0.005426837597042322
0, 391, 619, 31, 27, 0.005361126735806465
0, 434, 548, 28, 34, 0.005254924297332764
0, 317, 644, 22, 21, 0.005209044087678194
0, 333, 598, 11, 9, 0.005145382601767778
0, 267, 723, 15, 12, 0.005130665842443705
0, 449, 586, 38, 34, 0.005073004402220249
0, 769, 190, 21, 21, 0.004897103179246187
0, 434, 588, 61, 42, 0.004882193636149168
0, 356, 668, 30, 35, 0.004835783038288355
0, 331, 707, 47, 44, 0.004702434409409761
0, 452, 579, 25, 30, 0.004657330922782421
0, 417, 525, 21, 14, 0.00452781468629837
0, 364, 592, 14, 20, 0.004460951779037714
0, 543, 402, 20, 25, 0.004424564074724913
0, 773, 223, 36, 51, 0.004362268373370171
0, 135, 833, 11, 12, 0.004319504834711552
0, 686, 208, 19, 11, 0.004224564880132675
0, 335, 582, 21, 18, 0.0041982331313192844
0, 288, 752, 40, 21, 0.004190465435385704
0, 640, 311, 20, 20, 0.00415817042812705
0, 679, 280, 32, 31, 0.004126457963138819
0, 90, 850, 9, 9, 0.0040792073123157024
0, 704, 259, 11, 9, 0.004032771103084087
0, 506, 508, 30, 30, 0.0038701097946614027
0, 436, 544, 29, 28, 0.0037836022675037384
0, 696, 280, 33, 27, 0.0037553387228399515
0, 325, 675, 22, 23, 0.0036279214546084404
0, 183, 796, 13, 13, 0.003585729980841279
0, 826, 86, 45, 24, 0.003458939725533128
0, 774, 201, 27, 34, 0.0032595666125416756
0, 501, 516, 40, 33, 0.003248960943892598
0, 211, 814, 10, 8, 0.003206484718248248
0, 274, 784, 14, 12, 0.0031987607944756746
0, 318, 629, 24, 18, 0.003182298969477415
0, 303, 651, 22, 13, 0.003168795956298709
0, 381, 633, 9, 11, 0.003160800551995635
0, 644, 454, 17, 23, 0.003147962735965848
0, 188, 763, 15, 11, 0.0031438684090971947
0, 398, 623, 25, 20, 0.0031406718771904707
0, 596, 466, 38, 24, 0.003138566156849265
0, 756, 203, 66, 50, 0.003095535561442375
0, 746, 189, 25, 26, 0.0030905334278941154
0, 574, 485, 22, 20, 0.0030655539594590664
0, 306, 763, 9, 11, 0.002957186894491315
0, 217, 785, 23, 25, 0.0029491952154785395
0, 174, 837, 25, 11, 0.002933004405349493
0, 267, 719, 22, 21, 0.0028881593607366085
0, 282, 757, 27, 14, 0.002881172578781843
0, 730, 130, 33, 34, 0.002839307999238372
0, 703, 277, 11, 13, 0.0027861956041306257
0, 739, 110, 26, 18, 0.0027427461463958025
0, 602, 472, 45, 38, 0.002734964480623603
0, 317, 631, 20, 15, 0.0027122963219881058
0, 425, 582, 15, 15, 0.002699749544262886
0, 390, 651, 10, 12, 0.002692576963454485
0, 184, 831, 11, 9, 0.0026727821677923203
0, 265, 775, 26, 20, 0.002661621430888772
0, 672, 436, 13, 11, 0.0026516402140259743
0, 726, 334, 19, 29, 0.0026503102853894234
0, 469, 538, 10, 11, 0.00264894706197083
0, 158, 832, 18, 14, 0.0026424454990774393
0, 753, 189, 34, 32, 0.0025881046894937754
0, 257, 754, 15, 11, 0.002579430351033807
0, 393, 616, 39, 41, 0.002568460302427411
0, 223, 801, 14, 12, 0.002546226140111685
0, 221, 689, 22, 27, 0.002539571840316057
0, 706, 413, 13, 15, 0.0025160738732665777
0, 727, 201, 14, 9, 0.0024949400685727596
0, 573, 488, 24, 17, 0.00246535730548203
0, 475, 475, 21, 23, 0.0024310192093253136
0, 332, 685, 42, 45, 0.0024295903276652098
0, 698, 187, 24, 29, 0.0023942457046359777
0, 661, 314, 14, 17, 0.002363336505368352
0, 379, 558, 21, 28, 0.002357368590310216
0, 592, 445, 23, 15, 0.0023350436240434647
0, 738, 192, 33, 27, 0.002303540939465165
0, 352, 652, 18, 13, 0.0022999439388513565
0, 178, 833, 21, 14, 0.002276137936860323
0, 285, 758, 58, 29, 0.002260328968986869
0, 739, 247, 23, 14, 0.0022508713882416487
0, 573, 428, 9, 11, 0.002245078096166253
0, 690, 278, 36, 23, 0.0022201882675290108
0, 322, 714, 15, 14, 0.002215092070400715
0, 254, 878, 13, 11, 0.0022124736569821835
0, 644, 307, 12, 13, 0.002190146129578352
0, 539, 493, 25, 16, 0.002067447640001774
0, 469, 531, 20, 20, 0.0020654553081840277
0, 547, 396, 10, 7, 0.00205187383107841
0, 593, 447, 32, 19, 0.002042710315436125
0, 350, 656, 26, 17, 0.0019913683645427227
0, 235, 718, 6, 8, 0.001990329008549452
0, 646, 288, 9, 13, 0.00198857462964952
0, 694, 357, 19, 17, 0.0019798721186816692
0, 700, 377, 21, 10, 0.0019511833088472486
0, 509, 510, 27, 28, 0.0019278628751635551
0, 473, 474, 13, 19, 0.0018973398255184293
0, 703, 144, 14, 14, 0.0018748732982203364
0, 773, 210, 36, 51, 0.0018595620058476925
0, 631, 348, 29, 35, 0.0018093367107212543
0, 488, 521, 54, 29, 0.0018041072180494666
0, 732, 130, 28, 23, 0.001785810454748571
0, 680, 284, 21, 18, 0.0017397311748936772
0, 261, 731, 15, 18, 0.0017234922852367163
0, 703, 145, 13, 14, 0.0016812082612887025
0, 391, 604, 38, 24, 0.0016791271045804024
0, 601, 456, 15, 11, 0.001666380907408893
0, 320, 669, 37, 43, 0.001644434523768723
0, 293, 758, 38, 23, 0.001641507027670741
0, 813, 82, 17, 10, 0.001636576489545405
0, 408, 595, 58, 45, 0.0016354931285604835
0, 325, 711, 44, 36, 0.0016272090142592788
0, 538, 507, 27, 20, 0.0015981049509719014
0, 757, 153, 15, 10, 0.0015899348072707653
0, 741, 261, 21, 18, 0.0015849914634600282
0, 763, 137, 15, 11, 0.0015656047035008669
0, 181, 757, 48, 42, 0.0015537426806986332
0, 286, 759, 51, 38, 0.001535477815195918
0, 715, 300, 13, 16, 0.0015084565384313464
0, 374, 558, 28, 29, 0.001490824157372117
0, 335, 689, 55, 60, 0.0014903409173712134
0, 718, 189, 9, 11, 0.001488339970819652
0, 705, 146, 18, 17, 0.0014610938960686326
