0, 1444, 858, 93, 72, 0.13642194867134094
0, 1324, 818, 34, 27, 0.09248028695583344
0, 561, 1104, 43, 33, 0.08812691271305084
0, 446, 1510, 74, 58, 0.08263762295246124
0, 1415, 1014, 65, 68, 0.07902475446462631
0, 840, 1029, 104, 69, 0.07823237031698227
0, 1407, 1531, 69, 35, 0.07758436352014542
0, 1211, 781, 35, 37, 0.07628080248832703
0, 861, 1041, 53, 37, 0.07255145907402039
0, 1235, 823, 30, 32, 0.0724644735455513
0, 1529, 876, 56, 33, 0.06655554473400116
0, 929, 1021, 42, 41, 0.06369441747665405
0, 1660, 916, 33, 40, 0.06347671896219254
0, 867, 1034, 44, 39, 0.06276985257863998
0, 1412, 1005, 52, 47, 0.059831056743860245
0, 1671, 1447, 39, 29, 0.05731215700507164
0, 1155, 793, 44, 44, 0.0535348504781723
0, 846, 1041, 81, 43, 0.05295182764530182
0, 813, 1028, 46, 51, 0.05170884355902672
0, 438, 1110, 34, 40, 0.04992516338825226
0, 1629, 1514, 43, 24, 0.04963206127285957
0, 1700, 912, 70, 48, 0.04939647018909454
0, 438, 1076, 53, 39, 0.04756694287061691
0, 1773, 930, 22, 28, 0.04744306579232216
0, 1884, 976, 54, 39, 0.045928262174129486
0, 345, 1128, 38, 47, 0.045282695442438126
0, 666, 1086, 37, 39, 0.04441298544406891
0, 1547, 863, 41, 30, 0.04380590096116066
0, 1390, 1534, 71, 34, 0.04284478724002838
0, 1323, 810, 42, 39, 0.04271964356303215
0, 920, 759, 28, 25, 0.04247013479471207
0, 1212, 786, 31, 35, 0.042363930493593216
0, 402, 1128, 53, 48, 0.04233646020293236
0, 462, 1518, 34, 31, 0.03941553831100464
0, 234, 1503, 32, 27, 0.038505733013153076
0, 748, 664, 72, 52, 0.0382847785949707
0, 492, 1541, 20, 22, 0.03758241981267929
0, 1971, 1222, 50, 53, 0.036664724349975586
0, 1446, 864, 83, 60, 0.03533279523253441
0, 1704, 930, 57, 49, 0.034967489540576935
0, 1962, 1223, 39, 49, 0.034751471132040024
0, 762, 675, 48, 30, 0.03322329372167587
0, 1529, 864, 83, 62, 0.03297693654894829
0, 471, 1108, 53, 45, 0.03289320319890976
0, 184, 1489, 45, 37, 0.032752625644207
0, 1184, 1058, 31, 44, 0.03267890587449074
0, 616, 1111, 51, 39, 0.03220294415950775
0, 1229, 1020, 31, 25, 0.03149091452360153
0, 952, 1001, 34, 38, 0.031299568712711334
0, 939, 1012, 62, 60, 0.030414685606956482
0, 392, 1133, 44, 37, 0.03037106990814209
0, 346, 1123, 35, 40, 0.030100394040346146
0, 1350, 849, 50, 36, 0.029465889558196068
0, 1720, 933, 44, 34, 0.028884360566735268
0, 1445, 841, 77, 48, 0.027807461097836494
0, 938, 1011, 66, 57, 0.02760651707649231
0, 417, 1118, 61, 47, 0.02759963646531105
0, 1382, 838, 37, 38, 0.02727501094341278
0, 1875, 976, 37, 26, 0.027009954676032066
0, 1541, 872, 60, 43, 0.026822209358215332
0, 773, 681, 39, 27, 0.02648804523050785
0, 1382, 846, 37, 42, 0.02639698050916195
0, 813, 1043, 44, 37, 0.026067808270454407
0, 434, 1113, 134, 80, 0.02509758062660694
0, 748, 732, 35, 23, 0.02461150288581848
0, 1336, 847, 50, 39, 0.024418579414486885
0, 575, 1101, 75, 45, 0.02435673214495182
0, 1158, 781, 29, 31, 0.023932699114084244
0, 1983, 993, 47, 29, 0.023791566491127014
0, 1713, 916, 49, 42, 0.023431828245520592
0, 438, 1070, 53, 39, 0.023266909644007683
0, 1461, 858, 53, 60, 0.023208294063806534
0, 1583, 1482, 49, 38, 0.022553591057658195
0, 728, 654, 32, 32, 0.02224632352590561
0, 921, 1571, 29, 19, 0.021756336092948914
0, 1489, 856, 177, 93, 0.02159760147333145
0, 1666, 923, 52, 48, 0.02126147225499153
0, 720, 1052, 59, 28, 0.021077120676636696
0, 439, 1113, 138, 114, 0.02087794616818428
0, 1220, 826, 66, 43, 0.020824607461690903
0, 163, 1489, 41, 40, 0.020224740728735924
0, 533, 1506, 77, 47, 0.019700130447745323
0, 898, 716, 32, 21, 0.019664520397782326
0, 850, 1012, 67, 41, 0.01964861899614334
0, 482, 1110, 46, 41, 0.019505253061652184
0, 444, 1526, 46, 33, 0.01926710084080696
0, 507, 1066, 25, 30, 0.01912856474518776
0, 454, 1116, 107, 73, 0.01880086027085781
0, 983, 997, 47, 37, 0.01825234666466713
0, 1401, 852, 198, 95, 0.01798059418797493
0, 395, 1125, 53, 42, 0.01795900985598564
0, 626, 1113, 42, 27, 0.017879491671919823
0, 1146, 818, 32, 25, 0.017316583544015884
0, 1037, 976, 55, 25, 0.017211325466632843
0, 867, 706, 26, 22, 0.01718715950846672
0, 644, 1083, 44, 38, 0.017103897407650948
0, 433, 1080, 59, 54, 0.016407571732997894
0, 906, 1572, 51, 23, 0.016380613669753075
0, 649, 704, 59, 42, 0.016322264447808266
0, 2082, 1221, 77, 53, 0.016312850639224052
0, 1812, 1423, 42, 32, 0.01629260927438736
0, 548, 1514, 44, 33, 0.01621006429195404
0, 1015, 1588, 36, 31, 0.016165751963853836
0, 1412, 1526, 71, 42, 0.01607651449739933
0, 561, 1094, 45, 37, 0.016053149476647377
0, 618, 1090, 51, 49, 0.01601199433207512
0, 1011, 993, 77, 47, 0.01589522883296013
0, 1950, 1233, 73, 69, 0.015873612836003304
0, 1028, 789, 52, 24, 0.015855291858315468
0, 218, 1501, 68, 36, 0.015712246298789978
0, 1977, 1230, 116, 79, 0.01525734644383192
0, 1890, 1247, 29, 29, 0.015218219719827175
0, 1489, 840, 54, 41, 0.015086764469742775
0, 1366, 1535, 61, 31, 0.014825504273176193
0, 1888, 983, 46, 32, 0.014755528420209885
0, 338, 1134, 39, 43, 0.014609931036829948
0, 442, 1501, 79, 55, 0.014537833631038666
0, 2067, 1231, 46, 43, 0.014534746296703815
0, 579, 1092, 50, 36, 0.014514394104480743
0, 186, 1494, 58, 43, 0.014165172353386879
0, 1022, 789, 60, 28, 0.013575609773397446
0, 1712, 1187, 32, 31, 0.013313636183738708
0, 1096, 800, 20, 15, 0.013142775744199753
0, 745, 1100, 44, 30, 0.012873276136815548
0, 1392, 1527, 95, 47, 0.0126280402764678
0, 707, 1056, 45, 27, 0.012529524974524975
0, 837, 684, 41, 39, 0.012034540064632893
0, 840, 1051, 90, 82, 0.01199475396424532
0, 2064, 1244, 37, 34, 0.011831559240818024
0, 1471, 858, 84, 58, 0.011781684122979641
0, 1418, 853, 43, 42, 0.011707345955073833
0, 1231, 783, 77, 50, 0.011576129123568535
0, 1025, 977, 72, 27, 0.011540159583091736
0, 1603, 1479, 74, 33, 0.01142077799886465
0, 1017, 722, 23, 23, 0.011420141905546188
0, 1468, 872, 40, 42, 0.011359159834682941
0, 1698, 899, 55, 37, 0.011059933342039585
0, 205, 1494, 93, 44, 0.010461240075528622
0, 303, 1134, 28, 40, 0.010284223593771458
0, 521, 1073, 51, 42, 0.010266024619340897
0, 1684, 1449, 60, 39, 0.010187923908233643
0, 1190, 829, 33, 23, 0.010159601457417011
0, 786, 732, 24, 23, 0.010061141103506088
0, 1929, 1253, 35, 35, 0.00981740653514862
0, 1994, 995, 58, 30, 0.009770764969289303
0, 2008, 1232, 32, 31, 0.009717621840536594
0, 521, 1492, 46, 31, 0.009700150229036808
0, 924, 752, 34, 32, 0.009559719823300838
0, 269, 1131, 47, 41, 0.00955863669514656
0, 456, 1094, 97, 67, 0.009549233131110668
0, 1112, 1619, 42, 32, 0.0092765549197793
0, 1843, 1395, 23, 20, 0.009259943850338459
0, 1260, 779, 30, 27, 0.009236263111233711
0, 1107, 1618, 42, 33, 0.009217980317771435
0, 341, 1123, 35, 44, 0.009167885407805443
0, 871, 1005, 32, 35, 0.0090099535882473
0, 603, 1095, 143, 89, 0.008969643153250217
0, 430, 1507, 55, 57, 0.008882170543074608
0, 987, 1009, 156, 87, 0.008797298185527325
0, 636, 650, 35, 26, 0.008748799562454224
0, 446, 1104, 127, 107, 0.008636543527245522
0, 1394, 849, 184, 106, 0.008593371137976646
0, 963, 1007, 110, 66, 0.00858526211231947
0, 530, 1071, 77, 49, 0.00840088538825512
0, 1922, 1374, 38, 31, 0.00838111899793148
0, 997, 989, 92, 53, 0.008339318446815014
0, 1018, 730, 22, 25, 0.008222546428442001
0, 1773, 924, 24, 30, 0.008102217689156532
0, 801, 1033, 78, 55, 0.008024540729820728
0, 1229, 1573, 28, 22, 0.007535438984632492
0, 803, 1043, 64, 48, 0.0075281886383891106
0, 1934, 1233, 115, 79, 0.007510641124099493
0, 2075, 1228, 88, 69, 0.0074961003847420216
0, 2027, 1233, 33, 42, 0.007432202342897654
0, 1031, 987, 70, 38, 0.007274039089679718
0, 300, 1121, 30, 40, 0.007256908342242241
0, 1696, 1174, 42, 37, 0.007223791442811489
0, 2007, 1243, 44, 37, 0.007120262365788221
0, 1430, 1019, 33, 49, 0.007097489666193724
0, 1494, 1518, 35, 29, 0.007044346537441015
0, 582, 607, 44, 24, 0.006839769892394543
0, 1223, 805, 77, 54, 0.006756140850484371
0, 2018, 1230, 201, 111, 0.006685069762170315
0, 1075, 767, 24, 22, 0.006671297829598188
0, 1495, 864, 128, 63, 0.006671126466244459
0, 357, 1134, 145, 91, 0.006646566092967987
0, 2126, 10, 301, 20, 0.006572759710252285
0, 183, 11, 348, 22, 0.006489889230579138
0, 2101, 10, 353, 20, 0.006474326364696026
0, 1412, 845, 78, 57, 0.006467057857662439
0, 982, 1587, 43, 33, 0.006394613068550825
0, 1515, 839, 40, 37, 0.006367041729390621
0, 506, 1492, 39, 29, 0.006217732559889555
0, 823, 1015, 64, 45, 0.00609830766916275
0, 1625, 1515, 46, 28, 0.006047547794878483
0, 1756, 1214, 40, 29, 0.006038482766598463
0, 1705, 1184, 45, 43, 0.006012389436364174
0, 1538, 882, 86, 76, 0.006009181495755911
0, 962, 1594, 24, 19, 0.005995434708893299
0, 660, 707, 36, 29, 0.005813077092170715
0, 1366, 847, 129, 99, 0.005720726680010557
0, 1465, 838, 45, 39, 0.005593114532530308
0, 1308, 804, 64, 44, 0.005562188569456339
0, 624, 654, 59, 31, 0.005537131335586309
0, 279, 1125, 71, 49, 0.0055367108434438705
0, 1346, 840, 92, 60, 0.005459748208522797
0, 1028, 1594, 39, 38, 0.005408651661127806
0, 507, 1071, 29, 31, 0.005244736559689045
0, 838, 1031, 115, 87, 0.005108576733618975
0, 1421, 1531, 53, 30, 0.005040466319769621
0, 848, 708, 36, 21, 0.004908318631350994
0, 1434, 861, 84, 66, 0.004793522413820028
0, 1459, 1514, 28, 32, 0.0047342791222035885
0, 660, 1093, 86, 57, 0.004691070877015591
0, 1212, 804, 95, 83, 0.0046694022603333
0, 2160, 1034, 32, 31, 0.004660375881940126
0, 1706, 934, 95, 84, 0.004628780297935009
0, 1476, 1561, 27, 26, 0.004621125757694244
0, 812, 739, 70, 35, 0.004599822219461203
0, 432, 1517, 91, 72, 0.004589851014316082
0, 1731, 1433, 23, 27, 0.0045776935294270515
0, 1263, 819, 23, 24, 0.004493699409067631
0, 532, 1536, 61, 21, 0.004479470197111368
0, 1430, 1006, 31, 37, 0.004458015318959951
0, 733, 1037, 94, 62, 0.004439694341272116
0, 1857, 1389, 45, 27, 0.00441894493997097
0, 1188, 783, 50, 37, 0.004392294678837061
0, 2046, 1241, 75, 49, 0.004349894821643829
0, 419, 1491, 36, 28, 0.0043398551642894745
0, 614, 1131, 54, 26, 0.004324359819293022
0, 1726, 1471, 29, 26, 0.004225455690175295
0, 688, 1101, 45, 40, 0.004188464488834143
0, 428, 1070, 56, 37, 0.004149327985942364
0, 1567, 1489, 59, 41, 0.004109242465347052
0, 1963, 1216, 42, 49, 0.00410568667575717
0, 170, 1495, 47, 45, 0.004096984397619963
0, 1304, 1600, 33, 22, 0.004011236131191254
0, 1831, 1421, 69, 42, 0.003971475642174482
0, 599, 1107, 139, 105, 0.003902427852153778
0, 243, 1115, 14, 24, 0.0038801799528300762
0, 759, 1030, 53, 39, 0.0037593264132738113
0, 1962, 998, 55, 29, 0.0037452622782438993
0, 741, 1099, 41, 31, 0.0037150774151086807
0, 737, 1050, 96, 34, 0.003702933667227626
0, 318, 1136, 144, 78, 0.0036938441917300224
0, 1755, 1433, 36, 34, 0.003662646980956197
0, 448, 1111, 132, 118, 0.0036074521485716105
0, 1574, 888, 25, 21, 0.0034760215785354376
0, 832, 742, 30, 30, 0.0034658731892704964
0, 487, 1129, 52, 31, 0.0034625164698809385
0, 1215, 1594, 48, 37, 0.003442334709689021
0, 113, 10, 227, 20, 0.003431113203987479
0, 1001, 1017, 49, 26, 0.0033950242213904858
0, 597, 1128, 92, 40, 0.003378005465492606
0, 1173, 1589, 46, 30, 0.0032939575612545013
0, 393, 1126, 197, 94, 0.0032586557790637016
0, 1556, 1499, 29, 25, 0.0032128796447068453
0, 736, 1093, 66, 32, 0.0032117392402142286
0, 1163, 1591, 45, 32, 0.0032094016205519438
0, 978, 1579, 30, 31, 0.003197964048013091
0, 813, 686, 94, 48, 0.0031957169994711876
0, 609, 624, 100, 57, 0.003112626960501075
0, 687, 1088, 59, 37, 0.0031050723046064377
0, 986, 770, 29, 20, 0.0030417833477258682
0, 91, 3, 179, 6, 0.003019276773557067
0, 1895, 1373, 35, 31, 0.003006506012752652
0, 393, 1532, 24, 22, 0.00298120966181159
0, 762, 670, 72, 55, 0.0029512837063521147
0, 759, 676, 76, 66, 0.002919347956776619
0, 898, 745, 28, 26, 0.0028973082080483437
0, 190, 1478, 89, 64, 0.0028916234150528908
0, 744, 1092, 38, 30, 0.0028170431032776833
0, 1144, 799, 75, 52, 0.0028029880486428738
0, 2191, 3, 169, 6, 0.0027894326485693455
0, 438, 1131, 156, 96, 0.0027825769502669573
0, 219, 10, 413, 21, 0.002778976457193494
0, 550, 1070, 46, 43, 0.0027656222227960825
0, 750, 668, 68, 48, 0.002738026436418295
0, 1103, 1607, 44, 43, 0.0027275236789137125
0, 212, 1459, 49, 30, 0.002682572230696678
0, 1484, 1561, 42, 27, 0.002620974788442254
0, 1494, 876, 171, 91, 0.00261501083150506
0, 385, 1143, 81, 65, 0.002612408949062228
0, 297, 1561, 41, 25, 0.0026086336001753807
0, 604, 614, 96, 43, 0.0025817020796239376
0, 830, 1045, 103, 99, 0.002563985763117671
0, 1725, 1456, 36, 42, 0.0025607880670577288
0, 1555, 902, 41, 27, 0.0025225961580872536
0, 1360, 847, 136, 95, 0.0024611251428723335
0, 474, 1518, 147, 98, 0.002423503901809454
0, 2046, 1230, 161, 108, 0.0024064527824521065
0, 2065, 10, 417, 21, 0.002404869068413973
0, 91, 1528, 51, 26, 0.002376902149990201
0, 2066, 1221, 107, 76, 0.0023476253263652325
0, 811, 714, 73, 34, 0.0023179794661700726
0, 967, 993, 78, 63, 0.0022924630902707577
0, 151, 11, 290, 22, 0.002290458418428898
0, 849, 699, 65, 43, 0.0022885880898684263
0, 937, 1023, 60, 81, 0.0022753432858735323
0, 1629, 1131, 26, 22, 0.0022735882084816694
