0, 752, 617, 158, 160, 0.4575497508049011
0, 468, 1150, 133, 134, 0.327474981546402
0, 285, 393, 150, 151, 0.14128245413303375
0, 1154, 1105, 23, 25, 0.09303710609674454
0, 1169, 1154, 49, 32, 0.0889224037528038
0, 519, 1008, 51, 82, 0.08709990233182907
0, 1115, 869, 34, 25, 0.08266148716211319
0, 928, 1143, 32, 36, 0.07334211468696594
0, 931, 1091, 50, 48, 0.06838768720626831
0, 766, 630, 107, 124, 0.06535264849662781
0, 459, 1057, 67, 49, 0.06466669589281082
0, 453, 1062, 55, 45, 0.06301063299179077
0, 714, 572, 76, 64, 0.059757672250270844
0, 591, 761, 27, 37, 0.05732612684369087
0, 563, 783, 26, 42, 0.055902134627103806
0, 1166, 1150, 47, 34, 0.054539136588573456
0, 506, 1007, 79, 93, 0.051894545555114746
0, 358, 1388, 75, 47, 0.05014130845665932
0, 457, 1064, 74, 67, 0.0500326044857502
0, 341, 1395, 38, 34, 0.04790067300200462
0, 1163, 1063, 58, 42, 0.0472804419696331
0, 490, 931, 87, 46, 0.04709407314658165
0, 316, 427, 74, 64, 0.047049861401319504
0, 686, 1177, 75, 69, 0.04455289989709854
0, 683, 845, 78, 89, 0.04306868463754654
0, 462, 1157, 123, 105, 0.039709191769361496
0, 1096, 861, 75, 46, 0.0395238883793354
0, 1169, 1152, 49, 31, 0.03892701119184494
0, 331, 411, 48, 35, 0.03872697427868843
0, 1170, 1196, 34, 29, 0.038150206208229065
0, 1135, 1189, 31, 33, 0.03778892010450363
0, 514, 677, 113, 172, 0.036064617335796356
0, 1095, 851, 77, 65, 0.03604663535952568
0, 1170, 1181, 49, 57, 0.035879358649253845
0, 1175, 1053, 32, 22, 0.03557905927300453
0, 584, 1185, 41, 51, 0.03550046682357788
0, 1074, 871, 30, 21, 0.03521038964390755
0, 627, 789, 47, 47, 0.03509872034192085
0, 674, 883, 28, 27, 0.03504297509789467
0, 628, 751, 436, 416, 0.033962249755859375
0, 365, 1382, 73, 60, 0.0332285612821579
0, 504, 651, 98, 123, 0.032816193997859955
0, 512, 924, 59, 51, 0.03213803097605705
0, 458, 1189, 41, 32, 0.0313907228410244
0, 447, 1162, 93, 89, 0.03098580427467823
0, 432, 1142, 55, 44, 0.03065081499516964
0, 647, 1104, 59, 37, 0.02913057431578636
0, 736, 834, 55, 48, 0.02862834744155407
0, 381, 1419, 18, 20, 0.028495434671640396
0, 1145, 1064, 21, 28, 0.02671438828110695
0, 438, 1128, 47, 36, 0.02653331495821476
0, 632, 846, 35, 36, 0.025408608838915825
0, 313, 439, 60, 70, 0.02538244053721428
0, 432, 1154, 61, 60, 0.025162719190120697
0, 518, 992, 48, 58, 0.025146793574094772
0, 580, 783, 52, 82, 0.025053702294826508
0, 521, 677, 123, 166, 0.0249163880944252
0, 625, 802, 59, 73, 0.0241050086915493
0, 688, 1171, 67, 48, 0.0232295710593462
0, 1159, 1231, 28, 19, 0.02312461845576763
0, 422, 549, 61, 77, 0.02278076484799385
0, 324, 415, 53, 33, 0.022756727412343025
0, 674, 828, 67, 58, 0.02189095877110958
0, 522, 697, 89, 117, 0.021888084709644318
0, 742, 841, 39, 37, 0.021755212917923927
0, 438, 1167, 71, 73, 0.02130846306681633
0, 445, 1072, 39, 35, 0.021225905045866966
0, 261, 367, 105, 100, 0.021221719682216644
0, 578, 790, 60, 69, 0.021073199808597565
0, 1131, 938, 18, 26, 0.02102970890700817
0, 450, 1186, 28, 30, 0.02078407071530819
0, 437, 1132, 51, 43, 0.02054927498102188
0, 1158, 1067, 51, 44, 0.020293911918997765
0, 577, 706, 26, 28, 0.020022258162498474
0, 523, 926, 39, 30, 0.019754571840167046
0, 514, 920, 49, 45, 0.019587324932217598
0, 502, 634, 87, 80, 0.01950262300670147
0, 463, 1195, 29, 27, 0.01891748420894146
0, 1155, 1177, 76, 78, 0.018598070368170738
0, 588, 755, 32, 29, 0.018432684242725372
0, 402, 509, 22, 29, 0.018352461978793144
0, 1132, 946, 23, 46, 0.017752207815647125
0, 926, 1086, 38, 37, 0.017670169472694397
0, 1025, 764, 30, 24, 0.017479436472058296
0, 615, 813, 80, 94, 0.017166955396533012
0, 519, 1027, 36, 46, 0.016808295622467995
0, 1167, 1155, 45, 28, 0.016613084822893143
0, 241, 341, 55, 45, 0.016601668670773506
0, 1161, 1198, 51, 34, 0.016556818038225174
0, 525, 705, 75, 93, 0.01648753322660923
0, 517, 983, 40, 36, 0.016442082822322845
0, 513, 982, 33, 36, 0.016295000910758972
0, 778, 991, 39, 43, 0.01623162068426609
0, 469, 1045, 46, 37, 0.016131607815623283
0, 476, 1152, 114, 123, 0.01601283624768257
0, 295, 412, 104, 97, 0.015961870551109314
0, 530, 676, 36, 47, 0.01538386382162571
0, 268, 394, 62, 53, 0.015319972299039364
0, 557, 723, 198, 291, 0.015243912115693092
0, 503, 1135, 56, 87, 0.01523286197334528
0, 607, 811, 113, 126, 0.015061943791806698
0, 605, 800, 103, 82, 0.015037302859127522
0, 456, 1191, 55, 39, 0.014995473437011242
0, 1088, 835, 42, 41, 0.014994882047176361
0, 745, 629, 93, 96, 0.014837196096777916
0, 302, 431, 39, 38, 0.014826813712716103
0, 503, 1153, 48, 49, 0.01474690716713667
0, 703, 916, 23, 23, 0.014734191820025444
0, 559, 730, 214, 286, 0.01456750463694334
0, 693, 1168, 62, 51, 0.014231025241315365
0, 475, 1172, 86, 83, 0.014225514605641365
0, 516, 992, 49, 60, 0.014011760242283344
0, 360, 489, 36, 26, 0.013900436460971832
0, 714, 882, 29, 27, 0.013872379437088966
0, 512, 669, 82, 122, 0.01369956973940134
0, 1134, 1194, 33, 37, 0.01363779790699482
0, 708, 574, 64, 50, 0.013444948010146618
0, 270, 388, 74, 63, 0.013315452262759209
0, 679, 877, 43, 35, 0.013279885053634644
0, 291, 1409, 41, 36, 0.013275510631501675
0, 496, 638, 71, 61, 0.013208916410803795
0, 278, 402, 36, 38, 0.013201821595430374
0, 1106, 857, 51, 48, 0.013153046369552612
0, 774, 656, 81, 66, 0.013105269521474838
0, 743, 612, 39, 45, 0.012784119695425034
0, 438, 1140, 46, 44, 0.012775091454386711
0, 375, 1383, 42, 40, 0.012760773301124573
0, 1078, 854, 36, 41, 0.012161494232714176
0, 728, 604, 92, 113, 0.012119804508984089
0, 722, 590, 67, 37, 0.012093210592865944
0, 300, 409, 87, 67, 0.01187910232692957
0, 612, 707, 17, 21, 0.011597842909395695
0, 643, 828, 176, 147, 0.01154206320643425
0, 867, 705, 31, 27, 0.011231367476284504
0, 702, 1220, 30, 23, 0.011176571249961853
0, 288, 363, 46, 31, 0.011015569791197777
0, 522, 1084, 23, 34, 0.01085198950022459
0, 693, 848, 33, 33, 0.010614936240017414
0, 587, 703, 46, 44, 0.010555452667176723
0, 397, 1210, 26, 21, 0.01053802203387022
0, 1161, 1184, 82, 104, 0.010474931448698044
0, 494, 645, 71, 74, 0.010457133874297142
0, 561, 784, 29, 44, 0.01044200174510479
0, 290, 391, 32, 27, 0.010371215641498566
0, 418, 535, 30, 46, 0.010354187339544296
0, 612, 797, 53, 47, 0.010257849469780922
0, 257, 386, 31, 36, 0.010025007650256157
0, 487, 1016, 35, 25, 0.009916638024151325
0, 248, 380, 61, 62, 0.00986602995544672
0, 298, 440, 31, 30, 0.00984720978885889
0, 628, 818, 60, 93, 0.009655768983066082
0, 515, 1086, 40, 43, 0.00965477991849184
0, 1185, 1021, 16, 14, 0.009599138051271439
0, 461, 1109, 97, 173, 0.009411478415131569
0, 723, 561, 49, 38, 0.0093788867816329
0, 383, 1378, 29, 34, 0.00934319756925106
0, 1150, 1104, 38, 37, 0.009244893677532673
0, 362, 478, 48, 48, 0.009218520484864712
0, 514, 691, 75, 86, 0.009158776141703129
0, 466, 1221, 42, 26, 0.009111225605010986
0, 635, 742, 21, 22, 0.00908469408750534
0, 753, 609, 57, 49, 0.009042257443070412
0, 593, 806, 30, 34, 0.009021579287946224
0, 695, 863, 28, 33, 0.009009991772472858
0, 377, 1426, 41, 42, 0.008942733518779278
0, 848, 1019, 53, 27, 0.008852583356201649
0, 762, 650, 66, 51, 0.008638524450361729
0, 334, 744, 25, 29, 0.008624272421002388
0, 1093, 855, 89, 79, 0.008470348082482815
0, 893, 1035, 19, 21, 0.008449721150100231
0, 279, 365, 44, 30, 0.008419273421168327
0, 586, 723, 66, 78, 0.008409076370298862
0, 715, 1138, 31, 30, 0.008350200951099396
0, 693, 876, 80, 57, 0.008254935964941978
0, 502, 923, 71, 54, 0.008140317164361477
0, 1149, 1068, 29, 39, 0.008085232228040695
0, 620, 791, 29, 39, 0.008007890544831753
0, 632, 474, 33, 29, 0.007941310293972492
0, 476, 1196, 63, 43, 0.007874061353504658
0, 736, 1154, 24, 23, 0.007755900267511606
0, 717, 874, 33, 31, 0.007663883734494448
0, 521, 921, 46, 41, 0.007651165127754211
0, 487, 1035, 119, 139, 0.007643858902156353
0, 394, 1216, 34, 30, 0.007578488904982805
0, 1162, 1177, 69, 86, 0.007570918649435043
0, 905, 736, 34, 45, 0.0075685721822083
0, 242, 358, 57, 54, 0.007564952597022057
0, 754, 630, 191, 190, 0.007559422869235277
0, 473, 939, 51, 29, 0.00749211385846138
0, 503, 1123, 53, 63, 0.007482386194169521
0, 499, 847, 39, 31, 0.007427719421684742
0, 1079, 833, 23, 27, 0.007420273032039404
0, 491, 602, 48, 30, 0.00739463372156024
0, 363, 1393, 94, 83, 0.007373597007244825
0, 641, 1104, 44, 32, 0.0073586092330515385
0, 1161, 1209, 54, 63, 0.00732549000531435
0, 359, 1436, 18, 24, 0.007310248911380768
0, 250, 337, 55, 34, 0.007299484685063362
0, 506, 621, 75, 61, 0.007177228573709726
0, 545, 720, 62, 69, 0.007153262849897146
0, 711, 848, 105, 67, 0.007089171092957258
0, 633, 487, 40, 56, 0.00707598589360714
0, 694, 1168, 97, 84, 0.007039878983050585
0, 860, 1020, 28, 21, 0.0070150201208889484
0, 374, 492, 83, 86, 0.007002910133451223
0, 689, 836, 97, 62, 0.006995016243308783
0, 1100, 857, 81, 71, 0.006916639395058155
0, 498, 623, 76, 72, 0.006855136714875698
0, 549, 735, 52, 42, 0.0068115852773189545
0, 703, 622, 35, 31, 0.006811521016061306
0, 577, 773, 58, 71, 0.006794940680265427
0, 499, 605, 51, 26, 0.006769263185560703
0, 1065, 1267, 31, 17, 0.006709628272801638
0, 543, 703, 64, 107, 0.006562852766364813
0, 889, 909, 19, 20, 0.0065149832516908646
0, 249, 334, 41, 30, 0.006462874356657267
0, 501, 715, 24, 29, 0.006367440335452557
0, 318, 388, 26, 25, 0.006322343368083239
0, 241, 333, 30, 26, 0.006252963561564684
0, 624, 838, 59, 52, 0.006233102176338434
0, 816, 622, 44, 35, 0.006174151320010424
0, 693, 843, 141, 101, 0.006171629298478365
0, 647, 1146, 20, 28, 0.006078351754695177
0, 699, 857, 126, 105, 0.006062427535653114
0, 782, 999, 52, 60, 0.006027046125382185
0, 456, 1217, 47, 40, 0.006001035682857037
0, 444, 1097, 54, 28, 0.005970397498458624
0, 684, 1184, 73, 78, 0.005968866404145956
0, 1143, 1187, 113, 106, 0.005956767126917839
0, 314, 441, 73, 84, 0.005930130369961262
0, 391, 1207, 40, 26, 0.005915376823395491
0, 714, 585, 77, 57, 0.005905321799218655
0, 502, 1196, 37, 34, 0.005883369129151106
0, 704, 1151, 54, 52, 0.0058165728114545345
0, 538, 676, 47, 59, 0.005724916234612465
0, 1022, 763, 33, 24, 0.005723629612475634
0, 485, 939, 74, 35, 0.005684357136487961
0, 770, 664, 64, 63, 0.00564522435888648
0, 742, 596, 31, 33, 0.005561163183301687
0, 496, 934, 97, 76, 0.005541010294109583
0, 775, 677, 25, 38, 0.005501909181475639
0, 970, 1398, 17, 22, 0.005467297974973917
0, 641, 1148, 43, 34, 0.005408451426774263
0, 461, 1054, 66, 58, 0.005307857878506184
0, 645, 747, 52, 39, 0.005302018485963345
0, 775, 642, 101, 91, 0.005252212751656771
0, 1037, 851, 25, 14, 0.005247312132269144
0, 502, 658, 89, 115, 0.0052087870426476
0, 497, 1126, 43, 56, 0.005158847197890282
0, 606, 797, 119, 126, 0.0051573836244642735
0, 932, 1293, 18, 17, 0.005070533603429794
0, 908, 728, 25, 31, 0.005068880971521139
0, 565, 719, 44, 55, 0.005064765457063913
0, 1154, 1205, 59, 70, 0.005059028510004282
0, 692, 655, 19, 24, 0.005051406566053629
0, 728, 629, 84, 77, 0.005017123185098171
0, 471, 1149, 129, 136, 0.004986891057342291
0, 387, 512, 45, 37, 0.00496625853702426
0, 500, 1158, 51, 108, 0.004945884924381971
0, 794, 653, 42, 36, 0.004938284866511822
0, 413, 532, 39, 60, 0.004927696194499731
0, 362, 1383, 95, 69, 0.004903406370431185
0, 1061, 1269, 32, 20, 0.0048936279490590096
0, 592, 538, 19, 28, 0.004889466799795628
0, 325, 465, 24, 29, 0.004869685973972082
0, 496, 848, 35, 24, 0.0048253280110657215
0, 705, 1218, 36, 32, 0.004820377565920353
0, 483, 1220, 30, 25, 0.0048144543543457985
0, 708, 915, 37, 27, 0.004813720937818289
0, 1067, 801, 27, 19, 0.004793317522853613
0, 528, 667, 41, 61, 0.004753762856125832
0, 481, 643, 39, 45, 0.004753667861223221
0, 468, 1171, 164, 189, 0.0047415620647370815
0, 772, 630, 107, 97, 0.004734861198812723
0, 262, 351, 79, 55, 0.0047259037382900715
0, 728, 833, 66, 51, 0.004684056155383587
0, 753, 602, 46, 47, 0.00456168781965971
0, 565, 737, 36, 42, 0.00455534178763628
0, 425, 568, 43, 40, 0.004532530903816223
0, 400, 501, 34, 41, 0.004493725020438433
0, 327, 416, 55, 34, 0.004489130340516567
0, 819, 659, 40, 30, 0.0044642225839197636
0, 685, 1168, 48, 41, 0.004439809825271368
0, 1057, 853, 59, 25, 0.004421055782586336
0, 512, 1033, 25, 38, 0.004420969635248184
0, 945, 1096, 22, 32, 0.004378445912152529
0, 478, 652, 32, 49, 0.0043533616699278355
0, 637, 824, 181, 175, 0.004351824056357145
0, 1145, 1166, 47, 36, 0.004327407572418451
0, 912, 1337, 16, 21, 0.004325940739363432
0, 956, 1316, 20, 23, 0.004195395391434431
0, 392, 1217, 43, 40, 0.0041941264644265175
0, 1175, 1098, 20, 34, 0.004180447198450565
0, 1048, 826, 35, 25, 0.004148721229285002
0, 804, 742, 26, 15, 0.00414454098790884
0, 709, 1177, 22, 25, 0.004143633879721165
0, 504, 830, 21, 15, 0.004141230136156082
0, 691, 1188, 67, 74, 0.004127306863665581
0, 716, 860, 109, 107, 0.004118688404560089
0, 255, 385, 68, 83, 0.004084101412445307
