0 0.844014 0.524551 0.063270 0.068212
0 0.713703 0.825748 0.078467 0.075199
0 0.742968 0.362990 0.064348 0.047751
0 0.882324 0.340786 0.080908 0.083766
0 0.949927 0.598871 0.065007 0.064670
0 0.907083 0.112676 0.064619 0.054888
0 0.151010 0.104377 0.056897 0.055970
0 0.638091 0.903068 0.060833 0.071332
0 0.705652 0.731318 0.076190 0.078444
0 0.562149 0.265810 0.066337 0.072357
0 0.507870 0.073703 0.057840 0.056287
0 0.571207 0.105086 0.059083 0.054589
0 0.803812 0.159625 0.072762 0.054137
0 0.851631 0.451958 0.080721 0.074339
0 0.805590 0.338024 0.053009 0.064448
0 0.765947 0.526248 0.063866 0.059769
0 0.478299 0.397625 0.058049 0.062115
0 0.432060 0.149539 0.070460 0.066202
0 0.189827 0.139071 0.061852 0.055182
0 0.068841 0.947138 0.047105 0.056165
0 0.815870 0.822729 0.067805 0.070264
0 0.175084 0.972486 0.044059 0.054872
0 0.516361 0.612478 0.055104 0.069053
0 0.378902 0.966699 0.064303 0.063659
0 0.419615 0.493682 0.055017 0.079825
0 0.948514 0.167322 0.057540 0.055814
0 0.788104 0.025281 0.054982 0.049571
0 0.877916 0.953817 0.061609 0.066880
0 0.086167 0.770320 0.074000 0.057722
0 0.528866 0.315518 0.059809 0.069118
0 0.673576 0.356220 0.051701 0.053542
0 0.460184 0.075874 0.046386 0.061899
0 0.687534 0.602364 0.069906 0.068900
0 0.361177 0.908219 0.057160 0.057066
0 0.117671 0.047596 0.059114 0.057404
0 0.507294 0.160301 0.063748 0.074144
0 0.374893 0.224460 0.072684 0.075706
0 0.767548 0.648770 0.055581 0.063207
0 0.661277 0.064558 0.058175 0.055014
0 0.129245 0.944620 0.044095 0.063001
0 0.313463 0.068055 0.063543 0.065633
0 0.171701 0.875250 0.051216 0.054223
0 0.147214 0.817891 0.048045 0.069369
0 0.875691 0.617970 0.070275 0.060158
0 0.614498 0.350696 0.059369 0.073515
0 0.010891 0.908624 0.021782 0.059372
0 0.260557 0.819431 0.055519 0.049556
0 0.244567 0.135061 0.048045 0.057569
0 0.679792 0.458798 0.067070 0.061248
0 0.781703 0.762574 0.056502 0.061352
0 0.535874 0.534824 0.053440 0.059116
0 0.722519 0.924187 0.077845 0.069912
0 0.566858 0.385769 0.049538 0.053008
0 0.039727 0.898406 0.037929 0.056596
0 0.475494 0.269382 0.077792 0.055632
0 0.241151 0.511658 0.085147 0.059196
0 0.635514 0.645552 0.044561 0.067623
0 0.020840 0.421744 0.041296 0.058694
0 0.533940 0.771662 0.042833 0.065295
0 0.918567 0.435280 0.056701 0.070440
0 0.969604 0.428361 0.060792 0.072308
0 0.503708 0.481106 0.056343 0.061667
0 0.224698 0.870420 0.050335 0.042563
0 0.236849 0.983940 0.031599 0.032121
0 0.957620 0.841605 0.060730 0.074171
0 0.465045 0.908720 0.055526 0.056806
0 0.192654 0.073149 0.054595 0.063030
0 0.457565 0.812992 0.056391 0.063607
0 0.731828 0.272622 0.055254 0.066419
0 0.729858 0.066593 0.045464 0.044364
0 0.382628 0.323739 0.056331 0.056369
0 0.305716 0.807675 0.043173 0.058338
0 0.050422 0.816721 0.038096 0.039236
0 0.326889 0.168208 0.047602 0.091111
0 0.043043 0.082844 0.077222 0.049776
0 0.363192 0.727578 0.057724 0.047896
0 0.951330 0.983237 0.060064 0.033527
0 0.460054 0.581384 0.080572 0.054207
0 0.609720 0.765809 0.041317 0.051651
0 0.331255 0.610492 0.043789 0.048111
0 0.613953 0.611480 0.029448 0.029338
0 0.879270 0.688697 0.056826 0.059230
0 0.069652 0.873136 0.049747 0.045964
0 0.955704 0.011537 0.051611 0.022173
0 0.052761 0.531961 0.042374 0.054515
0 0.665184 0.761986 0.046636 0.067491
0 0.381342 0.617399 0.057635 0.053933
0 0.229500 0.017596 0.038582 0.033960
0 0.625967 0.117690 0.043128 0.039206
0 0.415336 0.662388 0.038197 0.040705
0 0.137708 0.583319 0.062556 0.051771
0 0.987985 0.633739 0.024030 0.030477
0 0.492611 0.842791 0.056226 0.052131
0 0.612241 0.019320 0.053359 0.037651
0 0.460474 0.520047 0.042759 0.046075
0 0.423788 0.748235 0.059512 0.052451
0 0.041706 0.752190 0.031923 0.041138
0 0.590749 0.578253 0.048971 0.028724
0 0.523504 0.687394 0.044665 0.041842
0 0.852823 0.040017 0.043719 0.040962
0 0.988812 0.278302 0.022376 0.053985
0 0.896430 0.854232 0.048771 0.053133
0 0.201739 0.359234 0.070267 0.033441
0 0.901174 0.544865 0.049249 0.061489
0 0.915054 0.768784 0.031551 0.035173
0 0.352212 0.418396 0.044056 0.031725
0 0.272786 0.588139 0.049170 0.039272
0 0.294010 0.724164 0.053719 0.054244
0 0.028303 0.471584 0.056249 0.046124
0 0.981691 0.365838 0.036379 0.054832
0 0.482333 0.015554 0.049443 0.029847
0 0.885411 0.784353 0.027386 0.034545
0 0.856270 0.881500 0.045022 0.045883
0 0.309045 0.917460 0.044358 0.038121
0 0.270752 0.169784 0.059203 0.063633
0 0.843369 0.214914 0.050581 0.042163
0 0.501268 0.221560 0.054762 0.045418
0 0.259285 0.471765 0.079443 0.046345
0 0.763292 0.300187 0.046583 0.040657
0 0.357451 0.555265 0.049496 0.048427
0 0.057534 0.013058 0.077782 0.025411
0 0.369556 0.082449 0.051831 0.078733
0 0.072154 0.357443 0.071621 0.030522
0 0.130076 0.527831 0.065486 0.055445
0 0.258237 0.914282 0.028739 0.039704
0 0.016495 0.114829 0.032991 0.047177
0 0.367618 0.010707 0.059606 0.021413
0 0.703592 0.196417 0.071625 0.051665
0 0.335722 0.659888 0.029247 0.029157
0 0.578646 0.174296 0.047819 0.039841
0 0.135013 0.646840 0.044271 0.025771
0 0.579593 0.649158 0.027923 0.027397
0 0.027046 0.992648 0.050518 0.014393
0 0.221575 0.796586 0.061535 0.063199
0 0.370246 0.676544 0.037557 0.049907
0 0.641734 0.407928 0.060350 0.044554
0 0.783992 0.235887 0.045548 0.051357
0 0.304146 0.756380 0.041298 0.030610
0 0.408040 0.300496 0.043039 0.055127
0 0.016320 0.631884 0.032209 0.027743
0 0.973038 0.715158 0.030765 0.040497
0 0.208694 0.814380 0.038595 0.036080
0 0.192841 0.568270 0.056950 0.050702
0 0.266595 0.030339 0.041940 0.042843
0 0.075976 0.142023 0.036600 0.038425
0 0.808060 0.962177 0.052119 0.053329
0 0.228663 0.782546 0.047748 0.034756
0 0.215509 0.394644 0.061131 0.031517
0 0.372717 0.661199 0.032351 0.021259
0 0.461886 0.338296 0.035208 0.032849
0 0.412518 0.088794 0.042690 0.036891
0 0.328434 0.697910 0.040093 0.032708
0 0.457826 0.696066 0.063163 0.044323
0 0.702023 0.315057 0.033406 0.032845
0 0.588950 0.710140 0.027214 0.037515
0 0.614221 0.257989 0.037104 0.047398
0 0.429499 0.004458 0.049334 0.008916
0 0.009285 0.739837 0.018570 0.039757
0 0.156809 0.433220 0.037857 0.034784
0 0.312177 0.980362 0.044236 0.038467
0 0.205598 0.930777 0.035626 0.043107
0 0.762375 0.420232 0.051367 0.049405
0 0.482901 0.564923 0.041281 0.026297
0 0.833648 0.072594 0.042551 0.036896
0 0.933814 0.505511 0.043056 0.034081
0 0.282170 0.393060 0.047373 0.029152
0 0.565594 0.208327 0.038186 0.040067
0 0.113403 0.183455 0.036734 0.034615
0 0.712032 0.009267 0.038547 0.018534
0 0.432883 0.009302 0.042433 0.018603
0 0.439371 0.220342 0.038366 0.044208
0 0.038967 0.598879 0.055633 0.039505
0 0.412985 0.034151 0.040786 0.027356
0 0.708362 0.004343 0.040781 0.008685
0 0.367775 0.042627 0.039920 0.028477
0 0.058362 0.605059 0.039308 0.037720
0 0.185040 0.641489 0.043405 0.020433
0 0.945059 0.660229 0.046183 0.034504
0 0.117597 0.006034 0.044614 0.011956
0 0.165981 0.500031 0.061574 0.041163
0 0.610606 0.431199 0.040826 0.033662
0 0.474329 0.986373 0.056235 0.027245
0 0.123973 0.226665 0.036317 0.030953
0 0.428731 0.994512 0.039895 0.010520
0 0.240585 0.464363 0.043430 0.034476
0 0.372995 0.053168 0.052370 0.044444
0 0.261157 0.289364 0.050297 0.035453
0 0.991349 0.684643 0.017301 0.044958
0 0.680338 0.112071 0.041192 0.033036
0 0.671227 0.024016 0.046300 0.032292
