0, 485, 486, 42, 40, 0.9054064120839898
0, 481, 68, 22, 25, 0.9146363005997276
0, 342, 66, 22, 33, 0.9199028959953488
0, 365, 427, 28, 32, 0.911068748183647
0, 79, 377, 22, 23, 0.8828281179036522
0, 504, 440, 14, 27, 0.872184811077
0, 181, 352, 25, 26, 0.9064426741848057
0, 477, 207, 14, 27, 0.8805797268317321
0, 465, 414, 23, 28, 0.9132141567237373
0, 244, 356, 31, 41, 0.9131991142996656
0, 485, 150, 22, 27, 0.9287412655772767
0, 83, 498, 31, 25, 0.8796497373792255
0, 160, 323, 27, 24, 0.9246461117998779
0, 338, 294, 25, 43, 0.9033303805660742
0, 446, 289, 21, 31, 0.9188424392285185
0, 285, 439, 27, 24, 0.9292376953647952
0, 340, 411, 22, 30, 0.9070753932906299
0, 214, 146, 23, 18, 0.9131331966728603
0, 232, 503, 21, 15, 0.8752091309190032
0, 110, 298, 18, 22, 0.9097208631416749
0, 228, 430, 22, 32, 0.8988326681361586
0, 371, 458, 17, 26, 0.8815425352292381
0, 393, 471, 27, 26, 0.8590140720819388
0, 297, 468, 26, 27, 0.930786389278828
0, 494, 14, 21, 26, 0.9147654841046425
0, 111, 501, 19, 20, 0.8730933689589533
0, 162, 184, 25, 33, 0.9239130334673744
0, 146, 497, 30, 22, 0.9005766706555105
0, 50, 503, 17, 15, 0.8765390430934921
0, 188, 483, 22, 26, 0.9328893180491287
0, 353, 490, 14, 18, 0.8609224085495232
0, 9, 417, 17, 15, 0.8656665244957759
0, 258, 431, 31, 24, 0.923751021824167
0, 373, 80, 32, 23, 0.918662015993066
0, 313, 300, 18, 22, 0.8902122206752207
0, 280, 281, 26, 25, 0.9274493192761257
0, 326, 496, 15, 22, 0.897418958636393
0, 240, 482, 31, 22, 0.9265922205758468
0, 250, 279, 31, 24, 0.8968065352330115
0, 480, 507, 19, 6, 0.850625888122186
0, 471, 38, 17, 18, 0.9022641769744788
0, 30, 280, 30, 27, 0.9059919327228223
0, 229, 334, 17, 19, 0.91361925037033
0, 32, 5, 28, 10, 0.8538951592618315
0, 197, 331, 25, 24, 0.9093539647380572
0, 350, 463, 18, 20, 0.8772496010440061
0, 360, 237, 17, 42, 0.8823344999660153
0, 46, 50, 19, 21, 0.9035728232668457
0, 470, 297, 11, 13, 0.8633378459482481
0, 381, 266, 31, 44, 0.8973595714589432
0, 356, 302, 23, 35, 0.877597975460673
0, 147, 6, 21, 12, 0.8408222942071979
0, 422, 349, 17, 24, 0.8669029207329231
0, 45, 230, 30, 15, 0.8335826323243399
0, 373, 139, 37, 40, 0.9304837248550737
0, 17, 260, 32, 25, 0.8749882902981837
0, 278, 39, 36, 20, 0.9068518102109345
0, 162, 79, 32, 26, 0.9086180463840882
0, 66, 4, 27, 8, 0.834694878476834
0, 9, 493, 19, 36, 0.8789745732253329
0, 333, 234, 20, 23, 0.8649337171938261
0, 10, 231, 21, 34, 0.8904168631868239
0, 204, 221, 21, 19, 0.9053258489876062
0, 18, 25, 36, 28, 0.9216361476444608
0, 303, 223, 17, 28, 0.8823135909379212
0, 167, 472, 27, 31, 0.922343841765482
0, 214, 409, 27, 24, 0.9037327183458758
0, 503, 389, 16, 20, 0.8731159662831414
0, 349, 94, 18, 19, 0.8877559633935509
0, 200, 460, 11, 11, 0.8329047590515493
0, 51, 349, 40, 41, 0.9166678011569088
0, 444, 172, 33, 50, 0.8896225766690107
0, 178, 380, 18, 17, 0.8282113886302818
0, 79, 419, 23, 18, 0.8809469983610865
0, 277, 403, 30, 24, 0.9160528821413604
0, 78, 201, 12, 12, 0.8461376258761506
0, 74, 252, 32, 28, 0.9349298988971981
0, 442, 245, 19, 20, 0.8912214087924871
0, 506, 161, 11, 34, 0.8729347710449802
0, 162, 229, 25, 19, 0.878436685424376
0, 214, 498, 18, 18, 0.8811315352786261
0, 421, 237, 46, 59, 0.8869069985672174
0, 51, 151, 35, 43, 0.8950187095402137
0, 141, 362, 46, 36, 0.9005482954550711
0, 242, 213, 27, 29, 0.9078859957841211
0, 105, 427, 24, 32, 0.9271305462185828
0, 39, 413, 17, 19, 0.8731634216860208
0, 462, 171, 6, 12, 0.8314307736945504
0, 151, 52, 52, 21, 0.8947085296928212
0, 305, 129, 18, 21, 0.850856797707714
0, 402, 130, 13, 16, 0.9052406879694846
0, 410, 249, 23, 35, 0.9193077434850454
0, 496, 408, 23, 29, 0.9106722572018691
0, 321, 473, 26, 20, 0.9073813423477705
0, 294, 344, 12, 12, 0.8386730996012226
0, 260, 391, 26, 23, 0.8999773379462642
0, 301, 363, 21, 28, 0.8979637289100049
0, 506, 36, 10, 12, 0.8528886768128116
0, 495, 293, 25, 48, 0.8964305476572852
0, 190, 268, 30, 33, 0.9128312022697804
0, 142, 340, 14, 19, 0.8438500202211638
0, 339, 188, 23, 35, 0.8522876785747246
0, 80, 452, 21, 18, 0.8867333986136275
0, 84, 191, 24, 34, 0.9236763612302832
0, 21, 465, 36, 48, 0.9018476362374086
0, 15, 116, 31, 34, 0.8883682322068
0, 140, 262, 31, 26, 0.9397397440061209
0, 177, 299, 33, 31, 0.9185121489838839
0, 161, 21, 27, 16, 0.8552609440261236
0, 140, 24, 20, 26, 0.8897048911513161
0, 452, 229, 19, 12, 0.8679650437661262
0, 412, 154, 30, 40, 0.924984186865206
0, 477, 312, 14, 12, 0.8306836105989307
0, 266, 207, 15, 27, 0.9055559120258511
0, 316, 260, 32, 28, 0.9269845339565123
0, 320, 437, 28, 47, 0.9077260879213098
0, 50, 117, 17, 20, 0.8525809073165126
0, 508, 100, 6, 22, 0.8706306121297068
0, 71, 330, 51, 38, 0.9029622514941701
