0, 562, 277, 21, 19, 0.7599050402641296
0, 153, 418, 21, 22, 0.7135785818099976
0, 474, 409, 21, 20, 0.6803039908409119
0, 127, 227, 18, 14, 0.6757791042327881
0, 309, 192, 16, 15, 0.6495676040649414
0, 468, 272, 21, 18, 0.623031735420227
0, 98, 138, 17, 16, 0.6087337732315063
0, 236, 352, 21, 18, 0.6081923246383667
0, 958, 11, 24, 21, 0.6081796288490295
0, 60, 195, 19, 17, 0.595592737197876
0, 373, 87, 21, 16, 0.583818793296814
0, 161, 270, 19, 16, 0.5775946378707886
0, 349, 115, 18, 17, 0.5514759421348572
0, 259, 498, 18, 14, 0.5507232546806335
0, 60, 925, 24, 23, 0.5301751494407654
0, 867, 565, 18, 20, 0.5288779139518738
0, 113, 126, 18, 15, 0.5268732309341431
0, 570, 226, 20, 19, 0.5267131328582764
0, 105, 529, 19, 18, 0.522201418876648
0, 984, 860, 17, 15, 0.520868718624115
0, 232, 371, 19, 15, 0.5208685398101807
0, 102, 83, 16, 21, 0.5185083746910095
0, 187, 474, 16, 16, 0.5134913921356201
0, 125, 198, 18, 15, 0.5098580121994019
0, 316, 560, 19, 16, 0.5076247453689575
0, 304, 177, 15, 15, 0.5061004161834717
0, 189, 273, 18, 15, 0.504279613494873
0, 522, 374, 19, 21, 0.4996841251850128
0, 106, 190, 18, 18, 0.4978174865245819
0, 58, 158, 19, 19, 0.4870675802230835
0, 248, 34, 21, 17, 0.4840448200702667
0, 461, 432, 16, 17, 0.4815892279148102
0, 96, 106, 17, 16, 0.4796951711177826
0, 367, 231, 16, 18, 0.4763631224632263
0, 41, 274, 19, 17, 0.474057674407959
0, 317, 86, 23, 19, 0.46979832649230957
0, 115, 249, 23, 20, 0.4684836268424988
0, 240, 333, 17, 15, 0.46809306740760803
0, 191, 448, 19, 13, 0.46511152386665344
0, 977, 22, 19, 20, 0.4644380807876587
0, 74, 38, 18, 16, 0.46068158745765686
0, 79, 189, 14, 15, 0.4594099521636963
0, 573, 244, 19, 17, 0.45883992314338684
0, 356, 276, 18, 21, 0.45822250843048096
0, 592, 252, 15, 17, 0.45739176869392395
0, 446, 470, 15, 15, 0.45571690797805786
0, 248, 411, 19, 17, 0.4511786699295044
0, 824, 661, 17, 15, 0.447403222322464
0, 325, 474, 14, 17, 0.4470859169960022
0, 357, 215, 15, 16, 0.44283372163772583
0, 209, 405, 17, 14, 0.4397929310798645
0, 283, 429, 18, 20, 0.43900051712989807
0, 356, 238, 16, 19, 0.43809953331947327
0, 246, 53, 16, 17, 0.43762049078941345
0, 249, 466, 16, 14, 0.4374658167362213
0, 273, 65, 17, 16, 0.432189017534256
0, 243, 495, 18, 16, 0.4300830066204071
0, 271, 360, 24, 19, 0.4296763837337494
0, 230, 472, 17, 17, 0.4283246397972107
0, 135, 257, 19, 16, 0.4261961877346039
0, 14, 877, 18, 16, 0.4251515865325928
0, 557, 367, 18, 18, 0.4249861240386963
0, 324, 226, 18, 18, 0.4247237741947174
0, 179, 285, 20, 15, 0.42444366216659546
0, 105, 41, 17, 15, 0.4230925142765045
0, 558, 258, 21, 18, 0.41927370429039
0, 201, 360, 16, 17, 0.4185745120048523
0, 362, 297, 21, 21, 0.41804078221321106
0, 380, 512, 15, 16, 0.41748592257499695
0, 477, 430, 19, 17, 0.41461047530174255
0, 344, 442, 18, 19, 0.41432973742485046
0, 541, 380, 18, 15, 0.41405537724494934
0, 85, 56, 22, 17, 0.41385170817375183
0, 448, 410, 22, 20, 0.41134169697761536
0, 108, 155, 21, 14, 0.411225289106369
0, 108, 225, 22, 17, 0.4109571576118469
0, 455, 446, 17, 15, 0.41033029556274414
0, 110, 6, 15, 12, 0.4099578261375427
0, 46, 253, 21, 20, 0.4044921100139618
0, 364, 162, 19, 16, 0.40301716327667236
0, 12, 227, 20, 17, 0.40189361572265625
0, 114, 144, 16, 16, 0.39906027913093567
0, 467, 388, 20, 17, 0.3974141478538513
0, 482, 526, 17, 16, 0.39587485790252686
0, 468, 366, 20, 20, 0.3957081735134125
0, 7, 303, 15, 17, 0.3934735357761383
0, 390, 943, 18, 18, 0.39242011308670044
0, 57, 901, 15, 20, 0.39226436614990234
0, 472, 445, 18, 15, 0.39042675495147705
0, 394, 587, 18, 19, 0.3896990418434143
0, 65, 56, 16, 16, 0.389346718788147
0, 147, 311, 19, 17, 0.38255688548088074
0, 472, 472, 19, 19, 0.3808803856372833
0, 900, 61, 20, 22, 0.3789416253566742
0, 788, 671, 19, 15, 0.3782634139060974
0, 56, 287, 18, 17, 0.37730708718299866
0, 59, 446, 16, 19, 0.3750937879085541
0, 330, 456, 15, 17, 0.3737007975578308
0, 15, 42, 19, 15, 0.37355831265449524
0, 765, 690, 17, 15, 0.3721004128456116
0, 18, 344, 16, 18, 0.37016475200653076
0, 561, 330, 24, 16, 0.3696223199367523
0, 478, 253, 17, 22, 0.3691366910934448
0, 10, 263, 19, 22, 0.3671336770057678
0, 301, 439, 16, 17, 0.3636983633041382
0, 544, 471, 19, 18, 0.360547810792923
0, 292, 451, 15, 14, 0.36033254861831665
0, 164, 296, 16, 18, 0.3573665916919708
0, 443, 498, 14, 16, 0.35581496357917786
0, 188, 318, 19, 19, 0.35563573241233826
0, 126, 274, 19, 19, 0.3544691503047943
0, 372, 525, 15, 20, 0.3536292016506195
0, 15, 857, 14, 17, 0.3532126843929291
0, 966, 859, 17, 18, 0.35274171829223633
0, 933, 92, 25, 22, 0.3493099808692932
0, 325, 503, 17, 16, 0.3465114235877991
0, 373, 610, 16, 15, 0.34615185856819153
0, 106, 267, 19, 14, 0.34593823552131653
0, 209, 298, 15, 14, 0.3453768491744995
0, 550, 442, 17, 19, 0.34294480085372925
0, 758, 706, 20, 16, 0.3414718806743622
0, 84, 86, 20, 15, 0.33987605571746826
0, 12, 123, 19, 18, 0.33950677514076233
0, 434, 484, 16, 16, 0.33685368299484253
0, 346, 559, 19, 15, 0.3345170021057129
0, 429, 548, 18, 16, 0.3344842493534088
0, 374, 8, 23, 16, 0.33290427923202515
0, 317, 519, 17, 16, 0.332836389541626
0, 13, 327, 16, 17, 0.332054078578949
0, 14, 67, 23, 14, 0.33128631114959717
0, 150, 234, 17, 15, 0.33091074228286743
0, 141, 945, 18, 17, 0.3307572901248932
0, 84, 71, 21, 17, 0.3272287845611572
0, 546, 320, 17, 19, 0.32684454321861267
0, 290, 411, 16, 17, 0.32312577962875366
0, 839, 550, 17, 18, 0.322392076253891
0, 331, 620, 19, 16, 0.3219848573207855
0, 92, 6, 19, 12, 0.31758397817611694
0, 215, 473, 16, 14, 0.31509265303611755
0, 282, 339, 13, 17, 0.314640611410141
0, 127, 11, 17, 19, 0.3142026364803314
0, 515, 65, 23, 18, 0.3132561147212982
0, 465, 347, 19, 15, 0.31284475326538086
0, 258, 6, 19, 11, 0.31231650710105896
0, 481, 884, 27, 21, 0.3120594322681427
0, 114, 26, 16, 14, 0.31195223331451416
0, 6, 182, 12, 16, 0.3086976408958435
0, 537, 361, 19, 20, 0.30866581201553345
0, 499, 319, 18, 16, 0.30729520320892334
0, 541, 338, 17, 16, 0.30616217851638794
0, 166, 314, 19, 21, 0.3028155267238617
0, 468, 288, 18, 14, 0.3024393618106842
0, 269, 331, 14, 14, 0.3016377091407776
0, 176, 498, 21, 21, 0.3012412190437317
0, 252, 19, 20, 15, 0.2983798086643219
0, 531, 490, 20, 20, 0.2979733943939209
0, 40, 892, 17, 16, 0.29765334725379944
0, 531, 305, 18, 16, 0.29752248525619507
0, 53, 177, 15, 18, 0.2971428632736206
0, 532, 214, 22, 21, 0.2950994372367859
0, 200, 513, 20, 22, 0.2939701974391937
0, 347, 96, 21, 16, 0.29254645109176636
0, 452, 519, 17, 18, 0.2922269105911255
0, 317, 465, 13, 16, 0.2917460501194
0, 263, 46, 15, 17, 0.2908220589160919
0, 419, 481, 15, 16, 0.290412962436676
0, 197, 419, 14, 16, 0.2890726327896118
0, 490, 244, 18, 21, 0.2888871431350708
0, 152, 250, 16, 16, 0.2888845205307007
0, 233, 410, 15, 17, 0.2887311577796936
0, 444, 348, 17, 16, 0.28819969296455383
0, 636, 9, 14, 17, 0.28573495149612427
0, 521, 501, 17, 14, 0.28447985649108887
0, 301, 419, 16, 18, 0.2842205762863159
0, 534, 397, 19, 21, 0.28231966495513916
0, 343, 477, 16, 20, 0.2801668643951416
0, 880, 544, 20, 17, 0.27960118651390076
0, 299, 517, 17, 16, 0.2792147994041443
0, 123, 408, 15, 16, 0.27882927656173706
0, 308, 127, 19, 18, 0.27792268991470337
0, 381, 562, 17, 17, 0.2776077091693878
0, 520, 530, 18, 16, 0.27631697058677673
0, 256, 321, 17, 15, 0.27569451928138733
0, 386, 530, 15, 16, 0.27420446276664734
0, 6, 344, 12, 17, 0.27396437525749207
0, 153, 398, 19, 15, 0.273337721824646
0, 158, 479, 16, 15, 0.2602465878119061
0, 431, 591, 17, 19, 0.23882992651014626
