0, 754, 893, 19, 23, 0.7528766989707947
0, 254, 474, 24, 20, 0.7487021088600159
0, 335, 434, 18, 18, 0.715069055557251
0, 481, 274, 23, 18, 0.6351202130317688
0, 313, 435, 15, 19, 0.6260594725608826
0, 372, 65, 18, 18, 0.6245430111885071
0, 728, 893, 24, 20, 0.6127052903175354
0, 218, 466, 23, 23, 0.6005306839942932
0, 355, 306, 23, 19, 0.587919294834137
0, 230, 487, 18, 19, 0.5782366991043091
0, 370, 375, 21, 19, 0.5733109712600708
0, 327, 58, 20, 19, 0.5644870400428772
0, 335, 336, 25, 20, 0.5558419823646545
0, 411, 283, 23, 23, 0.5535216331481934
0, 501, 933, 19, 23, 0.5502039194107056
0, 363, 405, 19, 26, 0.5491429567337036
0, 376, 755, 22, 22, 0.5393040180206299
0, 222, 401, 22, 21, 0.5217692255973816
0, 754, 861, 17, 23, 0.5152391791343689
0, 291, 433, 22, 25, 0.511407196521759
0, 338, 42, 25, 28, 0.5049659609794617
0, 916, 150, 16, 22, 0.4988936185836792
0, 753, 113, 18, 18, 0.49681487679481506
0, 305, 348, 26, 21, 0.4967345595359802
0, 335, 370, 17, 20, 0.48873838782310486
0, 465, 362, 17, 23, 0.4861038029193878
0, 360, 251, 18, 20, 0.4837430715560913
0, 21, 122, 20, 20, 0.48326295614242554
0, 278, 499, 16, 19, 0.47591644525527954
0, 891, 145, 30, 25, 0.46282854676246643
0, 312, 467, 20, 24, 0.45947352051734924
0, 471, 9, 24, 18, 0.4478050172328949
0, 221, 917, 26, 23, 0.44356971979141235
0, 490, 249, 21, 24, 0.43794918060302734
0, 156, 27, 25, 22, 0.4373122751712799
0, 742, 133, 20, 26, 0.4365270733833313
0, 735, 114, 17, 19, 0.4330505430698395
0, 552, 988, 19, 20, 0.4317966103553772
0, 719, 912, 19, 20, 0.43145132064819336
0, 266, 442, 26, 23, 0.42725375294685364
0, 500, 297, 16, 18, 0.4264942407608032
0, 813, 187, 19, 20, 0.42497965693473816
0, 145, 478, 20, 23, 0.42296090722084045
0, 775, 887, 18, 19, 0.42095720767974854
0, 343, 264, 18, 22, 0.4181137979030609
0, 658, 773, 19, 27, 0.41523855924606323
0, 786, 95, 18, 20, 0.4091535210609436
0, 345, 350, 19, 17, 0.40890419483184814
0, 430, 375, 26, 20, 0.40724676847457886
0, 743, 513, 24, 23, 0.4047519862651825
0, 723, 495, 18, 28, 0.39987704157829285
0, 460, 385, 21, 20, 0.3990222215652466
0, 426, 328, 19, 23, 0.39146602153778076
0, 765, 212, 16, 20, 0.3894646465778351
0, 733, 77, 21, 22, 0.38901543617248535
0, 352, 93, 24, 20, 0.3873005211353302
0, 373, 733, 24, 19, 0.37725475430488586
0, 116, 665, 15, 22, 0.37422966957092285
0, 292, 379, 18, 16, 0.3733472526073456
0, 370, 354, 21, 16, 0.37012964487075806
0, 754, 497, 19, 17, 0.36853912472724915
0, 797, 856, 18, 23, 0.36563313007354736
0, 459, 325, 23, 22, 0.3599866032600403
0, 398, 414, 20, 25, 0.35148006677627563
0, 391, 774, 16, 19, 0.3472403883934021
0, 326, 481, 20, 21, 0.34636884927749634
0, 406, 381, 22, 27, 0.3454473316669464
0, 326, 497, 18, 13, 0.3451322913169861
0, 946, 130, 17, 25, 0.3436516523361206
0, 164, 506, 17, 19, 0.342609703540802
0, 390, 272, 18, 20, 0.33895638585090637
0, 701, 747, 23, 18, 0.33882957696914673
0, 502, 346, 22, 18, 0.3387410044670105
0, 755, 479, 19, 22, 0.33475297689437866
0, 286, 470, 25, 18, 0.32613205909729004
0, 249, 496, 19, 17, 0.32067447900772095
0, 188, 781, 22, 14, 0.30993571877479553
0, 812, 167, 16, 21, 0.30753645300865173
0, 216, 519, 20, 26, 0.3062029182910919
0, 692, 108, 20, 22, 0.3020632266998291
0, 24, 433, 22, 23, 0.30145835876464844
0, 614, 294, 21, 18, 0.30052775144577026
0, 736, 136, 20, 26, 0.29815658926963806
0, 726, 597, 26, 24, 0.29640284180641174
0, 928, 145, 16, 24, 0.2960841655731201
0, 420, 304, 19, 20, 0.29455962777137756
0, 50, 381, 19, 18, 0.2914411127567291
0, 902, 131, 19, 21, 0.28830486536026
0, 139, 674, 17, 19, 0.28760966658592224
0, 355, 437, 16, 20, 0.2781085669994354
0, 169, 11, 23, 20, 0.27766022086143494
0, 410, 322, 17, 18, 0.27206435799598694
0, 422, 350, 20, 19, 0.27183446288108826
0, 717, 528, 20, 17, 0.26956239342689514
0, 786, 837, 18, 18, 0.26678627729415894
0, 246, 377, 21, 20, 0.2651257812976837
0, 483, 356, 20, 20, 0.2625907361507416
0, 762, 134, 17, 23, 0.25744083523750305
0, 773, 856, 21, 23, 0.25743138790130615
0, 70, 9, 18, 17, 0.2573428750038147
0, 4, 117, 9, 22, 0.2567060887813568
0, 339, 103, 21, 15, 0.25619179010391235
0, 248, 515, 20, 19, 0.25192198157310486
0, 738, 926, 18, 21, 0.24861542880535126
0, 465, 34, 21, 15, 0.24772632122039795
0, 520, 300, 15, 16, 0.24628618359565735
0, 19, 385, 27, 23, 0.2421029657125473
0, 762, 73, 25, 20, 0.24111217260360718
0, 226, 426, 24, 18, 0.23891626298427582
0, 310, 79, 20, 18, 0.05109435319900513
0, 738, 858, 17, 25, 0.11683513969182968
0, 27, 113, 19, 24, 0.05655723065137863
0, 786, 489, 18, 23, 0.14667333662509918
0, 384, 335, 21, 24, 0.10287169367074966
0, 473, 293, 20, 19, 0.11894860863685608
0, 470, 335, 17, 20, 0.08359982073307037
0, 708, 93, 24, 19, 0.167549267411232
0, 205, 925, 21, 17, 0.21042099595069885
0, 335, 460, 20, 21, 0.1560443937778473
0, 633, 336, 16, 23, 0.18239551782608032
0, 740, 519, 23, 23, 0.09063573181629181
0, 392, 253, 22, 17, 0.05666227638721466
0, 493, 194, 17, 21, 0.10155665129423141
0, 381, 395, 20, 22, 0.05666660517454147
0, 254, 412, 23, 21, 0.05781804770231247
0, 667, 308, 22, 21, 0.14194990694522858
0, 335, 116, 21, 15, 0.1032555103302002
0, 740, 232, 24, 25, 0.15057790279388428
0, 172, 490, 16, 20, 0.05797582119703293
0, 780, 125, 21, 19, 0.06270094215869904
0, 495, 214, 16, 18, 0.08279089629650116
0, 54, 9, 17, 17, 0.2392873615026474
0, 745, 95, 26, 21, 0.05224781855940819
0, 400, 235, 18, 18, 0.19966420531272888
0, 177, 605, 15, 26, 0.0569581463932991
0, 269, 376, 20, 17, 0.138144111439749
0, 369, 81, 18, 15, 0.16434552971940436
0, 269, 376, 20, 17, 0.138144111439749
0, 265, 361, 17, 16, 0.17313429506484757
0, 376, 713, 21, 19, 0.11333548277616501
0, 403, 346, 18, 18, 0.12414523428940868
0, 346, 295, 20, 16, 0.13801540734406664
0, 201, 442, 21, 20, 0.13861707619643263
0, 332, 306, 18, 15, 0.09912003460818605
0, 182, 507, 17, 21, 0.2004451805185236
0, 629, 777, 21, 19, 0.11738770455121994
0, 621, 311, 16, 15, 0.15326638738095932
0, 514, 949, 22, 19, 0.15132156746065545
0, 304, 403, 20, 19, 0.09655853089092625
0, 484, 926, 17, 22, 0.24005208909511566
0, 265, 338, 20, 20, 0.20528596295561485
0, 440, 243, 19, 20, 0.1296387997400828
0, 514, 949, 22, 19, 0.15132156746065545
0, 193, 468, 19, 14, 0.13372556327615315
0, 265, 338, 20, 20, 0.20528596295561485
0, 363, 276, 22, 22, 0.13608977433281638
0, 193, 468, 19, 14, 0.13372556327615315
0, 193, 468, 19, 14, 0.13372556327615315
0, 363, 276, 22, 22, 0.13608977433281638
0, 395, 311, 21, 24, 0.11773421083899749
0, 310, 366, 24, 20, 0.11839767490713206
0, 250, 403, 30, 22, 0.127887722564448
0, 675, 592, 25, 23, 0.12936126363252604
0, 380, 238, 19, 19, 0.20051992233780058
0, 304, 403, 20, 19, 0.09655853089092625
0, 314, 97, 22, 19, 0.19173699145244869
0, 599, 303, 15, 18, 0.160469881816156
0, 381, 690, 19, 21, 0.09101175175603662
0, 185, 832, 17, 17, 0.1448728605265342
0, 314, 97, 22, 19, 0.19173699145244869
0, 638, 314, 20, 20, 0.1683430416837948
0, 650, 331, 20, 22, 0.1046195568757981
0, 383, 426, 21, 23, 0.10551843070114623
0, 440, 243, 19, 20, 0.1296387997400828
0, 352, 365, 17, 17, 0.13775231259303902
0, 799, 483, 16, 23, 0.09383744765044372
0, 533, 109, 29, 25, 0.07507270965987663
0, 70, 356, 19, 18, 0.1494690526490675
0, 799, 483, 16, 23, 0.09383744765044372
0, 250, 403, 30, 22, 0.127887722564448
0, 167, 779, 19, 16, 0.15509123691070728
0, 70, 356, 19, 18, 0.1494690526490675
0, 709, 120, 18, 28, 0.17518866440136635
0, 167, 779, 19, 16, 0.15509123691070728
0, 314, 97, 22, 19, 0.19173699145244869
0, 4, 397, 8, 19, 0.13298793529191105
0, 218, 605, 22, 26, 0.053011625537675716
0, 4, 397, 8, 19, 0.13298793529191105
0, 302, 491, 26, 20, 0.17133983172697065
0, 844, 78, 16, 18, 0.10599874049942315
0, 511, 121, 22, 18, 0.12607389941211902
0, 431, 281, 22, 24, 0.1706082047472332
0, 708, 727, 30, 22, 0.1326118002304367
0, 817, 485, 21, 21, 0.1728008814097635
0, 161, 598, 18, 22, 0.12170590302706633
0, 270, 602, 18, 18, 0.14247931549649803
0, 314, 97, 22, 19, 0.19173699145244869
0, 803, 504, 19, 16, 0.1586374244733087
0, 335, 481, 27, 27, 0.061461346745202025
0, 162, 50, 20, 18, 0.1607092206536551
0, 217, 947, 23, 26, 0.16325181903746605
0, 9, 100, 19, 17, 0.1430279551762083
0, 4, 397, 8, 19, 0.13298793529191105
0, 803, 504, 19, 16, 0.1586374244733087
0, 192, 811, 20, 21, 0.151503571426507
0, 817, 485, 21, 21, 0.1728008814097635
0, 511, 279, 25, 26, 0.1273193873588082
0, 40, 82, 21, 21, 0.07987257103071863
0, 285, 517, 25, 20, 0.20854683566637894
0, 423, 28, 20, 20, 0.10333233991379874
0, 518, 264, 20, 15, 0.12556272363208776
0, 796, 188, 17, 20, 0.14084655040942012
0, 917, 574, 18, 18, 0.08234600416034951
0, 9, 100, 19, 17, 0.1430279551762083
0, 369, 30, 19, 19, 0.10979229260483311
0, 514, 949, 22, 19, 0.15132156746065545
0, 714, 522, 24, 22, 0.13342104510115516
0, 181, 768, 18, 16, 0.14182202792292245
0, 516, 244, 17, 21, 0.15479483791592702
0, 161, 598, 18, 22, 0.12170590302706633
0, 9, 100, 19, 17, 0.1430279551762083
0, 181, 768, 18, 16, 0.14182202792292245
0, 4, 397, 8, 19, 0.13298793529191105
0, 266, 516, 18, 21, 0.13504685700880906
0, 369, 30, 19, 19, 0.10979229260483311
0, 302, 491, 26, 20, 0.17133983172697065
0, 167, 757, 23, 20, 0.1727356887192013
0, 187, 730, 18, 21, 0.060860750304638694
0, 532, 309, 20, 21, 0.14315590282507423
0, 51, 403, 19, 24, 0.1929126177151943
0, 217, 947, 23, 26, 0.16325181903746605
0, 719, 133, 16, 23, 0.21195589693181244
0, 618, 806, 24, 23, 0.18462339043617249
0, 285, 517, 25, 20, 0.20854683566637894
0, 105, 605, 15, 26, 0.08250212349271485
0, 9, 100, 19, 17, 0.1430279551762083
0, 516, 244, 17, 21, 0.15479483791592702
0, 941, 135, 16, 28, 0.10468391748677235
0, 255, 610, 20, 20, 0.11853491183552009
0, 431, 281, 22, 24, 0.1706082047472332
0, 202, 906, 19, 20, 0.1256479156419309
0, 302, 491, 26, 20, 0.17133983172697065
0, 143, 599, 22, 17, 0.14083599409550762
0, 618, 806, 24, 23, 0.18462339043617249
0, 516, 244, 17, 21, 0.15479483791592702
0, 516, 244, 17, 21, 0.15479483791592702
0, 66, 369, 23, 20, 0.1986687636794377
0, 279, 415, 23, 18, 0.1093442879639553
0, 794, 513, 23, 21, 0.14528473948716025
0, 532, 309, 20, 21, 0.14315590282507423
0, 4, 439, 9, 19, 0.15780740101156965
0, 445, 28, 19, 18, 0.12602978162494183
0, 445, 28, 19, 18, 0.12602978162494183
0, 151, 52, 31, 23, 0.18574135745285905
0, 66, 369, 23, 20, 0.1986687636794377
0, 532, 309, 20, 21, 0.14315590282507423
0, 516, 244, 17, 21, 0.15479483791592702
0, 156, 672, 18, 19, 0.14542657925375363
0, 39, 421, 19, 19, 0.19013559838996336
0, 690, 561, 26, 22, 0.09495738133990808
0, 33, 424, 28, 20, 0.04974729313990242
0, 690, 561, 26, 22, 0.09495738133990808
0, 433, 405, 19, 26, 0.10161283702403029
0, 690, 561, 26, 22, 0.09495738133990808
0, 690, 561, 26, 22, 0.09495738133990808
0, 433, 405, 19, 26, 0.10161283702403029
0, 690, 561, 26, 22, 0.09495738133990808
0, 941, 135, 16, 28, 0.10468391748677235
0, 4, 439, 9, 19, 0.15780740101156965
0, 433, 405, 19, 26, 0.10161283702403029
0, 119, 608, 17, 21, 0.13335792083490644
