0, 510, 533, 23, 30, 0.47059041261672974
0, 804, 438, 23, 21, 0.4218197464942932
0, 12, 646, 22, 24, 0.3694397807121277
0, 776, 133, 22, 23, 0.35094207525253296
0, 272, 749, 22, 23, 0.3443911075592041
0, 775, 400, 23, 23, 0.3322751820087433
0, 81, 482, 31, 25, 0.3299553096294403
0, 461, 122, 24, 24, 0.32745715975761414
0, 931, 69, 24, 21, 0.3269699513912201
0, 853, 430, 20, 22, 0.3229840397834778
0, 627, 593, 24, 23, 0.3212383985519409
0, 59, 688, 22, 22, 0.3209654986858368
0, 35, 436, 25, 22, 0.3207840025424957
0, 419, 195, 23, 20, 0.3008287847042084
0, 628, 497, 23, 20, 0.29737693071365356
0, 506, 692, 21, 25, 0.2931707501411438
0, 677, 567, 20, 22, 0.2884862720966339
0, 466, 748, 23, 23, 0.28814443945884705
0, 868, 805, 24, 27, 0.2860275208950043
0, 514, 116, 29, 23, 0.2847853899002075
0, 151, 464, 19, 22, 0.28427040576934814
0, 988, 100, 22, 21, 0.2833450138568878
0, 61, 873, 23, 25, 0.2831091284751892
0, 801, 189, 24, 21, 0.2738170921802521
0, 104, 453, 28, 24, 0.2730586528778076
0, 530, 169, 22, 23, 0.26683124899864197
0, 919, 314, 20, 29, 0.26658380031585693
0, 595, 183, 22, 24, 0.264645516872406
0, 843, 452, 23, 18, 0.26156750321388245
0, 103, 597, 23, 26, 0.2607150673866272
0, 442, 343, 23, 25, 0.2571678161621094
0, 28, 798, 24, 22, 0.25429394841194153
0, 970, 32, 29, 24, 0.2536180913448334
0, 33, 685, 19, 21, 0.2498636692762375
0, 883, 791, 28, 26, 0.24580635130405426
0, 673, 671, 23, 21, 0.19314886629581451
0, 898, 153, 24, 21, 0.2048962414264679
0, 131, 761, 23, 21, 0.17855572700500488
0, 167, 212, 19, 20, 0.15382593870162964
0, 379, 746, 24, 22, 0.07475213706493378
0, 61, 717, 23, 23, 0.12529738247394562
0, 649, 524, 16, 22, 0.1635257601737976
0, 413, 126, 20, 25, 0.23890651762485504
0, 900, 707, 20, 21, 0.07556989789009094
0, 547, 180, 22, 21, 0.23517823219299316
0, 440, 746, 20, 23, 0.157138392329216
0, 352, 233, 21, 23, 0.21289841830730438
0, 107, 107, 19, 24, 0.05928230285644531
0, 898, 453, 22, 20, 0.10391417145729065
0, 21, 186, 23, 22, 0.1077125072479248
0, 136, 221, 19, 20, 0.05276228487491608
0, 157, 497, 23, 23, 0.04892812296748161
0, 752, 545, 22, 23, 0.048855021595954895
0, 831, 730, 21, 20, 0.22485384345054626
0, 128, 553, 25, 23, 0.149102121591568
0, 426, 524, 25, 20, 0.051390018314123154
0, 536, 710, 21, 21, 0.056876201182603836
0, 915, 550, 21, 23, 0.09259667247533798
0, 463, 77, 24, 21, 0.07589756697416306
0, 199, 660, 20, 22, 0.21591542661190033
0, 302, 70, 20, 24, 0.23480242490768433
0, 175, 561, 20, 23, 0.10231856256723404
0, 141, 666, 20, 22, 0.09471404552459717
0, 932, 278, 19, 20, 0.07440461218357086
0, 136, 157, 23, 23, 0.10940071940422058
0, 443, 517, 21, 23, 0.16447438299655914
0, 294, 725, 24, 21, 0.15779659152030945
0, 372, 324, 23, 21, 0.18355253338813782
0, 947, 258, 28, 24, 0.19997867941856384
0, 854, 472, 25, 23, 0.14403557777404785
0, 956, 284, 23, 24, 0.09756669402122498
0, 821, 200, 23, 24, 0.10032593458890915
0, 184, 158, 25, 21, 0.08231817930936813
0, 128, 177, 19, 19, 0.1939680427312851
0, 99, 250, 24, 23, 0.09653059393167496
0, 700, 150, 20, 21, 0.076052226126194
0, 194, 187, 22, 20, 0.08188971877098083
0, 239, 841, 23, 22, 0.21776656806468964
0, 388, 11, 23, 22, 0.09629148989915848
0, 900, 403, 21, 22, 0.06465917080640793
0, 45, 655, 21, 24, 0.11423899978399277
0, 72, 14, 24, 22, 0.19881440699100494
0, 692, 531, 19, 24, 0.07042911648750305
0, 803, 331, 23, 17, 0.12006712704896927
0, 485, 27, 20, 19, 0.08432159572839737
0, 64, 793, 25, 17, 0.060651831328868866
0, 494, 397, 25, 22, 0.11123622953891754
0, 957, 312, 24, 22, 0.2208201140165329
0, 404, 298, 19, 17, 0.05695893615484238
0, 230, 643, 21, 23, 0.11114396899938583
0, 9, 729, 17, 23, 0.18639005720615387
0, 936, 297, 20, 18, 0.09206655621528625
0, 434, 235, 26, 20, 0.11984818428754807
0, 907, 478, 25, 22, 0.1168094351887703
0, 241, 672, 24, 20, 0.11418388783931732
0, 787, 92, 25, 21, 0.10058766603469849
0, 129, 86, 23, 21, 0.21049289405345917
0, 95, 567, 21, 22, 0.13213862478733063
0, 832, 64, 20, 17, 0.08373624086380005
0, 717, 328, 22, 20, 0.04907505214214325
0, 244, 127, 20, 23, 0.05364254117012024
0, 829, 292, 24, 25, 0.21250195801258087
0, 307, 99, 18, 24, 0.18394240736961365
0, 441, 385, 23, 25, 0.09835124015808105
0, 112, 524, 19, 20, 0.13779275119304657
0, 450, 97, 22, 22, 0.1507701575756073
0, 156, 228, 20, 20, 0.18360547721385956
0, 822, 316, 24, 24, 0.13025803864002228
0, 216, 161, 21, 22, 0.1547757238149643
0, 378, 427, 20, 23, 0.06174536049365997
0, 362, 886, 22, 27, 0.07593715935945511
0, 415, 274, 20, 21, 0.1358831375837326
0, 59, 777, 20, 18, 0.0522301010787487
0, 887, 418, 20, 23, 0.11739051342010498
0, 463, 561, 21, 22, 0.09690340608358383
0, 90, 740, 24, 22, 0.14592280983924866
0, 161, 131, 21, 20, 0.17625218629837036
0, 826, 101, 24, 20, 0.23374894261360168
0, 255, 887, 22, 27, 0.07371653616428375
0, 139, 489, 26, 22, 0.14654894173145294
0, 330, 118, 22, 19, 0.06715866178274155
0, 360, 171, 22, 23, 0.13131177425384521
0, 5, 280, 11, 18, 0.12749910354614258
0, 506, 801, 24, 22, 0.13551928102970123
0, 776, 652, 25, 21, 0.10689317435026169
0, 522, 494, 22, 20, 0.0902055948972702
0, 712, 263, 23, 21, 0.0984700620174408
0, 228, 183, 21, 20, 0.1027282252907753
0, 373, 258, 21, 23, 0.09491933137178421
0, 175, 513, 25, 23, 0.14274586737155914
0, 566, 603, 22, 23, 0.1614639312028885
0, 375, 107, 21, 21, 0.07623927701171579
0, 954, 12, 22, 24, 0.17281387746334076
0, 954, 12, 22, 24, 0.17281387746334076
0, 789, 303, 21, 16, 0.06438402942057972
0, 335, 309, 18, 19, 0.14176629097979576
0, 442, 561, 27, 27, 0.0711168671526255
0, 243, 135, 20, 25, 0.07090780568966959
0, 232, 615, 23, 23, 0.09666645721336493
0, 426, 88, 27, 20, 0.12682339341096738
0, 422, 744, 20, 25, 0.1322973926769948
0, 696, 550, 26, 25, 0.1781030056730376
0, 116, 222, 21, 24, 0.10905877108502933
0, 116, 222, 21, 24, 0.10905877108502933
0, 198, 682, 23, 21, 0.11287090532731592
0, 785, 356, 25, 24, 0.12529649470922
0, 472, 12, 24, 24, 0.10872191047577869
0, 198, 682, 23, 21, 0.11287090532731592
0, 376, 413, 19, 20, 0.11034430514416986
0, 927, 8, 20, 17, 0.08919648198134358
0, 558, 581, 29, 28, 0.16267745825723745
0, 125, 328, 25, 25, 0.07412316341374786
0, 579, 750, 27, 22, 0.08313123581803646
0, 76, 229, 19, 21, 0.1205031802891493
0, 76, 632, 28, 24, 0.13495650106058188
0, 531, 551, 26, 24, 0.13316961043734188
0, 603, 523, 22, 25, 0.10790819638097739
0, 356, 304, 23, 22, 0.12314489182592242
0, 527, 9, 17, 18, 0.07591073849662462
0, 290, 945, 22, 25, 0.11643479299814405
0, 98, 8, 27, 17, 0.15641353295813992
0, 698, 792, 25, 24, 0.10515542328357697
0, 866, 101, 20, 17, 0.15110725535906624
0, 149, 109, 27, 24, 0.08370915429767486
0, 957, 601, 20, 23, 0.12281037051904742
0, 752, 237, 21, 24, 0.14996909912707201
0, 767, 453, 23, 25, 0.10727199156542921
0, 188, 609, 31, 28, 0.13020025343408653
0, 888, 625, 21, 26, 0.07264874152402637
0, 888, 625, 21, 26, 0.07264874152402637
0, 335, 309, 18, 19, 0.14176629097979576
0, 721, 87, 25, 24, 0.12037147589260042
0, 255, 168, 22, 25, 0.12149977061923559
0, 312, 137, 20, 21, 0.09840619574973497
0, 85, 168, 22, 21, 0.1433004667139202
0, 858, 136, 21, 27, 0.1229289790123945
0, 415, 776, 24, 28, 0.10951249217553832
0, 347, 252, 23, 20, 0.12807833336905394
0, 85, 168, 22, 21, 0.1433004667139202
0, 789, 303, 21, 16, 0.06438402942057972
0, 420, 870, 22, 24, 0.06524780414353148
0, 356, 304, 23, 22, 0.12314489182592242
0, 957, 601, 20, 23, 0.12281037051904742
0, 347, 252, 23, 20, 0.12807833336905394
0, 869, 482, 21, 27, 0.0942369997123336
0, 737, 264, 21, 21, 0.16064574164706377
0, 603, 523, 22, 25, 0.10790819638097739
0, 734, 65, 20, 23, 0.07373084137059535
0, 646, 578, 28, 24, 0.11082835334333194
0, 156, 818, 18, 20, 0.07207082824704908
0, 707, 6, 25, 13, 0.07439310372426848
0, 169, 783, 32, 25, 0.19409741674476885
0, 76, 632, 28, 24, 0.13495650106058188
0, 171, 272, 31, 20, 0.06636087276856795
0, 326, 165, 21, 22, 0.06179062163329588
0, 603, 523, 22, 25, 0.10790819638097739
0, 874, 203, 28, 21, 0.20334496068647018
0, 179, 240, 26, 23, 0.15825548796540154
0, 758, 312, 21, 18, 0.09895024884579444
0, 177, 291, 31, 26, 0.07385139827832969
0, 752, 237, 21, 24, 0.14996909912707201
0, 201, 575, 18, 20, 0.1380107295840074
0, 403, 230, 22, 18, 0.13077854068319827
0, 752, 237, 21, 24, 0.14996909912707201
0, 207, 718, 29, 25, 0.14781460855461587
0, 207, 718, 29, 25, 0.14781460855461587
0, 177, 291, 31, 26, 0.07385139827832969
0, 428, 300, 21, 20, 0.13551191358451475
0, 810, 721, 28, 31, 0.21623868168678287
0, 706, 632, 24, 22, 0.11778367818132757
0, 731, 171, 29, 29, 0.10541493440568309
0, 433, 214, 24, 20, 0.08790556609572625
0, 368, 24, 24, 24, 0.19325893389368437
0, 365, 5, 25, 11, 0.09724942490265168
0, 780, 371, 20, 20, 0.10360441451198163
0, 457, 28, 18, 22, 0.127590338711213
0, 790, 220, 27, 21, 0.10827902025576126
0, 541, 654, 26, 21, 0.11503920776641419
0, 613, 199, 23, 22, 0.10655648181959382
0, 382, 963, 23, 23, 0.1606199534558596
0, 312, 137, 20, 21, 0.09840619574973497
0, 762, 376, 20, 22, 0.10197442335064891
0, 188, 609, 31, 28, 0.13020025343408653
0, 603, 10, 26, 20, 0.14890500342142332
0, 531, 551, 26, 24, 0.13316961043734188
0, 420, 251, 21, 22, 0.14656849418992435
0, 112, 621, 19, 21, 0.12638939813389113
0, 913, 32, 25, 23, 0.20289083234982766
0, 131, 628, 16, 18, 0.07715178110070059
0, 420, 251, 21, 22, 0.14656849418992435
0, 318, 336, 20, 21, 0.10348884700199804
0, 326, 165, 21, 22, 0.06179062163329588
0, 734, 65, 20, 23, 0.07373084137059535
0, 707, 6, 25, 13, 0.07439310372426848
0, 312, 137, 20, 21, 0.09840619574973497
0, 33, 942, 22, 22, 0.1311071422657792
0, 457, 28, 18, 22, 0.127590338711213
0, 425, 456, 24, 26, 0.10787338398810856
0, 731, 171, 29, 29, 0.10541493440568309
0, 59, 462, 20, 19, 0.11244668182527044
0, 491, 597, 19, 18, 0.10421750080505841
0, 382, 203, 24, 28, 0.1041996787744053
0, 433, 116, 20, 22, 0.0737575660776095
0, 335, 80, 28, 27, 0.16847685806199936
0, 318, 336, 20, 21, 0.10348884700199804
0, 454, 151, 22, 24, 0.16262631779921277
0, 908, 263, 24, 18, 0.20057499147128666
0, 603, 523, 22, 25, 0.10790819638097739
0, 626, 603, 26, 37, 0.056542687688342246
0, 527, 9, 17, 18, 0.07591073849662462
0, 420, 251, 21, 22, 0.14656849418992435
0, 773, 610, 25, 25, 0.11819646796566825
0, 193, 847, 26, 20, 0.08208468675825345
0, 501, 771, 22, 26, 0.15028630979902233
0, 111, 903, 26, 22, 0.07346490702098504
0, 193, 847, 26, 20, 0.08208468675825345
0, 745, 780, 32, 30, 0.0786921128741174
0, 248, 441, 25, 23, 0.1924425433829085
0, 248, 441, 25, 23, 0.1924425433829085
0, 440, 39, 21, 25, 0.10313748540613413
