0, 217, 915, 20, 20, 0.3841295540332794
0, 752, 828, 21, 19, 0.3496193289756775
0, 48, 436, 20, 17, 0.3399071991443634
0, 97, 581, 19, 16, 0.3279344439506531
0, 329, 223, 16, 19, 0.32262083888053894
0, 146, 467, 18, 24, 0.2992655336856842
0, 282, 158, 18, 22, 0.2928587794303894
0, 298, 222, 20, 21, 0.29177889227867126
0, 898, 301, 20, 21, 0.2688634991645813
0, 538, 647, 19, 17, 0.25119921565055847
0, 429, 226, 19, 21, 0.25074851512908936
0, 633, 685, 16, 16, 0.054470621049404144
0, 279, 292, 14, 17, 0.07881918549537659
0, 767, 320, 21, 24, 0.04970129579305649
0, 96, 625, 20, 16, 0.12987466156482697
0, 388, 72, 18, 18, 0.15068401934728837
0, 939, 5, 20, 10, 0.1786200851202011
0, 388, 72, 18, 18, 0.15068401934728837
0, 682, 888, 14, 17, 0.06982792168855667
0, 388, 72, 18, 18, 0.15068401934728837
0, 816, 716, 19, 14, 0.11625573601251343
0, 12, 688, 14, 20, 0.07494812581558741
0, 313, 180, 22, 23, 0.13223479779208785
0, 435, 159, 21, 18, 0.15231346523637448
0, 691, 693, 18, 19, 0.11664619883953524
0, 374, 150, 15, 17, 0.1485428310618535
0, 461, 473, 16, 20, 0.0995720329024382
0, 150, 711, 14, 17, 0.09535927712185285
0, 416, 467, 25, 21, 0.10672525919709787
0, 915, 476, 20, 20, 0.08324048751609578
0, 502, 579, 17, 24, 0.09389946609735489
0, 691, 693, 18, 19, 0.11664619883953524
0, 621, 757, 24, 25, 0.08297298848628998
0, 487, 383, 17, 19, 0.12476668669933931
0, 461, 473, 16, 20, 0.0995720329024382
0, 473, 508, 15, 16, 0.17671519922774193
0, 528, 944, 21, 17, 0.12942565169037012
0, 473, 508, 15, 16, 0.17671519922774193
0, 237, 224, 18, 25, 0.07238915444849756
0, 649, 667, 16, 17, 0.05974411435106353
0, 487, 383, 17, 19, 0.12476668669933931
0, 384, 257, 15, 19, 0.1340915993155384
0, 858, 491, 21, 19, 0.18172295058140858
0, 354, 457, 15, 18, 0.0885335796697676
0, 332, 918, 22, 20, 0.10007399533570958
0, 400, 322, 17, 21, 0.13897116340627433
0, 554, 274, 15, 18, 0.1841163953490781
0, 313, 180, 22, 23, 0.13223479779208785
0, 180, 336, 23, 20, 0.1779631714314356
0, 4, 291, 8, 19, 0.09276887991929189
0, 461, 473, 16, 20, 0.0995720329024382
0, 576, 179, 22, 26, 0.1334279734803558
0, 492, 542, 21, 22, 0.10170185433483699
0, 946, 17, 15, 18, 0.14627196630224282
0, 271, 215, 23, 19, 0.12173264939888315
0, 807, 461, 19, 15, 0.11247076970360904
0, 38, 373, 20, 15, 0.11703800742922738
0, 419, 207, 13, 15, 0.1537384661798346
0, 721, 592, 19, 16, 0.16221604448787408
0, 830, 422, 15, 18, 0.0704855220657104
0, 142, 604, 18, 17, 0.07457378997234719
0, 873, 257, 32, 28, 0.17544321535596685
0, 419, 207, 13, 15, 0.1537384661798346
0, 473, 508, 15, 16, 0.17671519922774193
0, 213, 157, 27, 27, 0.07288344636798437
0, 603, 359, 19, 19, 0.13820800434910313
0, 615, 657, 19, 16, 0.06437732086533123
0, 737, 700, 18, 15, 0.12074070871216566
0, 94, 522, 17, 18, 0.14102411329431075
0, 25, 479, 15, 19, 0.10610427861990958
0, 580, 392, 22, 24, 0.0964857873545984
0, 76, 543, 16, 15, 0.08802904115764962
0, 873, 257, 32, 28, 0.17544321535596685
0, 215, 218, 27, 26, 0.08160629699844704
0, 213, 157, 27, 27, 0.07288344636798437
0, 63, 608, 18, 19, 0.07408989021530683
0, 359, 250, 17, 18, 0.07392219160342581
0, 215, 218, 27, 26, 0.08160629699844704
0, 591, 471, 17, 21, 0.09488816515471249
0, 225, 257, 19, 16, 0.1335581123954717
0, 456, 385, 18, 19, 0.09290506834181797
0, 236, 265, 15, 13, 0.12571095417242634
0, 300, 496, 15, 17, 0.17674084930487627
0, 721, 592, 19, 16, 0.16221604448787408
0, 825, 635, 25, 33, 0.07432906087298834
0, 25, 479, 15, 19, 0.10610427861990958
0, 847, 607, 31, 28, 0.097756189913344
0, 46, 474, 14, 15, 0.10279716507698042
0, 523, 410, 20, 19, 0.18251618804385694
0, 816, 716, 19, 14, 0.11625573601251343
0, 236, 265, 15, 13, 0.12571095417242634
0, 847, 607, 31, 28, 0.097756189913344
0, 816, 716, 19, 14, 0.11625573601251343
0, 36, 586, 15, 14, 0.11124509597923225
0, 317, 822, 21, 19, 0.1516743081696899
0, 39, 407, 15, 15, 0.13484476544414156
0, 317, 822, 21, 19, 0.1516743081696899
