3, 321, 257, 68, 62, 0.9175359010696411
3, 288, 197, 67, 68, 0.9112705588340759
3, 193, 72, 47, 53, 0.9037586450576782
3, 187, 140, 83, 81, 0.8924152851104736
3, 245, 297, 76, 91, 0.874816358089447
3, 263, 65, 84, 75, 0.8695054650306702
3, 266, 138, 46, 45, 0.8578440546989441
3, 376, 198, 92, 92, 0.8538913130760193
0, 19, 22, 27, 27, 0.834016740322113
3, 122, 347, 60, 67, 0.7726290225982666
3, 111, 295, 46, 40, 0.7093337774276733
3, 215, 192, 49, 37, 0.6633015871047974
0, 437, 355, 23, 25, 0.5716419219970703
2, 220, 366, 38, 32, 0.5701494812965393
0, 371, 372, 23, 20, 0.4859395921230316
3, 123, 205, 68, 68, 0.4441234767436981
0, 479, 349, 25, 23, 0.39222627878189087
0, 9, 41, 18, 24, 0.33846431970596313
0, 389, 361, 19, 21, 0.2719866931438446
2, 438, 152, 15, 15, 0.26810115575790405
3, 377, 104, 148, 83, 0.2648945152759552
0, 4, 374, 9, 16, 0.2632063031196594
1, 356, 170, 15, 17, 0.21797703206539154
0, 486, 377, 19, 12, 0.17367666959762573
0, 407, 348, 22, 27, 0.1632227599620819
3, 226, 97, 31, 33, 0.1531950831413269
3, 296, 352, 81, 63, 0.11394354701042175
3, 146, 224, 108, 102, 0.11362886428833008
0, 494, 340, 4, 23, 0.08147860318422318
3, 74, 313, 20, 17, 0.06220802664756775
3, 164, 243, 59, 70, 0.057384878396987915
3, 82, 321, 143, 124, 0.05503219738602638
3, 403, 342, 36, 53, 0.047071076929569244
3, 446, 192, 54, 80, 0.03942574933171272
1, 486, 377, 19, 11, 0.03911937400698662
1, 2, 5, 4, 10, 0.03830965608358383
3, 202, 192, 26, 32, 0.03603170067071915
3, 32, 52, 64, 93, 0.033093880861997604
3, 73, 309, 24, 29, 0.030379122123122215
3, 334, 301, 66, 65, 0.029020268470048904
0, 435, 376, 28, 13, 0.027615951374173164
3, 450, 339, 93, 89, 0.026714587584137917
1, 432, 376, 22, 12, 0.02656492404639721
3, 383, 33, 99, 67, 0.026296012103557587
1, 349, 168, 28, 21, 0.02615414932370186
3, 465, 246, 61, 80, 0.024062927812337875
1, 74, 313, 20, 17, 0.022549817338585854
3, 178, 328, 77, 87, 0.022084703668951988
3, 104, 75, 113, 140, 0.02116348035633564
3, 388, 352, 68, 62, 0.019534919410943985
3, 169, 262, 37, 35, 0.018972035497426987
3, 414, 99, 90, 70, 0.01785917393863201
3, 329, 283, 93, 102, 0.01268052775412798
3, 455, 29, 40, 55, 0.01073012501001358
3, 82, 344, 57, 66, 0.010698424652218819
0, 164, 14, 26, 28, 0.010620436631143093
3, 405, 349, 126, 69, 0.01046761404722929
3, 364, 366, 46, 35, 0.010463056154549122
1, 179, 192, 10, 13, 0.009375994093716145
3, 201, 23, 48, 45, 0.009103699587285519
3, 462, 319, 68, 89, 0.009060900658369064
0, 15, 83, 29, 27, 0.008631679229438305
2, 436, 376, 27, 13, 0.008491363376379013
3, 58, 18, 32, 32, 0.008397974073886871
0, 2, 72, 5, 15, 0.00760654266923666
0, 354, 218, 23, 22, 0.007154492195695639
3, 195, 163, 66, 34, 0.007137465290725231
0, 25, 310, 28, 34, 0.007057389710098505
1, 296, 254, 10, 14, 0.007054520305246115
3, 265, 238, 54, 41, 0.007003420498222113
3, 94, 11, 69, 23, 0.006946349982172251
2, 39, 213, 4, 5, 0.006942019797861576
3, 233, 108, 47, 51, 0.006455123424530029
3, 291, 111, 25, 28, 0.0064170025289058685
0, 57, 18, 33, 33, 0.006370647810399532
3, 376, 177, 85, 49, 0.006206792779266834
0, 449, 296, 30, 27, 0.005938020069152117
0, 471, 378, 18, 10, 0.005642101168632507
3, 114, 217, 49, 49, 0.005638653878122568
3, 23, 365, 40, 37, 0.005635248962789774
3, 178, 352, 66, 55, 0.005597475916147232
1, 88, 317, 9, 8, 0.0055806925520300865
2, 355, 217, 22, 21, 0.005566001404076815
3, 377, 340, 41, 31, 0.005484905559569597
3, 90, 109, 148, 218, 0.005446685943752527
1, 267, 137, 34, 41, 0.005423269234597683
1, 400, 210, 16, 17, 0.004922972992062569
3, 251, 320, 59, 44, 0.004708240740001202
3, 477, 21, 35, 40, 0.004692201502621174
0, 426, 322, 27, 27, 0.004646569490432739
3, 75, 330, 46, 58, 0.0045910910703241825
0, 474, 302, 17, 16, 0.0045558069832623005
0, 341, 104, 70, 78, 0.0045410264283418655
3, 46, 317, 77, 74, 0.00452069565653801
3, 356, 180, 48, 47, 0.004507596604526043
1, 262, 282, 19, 15, 0.004479953087866306
3, 480, 124, 33, 78, 0.004450965207070112
3, 489, 250, 14, 76, 0.004423923324793577
3, 437, 354, 32, 35, 0.004333038814365864
1, 118, 299, 19, 17, 0.004267440177500248
3, 355, 217, 21, 21, 0.004208951722830534
1, 18, 3, 24, 6, 0.004174668341875076
3, 394, 203, 54, 70, 0.0041349949315190315
3, 430, 323, 35, 30, 0.004098580218851566
1, 355, 217, 23, 22, 0.004071468021720648
3, 483, 186, 26, 73, 0.0040700663812458515
0, 478, 292, 32, 33, 0.004032790195196867
3, 474, 298, 45, 49, 0.00392770254984498
3, 442, 88, 36, 40, 0.003896341659128666
0, 17, 74, 34, 49, 0.003628418082371354
3, 371, 372, 23, 20, 0.0035414446610957384
3, 235, 231, 45, 43, 0.0035184763837605715
3, 421, 149, 49, 43, 0.0035093198530375957
3, 461, 226, 55, 55, 0.003498466219753027
3, 173, 169, 47, 21, 0.003491655457764864
3, 215, 192, 23, 33, 0.0034789382480084896
3, 254, 172, 38, 29, 0.003444777801632881
3, 238, 326, 47, 32, 0.00342173152603209
0, 25, 364, 31, 33, 0.0033856763038784266
3, 371, 224, 68, 39, 0.003355961060151458
0, 35, 32, 20, 21, 0.0033148981165140867
0, 458, 18, 33, 34, 0.003306983271613717
3, 304, 191, 32, 47, 0.0031176318880170584
3, 287, 108, 36, 41, 0.0030796388164162636
3, 269, 218, 64, 48, 0.0030707111582159996
3, 164, 16, 26, 30, 0.0030692240688949823
3, 315, 152, 50, 50, 0.0030192795675247908
3, 84, 77, 61, 100, 0.0029850543942302465
1, 63, 288, 10, 9, 0.0029443311505019665
0, 290, 111, 24, 26, 0.002941438928246498
3, 380, 306, 35, 37, 0.00289233704097569
3, 340, 125, 65, 37, 0.002788200741633773
1, 397, 212, 49, 60, 0.002744619967415929
3, 457, 300, 49, 36, 0.002708754036575556
1, 327, 251, 15, 15, 0.0027072138618677855
2, 474, 376, 37, 13, 0.0026928652077913284
0, 489, 270, 14, 31, 0.0026723004411906004
3, 42, 213, 85, 139, 0.002650147769600153
0, 380, 304, 33, 33, 0.0026432035956531763
3, 173, 300, 78, 75, 0.0026396848261356354
0, 165, 240, 49, 54, 0.0026382440701127052
0, 87, 11, 62, 22, 0.0026081621181219816
3, 263, 302, 35, 57, 0.0025746196042746305
2, 63, 288, 10, 9, 0.0025438196025788784
3, 96, 5, 73, 11, 0.002510230988264084
1, 337, 106, 62, 75, 0.002496971283107996
1, 370, 198, 16, 8, 0.002476929221302271
3, 18, 2, 33, 5, 0.0024643405340611935
3, 179, 192, 10, 14, 0.0024373147170990705
3, 330, 130, 43, 26, 0.002404353115707636
1, 478, 349, 24, 23, 0.0023756136652082205
3, 241, 165, 41, 35, 0.0023563974536955357
3, 346, 205, 27, 20, 0.0023360359482467175
3, 268, 12, 28, 22, 0.0023239285219460726
3, 237, 157, 30, 36, 0.002312916796654463
3, 389, 329, 62, 71, 0.0022308072075247765
0, 229, 16, 14, 22, 0.0022144364193081856
3, 398, 258, 73, 56, 0.0022114980965852737
3, 190, 278, 21, 20, 0.002204788848757744
3, 207, 37, 46, 64, 0.002189963823184371
1, 257, 281, 17, 12, 0.002186716301366687
1, 216, 192, 27, 34, 0.002173400018364191
3, 229, 20, 15, 33, 0.002138906391337514
1, 86, 314, 10, 12, 0.0021141485776752234
3, 58, 187, 76, 98, 0.0021045382600277662
0, 403, 335, 35, 38, 0.002060679253190756
3, 437, 213, 60, 90, 0.002051335060968995
3, 18, 77, 36, 43, 0.0020276797004044056
3, 271, 15, 52, 30, 0.00202603405341506
3, 411, 288, 41, 45, 0.0020010981243103743
3, 94, 145, 103, 91, 0.0019916431047022343
0, 417, 11, 17, 20, 0.0019856346771121025
3, 479, 161, 34, 144, 0.0019747475162148476
3, 312, 47, 27, 28, 0.0019476152956485748
1, 275, 133, 17, 21, 0.0019426256185397506
0, 208, 10, 34, 21, 0.0019289888441562653
0, 400, 326, 29, 21, 0.001920822774991393
0, 211, 192, 17, 31, 0.0019186172867193818
3, 9, 367, 18, 32, 0.001915528904646635
1, 339, 250, 21, 21, 0.0019134260946884751
3, 94, 264, 68, 53, 0.001891733380034566
3, 40, 22, 67, 41, 0.0018655476160347462
0, 268, 13, 26, 24, 0.001840320066548884
3, 419, 299, 20, 17, 0.0018239105120301247
3, 90, 349, 135, 69, 0.0018232230795547366
3, 86, 178, 122, 117, 0.0018075041007250547
1, 420, 146, 5, 7, 0.0018029363127425313
0, 197, 11, 35, 23, 0.001801693462766707
3, 31, 312, 42, 56, 0.0017922190017998219
3, 313, 43, 40, 44, 0.00178539811167866
3, 118, 97, 68, 81, 0.0017684813356027007
1, 206, 131, 16, 16, 0.0017282202607020736
1, 247, 61, 19, 18, 0.001714217127300799
3, 470, 29, 53, 58, 0.0017094201175495982
3, 138, 237, 66, 56, 0.0016934017185121775
3, 367, 135, 103, 21, 0.0016801233869045973
3, 21, 206, 42, 129, 0.001668489072471857
3, 375, 362, 100, 43, 0.0016636422369629145
0, 26, 355, 25, 18, 0.0016629407182335854
3, 330, 112, 48, 53, 0.0016586034325882792
3, 344, 47, 27, 28, 0.001647273194976151
0, 226, 195, 26, 28, 0.0016464610816910863
3, 241, 277, 61, 51, 0.0016456649173051119
3, 120, 293, 28, 30, 0.001639347872696817
0, 215, 37, 30, 36, 0.0016329949721693993
3, 61, 347, 54, 56, 0.0016240592813119292
0, 161, 168, 20, 17, 0.0016220301622524858
3, 369, 262, 61, 61, 0.0016049784608185291
3, 27, 127, 54, 70, 0.0015951450914144516
0, 76, 7, 58, 14, 0.0015947441570460796
3, 99, 236, 197, 247, 0.0015835040248930454
3, 157, 67, 18, 58, 0.0015817974926903844
3, 354, 270, 63, 69, 0.0015783784911036491
3, 297, 297, 33, 53, 0.0015734664630144835
3, 264, 210, 115, 88, 0.0015643173828721046
0, 481, 18, 28, 33, 0.001559348776936531
2, 432, 152, 30, 28, 0.0015568992821499705
3, 248, 267, 53, 28, 0.0015345570864155889
3, 471, 105, 50, 108, 0.0015231958823278546
3, 352, 38, 45, 48, 0.0015175215667113662
0, 457, 31, 39, 46, 0.0015103531768545508
0, 8, 52, 16, 33, 0.0015017783734947443
3, 41, 365, 77, 36, 0.0015004019951447845
3, 458, 76, 74, 67, 0.001490976195782423
3, 175, 371, 60, 25, 0.0014846636913716793
3, 167, 89, 22, 20, 0.001479727914556861
0, 422, 317, 19, 17, 0.0014593605883419514
3, 485, 291, 22, 42, 0.0014554427471011877
3, 207, 253, 37, 38, 0.0014514550566673279
3, 421, 279, 32, 34, 0.001418652362190187
2, 356, 172, 45, 32, 0.0014097568346187472
3, 246, 112, 47, 34, 0.0014045687858015299
2, 110, 296, 45, 37, 0.0013983439421281219
0, 314, 48, 23, 27, 0.0013972596498206258
0, 193, 74, 44, 49, 0.0013881794875487685
0, 265, 137, 42, 45, 0.0013829133240506053
3, 40, 159, 81, 139, 0.0013791470555588603
3, 161, 288, 59, 49, 0.0013787117786705494
3, 246, 63, 46, 43, 0.001375073567032814
3, 112, 148, 65, 67, 0.0013670047046616673
0, 3, 77, 6, 26, 0.001360451802611351
3, 397, 170, 51, 36, 0.001346846460364759
3, 256, 85, 58, 32, 0.0013431943953037262
3, 332, 328, 54, 32, 0.0013331325026229024
1, 356, 210, 49, 29, 0.0013322149170562625
3, 471, 217, 49, 130, 0.001330903498455882
3, 10, 301, 19, 107, 0.0013230766635388136
3, 232, 212, 82, 74, 0.0013143502874299884
0, 422, 276, 26, 25, 0.0013056775787845254
3, 261, 1, 37, 2, 0.001300500938668847
3, 322, 139, 54, 35, 0.0013002259656786919
3, 180, 194, 15, 21, 0.0012881646398454905
1, 319, 12, 15, 11, 0.0012801314005628228
0, 25, 338, 25, 17, 0.0012783780694007874
3, 448, 138, 30, 28, 0.00127642962615937
3, 492, 341, 8, 42, 0.0012687467969954014
3, 307, 27, 37, 41, 0.001267568557523191
3, 303, 79, 26, 41, 0.001250010565854609
0, 489, 253, 15, 70, 0.0012288480065762997
0, 191, 22, 29, 39, 0.0012238427298143506
3, 352, 174, 31, 36, 0.0012220314238220453
3, 407, 280, 60, 73, 0.0012210790300741792
1, 247, 64, 53, 49, 0.0012088249204680324
0, 374, 338, 33, 28, 0.0012078667059540749
0, 6, 63, 13, 27, 0.0011989457998424768
3, 334, 96, 55, 59, 0.0011984281009063125
3, 19, 28, 32, 40, 0.0011980480048805475
3, 33, 375, 62, 17, 0.001197628560476005
0, 324, 9, 27, 18, 0.0011956760426983237
0, 393, 162, 17, 17, 0.0011860200902447104
3, 18, 18, 29, 20, 0.0011852155439555645
3, 363, 306, 75, 59, 0.0011817844351753592
0, 224, 12, 24, 24, 0.001180996187031269
3, 258, 12, 30, 22, 0.0011710776016116142
3, 277, 140, 22, 34, 0.0011678904993459582
3, 107, 3, 53, 6, 0.001167209236882627
3, 381, 284, 100, 93, 0.0011671691900119185
3, 271, 209, 34, 39, 0.0011645971098914742
3, 484, 15, 23, 25, 0.0011550021590664983
0, 394, 9, 34, 19, 0.00114986184053123
3, 395, 46, 73, 41, 0.001145803602412343
3, 55, 357, 38, 28, 0.0011446679709479213
0, 319, 11, 16, 12, 0.001139316358603537
3, 345, 190, 28, 42, 0.0011273834388703108
3, 491, 344, 6, 26, 0.0011173631064593792
1, 323, 258, 65, 56, 0.0011166278272867203
0, 254, 15, 22, 21, 0.0011072286870330572
0, 133, 365, 28, 25, 0.0011072255438193679
0, 346, 51, 24, 21, 0.0010977685451507568
3, 217, 334, 21, 25, 0.0010886929230764508
1, 280, 135, 15, 22, 0.0010818538721650839
3, 412, 31, 56, 63, 0.0010813783155754209
0, 450, 42, 20, 20, 0.0010739716235548258
3, 424, 229, 81, 85, 0.0010723262093961239
0, 357, 92, 26, 22, 0.0010720508871600032
3, 293, 17, 40, 32, 0.0010592348407953978
0, 349, 224, 17, 15, 0.0010481476783752441
3, 139, 55, 67, 98, 0.001041306066326797
3, 475, 3, 37, 6, 0.0010253115324303508
0, 40, 37, 30, 28, 0.00101849518250674
