0, 1219, 525, 49, 28, 0.2334754914045334
0, 937, 407, 20, 27, 0.23068395256996155
0, 1180, 507, 32, 21, 0.17551405727863312
0, 1232, 524, 32, 30, 0.14527082443237305
0, 959, 425, 29, 21, 0.1409246027469635
0, 936, 416, 23, 33, 0.13416799902915955
0, 910, 419, 23, 24, 0.12883183360099792
0, 488, 216, 31, 29, 0.1249881237745285
0, 442, 202, 26, 35, 0.12379098683595657
0, 309, 189, 28, 26, 0.11997275054454803
0, 969, 422, 37, 24, 0.11981867253780365
0, 888, 400, 26, 15, 0.11888744682073593
0, 830, 360, 27, 26, 0.10928159207105637
0, 956, 438, 26, 26, 0.1014193594455719
0, 357, 191, 22, 25, 0.08763086050748825
0, 915, 414, 22, 34, 0.0793977901339531
0, 246, 174, 22, 34, 0.07512041181325912
0, 976, 435, 27, 32, 0.07441050559282303
0, 900, 414, 46, 33, 0.07393702119588852
0, 961, 423, 64, 59, 0.07388946413993835
0, 1213, 519, 72, 53, 0.06757719814777374
0, 974, 413, 31, 33, 0.05565947666764259
0, 274, 178, 20, 21, 0.04964060336351395
0, 495, 219, 28, 30, 0.0479133203625679
0, 854, 405, 35, 28, 0.045848213136196136
0, 333, 163, 26, 23, 0.0455138199031353
0, 444, 202, 46, 50, 0.038637809455394745
0, 817, 362, 20, 26, 0.03268267214298248
0, 457, 199, 40, 37, 0.03084186464548111
0, 774, 334, 26, 18, 0.029592275619506836
0, 858, 398, 31, 21, 0.02885713428258896
0, 223, 170, 69, 42, 0.028612075373530388
0, 207, 171, 33, 22, 0.023943455889821053
0, 1076, 484, 22, 20, 0.022729216143488884
0, 483, 209, 48, 47, 0.02255333960056305
0, 859, 417, 31, 20, 0.021293919533491135
0, 843, 381, 69, 65, 0.019062528386712074
0, 846, 381, 24, 22, 0.018422188237309456
0, 204, 157, 28, 13, 0.018374409526586533
0, 848, 402, 53, 42, 0.01680484414100647
0, 464, 206, 73, 60, 0.0162251815199852
0, 1310, 527, 45, 35, 0.015759171918034554
0, 1123, 512, 23, 18, 0.014080113731324673
0, 770, 330, 20, 13, 0.013853214681148529
0, 210, 162, 38, 22, 0.013064868748188019
0, 618, 265, 36, 32, 0.012446628883481026
0, 613, 274, 34, 24, 0.011818137019872665
0, 856, 389, 35, 28, 0.011623485013842583
0, 391, 188, 20, 25, 0.011133057065308094
0, 301, 184, 38, 30, 0.011068281717598438
0, 286, 181, 22, 20, 0.011027488857507706
0, 347, 178, 43, 51, 0.010710019618272781
0, 867, 394, 116, 76, 0.010675410740077496
0, 349, 161, 17, 22, 0.010428888723254204
0, 307, 157, 22, 15, 0.010091887786984444
0, 740, 290, 17, 17, 0.009659810923039913
0, 617, 252, 26, 17, 0.009334135800600052
0, 1173, 494, 33, 26, 0.00930075068026781
0, 910, 429, 30, 29, 0.008653446100652218
0, 1270, 539, 14, 15, 0.007982427254319191
0, 891, 396, 54, 39, 0.007441769354045391
0, 1052, 458, 24, 19, 0.007048266939818859
0, 826, 365, 41, 41, 0.006918867118656635
0, 635, 273, 16, 24, 0.006851953454315662
0, 1280, 538, 16, 15, 0.0060921283438801765
0, 424, 182, 13, 22, 0.005608733277767897
0, 903, 404, 194, 103, 0.005420628469437361
0, 1247, 576, 16, 11, 0.00511748343706131
0, 547, 246, 16, 24, 0.004910209681838751
0, 1243, 549, 18, 17, 0.004802354145795107
0, 522, 226, 12, 18, 0.004071131348609924
0, 400, 181, 26, 22, 0.003656553104519844
0, 944, 411, 100, 91, 0.0036327438428997993
0, 903, 392, 35, 27, 0.003542370395734906
0, 1279, 518, 21, 20, 0.003452245146036148
0, 1278, 525, 17, 30, 0.003315950743854046
0, 1173, 484, 18, 24, 0.0032175027299672365
0, 612, 282, 40, 15, 0.0031838680151849985
0, 1190, 507, 44, 47, 0.0031408958602696657
0, 958, 446, 47, 32, 0.0030945984181016684
0, 948, 451, 38, 20, 0.003045584075152874
0, 1150, 530, 16, 19, 0.002969891531392932
0, 989, 424, 29, 30, 0.0029104729183018208
0, 550, 253, 13, 21, 0.0028622944373637438
0, 678, 287, 11, 19, 0.0028427124489098787
0, 1265, 552, 12, 16, 0.002787894569337368
0, 1180, 520, 50, 44, 0.002662146696820855
0, 520, 217, 11, 27, 0.002570821437984705
0, 412, 178, 19, 21, 0.0025205309502780437
0, 877, 432, 50, 25, 0.0024901041761040688
0, 779, 341, 27, 15, 0.0024858699180185795
0, 602, 250, 15, 12, 0.0023749424144625664
0, 469, 221, 102, 87, 0.002342733321711421
0, 1116, 502, 11, 15, 0.002291233278810978
0, 1271, 519, 18, 26, 0.0022235773503780365
0, 882, 365, 21, 16, 0.002154122106730938
0, 554, 243, 16, 24, 0.002038092352449894
0, 24, 340, 47, 37, 0.0020005456171929836
0, 1122, 521, 23, 27, 0.0019119275966659188
0, 1181, 495, 37, 43, 0.0018699612701311707
0, 527, 246, 20, 22, 0.0018288088031113148
0, 1037, 460, 18, 21, 0.0018078457796946168
0, 918, 387, 21, 21, 0.0018038599519059062
0, 56, 3, 111, 7, 0.0017899819649755955
0, 631, 276, 26, 27, 0.0017206012271344662
0, 995, 431, 26, 38, 0.0017010567244142294
0, 921, 402, 66, 74, 0.0016981393564492464
0, 307, 193, 37, 42, 0.0016757246339693666
0, 1215, 526, 108, 77, 0.00157309346832335
0, 908, 386, 49, 57, 0.0015725528355687857
0, 1038, 426, 12, 17, 0.0015681469812989235
0, 1033, 434, 18, 17, 0.0015221715439110994
0, 589, 223, 22, 21, 0.0014961680863052607
0, 1132, 524, 38, 30, 0.0014810101129114628
0, 627, 261, 30, 31, 0.0014686412177979946
0, 307, 204, 38, 20, 0.0014173317467793822
0, 904, 369, 20, 20, 0.0013988646678626537
0, 592, 264, 17, 24, 0.0013678695540875196
0, 279, 173, 38, 44, 0.0013000296894460917
0, 552, 234, 19, 40, 0.0012968044029548764
0, 1199, 497, 70, 46, 0.0012445617467164993
0, 1121, 495, 20, 28, 0.0012413799995556474
0, 888, 416, 108, 88, 0.0012256101472303271
0, 1114, 476, 9, 8, 0.001183073502033949
0, 1018, 462, 18, 18, 0.0011451228056102991
0, 411, 188, 18, 22, 0.0011095511727035046
0, 676, 275, 10, 17, 0.001089187222532928
0, 1172, 512, 51, 32, 0.001083582523278892
0, 1158, 503, 20, 18, 0.0010752164525911212
0, 486, 240, 36, 26, 0.0009849416092038155
0, 1002, 439, 33, 40, 0.000976376875769347
0, 612, 240, 39, 30, 0.0009756878134794533
0, 1005, 424, 34, 45, 0.0009734546765685081
0, 1012, 433, 16, 23, 0.0009629063424654305
0, 1238, 573, 31, 15, 0.0009071317035704851
0, 537, 238, 28, 39, 0.0008818077039904892
0, 934, 451, 45, 23, 0.0008469779859296978
0, 584, 267, 22, 22, 0.0008021187968552113
0, 1010, 426, 18, 22, 0.0007593785412609577
0, 600, 234, 16, 20, 0.0007560905069112778
0, 1056, 477, 26, 17, 0.0007449373952113092
0, 496, 231, 41, 47, 0.0007225375156849623
0, 337, 194, 63, 52, 0.0007165566785261035
0, 1188, 551, 55, 25, 0.0007010280387476087
0, 1333, 592, 21, 16, 0.0006720988312736154
0, 84, 705, 168, 5, 0.0006623040535487235
0, 873, 363, 43, 50, 0.000650851521641016
0, 1066, 489, 44, 27, 0.0006507799262180924
0, 1092, 493, 16, 17, 0.0006328068557195365
0, 357, 160, 38, 20, 0.0006277415086515248
0, 689, 292, 13, 16, 0.000627585977781564
0, 857, 425, 79, 48, 0.0006207218975760043
0, 577, 227, 14, 21, 0.0006197979091666639
0, 614, 248, 48, 67, 0.0006156963063403964
0, 1226, 558, 56, 44, 0.0005954791558906436
0, 794, 355, 56, 34, 0.0005788658163510263
0, 824, 352, 28, 42, 0.0005769176641479135
0, 705, 291, 25, 20, 0.0005498658283613622
0, 837, 400, 87, 63, 0.0005413806647993624
0, 245, 208, 37, 21, 0.0005316961323842406
0, 1286, 549, 29, 18, 0.0005185389309190214
0, 935, 384, 89, 57, 0.0005077144596725702
0, 1044, 476, 39, 26, 0.0004918826743960381
0, 1055, 487, 34, 20, 0.00048261688789352775
0, 775, 358, 33, 22, 0.0004747160419356078
0, 255, 208, 24, 14, 0.0004736152186524123
0, 320, 164, 36, 42, 0.000464344717329368
0, 915, 453, 37, 23, 0.00045291578862816095
0, 583, 249, 22, 17, 0.0004451436980161816
0, 1088, 535, 21, 20, 0.00044111983152106404
0, 396, 203, 36, 31, 0.0004390972317196429
0, 963, 476, 28, 20, 0.0004355564306024462
0, 227, 200, 67, 45, 0.0004201730771455914
0, 1271, 567, 28, 27, 0.0004075282486155629
0, 1259, 577, 27, 18, 0.0003979479952249676
0, 712, 285, 21, 20, 0.0003873861860483885
0, 678, 309, 15, 11, 0.0003868822823278606
0, 1053, 439, 21, 24, 0.0003856034600175917
0, 1253, 590, 29, 15, 0.00038078302168287337
0, 709, 273, 19, 13, 0.00035252916859462857
0, 1322, 590, 37, 17, 0.00034927474916912615
0, 946, 461, 73, 89, 0.0003471701929811388
0, 31, 2, 61, 4, 0.0003430430078878999
0, 1091, 516, 24, 17, 0.00034199320361949503
0, 517, 200, 20, 22, 0.0003417666594032198
0, 434, 205, 105, 64, 0.0003397258115001023
0, 1046, 414, 17, 21, 0.00033279298804700375
0, 1282, 513, 35, 41, 0.0003317384689580649
0, 496, 224, 58, 89, 0.00032921796082518995
0, 1159, 485, 21, 27, 0.0003275084018241614
0, 1082, 486, 29, 27, 0.00032665993785485625
0, 1015, 475, 22, 13, 0.00032293517142534256
0, 799, 381, 33, 25, 0.0003194705641362816
0, 451, 245, 33, 20, 0.00030773249454796314
0, 305, 694, 261, 26, 0.00030551519012078643
0, 651, 282, 19, 20, 0.0003042490570805967
0, 976, 477, 26, 18, 0.0002994307142216712
0, 652, 274, 14, 19, 0.0002864717389456928
0, 380, 700, 282, 14, 0.0002841679670382291
0, 1043, 496, 30, 12, 0.0002808673307299614
0, 888, 704, 262, 6, 0.00027595102437771857
0, 1249, 517, 53, 51, 0.00027098896680399776
0, 1303, 548, 67, 51, 0.00026253826217725873
0, 796, 704, 258, 7, 0.0002564283204264939
0, 891, 378, 99, 89, 0.00025170965818688273
0, 944, 477, 24, 20, 0.00024793538614176214
0, 848, 463, 30, 26, 0.0002447862643748522
0, 574, 254, 56, 54, 0.0002440612588543445
0, 719, 702, 252, 11, 0.00024078378919512033
0, 1154, 552, 28, 20, 0.00024035417300183326
0, 29, 329, 41, 16, 0.00023924166453070939
0, 355, 196, 34, 41, 0.00023703380429651588
0, 592, 287, 41, 12, 0.00023533162311650813
0, 1075, 515, 33, 21, 0.00023461179807782173
0, 197, 698, 331, 18, 0.00023317897284869105
0, 289, 203, 65, 24, 0.00023294921265915036
0, 614, 286, 44, 33, 0.0002326466637896374
0, 26, 388, 50, 130, 0.00022778210404794663
0, 794, 424, 17, 17, 0.0002223616320407018
0, 560, 290, 31, 17, 0.0002151062508346513
0, 1285, 526, 100, 70, 0.00021489940991159528
0, 218, 252, 33, 24, 0.00021396850934252143
0, 416, 229, 33, 15, 0.00020899584342259914
0, 633, 700, 303, 14, 0.00020426175615284592
0, 600, 306, 28, 17, 0.00020363248768262565
0, 827, 351, 56, 67, 0.0002034176723100245
0, 1079, 535, 29, 20, 0.0002017070510191843
0, 347, 209, 44, 40, 0.00020086430595256388
0, 515, 514, 18, 16, 0.00019470042025204748
0, 923, 478, 20, 18, 0.00019434357818681747
0, 430, 247, 29, 21, 0.00019387550128158182
0, 998, 479, 30, 16, 0.00019308978517074138
0, 188, 209, 64, 48, 0.00019291900389362127
0, 971, 374, 39, 38, 0.00019193154003005475
0, 1378, 535, 13, 24, 0.00019177878857590258
0, 1003, 263, 13, 14, 0.0001916086330311373
0, 222, 236, 44, 36, 0.00019080316997133195
0, 839, 464, 40, 33, 0.00018531459500081837
0, 794, 398, 23, 26, 0.0001820019824663177
0, 579, 218, 16, 16, 0.00017767786630429327
0, 543, 323, 18, 14, 0.00017646914056967944
0, 236, 251, 34, 22, 0.00017568677139934152
0, 638, 306, 19, 14, 0.00017329826368950307
0, 1333, 538, 20, 21, 0.00017162422591354698
0, 485, 189, 92, 55, 0.00017161670257337391
0, 991, 419, 67, 44, 0.0001703163143247366
0, 238, 235, 37, 31, 0.0001692980295047164
0, 618, 305, 27, 16, 0.00016718916594982147
0, 529, 200, 41, 25, 0.0001668937038630247
0, 1252, 537, 184, 78, 0.00016658700769767165
0, 730, 343, 18, 10, 0.00016567710554227233
0, 1294, 577, 41, 24, 0.0001653012295719236
0, 485, 703, 298, 9, 0.00016496442549396306
0, 590, 222, 38, 29, 0.00016212585614994168
0, 888, 457, 33, 27, 0.00016019976465031505
0, 667, 293, 22, 21, 0.000159777031512931
0, 802, 344, 36, 50, 0.0001577559014549479
0, 807, 434, 36, 28, 0.00015751148748677224
0, 864, 460, 29, 26, 0.00015377045201603323
0, 310, 211, 45, 36, 0.00015330461610574275
0, 1457, 704, 131, 6, 0.00015299137157853693
0, 1275, 576, 34, 24, 0.0001529794099042192
0, 903, 481, 59, 52, 0.00015001925930846483
0, 252, 231, 26, 24, 0.0001475198077969253
0, 608, 224, 43, 38, 0.00014669289521407336
0, 454, 174, 77, 64, 0.0001440761989215389
0, 382, 164, 39, 25, 0.00014377510524354875
0, 401, 169, 43, 37, 0.00014370137068908662
0, 732, 361, 26, 17, 0.00014283633208833635
0, 447, 174, 34, 55, 0.00014240958262234926
0, 167, 216, 43, 45, 0.00014210831432137638
0, 251, 144, 36, 34, 0.0001408513926435262
0, 848, 479, 26, 25, 0.0001387313532177359
0, 549, 265, 24, 25, 0.00013815591228194535
0, 976, 515, 14, 12, 0.00013762996240984648
0, 1298, 589, 34, 14, 0.0001375365536659956
0, 755, 326, 11, 8, 0.00013689360639546067
0, 597, 329, 20, 21, 0.00013676703383680433
0, 26, 17, 52, 34, 0.00013450233382172883
0, 767, 401, 23, 24, 0.00013408232189249247
0, 263, 697, 114, 21, 0.00013256199599709362
0, 786, 362, 63, 55, 0.00013217992091085762
0, 1134, 552, 30, 21, 0.00013135894550941885
0, 218, 264, 30, 24, 0.00013037386815994978
0, 1276, 588, 48, 15, 0.00012935731501784176
0, 795, 434, 18, 18, 0.0001293345121666789
0, 768, 385, 25, 21, 0.00012904562754556537
0, 202, 11, 399, 22, 0.00012690440053120255
0, 384, 231, 25, 17, 0.00012633029837161303
0, 34, 439, 67, 243, 0.00012621446512639523
0, 252, 250, 26, 18, 0.0001254940580110997
0, 1194, 565, 42, 36, 0.00012326298747211695
0, 329, 152, 57, 44, 0.0001230884372489527
0, 1033, 413, 20, 29, 0.00012024467287119478
0, 941, 497, 20, 20, 0.00011477938096504658
0, 28, 238, 54, 151, 0.00011434526095399633
