0, 998, 257, 73, 79, 0.3860498368740082
0, 1043, 757, 75, 64, 0.2309151440858841
0, 197, 340, 83, 85, 0.2183035910129547
0, 1440, 734, 114, 110, 0.14404021203517914
0, 1634, 654, 65, 55, 0.13192933797836304
0, 1638, 641, 82, 89, 0.12544849514961243
0, 377, 577, 51, 31, 0.10167033970355988
0, 1051, 743, 54, 29, 0.10153401643037796
0, 1429, 753, 70, 67, 0.10068550705909729
0, 211, 359, 45, 49, 0.09793480485677719
0, 1222, 1062, 104, 82, 0.09753153473138809
0, 1040, 1073, 29, 47, 0.08764959871768951
0, 1464, 888, 80, 81, 0.0802021324634552
0, 1368, 557, 60, 33, 0.07523704320192337
0, 1345, 997, 65, 62, 0.07373431324958801
0, 1563, 762, 49, 28, 0.0726504996418953
0, 979, 272, 129, 117, 0.07230111211538315
0, 196, 328, 57, 58, 0.071106918156147
0, 1020, 175, 30, 33, 0.06623683869838715
0, 1005, 235, 56, 51, 0.06515271961688995
0, 1299, 615, 29, 31, 0.06230888143181801
0, 1034, 1077, 45, 60, 0.05878755450248718
0, 517, 616, 90, 57, 0.055059731006622314
0, 1119, 682, 80, 61, 0.054574597626924515
0, 973, 777, 25, 36, 0.05393330007791519
0, 391, 584, 84, 47, 0.05243765562772751
0, 1545, 802, 33, 28, 0.050649117678403854
0, 1659, 576, 29, 36, 0.04903443157672882
0, 1550, 778, 28, 22, 0.04890134185552597
0, 1543, 551, 68, 82, 0.04606197029352188
0, 1587, 714, 53, 45, 0.04523808881640434
0, 1443, 917, 63, 43, 0.04438471794128418
0, 1475, 870, 58, 42, 0.04209630563855171
0, 1491, 854, 37, 38, 0.04206196591258049
0, 1144, 667, 29, 28, 0.04164906591176987
0, 1652, 623, 45, 41, 0.040671851485967636
0, 1538, 809, 60, 51, 0.040256474167108536
0, 1354, 779, 38, 48, 0.03989894688129425
0, 1016, 189, 71, 63, 0.0395234115421772
0, 1471, 887, 128, 105, 0.03924646973609924
0, 1248, 1040, 47, 34, 0.03877464681863785
0, 419, 584, 23, 31, 0.0384845994412899
0, 1199, 1058, 50, 53, 0.037882328033447266
0, 535, 620, 50, 41, 0.03713318705558777
0, 1477, 870, 81, 64, 0.03690057247877121
0, 1441, 720, 83, 69, 0.036702822893857956
0, 1548, 539, 54, 48, 0.03651419281959534
0, 1545, 793, 77, 69, 0.035101667046546936
0, 1183, 630, 35, 32, 0.0346641018986702
0, 483, 607, 169, 80, 0.03427788242697716
0, 979, 281, 80, 51, 0.03349725157022476
0, 1041, 788, 74, 70, 0.03346852585673332
0, 1428, 767, 52, 52, 0.03158771991729736
0, 1468, 911, 55, 34, 0.03137164190411568
0, 921, 842, 33, 44, 0.03071274608373642
0, 657, 677, 36, 31, 0.030629774555563927
0, 1444, 910, 83, 84, 0.030512139201164246
0, 1323, 607, 91, 75, 0.030495405197143555
0, 1559, 775, 55, 46, 0.030447179451584816
0, 1026, 799, 33, 26, 0.0297975055873394
0, 693, 688, 25, 31, 0.028999436646699905
0, 639, 642, 42, 34, 0.028703216463327408
0, 1348, 605, 46, 36, 0.027112705633044243
0, 418, 596, 142, 75, 0.026121964678168297
0, 1024, 184, 43, 51, 0.025993790477514267
0, 312, 592, 32, 26, 0.02582862600684166
0, 495, 605, 37, 34, 0.02572382055222988
0, 440, 586, 61, 42, 0.025418240576982498
0, 554, 628, 93, 61, 0.02522139623761177
0, 934, 830, 58, 42, 0.025180935859680176
0, 919, 842, 73, 52, 0.02400866150856018
0, 1294, 604, 52, 60, 0.02327740378677845
0, 1528, 681, 48, 26, 0.02293524704873562
0, 534, 627, 142, 99, 0.022821063175797462
0, 1303, 599, 42, 41, 0.021777449175715446
0, 1146, 654, 31, 37, 0.02165011689066887
0, 254, 427, 26, 28, 0.02161545306444168
0, 1577, 728, 40, 31, 0.021542679518461227
0, 1005, 235, 90, 153, 0.021085884422063828
0, 951, 300, 76, 43, 0.02057649753987789
0, 1256, 653, 35, 31, 0.020480701699852943
0, 628, 638, 72, 45, 0.020378433167934418
0, 1221, 604, 21, 45, 0.020043563097715378
0, 940, 960, 28, 28, 0.020020930096507072
0, 976, 306, 73, 39, 0.019964909180998802
0, 670, 684, 68, 45, 0.019951539114117622
0, 1529, 577, 42, 39, 0.019679831340909004
0, 941, 289, 48, 39, 0.019392699003219604
0, 938, 305, 51, 26, 0.01923292875289917
0, 1653, 603, 63, 80, 0.01898619718849659
0, 931, 826, 75, 73, 0.018704431131482124
0, 1193, 1074, 43, 45, 0.018628204241394997
0, 1046, 737, 90, 87, 0.01828748919069767
0, 1684, 535, 40, 43, 0.01791747845709324
0, 1615, 705, 22, 32, 0.017720306292176247
0, 1669, 620, 38, 38, 0.017634406685829163
0, 652, 674, 25, 22, 0.016698360443115234
0, 1508, 855, 60, 45, 0.016685429960489273
0, 723, 710, 36, 29, 0.01666373573243618
0, 1404, 711, 32, 36, 0.016503144055604935
0, 1131, 662, 59, 49, 0.01624630019068718
0, 1618, 698, 30, 26, 0.016098590567708015
0, 946, 821, 40, 38, 0.015752865001559258
0, 975, 791, 27, 48, 0.015467475168406963
0, 998, 313, 41, 26, 0.015148431062698364
0, 1622, 678, 109, 113, 0.014838938601315022
0, 1343, 775, 70, 72, 0.01476318296045065
0, 941, 810, 37, 37, 0.014274035580456257
0, 1101, 695, 90, 61, 0.014202204532921314
0, 1102, 704, 41, 27, 0.01402254868298769
0, 565, 627, 62, 40, 0.013964610174298286
0, 899, 845, 34, 40, 0.013728774152696133
0, 1432, 928, 49, 42, 0.013592555187642574
0, 975, 252, 155, 197, 0.01347527839243412
0, 1206, 626, 25, 41, 0.013303980231285095
0, 1650, 622, 109, 139, 0.01327203307300806
0, 905, 759, 46, 36, 0.013154687359929085
0, 1577, 502, 39, 30, 0.013131717219948769
0, 1568, 753, 73, 57, 0.012851927429437637
0, 1677, 596, 34, 43, 0.012721371836960316
0, 1606, 555, 24, 20, 0.012371601536870003
0, 1675, 555, 67, 82, 0.01232428289949894
0, 1307, 585, 36, 34, 0.012311537750065327
0, 912, 1016, 36, 26, 0.012213572859764099
0, 1518, 584, 68, 66, 0.012209512293338776
0, 1071, 708, 39, 27, 0.01197044551372528
0, 1630, 695, 50, 35, 0.011813143268227577
0, 1293, 618, 40, 55, 0.011706054210662842
0, 546, 478, 22, 28, 0.011404923163354397
0, 587, 644, 45, 43, 0.01134540606290102
0, 587, 631, 33, 38, 0.011053775437176228
0, 1021, 788, 84, 93, 0.011039935052394867
0, 401, 617, 51, 23, 0.010577433742582798
0, 955, 798, 45, 59, 0.010447141714394093
0, 954, 326, 33, 25, 0.010364986956119537
0, 1583, 523, 29, 30, 0.010339832864701748
0, 573, 638, 60, 45, 0.010059594176709652
0, 768, 829, 40, 45, 0.010014860890805721
0, 1357, 973, 45, 39, 0.0099641103297472
0, 710, 701, 68, 50, 0.00987650640308857
0, 177, 311, 41, 33, 0.009807885624468327
0, 1496, 602, 26, 27, 0.009779086336493492
0, 979, 141, 50, 39, 0.009764611721038818
0, 1179, 614, 35, 45, 0.009402476251125336
0, 1481, 833, 27, 26, 0.009332826361060143
0, 927, 320, 40, 27, 0.009036235511302948
0, 170, 319, 66, 47, 0.008943096734583378
0, 1050, 717, 64, 47, 0.00885024480521679
0, 1159, 637, 34, 30, 0.008678048849105835
0, 954, 857, 31, 24, 0.008665493689477444
0, 1209, 616, 45, 64, 0.008500509895384312
0, 627, 653, 130, 89, 0.008396243676543236
0, 1500, 841, 68, 42, 0.008375695906579494
0, 1672, 579, 54, 45, 0.008305702358484268
0, 1504, 551, 33, 50, 0.008229370228946209
0, 505, 624, 335, 176, 0.008144864812493324
0, 938, 319, 60, 38, 0.008090648800134659
0, 1524, 593, 33, 34, 0.007902957499027252
0, 884, 736, 28, 21, 0.007813338190317154
0, 1459, 699, 86, 57, 0.007792520336806774
0, 307, 583, 44, 34, 0.0076803467236459255
0, 207, 363, 126, 148, 0.00743334973230958
0, 1451, 697, 56, 42, 0.007312009576708078
0, 1135, 660, 106, 97, 0.006875134073197842
0, 986, 157, 66, 66, 0.006761615164577961
0, 954, 796, 73, 84, 0.006697318982332945
0, 1549, 530, 76, 69, 0.006693336181342602
0, 1333, 789, 55, 42, 0.006554200313985348
0, 1514, 680, 77, 34, 0.006341142114251852
0, 607, 652, 87, 40, 0.006086172070354223
0, 1569, 758, 94, 130, 0.005756656639277935
0, 1189, 1070, 65, 67, 0.005755756050348282
0, 1427, 899, 49, 37, 0.005719972774386406
0, 996, 830, 27, 26, 0.0056550158187747
0, 576, 445, 20, 17, 0.005509879905730486
0, 940, 299, 66, 74, 0.005499556194990873
0, 587, 641, 199, 111, 0.005466038826853037
0, 1358, 575, 67, 31, 0.005351572297513485
0, 1000, 288, 78, 72, 0.005277082324028015
0, 1495, 745, 221, 170, 0.005204149056226015
0, 1437, 733, 188, 140, 0.005078381393104792
0, 949, 948, 50, 55, 0.005065286997705698
0, 1362, 742, 43, 38, 0.004998623859137297
0, 234, 379, 63, 69, 0.004934022203087807
0, 969, 320, 93, 50, 0.00492355041205883
0, 983, 816, 29, 37, 0.004891800694167614
0, 1018, 766, 127, 93, 0.004813250619918108
0, 999, 843, 29, 39, 0.004743562545627356
0, 1488, 593, 49, 52, 0.004599625710397959
0, 1009, 170, 69, 59, 0.004508927930146456
0, 1030, 808, 52, 49, 0.00429367832839489
0, 242, 391, 36, 39, 0.004268669988960028
0, 680, 693, 118, 68, 0.004151109606027603
0, 1487, 704, 35, 32, 0.0041315932758152485
0, 1340, 639, 42, 32, 0.0039679743349552155
0, 1084, 717, 163, 135, 0.0038751314859837294
0, 252, 399, 29, 31, 0.0038676345720887184
0, 1590, 535, 60, 68, 0.00385401607491076
0, 995, 148, 39, 28, 0.0038356450386345387
0, 1597, 544, 35, 44, 0.003679475514218211
0, 1429, 945, 52, 40, 0.003675415413454175
0, 1248, 1026, 56, 55, 0.003575605573132634
0, 1158, 644, 98, 85, 0.0034752418287098408
0, 624, 287, 23, 23, 0.0034097556490451097
0, 513, 523, 15, 24, 0.0032923314720392227
0, 1398, 729, 109, 81, 0.003263152204453945
0, 940, 855, 62, 37, 0.003262097714468837
0, 1350, 578, 100, 79, 0.0031375312246382236
0, 1332, 631, 70, 44, 0.0030987600330263376
0, 1107, 182, 50, 26, 0.0030798029620200396
0, 1190, 616, 64, 66, 0.0029597384855151176
0, 1429, 558, 16, 22, 0.0028959736227989197
0, 1116, 686, 101, 100, 0.0028150894213467836
0, 1143, 628, 25, 28, 0.002741098403930664
0, 361, 589, 118, 60, 0.002647064160555601
0, 220, 356, 82, 104, 0.0024976686108857393
0, 1497, 697, 120, 61, 0.0024139625020325184
0, 1341, 620, 73, 72, 0.0023910996969789267
0, 1539, 551, 116, 126, 0.002386710839346051
0, 1560, 709, 124, 83, 0.0023821862414479256
0, 971, 843, 54, 57, 0.0023526924196630716
0, 1350, 948, 33, 35, 0.002335651544854045
0, 1594, 715, 152, 120, 0.0023165387101471424
0, 1495, 605, 42, 45, 0.0021974549163132906
0, 81, 192, 142, 130, 0.0021501071751117706
0, 1561, 591, 32, 33, 0.0021431329660117626
0, 850, 366, 28, 21, 0.0021167616359889507
0, 1376, 604, 36, 34, 0.0020970639307051897
0, 1386, 768, 91, 90, 0.002022946486249566
0, 447, 596, 210, 118, 0.0019963772501796484
0, 252, 528, 18, 21, 0.001981718000024557
0, 1406, 963, 189, 126, 0.0019006739603355527
0, 1518, 833, 89, 101, 0.0018842456629499793
0, 491, 943, 16, 20, 0.001846830709837377
0, 1432, 931, 108, 92, 0.0018332666950300336
0, 1076, 708, 102, 59, 0.0017800445202738047
0, 1256, 621, 32, 65, 0.0017345927190035582
0, 1483, 554, 30, 31, 0.0016960082575678825
0, 1606, 720, 107, 79, 0.0016950357239693403
0, 1508, 600, 76, 61, 0.0016863676719367504
0, 340, 600, 101, 54, 0.0015408803010359406
0, 1018, 735, 53, 66, 0.0014959978871047497
0, 1547, 330, 26, 19, 0.0014891945756971836
0, 620, 265, 25, 38, 0.0014875329798087478
0, 294, 572, 28, 20, 0.001453056582249701
0, 381, 566, 64, 51, 0.0014299749163910747
0, 1482, 616, 41, 29, 0.0014265968929976225
0, 1505, 841, 163, 183, 0.0014244017656892538
0, 975, 801, 146, 149, 0.0014204327017068863
0, 664, 682, 174, 124, 0.0013734918320551515
0, 1508, 865, 90, 77, 0.001356534194201231
0, 896, 755, 68, 52, 0.0013556901831179857
0, 1027, 780, 242, 198, 0.0013024656800553203
0, 995, 166, 103, 109, 0.001236227690242231
0, 1126, 692, 224, 194, 0.001228641951456666
0, 809, 781, 43, 40, 0.0012015793472528458
0, 1595, 701, 169, 236, 0.001199317048303783
0, 1500, 210, 33, 22, 0.0011757470201700926
0, 1428, 578, 17, 31, 0.0011712935520336032
0, 725, 715, 138, 103, 0.0011703644413501024
0, 545, 962, 28, 19, 0.0011673810658976436
0, 248, 419, 40, 46, 0.0011458833469077945
0, 971, 861, 37, 29, 0.0010755826951935887
0, 925, 780, 92, 78, 0.0010678067337721586
0, 1235, 1041, 149, 122, 0.001056323992088437
0, 732, 732, 39, 24, 0.001049609505571425
0, 1326, 1011, 80, 58, 0.0010251874336972833
0, 1513, 561, 95, 97, 0.0010056108003482223
0, 644, 505, 40, 25, 0.0009833874646574259
0, 957, 932, 68, 87, 0.0009778948733583093
0, 999, 343, 36, 24, 0.0009698304929770529
0, 1585, 614, 200, 196, 0.0009522447944618762
0, 981, 333, 74, 46, 0.0009436187683604658
0, 182, 309, 71, 57, 0.0009400240378454328
0, 1401, 938, 48, 45, 0.000910648494027555
0, 1299, 1027, 28, 33, 0.0009023116435855627
0, 1255, 635, 46, 40, 0.0008990848436951637
0, 1051, 770, 115, 124, 0.0008742189966142178
0, 993, 313, 85, 75, 0.000871475669555366
0, 885, 723, 32, 35, 0.0008625189657323062
0, 751, 21, 536, 43, 0.0008560372516512871
0, 1434, 912, 190, 157, 0.0008521568961441517
0, 584, 281, 41, 31, 0.0008276519947685301
0, 657, 503, 38, 23, 0.0008044066489674151
0, 1458, 622, 36, 21, 0.0007831152179278433
0, 963, 915, 37, 49, 0.0007795830024406314
0, 720, 721, 69, 41, 0.0007647426100447774
0, 1329, 990, 80, 40, 0.0007608428131788969
0, 1300, 1011, 163, 111, 0.0007427088567055762
0, 1303, 603, 98, 109, 0.0007405310170724988
0, 821, 774, 37, 42, 0.0007295922841876745
0, 1546, 314, 22, 22, 0.0007288518245331943
0, 1668, 616, 81, 75, 0.0006905654445290565
0, 1267, 586, 49, 47, 0.0006883990718051791
0, 248, 27, 492, 54, 0.0006683990359306335
0, 777, 754, 35, 21, 0.0006657273625023663
0, 297, 566, 29, 30, 0.000644620624370873
0, 595, 277, 65, 60, 0.0006387057946994901
0, 174, 74, 349, 149, 0.0006138754542917013
0, 1504, 599, 136, 119, 0.0006108976667746902
