0, 462, 1290, 54, 83, 0.5985828042030334
0, 510, 736, 59, 54, 0.5979379415512085
0, 453, 544, 115, 143, 0.5094530582427979
0, 269, 202, 39, 45, 0.44277650117874146
0, 495, 810, 104, 88, 0.42670539021492004
0, 487, 1219, 59, 48, 0.3750934600830078
0, 312, 263, 50, 48, 0.35525333881378174
0, 327, 331, 54, 49, 0.30945977568626404
0, 528, 939, 66, 60, 0.3047947287559509
0, 351, 403, 81, 53, 0.2929571568965912
0, 368, 452, 88, 115, 0.23834359645843506
0, 352, 403, 128, 201, 0.1927611082792282
0, 254, 232, 26, 30, 0.18840597569942474
0, 466, 569, 24, 40, 0.18657009303569794
0, 345, 344, 104, 80, 0.18157456815242767
0, 262, 212, 33, 56, 0.17497649788856506
0, 198, 185, 42, 36, 0.1539158970117569
0, 452, 497, 36, 40, 0.13242359459400177
0, 468, 576, 80, 84, 0.13021701574325562
0, 483, 796, 71, 55, 0.12424927204847336
0, 497, 1057, 40, 42, 0.11828771233558655
0, 562, 1002, 28, 33, 0.11344365030527115
0, 475, 1010, 41, 62, 0.10196583718061447
0, 437, 514, 76, 76, 0.10143289715051651
0, 359, 477, 56, 65, 0.09016040712594986
0, 451, 556, 64, 81, 0.08823368698358536
0, 374, 448, 67, 59, 0.08709192276000977
0, 156, 149, 41, 50, 0.08587967604398727
0, 483, 582, 46, 64, 0.08425392955541611
0, 475, 997, 37, 31, 0.07935982942581177
0, 352, 464, 38, 38, 0.07932610809803009
0, 481, 1353, 36, 29, 0.07862329483032227
0, 490, 1347, 56, 47, 0.07171417027711868
0, 199, 172, 42, 41, 0.06509439647197723
0, 360, 360, 45, 26, 0.06304579228162766
0, 367, 454, 39, 43, 0.06268274784088135
0, 427, 414, 18, 23, 0.055513061583042145
0, 355, 383, 92, 67, 0.05360887199640274
0, 472, 571, 42, 48, 0.052266865968704224
0, 370, 371, 64, 48, 0.0479591079056263
0, 522, 833, 42, 66, 0.04755560681223869
0, 380, 375, 46, 35, 0.0440194234251976
0, 489, 597, 36, 34, 0.04373400658369064
0, 551, 1008, 54, 55, 0.042250264436006546
0, 428, 533, 47, 35, 0.03527309373021126
0, 481, 942, 60, 52, 0.034726839512586594
0, 501, 1048, 33, 27, 0.03464939445257187
0, 515, 1235, 24, 20, 0.033285271376371384
0, 536, 1024, 36, 30, 0.03080674260854721
0, 541, 1021, 75, 73, 0.030291352421045303
0, 312, 217, 24, 33, 0.029036961495876312
0, 526, 839, 33, 40, 0.02878418006002903
0, 474, 1411, 39, 26, 0.025729378685355186
0, 495, 1070, 48, 70, 0.02405719645321369
0, 335, 389, 60, 32, 0.023766150698065758
0, 354, 318, 24, 30, 0.021944789215922356
0, 467, 935, 31, 35, 0.020726876333355904
0, 317, 226, 21, 19, 0.018100200220942497
0, 254, 242, 33, 50, 0.017642024904489517
0, 559, 989, 27, 25, 0.016051379963755608
0, 533, 1027, 53, 41, 0.014704614877700806
0, 482, 1031, 31, 33, 0.014690748415887356
0, 371, 352, 46, 40, 0.013406584970653057
0, 204, 186, 58, 63, 0.012278703972697258
0, 327, 354, 56, 92, 0.011962490156292915
0, 511, 1055, 81, 77, 0.011625095270574093
0, 434, 1398, 25, 30, 0.011605333536863327
0, 517, 1199, 20, 25, 0.011028981767594814
0, 236, 225, 35, 30, 0.011012678034603596
0, 432, 534, 71, 49, 0.009132741019129753
0, 350, 345, 172, 219, 0.00902318675071001
0, 505, 935, 120, 73, 0.008606051094830036
0, 244, 234, 47, 39, 0.007977647706866264
0, 551, 1369, 15, 29, 0.007817874662578106
0, 201, 206, 41, 43, 0.007759857457131147
0, 517, 832, 66, 87, 0.007711648941040039
0, 461, 1270, 46, 46, 0.007627332583069801
0, 457, 503, 59, 57, 0.007340366020798683
0, 178, 163, 88, 79, 0.007118772249668837
0, 519, 1245, 14, 22, 0.007108648307621479
0, 531, 1051, 30, 30, 0.006565337534993887
0, 494, 1024, 75, 53, 0.006420678924769163
0, 387, 578, 12, 18, 0.005683138966560364
0, 514, 1009, 116, 69, 0.005660206079483032
0, 334, 243, 25, 33, 0.004866068717092276
0, 472, 790, 43, 51, 0.004865957889705896
0, 489, 615, 44, 46, 0.004590123426169157
0, 323, 300, 67, 130, 0.0044654239900410175
0, 217, 226, 50, 53, 0.004401299636811018
0, 415, 424, 39, 44, 0.004304500296711922
0, 477, 1315, 88, 103, 0.004226780030876398
0, 285, 302, 15, 20, 0.004133493173867464
0, 514, 1385, 36, 23, 0.004123191349208355
0, 497, 625, 30, 27, 0.004032353404909372
0, 479, 1398, 43, 33, 0.003552915994077921
0, 402, 468, 32, 87, 0.003109660232439637
0, 223, 212, 102, 112, 0.0030234495643526316
0, 330, 265, 80, 83, 0.0028729515615850687
0, 308, 216, 39, 51, 0.002551395446062088
0, 496, 1389, 62, 31, 0.0024238761980086565
0, 354, 266, 25, 40, 0.0022186392452567816
0, 547, 990, 45, 33, 0.0022133232560008764
0, 507, 981, 109, 112, 0.0021573964040726423
0, 488, 1030, 64, 113, 0.002140922239050269
0, 525, 776, 33, 21, 0.002074396936222911
0, 430, 492, 46, 43, 0.0017649820074439049
0, 300, 244, 96, 99, 0.0017604639288038015
0, 282, 206, 84, 63, 0.0017028156435117126
0, 482, 1225, 92, 65, 0.0014197808923199773
0, 527, 1032, 110, 103, 0.0012198229087516665
0, 333, 310, 123, 162, 0.0011894244235008955
0, 429, 416, 26, 35, 0.001081746187992394
0, 476, 1279, 93, 114, 0.001064707525074482
0, 381, 457, 194, 297, 0.0010559209622442722
0, 389, 396, 91, 82, 0.0009494631085544825
0, 323, 353, 95, 118, 0.0008219417650252581
0, 482, 1368, 57, 69, 0.0007355101406574249
0, 526, 921, 61, 58, 0.0006273871404118836
0, 515, 1282, 14, 18, 0.0006151592824608088
0, 474, 1375, 100, 74, 0.000606137269642204
0, 526, 886, 33, 23, 0.0005967324832454324
0, 535, 884, 26, 17, 0.0005944099393673241
0, 378, 485, 62, 69, 0.0005325279198586941
0, 514, 1259, 25, 60, 0.0005276526790112257
0, 410, 452, 127, 129, 0.0004371980903670192
0, 414, 470, 70, 70, 0.00042332991142757237
0, 195, 190, 81, 100, 0.00040526402881368995
0, 401, 495, 107, 102, 0.00040066285873763263
0, 483, 593, 75, 99, 0.000398267584387213
0, 500, 748, 99, 87, 0.00039393483893945813
0, 353, 343, 112, 161, 0.0003506609646137804
0, 482, 644, 29, 18, 0.0003203453088644892
0, 493, 1372, 87, 39, 0.00031732601928524673
0, 102, 55, 35, 21, 0.0003056984569411725
0, 505, 873, 31, 31, 0.00030464728479273617
0, 396, 581, 24, 38, 0.000287729490082711
0, 304, 389, 253, 249, 0.0002753646986093372
0, 462, 1402, 60, 40, 0.0002681556507013738
0, 222, 189, 154, 108, 0.00024155799474101514
0, 321, 250, 152, 159, 0.00024071538064163178
0, 254, 232, 180, 118, 0.00019035287550650537
0, 509, 632, 21, 19, 0.00018922747403848916
0, 495, 1342, 82, 71, 0.0001878878683783114
0, 501, 798, 112, 162, 0.00018600057228468359
0, 505, 869, 124, 207, 0.00018534746777731925
0, 422, 541, 92, 93, 0.00017350145208183676
0, 506, 872, 86, 44, 0.00014958730025682598
0, 494, 647, 30, 22, 0.00013174630294088274
0, 305, 330, 95, 103, 0.00013100431533530354
0, 8, 121, 17, 243, 0.00012888711353298277
0, 291, 298, 58, 49, 0.00011885754065588117
0, 244, 245, 61, 80, 0.00010267082689097151
0, 484, 1405, 59, 47, 9.811128256842494e-05
0, 460, 861, 20, 25, 9.565715299686417e-05
0, 495, 1396, 84, 62, 9.189744741888717e-05
0, 468, 523, 187, 181, 8.319538028445095e-05
0, 685, 910, 44, 461, 7.94558654888533e-05
0, 685, 700, 45, 476, 6.919596489751711e-05
0, 435, 1386, 33, 55, 6.854662206023932e-05
0, 6, 1456, 13, 187, 6.567798845935613e-05
0, 642, 12, 131, 24, 6.33534073131159e-05
0, 11, 232, 23, 404, 6.320465763565153e-05
0, 391, 353, 237, 303, 5.759505438618362e-05
0, 111, 112, 14, 23, 5.663295087288134e-05
0, 708, 15, 0, 29, 5.541024074773304e-05
0, 389, 389, 118, 148, 5.3939951612846926e-05
0, 520, 871, 79, 124, 5.24263086845167e-05
0, 453, 1302, 86, 133, 4.9032631068257615e-05
0, 645, 47, 124, 92, 4.8242713091894984e-05
0, 431, 451, 76, 176, 4.748829087475315e-05
0, 469, 1014, 69, 99, 4.734246977022849e-05
0, 655, 28, 104, 56, 4.547538628685288e-05
0, 536, 1365, 32, 39, 4.4183037971379235e-05
0, 686, 1084, 42, 500, 4.2490930354688317e-05
0, 503, 725, 78, 90, 3.8631729694316164e-05
0, 388, 612, 16, 14, 3.822918370133266e-05
0, 468, 795, 110, 74, 3.804058724199422e-05
0, 683, 12, 48, 24, 3.7345314922276884e-05
0, 463, 880, 17, 18, 3.611602369346656e-05
0, 704, 932, 6, 311, 3.3627209631958976e-05
0, 705, 1133, 5, 313, 3.2720268791308627e-05
0, 141, 148, 83, 65, 3.177808684995398e-05
0, 684, 482, 46, 513, 3.1249110179487616e-05
0, 521, 1394, 38, 33, 2.9910368539276533e-05
0, 14, 1050, 28, 618, 2.9254066248540767e-05
0, 697, 37, 21, 74, 2.73960849881405e-05
0, 10, 1391, 21, 297, 2.7187972591491416e-05
0, 707, 1476, 1, 149, 2.598420178401284e-05
0, 444, 346, 527, 553, 2.4624785510241054e-05
0, 440, 495, 114, 106, 2.4240362108685076e-05
0, 442, 1328, 54, 134, 2.377955024712719e-05
0, 708, 1514, 0, 69, 2.3164026060840115e-05
0, 1, 11, 2, 22, 2.2677584638586268e-05
0, 437, 407, 57, 121, 2.267557465529535e-05
0, 689, 58, 36, 116, 2.0825031242566183e-05
0, 394, 543, 428, 162, 2.0648079953389242e-05
0, 704, 808, 6, 333, 2.027869049925357e-05
0, 484, 970, 101, 151, 2.0140447304584086e-05
0, 705, 1245, 5, 351, 2.0105615476495586e-05
0, 486, 1207, 67, 88, 1.9845399947371334e-05
0, 268, 263, 531, 451, 1.9462788259261288e-05
0, 683, 1313, 49, 457, 1.9363647879799828e-05
0, 456, 794, 165, 109, 1.7403526726411656e-05
0, 499, 1105, 74, 129, 1.7324124200968072e-05
0, 19, 8, 38, 16, 1.7279937310377136e-05
0, 481, 1028, 99, 152, 1.678064109000843e-05
0, 48, 8, 96, 16, 1.6632075130473822e-05
0, 15, 825, 30, 625, 1.6055790183600038e-05
0, 101, 109, 26, 19, 1.5991106920409948e-05
0, 0, 1507, 0, 86, 1.5775158317410387e-05
0, 16, 1244, 33, 498, 1.5744408301543444e-05
0, 502, 1293, 120, 101, 1.5413406799780205e-05
0, 704, 686, 7, 356, 1.4643668691860512e-05
0, 559, 1006, 84, 76, 1.4477581316896249e-05
0, 489, 656, 51, 31, 1.408965908922255e-05
0, 489, 635, 61, 50, 1.3780586414213758e-05
0, 279, 297, 103, 179, 1.3601023965748027e-05
0, 26, 7, 52, 14, 1.266280742129311e-05
0, 496, 682, 57, 55, 1.2397477803460788e-05
0, 378, 298, 155, 214, 1.2045975381624885e-05
0, 426, 1237, 201, 186, 1.1527991773618851e-05
0, 485, 836, 97, 92, 1.149801755673252e-05
0, 672, 75, 70, 151, 1.138614970841445e-05
0, 196, 247, 239, 249, 1.12742409328348e-05
0, 510, 554, 102, 116, 1.1251825526414905e-05
0, 300, 362, 178, 171, 1.1156430446135346e-05
0, 293, 418, 143, 192, 1.0846711120393593e-05
0, 396, 593, 29, 48, 1.0757130439742468e-05
0, 480, 1131, 11, 14, 1.0670539268176071e-05
0, 703, 567, 8, 363, 1.0541197298152838e-05
0, 439, 402, 79, 195, 1.0071135875477921e-05
0, 235, 263, 110, 123, 9.52079972194042e-06
0, 10, 386, 20, 584, 8.982802683021873e-06
0, 610, 30, 189, 60, 8.946110028773546e-06
0, 684, 304, 47, 578, 8.937974598666187e-06
0, 370, 226, 89, 49, 8.90964383870596e-06
0, 1, 47, 2, 93, 8.759158845350612e-06
0, 81, 7, 108, 15, 8.497105227434076e-06
0, 512, 1228, 116, 97, 8.271405931736808e-06
0, 705, 1389, 4, 314, 8.21808134787716e-06
0, 508, 1237, 64, 43, 8.210497981053777e-06
0, 479, 720, 86, 41, 8.038245141506195e-06
0, 173, 229, 190, 137, 8.031088327697944e-06
0, 39, 28, 79, 56, 7.982296665431932e-06
0, 703, 444, 9, 398, 7.693189218116459e-06
0, 422, 1276, 148, 130, 7.665506018383894e-06
0, 429, 1008, 156, 133, 7.5645702963811345e-06
0, 53, 72, 107, 144, 7.528865353378933e-06
0, 157, 180, 137, 112, 7.386182460322743e-06
0, 46, 1529, 89, 41, 7.359323262789985e-06
0, 13, 594, 27, 598, 7.346966867771698e-06
0, 96, 57, 52, 29, 7.256693152157823e-06
0, 521, 570, 63, 72, 7.094585271261167e-06
0, 581, 1025, 253, 249, 7.008006832620595e-06
0, 498, 1139, 83, 60, 6.895169008203084e-06
0, 264, 468, 383, 378, 6.809017577324994e-06
0, 93, 1486, 186, 126, 6.766417754988652e-06
0, 700, 105, 14, 211, 6.690782811347162e-06
0, 459, 942, 127, 97, 6.68779102852568e-06
0, 521, 1203, 38, 48, 6.635987119807396e-06
0, 25, 1520, 50, 59, 6.619673058594344e-06
0, 251, 1278, 453, 545, 6.588516498595709e-06
0, 427, 394, 153, 199, 6.389581358234864e-06
0, 220, 796, 423, 727, 6.100885912019294e-06
0, 368, 1200, 386, 292, 5.9486287682375405e-06
0, 561, 962, 141, 183, 5.837418029841501e-06
0, 308, 19, 304, 39, 5.777399564976804e-06
0, 570, 802, 275, 271, 5.641984898829833e-06
0, 72, 37, 145, 74, 5.603660611086525e-06
0, 85, 65, 28, 19, 5.519694695976796e-06
0, 49, 1481, 98, 138, 5.4953029575699475e-06
0, 116, 169, 161, 96, 5.329279701982159e-06
0, 548, 1344, 36, 79, 5.277408490655944e-06
0, 319, 464, 196, 150, 5.2480386329989415e-06
0, 443, 689, 10, 12, 5.168055395188276e-06
0, 415, 304, 116, 117, 5.069571216154145e-06
0, 495, 1127, 31, 27, 4.99417456012452e-06
0, 493, 476, 124, 96, 4.755397185363108e-06
0, 549, 620, 312, 318, 4.718997843156103e-06
0, 353, 997, 382, 269, 4.624076154868817e-06
0, 662, 114, 90, 118, 4.610764790413668e-06
0, 265, 42, 531, 85, 4.379024176159874e-06
0, 104, 115, 34, 33, 4.3581808313319925e-06
0, 501, 478, 412, 383, 4.341955900599714e-06
0, 304, 1409, 609, 283, 4.2537662920949515e-06
0, 469, 478, 84, 226, 4.229745627526427e-06
0, 649, 217, 117, 434, 4.17755063608638e-06
0, 447, 763, 218, 141, 4.111948783247499e-06
0, 99, 141, 176, 90, 4.035494384879712e-06
0, 222, 1068, 422, 713, 4.0195432120526675e-06
0, 128, 1202, 256, 663, 3.981163899879903e-06
