0, 386, 622, 42, 27, 0.7351330518722534
0, 255, 375, 69, 73, 0.6245356202125549
0, 136, 251, 71, 104, 0.2722286283969879
0, 416, 550, 31, 26, 0.24985167384147644
0, 431, 597, 42, 32, 0.22994470596313477
0, 375, 185, 105, 53, 0.2265719175338745
0, 228, 325, 32, 25, 0.19277513027191162
0, 258, 387, 48, 39, 0.08695375174283981
0, 214, 256, 29, 35, 0.08523165434598923
0, 410, 525, 28, 21, 0.07016701251268387
0, 447, 757, 60, 15, 0.06948016583919525
0, 140, 264, 40, 61, 0.06144460290670395
0, 377, 575, 39, 23, 0.05739498883485794
0, 427, 200, 24, 12, 0.05240131914615631
0, 157, 284, 18, 26, 0.04317246004939079
0, 398, 657, 48, 16, 0.04025537520647049
0, 218, 266, 43, 60, 0.04024709761142731
0, 450, 632, 22, 13, 0.03963274881243706
0, 387, 570, 65, 36, 0.03900755196809769
0, 371, 529, 42, 28, 0.037898145616054535
0, 142, 255, 29, 29, 0.0332244336605072
0, 212, 284, 69, 97, 0.032932206988334656
0, 398, 560, 70, 46, 0.030028706416487694
0, 406, 671, 40, 25, 0.026924988254904747
0, 451, 637, 26, 23, 0.025437092408537865
0, 327, 413, 15, 16, 0.024488650262355804
0, 232, 289, 15, 13, 0.022348210215568542
0, 400, 664, 52, 33, 0.02233762852847576
0, 361, 529, 19, 22, 0.020694537088274956
0, 128, 264, 30, 55, 0.02008696459233761
0, 150, 286, 35, 41, 0.01993432641029358
0, 273, 380, 32, 47, 0.018857935443520546
0, 338, 434, 16, 15, 0.017831876873970032
0, 224, 265, 27, 25, 0.017687693238258362
0, 126, 228, 20, 24, 0.017175154760479927
0, 224, 280, 35, 38, 0.01693614386022091
0, 142, 278, 22, 29, 0.015774978324770927
0, 120, 226, 36, 38, 0.01575600728392601
0, 313, 130, 39, 20, 0.015063018538057804
0, 122, 240, 43, 69, 0.014987347647547722
0, 407, 607, 91, 59, 0.01456393301486969
0, 294, 398, 16, 12, 0.014500811696052551
0, 231, 275, 17, 27, 0.013805067166686058
0, 187, 283, 15, 31, 0.011375042609870434
0, 241, 362, 37, 43, 0.010992348194122314
0, 278, 369, 20, 25, 0.009480741806328297
0, 285, 382, 37, 45, 0.00929970107972622
0, 123, 254, 22, 37, 0.009253007359802723
0, 121, 221, 16, 19, 0.009160577319562435
0, 400, 177, 53, 33, 0.00873023085296154
0, 435, 613, 46, 16, 0.008656367659568787
0, 325, 129, 46, 17, 0.008612066507339478
0, 203, 319, 39, 48, 0.008539690636098385
0, 392, 552, 18, 23, 0.00798133946955204
0, 374, 616, 62, 44, 0.007962549105286598
0, 126, 218, 52, 38, 0.00784094724804163
0, 467, 663, 18, 8, 0.007393671199679375
0, 255, 347, 20, 16, 0.007354183122515678
0, 269, 390, 33, 35, 0.0073192850686609745
0, 150, 230, 14, 30, 0.006783683784306049
0, 395, 618, 64, 47, 0.0067487056367099285
0, 200, 309, 20, 27, 0.006654129363596439
0, 195, 281, 30, 35, 0.006331705488264561
0, 202, 336, 13, 14, 0.00631100544705987
0, 355, 533, 37, 32, 0.006236726883798838
0, 290, 489, 11, 14, 0.006124087143689394
0, 383, 499, 14, 12, 0.006076039280742407
0, 168, 234, 12, 28, 0.005747518502175808
0, 394, 542, 80, 50, 0.005539273843169212
0, 211, 252, 38, 61, 0.005490219220519066
0, 196, 297, 37, 68, 0.005479165352880955
0, 211, 297, 18, 15, 0.005439997650682926
0, 151, 260, 49, 77, 0.005153133999556303
0, 256, 410, 16, 13, 0.00514815142378211
0, 357, 198, 70, 28, 0.005077087786048651
0, 232, 341, 34, 32, 0.004865087568759918
0, 157, 302, 21, 21, 0.004673466552048922
0, 239, 379, 32, 46, 0.004189029335975647
0, 209, 240, 19, 33, 0.004131789784878492
0, 189, 268, 21, 62, 0.004116799216717482
0, 401, 573, 108, 57, 0.0041058738715946674
0, 220, 295, 118, 127, 0.004019997548311949
0, 165, 239, 22, 69, 0.003690255805850029
0, 135, 209, 21, 24, 0.0033921808935701847
0, 186, 301, 182, 222, 0.0031498651951551437
0, 428, 319, 35, 17, 0.003080249298363924
0, 229, 315, 40, 48, 0.002960909390822053
0, 188, 255, 13, 39, 0.002914488548412919
0, 350, 539, 27, 21, 0.002828206866979599
0, 193, 334, 20, 19, 0.0027128844521939754
0, 395, 598, 79, 30, 0.002635089447721839
0, 262, 400, 35, 35, 0.0025971182622015476
0, 353, 603, 16, 13, 0.0025896155275404453
0, 441, 642, 49, 36, 0.0025524257216602564
0, 378, 521, 34, 19, 0.002430207561701536
0, 140, 205, 20, 20, 0.0024296387564390898
0, 318, 417, 34, 29, 0.0023637323174625635
0, 189, 245, 11, 29, 0.0023138653486967087
0, 435, 696, 14, 9, 0.002232421189546585
0, 400, 199, 64, 13, 0.0021118551958352327
0, 408, 116, 13, 13, 0.002011791104450822
0, 254, 352, 44, 31, 0.001862057950347662
0, 239, 316, 128, 200, 0.0016350315418094397
0, 445, 713, 16, 13, 0.001619786024093628
0, 170, 251, 151, 123, 0.0016195748466998339
0, 217, 331, 56, 51, 0.001545794541016221
0, 142, 218, 30, 50, 0.0015385177684947848
0, 201, 340, 44, 60, 0.0015012987423688173
0, 372, 517, 55, 57, 0.0014019361697137356
0, 235, 293, 27, 28, 0.0013396490830928087
0, 258, 346, 102, 133, 0.0013318380806595087
0, 412, 638, 100, 64, 0.0012978139566257596
0, 463, 689, 23, 12, 0.0012942466419190168
0, 419, 660, 53, 23, 0.0012711938470602036
0, 277, 460, 19, 12, 0.0012710425071418285
0, 311, 423, 21, 20, 0.0012428683694452047
0, 326, 170, 10, 10, 0.001210282905958593
0, 384, 587, 67, 48, 0.001109584467485547
0, 399, 221, 27, 20, 0.0010676129022613168
0, 275, 379, 66, 58, 0.0010341888992115855
0, 169, 253, 22, 65, 0.001027129590511322
0, 238, 333, 54, 47, 0.0010042751673609018
0, 327, 423, 42, 40, 0.0009916513226926327
0, 372, 506, 41, 29, 0.0009896259289234877
0, 165, 207, 11, 14, 0.0009489567601121962
0, 325, 128, 63, 30, 0.0009142886847257614
0, 159, 242, 48, 82, 0.0008880295790731907
0, 402, 212, 27, 15, 0.0008878848166204989
0, 158, 303, 28, 62, 0.0008235112181864679
0, 148, 195, 18, 12, 0.0007992320461198688
0, 276, 397, 59, 50, 0.0007810381357558072
0, 389, 224, 51, 32, 0.0007736060651950538
0, 235, 365, 62, 82, 0.0007426104275509715
0, 449, 615, 25, 17, 0.0007245591841638088
0, 333, 204, 27, 15, 0.0006943808984942734
0, 144, 284, 65, 91, 0.0006775869987905025
0, 186, 351, 12, 15, 0.0006247652927413583
0, 329, 114, 58, 17, 0.0006204791134223342
0, 446, 765, 67, 35, 0.0006067675421945751
0, 178, 284, 79, 94, 0.000601278617978096
0, 225, 344, 64, 90, 0.0005617889692075551
0, 615, 9, 0, 18, 0.000547722214832902
0, 324, 410, 22, 23, 0.0005259073222987354
0, 377, 231, 24, 13, 0.0005157890263944864
0, 307, 505, 16, 10, 0.0004828347882721573
0, 184, 277, 35, 54, 0.0004740156000480056
0, 404, 207, 80, 28, 0.00043172904406674206
0, 370, 574, 55, 34, 0.0004214495129417628
0, 163, 323, 13, 23, 0.0004212000931147486
0, 412, 170, 27, 20, 0.0004015851591248065
0, 339, 482, 18, 14, 0.00039991436642594635
0, 112, 220, 28, 26, 0.0003953192208427936
0, 455, 712, 44, 18, 0.0003929770609829575
0, 614, 843, 2, 113, 0.0003739966487046331
0, 175, 265, 30, 71, 0.00036910740891471505
0, 374, 535, 74, 52, 0.0003681510279420763
0, 400, 218, 89, 49, 0.00034912742557935417
0, 468, 710, 23, 15, 0.000315859098918736
0, 161, 192, 15, 15, 0.00030483960290439427
0, 350, 112, 20, 17, 0.0003013027017004788
0, 328, 141, 101, 47, 0.0002824737748596817
0, 325, 494, 53, 37, 0.0002757001493591815
0, 301, 412, 60, 35, 0.00023879407672211528
0, 192, 323, 34, 66, 0.00023263448383659124
0, 145, 194, 40, 22, 0.0002309623232576996
0, 615, 786, 1, 131, 0.0002302631182828918
0, 414, 543, 41, 56, 0.00022934001754038036
0, 442, 737, 60, 26, 0.00021313817705959082
0, 358, 137, 21, 15, 0.0001988637523027137
0, 615, 739, 1, 130, 0.0001952184975380078
0, 363, 562, 41, 18, 0.00019400457676965743
0, 394, 126, 17, 12, 0.00018250681750942022
0, 233, 301, 70, 102, 0.00017992296488955617
0, 200, 239, 40, 52, 0.00017879185907077044
0, 387, 498, 25, 16, 0.0001781227911124006
0, 456, 734, 24, 16, 0.00017733292770572007
0, 615, 38, 1, 76, 0.00017511245096102357
0, 414, 150, 18, 12, 0.00017349763948004693
0, 401, 119, 26, 20, 0.00017344752268400043
0, 337, 437, 22, 25, 0.00017102959100157022
0, 289, 421, 9, 13, 0.00016739493003115058
0, 185, 347, 20, 24, 0.00016486285312566906
0, 615, 693, 1, 122, 0.00016129936557263136
0, 184, 224, 18, 34, 0.00016123124805744737
0, 298, 400, 78, 74, 0.00015729265578556806
0, 430, 663, 96, 35, 0.0001567895378684625
0, 140, 200, 51, 34, 0.00015208942932076752
0, 336, 487, 26, 24, 0.00014502131671179086
0, 290, 492, 14, 23, 0.0001397494343109429
0, 615, 71, 1, 121, 0.00013605087588075548
0, 212, 338, 75, 128, 0.00013100143405608833
0, 380, 155, 10, 10, 0.00012839326518587768
0, 376, 499, 31, 19, 0.00011800277570728213
0, 328, 453, 13, 11, 0.00011716790322680026
0, 615, 649, 1, 120, 0.00011681325122481212
0, 419, 570, 56, 73, 0.0001129740194301121
0, 497, 802, 33, 14, 0.00011232767428737134
0, 440, 806, 16, 9, 0.00010893108265008777
0, 615, 243, 1, 119, 0.00010564322292339057
0, 264, 412, 32, 34, 0.00010298607230652124
0, 446, 749, 63, 34, 0.00010232707427348942
0, 615, 179, 1, 126, 0.00010176463547395542
0, 387, 161, 71, 31, 0.00010072322038467973
0, 153, 225, 67, 86, 0.00010006829688791186
0, 280, 408, 27, 42, 9.855847747530788e-05
0, 339, 502, 13, 9, 9.460468572797254e-05
0, 615, 122, 1, 129, 9.425009193364531e-05
0, 348, 155, 140, 62, 9.360592230223119e-05
0, 201, 253, 58, 82, 9.056027920451015e-05
0, 277, 467, 19, 11, 8.927481394493952e-05
0, 396, 646, 63, 35, 8.870929741533473e-05
0, 470, 662, 18, 17, 8.595309918746352e-05
0, 600, 45, 30, 91, 8.280619658762589e-05
0, 330, 449, 18, 14, 8.218669245252386e-05
0, 426, 833, 14, 9, 7.998283399501815e-05
0, 305, 495, 43, 30, 7.705868483753875e-05
0, 411, 677, 56, 43, 7.689411722822115e-05
0, 343, 123, 61, 44, 7.46339064789936e-05
0, 284, 373, 143, 101, 7.280870340764523e-05
0, 453, 697, 48, 29, 6.849219789728522e-05
0, 9, 8, 19, 15, 6.844375457148999e-05
0, 16, 4, 33, 9, 6.838059925939888e-05
0, 403, 158, 38, 18, 6.757053051842377e-05
0, 604, 9, 23, 19, 6.642418884439394e-05
0, 450, 229, 10, 8, 6.515206041513011e-05
0, 347, 454, 8, 12, 6.41769147478044e-05
0, 0, 12, 0, 24, 6.407735054381192e-05
0, 427, 729, 21, 11, 6.150345143396407e-05
0, 221, 252, 82, 134, 6.075079727452248e-05
0, 29, 5, 58, 10, 5.7045814173761755e-05
0, 453, 727, 48, 35, 5.4833082685945556e-05
0, 615, 337, 1, 124, 5.443410555017181e-05
0, 359, 457, 8, 9, 5.402324313763529e-05
0, 615, 583, 1, 130, 5.289424007060006e-05
0, 434, 601, 67, 53, 5.03994851897005e-05
0, 385, 628, 82, 77, 4.9335434596287087e-05
0, 586, 10, 58, 21, 4.891750359092839e-05
0, 615, 289, 0, 121, 4.663106665248051e-05
0, 372, 139, 111, 69, 4.461932985577732e-05
0, 20, 14, 41, 29, 4.3632266169879586e-05
0, 362, 550, 69, 70, 4.356541103334166e-05
0, 383, 137, 73, 44, 4.318498758948408e-05
0, 366, 497, 28, 21, 4.305434777052142e-05
0, 341, 191, 93, 64, 4.236396853229962e-05
0, 388, 120, 50, 33, 4.194424764136784e-05
0, 380, 177, 64, 27, 4.109810834052041e-05
0, 422, 222, 57, 47, 4.07885636377614e-05
0, 490, 803, 18, 11, 3.9632050174986944e-05
0, 417, 726, 13, 9, 3.846245090244338e-05
0, 179, 336, 286, 284, 3.800987542490475e-05
0, 411, 521, 93, 57, 3.776937228394672e-05
0, 260, 397, 60, 67, 3.699146691360511e-05
0, 415, 145, 18, 20, 3.628099511843175e-05
0, 366, 206, 92, 47, 3.3994525438174605e-05
0, 590, 24, 50, 48, 3.284152990090661e-05
0, 249, 316, 55, 106, 3.162490247632377e-05
0, 10, 883, 21, 40, 3.0259352570283227e-05
0, 29, 26, 58, 51, 2.9828388505848125e-05
0, 347, 533, 62, 50, 2.970434070448391e-05
0, 435, 400, 8, 9, 2.8792712328140624e-05
0, 451, 244, 10, 9, 2.8686945370282046e-05
0, 612, 822, 6, 163, 2.774643689917866e-05
0, 303, 125, 57, 40, 2.7674690500134602e-05
0, 321, 392, 130, 94, 2.7333895559422672e-05
0, 411, 239, 21, 19, 2.7085518013336696e-05
0, 431, 757, 60, 24, 2.66480928985402e-05
0, 455, 738, 34, 15, 2.5451812689425424e-05
0, 344, 515, 95, 80, 2.4747838324401528e-05
0, 615, 380, 0, 119, 2.4646045858389698e-05
0, 331, 176, 65, 37, 2.4559938538004644e-05
0, 187, 231, 46, 59, 2.4508723072358407e-05
0, 140, 285, 141, 167, 2.438974115648307e-05
0, 451, 621, 57, 77, 2.433400550216902e-05
0, 358, 114, 40, 19, 2.4073091481113806e-05
0, 615, 540, 0, 124, 2.394905277469661e-05
0, 118, 273, 106, 102, 2.297960418218281e-05
0, 48, 17, 97, 34, 2.2404863557312638e-05
0, 615, 425, 0, 118, 2.2228752641240135e-05
0, 610, 49, 11, 95, 2.1913747332291678e-05
0, 611, 148, 9, 261, 2.1088575522298925e-05
0, 260, 449, 10, 12, 2.097113429044839e-05
0, 342, 538, 44, 32, 1.9441862605162896e-05
0, 0, 881, 1, 42, 1.9138624338665977e-05
0, 268, 449, 11, 13, 1.9132621673634276e-05
0, 611, 270, 9, 262, 1.9041210180148482e-05
0, 10, 39, 20, 77, 1.8988241208717227e-05
0, 266, 265, 10, 11, 1.8766042558127083e-05
0, 615, 493, 0, 120, 1.8761746105155908e-05
0, 389, 635, 48, 49, 1.8559074305812828e-05
0, 24, 465, 11, 13, 1.843809150159359e-05
0, 331, 330, 292, 199, 1.8435874153510667e-05
0, 433, 516, 109, 106, 1.8058379282592796e-05
0, 328, 166, 58, 23, 1.8038448615698144e-05
0, 304, 424, 38, 28, 1.78838108695345e-05
0, 405, 114, 18, 19, 1.7344225852866657e-05
0, 266, 427, 31, 20, 1.7242406102013774e-05
0, 427, 310, 40, 36, 1.722342312859837e-05
0, 458, 666, 39, 16, 1.7041025785147212e-05
0, 570, 5, 87, 11, 1.678547414485365e-05
0, 229, 384, 126, 89, 1.6735493773012422e-05
