0, 669, 844, 77, 160, 0.4208196997642517
0, 261, 338, 41, 26, 0.358144611120224
0, 680, 676, 36, 44, 0.3319382071495056
0, 173, 327, 22, 31, 0.3151434361934662
0, 281, 306, 19, 16, 0.2855673134326935
0, 617, 940, 82, 49, 0.27264416217803955
0, 265, 286, 33, 19, 0.258651465177536
0, 269, 296, 47, 41, 0.21881616115570068
0, 208, 327, 20, 19, 0.1846911609172821
0, 346, 334, 22, 29, 0.15555012226104736
0, 706, 748, 21, 29, 0.15499916672706604
0, 351, 361, 27, 18, 0.1431979537010193
0, 673, 665, 19, 23, 0.135869562625885
0, 334, 308, 17, 16, 0.09804390370845795
0, 207, 338, 22, 42, 0.09073121845722198
0, 664, 920, 26, 20, 0.08953335881233215
0, 676, 841, 53, 91, 0.08438750356435776
0, 273, 370, 23, 19, 0.08211085200309753
0, 241, 308, 14, 19, 0.0815749391913414
0, 398, 321, 21, 23, 0.07941879332065582
0, 344, 329, 33, 46, 0.07681924104690552
0, 702, 795, 19, 20, 0.0756225511431694
0, 695, 712, 16, 18, 0.07369236648082733
0, 639, 718, 33, 45, 0.0669121965765953
0, 644, 891, 25, 25, 0.06592124700546265
0, 633, 939, 32, 33, 0.06286206096410751
0, 129, 316, 19, 11, 0.05666699260473251
0, 634, 790, 17, 23, 0.05634814500808716
0, 245, 369, 18, 28, 0.052813030779361725
0, 697, 345, 31, 25, 0.0523674376308918
0, 190, 294, 27, 22, 0.047606147825717926
0, 682, 732, 22, 33, 0.04668521508574486
0, 670, 606, 13, 13, 0.046291448175907135
0, 651, 892, 39, 35, 0.0460946150124073
0, 268, 312, 53, 73, 0.044211842119693756
0, 733, 276, 28, 21, 0.044138748198747635
0, 669, 765, 27, 37, 0.04147466644644737
0, 677, 874, 52, 84, 0.041437678039073944
0, 677, 749, 39, 66, 0.041428372263908386
0, 209, 351, 17, 18, 0.040326233953237534
0, 655, 900, 53, 58, 0.03865507245063782
0, 377, 299, 16, 17, 0.03810315206646919
0, 680, 689, 46, 72, 0.036824826151132584
0, 281, 374, 39, 28, 0.034904539585113525
0, 323, 374, 11, 13, 0.03441305086016655
0, 346, 331, 57, 69, 0.030807068571448326
0, 631, 782, 22, 41, 0.030289337038993835
0, 185, 307, 51, 52, 0.02914312109351158
0, 634, 529, 19, 24, 0.029058873653411865
0, 167, 299, 38, 27, 0.027620524168014526
0, 176, 296, 75, 36, 0.02758394554257393
0, 672, 813, 29, 48, 0.02711849845945835
0, 670, 781, 35, 73, 0.025373874232172966
0, 178, 327, 41, 35, 0.02529057301580906
0, 261, 331, 53, 47, 0.02433626353740692
0, 610, 897, 18, 18, 0.02367423102259636
0, 669, 816, 49, 95, 0.023490024730563164
0, 155, 295, 32, 19, 0.022266125306487083
0, 390, 309, 44, 39, 0.022128209471702576
0, 599, 941, 49, 37, 0.02107810415327549
0, 689, 707, 28, 29, 0.02062288112938404
0, 354, 333, 30, 33, 0.020465711131691933
0, 662, 917, 36, 29, 0.01855406165122986
0, 678, 893, 32, 42, 0.01705973595380783
0, 726, 328, 16, 12, 0.016885781660676003
0, 375, 293, 30, 29, 0.0162865798920393
0, 386, 297, 35, 22, 0.015691963955760002
0, 199, 294, 47, 32, 0.01554598193615675
0, 682, 852, 45, 55, 0.01554416585713625
0, 264, 347, 58, 49, 0.014768392778933048
0, 621, 957, 57, 35, 0.014760631136596203
0, 364, 285, 12, 21, 0.014017505571246147
0, 635, 937, 54, 41, 0.013740233145654202
0, 611, 862, 16, 17, 0.012784366495907307
0, 388, 294, 61, 39, 0.012711542658507824
0, 499, 200, 12, 15, 0.012495316565036774
0, 213, 286, 19, 16, 0.012218758463859558
0, 640, 701, 23, 16, 0.01204714272171259
0, 694, 343, 44, 37, 0.011832077987492085
0, 216, 321, 48, 42, 0.011771622113883495
0, 657, 575, 11, 13, 0.01172170415520668
0, 690, 433, 13, 12, 0.011586243286728859
0, 261, 282, 51, 33, 0.00955834798514843
0, 339, 316, 39, 43, 0.008973208256065845
0, 658, 744, 80, 102, 0.008851638063788414
0, 633, 923, 106, 81, 0.008561587892472744
0, 671, 899, 48, 59, 0.008317036554217339
0, 236, 311, 27, 29, 0.008213968947529793
0, 165, 316, 45, 54, 0.00799580104649067
0, 330, 306, 28, 22, 0.007948026061058044
0, 651, 930, 53, 45, 0.007485588546842337
0, 669, 788, 55, 95, 0.007183462381362915
0, 384, 331, 57, 49, 0.006984107196331024
0, 699, 335, 36, 32, 0.00668863020837307
0, 658, 592, 8, 10, 0.006100874859839678
0, 667, 727, 75, 56, 0.005939717870205641
0, 709, 338, 60, 38, 0.005689458921551704
0, 641, 529, 26, 28, 0.005501752253621817
0, 678, 343, 21, 22, 0.005485251545906067
0, 399, 295, 63, 25, 0.005213382188230753
0, 244, 296, 90, 46, 0.005017779767513275
0, 70, 339, 22, 20, 0.004910922609269619
0, 605, 905, 34, 37, 0.004681657999753952
0, 683, 349, 37, 34, 0.004659730009734631
0, 632, 562, 18, 15, 0.004587986506521702
0, 417, 295, 27, 20, 0.004318992141634226
0, 268, 368, 59, 35, 0.004284579306840897
0, 634, 569, 19, 20, 0.00414109043776989
0, 652, 468, 12, 15, 0.003994267899543047
0, 235, 334, 85, 53, 0.003752129152417183
0, 601, 916, 30, 33, 0.003532139817252755
0, 551, 279, 12, 11, 0.003355991328135133
0, 755, 305, 38, 57, 0.003345223842188716
0, 658, 527, 15, 18, 0.003255256684496999
0, 230, 285, 54, 23, 0.003229477908462286
0, 84, 338, 31, 19, 0.003172242548316717
0, 330, 374, 28, 17, 0.00309257791377604
0, 369, 335, 87, 72, 0.0030863306019455194
0, 751, 315, 26, 35, 0.0030157866422086954
0, 653, 546, 28, 12, 0.0029356926679611206
0, 696, 736, 50, 62, 0.002849982585757971
0, 692, 499, 21, 17, 0.0028395350091159344
0, 669, 916, 53, 41, 0.0028229509480297565
0, 262, 401, 16, 12, 0.0027654962614178658
0, 19, 266, 17, 13, 0.0027047456242144108
0, 347, 364, 47, 32, 0.0026470464654266834
0, 738, 284, 39, 39, 0.0025741581339389086
0, 664, 602, 20, 19, 0.0024261120706796646
0, 656, 422, 16, 13, 0.0024055922403931618
0, 689, 315, 26, 15, 0.0023356126621365547
0, 680, 719, 65, 97, 0.0023275299463421106
0, 519, 242, 20, 19, 0.002162541262805462
0, 657, 438, 14, 12, 0.0020542764104902744
0, 608, 870, 25, 34, 0.002032678108662367
0, 748, 322, 19, 23, 0.0020020066294819117
0, 667, 603, 20, 33, 0.001980537548661232
0, 684, 770, 68, 78, 0.0019275041995570064
0, 656, 556, 30, 25, 0.0017224507173523307
0, 146, 302, 50, 28, 0.001671371515840292
0, 684, 462, 18, 11, 0.001541239907965064
0, 344, 358, 59, 53, 0.0014286368386819959
0, 755, 286, 29, 30, 0.0014021897222846746
0, 712, 705, 12, 19, 0.0013145084958523512
0, 189, 336, 61, 54, 0.0012967402581125498
0, 743, 325, 41, 30, 0.0012613906292244792
0, 229, 346, 48, 55, 0.0011485798750072718
0, 660, 523, 21, 28, 0.0010622097179293633
0, 103, 295, 14, 11, 0.0010274725500494242
0, 673, 374, 19, 10, 0.0010212677298113704
0, 698, 322, 44, 27, 0.0009639894706197083
0, 128, 320, 23, 22, 0.0009520031162537634
0, 775, 262, 20, 24, 0.000929890782572329
0, 335, 304, 53, 59, 0.0008847896242514253
0, 668, 439, 20, 17, 0.0008787869592197239
0, 257, 329, 97, 83, 0.0008705096552148461
0, 334, 297, 23, 38, 0.0008701343322172761
0, 364, 308, 90, 70, 0.0008482698467560112
0, 649, 705, 51, 29, 0.0008241180912591517
0, 510, 244, 34, 23, 0.000786751916166395
0, 664, 547, 17, 11, 0.0007781657623127103
0, 649, 472, 13, 17, 0.0007624624413438141
0, 632, 893, 57, 37, 0.0007480453932657838
0, 602, 919, 56, 80, 0.0007446599192917347
0, 704, 812, 32, 63, 0.0007409728714264929
0, 647, 567, 33, 29, 0.0007184749701991677
0, 749, 270, 65, 45, 0.000704804144334048
0, 162, 395, 44, 18, 0.0007039620541036129
0, 782, 223, 12, 14, 0.0006836052634753287
0, 100, 338, 18, 16, 0.0006798905087634921
0, 228, 283, 64, 39, 0.00065782037563622
0, 719, 326, 70, 54, 0.0006295332568697631
0, 707, 699, 25, 31, 0.0006168413674458861
0, 897, 11, 1, 22, 0.0006118497694842517
0, 281, 311, 50, 43, 0.0005887277657166123
0, 897, 637, 0, 160, 0.0005823522224090993
0, 778, 205, 11, 16, 0.0005615742993541062
0, 160, 328, 82, 45, 0.0005505916778929532
0, 652, 477, 13, 15, 0.0005309976986609399
0, 605, 886, 32, 67, 0.0005299804033711553
0, 501, 255, 56, 61, 0.0005217934376560152
0, 667, 449, 20, 6, 0.0005075869848951697
0, 239, 363, 34, 45, 0.0005042643169872463
0, 525, 240, 19, 17, 0.000498258217703551
0, 697, 297, 23, 14, 0.0004978275974281132
0, 688, 370, 28, 16, 0.0004805555217899382
0, 612, 900, 75, 96, 0.00047002846258692443
0, 553, 239, 14, 12, 0.00046379814739339054
0, 660, 564, 28, 39, 0.0004610434116329998
0, 500, 275, 12, 19, 0.0004500104987528175
0, 588, 159, 14, 13, 0.00042264602961950004
0, 489, 277, 31, 25, 0.0004156504583079368
0, 655, 447, 23, 14, 0.0004121772071812302
0, 891, 685, 12, 195, 0.0003774349170271307
0, 664, 522, 17, 18, 0.0003756752412300557
0, 183, 326, 113, 66, 0.0003731744654942304
0, 679, 439, 16, 17, 0.0003651749575510621
0, 648, 466, 21, 21, 0.00036406630533747375
0, 699, 354, 46, 49, 0.00035581563133746386
0, 735, 269, 36, 40, 0.0003488048678264022
0, 692, 301, 32, 22, 0.0003482116444502026
0, 653, 440, 23, 16, 0.0003402205475140363
0, 272, 400, 36, 16, 0.0003367618774063885
0, 611, 858, 19, 32, 0.00032562759588472545
0, 892, 621, 11, 204, 0.0003251012531109154
0, 897, 1005, 0, 164, 0.00031899154419079423
0, 200, 294, 137, 66, 0.00031776621472090483
0, 338, 341, 82, 100, 0.0003163304063491523
0, 897, 571, 0, 135, 0.00031351452344097197
0, 896, 1177, 2, 90, 0.0003123090136796236
0, 270, 290, 76, 54, 0.0003064261982217431
0, 717, 301, 87, 74, 0.00030621475889347494
0, 898, 678, 0, 112, 0.0003039695438928902
0, 291, 324, 120, 65, 0.0002990028297062963
0, 254, 352, 113, 83, 0.00029767819796688855
0, 626, 880, 55, 58, 0.00029024164541624486
0, 504, 225, 43, 29, 0.0002897155354730785
0, 780, 241, 20, 18, 0.0002863570407498628
0, 718, 292, 74, 36, 0.00028361688600853086
0, 682, 349, 61, 48, 0.00027741584926843643
0, 276, 382, 56, 53, 0.00027505375328473747
0, 699, 604, 13, 14, 0.0002738668117672205
0, 247, 372, 29, 38, 0.00027380703249946237
0, 769, 271, 44, 65, 0.0002688429958652705
0, 705, 526, 17, 11, 0.00025203818222507834
0, 700, 503, 25, 18, 0.0002483067801222205
0, 500, 236, 55, 53, 0.0002463695127516985
0, 666, 697, 82, 99, 0.0002458612434566021
0, 652, 603, 23, 27, 0.00024106954515445977
0, 128, 308, 33, 35, 0.00023784131917636842
0, 701, 832, 40, 103, 0.00023722462356090546
0, 545, 208, 13, 10, 0.0002205640630563721
0, 896, 1142, 3, 163, 0.00022052328858990222
0, 649, 454, 25, 25, 0.00021697103511542082
0, 478, 279, 16, 20, 0.00021499184367712587
0, 664, 420, 23, 14, 0.00020892851171083748
0, 689, 423, 15, 12, 0.00020751988631673157
0, 897, 125, 0, 148, 0.00020584934100043029
0, 333, 270, 14, 14, 0.00020242415484972298
0, 711, 363, 25, 28, 0.00020143893198110163
0, 508, 200, 30, 19, 0.00020139034313615412
0, 395, 281, 83, 72, 0.00020136269449722022
0, 324, 280, 24, 35, 0.00020031729945912957
0, 404, 319, 53, 43, 0.00019893847638741136
0, 897, 45, 0, 90, 0.00019741208234336227
0, 897, 466, 0, 147, 0.0001931264268932864
0, 658, 413, 20, 23, 0.0001861353957792744
0, 889, 665, 12, 19, 0.00018214104056824
0, 0, 14, 0, 28, 0.00018197439203504473
0, 897, 306, 0, 139, 0.0001817997545003891
0, 694, 510, 21, 12, 0.0001807559165172279
0, 497, 200, 24, 19, 0.0001736305421218276
0, 897, 409, 0, 152, 0.00017259377636946738
0, 442, 20, 20, 22, 0.0001716090046102181
0, 280, 360, 78, 61, 0.00016842906188685447
0, 681, 381, 25, 21, 0.0001683431473793462
0, 350, 251, 13, 14, 0.00016595363558735698
0, 892, 803, 11, 174, 0.00016276277892757207
0, 348, 290, 85, 74, 0.0001573757763253525
0, 678, 463, 22, 15, 0.00015670717402826995
0, 117, 392, 10, 9, 0.0001495877222623676
0, 897, 173, 0, 144, 0.00014943959831725806
0, 704, 300, 60, 46, 0.00014846851991023868
0, 635, 853, 70, 73, 0.000148073784657754
0, 678, 421, 17, 24, 0.00014677880972158164
0, 897, 81, 1, 128, 0.00014581320283468813
0, 897, 354, 0, 138, 0.00014118809485808015
0, 776, 203, 24, 23, 0.0001336385030299425
0, 702, 388, 22, 12, 0.00012833034270443022
0, 473, 248, 14, 20, 0.00012789313041139394
0, 472, 243, 12, 18, 0.0001265193277504295
0, 898, 725, 0, 155, 0.00012428578338585794
0, 698, 513, 25, 11, 0.00012256455374881625
0, 897, 1069, 1, 180, 0.00012020293070236221
0, 626, 782, 39, 47, 0.00011986448225798085
0, 291, 372, 87, 36, 0.00011978895781794563
0, 867, 908, 60, 430, 0.00011798871855717152
0, 396, 249, 22, 19, 0.00011556638492038473
0, 1, 1204, 2, 37, 0.00011539086699485779
0, 657, 500, 17, 22, 0.00011482153058750555
0, 753, 301, 63, 101, 0.00011453634215286002
0, 886, 760, 12, 10, 0.00011379790521459654
0, 643, 591, 22, 14, 0.00011228269431740046
0, 727, 333, 105, 74, 0.00011207121860934421
0, 897, 257, 0, 141, 0.00011035042552975938
0, 685, 665, 46, 84, 0.00011022644321201369
0, 178, 372, 82, 57, 0.00010968404967570677
0, 875, 62, 45, 123, 0.00010576709610177204
0, 11, 361, 22, 142, 0.00010293364903191105
0, 693, 920, 21, 29, 0.00010254705557599664
0, 388, 251, 43, 35, 0.00010014237341238186
0, 668, 385, 15, 15, 9.996224252972752e-05
0, 32, 6, 64, 13, 9.969066013582051e-05
0, 512, 278, 19, 22, 9.922007302520797e-05
0, 229, 318, 167, 96, 9.871282236417755e-05
0, 699, 614, 14, 20, 9.698325447971001e-05
0, 536, 203, 28, 23, 9.458862768951803e-05
0, 635, 818, 74, 135, 9.36781580094248e-05
0, 29, 20, 59, 40, 9.153239807346836e-05
0, 8, 1196, 17, 53, 9.071585373021662e-05
0, 897, 835, 0, 144, 8.966223686002195e-05
