0, 572, 1181, 38, 31, 0.39555394649505615
0, 586, 1242, 30, 41, 0.17764779925346375
0, 885, 331, 34, 33, 0.17587436735630035
0, 519, 748, 63, 53, 0.1712981015443802
0, 598, 1045, 20, 21, 0.16320200264453888
0, 158, 468, 94, 90, 0.15544259548187256
0, 625, 1020, 34, 23, 0.15485696494579315
0, 867, 292, 39, 41, 0.14928719401359558
0, 504, 740, 36, 39, 0.1482803225517273
0, 651, 1079, 31, 30, 0.14277483522891998
0, 537, 760, 26, 28, 0.13825814425945282
0, 130, 457, 35, 37, 0.12881343066692352
0, 152, 494, 27, 37, 0.11538723856210709
0, 463, 668, 33, 26, 0.1090228408575058
0, 874, 288, 58, 63, 0.09946350753307343
0, 371, 630, 43, 46, 0.09906326234340668
0, 602, 1283, 16, 17, 0.09703657031059265
0, 598, 1322, 50, 58, 0.09290842711925507
0, 497, 718, 39, 24, 0.08380590379238129
0, 628, 1035, 34, 44, 0.08178234100341797
0, 584, 1135, 19, 20, 0.0807451456785202
0, 630, 1144, 43, 37, 0.07806281000375748
0, 475, 679, 60, 47, 0.07552222907543182
0, 598, 1143, 46, 42, 0.07512329518795013
0, 171, 472, 55, 57, 0.07388905435800552
0, 178, 457, 50, 50, 0.07309877127408981
0, 160, 438, 55, 25, 0.07245609164237976
0, 141, 470, 61, 64, 0.06861169636249542
0, 487, 689, 57, 34, 0.06855623424053192
0, 602, 1086, 28, 26, 0.06780936568975449
0, 611, 1147, 51, 36, 0.0663847029209137
0, 445, 639, 38, 28, 0.055574510246515274
0, 454, 647, 37, 42, 0.054472386837005615
0, 639, 1146, 26, 30, 0.053208500146865845
0, 377, 563, 46, 25, 0.05309600010514259
0, 363, 610, 29, 36, 0.050620727241039276
0, 464, 662, 70, 65, 0.04788151755928993
0, 594, 966, 29, 28, 0.046695541590452194
0, 537, 775, 25, 39, 0.046055130660533905
0, 147, 486, 49, 54, 0.04573477804660797
0, 601, 807, 28, 28, 0.04498788341879845
0, 551, 1321, 25, 25, 0.04398757964372635
0, 566, 875, 26, 20, 0.043381884694099426
0, 877, 325, 50, 52, 0.0431225448846817
0, 571, 1435, 47, 34, 0.04126035049557686
0, 629, 1065, 24, 16, 0.03649652376770973
0, 610, 1184, 25, 27, 0.036061204969882965
0, 561, 1420, 49, 27, 0.031783148646354675
0, 596, 985, 32, 32, 0.028788266703486443
0, 408, 596, 27, 33, 0.02872205339372158
0, 579, 850, 48, 23, 0.02753957360982895
0, 432, 636, 24, 31, 0.025918347761034966
0, 622, 1183, 40, 28, 0.025175653398036957
0, 530, 1479, 21, 23, 0.024756651371717453
0, 648, 1228, 24, 34, 0.024289570748806
0, 537, 810, 19, 19, 0.02139902487397194
0, 421, 622, 15, 18, 0.02070196345448494
0, 648, 1102, 30, 36, 0.02059371955692768
0, 380, 600, 55, 39, 0.019878266379237175
0, 95, 474, 18, 25, 0.01958656869828701
0, 279, 589, 28, 24, 0.017773637548089027
0, 288, 585, 44, 25, 0.01762695051729679
0, 512, 739, 94, 91, 0.016730310395359993
0, 539, 762, 41, 39, 0.016163652762770653
0, 860, 295, 87, 95, 0.015165114775300026
0, 618, 1040, 44, 45, 0.0148604242131114
0, 549, 826, 26, 18, 0.014841851778328419
0, 487, 693, 76, 85, 0.014627452939748764
0, 651, 1089, 36, 54, 0.014220505952835083
0, 576, 871, 41, 23, 0.012695042416453362
0, 594, 1284, 39, 31, 0.012023534625768661
0, 574, 1403, 36, 30, 0.011989131569862366
0, 223, 498, 26, 28, 0.011282503604888916
0, 623, 853, 20, 23, 0.010594054125249386
0, 878, 310, 50, 97, 0.010478204116225243
0, 444, 641, 51, 49, 0.010217374190688133
0, 829, 312, 24, 33, 0.010205167345702648
0, 201, 618, 17, 28, 0.009977892972528934
0, 564, 1399, 48, 45, 0.009685060009360313
0, 125, 472, 41, 41, 0.008647803217172623
0, 247, 487, 37, 44, 0.008402379229664803
0, 593, 1045, 33, 28, 0.008287004195153713
0, 493, 717, 119, 136, 0.008062238804996014
0, 631, 966, 19, 23, 0.007997767999768257
0, 606, 970, 33, 36, 0.007416242267936468
0, 327, 619, 27, 21, 0.007369685918092728
0, 577, 1245, 54, 52, 0.007302853744477034
0, 384, 590, 75, 62, 0.0072392551228404045
0, 578, 862, 53, 43, 0.007148225326091051
0, 635, 1230, 27, 30, 0.007133204955607653
0, 280, 504, 38, 26, 0.006984441541135311
0, 611, 1004, 56, 48, 0.006912504322826862
0, 372, 576, 62, 50, 0.006653946824371815
0, 549, 814, 31, 26, 0.006575154140591621
0, 636, 1114, 44, 33, 0.006539375986903906
0, 251, 496, 27, 36, 0.006378267891705036
0, 223, 489, 33, 45, 0.006321851629763842
0, 289, 491, 39, 32, 0.006231353618204594
0, 374, 616, 65, 83, 0.006082069128751755
0, 648, 973, 47, 38, 0.0055373855866491795
0, 316, 600, 26, 26, 0.005468654911965132
0, 335, 630, 42, 45, 0.0054643359035253525
0, 603, 880, 21, 18, 0.005432170815765858
0, 163, 407, 30, 17, 0.005276714451611042
0, 582, 1164, 64, 83, 0.005269455723464489
0, 187, 480, 53, 66, 0.0051655396819114685
0, 599, 961, 21, 26, 0.005050452891737223
0, 511, 808, 21, 23, 0.005032251123338938
0, 617, 1103, 62, 44, 0.00503219198435545
0, 100, 469, 31, 43, 0.004986022599041462
0, 651, 962, 57, 55, 0.004910927731543779
0, 579, 1315, 86, 65, 0.0048419274389743805
0, 620, 906, 50, 23, 0.0048161521553993225
0, 591, 809, 37, 28, 0.004518578294664621
0, 609, 811, 29, 29, 0.004461321979761124
0, 585, 1509, 31, 26, 0.004346156492829323
0, 276, 520, 41, 27, 0.0040976847521960735
0, 615, 1009, 80, 102, 0.004084380809217691
0, 663, 973, 38, 37, 0.00408018147572875
0, 574, 843, 62, 39, 0.003928075544536114
0, 607, 1188, 67, 32, 0.0038166926242411137
0, 618, 1070, 65, 64, 0.003749504452571273
0, 667, 944, 34, 37, 0.0035643356386572123
0, 849, 302, 65, 59, 0.0035270163789391518
0, 671, 932, 21, 22, 0.003420718479901552
0, 633, 1213, 40, 58, 0.003396810730919242
0, 883, 339, 40, 62, 0.003377894638106227
0, 636, 1059, 66, 45, 0.003360777860507369
0, 520, 701, 55, 44, 0.0033444163855165243
0, 246, 466, 32, 29, 0.0033242644276469946
0, 118, 483, 68, 62, 0.003253375645726919
0, 314, 615, 45, 25, 0.0030531801749020815
0, 636, 986, 57, 42, 0.003051997860893607
0, 455, 663, 92, 100, 0.0028679014649242163
0, 616, 897, 46, 26, 0.0028188773430883884
0, 357, 552, 90, 66, 0.0028167294804006815
0, 204, 550, 32, 28, 0.0028018634766340256
0, 572, 825, 41, 33, 0.002685244893655181
0, 279, 495, 76, 49, 0.002680450212210417
0, 590, 1526, 40, 33, 0.0025977485347539186
0, 610, 1286, 44, 33, 0.002575505059212446
0, 356, 624, 72, 63, 0.0025701590348035097
0, 215, 468, 50, 60, 0.002555225510150194
0, 301, 601, 73, 56, 0.0024915600661188364
0, 156, 424, 71, 51, 0.0024522882886230946
0, 598, 1091, 42, 45, 0.0024391203187406063
0, 870, 344, 67, 193, 0.002361523685976863
0, 573, 1383, 40, 43, 0.0023272077087312937
0, 574, 1191, 49, 45, 0.002322091953828931
0, 333, 611, 76, 71, 0.0022973280865699053
0, 593, 1123, 39, 37, 0.0022955189924687147
0, 287, 517, 58, 38, 0.002216808497905731
0, 591, 836, 44, 32, 0.0021298362407833338
0, 260, 500, 95, 72, 0.0021296334452927113
0, 601, 1220, 117, 114, 0.0020337444730103016
0, 563, 1439, 67, 54, 0.0020141100976616144
0, 631, 1032, 80, 60, 0.0019422180484980345
0, 615, 1112, 70, 95, 0.0019338828278705478
0, 557, 1381, 35, 35, 0.0018737653736025095
0, 607, 869, 31, 24, 0.001832251320593059
0, 551, 719, 15, 22, 0.001832089968957007
0, 834, 307, 44, 48, 0.0018278873758390546
0, 316, 533, 29, 25, 0.0018188189715147018
0, 519, 777, 84, 122, 0.0018020011484622955
0, 903, 383, 1, 158, 0.001713730045594275
0, 200, 483, 158, 79, 0.0016661047702655196
0, 158, 510, 43, 43, 0.0016194552881643176
0, 885, 383, 37, 199, 0.0015621590428054333
0, 318, 548, 30, 26, 0.0014455264899879694
0, 626, 1147, 82, 56, 0.0014169233618304133
0, 303, 554, 43, 38, 0.0013006501831114292
0, 594, 1261, 73, 87, 0.0012906951596960425
0, 897, 280, 12, 55, 0.0012857125839218497
0, 341, 543, 66, 51, 0.0012436166871339083
0, 324, 628, 77, 53, 0.0011868797009810805
0, 663, 980, 52, 55, 0.0011813899036496878
0, 638, 906, 28, 18, 0.0011760399211198092
0, 615, 887, 41, 28, 0.0011641961755231023
0, 220, 514, 79, 71, 0.0011635476257652044
0, 569, 1423, 73, 58, 0.0011296081356704235
0, 414, 613, 69, 66, 0.0010411805706098676
0, 198, 524, 50, 50, 0.0010295170359313488
0, 284, 512, 98, 76, 0.0010164807317778468
0, 296, 559, 73, 76, 0.0010156614007428288
0, 880, 258, 46, 197, 0.0009911441011354327
0, 613, 833, 43, 56, 0.0009739585220813751
0, 683, 978, 33, 41, 0.0009701821836642921
0, 175, 509, 47, 49, 0.0009571521077305079
0, 522, 1523, 26, 27, 0.0008943497086875141
0, 651, 932, 73, 34, 0.0008859382360242307
0, 580, 1281, 80, 135, 0.000818661181256175
0, 541, 1397, 19, 39, 0.0008018363732844591
0, 383, 641, 58, 63, 0.0007979866932146251
0, 193, 547, 43, 31, 0.0007586003048345447
0, 636, 34, 535, 68, 0.0007513671880587935
0, 213, 551, 49, 39, 0.0007406643708236516
0, 569, 1485, 51, 41, 0.0007132075261324644
0, 689, 1025, 21, 24, 0.0007027223473414779
0, 596, 1396, 25, 34, 0.000688211468514055
0, 901, 276, 5, 126, 0.0006806013989262283
0, 545, 702, 28, 44, 0.0006703680846840143
0, 902, 1772, 3, 190, 0.0006691450835205615
0, 426, 647, 154, 145, 0.0006586553645320237
0, 578, 803, 77, 58, 0.0006543438066728413
0, 617, 914, 34, 23, 0.0006288487347774208
0, 644, 1236, 33, 62, 0.0006127026863396168
0, 672, 958, 53, 58, 0.0006079753511585295
0, 282, 545, 79, 59, 0.0006014027167111635
0, 904, 232, 0, 236, 0.0005940161063335836
0, 439, 632, 61, 104, 0.000591857242397964
0, 688, 996, 22, 28, 0.0005694871069863439
0, 559, 1487, 18, 17, 0.0005637618596665561
0, 543, 852, 34, 28, 0.000560088490601629
0, 308, 562, 117, 106, 0.0005587384221144021
0, 902, 1310, 3, 276, 0.0005257268785499036
0, 278, 590, 70, 39, 0.0005137018160894513
0, 863, 177, 81, 354, 0.0005130602512508631
0, 901, 1442, 4, 244, 0.0005037351511418819
0, 230, 34, 460, 67, 0.0004991901805624366
0, 586, 1350, 81, 154, 0.0004919065977446735
0, 869, 441, 68, 359, 0.0004884639056399465
0, 594, 1501, 37, 53, 0.0004868942778557539
0, 259, 581, 48, 26, 0.0004641051054932177
0, 600, 1076, 49, 48, 0.00045473556383512914
0, 573, 887, 43, 38, 0.0004489076673053205
0, 902, 1822, 3, 104, 0.00043032749090343714
0, 546, 1313, 30, 44, 0.0004236207460053265
0, 597, 795, 59, 60, 0.00042135873809456825
0, 240, 508, 140, 129, 0.00042109310743398964
0, 633, 1133, 160, 132, 0.00041767911170609295
0, 902, 1704, 2, 234, 0.00038855327875353396
0, 543, 1375, 24, 26, 0.000374476658180356
0, 903, 440, 0, 211, 0.0003555158618837595
0, 232, 572, 44, 31, 0.0003525281499605626
0, 903, 784, 1, 250, 0.00034896188299171627
0, 677, 904, 15, 14, 0.0003424251626711339
0, 621, 918, 63, 35, 0.0003332095220685005
0, 902, 1540, 2, 250, 0.00033317613997496665
0, 540, 1253, 23, 38, 0.0003311472828499973
0, 394, 602, 111, 87, 0.00032829714473336935
0, 636, 853, 34, 26, 0.0003279761876910925
0, 593, 892, 65, 34, 0.0003270111046731472
0, 455, 32, 571, 59, 0.00032672719680704176
0, 465, 717, 232, 267, 0.0003256847558077425
0, 536, 1497, 50, 67, 0.000321696832543239
0, 549, 1333, 39, 56, 0.00032089243177324533
0, 209, 565, 33, 28, 0.00031982592190615833
0, 903, 1184, 1, 242, 0.00031705870060250163
0, 255, 541, 151, 104, 0.00029594695661216974
0, 893, 451, 20, 290, 0.0002950257621705532
0, 169, 534, 56, 50, 0.00028475566068664193
0, 515, 819, 30, 40, 0.00027281499933451414
0, 515, 1528, 18, 19, 0.00027153801056556404
0, 502, 801, 50, 52, 0.00026740325847640634
0, 743, 21, 321, 42, 0.00026290147798135877
0, 562, 873, 71, 38, 0.00025893596466630697
0, 894, 1397, 18, 330, 0.000256819068454206
0, 903, 93, 1, 175, 0.000243303831666708
0, 903, 527, 1, 230, 0.0002396855124970898
0, 362, 637, 112, 90, 0.00023028023133520037
0, 902, 619, 2, 233, 0.00021779430971946567
0, 600, 1521, 38, 40, 0.00021584154455922544
0, 567, 1255, 89, 78, 0.00021425126760732383
0, 145, 493, 94, 81, 0.00021272440790198743
0, 521, 1503, 30, 62, 0.00021266781550366431
0, 501, 778, 93, 50, 0.00021254316379781812
0, 865, 607, 77, 620, 0.0002086460153805092
0, 903, 880, 1, 239, 0.0002036177320405841
0, 423, 610, 95, 105, 0.0002015384379774332
0, 583, 1482, 60, 85, 0.00019604596309363842
0, 308, 537, 201, 127, 0.00019413021800573915
0, 903, 1094, 1, 238, 0.00018278615607414395
0, 894, 550, 18, 308, 0.00017744539945852011
0, 894, 1252, 19, 332, 0.00017520412802696228
0, 616, 885, 72, 53, 0.0001713034580461681
0, 585, 972, 47, 42, 0.00016469802358187735
0, 647, 944, 75, 77, 0.00016425293870270252
0, 578, 1503, 56, 48, 0.00016406057693529874
0, 718, 416, 17, 51, 0.00015982626064214855
0, 516, 694, 89, 85, 0.00015502035967074335
0, 579, 739, 14, 31, 0.00015320567763410509
0, 505, 791, 340, 399, 0.00014798839401919395
0, 894, 14, 19, 27, 0.00014300095790531486
0, 343, 612, 173, 134, 0.00014289532555267215
0, 374, 567, 101, 100, 0.0001350981037830934
0, 903, 975, 1, 246, 0.00013424658391159028
0, 520, 731, 202, 213, 0.00013284354645293206
0, 895, 168, 16, 289, 0.000125231672427617
0, 442, 1352, 17, 13, 0.00012423755833879113
0, 543, 1276, 27, 66, 0.00012340187095105648
0, 50, 10, 101, 20, 0.00012195298040751368
0, 902, 696, 2, 240, 0.00012149924441473559
0, 103, 445, 207, 128, 0.00012016638356726617
0, 895, 1743, 17, 263, 0.00011851902672788128
0, 684, 927, 28, 28, 0.00011689883103827015
0, 553, 844, 94, 77, 0.00011268749949522316
0, 71, 16, 142, 32, 0.0001121923778555356
0, 201, 554, 66, 62, 0.00011103335418738425
0, 331, 593, 351, 261, 0.00011027879372704774
0, 642, 1276, 24, 40, 0.0001093225582735613
