0, 766, 328, 42, 48, 0.3831777274608612
0, 852, 276, 30, 31, 0.3484737277030945
0, 476, 437, 64, 41, 0.28962022066116333
0, 533, 395, 30, 28, 0.2796173691749573
0, 318, 490, 46, 27, 0.26572954654693604
0, 473, 359, 28, 16, 0.18961770832538605
0, 213, 480, 12, 20, 0.17968831956386566
0, 1045, 289, 81, 83, 0.16218304634094238
0, 829, 337, 27, 20, 0.16007006168365479
0, 1119, 252, 47, 34, 0.1585845798254013
0, 1041, 310, 37, 38, 0.15301275253295898
0, 1126, 235, 63, 75, 0.14988301694393158
0, 1225, 209, 125, 96, 0.131486177444458
0, 1138, 216, 38, 36, 0.13072244822978973
0, 694, 325, 38, 49, 0.1259855479001999
0, 992, 319, 32, 24, 0.11457709223031998
0, 950, 296, 122, 75, 0.10821046680212021
0, 1208, 283, 38, 18, 0.10275101661682129
0, 1054, 288, 47, 45, 0.10211159288883209
0, 690, 311, 28, 20, 0.10171698778867722
0, 1199, 198, 68, 69, 0.09869202971458435
0, 956, 303, 78, 51, 0.09772840887308121
0, 981, 311, 53, 43, 0.09592987596988678
0, 697, 339, 30, 22, 0.09183944761753082
0, 1265, 239, 38, 38, 0.08938172459602356
0, 458, 439, 28, 36, 0.08807586878538132
0, 1133, 286, 83, 62, 0.0855986624956131
0, 1220, 213, 59, 64, 0.08323992788791656
0, 930, 292, 48, 27, 0.08106493949890137
0, 1304, 166, 44, 69, 0.07938650250434875
0, 1152, 283, 46, 36, 0.0747736394405365
0, 942, 294, 67, 40, 0.0697917640209198
0, 1143, 275, 56, 37, 0.06919164210557938
0, 331, 487, 78, 40, 0.06324099004268646
0, 933, 283, 62, 44, 0.05749400332570076
0, 198, 521, 57, 27, 0.05237541347742081
0, 1006, 273, 39, 35, 0.05217931419610977
0, 1207, 206, 33, 43, 0.05108470097184181
0, 1061, 278, 48, 37, 0.05051003023982048
0, 1192, 177, 48, 31, 0.048700690269470215
0, 1224, 227, 46, 45, 0.04752993956208229
0, 490, 433, 46, 29, 0.04666316881775856
0, 210, 515, 25, 15, 0.04488077014684677
0, 1120, 299, 47, 36, 0.04484991729259491
0, 1210, 272, 38, 24, 0.04484777897596359
0, 913, 288, 59, 48, 0.03971793130040169
0, 1262, 229, 54, 59, 0.03918382152915001
0, 901, 287, 36, 38, 0.038280073553323746
0, 1309, 181, 34, 42, 0.03715686872601509
0, 388, 476, 35, 21, 0.03643632307648659
0, 867, 279, 49, 36, 0.03618892654776573
0, 1006, 259, 32, 24, 0.03372683376073837
0, 1108, 301, 27, 29, 0.03272898867726326
0, 361, 481, 98, 31, 0.0319061279296875
0, 1230, 237, 45, 45, 0.02988445945084095
0, 1001, 288, 38, 45, 0.029733620584011078
0, 878, 283, 78, 46, 0.029544709250330925
0, 181, 523, 36, 18, 0.02645791880786419
0, 951, 229, 16, 12, 0.0229790136218071
0, 1175, 209, 20, 33, 0.022171054035425186
0, 1284, 215, 14, 19, 0.018793005496263504
0, 896, 287, 121, 62, 0.018586158752441406
0, 993, 286, 73, 59, 0.01835677959024906
0, 1160, 217, 134, 97, 0.017504243180155754
0, 123, 478, 14, 14, 0.01610845886170864
0, 1218, 250, 48, 44, 0.015926841646432877
0, 985, 289, 209, 85, 0.015438889153301716
0, 1146, 262, 68, 56, 0.01516205444931984
0, 388, 432, 24, 15, 0.015150545164942741
0, 795, 327, 100, 53, 0.014582139439880848
0, 379, 433, 44, 17, 0.013877683319151402
0, 526, 393, 48, 37, 0.013488614931702614
0, 766, 264, 42, 19, 0.011940473690629005
0, 158, 477, 15, 25, 0.010427801869809628
0, 145, 534, 30, 21, 0.010104857385158539
0, 1195, 253, 40, 32, 0.009398132562637329
0, 857, 296, 27, 38, 0.009004883468151093
0, 664, 321, 27, 28, 0.008996415883302689
0, 1291, 144, 18, 24, 0.008553432300686836
0, 1203, 293, 50, 39, 0.008365839719772339
0, 124, 480, 24, 18, 0.00797557644546032
0, 115, 510, 22, 19, 0.007716784719377756
0, 1177, 293, 105, 46, 0.007611947599798441
0, 333, 439, 24, 16, 0.007483591325581074
0, 108, 509, 19, 23, 0.007440822198987007
0, 159, 485, 13, 18, 0.007171270903199911
0, 212, 480, 26, 22, 0.006723890546709299
0, 348, 491, 124, 54, 0.0057242210023105145
0, 123, 493, 13, 16, 0.005140232853591442
0, 1234, 273, 34, 21, 0.005111502483487129
0, 1071, 291, 93, 72, 0.004930013790726662
0, 938, 306, 220, 95, 0.004121307749301195
0, 1104, 274, 93, 77, 0.003754611127078533
0, 1274, 206, 42, 42, 0.0037387877237051725
0, 690, 302, 30, 36, 0.003728927578777075
0, 1208, 169, 26, 23, 0.003304197685793042
0, 500, 421, 116, 86, 0.003209914080798626
0, 1047, 314, 68, 69, 0.0031699228566139936
0, 1218, 278, 67, 41, 0.0030143088661134243
0, 516, 409, 71, 70, 0.002962779486551881
0, 135, 494, 12, 11, 0.002739554038271308
0, 324, 469, 85, 66, 0.002682346384972334
0, 175, 527, 100, 46, 0.0026018349453806877
0, 682, 318, 49, 68, 0.002528152894228697
0, 54, 5, 107, 11, 0.0024436935782432556
0, 1247, 194, 72, 69, 0.002300775609910488
0, 348, 440, 101, 26, 0.002271906938403845
0, 112, 527, 21, 21, 0.0021912124939262867
0, 1114, 303, 114, 64, 0.0021901640575379133
0, 300, 434, 18, 17, 0.0021844638977199793
0, 855, 272, 42, 46, 0.0020304499194025993
0, 887, 324, 103, 49, 0.0019345879554748535
0, 1246, 246, 86, 69, 0.0018896078690886497
0, 771, 287, 38, 14, 0.0017583274748176336
0, 351, 462, 113, 43, 0.001753394608385861
0, 1188, 237, 214, 139, 0.00169016991276294
0, 956, 338, 34, 17, 0.001631247578188777
0, 771, 308, 56, 66, 0.0016090034041553736
0, 323, 456, 40, 23, 0.0016084954841062427
0, 949, 277, 85, 60, 0.0015068536158651114
0, 888, 378, 21, 18, 0.0015000647399574518
0, 879, 338, 21, 21, 0.0014412489254027605
0, 772, 333, 66, 64, 0.0014164680615067482
0, 493, 340, 22, 17, 0.0014031361788511276
0, 1021, 324, 111, 54, 0.0013364709448069334
0, 775, 282, 54, 20, 0.0011988795595243573
0, 881, 358, 14, 10, 0.0011667796643450856
0, 773, 270, 50, 30, 0.001108253956772387
0, 475, 353, 42, 35, 0.0010844392236322165
0, 881, 326, 24, 25, 0.0010834638960659504
0, 821, 344, 51, 39, 0.0010779168223962188
0, 376, 440, 64, 25, 0.001062325551174581
0, 124, 538, 38, 21, 0.00104323192499578
0, 839, 294, 30, 48, 0.000979772536084056
0, 115, 490, 34, 41, 0.0009697270579636097
0, 506, 383, 100, 52, 0.0008974748780019581
0, 389, 475, 61, 27, 0.0008902504341676831
0, 117, 7, 228, 14, 0.0008439231314696372
0, 990, 327, 81, 41, 0.0007939961506053805
0, 159, 22, 312, 44, 0.0007889745174907148
0, 1063, 267, 181, 90, 0.0007094597676768899
0, 141, 511, 26, 33, 0.0007084361277520657
0, 896, 347, 25, 25, 0.0006351958145387471
0, 125, 49, 250, 99, 0.000625257904175669
0, 119, 521, 27, 33, 0.0006076666177250445
0, 794, 282, 22, 16, 0.0005856934585608542
0, 700, 293, 30, 22, 0.0005669108359143138
0, 1067, 250, 455, 174, 0.000561374647077173
0, 981, 18, 455, 37, 0.0005220259772613645
0, 1177, 195, 110, 85, 0.0004989760927855968
0, 962, 323, 80, 52, 0.0004919653874821961
0, 1005, 281, 307, 143, 0.00046674287295900285
0, 1300, 192, 58, 120, 0.0004624351568054408
0, 1289, 191, 34, 82, 0.0004239625413902104
0, 212, 456, 12, 14, 0.00040276083745993674
0, 35, 13, 71, 26, 0.0004026370297651738
0, 1193, 141, 10, 10, 0.00039225525688380003
0, 84, 701, 167, 10, 0.00039087393088266253
0, 1113, 245, 95, 101, 0.0003873588575515896
0, 198, 503, 50, 56, 0.00038115945062600076
0, 170, 504, 30, 60, 0.0003600745985750109
0, 117, 522, 38, 54, 0.00035706916241906583
0, 131, 479, 28, 27, 0.00035462883533909917
0, 29, 1, 58, 3, 0.00034661623067222536
0, 910, 340, 36, 29, 0.0003231809532735497
0, 270, 418, 12, 12, 0.00032018194906413555
0, 1232, 134, 12, 21, 0.0003165020898450166
0, 74, 12, 148, 25, 0.00031255651265382767
0, 377, 460, 64, 21, 0.00030799960950389504
0, 27, 40, 54, 81, 0.00030303667881526053
0, 18, 705, 35, 3, 0.0002917144447565079
0, 950, 232, 31, 23, 0.0002843156398739666
0, 8, 31, 17, 62, 0.0002815909974742681
0, 1263, 162, 39, 40, 0.000277428567642346
0, 871, 318, 49, 51, 0.0002648348454385996
0, 351, 432, 70, 38, 0.00026210807845927775
0, 539, 393, 55, 53, 0.0002480382099747658
0, 746, 327, 66, 57, 0.00023984871222637594
0, 305, 490, 91, 43, 0.00023202883312478662
0, 19, 20, 38, 40, 0.00023108170717023313
0, 891, 358, 24, 13, 0.00022009079111739993
0, 724, 288, 18, 16, 0.00021818067762069404
0, 321, 505, 90, 67, 0.0002181066374760121
0, 1228, 178, 89, 77, 0.000215755746467039
0, 666, 323, 64, 45, 0.0002085473679471761
0, 227, 433, 15, 16, 0.0001998169464059174
0, 1288, 161, 84, 92, 0.00019498930487316102
0, 267, 469, 15, 14, 0.00018295511836186051
0, 557, 388, 19, 30, 0.0001805616047931835
0, 22, 80, 43, 161, 0.00017382833175361156
0, 52, 705, 102, 3, 0.00016412363038398325
0, 1349, 9, 255, 18, 0.00016059924382716417
0, 205, 483, 30, 29, 0.00015847354370635003
0, 761, 704, 132, 5, 0.00015796226216480136
0, 53, 23, 105, 47, 0.00015421111311297864
0, 721, 328, 76, 51, 0.00014759846089873463
0, 326, 432, 74, 36, 0.00014442240353673697
0, 389, 443, 77, 41, 0.00014180807920638472
0, 844, 279, 54, 38, 0.00014132224896457046
0, 704, 704, 137, 4, 0.0001363469782518223
0, 578, 362, 14, 18, 0.00013600468810182065
0, 250, 439, 15, 21, 0.00013472838327288628
0, 695, 341, 41, 45, 0.00013285937893670052
0, 295, 18, 553, 36, 0.00013158646470401436
0, 163, 478, 32, 30, 0.00012471090303733945
0, 1157, 300, 147, 72, 0.000123875928693451
0, 928, 267, 140, 102, 0.00012336892541497946
0, 818, 704, 145, 5, 0.0001200834522023797
0, 385, 399, 24, 15, 0.00011810239811893553
0, 122, 470, 27, 40, 0.00011112476204289123
0, 650, 704, 132, 4, 0.00010932870645774528
0, 504, 367, 75, 65, 0.00010321937588742003
0, 875, 704, 155, 5, 9.83053250820376e-05
0, 773, 272, 68, 49, 9.657257760409266e-05
0, 293, 458, 71, 43, 9.58098826231435e-05
0, 954, 239, 39, 39, 9.135485015576705e-05
0, 1204, 18, 473, 37, 9.019657591124997e-05
0, 692, 338, 47, 86, 8.84524270077236e-05
0, 355, 382, 21, 12, 8.650781092001125e-05
0, 473, 366, 35, 33, 8.34287129691802e-05
0, 474, 394, 61, 85, 8.34203528938815e-05
0, 848, 346, 97, 38, 8.079240069491789e-05
0, 924, 354, 157, 62, 8.061194239417091e-05
0, 1021, 325, 146, 142, 7.989379810169339e-05
0, 934, 704, 167, 5, 7.886863750172779e-05
0, 249, 6, 499, 13, 7.486136018997058e-05
0, 975, 346, 86, 48, 7.338979048654437e-05
0, 251, 493, 17, 15, 7.240304694278166e-05
0, 594, 704, 152, 4, 7.236652891151607e-05
0, 28, 193, 57, 387, 7.04406265867874e-05
0, 1453, 17, 46, 34, 6.950281385798007e-05
0, 1450, 1, 53, 2, 6.933235272299498e-05
0, 578, 351, 15, 21, 6.889138603582978e-05
0, 176, 456, 15, 12, 6.866059266030788e-05
0, 408, 442, 149, 64, 6.861974543426186e-05
0, 280, 443, 94, 53, 6.624776142416522e-05
0, 461, 365, 84, 45, 6.432187365135178e-05
0, 541, 704, 170, 5, 6.348107126541436e-05
0, 350, 405, 29, 28, 6.109588866820559e-05
0, 65, 41, 130, 81, 6.0581809520954266e-05
0, 1093, 308, 182, 98, 6.051701711839996e-05
0, 353, 510, 142, 78, 6.044233305146918e-05
0, 529, 326, 14, 9, 5.976064858259633e-05
0, 1267, 141, 34, 32, 5.87115682719741e-05
0, 256, 479, 23, 26, 5.7954104704549536e-05
0, 374, 428, 60, 30, 5.747692193835974e-05
0, 226, 443, 43, 41, 5.625707854051143e-05
0, 536, 355, 31, 40, 5.622002208838239e-05
0, 498, 339, 21, 14, 5.581957157119177e-05
0, 1122, 210, 118, 96, 5.528198744286783e-05
0, 525, 4, 335, 8, 5.4932155762799084e-05
0, 438, 380, 21, 19, 5.451670222100802e-05
0, 739, 339, 124, 65, 5.345563477021642e-05
0, 900, 342, 76, 49, 5.256818622001447e-05
0, 146, 483, 85, 68, 5.1414695917628706e-05
0, 1254, 120, 20, 18, 5.067674646852538e-05
0, 431, 459, 137, 57, 5.0552025641081855e-05
0, 1312, 165, 76, 81, 5.033531488152221e-05
0, 370, 405, 48, 32, 5.0117236241931096e-05
0, 469, 704, 172, 5, 4.96102002216503e-05
0, 405, 4, 334, 8, 4.917047772323713e-05
0, 806, 353, 82, 60, 4.913410884910263e-05
0, 343, 411, 56, 39, 4.896589962299913e-05
0, 1239, 199, 173, 160, 4.79393384011928e-05
0, 504, 446, 124, 50, 4.781788811669685e-05
0, 219, 513, 91, 23, 4.673559305956587e-05
0, 301, 704, 176, 5, 4.63893375126645e-05
0, 1101, 7, 547, 14, 4.6025714254938066e-05
0, 89, 212, 179, 425, 4.504236130742356e-05
0, 42, 58, 85, 108, 4.476372851058841e-05
0, 472, 18, 509, 36, 4.4587428419617936e-05
0, 252, 445, 21, 25, 4.344020635471679e-05
0, 539, 406, 76, 78, 4.3138436012668535e-05
0, 819, 279, 130, 70, 4.279543645679951e-05
0, 227, 704, 175, 5, 4.2505118472035974e-05
0, 896, 4, 312, 8, 4.115678166272119e-05
0, 1254, 140, 40, 40, 4.106908090761863e-05
0, 696, 304, 56, 99, 4.036416066810489e-05
0, 645, 4, 294, 8, 4.017402898170985e-05
0, 7, 69, 14, 139, 4.010803604614921e-05
0, 575, 375, 22, 38, 3.996306986664422e-05
0, 24, 372, 48, 263, 3.94485323340632e-05
0, 146, 704, 188, 5, 3.90867207897827e-05
0, 395, 704, 177, 5, 3.89533925044816e-05
0, 1342, 703, 167, 6, 3.8313235563691705e-05
0, 487, 334, 34, 25, 3.597910108510405e-05
0, 750, 4, 329, 8, 3.5933771869167686e-05
0, 23, 271, 45, 262, 3.431325967540033e-05
0, 829, 361, 79, 57, 3.428077980061062e-05
0, 374, 387, 33, 23, 3.355113585712388e-05
0, 1229, 129, 11, 17, 3.332171399961226e-05
0, 1409, 418, 131, 447, 3.174652374582365e-05
0, 388, 417, 82, 63, 3.126324008917436e-05
0, 883, 259, 123, 84, 3.0734914616914466e-05
0, 300, 430, 42, 36, 3.072697654715739e-05
0, 522, 358, 56, 58, 3.068205842282623e-05
0, 529, 6, 597, 13, 3.0270262868725695e-05
0, 72, 486, 131, 105, 3.0148803489282727e-05
0, 544, 365, 72, 60, 2.981818215630483e-05
