0, 239, 691, 114, 136, 0.49587544798851013
0, 143, 817, 126, 109, 0.34077170491218567
0, 167, 806, 77, 85, 0.24977938830852509
0, 116, 839, 51, 47, 0.2109718918800354
0, 239, 623, 23, 22, 0.14077475666999817
0, 222, 727, 76, 66, 0.1362362802028656
0, 156, 787, 67, 46, 0.11319882422685623
0, 209, 720, 46, 37, 0.08046102523803711
0, 248, 656, 38, 30, 0.07666753232479095
0, 218, 789, 31, 24, 0.06196616217494011
0, 259, 658, 64, 52, 0.05332932993769646
0, 274, 626, 23, 20, 0.04873136058449745
0, 414, 478, 20, 19, 0.04188796877861023
0, 166, 824, 70, 43, 0.04098835214972496
0, 218, 742, 65, 41, 0.037196312099695206
0, 242, 698, 26, 20, 0.03639413043856621
0, 236, 627, 35, 43, 0.035663288086652756
0, 235, 689, 46, 39, 0.03381076082587242
0, 241, 670, 59, 53, 0.0294993594288826
0, 235, 678, 39, 19, 0.02605990320444107
0, 275, 637, 32, 42, 0.025735050439834595
0, 232, 743, 36, 21, 0.024753157049417496
0, 249, 712, 71, 52, 0.022571789100766182
0, 262, 714, 41, 37, 0.022141017019748688
0, 184, 827, 39, 37, 0.019305521622300148
0, 117, 866, 16, 15, 0.015435230918228626
0, 393, 404, 12, 19, 0.01380618941038847
0, 280, 653, 24, 29, 0.01250701304525137
0, 134, 797, 22, 21, 0.0119237769395113
0, 14, 948, 28, 147, 0.008597852662205696
0, 17, 106, 35, 209, 0.008482258766889572
0, 608, 209, 24, 13, 0.00839798990637064
0, 416, 372, 17, 22, 0.00812520831823349
0, 544, 89, 25, 40, 0.007820782251656055
0, 262, 630, 51, 31, 0.006427164655178785
0, 144, 832, 105, 64, 0.006064591463655233
0, 283, 691, 18, 20, 0.005938392132520676
0, 13, 56, 27, 109, 0.005690378602594137
0, 18, 207, 36, 231, 0.005669983569532633
0, 19, 549, 38, 265, 0.005269073415547609
0, 17, 304, 35, 242, 0.005173009354621172
0, 271, 701, 38, 42, 0.004995911382138729
0, 18, 416, 37, 234, 0.004985757637768984
0, 375, 515, 21, 17, 0.0048729474656283855
0, 238, 744, 55, 30, 0.004612047225236893
0, 29, 62, 58, 121, 0.004363562911748886
0, 15, 891, 30, 213, 0.004286817274987698
0, 21, 765, 42, 229, 0.004183729644864798
0, 20, 647, 41, 266, 0.003992501646280289
0, 207, 697, 37, 25, 0.003712975885719061
0, 143, 829, 59, 38, 0.0036475772503763437
0, 433, 322, 12, 13, 0.0034507103264331818
0, 229, 639, 57, 66, 0.0029825097881257534
0, 19, 838, 39, 221, 0.002795769367367029
0, 29, 153, 58, 243, 0.0026017308700829744
0, 98, 862, 31, 23, 0.0023522626142948866
0, 217, 791, 41, 40, 0.0023320952896028757
0, 656, 45, 15, 83, 0.0023280803579837084
0, 273, 625, 30, 34, 0.0022267596796154976
0, 234, 763, 46, 16, 0.0022107246331870556
0, 658, 10, 11, 21, 0.0021798841189593077
0, 649, 49, 28, 98, 0.0021165451034903526
0, 660, 978, 7, 101, 0.0021075145341455936
0, 220, 769, 73, 75, 0.0019018548773601651
0, 26, 470, 52, 220, 0.001888501225039363
0, 127, 847, 68, 78, 0.001696727005764842
0, 203, 804, 71, 70, 0.0015739991795271635
0, 46, 106, 92, 207, 0.0015207843389362097
0, 28, 376, 57, 208, 0.0015122974291443825
0, 252, 630, 61, 49, 0.0014223101316019893
0, 14, 990, 28, 76, 0.0014191962545737624
0, 30, 259, 61, 251, 0.0013894180301576853
0, 30, 905, 61, 199, 0.0013297987170517445
0, 660, 61, 7, 75, 0.0013112736633047462
0, 147, 842, 45, 56, 0.0012261617230251431
0, 233, 766, 112, 126, 0.0011520381085574627
0, 144, 797, 64, 41, 0.0011516771046444774
0, 50, 36, 101, 71, 0.001139701227657497
0, 652, 28, 22, 55, 0.0011358946794643998
0, 651, 970, 25, 119, 0.0010676886886358261
0, 88, 856, 24, 25, 0.0010593734914436936
0, 195, 781, 123, 56, 0.0010340922744944692
0, 273, 681, 307, 168, 0.0010165214771404862
0, 181, 805, 240, 123, 0.0009374003857374191
0, 44, 17, 89, 35, 0.0009000182035379112
0, 37, 6, 73, 12, 0.0008902932750061154
0, 660, 828, 7, 126, 0.0008787107071839273
0, 131, 801, 41, 24, 0.0008786098333075643
0, 660, 98, 6, 99, 0.0008592460071668029
0, 141, 859, 46, 57, 0.00082280213246122
0, 31, 603, 63, 254, 0.0008221810567192733
0, 660, 891, 7, 120, 0.0008211726089939475
0, 660, 572, 7, 119, 0.0008197164861485362
0, 660, 501, 6, 120, 0.0007865855004638433
0, 124, 873, 41, 36, 0.0007695811218582094
0, 104, 796, 208, 205, 0.0007529509603045881
0, 649, 10, 28, 21, 0.0007522921659983695
0, 655, 88, 16, 148, 0.0007437779568135738
0, 659, 1010, 9, 37, 0.0007354014669544995
0, 565, 260, 14, 16, 0.0007350021041929722
0, 224, 697, 74, 64, 0.000731387292034924
0, 41, 965, 83, 123, 0.0007256903918460011
0, 277, 652, 53, 77, 0.0007103210082277656
0, 626, 35, 75, 70, 0.0006953682750463486
0, 660, 764, 7, 123, 0.0006660837098024786
0, 39, 803, 79, 217, 0.0006603039219044149
0, 4, 32, 9, 64, 0.0006460114964284003
0, 660, 702, 6, 123, 0.0006424126331694424
0, 495, 331, 10, 9, 0.0006344637367874384
0, 3, 970, 7, 117, 0.0006158254109323025
0, 194, 745, 304, 260, 0.0006081321625970304
0, 29, 28, 58, 56, 0.0006065258639864624
0, 15, 11, 31, 23, 0.0006061805761419237
0, 660, 639, 6, 123, 0.0005988111370243132
0, 660, 931, 6, 119, 0.0005848274449817836
0, 145, 875, 27, 23, 0.0005631439853459597
0, 4, 1004, 8, 49, 0.0004930750001221895
0, 3, 914, 7, 186, 0.0004836795851588249
0, 647, 824, 32, 182, 0.00046896780258975923
0, 656, 922, 15, 173, 0.0004663292202167213
0, 648, 1024, 30, 9, 0.00044314199476502836
0, 15, 25, 30, 50, 0.00043193073361180723
0, 232, 772, 56, 26, 0.00042407127330079675
0, 660, 448, 6, 122, 0.0004212734056636691
0, 633, 16, 61, 33, 0.0004189677711110562
0, 46, 664, 92, 268, 0.00040369643829762936
0, 629, 9, 69, 18, 0.000402762001613155
0, 655, 999, 17, 60, 0.00040189921855926514
0, 86, 822, 147, 108, 0.00039062267751432955
0, 660, 391, 6, 112, 0.0003765355795621872
0, 661, 137, 5, 94, 0.00036979789729230106
0, 538, 1014, 251, 31, 0.0003647275734692812
0, 660, 317, 7, 110, 0.00036371505120769143
0, 646, 884, 34, 170, 0.0003394386440049857
0, 207, 712, 64, 62, 0.00033342879032716155
0, 649, 496, 28, 184, 0.0003294204652775079
0, 74, 23, 149, 46, 0.0003264650295022875
0, 123, 913, 15, 16, 0.0003263184626121074
0, 660, 185, 7, 102, 0.00031735989614389837
0, 263, 721, 176, 145, 0.00031166174449026585
0, 655, 808, 16, 203, 0.0003098161250818521
0, 494, 344, 10, 17, 0.00030241874628700316
0, 3, 830, 7, 166, 0.0002964544401038438
0, 77, 730, 154, 263, 0.0002944244188256562
0, 73, 5, 108, 11, 0.000291822652798146
0, 208, 833, 144, 77, 0.00026963232085108757
0, 342, 534, 12, 11, 0.00026871589943766594
0, 660, 349, 6, 97, 0.00026731277466751635
0, 24, 115, 49, 127, 0.00026710156816989183
0, 3, 121, 7, 164, 0.00026399485068395734
0, 604, 5, 103, 11, 0.0002533710503485054
0, 92, 50, 184, 101, 0.00024874063092283905
0, 647, 569, 32, 185, 0.00024532151292078197
0, 4, 62, 9, 116, 0.0002403837424935773
0, 398, 441, 16, 15, 0.00023601765860803425
0, 76, 1000, 152, 59, 0.00023540928668808192
0, 642, 312, 42, 178, 0.0002337312325835228
0, 65, 160, 131, 309, 0.00023138686083257198
0, 660, 256, 7, 108, 0.00022248273307923228
0, 545, 124, 20, 18, 0.00022113684099167585
0, 243, 617, 61, 53, 0.0002208620571764186
0, 276, 702, 77, 60, 0.00022013275884091854
0, 647, 756, 33, 173, 0.00021502810704987496
0, 221, 617, 76, 89, 0.00021457755065057427
0, 564, 1024, 131, 10, 0.00020711071556434035
0, 363, 583, 16, 15, 0.00020389769633766264
0, 287, 674, 44, 67, 0.0002035234065260738
0, 85, 878, 171, 244, 0.00019965486717410386
0, 646, 445, 34, 186, 0.0001996535575017333
0, 655, 558, 16, 198, 0.00019917495956178755
0, 655, 738, 16, 195, 0.00019629548478405923
0, 619, 1024, 76, 9, 0.00019338827405590564
0, 648, 699, 30, 187, 0.00018513182294555008
0, 655, 467, 16, 187, 0.00018237391486763954
0, 420, 1024, 134, 10, 0.00017392516019754112
0, 656, 145, 15, 140, 0.00017272647528443485
0, 3, 259, 7, 165, 0.00017204957839567214
0, 395, 406, 22, 27, 0.00017166300676763058
0, 372, 522, 33, 33, 0.0001714925456326455
0, 299, 691, 42, 37, 0.00016974774189293385
0, 648, 634, 30, 182, 0.00016659001994412392
0, 228, 802, 93, 77, 0.00016369600780308247
0, 631, 908, 65, 238, 0.00016210901958402246
0, 655, 204, 16, 165, 0.00016116192273329943
0, 603, 16, 118, 33, 0.00016097885963972658
0, 21, 64, 42, 70, 0.00015625909145455807
0, 3, 389, 7, 160, 0.0001542402314953506
0, 3, 772, 7, 163, 0.00015400376287288964
0, 3, 324, 7, 173, 0.0001530649169581011
0, 3, 184, 7, 160, 0.00015253268065862358
0, 105, 875, 58, 41, 0.000151047992403619
0, 361, 531, 21, 17, 0.00014958543761167675
0, 641, 369, 44, 157, 0.00014858663780614734
0, 195, 690, 121, 105, 0.00014833918248768896
0, 646, 129, 34, 140, 0.0001478266203776002
0, 348, 650, 9, 9, 0.00014585326425731182
0, 411, 483, 30, 34, 0.00014357754844240844
0, 655, 659, 16, 215, 0.00014296715380623937
0, 500, 331, 17, 11, 0.0001399762841174379
0, 268, 582, 13, 10, 0.00013893032155465335
0, 371, 586, 32, 24, 0.00013758442946709692
0, 415, 505, 24, 31, 0.00013579994265455753
0, 157, 755, 35, 25, 0.0001347215729765594
0, 3, 620, 7, 160, 0.00013313496310729533
0, 14, 1020, 29, 17, 0.0001324172189924866
0, 608, 215, 28, 26, 0.00012977713777218014
0, 347, 532, 21, 17, 0.00012936818529851735
0, 323, 1016, 425, 26, 0.00012928173237014562
0, 28, 958, 56, 80, 0.00012737090582959354
0, 247, 770, 31, 23, 0.00012514011177700013
0, 256, 650, 80, 106, 0.00012441443686839193
0, 655, 382, 16, 174, 0.00012120625615352765
0, 405, 464, 38, 52, 0.00012092987890355289
0, 3, 450, 7, 159, 0.00012033769598929211
0, 3, 505, 7, 167, 0.0001197595993289724
0, 251, 742, 101, 83, 0.00011946716404054314
0, 364, 578, 21, 21, 0.00011915485083591193
0, 24, 907, 48, 29, 0.00011774200538638979
0, 12, 495, 25, 221, 0.00011749066470656544
0, 592, 46, 142, 91, 0.00011721080227289349
0, 152, 846, 64, 81, 0.00011681347677949816
0, 506, 1024, 117, 9, 0.00011442171671660617
0, 189, 704, 49, 41, 0.00011378292401786894
0, 26, 317, 52, 129, 0.00011224352056160569
0, 37, 1002, 75, 54, 0.00011182346497662365
0, 640, 1012, 47, 34, 0.00011154432286275551
0, 24, 980, 48, 68, 0.00010929461859632283
0, 3, 683, 7, 165, 0.00010906318493653089
0, 414, 518, 15, 13, 0.00010647220915416256
0, 643, 192, 41, 159, 0.00010640238178893924
0, 176, 709, 18, 20, 0.00010383698099758476
0, 404, 549, 15, 16, 0.00010194752394454554
0, 28, 176, 57, 104, 0.00010088095586979762
0, 138, 791, 102, 76, 9.884365135803819e-05
0, 44, 85, 88, 95, 9.859861165750772e-05
0, 198, 730, 105, 50, 9.85606384347193e-05
0, 655, 311, 17, 181, 9.843965381151065e-05
0, 30, 1023, 60, 11, 9.772947669262066e-05
0, 20, 90, 41, 56, 9.754233178682625e-05
0, 70, 1023, 132, 11, 9.625098755350336e-05
0, 21, 126, 42, 74, 9.547352965455502e-05
0, 32, 472, 65, 103, 9.525009954813868e-05
0, 14, 364, 28, 215, 9.453884558752179e-05
0, 395, 550, 34, 30, 9.419537673238665e-05
0, 333, 1024, 142, 10, 9.403956937603652e-05
0, 54, 323, 108, 156, 9.368030441692099e-05
0, 369, 539, 53, 50, 9.239107748726383e-05
0, 339, 545, 52, 34, 9.211915312334895e-05
0, 325, 558, 26, 23, 8.941478881752118e-05
0, 78, 474, 157, 330, 8.919473475543782e-05
0, 397, 434, 22, 17, 8.859711670083925e-05
0, 256, 594, 43, 28, 8.67385242599994e-05
0, 146, 711, 8, 9, 8.652612450532615e-05
0, 182, 648, 179, 150, 8.614675607532263e-05
0, 156, 742, 20, 19, 8.600655564805493e-05
0, 307, 667, 69, 62, 8.512704516761005e-05
0, 308, 650, 17, 17, 8.480837277602404e-05
0, 104, 961, 10, 9, 8.427861757809296e-05
0, 558, 293, 12, 14, 8.427098509855568e-05
0, 339, 569, 55, 44, 8.389541471842676e-05
0, 97, 864, 60, 70, 8.351323776878417e-05
0, 636, 979, 54, 100, 8.085421723080799e-05
0, 358, 543, 30, 22, 7.977169298101217e-05
0, 50, 856, 78, 66, 7.940731302369386e-05
0, 66, 365, 133, 310, 7.904768426669762e-05
0, 396, 417, 32, 53, 7.881563215050846e-05
0, 456, 1024, 91, 10, 7.870604895288125e-05
0, 357, 585, 42, 33, 7.695096428506076e-05
0, 334, 557, 26, 21, 7.544061372755095e-05
0, 117, 954, 235, 147, 7.515519973821938e-05
0, 293, 723, 39, 30, 7.501350046368316e-05
0, 26, 881, 53, 60, 7.474629819625989e-05
0, 311, 642, 42, 46, 7.355576963163912e-05
0, 383, 461, 29, 42, 7.335634290939197e-05
0, 605, 1014, 116, 30, 7.326343620661646e-05
0, 19, 926, 36, 25, 7.315585389733315e-05
0, 119, 17, 182, 34, 7.187596202129498e-05
0, 108, 248, 216, 400, 7.166180876083672e-05
0, 186, 850, 112, 73, 7.03090918250382e-05
0, 354, 574, 21, 20, 6.983066850807518e-05
0, 119, 888, 74, 53, 6.951746036065742e-05
0, 307, 676, 35, 53, 6.946160283405334e-05
0, 116, 908, 30, 19, 6.931807729415596e-05
0, 13, 606, 26, 229, 6.87568390276283e-05
0, 164, 763, 72, 88, 6.836077955085784e-05
0, 97, 855, 177, 105, 6.748835585312918e-05
0, 316, 684, 79, 59, 6.621498323511332e-05
0, 352, 526, 32, 28, 6.561550981132314e-05
0, 413, 377, 34, 45, 6.501254392787814e-05
0, 401, 556, 21, 23, 6.356551602948457e-05
0, 84, 892, 35, 20, 6.231217412278056e-05
0, 21, 148, 42, 52, 6.187429244164377e-05
0, 23, 381, 47, 77, 6.184780795592815e-05
0, 627, 816, 73, 292, 6.13733209320344e-05
0, 331, 551, 41, 23, 6.076220961404033e-05
0, 408, 504, 33, 41, 6.064272747607902e-05
