0, 431, 1008, 63, 52, 0.5459872484207153
0, 381, 1027, 33, 28, 0.3752460181713104
0, 242, 473, 24, 31, 0.3708377182483673
0, 199, 401, 44, 34, 0.35959914326667786
0, 501, 1097, 73, 68, 0.3175789415836334
0, 249, 189, 36, 22, 0.30320653319358826
0, 202, 472, 28, 14, 0.24848611652851105
0, 168, 426, 19, 32, 0.2471320778131485
0, 345, 963, 17, 13, 0.24115994572639465
0, 334, 997, 34, 27, 0.22555170953273773
0, 190, 413, 67, 63, 0.19352644681930542
0, 234, 226, 32, 20, 0.1671692281961441
0, 413, 1060, 29, 24, 0.16432394087314606
0, 192, 254, 24, 16, 0.1474355012178421
0, 369, 969, 60, 58, 0.1469200998544693
0, 356, 983, 77, 55, 0.13794058561325073
0, 357, 985, 21, 28, 0.13446293771266937
0, 197, 430, 21, 14, 0.1337132602930069
0, 167, 512, 20, 24, 0.12605908513069153
0, 197, 214, 19, 16, 0.10087770968675613
0, 379, 960, 37, 23, 0.09972133487462997
0, 306, 852, 33, 49, 0.09906486421823502
0, 243, 265, 16, 15, 0.09214930236339569
0, 393, 1044, 72, 65, 0.08696702122688293
0, 381, 1059, 43, 36, 0.08563462644815445
0, 394, 1064, 69, 49, 0.08112900704145432
0, 306, 838, 25, 18, 0.07561193406581879
0, 367, 954, 28, 32, 0.0742870643734932
0, 238, 438, 26, 15, 0.06540732830762863
0, 503, 1111, 48, 41, 0.0640023723244667
0, 282, 731, 33, 19, 0.06313825398683548
0, 277, 894, 21, 24, 0.06262192130088806
0, 251, 811, 20, 27, 0.06086429953575134
0, 330, 944, 21, 14, 0.059954505413770676
0, 441, 1061, 75, 40, 0.056028299033641815
0, 495, 1082, 58, 34, 0.05417238548398018
0, 338, 954, 38, 33, 0.05375133454799652
0, 328, 928, 23, 21, 0.05330084264278412
0, 253, 671, 19, 26, 0.05213180556893349
0, 168, 223, 19, 19, 0.051378775388002396
0, 476, 1114, 18, 23, 0.046895284205675125
0, 262, 216, 14, 19, 0.046344414353370667
0, 228, 432, 16, 15, 0.03834330290555954
0, 311, 927, 27, 19, 0.03802767023444176
0, 457, 1053, 69, 42, 0.03797359764575958
0, 438, 1103, 28, 20, 0.03587017208337784
0, 463, 1045, 51, 30, 0.03497295826673508
0, 440, 1039, 94, 79, 0.033944271504879
0, 195, 232, 29, 25, 0.03323153406381607
0, 442, 1070, 43, 25, 0.032926853746175766
0, 343, 993, 55, 45, 0.0328330434858799
0, 221, 135, 86, 60, 0.0313013456761837
0, 215, 536, 11, 20, 0.031107954680919647
0, 404, 1023, 85, 42, 0.030627906322479248
0, 253, 830, 17, 16, 0.030318111181259155
0, 185, 188, 26, 18, 0.02998904325067997
0, 166, 169, 25, 22, 0.02948554791510105
0, 255, 912, 27, 22, 0.028232058510184288
0, 196, 153, 33, 22, 0.027577782049775124
0, 516, 1091, 43, 45, 0.026629062369465828
0, 202, 458, 26, 13, 0.026400135830044746
0, 208, 343, 24, 16, 0.026239944621920586
0, 265, 240, 22, 31, 0.024774905294179916
0, 179, 232, 32, 23, 0.023978065699338913
0, 214, 531, 13, 36, 0.023973969742655754
0, 183, 222, 51, 37, 0.023641986772418022
0, 303, 875, 26, 33, 0.023514434695243835
0, 212, 232, 29, 20, 0.023164140060544014
0, 192, 256, 34, 26, 0.022661326453089714
0, 195, 202, 46, 42, 0.022609412670135498
0, 486, 1115, 37, 28, 0.02255796454846859
0, 202, 462, 27, 26, 0.022425048053264618
0, 241, 194, 61, 42, 0.022231843322515488
0, 286, 751, 28, 21, 0.02151968516409397
0, 371, 997, 58, 88, 0.021190008148550987
0, 163, 462, 20, 14, 0.01963929831981659
0, 298, 876, 21, 20, 0.019634772092103958
0, 151, 201, 28, 23, 0.018465856090188026
0, 210, 191, 24, 21, 0.018180135637521744
0, 330, 932, 37, 28, 0.017796028405427933
0, 349, 950, 89, 57, 0.017502356320619583
0, 206, 330, 18, 10, 0.017238391563296318
0, 158, 201, 25, 28, 0.017078367993235588
0, 446, 1098, 47, 30, 0.016924923285841942
0, 468, 1089, 84, 50, 0.01678600162267685
0, 212, 216, 55, 35, 0.016263006255030632
0, 270, 247, 30, 30, 0.015966694802045822
0, 211, 208, 101, 83, 0.01591322384774685
0, 241, 252, 22, 42, 0.015744363889098167
0, 168, 425, 33, 40, 0.015287715941667557
0, 179, 664, 13, 21, 0.015053575858473778
0, 169, 179, 45, 36, 0.015048911795020103
0, 168, 395, 21, 14, 0.014659074135124683
0, 175, 169, 49, 32, 0.014562254771590233
0, 261, 894, 51, 37, 0.013065747916698456
0, 443, 1012, 94, 80, 0.012981397099792957
0, 472, 1053, 45, 28, 0.012941494584083557
0, 264, 550, 29, 26, 0.012825071811676025
0, 287, 893, 45, 39, 0.012115973979234695
0, 392, 1084, 15, 14, 0.012098196893930435
0, 476, 1084, 130, 97, 0.011486390605568886
0, 213, 279, 14, 15, 0.01148210372775793
0, 159, 186, 47, 55, 0.011072535999119282
0, 257, 884, 40, 28, 0.010950660333037376
0, 438, 1083, 68, 67, 0.010929237119853497
0, 250, 208, 51, 67, 0.01067503821104765
0, 236, 145, 50, 34, 0.010387099348008633
0, 164, 340, 20, 23, 0.010370236821472645
0, 248, 888, 31, 24, 0.009804083965718746
0, 253, 673, 29, 34, 0.009666855446994305
0, 324, 936, 57, 44, 0.009526943787932396
0, 254, 510, 17, 16, 0.009520097635686398
0, 304, 888, 21, 19, 0.009333064779639244
0, 194, 241, 46, 46, 0.00927808042615652
0, 294, 657, 12, 19, 0.009063812904059887
0, 244, 512, 35, 24, 0.00899256020784378
0, 199, 269, 43, 34, 0.00832396186888218
0, 176, 198, 77, 65, 0.008135467767715454
0, 341, 937, 63, 36, 0.008135021664202213
0, 198, 144, 40, 34, 0.007961347699165344
0, 297, 863, 54, 71, 0.0078038908541202545
0, 235, 121, 40, 25, 0.00776752969250083
0, 185, 161, 53, 28, 0.007656347472220659
0, 244, 654, 28, 23, 0.007648721802979708
0, 235, 774, 28, 31, 0.007602461613714695
0, 416, 1068, 75, 60, 0.007486587390303612
0, 291, 961, 16, 15, 0.007261477876454592
0, 225, 241, 40, 43, 0.006977846845984459
0, 244, 668, 40, 31, 0.0067956577986478806
0, 238, 129, 49, 45, 0.006772008258849382
0, 208, 223, 148, 114, 0.006714616436511278
0, 348, 961, 110, 100, 0.006384986452758312
0, 230, 183, 77, 36, 0.006281023845076561
0, 217, 174, 92, 43, 0.0062656523659825325
0, 263, 939, 20, 21, 0.006228743586689234
0, 238, 750, 23, 20, 0.006227055564522743
0, 157, 302, 23, 29, 0.0061000133864581585
0, 230, 734, 20, 15, 0.006098120007663965
0, 289, 729, 45, 27, 0.005587248597294092
0, 255, 223, 76, 95, 0.005269660614430904
0, 257, 921, 30, 29, 0.0052180904895067215
0, 215, 762, 22, 15, 0.00515271071344614
0, 444, 1064, 190, 137, 0.0050768135115504265
0, 212, 569, 26, 23, 0.005053702741861343
0, 244, 607, 16, 17, 0.005036985967308283
0, 280, 958, 17, 12, 0.004771326202899218
0, 292, 908, 31, 24, 0.004674835130572319
0, 160, 279, 19, 15, 0.004647787194699049
0, 312, 926, 49, 31, 0.0046341437846422195
0, 226, 714, 18, 15, 0.00453604944050312
0, 463, 1112, 54, 36, 0.004443999845534563
0, 214, 272, 17, 20, 0.0043150996789336205
0, 164, 210, 54, 44, 0.0041098338551819324
0, 198, 438, 28, 32, 0.004091936629265547
0, 260, 207, 48, 43, 0.004087413661181927
0, 368, 1028, 80, 75, 0.003838102100417018
0, 353, 1004, 86, 63, 0.003833484835922718
0, 294, 802, 22, 13, 0.003822961589321494
0, 236, 735, 34, 27, 0.0037892896216362715
0, 256, 871, 39, 29, 0.0036903785075992346
0, 209, 413, 49, 21, 0.0036414479836821556
0, 196, 685, 14, 16, 0.0034102594945579767
0, 263, 719, 16, 12, 0.0033140224404633045
0, 245, 269, 26, 17, 0.0032879719510674477
0, 442, 1116, 36, 24, 0.0031308000907301903
0, 185, 663, 21, 23, 0.0030271110590547323
0, 240, 479, 34, 50, 0.00293868244625628
0, 268, 910, 50, 46, 0.0029351513367146254
0, 207, 564, 30, 21, 0.002934743883088231
0, 227, 759, 50, 30, 0.0028709794860333204
0, 295, 831, 47, 47, 0.002672802656888962
0, 309, 868, 46, 47, 0.002596247708424926
0, 221, 472, 57, 28, 0.002593583194538951
0, 263, 928, 46, 51, 0.002549076220020652
0, 150, 289, 36, 46, 0.0025273626670241356
0, 407, 994, 111, 91, 0.0024633174762129784
0, 194, 471, 48, 17, 0.002440214855596423
0, 281, 833, 18, 27, 0.0023318256717175245
0, 294, 819, 33, 31, 0.002251416677609086
0, 289, 748, 47, 33, 0.0022464049980044365
0, 264, 667, 33, 32, 0.002241419395431876
0, 204, 159, 128, 100, 0.0021601449698209763
0, 171, 469, 41, 22, 0.002118112752214074
0, 227, 706, 14, 15, 0.0020820817444473505
0, 175, 172, 74, 64, 0.0019816188141703606
0, 213, 521, 12, 30, 0.0019654412753880024
0, 296, 662, 14, 22, 0.0019492555875331163
0, 269, 946, 30, 29, 0.0019341818988323212
0, 200, 642, 14, 17, 0.001901234034448862
0, 243, 724, 57, 39, 0.0018894324311986566
0, 274, 572, 10, 14, 0.0018744129920378327
0, 284, 955, 33, 27, 0.0018568054074421525
0, 248, 260, 29, 30, 0.0018507587956264615
0, 427, 1096, 64, 44, 0.0018462446751073003
0, 276, 822, 61, 46, 0.0016666013980284333
0, 260, 705, 21, 24, 0.0015876098768785596
0, 306, 945, 64, 39, 0.001579237636178732
0, 192, 655, 39, 46, 0.0015556381549686193
0, 259, 843, 46, 43, 0.0015335396165028214
0, 253, 286, 18, 19, 0.0015321201644837856
0, 266, 747, 89, 56, 0.001524281920865178
0, 242, 457, 30, 56, 0.0014956025406718254
0, 279, 707, 22, 20, 0.0014834420289844275
0, 265, 565, 27, 27, 0.0014430287992581725
0, 268, 726, 88, 38, 0.0014119994593784213
0, 348, 919, 36, 33, 0.0013770615914836526
0, 324, 958, 72, 32, 0.0013406688813120127
0, 174, 267, 36, 23, 0.0013272364158183336
0, 267, 685, 30, 18, 0.0013237030943855643
0, 413, 1022, 212, 193, 0.0013101364020258188
0, 289, 215, 14, 17, 0.0012357603991404176
0, 247, 783, 42, 40, 0.0012285284465178847
0, 252, 831, 35, 51, 0.0012050363002344966
0, 249, 772, 36, 27, 0.0012023092713207006
0, 295, 969, 17, 18, 0.0011193505488336086
0, 190, 156, 85, 66, 0.0011015544878318906
0, 249, 703, 28, 19, 0.0010920786298811436
0, 193, 661, 26, 31, 0.0010675813537091017
0, 247, 886, 44, 40, 0.0010670399060472846
0, 233, 420, 27, 30, 0.0010338012361899018
0, 285, 203, 20, 18, 0.0010225600562989712
0, 288, 711, 31, 27, 0.0010114733595401049
0, 167, 459, 34, 20, 0.0010077505139634013
0, 388, 1062, 98, 76, 0.000991826644167304
0, 441, 1106, 62, 51, 0.0009587694075889885
0, 292, 649, 19, 40, 0.0009533450938761234
0, 213, 570, 40, 33, 0.000933581031858921
0, 278, 663, 40, 34, 0.000892746145837009
0, 262, 862, 56, 79, 0.0008497843518853188
0, 268, 702, 80, 75, 0.0007824793574400246
0, 244, 618, 16, 20, 0.0007771334494464099
0, 373, 972, 190, 145, 0.000705431797541678
0, 228, 728, 32, 39, 0.0006918823346495628
0, 248, 281, 26, 27, 0.0006843451410531998
0, 203, 482, 34, 32, 0.0006616665050387383
0, 307, 880, 56, 41, 0.0006478540599346161
0, 222, 715, 28, 21, 0.0006388254114426672
0, 214, 578, 25, 36, 0.000629690766800195
0, 145, 274, 26, 30, 0.0006271892925724387
0, 243, 807, 43, 50, 0.0006193193257786334
0, 256, 648, 36, 31, 0.0006137728341855109
0, 220, 528, 25, 41, 0.0006069130031391978
0, 245, 651, 40, 34, 0.00059735361719504
0, 160, 340, 33, 31, 0.0005816576885990798
0, 236, 261, 35, 32, 0.0005473853670991957
0, 158, 400, 28, 25, 0.0005377305205911398
0, 155, 285, 22, 33, 0.0005308858817443252
0, 239, 762, 45, 35, 0.0005195207195356488
0, 254, 548, 46, 34, 0.0005019083619117737
0, 312, 913, 126, 150, 0.0004997453070245683
0, 292, 785, 24, 17, 0.0004973274772055447
0, 151, 473, 13, 19, 0.0004909661947749555
0, 319, 984, 72, 53, 0.000481114664580673
0, 252, 813, 26, 51, 0.00044216177775524557
0, 276, 681, 57, 48, 0.0004221147682983428
0, 206, 656, 22, 22, 0.00042007435695268214
0, 282, 786, 21, 17, 0.0004077025514561683
0, 222, 588, 17, 15, 0.00040740356780588627
0, 205, 643, 23, 21, 0.0003739752573892474
0, 162, 513, 37, 32, 0.0003633293672464788
0, 15, 168, 31, 333, 0.0003294484340585768
0, 236, 448, 55, 61, 0.00032886004191823304
0, 295, 626, 11, 30, 0.00032872965675778687
0, 363, 1050, 95, 82, 0.00032803494832478464
0, 227, 644, 12, 18, 0.0003275874478276819
0, 204, 324, 22, 27, 0.0003117630840279162
0, 138, 279, 30, 32, 0.00029883382376283407
0, 291, 714, 44, 45, 0.0002966565662063658
0, 190, 673, 33, 42, 0.00029597911634482443
0, 207, 584, 36, 28, 0.0002957326069008559
0, 360, 1021, 147, 124, 0.00029340528999455273
0, 10, 1189, 21, 203, 0.0002928047615569085
0, 220, 282, 20, 16, 0.00027603129274211824
0, 235, 848, 24, 22, 0.00027389160823076963
0, 306, 992, 112, 59, 0.0002718325413297862
0, 4, 1240, 8, 101, 0.00026405954849906266
0, 196, 756, 9, 17, 0.00025922770146280527
0, 167, 523, 24, 49, 0.00025255512446165085
0, 298, 657, 24, 33, 0.0002521732822060585
0, 286, 968, 40, 30, 0.00024945149198174477
0, 238, 396, 23, 29, 0.0002480855328030884
0, 253, 470, 52, 52, 0.00023604351736139506
0, 170, 498, 30, 37, 0.00023355077428277582
0, 238, 537, 46, 29, 0.00022820880985818803
0, 212, 760, 41, 26, 0.00022515107411891222
0, 352, 903, 20, 23, 0.0002246557269245386
0, 214, 588, 23, 31, 0.00022226075816433877
0, 462, 1023, 138, 158, 0.00022045327932573855
0, 242, 164, 75, 87, 0.0002192488027503714
0, 509, 1058, 78, 60, 0.00021880961139686406
0, 545, 1121, 20, 23, 0.0002161686134058982
0, 320, 908, 59, 44, 0.00020484863489400595
0, 274, 590, 13, 19, 0.00020450379815883934
0, 238, 572, 91, 77, 0.00019952394359279424
0, 13, 428, 27, 418, 0.00019759361748583615
0, 16, 1011, 33, 335, 0.0001938913919730112
0, 206, 543, 29, 19, 0.00019278329273220152
