0, 522, 672, 28, 33, 0.2515310049057007
0, 522, 593, 34, 31, 0.24361084401607513
0, 317, 705, 51, 32, 0.16516229510307312
0, 591, 601, 28, 23, 0.16405461728572845
0, 248, 271, 34, 43, 0.15289129316806793
0, 543, 519, 64, 71, 0.14050735533237457
0, 671, 667, 37, 21, 0.12327603995800018
0, 583, 523, 17, 24, 0.1101258173584938
0, 257, 306, 11, 15, 0.10661371797323227
0, 548, 631, 14, 13, 0.10266680270433426
0, 520, 623, 16, 15, 0.10262538492679596
0, 577, 564, 29, 23, 0.10177494585514069
0, 264, 270, 69, 49, 0.1013624295592308
0, 548, 537, 20, 17, 0.09894903004169464
0, 541, 508, 43, 38, 0.09217321127653122
0, 534, 523, 37, 38, 0.08385644108057022
0, 562, 514, 20, 25, 0.08380118012428284
0, 573, 697, 23, 32, 0.0716816708445549
0, 538, 536, 40, 31, 0.07091501355171204
0, 550, 565, 16, 15, 0.06969103962182999
0, 519, 615, 22, 20, 0.06796404719352722
0, 580, 663, 10, 17, 0.06450219452381134
0, 296, 248, 26, 12, 0.064203180372715
0, 240, 422, 26, 32, 0.059875957667827606
0, 288, 249, 43, 16, 0.0590987503528595
0, 539, 552, 33, 26, 0.057110730558633804
0, 268, 336, 13, 15, 0.0524577721953392
0, 546, 544, 34, 27, 0.04907901957631111
0, 529, 545, 15, 15, 0.048949599266052246
0, 529, 600, 31, 37, 0.04874886944890022
0, 534, 507, 27, 22, 0.04724684730172157
0, 557, 504, 30, 44, 0.04613737389445305
0, 528, 533, 25, 33, 0.04582573473453522
0, 565, 564, 55, 30, 0.04542399197816849
0, 335, 704, 17, 32, 0.04534931108355522
0, 560, 651, 10, 9, 0.03989041969180107
0, 283, 258, 56, 35, 0.03944447264075279
0, 249, 260, 32, 27, 0.03882244974374771
0, 280, 252, 29, 16, 0.03637965768575668
0, 276, 259, 24, 23, 0.03550417348742485
0, 552, 497, 25, 27, 0.03425433859229088
0, 23, 773, 13, 17, 0.03300198167562485
0, 549, 530, 46, 47, 0.03282080218195915
0, 534, 500, 22, 21, 0.03215539827942848
0, 558, 545, 28, 18, 0.03156017139554024
0, 591, 670, 12, 13, 0.029715975746512413
0, 515, 584, 22, 20, 0.027174273505806923
0, 574, 641, 14, 13, 0.024900689721107483
0, 538, 671, 29, 24, 0.02249227836728096
0, 557, 492, 21, 23, 0.020505191758275032
0, 297, 244, 34, 22, 0.019574441015720367
0, 301, 708, 20, 22, 0.019549358636140823
0, 525, 634, 9, 18, 0.019223008304834366
0, 553, 566, 30, 22, 0.018361754715442657
0, 545, 498, 46, 36, 0.01750979572534561
0, 543, 633, 26, 23, 0.01585947349667549
0, 538, 578, 33, 24, 0.015742849558591843
0, 596, 671, 25, 16, 0.015583106316626072
0, 588, 601, 35, 42, 0.014506041072309017
0, 536, 653, 34, 25, 0.013778396882116795
0, 550, 534, 90, 109, 0.013237413950264454
0, 245, 329, 12, 11, 0.012684037908911705
0, 657, 674, 32, 34, 0.012445321306586266
0, 509, 524, 12, 16, 0.011883458122611046
0, 644, 685, 27, 19, 0.011731192469596863
0, 411, 519, 19, 16, 0.010171505622565746
0, 504, 525, 11, 12, 0.009069360792636871
0, 397, 543, 14, 18, 0.00898183323442936
0, 274, 292, 14, 20, 0.008456691168248653
0, 552, 648, 19, 17, 0.008273420855402946
0, 572, 521, 39, 29, 0.008205757476389408
0, 255, 333, 30, 21, 0.00792885571718216
0, 676, 662, 49, 33, 0.006755501497536898
0, 532, 540, 53, 52, 0.006537564564496279
0, 273, 337, 24, 17, 0.006465645972639322
0, 302, 273, 17, 17, 0.006288021802902222
0, 529, 610, 51, 65, 0.005796362645924091
0, 604, 705, 14, 12, 0.005513861309736967
0, 579, 682, 27, 21, 0.0054391128942370415
0, 338, 263, 18, 14, 0.005404195748269558
0, 560, 579, 87, 72, 0.004858185071498156
0, 660, 676, 65, 42, 0.004823457449674606
0, 511, 561, 14, 14, 0.004782704170793295
0, 321, 263, 15, 10, 0.0044096591882407665
0, 277, 302, 9, 14, 0.0042154197581112385
0, 574, 706, 26, 32, 0.004154258873313665
0, 529, 628, 41, 37, 0.004030674230307341
0, 557, 508, 57, 56, 0.004018283449113369
0, 267, 245, 36, 19, 0.0039741285145282745
0, 335, 550, 15, 14, 0.0039609456434845924
0, 393, 572, 13, 11, 0.0038409035187214613
0, 435, 488, 10, 15, 0.003727956907823682
0, 330, 262, 29, 15, 0.0037028577644377947
0, 620, 737, 12, 13, 0.003449747571721673
0, 845, 368, 9, 17, 0.0033823265694081783
0, 297, 250, 55, 24, 0.0031531606800854206
0, 296, 458, 10, 13, 0.002938261954113841
0, 557, 643, 30, 30, 0.0028326562605798244
0, 616, 737, 16, 15, 0.0028179017826914787
0, 234, 615, 16, 23, 0.002714423928409815
0, 276, 426, 10, 13, 0.0024791511241346598
0, 354, 652, 25, 29, 0.002204272663220763
0, 244, 315, 13, 10, 0.0018801381811499596
0, 585, 664, 23, 28, 0.001879615825600922
0, 7, 707, 13, 17, 0.0018645073287189007
0, 608, 736, 18, 14, 0.0017665362684056163
0, 572, 662, 25, 30, 0.001705189235508442
0, 694, 652, 16, 17, 0.0016857264563441277
0, 628, 642, 7, 7, 0.0016499684425070882
0, 256, 307, 16, 22, 0.0015885094180703163
0, 890, 358, 14, 18, 0.0015563523629680276
0, 277, 284, 51, 35, 0.0014683532062917948
0, 266, 320, 22, 37, 0.0014372282894328237
0, 559, 599, 15, 18, 0.0013782791793346405
0, 551, 619, 95, 110, 0.0013747415505349636
0, 585, 692, 47, 32, 0.0013281417777761817
0, 533, 682, 40, 36, 0.0010827818186953664
0, 515, 528, 34, 25, 0.001077371765859425
0, 543, 704, 15, 13, 0.001062787720002234
0, 269, 267, 91, 78, 0.0010353161487728357
0, 298, 267, 104, 27, 0.000983557547442615
0, 523, 519, 51, 41, 0.0009433513623662293
0, 300, 286, 27, 37, 0.0009419583948329091
0, 640, 708, 32, 19, 0.0009394012740813196
0, 580, 586, 52, 50, 0.0009277468197979033
0, 278, 317, 12, 14, 0.0009207684197463095
0, 264, 329, 52, 28, 0.0008769098785705864
0, 635, 714, 34, 14, 0.0008525073644705117
0, 557, 729, 18, 17, 0.0007873916765674949
0, 311, 259, 80, 58, 0.0007871224079281092
0, 305, 300, 12, 16, 0.000762417446821928
0, 904, 246, 5, 147, 0.0007299361750483513
0, 547, 704, 11, 15, 0.0007195762009359896
0, 308, 271, 64, 32, 0.0007002488127909601
0, 904, 975, 5, 118, 0.0006936711724847555
0, 414, 516, 28, 25, 0.0006931411917321384
0, 285, 244, 68, 41, 0.0006039588479325175
0, 341, 273, 16, 12, 0.0005721273482777178
0, 294, 303, 10, 18, 0.0005683483323082328
0, 904, 481, 5, 180, 0.0005513042560778558
0, 249, 295, 42, 81, 0.0005511327181011438
0, 21, 693, 11, 15, 0.0004967023269273341
0, 415, 547, 17, 20, 0.0004715214599855244
0, 521, 598, 49, 48, 0.000463813659735024
0, 866, 396, 16, 10, 0.00045017589582130313
0, 589, 667, 41, 38, 0.000419057032559067
0, 362, 305, 12, 14, 0.00041637022513896227
0, 907, 9, 0, 17, 0.0004102374368812889
0, 559, 604, 91, 37, 0.00040818180423229933
0, 552, 656, 70, 63, 0.0003958909655921161
0, 740, 109, 12, 12, 0.00038218917325139046
0, 304, 710, 58, 38, 0.0003635101893451065
0, 904, 366, 5, 97, 0.000359652447514236
0, 581, 655, 39, 48, 0.0003257962525822222
0, 904, 554, 5, 206, 0.00032511394238099456
0, 579, 568, 51, 40, 0.0003172697324771434
0, 315, 590, 10, 21, 0.0003114496939815581
0, 904, 324, 5, 147, 0.00030618265736848116
0, 904, 731, 5, 208, 0.0002889067982323468
0, 292, 702, 72, 50, 0.00027681508800014853
0, 160, 398, 9, 13, 0.00026726818759925663
0, 330, 296, 38, 22, 0.0002661104954313487
0, 559, 636, 47, 31, 0.00026565344887785614
0, 886, 380, 12, 16, 0.00025851980899460614
0, 408, 545, 11, 20, 0.0002572663070168346
0, 17, 711, 18, 17, 0.0002481245610397309
0, 408, 521, 29, 24, 0.00024498868151567876
0, 7, 712, 14, 32, 0.0002444858255330473
0, 904, 906, 5, 236, 0.00023788328689988703
0, 256, 496, 7, 10, 0.00023291632533073425
0, 571, 713, 36, 57, 0.00023136853997129947
0, 3, 1013, 6, 42, 0.00022772910597268492
0, 907, 1015, 0, 36, 0.00022742751752957702
0, 8, 703, 17, 34, 0.00022222685220185667
0, 904, 108, 5, 185, 0.00021868637122679502
0, 540, 686, 76, 73, 0.0002131967048626393
0, 904, 417, 5, 155, 0.00021278587519191206
0, 342, 545, 33, 29, 0.0002105320745613426
0, 886, 359, 33, 33, 0.00020628907077480108
0, 852, 347, 14, 15, 0.0002011590840993449
0, 0, 12, 0, 25, 0.0002004078560275957
0, 904, 814, 5, 210, 0.00019851951219607145
0, 849, 360, 20, 35, 0.0001962818205356598
0, 907, 992, 0, 83, 0.00019301909196656197
0, 267, 338, 27, 25, 0.00019230357429478317
0, 400, 606, 11, 11, 0.00018738245125859976
0, 606, 738, 34, 21, 0.0001843486534198746
0, 6, 22, 12, 44, 0.0001814455899875611
0, 0, 1020, 0, 26, 0.00018100081069860607
0, 885, 372, 35, 39, 0.00018055885448120534
0, 902, 34, 8, 67, 0.00017603386368136853
0, 904, 61, 4, 118, 0.000171128282090649
0, 903, 176, 6, 195, 0.0001678739645285532
0, 904, 661, 5, 201, 0.00016762972518336028
0, 337, 265, 45, 25, 0.00016661146946717054
0, 588, 618, 38, 56, 0.0001624138094484806
0, 216, 382, 17, 13, 0.00015865193563513458
0, 46, 4, 77, 8, 0.000156820475240238
0, 574, 547, 71, 94, 0.00015529301890637726
0, 618, 600, 12, 24, 0.00015522833564318717
0, 281, 693, 8, 9, 0.00014657153224106878
0, 331, 294, 20, 30, 0.00014643951726611704
0, 340, 471, 16, 32, 0.00014395535981748253
0, 590, 524, 36, 34, 0.00014184742758516222
0, 507, 563, 18, 21, 0.0001387167867505923
0, 396, 552, 20, 27, 0.00013620455865748227
0, 5, 52, 11, 101, 0.00013568616122938693
0, 907, 957, 0, 117, 0.00013515944010578096
0, 888, 57, 37, 115, 0.0001350160746369511
0, 232, 312, 12, 16, 0.0001335551933152601
0, 393, 569, 17, 17, 0.00013036317250225693
0, 591, 710, 43, 33, 0.00012821267591789365
0, 882, 383, 26, 22, 0.00012627719843294472
0, 298, 308, 19, 28, 0.00012486310151871294
0, 299, 258, 144, 89, 0.00012367764429654926
0, 318, 693, 72, 60, 0.00012323229748290032
0, 267, 698, 20, 21, 0.00012322420661803335
0, 907, 95, 0, 132, 0.00012295319174882025
0, 875, 382, 45, 42, 0.00012137209705542773
0, 342, 288, 11, 27, 0.0001206553861266002
0, 352, 274, 17, 13, 0.00012034045357722789
0, 286, 307, 34, 31, 0.00012033632083330303
0, 852, 368, 20, 26, 0.0001171191906905733
0, 861, 279, 9, 7, 0.00011676447320496663
0, 29, 15, 59, 30, 0.00011620565055636689
0, 161, 400, 14, 14, 0.00011601333972066641
0, 897, 343, 16, 12, 0.00011558545520529151
0, 907, 494, 0, 122, 0.00011408920545363799
0, 881, 359, 51, 66, 0.00011278403690084815
0, 907, 256, 0, 115, 0.00011263851774856448
0, 63, 15, 126, 30, 0.00010991848103003576
0, 897, 329, 16, 10, 0.00010251469211652875
0, 268, 633, 8, 18, 0.00010249504703097045
0, 847, 371, 11, 27, 0.0001002835197141394
0, 8, 7, 17, 14, 0.00010009291872847825
0, 4, 691, 9, 103, 9.86949453363195e-05
0, 3, 963, 6, 142, 9.833542571868747e-05
0, 907, 30, 0, 60, 9.809818584471941e-05
0, 907, 443, 0, 130, 9.73631686065346e-05
0, 211, 388, 18, 19, 9.54942952375859e-05
0, 907, 535, 0, 120, 9.511404641671106e-05
0, 907, 702, 0, 128, 9.444469469599426e-05
0, 18, 5, 35, 10, 8.932769560487941e-05
0, 856, 363, 28, 41, 8.784158853814006e-05
0, 907, 350, 0, 105, 8.622853056294844e-05
0, 857, 356, 17, 28, 8.605980110587552e-05
0, 907, 208, 0, 118, 8.447672007605433e-05
0, 907, 913, 0, 135, 8.438493387075141e-05
0, 238, 267, 70, 62, 8.393023017561063e-05
0, 907, 756, 0, 130, 8.307851385325193e-05
0, 260, 340, 46, 41, 8.256634464487433e-05
0, 907, 835, 0, 132, 8.16279134596698e-05
0, 312, 298, 16, 22, 8.044845162658021e-05
0, 896, 963, 20, 142, 7.953053136589006e-05
0, 864, 597, 8, 10, 7.945048128021881e-05
0, 907, 150, 0, 130, 7.737383566563949e-05
0, 779, 1011, 255, 46, 7.688831829000264e-05
0, 269, 297, 92, 92, 7.520495273638517e-05
0, 330, 301, 15, 17, 7.475378515664488e-05
0, 14, 713, 28, 43, 7.24053243175149e-05
0, 571, 499, 106, 82, 7.229218317661434e-05
0, 9, 91, 18, 182, 7.019707845756784e-05
0, 524, 673, 53, 43, 6.940220919204876e-05
0, 860, 379, 35, 44, 6.845706957392395e-05
0, 292, 563, 11, 9, 6.718450458720326e-05
0, 329, 663, 76, 45, 6.43165985820815e-05
0, 3, 643, 7, 164, 6.050178490113467e-05
0, 594, 518, 84, 77, 5.887096267542802e-05
0, 245, 644, 13, 12, 5.754339508712292e-05
0, 554, 705, 42, 39, 5.6487537221983075e-05
0, 197, 391, 14, 11, 5.614848851109855e-05
0, 278, 333, 42, 32, 5.558934572036378e-05
0, 897, 1027, 19, 14, 5.504048749571666e-05
0, 265, 687, 16, 24, 5.4636879212921485e-05
0, 907, 652, 0, 134, 5.461067848955281e-05
0, 895, 91, 22, 148, 5.401330054155551e-05
0, 317, 721, 65, 62, 5.2301224059192464e-05
0, 4, 859, 9, 185, 5.204038097872399e-05
0, 896, 237, 21, 135, 5.120166315464303e-05
0, 336, 557, 21, 31, 5.077087917015888e-05
0, 7, 753, 14, 48, 5.041390613769181e-05
0, 355, 290, 16, 25, 4.9770937039284036e-05
0, 401, 610, 14, 17, 4.863446520175785e-05
0, 907, 393, 0, 122, 4.602646367857233e-05
0, 315, 526, 9, 10, 4.572032776195556e-05
0, 391, 482, 13, 10, 4.527633427642286e-05
0, 634, 717, 45, 23, 4.4501666707219556e-05
0, 203, 410, 11, 14, 4.4360655010677874e-05
0, 892, 360, 28, 60, 4.3829895730596036e-05
0, 907, 589, 0, 127, 4.374871787149459e-05
0, 597, 715, 41, 54, 4.322953100199811e-05
0, 678, 345, 12, 13, 4.283140515326522e-05
