0, 468, 295, 17, 26, 0.26672494411468506
0, 388, 170, 23, 33, 0.24589239060878754
0, 500, 301, 32, 23, 0.2406376153230667
0, 391, 168, 246, 124, 0.22461186349391937
0, 222, 480, 63, 47, 0.19477017223834991
0, 292, 200, 31, 21, 0.19022664427757263
0, 571, 262, 13, 10, 0.1795646995306015
0, 511, 261, 13, 10, 0.17548270523548126
0, 379, 149, 16, 13, 0.14646205306053162
0, 224, 469, 12, 18, 0.1434038132429123
0, 372, 410, 13, 10, 0.13927584886550903
0, 309, 425, 8, 12, 0.13860909640789032
0, 211, 484, 33, 31, 0.13731278479099274
0, 587, 213, 18, 23, 0.13586769998073578
0, 577, 232, 9, 11, 0.13547363877296448
0, 325, 157, 61, 63, 0.12980084121227264
0, 536, 248, 17, 13, 0.12803439795970917
0, 565, 247, 17, 11, 0.1233164593577385
0, 317, 456, 41, 46, 0.11963891983032227
0, 242, 461, 24, 31, 0.11952070891857147
0, 328, 160, 47, 38, 0.11753365397453308
0, 432, 155, 20, 21, 0.11203625798225403
0, 574, 231, 16, 15, 0.10886387526988983
0, 531, 305, 15, 16, 0.10729420930147171
0, 320, 174, 104, 96, 0.10267385095357895
0, 320, 450, 59, 64, 0.10191891342401505
0, 543, 304, 34, 20, 0.10002487152814865
0, 199, 502, 11, 9, 0.0999923124909401
0, 583, 216, 29, 33, 0.09991861134767532
0, 512, 167, 35, 29, 0.09594321250915527
0, 389, 409, 10, 16, 0.09554167836904526
0, 386, 165, 32, 47, 0.09276983886957169
0, 590, 225, 13, 8, 0.0875612124800682
0, 349, 408, 7, 11, 0.08616610616445541
0, 398, 196, 49, 34, 0.08596590161323547
0, 331, 146, 49, 32, 0.08595908433198929
0, 483, 322, 23, 13, 0.08421073853969574
0, 384, 389, 14, 23, 0.08368683606386185
0, 452, 341, 16, 11, 0.08330214023590088
0, 566, 223, 29, 29, 0.08022180199623108
0, 487, 120, 47, 30, 0.07933975011110306
0, 420, 394, 11, 12, 0.07819609344005585
0, 234, 468, 40, 23, 0.07594597339630127
0, 520, 344, 14, 15, 0.07478688657283783
0, 550, 301, 17, 12, 0.06961621344089508
0, 345, 137, 18, 13, 0.0681440681219101
0, 492, 300, 17, 19, 0.0676218718290329
0, 454, 159, 63, 66, 0.06738514453172684
0, 347, 198, 35, 34, 0.06707299500703812
0, 217, 474, 27, 28, 0.06523379683494568
0, 359, 447, 15, 27, 0.06357299536466599
0, 298, 187, 40, 47, 0.05846329405903816
0, 341, 421, 11, 11, 0.05760981887578964
0, 580, 209, 64, 66, 0.05742930620908737
0, 243, 455, 17, 18, 0.05679960921406746
0, 467, 157, 37, 40, 0.055010098963975906
0, 466, 143, 93, 77, 0.054980743676424026
0, 339, 163, 20, 23, 0.05486888065934181
0, 240, 468, 19, 24, 0.054160941392183304
0, 239, 474, 15, 11, 0.05411551147699356
0, 209, 480, 24, 19, 0.05391711741685867
0, 432, 169, 28, 49, 0.05339768901467323
0, 554, 266, 11, 11, 0.053336527198553085
0, 524, 343, 23, 21, 0.053028564900159836
0, 564, 264, 31, 16, 0.05114436894655228
0, 262, 450, 10, 14, 0.05064655840396881
0, 562, 286, 11, 11, 0.049738042056560516
0, 313, 427, 16, 15, 0.04955395311117172
0, 288, 137, 35, 28, 0.04951633885502815
0, 569, 244, 25, 16, 0.04865735396742821
0, 377, 397, 34, 42, 0.048303790390491486
0, 317, 452, 28, 29, 0.04691372066736221
0, 471, 331, 57, 34, 0.0463247112929821
0, 349, 192, 27, 21, 0.04559864476323128
0, 375, 416, 40, 39, 0.04481981694698334
0, 318, 170, 32, 27, 0.04429978132247925
0, 595, 193, 19, 15, 0.04259902983903885
0, 400, 179, 49, 66, 0.042101383209228516
0, 322, 177, 16, 11, 0.04192652180790901
0, 216, 484, 23, 17, 0.04174133390188217
0, 279, 173, 26, 24, 0.04135897010564804
0, 413, 354, 15, 20, 0.04042072221636772
0, 567, 231, 32, 28, 0.04025278985500336
0, 428, 184, 10, 15, 0.04018194600939751
0, 249, 455, 34, 24, 0.03995535522699356
0, 341, 426, 20, 21, 0.03971579298377037
0, 491, 301, 57, 34, 0.03909379243850708
0, 444, 144, 45, 45, 0.039016563445329666
0, 334, 138, 40, 17, 0.03885132446885109
0, 574, 281, 9, 11, 0.03760481998324394
0, 241, 474, 26, 57, 0.03704088181257248
0, 335, 433, 128, 118, 0.036269884556531906
0, 363, 417, 66, 80, 0.03624401614069939
0, 378, 434, 14, 20, 0.03603368252515793
0, 596, 187, 32, 28, 0.03553422540426254
0, 525, 338, 16, 11, 0.035230882465839386
0, 307, 171, 23, 28, 0.03511391207575798
0, 295, 132, 20, 17, 0.03468240797519684
0, 408, 189, 25, 19, 0.034573495388031006
0, 567, 249, 30, 18, 0.03435210883617401
0, 374, 404, 35, 24, 0.03385559096932411
0, 296, 205, 44, 32, 0.03339255601167679
0, 451, 340, 28, 17, 0.03309083729982376
0, 431, 182, 23, 23, 0.03306043520569801
0, 200, 485, 18, 24, 0.03279535099864006
0, 488, 120, 29, 21, 0.03254988417029381
0, 399, 424, 8, 7, 0.03225407376885414
0, 330, 172, 35, 20, 0.0318007618188858
0, 469, 360, 42, 29, 0.03097737580537796
0, 249, 462, 40, 43, 0.030594848096370697
0, 302, 208, 11, 12, 0.030367480590939522
0, 428, 361, 7, 7, 0.030327454209327698
0, 516, 169, 22, 18, 0.030079875141382217
0, 367, 409, 24, 17, 0.0296860970556736
0, 508, 167, 27, 16, 0.029546746984124184
0, 393, 143, 8, 6, 0.02937258407473564
0, 386, 202, 31, 22, 0.02936699613928795
0, 546, 314, 13, 13, 0.02922043204307556
0, 538, 132, 13, 14, 0.028969306498765945
0, 567, 283, 23, 18, 0.028510544449090958
0, 594, 203, 39, 58, 0.028348905965685844
0, 587, 202, 27, 33, 0.028297556564211845
0, 275, 143, 10, 17, 0.026754744350910187
0, 328, 437, 48, 46, 0.0266624353826046
0, 320, 146, 25, 18, 0.026187362149357796
0, 588, 195, 23, 17, 0.025596240535378456
0, 453, 182, 18, 21, 0.025180339813232422
0, 472, 344, 65, 57, 0.02516959048807621
0, 473, 323, 44, 20, 0.02510894648730755
0, 392, 205, 26, 15, 0.0246333759278059
0, 423, 395, 20, 15, 0.02458002045750618
0, 565, 223, 48, 55, 0.02455667406320572
0, 484, 117, 22, 14, 0.02420809306204319
0, 341, 431, 27, 32, 0.023872695863246918
0, 467, 146, 21, 18, 0.023637380450963974
0, 416, 188, 9, 15, 0.023634210228919983
0, 461, 300, 35, 38, 0.022978276014328003
0, 464, 163, 25, 18, 0.022969596087932587
0, 483, 131, 55, 51, 0.022901911288499832
0, 567, 211, 21, 18, 0.022831294685602188
0, 553, 249, 51, 23, 0.02273014560341835
0, 606, 178, 14, 11, 0.022657983005046844
0, 345, 410, 18, 16, 0.02258112281560898
0, 288, 473, 33, 31, 0.02237853780388832
0, 453, 308, 55, 51, 0.02235446125268936
0, 539, 313, 29, 33, 0.021827081218361855
0, 408, 363, 30, 39, 0.02164405584335327
0, 329, 456, 26, 19, 0.021569356322288513
0, 444, 182, 34, 28, 0.021281301975250244
0, 427, 170, 58, 63, 0.021096132695674896
0, 465, 142, 27, 31, 0.021070541813969612
0, 443, 134, 28, 26, 0.020991802215576172
0, 192, 491, 38, 36, 0.020864155143499374
0, 465, 172, 34, 35, 0.020828502252697945
0, 343, 417, 29, 32, 0.02066921442747116
0, 353, 182, 33, 39, 0.02051093615591526
0, 481, 114, 33, 15, 0.020492156967520714
0, 305, 177, 18, 17, 0.02040606550872326
0, 351, 137, 33, 17, 0.020301608368754387
0, 553, 299, 29, 19, 0.020285623148083687
0, 333, 180, 61, 62, 0.020118827000260353
0, 470, 130, 11, 11, 0.019915767014026642
0, 560, 220, 16, 13, 0.019805163145065308
0, 421, 156, 46, 38, 0.01936156488955021
0, 461, 143, 11, 11, 0.01913762465119362
0, 358, 172, 22, 18, 0.01885707676410675
0, 380, 429, 22, 30, 0.018665313720703125
0, 550, 307, 33, 29, 0.018631229177117348
0, 506, 171, 52, 41, 0.018483256921172142
0, 470, 136, 14, 24, 0.018423326313495636
0, 450, 308, 17, 15, 0.018315276131033897
0, 334, 458, 13, 15, 0.0179954431951046
0, 456, 159, 25, 23, 0.017974581569433212
0, 316, 431, 10, 9, 0.01782442070543766
0, 352, 404, 17, 20, 0.017647141590714455
0, 410, 154, 24, 38, 0.017010806128382683
0, 487, 327, 36, 24, 0.016834910959005356
0, 311, 136, 8, 6, 0.01672416180372238
0, 475, 359, 23, 23, 0.016693608835339546
0, 358, 400, 11, 16, 0.01659269630908966
0, 557, 288, 27, 28, 0.016141222789883614
0, 533, 273, 29, 25, 0.01592082716524601
0, 536, 326, 13, 14, 0.015508750453591347
0, 378, 412, 33, 23, 0.015309142880141735
0, 436, 169, 105, 82, 0.015268581919372082
0, 424, 372, 63, 57, 0.015235508792102337
0, 305, 169, 61, 51, 0.015091518871486187
0, 459, 345, 137, 119, 0.01508619636297226
0, 300, 467, 11, 19, 0.014728773385286331
0, 530, 279, 20, 11, 0.01457905676215887
0, 311, 186, 69, 69, 0.014293921180069447
0, 528, 338, 29, 27, 0.01409081369638443
0, 502, 163, 13, 17, 0.013841098174452782
0, 560, 224, 25, 19, 0.013633500784635544
0, 433, 185, 34, 31, 0.013627499341964722
0, 349, 433, 55, 62, 0.013418353162705898
0, 275, 140, 17, 26, 0.013387493789196014
0, 299, 476, 9, 13, 0.013334711082279682
0, 548, 274, 57, 36, 0.013207251206040382
0, 580, 230, 26, 24, 0.013136129826307297
0, 450, 153, 12, 13, 0.013132989406585693
0, 377, 393, 27, 17, 0.01308399811387062
0, 317, 466, 22, 18, 0.013083948753774166
0, 235, 476, 32, 32, 0.013079694472253323
0, 403, 163, 33, 39, 0.013038321398198605
0, 426, 379, 12, 11, 0.012833453714847565
0, 458, 180, 21, 17, 0.012813761830329895
0, 339, 153, 39, 50, 0.012543367221951485
0, 418, 192, 37, 34, 0.012282880954444408
0, 568, 214, 35, 30, 0.012215258553624153
0, 253, 465, 26, 22, 0.01212514378130436
0, 493, 183, 26, 14, 0.012062123976647854
0, 502, 181, 44, 19, 0.012052598409354687
0, 409, 163, 21, 23, 0.012007645331323147
0, 464, 326, 75, 85, 0.011907030828297138
0, 464, 140, 55, 46, 0.011891365982592106
0, 502, 267, 38, 22, 0.011757071129977703
0, 298, 462, 15, 21, 0.011732939630746841
0, 461, 346, 48, 26, 0.011721262708306313
0, 324, 178, 53, 37, 0.011593547649681568
0, 602, 183, 22, 22, 0.011519311927258968
0, 536, 262, 18, 10, 0.011494173668324947
0, 467, 320, 11, 13, 0.011432643979787827
0, 344, 165, 39, 34, 0.01140056923031807
0, 380, 143, 33, 26, 0.011324794963002205
0, 251, 199, 13, 11, 0.011321527883410454
0, 444, 315, 30, 30, 0.011224702931940556
0, 312, 469, 33, 31, 0.011206597089767456
0, 543, 270, 39, 25, 0.0110100656747818
0, 351, 407, 33, 23, 0.010945615358650684
0, 312, 434, 41, 31, 0.010824757628142834
0, 308, 445, 25, 17, 0.010745087638497353
0, 360, 207, 10, 12, 0.010600563138723373
0, 361, 139, 13, 13, 0.010555572807788849
0, 448, 131, 15, 17, 0.010537082329392433
0, 461, 319, 33, 26, 0.010488537140190601
0, 307, 467, 70, 43, 0.010300412774085999
0, 499, 114, 20, 13, 0.010260884650051594
0, 515, 334, 58, 36, 0.010258657857775688
0, 494, 332, 11, 10, 0.010175476782023907
0, 373, 146, 29, 19, 0.00998288206756115
0, 482, 287, 15, 18, 0.009901914745569229
0, 434, 136, 11, 11, 0.009864459745585918
0, 183, 495, 20, 27, 0.009839175269007683
0, 544, 262, 34, 14, 0.009734050370752811
0, 358, 402, 26, 25, 0.009672448970377445
0, 305, 429, 27, 19, 0.009612780064344406
0, 540, 322, 22, 26, 0.009476112201809883
0, 287, 432, 212, 134, 0.009299995377659798
0, 448, 328, 40, 35, 0.009166196919977665
0, 286, 187, 46, 59, 0.009086084552109241
0, 588, 232, 17, 15, 0.00891940202564001
0, 421, 366, 29, 41, 0.008909943513572216
0, 367, 165, 79, 45, 0.008867330849170685
0, 530, 303, 65, 24, 0.008799214847385883
0, 347, 143, 45, 29, 0.008766557089984417
0, 418, 396, 20, 22, 0.008728708140552044
0, 533, 280, 27, 19, 0.00853106752038002
0, 576, 261, 23, 19, 0.008448039181530476
0, 452, 366, 15, 9, 0.008415905758738518
0, 570, 218, 93, 96, 0.008369111455976963
0, 190, 499, 32, 21, 0.008317052386701107
0, 280, 482, 17, 12, 0.008308793418109417
0, 360, 396, 14, 13, 0.008300499990582466
0, 597, 168, 14, 10, 0.008182807825505733
0, 425, 187, 24, 27, 0.007965137250721455
0, 232, 488, 40, 28, 0.007930614985525608
0, 182, 501, 16, 15, 0.0077736289240419865
0, 566, 294, 9, 9, 0.007628130726516247
0, 424, 386, 27, 33, 0.0075652203522622585
0, 370, 434, 36, 52, 0.007506590336561203
0, 336, 464, 16, 26, 0.007319098804146051
0, 438, 320, 17, 13, 0.00724044069647789
0, 333, 422, 30, 23, 0.007205406669527292
0, 443, 377, 191, 155, 0.0072004827670753
0, 302, 138, 56, 31, 0.007084366399794817
0, 501, 119, 19, 22, 0.007082243449985981
0, 328, 199, 84, 46, 0.0070355236530303955
0, 245, 199, 25, 14, 0.007010138593614101
0, 592, 178, 10, 10, 0.006958867888897657
0, 395, 424, 17, 11, 0.006845687050372362
0, 305, 207, 19, 20, 0.006825509015470743
0, 426, 365, 21, 20, 0.006825408898293972
0, 497, 332, 24, 18, 0.00682302750647068
0, 431, 362, 16, 14, 0.006809839978814125
0, 264, 449, 23, 27, 0.006767150945961475
0, 366, 446, 32, 29, 0.006733865477144718
0, 511, 264, 17, 16, 0.006720655132085085
0, 329, 191, 25, 17, 0.006572725251317024
0, 301, 451, 46, 60, 0.006353427190333605
0, 532, 253, 28, 27, 0.00632454501464963
0, 550, 242, 34, 23, 0.006321702152490616
0, 493, 269, 16, 12, 0.00630909251049161
0, 336, 205, 41, 35, 0.006168100517243147
0, 381, 389, 23, 29, 0.005984557792544365
0, 426, 396, 28, 23, 0.005943390540778637
0, 325, 213, 12, 15, 0.005855742841959
0, 336, 471, 15, 12, 0.005772972945123911
0, 480, 286, 47, 48, 0.005753603298217058
0, 486, 344, 17, 13, 0.005747065879404545
