0, 250, 461, 52, 36, 0.7328144311904907
0, 200, 441, 38, 38, 0.7320584654808044
0, 240, 386, 43, 35, 0.6965399980545044
0, 263, 534, 31, 30, 0.553650975227356
0, 229, 524, 28, 30, 0.36463695764541626
0, 128, 807, 29, 15, 0.23470617830753326
0, 299, 311, 25, 26, 0.21977320313453674
0, 218, 558, 26, 15, 0.08418162912130356
0, 219, 524, 29, 24, 0.05258472263813019
0, 329, 260, 11, 13, 0.04373262822628021
0, 221, 584, 35, 19, 0.03472352400422096
0, 219, 623, 10, 19, 0.02500963769853115
0, 249, 625, 13, 11, 0.02078600786626339
0, 249, 632, 15, 26, 0.018342632800340652
0, 283, 179, 26, 17, 0.016058949753642082
0, 292, 193, 59, 52, 0.012428601272404194
0, 284, 186, 38, 33, 0.009271245449781418
0, 124, 817, 34, 15, 0.00565733527764678
0, 300, 460, 21, 16, 0.005409085191786289
0, 125, 810, 37, 26, 0.005280051380395889
0, 201, 645, 18, 15, 0.005190394818782806
0, 224, 622, 22, 18, 0.004811654333025217
0, 283, 494, 7, 14, 0.004466149024665356
0, 295, 417, 22, 21, 0.0042476048693060875
0, 223, 279, 8, 13, 0.004162704572081566
0, 292, 202, 42, 25, 0.0041215368546545506
0, 212, 108, 29, 22, 0.0037642314564436674
0, 180, 342, 10, 10, 0.0036996486596763134
0, 294, 212, 26, 18, 0.0036753122694790363
0, 232, 140, 30, 23, 0.0035817283205688
0, 223, 446, 92, 58, 0.0033851582556962967
0, 309, 232, 13, 12, 0.003361934330314398
0, 236, 149, 20, 17, 0.0033482126891613007
0, 314, 179, 12, 11, 0.003219625912606716
0, 307, 228, 25, 22, 0.002416155533865094
0, 233, 143, 37, 40, 0.0023954794742166996
0, 314, 232, 20, 15, 0.0023554505314677954
0, 109, 807, 32, 18, 0.0023270859383046627
0, 220, 537, 42, 53, 0.002194723580032587
0, 302, 221, 39, 31, 0.0021167395170778036
0, 300, 426, 15, 15, 0.002057464560493827
0, 204, 556, 19, 14, 0.002016647020354867
0, 253, 531, 54, 33, 0.0018404364818707108
0, 315, 215, 21, 22, 0.001571213942952454
0, 309, 179, 15, 14, 0.0014880946837365627
0, 253, 427, 12, 11, 0.00148579862434417
0, 279, 379, 17, 16, 0.0014740671031177044
0, 291, 211, 81, 91, 0.0013693437213078141
0, 210, 165, 6, 9, 0.0012640546774491668
0, 204, 650, 29, 29, 0.0012631213758140802
0, 470, 38, 16, 76, 0.001246720552444458
0, 249, 194, 11, 14, 0.0012311338214203715
0, 284, 212, 53, 26, 0.0012141643092036247
0, 228, 416, 113, 102, 0.001170253031887114
0, 474, 9, 9, 17, 0.001110394368879497
0, 228, 165, 14, 17, 0.0011073036585003138
0, 460, 38, 36, 76, 0.0010137911885976791
0, 475, 915, 6, 101, 0.0009339093812741339
0, 209, 128, 11, 8, 0.0009220720967277884
0, 475, 623, 7, 118, 0.0008396514458581805
0, 474, 65, 9, 112, 0.0008240686147473752
0, 471, 771, 14, 210, 0.0007882381905801594
0, 231, 133, 30, 21, 0.0007715909741818905
0, 252, 622, 21, 28, 0.0007437298190779984
0, 475, 571, 7, 105, 0.000724918267223984
0, 253, 192, 13, 19, 0.0007118189241737127
0, 115, 781, 12, 17, 0.0007108566351234913
0, 228, 522, 53, 44, 0.0007091960869729519
0, 326, 261, 11, 16, 0.0006938103470019996
0, 118, 804, 49, 29, 0.0006701512029394507
0, 126, 779, 26, 24, 0.0006683688261546195
0, 273, 453, 71, 34, 0.0006646027904935181
0, 48, 749, 20, 18, 0.0006496424903161824
0, 112, 771, 22, 18, 0.00064464146271348
0, 236, 421, 49, 21, 0.00063447275897488
0, 145, 758, 16, 14, 0.0006329606985673308
0, 475, 815, 6, 115, 0.0006295578205026686
0, 475, 755, 6, 112, 0.0005939424736425281
0, 464, 22, 29, 44, 0.0005926071899011731
0, 235, 628, 39, 33, 0.0005886337603442371
0, 475, 669, 6, 109, 0.0005633106920868158
0, 471, 874, 14, 180, 0.0005609823274426162
0, 303, 165, 14, 10, 0.0005459917592816055
0, 260, 405, 89, 47, 0.0005291530396789312
0, 126, 767, 62, 34, 0.00052548514213413
0, 24, 331, 49, 406, 0.0005165041075088084
0, 301, 469, 19, 30, 0.0005118988920003176
0, 21, 214, 43, 402, 0.0005006111459806561
0, 471, 561, 14, 255, 0.00047918898053467274
0, 475, 717, 6, 113, 0.00047327898209914565
0, 476, 876, 5, 115, 0.00046454614493995905
0, 124, 769, 17, 17, 0.00045798777136951685
0, 11, 882, 22, 165, 0.00044504209654405713
0, 133, 763, 37, 19, 0.0004362264880910516
0, 258, 210, 11, 8, 0.0004334004770498723
0, 475, 101, 6, 106, 0.0003869375796057284
0, 143, 771, 41, 25, 0.00038234004750847816
0, 19, 539, 39, 384, 0.00037996494211256504
0, 243, 378, 56, 55, 0.0003757749800570309
0, 287, 167, 38, 15, 0.00037571071879938245
0, 15, 6, 30, 12, 0.00037545058876276016
0, 204, 337, 13, 17, 0.0003722872061189264
0, 224, 171, 15, 15, 0.00036747113335877657
0, 466, 68, 25, 136, 0.0003644597309175879
0, 474, 525, 8, 109, 0.00036392195033840835
0, 441, 28, 75, 56, 0.0003578230971470475
0, 160, 693, 29, 18, 0.00035691942321136594
0, 112, 779, 36, 27, 0.0003538357268553227
0, 475, 950, 7, 37, 0.0003514022391755134
0, 147, 770, 18, 10, 0.0003449057985562831
0, 450, 17, 57, 34, 0.0003410858626011759
0, 257, 235, 11, 10, 0.0003369523328728974
0, 103, 771, 18, 14, 0.00032736887806095183
0, 471, 933, 15, 71, 0.00032359780743718147
0, 262, 561, 25, 16, 0.0003163645160384476
0, 474, 438, 8, 109, 0.0003158178587909788
0, 471, 684, 14, 251, 0.00029849924612790346
0, 133, 777, 12, 14, 0.0002927520254161209
0, 299, 230, 43, 27, 0.00029044426628388464
0, 475, 391, 7, 106, 0.0002886700094677508
0, 269, 418, 10, 10, 0.0002877152001019567
0, 109, 743, 18, 14, 0.0002873547200579196
0, 449, 8, 59, 17, 0.0002863529371097684
0, 256, 615, 19, 29, 0.00028513980214484036
0, 284, 283, 10, 9, 0.0002825551200658083
0, 219, 664, 18, 16, 0.0002794426109176129
0, 279, 162, 17, 7, 0.00027816990041173995
0, 156, 770, 21, 12, 0.00027777263312600553
0, 471, 92, 15, 159, 0.0002755230525508523
0, 475, 138, 6, 109, 0.00027379579842090607
0, 290, 444, 40, 33, 0.0002723939542192966
0, 37, 5, 75, 10, 0.0002657540317159146
0, 263, 520, 42, 57, 0.0002588359930086881
0, 254, 494, 74, 53, 0.00025720620760694146
0, 14, 17, 28, 33, 0.0002543801674619317
0, 278, 263, 17, 12, 0.0002487321035005152
0, 275, 493, 23, 23, 0.0002459852839820087
0, 231, 639, 39, 19, 0.00024517092970199883
0, 13, 128, 26, 256, 0.00024414551444351673
0, 270, 534, 51, 39, 0.00024225038941949606
0, 13, 49, 27, 96, 0.0002411288587609306
0, 255, 620, 33, 50, 0.00023591214267071337
0, 264, 432, 89, 52, 0.00023474518093280494
0, 225, 621, 39, 28, 0.00023159100965131074
0, 266, 219, 10, 12, 0.00023090509057510644
0, 475, 260, 7, 110, 0.00022941789939068258
0, 474, 357, 8, 110, 0.00022565956169273704
0, 137, 789, 56, 45, 0.00022122182417660952
0, 265, 464, 94, 36, 0.00021180698240641505
0, 11, 770, 22, 216, 0.00020985586161259562
0, 466, 901, 25, 133, 0.00020492248586378992
0, 475, 207, 7, 102, 0.0002027550362981856
0, 429, 817, 8, 9, 0.00019561090448405594
0, 31, 21, 62, 42, 0.00019151090236846358
0, 475, 319, 7, 106, 0.00019075932505074888
0, 17, 629, 35, 216, 0.00018946181808132678
0, 311, 239, 23, 32, 0.00017903803382068872
0, 14, 938, 29, 63, 0.00017785481759347022
0, 219, 130, 30, 15, 0.00017739685426931828
0, 475, 478, 6, 103, 0.00017596976249478757
0, 463, 620, 30, 195, 0.00017049860616680235
0, 466, 954, 24, 30, 0.0001675956737017259
0, 239, 494, 85, 96, 0.00016166645218618214
0, 264, 564, 18, 10, 0.00016130013682413846
0, 273, 512, 27, 40, 0.0001582600234542042
0, 121, 741, 41, 25, 0.0001532527239760384
0, 164, 688, 21, 19, 0.00015300246013794094
0, 200, 427, 36, 48, 0.00015174482541624457
0, 244, 555, 65, 27, 0.0001479275815654546
0, 223, 386, 64, 47, 0.00014752837887499481
0, 137, 733, 19, 22, 0.0001459808408981189
0, 145, 612, 18, 17, 0.00014519815158564597
0, 12, 693, 24, 239, 0.000143248398671858
0, 429, 6, 95, 12, 0.00014280392497312278
0, 302, 255, 50, 25, 0.00014238039148040116
0, 55, 43, 110, 87, 0.000140224103233777
0, 290, 283, 16, 12, 0.00013961251534055918
0, 429, 464, 11, 11, 0.00013703164586331695
0, 223, 404, 71, 80, 0.00013505779497791082
0, 231, 648, 33, 17, 0.00013484236842487007
0, 211, 491, 9, 8, 0.000133555950014852
0, 471, 391, 14, 239, 0.00012815609807148576
0, 286, 378, 21, 16, 0.00012460036668926477
0, 270, 386, 67, 41, 0.000123778052511625
0, 39, 169, 78, 319, 0.00012296643399167806
0, 62, 16, 124, 32, 0.0001217559038195759
0, 218, 562, 37, 20, 0.00012091904500266537
0, 146, 625, 13, 10, 0.00011735004227375612
0, 291, 302, 39, 47, 0.00011584730236791074
0, 214, 637, 54, 56, 0.00011363795056240633
0, 463, 555, 30, 169, 0.00011297779565211385
0, 343, 452, 9, 8, 0.000112496069050394
0, 134, 743, 16, 11, 0.0001099195287679322
0, 153, 781, 24, 16, 0.00010974714678013697
0, 226, 589, 46, 33, 0.00010907857358688489
0, 266, 604, 13, 16, 0.0001066915356204845
0, 464, 747, 28, 164, 0.00010587911674520001
0, 243, 175, 16, 17, 0.00010571617895038798
0, 236, 225, 14, 11, 0.00010488196858204901
0, 260, 219, 18, 17, 0.0001026357858791016
0, 449, 781, 59, 309, 0.00010262139403494075
0, 292, 316, 52, 45, 0.00010255213419441134
0, 141, 723, 19, 16, 0.00010239471885142848
0, 231, 662, 25, 20, 9.794798097573221e-05
0, 409, 75, 138, 150, 9.751341713126749e-05
0, 280, 163, 26, 15, 9.569629037287086e-05
0, 112, 762, 43, 23, 9.525982022751123e-05
0, 448, 50, 60, 101, 9.512846736470237e-05
0, 465, 120, 27, 161, 9.482759924139827e-05
0, 235, 114, 11, 11, 9.247702109860256e-05
0, 224, 243, 12, 12, 9.173057333100587e-05
0, 178, 425, 91, 102, 8.923634595703334e-05
0, 450, 871, 57, 194, 8.757653995417058e-05
0, 197, 646, 32, 22, 8.715166768524796e-05
0, 240, 574, 62, 18, 8.697831071913242e-05
0, 224, 240, 14, 13, 8.611635712441057e-05
0, 327, 243, 12, 46, 8.245579374488443e-05
0, 466, 810, 25, 176, 8.242198236985132e-05
0, 153, 609, 32, 28, 8.132513903547078e-05
0, 145, 731, 19, 18, 8.082669955911115e-05
0, 145, 724, 16, 12, 8.048550807870924e-05
0, 253, 231, 20, 24, 7.980836380738765e-05
0, 265, 237, 12, 10, 7.858253229642287e-05
0, 262, 603, 15, 20, 7.851197733543813e-05
0, 471, 256, 14, 228, 7.784452463965863e-05
0, 255, 209, 26, 16, 7.694149826420471e-05
0, 131, 800, 41, 33, 7.688385085202754e-05
0, 126, 726, 24, 23, 7.459242624463513e-05
0, 110, 739, 28, 27, 7.115789776435122e-05
0, 278, 375, 34, 18, 6.896520062582567e-05
0, 463, 696, 30, 149, 6.881640001665801e-05
0, 330, 256, 12, 24, 6.846203177701682e-05
0, 300, 177, 45, 36, 6.795656372560188e-05
0, 150, 617, 29, 26, 6.593603757210076e-05
0, 363, 105, 230, 208, 6.394038064172491e-05
0, 224, 223, 14, 11, 6.364630826283246e-05
0, 340, 54, 277, 108, 6.33104718872346e-05
0, 152, 580, 11, 12, 6.303395639406517e-05
0, 75, 503, 11, 9, 6.236692570382729e-05
0, 158, 603, 14, 12, 6.138216122053564e-05
0, 419, 17, 118, 35, 6.057291466277093e-05
0, 88, 794, 12, 11, 5.988233533571474e-05
0, 303, 243, 41, 41, 5.941317795077339e-05
0, 235, 596, 44, 21, 5.917580347158946e-05
0, 157, 613, 21, 24, 5.871347457286902e-05
0, 214, 625, 38, 30, 5.8449852076591924e-05
0, 241, 224, 15, 10, 5.768447954324074e-05
0, 187, 644, 29, 17, 5.7635214034235105e-05
0, 243, 218, 38, 22, 5.7606092013884336e-05
0, 227, 232, 17, 17, 5.70362972212024e-05
0, 409, 947, 139, 45, 5.6966768170241266e-05
0, 148, 763, 40, 25, 5.662015246343799e-05
0, 471, 178, 15, 233, 5.4646046919515356e-05
0, 297, 344, 21, 16, 5.4198477300815284e-05
0, 462, 239, 32, 152, 5.331588181434199e-05
0, 230, 238, 16, 11, 5.144849274074659e-05
0, 462, 430, 32, 152, 5.1448347221594304e-05
0, 156, 697, 33, 31, 5.023398989578709e-05
0, 246, 356, 39, 32, 4.9627473345026374e-05
0, 19, 852, 39, 193, 4.932715819450095e-05
0, 89, 26, 178, 52, 4.834389255847782e-05
0, 239, 118, 14, 13, 4.822169285034761e-05
0, 152, 706, 19, 11, 4.81770584883634e-05
0, 287, 264, 25, 15, 4.749635263578966e-05
0, 217, 570, 47, 48, 4.724077007267624e-05
0, 139, 740, 38, 29, 4.560458182822913e-05
0, 21, 77, 42, 155, 4.440623888513073e-05
0, 446, 149, 64, 290, 4.249441553838551e-05
0, 244, 604, 12, 16, 4.1808667447185144e-05
0, 294, 358, 12, 12, 4.17783776356373e-05
0, 223, 215, 12, 12, 4.128878936171532e-05
0, 181, 742, 14, 12, 4.0379174606641755e-05
0, 175, 638, 7, 8, 3.987885793321766e-05
0, 242, 660, 19, 16, 3.981107147410512e-05
0, 460, 302, 37, 176, 3.9417205698555335e-05
0, 448, 646, 60, 347, 3.9411341276718304e-05
0, 211, 169, 7, 18, 3.89802225981839e-05
0, 239, 190, 25, 15, 3.837357144220732e-05
0, 184, 729, 13, 12, 3.806221502600238e-05
0, 110, 722, 14, 11, 3.726263821590692e-05
0, 462, 502, 33, 158, 3.639729766291566e-05
0, 105, 788, 48, 38, 3.6191770050209016e-05
0, 162, 699, 57, 56, 3.503928746795282e-05
0, 461, 181, 34, 133, 3.471314994385466e-05
0, 283, 492, 23, 19, 3.434668178670108e-05
0, 293, 269, 12, 9, 3.425434260861948e-05
0, 330, 263, 13, 21, 3.4253986086696386e-05
0, 462, 356, 33, 128, 3.3378357329638675e-05
0, 248, 350, 17, 16, 3.331497646286152e-05
0, 272, 305, 42, 28, 3.3056800020858645e-05
0, 213, 125, 31, 32, 3.216710683773272e-05
0, 292, 70, 9, 10, 3.168603143421933e-05
