0, 831, 267, 34, 54, 0.592231273651123
0, 443, 651, 146, 104, 0.4176987111568451
0, 1022, 177, 61, 61, 0.4083521366119385
0, 796, 474, 52, 39, 0.37611645460128784
0, 953, 268, 25, 18, 0.30589208006858826
0, 339, 669, 68, 57, 0.2957035005092621
0, 812, 409, 36, 21, 0.28578606247901917
0, 754, 429, 61, 44, 0.22935159504413605
0, 787, 333, 108, 60, 0.21932175755500793
0, 778, 340, 68, 48, 0.208112895488739
0, 821, 376, 19, 13, 0.15601429343223572
0, 1026, 191, 52, 35, 0.1386704444885254
0, 708, 477, 25, 31, 0.12839914858341217
0, 768, 436, 32, 32, 0.12474369257688522
0, 949, 208, 29, 20, 0.1224031075835228
0, 527, 577, 56, 45, 0.12108483165502548
0, 849, 336, 29, 18, 0.10106540471315384
0, 781, 478, 79, 55, 0.09825394302606583
0, 540, 567, 29, 24, 0.08647944033145905
0, 852, 344, 37, 34, 0.08608070015907288
0, 880, 309, 21, 31, 0.08191528916358948
0, 816, 317, 33, 19, 0.07241841405630112
0, 467, 643, 90, 71, 0.0681246817111969
0, 750, 505, 16, 14, 0.06412811577320099
0, 436, 634, 103, 63, 0.06397876888513565
0, 714, 440, 29, 24, 0.0627066045999527
0, 956, 262, 43, 35, 0.06134020537137985
0, 970, 245, 16, 19, 0.05989813432097435
0, 515, 577, 29, 37, 0.059414129704236984
0, 723, 455, 19, 15, 0.057160425931215286
0, 949, 247, 14, 20, 0.05640161782503128
0, 1035, 198, 33, 22, 0.05324316397309303
0, 715, 470, 41, 48, 0.051439493894577026
0, 739, 419, 33, 36, 0.04783467948436737
0, 951, 271, 38, 26, 0.04776213690638542
0, 810, 414, 44, 37, 0.04705457389354706
0, 849, 395, 22, 21, 0.04608786478638649
0, 883, 298, 28, 50, 0.04456019774079323
0, 390, 645, 33, 27, 0.0444156751036644
0, 883, 287, 24, 26, 0.04055419936776161
0, 851, 277, 21, 33, 0.036249853670597076
0, 407, 633, 71, 58, 0.035997506231069565
0, 752, 486, 35, 24, 0.03492160141468048
0, 924, 236, 15, 16, 0.033511772751808167
0, 756, 473, 46, 47, 0.03345339000225067
0, 527, 598, 62, 86, 0.0323822982609272
0, 757, 460, 32, 23, 0.030340244993567467
0, 791, 424, 62, 47, 0.030185433104634285
0, 463, 635, 40, 46, 0.029652124270796776
0, 991, 212, 17, 13, 0.029507745057344437
0, 1028, 164, 42, 36, 0.029484661296010017
0, 848, 363, 25, 20, 0.028117556124925613
0, 419, 622, 62, 39, 0.027674922719597816
0, 425, 678, 78, 50, 0.02685881033539772
0, 525, 623, 54, 50, 0.025998977944254875
0, 972, 253, 20, 27, 0.025123126804828644
0, 541, 599, 27, 17, 0.02502867951989174
0, 630, 533, 23, 23, 0.024841366335749626
0, 987, 213, 22, 18, 0.024776125326752663
0, 414, 673, 47, 37, 0.023621967062354088
0, 499, 652, 22, 20, 0.023060742765665054
0, 495, 617, 125, 110, 0.023006413131952286
0, 459, 663, 95, 77, 0.021944141015410423
0, 894, 208, 19, 20, 0.02124514803290367
0, 742, 483, 27, 22, 0.020962409675121307
0, 746, 454, 90, 87, 0.020468812435865402
0, 731, 471, 78, 50, 0.02000933699309826
0, 713, 538, 20, 16, 0.01991776004433632
0, 443, 681, 64, 40, 0.0192143265157938
0, 821, 370, 23, 30, 0.018526654690504074
0, 765, 515, 16, 17, 0.018314465880393982
0, 515, 642, 53, 44, 0.01828133873641491
0, 398, 681, 36, 28, 0.018212400376796722
0, 854, 374, 26, 18, 0.01773151569068432
0, 790, 518, 20, 28, 0.01738281361758709
0, 845, 387, 31, 33, 0.017212074249982834
0, 628, 520, 27, 27, 0.016760671511292458
0, 984, 289, 21, 13, 0.01611064188182354
0, 931, 202, 17, 20, 0.015923859551548958
0, 842, 271, 39, 46, 0.015477389097213745
0, 532, 619, 34, 30, 0.014783116057515144
0, 432, 628, 262, 158, 0.014681082218885422
0, 736, 534, 16, 20, 0.014526892453432083
0, 757, 511, 28, 27, 0.01404943224042654
0, 492, 659, 52, 43, 0.013916120864450932
0, 515, 651, 36, 28, 0.01352736260741949
0, 782, 494, 56, 76, 0.013421484269201756
0, 921, 284, 21, 14, 0.012970881536602974
0, 876, 260, 21, 18, 0.012553487904369831
0, 837, 328, 66, 46, 0.012034958228468895
0, 470, 622, 28, 31, 0.011721532791852951
0, 472, 588, 31, 26, 0.011650077998638153
0, 879, 266, 24, 25, 0.011569328606128693
0, 522, 625, 23, 23, 0.01101884339004755
0, 464, 595, 58, 41, 0.011006385087966919
0, 819, 348, 26, 27, 0.010426472872495651
0, 809, 381, 49, 30, 0.010212027467787266
0, 1111, 265, 19, 17, 0.009939759038388729
0, 966, 250, 35, 27, 0.009870796464383602
0, 439, 613, 21, 19, 0.00983673706650734
0, 751, 494, 47, 46, 0.009701625443994999
0, 713, 464, 63, 73, 0.009443669579923153
0, 621, 526, 43, 39, 0.007680699694901705
0, 407, 665, 67, 61, 0.0076168798841536045
0, 756, 460, 138, 117, 0.0075272126123309135
0, 825, 404, 74, 42, 0.007391432300209999
0, 983, 218, 27, 29, 0.007252924144268036
0, 850, 401, 37, 37, 0.007157452870160341
0, 941, 243, 34, 31, 0.006971621420234442
0, 580, 631, 18, 20, 0.006928939372301102
0, 800, 364, 34, 19, 0.006489763502031565
0, 967, 227, 17, 22, 0.006473262328654528
0, 777, 424, 125, 70, 0.006439527031034231
0, 184, 486, 26, 17, 0.006344393827021122
0, 861, 316, 69, 60, 0.006322223227471113
0, 721, 562, 16, 17, 0.006013515405356884
0, 881, 278, 25, 19, 0.005945892538875341
0, 964, 274, 44, 19, 0.005928991828113794
0, 460, 685, 39, 31, 0.00589354895055294
0, 794, 301, 122, 124, 0.005570492707192898
0, 941, 276, 64, 35, 0.005417215637862682
0, 732, 429, 72, 63, 0.0053438362665474415
0, 793, 397, 33, 28, 0.005124310031533241
0, 706, 479, 45, 38, 0.005104882176965475
0, 700, 554, 19, 16, 0.004976465366780758
0, 947, 213, 37, 34, 0.004799358081072569
0, 841, 376, 58, 31, 0.004485336598008871
0, 848, 259, 38, 50, 0.004057828336954117
0, 582, 578, 18, 15, 0.0038820288609713316
0, 412, 701, 25, 20, 0.003610054962337017
0, 747, 415, 54, 44, 0.0035124714486300945
0, 506, 648, 71, 77, 0.003380807815119624
0, 597, 631, 13, 14, 0.0032878576312214136
0, 725, 529, 28, 24, 0.002921950537711382
0, 904, 260, 20, 15, 0.0028295330703258514
0, 999, 244, 11, 12, 0.0028284972067922354
0, 992, 274, 18, 12, 0.0025577095802873373
0, 890, 208, 32, 26, 0.0024993144907057285
0, 49, 4, 97, 9, 0.0023262149188667536
0, 691, 553, 33, 18, 0.0022958237677812576
0, 452, 608, 77, 55, 0.0022437102161347866
0, 882, 208, 20, 19, 0.0021891524083912373
0, 750, 518, 46, 39, 0.0021887223701924086
0, 581, 565, 21, 20, 0.0021775122731924057
0, 381, 646, 117, 87, 0.002057511592283845
0, 175, 611, 18, 17, 0.0020289584062993526
0, 940, 253, 58, 40, 0.0019804686307907104
0, 825, 296, 65, 75, 0.001970557728782296
0, 712, 551, 38, 41, 0.001743196975439787
0, 700, 541, 43, 25, 0.001733036246150732
0, 806, 430, 70, 29, 0.0016968093113973737
0, 691, 501, 15, 21, 0.001669997232966125
0, 576, 552, 13, 16, 0.0016005001962184906
0, 500, 588, 117, 66, 0.001526542822830379
0, 794, 385, 37, 28, 0.0015052008675411344
0, 723, 556, 19, 20, 0.0014236015267670155
0, 961, 218, 49, 39, 0.0014049493474885821
0, 852, 350, 50, 58, 0.0013646684819832444
0, 1007, 293, 18, 16, 0.0013245076406747103
0, 160, 470, 17, 13, 0.00127230875659734
0, 899, 259, 87, 56, 0.0012237384216859937
0, 870, 253, 25, 44, 0.0011552810901775956
0, 612, 533, 61, 57, 0.0011412063613533974
0, 597, 540, 21, 21, 0.0010994671611115336
0, 695, 556, 39, 28, 0.0010859934845939279
0, 941, 279, 84, 57, 0.0010547980200499296
0, 561, 611, 61, 60, 0.0010351997334510088
0, 897, 287, 54, 30, 0.001008744235150516
0, 839, 437, 12, 15, 0.000996640883386135
0, 737, 526, 80, 48, 0.0009915048722177744
0, 709, 538, 59, 41, 0.0009869528003036976
0, 701, 487, 68, 59, 0.0009845654712989926
0, 897, 269, 66, 36, 0.000978959840722382
0, 545, 576, 71, 55, 0.0009620122727937996
0, 915, 243, 34, 30, 0.0009434691164642572
0, 737, 360, 25, 17, 0.0009423847659491003
0, 186, 611, 19, 19, 0.0009305106359533966
0, 99, 6, 193, 13, 0.0009119930909946561
0, 1054, 213, 11, 13, 0.000871859781909734
0, 921, 317, 10, 9, 0.0007911914144642651
0, 581, 595, 19, 29, 0.0007708384655416012
0, 761, 347, 76, 44, 0.0007627211743965745
0, 918, 291, 68, 49, 0.0007477952749468386
0, 977, 197, 121, 65, 0.0007213441422209144
0, 931, 209, 63, 29, 0.0006859683780930936
0, 712, 528, 77, 47, 0.0006856170948594809
0, 162, 17, 320, 35, 0.0006633074954152107
0, 990, 249, 40, 24, 0.0006406838074326515
0, 176, 481, 46, 30, 0.0006319055682979524
0, 820, 270, 63, 70, 0.0006263729883357882
0, 961, 276, 60, 37, 0.0005962066352367401
0, 916, 219, 36, 31, 0.0005952629144303501
0, 691, 545, 48, 39, 0.0005727563984692097
0, 986, 259, 41, 28, 0.0005423415568657219
0, 1011, 204, 76, 39, 0.0005256208823993802
0, 994, 220, 44, 35, 0.0005186832859180868
0, 780, 382, 132, 138, 0.0005076401866972446
0, 674, 508, 17, 20, 0.0005067286547273397
0, 866, 270, 70, 68, 0.0004908012342639267
0, 587, 634, 35, 23, 0.0004690972564276308
0, 583, 555, 40, 44, 0.00045151051017455757
0, 684, 489, 35, 46, 0.0004323797475080937
0, 21, 1, 43, 3, 0.00042751283035613596
0, 32, 10, 64, 21, 0.00040954406722448766
0, 843, 259, 67, 74, 0.00037717469967901707
0, 579, 617, 21, 20, 0.00037659768713638186
0, 9, 26, 18, 53, 0.0003677446220535785
0, 567, 606, 16, 27, 0.00036167469806969166
0, 575, 562, 27, 31, 0.00035773272975347936
0, 191, 6, 383, 12, 0.00034993563895113766
0, 571, 551, 19, 15, 0.0003413204103708267
0, 580, 578, 36, 50, 0.00032522802939638495
0, 1046, 272, 20, 16, 0.000317132449708879
0, 578, 630, 36, 31, 0.0003092781116720289
0, 179, 617, 35, 36, 0.0003086501092184335
0, 18, 15, 36, 31, 0.0002740713534876704
0, 602, 551, 70, 49, 0.00025371817173436284
0, 723, 558, 28, 30, 0.0002474915818311274
0, 691, 524, 28, 23, 0.00024589337408542633
0, 874, 314, 120, 72, 0.00024324606056325138
0, 936, 201, 66, 53, 0.00021738435316365212
0, 861, 208, 12, 14, 0.00021589342213701457
0, 191, 631, 15, 11, 0.0002151427761418745
0, 545, 609, 108, 110, 0.0002149865176761523
0, 111, 37, 223, 74, 0.00021189908147789538
0, 594, 599, 8, 12, 0.00021182454656809568
0, 353, 682, 55, 56, 0.0002094233059324324
0, 197, 397, 11, 11, 0.00020864163525402546
0, 22, 32, 44, 65, 0.00020777073223143816
0, 269, 695, 15, 15, 0.0002069320617010817
0, 306, 3, 287, 6, 0.00020590097119566053
0, 352, 655, 102, 82, 0.00020153557125013322
0, 43, 22, 86, 44, 0.00019207615696359426
0, 1024, 211, 64, 39, 0.00019189146405551583
0, 597, 620, 16, 25, 0.000186362347449176
0, 322, 16, 397, 33, 0.0001624856813577935
0, 822, 410, 92, 77, 0.00016031743143685162
0, 761, 388, 109, 88, 0.00015703265671618283
0, 377, 5, 547, 11, 0.00014963936700951308
0, 242, 500, 14, 15, 0.0001482977531850338
0, 1002, 278, 25, 21, 0.00013638820382766426
0, 661, 504, 17, 19, 0.00013496895553544164
0, 163, 545, 11, 13, 0.0001321845775237307
0, 779, 431, 158, 156, 0.0001320108858635649
0, 881, 221, 50, 36, 0.00013131510058883578
0, 167, 620, 15, 24, 0.00012600691115949303
0, 7, 40, 13, 81, 0.00012346814037300646
0, 961, 260, 60, 74, 0.00012149715621490031
0, 862, 230, 17, 18, 0.00012001945287920535
0, 977, 294, 58, 25, 0.00011671672109514475
0, 157, 403, 27, 36, 0.00010574774205451831
0, 15, 836, 30, 2, 0.0001039619164657779
0, 523, 564, 78, 70, 0.00010342638415750116
0, 147, 491, 18, 12, 9.988382953451946e-05
0, 1047, 265, 21, 21, 9.916426643030718e-05
0, 809, 454, 76, 84, 9.511631651548669e-05
0, 748, 513, 133, 122, 9.1904541477561e-05
0, 680, 510, 31, 23, 9.069353109225631e-05
0, 576, 642, 59, 49, 8.649139635963365e-05
0, 430, 621, 161, 106, 8.600820001447573e-05
0, 197, 483, 54, 25, 8.551913197152317e-05
0, 1131, 7, 209, 15, 8.459304081043229e-05
0, 906, 303, 71, 52, 8.193589019356295e-05
0, 405, 3, 307, 7, 8.066099690040573e-05
0, 580, 836, 136, 3, 7.989265577634797e-05
0, 913, 287, 177, 118, 7.971549348440021e-05
0, 1203, 1, 64, 2, 7.87754324846901e-05
0, 212, 480, 22, 20, 7.675828965147957e-05
0, 690, 459, 93, 109, 7.579488737974316e-05
0, 57, 829, 114, 16, 7.557872595498338e-05
0, 1021, 210, 78, 120, 7.540278602391481e-05
0, 594, 627, 25, 26, 7.484629895770922e-05
0, 702, 559, 65, 66, 7.32248809072189e-05
0, 546, 563, 49, 65, 7.179889507824555e-05
0, 210, 376, 12, 12, 7.178006489994004e-05
0, 155, 472, 34, 17, 6.761571421520784e-05
0, 18, 69, 36, 138, 6.743457925040275e-05
0, 446, 586, 143, 94, 6.69481887598522e-05
0, 933, 299, 118, 59, 6.497529102489352e-05
0, 465, 685, 207, 210, 6.461740122176707e-05
0, 57, 619, 115, 234, 6.438305717892945e-05
0, 862, 344, 78, 82, 6.351631600409746e-05
0, 42, 836, 83, 3, 6.273615872487426e-05
0, 24, 413, 49, 401, 6.27009867457673e-05
0, 507, 16, 409, 33, 6.1491307860706e-05
0, 991, 295, 39, 19, 6.12629228271544e-05
0, 30, 305, 60, 454, 6.0675527493003756e-05
0, 46, 39, 93, 79, 5.894842979614623e-05
0, 858, 335, 247, 94, 5.7648685469757766e-05
0, 1024, 816, 107, 43, 5.7407738495385274e-05
0, 47, 514, 95, 434, 5.715978841180913e-05
0, 261, 393, 18, 16, 5.6749613577267155e-05
0, 798, 381, 371, 241, 5.611803135252558e-05
0, 529, 836, 128, 3, 5.576333569479175e-05
0, 518, 3, 298, 7, 5.548236731556244e-05
0, 46, 551, 91, 196, 5.496055382536724e-05
0, 637, 526, 65, 49, 5.420256275101565e-05
0, 189, 641, 18, 19, 5.399846486398019e-05
0, 489, 574, 167, 88, 4.990577508579008e-05
0, 686, 3, 284, 7, 4.8586996854282916e-05
