0, 330, 302, 61, 45, 0.309043824672699
0, 440, 265, 305, 254, 0.1728162318468094
0, 369, 366, 59, 46, 0.155294731259346
0, 233, 393, 129, 98, 0.1475502997636795
0, 430, 264, 74, 46, 0.14350196719169617
0, 272, 427, 52, 30, 0.11965521425008774
0, 193, 380, 42, 31, 0.11881544440984726
0, 158, 402, 31, 24, 0.11327509582042694
0, 409, 234, 29, 36, 0.10813635587692261
0, 470, 196, 72, 63, 0.1000436469912529
0, 258, 410, 78, 61, 0.09933044016361237
0, 543, 210, 56, 32, 0.08751741051673889
0, 263, 425, 31, 24, 0.07678278535604477
0, 203, 394, 63, 63, 0.07202352583408356
0, 408, 285, 79, 69, 0.07141803205013275
0, 530, 215, 84, 51, 0.06666572391986847
0, 198, 467, 27, 25, 0.06561198830604553
0, 497, 150, 34, 23, 0.060123998671770096
0, 409, 270, 55, 38, 0.05995563790202141
0, 560, 154, 26, 20, 0.05698278918862343
0, 229, 380, 60, 72, 0.055028095841407776
0, 327, 296, 42, 27, 0.05268201604485512
0, 494, 223, 91, 52, 0.05215762183070183
0, 357, 368, 34, 35, 0.0503806509077549
0, 395, 302, 113, 45, 0.04641630873084068
0, 405, 305, 49, 25, 0.04542612284421921
0, 443, 248, 72, 55, 0.044659603387117386
0, 421, 227, 56, 51, 0.04449152946472168
0, 485, 216, 57, 38, 0.04205336049199104
0, 464, 288, 55, 34, 0.040967073291540146
0, 479, 211, 36, 22, 0.03864612802863121
0, 415, 249, 50, 69, 0.038308680057525635
0, 238, 363, 25, 31, 0.03796366974711418
0, 195, 407, 41, 46, 0.03695674240589142
0, 525, 178, 20, 17, 0.036123018711805344
0, 486, 198, 201, 119, 0.03550883010029793
0, 472, 175, 81, 73, 0.03509372100234032
0, 260, 357, 16, 23, 0.03420134633779526
0, 407, 226, 20, 19, 0.03354789316654205
0, 463, 186, 47, 35, 0.03344402462244034
0, 623, 140, 32, 23, 0.03341100737452507
0, 279, 395, 44, 39, 0.03180258721113205
0, 439, 261, 50, 25, 0.03137699514627457
0, 259, 438, 63, 54, 0.03113578073680401
0, 517, 228, 46, 36, 0.03020278364419937
0, 437, 232, 89, 65, 0.029841985553503036
0, 511, 212, 117, 80, 0.029329363256692886
0, 409, 266, 33, 26, 0.02872048318386078
0, 482, 193, 109, 107, 0.028245503082871437
0, 218, 390, 28, 20, 0.02762041985988617
0, 435, 319, 41, 29, 0.027290290221571922
0, 215, 366, 94, 90, 0.026909755542874336
0, 483, 155, 70, 34, 0.026085205376148224
0, 224, 394, 42, 31, 0.025562142953276634
0, 446, 300, 84, 43, 0.025556912645697594
0, 543, 200, 66, 66, 0.02534918114542961
0, 183, 383, 21, 22, 0.024751082062721252
0, 343, 313, 30, 22, 0.024561988189816475
0, 228, 435, 14, 18, 0.024184610694646835
0, 440, 314, 31, 16, 0.024089710786938667
0, 469, 221, 69, 49, 0.023986374959349632
0, 460, 208, 72, 32, 0.02325327694416046
0, 243, 369, 51, 54, 0.02217099256813526
0, 525, 228, 28, 18, 0.02207810804247856
0, 449, 263, 27, 20, 0.021551387384533882
0, 279, 320, 26, 17, 0.020274784415960312
0, 406, 307, 65, 41, 0.020242217928171158
0, 287, 326, 50, 33, 0.020029542967677116
0, 234, 402, 44, 29, 0.01968063786625862
0, 532, 219, 51, 38, 0.019641075283288956
0, 373, 297, 61, 33, 0.018658092245459557
0, 382, 356, 51, 29, 0.018113726750016212
0, 442, 208, 42, 18, 0.017395125702023506
0, 426, 327, 65, 55, 0.017133912071585655
0, 400, 352, 63, 51, 0.01687690243124962
0, 462, 293, 28, 22, 0.016652431339025497
0, 204, 374, 51, 47, 0.01661444827914238
0, 388, 361, 28, 17, 0.01657956652343273
0, 417, 340, 33, 29, 0.016506411135196686
0, 436, 215, 45, 29, 0.015997178852558136
0, 230, 409, 70, 69, 0.015995556488633156
0, 423, 334, 34, 23, 0.015982015058398247
0, 390, 299, 48, 34, 0.015782317146658897
0, 421, 261, 39, 34, 0.014451084658503532
0, 245, 447, 45, 44, 0.014424907974898815
0, 247, 354, 36, 35, 0.014021031558513641
0, 428, 279, 152, 86, 0.013937139883637428
0, 475, 183, 46, 30, 0.013915897347033024
0, 197, 422, 31, 23, 0.013461212627589703
0, 417, 277, 20, 17, 0.012360560707747936
0, 470, 240, 94, 68, 0.012209707871079445
0, 348, 351, 21, 38, 0.011977451853454113
0, 554, 190, 22, 18, 0.011801320128142834
0, 478, 282, 22, 19, 0.011578312143683434
0, 239, 346, 46, 44, 0.011541910469532013
0, 289, 396, 49, 26, 0.011321180500090122
0, 323, 302, 58, 24, 0.011283950880169868
0, 451, 195, 19, 18, 0.01119037065654993
0, 173, 394, 62, 41, 0.010916811414062977
0, 272, 390, 25, 20, 0.010847752913832664
0, 447, 206, 104, 99, 0.010804975405335426
0, 350, 361, 20, 22, 0.01066791545599699
0, 453, 252, 37, 42, 0.010614455677568913
0, 449, 201, 36, 28, 0.010320254601538181
0, 504, 156, 30, 24, 0.010302663780748844
0, 213, 417, 75, 52, 0.010139002464711666
0, 414, 259, 81, 94, 0.010093668475747108
0, 242, 405, 30, 21, 0.009862085804343224
0, 227, 431, 18, 28, 0.009844890795648098
0, 249, 337, 15, 19, 0.009665112011134624
0, 351, 295, 89, 30, 0.009390740655362606
0, 437, 209, 22, 15, 0.009383202530443668
0, 387, 290, 69, 45, 0.00932379812002182
0, 455, 234, 31, 23, 0.009294065646827221
0, 426, 210, 21, 15, 0.009273567236959934
0, 426, 336, 12, 13, 0.009252906776964664
0, 247, 336, 38, 30, 0.009156301617622375
0, 336, 328, 63, 62, 0.009061924181878567
0, 266, 388, 55, 29, 0.009044377133250237
0, 374, 293, 41, 21, 0.008891141973435879
0, 558, 204, 18, 13, 0.008781732060015202
0, 390, 270, 21, 22, 0.008575215004384518
0, 459, 241, 40, 40, 0.008466552942991257
0, 470, 179, 23, 19, 0.008261367678642273
0, 370, 287, 139, 70, 0.008119073696434498
0, 259, 359, 37, 36, 0.008057184517383575
0, 547, 188, 11, 14, 0.007987379096448421
0, 510, 240, 18, 19, 0.007915906608104706
0, 559, 192, 16, 14, 0.007905690930783749
0, 222, 426, 32, 45, 0.007674204185605049
0, 467, 229, 166, 113, 0.007565532345324755
0, 205, 464, 45, 32, 0.0075528584420681
0, 451, 291, 25, 21, 0.007503781467676163
0, 393, 308, 39, 31, 0.007396881468594074
0, 532, 180, 37, 26, 0.007378128822892904
0, 353, 352, 35, 72, 0.00737691018730402
0, 550, 222, 70, 47, 0.007292307913303375
0, 307, 400, 14, 12, 0.007272269576787949
0, 234, 357, 64, 63, 0.0071996236220002174
0, 261, 325, 10, 10, 0.007036616560071707
0, 303, 306, 21, 12, 0.0069639538414776325
0, 287, 403, 18, 23, 0.006925173569470644
0, 268, 330, 87, 39, 0.006881115026772022
0, 316, 321, 76, 35, 0.006797640584409237
0, 350, 269, 12, 12, 0.00673643359914422
0, 322, 284, 26, 15, 0.006293175276368856
0, 358, 305, 96, 55, 0.006245454307645559
0, 414, 345, 58, 47, 0.006102795246988535
0, 190, 457, 39, 39, 0.006041757762432098
0, 301, 321, 65, 24, 0.0059423903003335
0, 359, 380, 29, 24, 0.005923118442296982
0, 558, 199, 29, 34, 0.005759159568697214
0, 254, 439, 24, 38, 0.0056220777332782745
0, 447, 275, 99, 59, 0.005582709331065416
0, 457, 266, 51, 41, 0.005463913083076477
0, 304, 402, 18, 17, 0.005447226110845804
0, 347, 341, 18, 24, 0.005250855349004269
0, 288, 427, 27, 28, 0.00522314989939332
0, 444, 204, 58, 46, 0.005059069488197565
0, 281, 385, 49, 23, 0.004950376693159342
0, 392, 276, 40, 35, 0.0049016899429261684
0, 357, 335, 142, 111, 0.004896290134638548
0, 337, 288, 68, 50, 0.004879824351519346
0, 417, 345, 21, 20, 0.004862991627305746
0, 238, 457, 17, 21, 0.004849106073379517
0, 520, 243, 39, 25, 0.004708888474851847
0, 335, 324, 48, 31, 0.004656572826206684
0, 187, 405, 28, 19, 0.00463787792250514
0, 265, 377, 67, 78, 0.004615864250808954
0, 197, 424, 54, 32, 0.0045762574300169945
0, 465, 261, 71, 99, 0.004538095556199551
0, 302, 307, 31, 16, 0.0044676270335912704
0, 556, 212, 39, 26, 0.004444582387804985
0, 188, 448, 32, 22, 0.004405857063829899
0, 384, 253, 14, 12, 0.00433479156345129
0, 484, 188, 41, 35, 0.004316599573940039
0, 243, 456, 29, 29, 0.004149734042584896
0, 411, 288, 51, 46, 0.0041089109145104885
0, 221, 371, 49, 45, 0.003948034718632698
0, 227, 457, 20, 23, 0.003839354496449232
0, 388, 362, 69, 54, 0.0036794263869524
0, 321, 310, 107, 73, 0.003656931919977069
0, 232, 460, 40, 36, 0.00365552119910717
0, 299, 384, 11, 13, 0.0036263102665543556
0, 404, 297, 193, 203, 0.0035803315695375204
0, 394, 355, 135, 71, 0.003564464394003153
0, 214, 458, 68, 43, 0.0034888279624283314
0, 395, 263, 42, 32, 0.00347427767701447
0, 47, 4, 95, 9, 0.003322182921692729
0, 398, 357, 47, 28, 0.003214104799553752
0, 407, 323, 98, 83, 0.0032076004426926374
0, 287, 318, 36, 25, 0.0031746001914143562
0, 220, 458, 21, 30, 0.0031715065706521273
0, 355, 266, 31, 17, 0.0031667586881667376
0, 229, 444, 47, 49, 0.003150480566546321
0, 490, 176, 45, 17, 0.0030742222443223
0, 189, 383, 95, 64, 0.0030470441561192274
0, 179, 446, 12, 13, 0.0030385402496904135
0, 375, 276, 77, 62, 0.002944209147244692
0, 225, 440, 99, 77, 0.0028729760088026524
0, 254, 450, 20, 21, 0.0028407706413418055
0, 360, 255, 19, 16, 0.0027777424547821283
0, 380, 319, 28, 26, 0.0027608105447143316
0, 313, 424, 8, 10, 0.002620140789076686
0, 297, 331, 26, 20, 0.002584927249699831
0, 547, 128, 12, 11, 0.002300314838066697
0, 178, 453, 16, 18, 0.0022795582190155983
0, 325, 341, 116, 75, 0.0021188142709434032
0, 557, 190, 33, 26, 0.002089677844196558
0, 322, 289, 36, 25, 0.002064157510176301
0, 182, 424, 20, 23, 0.0020612275693565607
0, 525, 232, 62, 55, 0.0020296729635447264
0, 264, 349, 50, 54, 0.0018805715953931212
0, 180, 458, 24, 16, 0.0018507464556023479
0, 266, 330, 49, 34, 0.0018393980572000146
0, 346, 271, 21, 18, 0.001805748208425939
0, 517, 170, 72, 57, 0.0015936876880005002
0, 401, 240, 47, 50, 0.0015868874033913016
0, 293, 392, 84, 52, 0.0015167429810389876
0, 549, 156, 48, 32, 0.0014453406911343336
0, 63, 10, 127, 21, 0.001435327110812068
0, 195, 445, 19, 16, 0.0014318212633952498
0, 479, 283, 36, 31, 0.0014272552216425538
0, 347, 265, 21, 10, 0.0013217352097854018
0, 576, 160, 51, 32, 0.0013204349670559168
0, 559, 146, 36, 40, 0.0012988223461434245
0, 510, 174, 51, 25, 0.0012929775984957814
0, 443, 311, 101, 84, 0.0012730761663988233
0, 482, 284, 62, 47, 0.0012179920449852943
0, 99, 15, 194, 30, 0.0012001227587461472
0, 584, 154, 93, 49, 0.0011761367786675692
0, 22, 3, 44, 7, 0.0011618928983807564
0, 293, 435, 19, 32, 0.0011355364695191383
0, 263, 393, 99, 75, 0.0011307045351713896
0, 34, 9, 68, 19, 0.0011279440950602293
0, 168, 418, 28, 37, 0.001090599806047976
0, 159, 412, 36, 49, 0.0010277447290718555
0, 302, 413, 29, 36, 0.0010242937132716179
0, 553, 131, 27, 20, 0.0010171047179028392
0, 370, 241, 11, 11, 0.0009655029280111194
0, 565, 154, 41, 28, 0.0009157973690889776
0, 178, 427, 13, 20, 0.0009135820437222719
0, 161, 426, 19, 18, 0.0009062600438483059
0, 562, 178, 24, 19, 0.0008810081635601819
0, 202, 445, 30, 23, 0.0008721568156033754
0, 571, 213, 27, 21, 0.0008717036689631641
0, 255, 353, 110, 92, 0.0008637831197120249
0, 185, 414, 85, 53, 0.0008171253721229732
0, 67, 32, 135, 65, 0.0007903124787844718
0, 341, 300, 324, 242, 0.0007890941924415529
0, 526, 155, 90, 45, 0.0007578282384201884
0, 291, 365, 9, 10, 0.0007386942161247134
0, 579, 162, 26, 23, 0.0007241705316118896
0, 297, 341, 200, 111, 0.0006756574148312211
0, 564, 168, 52, 39, 0.0006300783134065568
0, 272, 13, 249, 27, 0.0006151754059828818
0, 576, 134, 81, 38, 0.0006145586376078427
0, 291, 345, 103, 69, 0.0005591305671259761
0, 21, 25, 41, 50, 0.0005546918837353587
0, 18, 11, 36, 22, 0.0005433891201391816
0, 314, 296, 60, 48, 0.0005301092169247568
0, 519, 187, 117, 86, 0.0005115155363455415
0, 333, 371, 40, 46, 0.0005052381311543286
0, 618, 143, 48, 33, 0.0004908595001325011
0, 45, 18, 91, 36, 0.00046413319068960845
0, 294, 371, 91, 81, 0.00046160517376847565
0, 505, 248, 63, 50, 0.00045530678471550345
0, 354, 262, 38, 39, 0.00043992153950966895
0, 9, 14, 18, 28, 0.00043327140156179667
0, 365, 251, 39, 32, 0.00041692249942570925
0, 585, 166, 19, 15, 0.00041550208698026836
0, 49, 94, 98, 188, 0.0004043540684506297
0, 11, 5, 23, 11, 0.0004021021304652095
0, 590, 167, 45, 30, 0.0003685188421513885
0, 344, 381, 15, 43, 0.00036767381243407726
0, 495, 13, 252, 26, 0.0003512039838824421
0, 346, 376, 56, 51, 0.0003299758827779442
0, 386, 13, 245, 26, 0.00032446059049107134
0, 344, 360, 38, 53, 0.00030973166576586664
0, 388, 246, 50, 29, 0.00030121279996819794
0, 563, 128, 50, 23, 0.0002985296887345612
0, 12, 42, 25, 85, 0.0002937263052444905
0, 490, 265, 75, 67, 0.00028391717933118343
0, 367, 365, 82, 70, 0.0002782616938930005
0, 616, 149, 69, 60, 0.0002743937075138092
0, 601, 159, 16, 18, 0.000268311909167096
0, 323, 378, 20, 23, 0.0002617806603666395
0, 337, 372, 23, 39, 0.00025065281079150736
0, 301, 426, 36, 25, 0.00024986802600324154
0, 755, 12, 20, 25, 0.0002490227925591171
0, 197, 471, 37, 39, 0.00023289145610760897
0, 231, 371, 162, 177, 0.00022784552129451185
0, 526, 134, 10, 10, 0.00022482949134428054
0, 570, 186, 25, 23, 0.00022228597663342953
