0, 325, 423, 50, 65, 0.6097310781478882
0, 527, 341, 86, 98, 0.5114218592643738
0, 459, 361, 33, 41, 0.4607013165950775
0, 677, 229, 41, 44, 0.3978539705276489
0, 272, 508, 90, 124, 0.3707505166530609
0, 796, 144, 32, 29, 0.3534432053565979
0, 793, 181, 47, 42, 0.2872244715690613
0, 704, 265, 42, 36, 0.27739405632019043
0, 321, 434, 35, 41, 0.1961793303489685
0, 607, 253, 20, 16, 0.19384416937828064
0, 801, 209, 53, 43, 0.1896618753671646
0, 281, 525, 64, 55, 0.1662246286869049
0, 280, 478, 34, 37, 0.16575893759727478
0, 725, 218, 26, 19, 0.15959031879901886
0, 749, 181, 49, 44, 0.1563408225774765
0, 795, 172, 38, 21, 0.14701545238494873
0, 459, 413, 39, 29, 0.14421586692333221
0, 442, 384, 21, 24, 0.13603399693965912
0, 752, 174, 39, 26, 0.13263389468193054
0, 223, 509, 15, 45, 0.12674520909786224
0, 655, 295, 41, 55, 0.12326857447624207
0, 417, 381, 19, 20, 0.11324287205934525
0, 355, 484, 66, 45, 0.11256544291973114
0, 731, 241, 14, 14, 0.10877213627099991
0, 336, 485, 24, 19, 0.10513341426849365
0, 793, 220, 34, 19, 0.10015352070331573
0, 691, 247, 67, 77, 0.09791006147861481
0, 737, 192, 34, 24, 0.08445823192596436
0, 251, 469, 26, 38, 0.0808653011918068
0, 668, 266, 73, 113, 0.06938385963439941
0, 548, 304, 56, 29, 0.06694681942462921
0, 457, 388, 44, 77, 0.0664619505405426
0, 594, 258, 51, 30, 0.06526148319244385
0, 410, 436, 15, 16, 0.06355646252632141
0, 375, 483, 25, 18, 0.06258171051740646
0, 695, 273, 44, 23, 0.06220198795199394
0, 337, 486, 29, 34, 0.05766771733760834
0, 661, 283, 14, 24, 0.050759006291627884
0, 725, 227, 39, 42, 0.049607980996370316
0, 762, 171, 22, 20, 0.04687223583459854
0, 280, 452, 23, 13, 0.04614842310547829
0, 752, 242, 18, 16, 0.045008815824985504
0, 347, 482, 33, 38, 0.04468328505754471
0, 565, 301, 22, 18, 0.044009290635585785
0, 243, 524, 15, 30, 0.04362122341990471
0, 404, 429, 30, 35, 0.0426492914557457
0, 716, 256, 55, 47, 0.04215065762400627
0, 283, 467, 31, 40, 0.04010976850986481
0, 365, 478, 48, 30, 0.03665881231427193
0, 663, 280, 24, 36, 0.03561345115303993
0, 656, 308, 33, 29, 0.03518025204539299
0, 275, 518, 49, 35, 0.034955501556396484
0, 449, 368, 56, 59, 0.03084404394030571
0, 711, 235, 13, 16, 0.030538257211446762
0, 743, 243, 36, 22, 0.030308859422802925
0, 558, 310, 42, 37, 0.02930309623479843
0, 527, 360, 55, 55, 0.02927342616021633
0, 263, 512, 29, 24, 0.024476630613207817
0, 844, 118, 18, 17, 0.02409646101295948
0, 528, 355, 41, 34, 0.02359924465417862
0, 689, 274, 84, 66, 0.022432498633861542
0, 293, 431, 14, 14, 0.021759023889899254
0, 729, 214, 32, 30, 0.020864257588982582
0, 515, 326, 49, 36, 0.020044540986418724
0, 399, 426, 15, 29, 0.01986793801188469
0, 505, 324, 30, 30, 0.019285151734948158
0, 716, 253, 94, 64, 0.019205139949917793
0, 301, 510, 24, 33, 0.018959108740091324
0, 249, 544, 20, 32, 0.018763341009616852
0, 255, 541, 34, 42, 0.018272077664732933
0, 338, 402, 18, 18, 0.018169580027461052
0, 285, 486, 53, 68, 0.017395541071891785
0, 695, 263, 139, 122, 0.017180711030960083
0, 258, 477, 48, 55, 0.016952086240053177
0, 846, 124, 22, 30, 0.016867483034729958
0, 292, 446, 12, 14, 0.01632240228354931
0, 294, 518, 37, 50, 0.016182916238904
0, 256, 554, 35, 28, 0.015689069405198097
0, 535, 306, 34, 30, 0.015570133924484253
0, 417, 378, 29, 36, 0.015057197771966457
0, 629, 325, 15, 18, 0.014819816686213017
0, 484, 367, 22, 39, 0.014719649218022823
0, 678, 271, 45, 38, 0.014202124439179897
0, 526, 318, 78, 53, 0.013992931693792343
0, 816, 198, 26, 22, 0.01388506032526493
0, 439, 375, 42, 35, 0.013401445932686329
0, 248, 521, 37, 55, 0.013219213113188744
0, 757, 172, 59, 38, 0.012236028909683228
0, 630, 309, 10, 13, 0.012212946079671383
0, 514, 369, 27, 36, 0.011272810399532318
0, 267, 564, 16, 14, 0.010288238525390625
0, 763, 166, 98, 81, 0.010224672965705395
0, 436, 392, 72, 57, 0.009675067849457264
0, 576, 262, 32, 19, 0.009159788489341736
0, 530, 320, 29, 23, 0.008999727666378021
0, 396, 366, 9, 12, 0.007125428412109613
0, 758, 230, 101, 61, 0.006972271483391523
0, 649, 310, 62, 60, 0.006956916768103838
0, 222, 514, 25, 60, 0.006559154484421015
0, 796, 244, 18, 10, 0.006552381440997124
0, 245, 480, 42, 70, 0.006120669189840555
0, 148, 601, 15, 24, 0.0061137983575463295
0, 233, 569, 11, 10, 0.006023747380822897
0, 288, 546, 33, 33, 0.005952456966042519
0, 240, 522, 55, 78, 0.0058577111922204494
0, 282, 537, 47, 50, 0.005842984188348055
0, 34, 4, 67, 8, 0.005831592250615358
0, 845, 138, 14, 15, 0.005515675991773605
0, 408, 379, 56, 43, 0.0053517320193350315
0, 772, 161, 71, 43, 0.005113469436764717
0, 738, 254, 54, 43, 0.0050898888148367405
0, 701, 227, 89, 52, 0.004948734771460295
0, 236, 503, 49, 55, 0.0049366638995707035
0, 446, 387, 86, 99, 0.004801264964044094
0, 787, 246, 32, 12, 0.004537837114185095
0, 846, 136, 25, 54, 0.004436161369085312
0, 534, 348, 61, 45, 0.004388249013572931
0, 345, 403, 29, 23, 0.0043438090942800045
0, 570, 308, 43, 36, 0.00427795248106122
0, 629, 319, 22, 30, 0.004120317753404379
0, 785, 200, 34, 19, 0.003991313278675079
0, 772, 143, 11, 13, 0.0038275879342108965
0, 550, 355, 31, 29, 0.0038189610932022333
0, 62, 7, 121, 14, 0.0034894247073680162
0, 483, 354, 69, 69, 0.003446390386670828
0, 302, 443, 62, 49, 0.003385684220120311
0, 789, 145, 50, 40, 0.0033823216799646616
0, 548, 301, 68, 49, 0.003331801388412714
0, 333, 487, 41, 48, 0.0031490132678300142
0, 421, 407, 72, 83, 0.0030934587121009827
0, 439, 349, 18, 22, 0.0029093523044139147
0, 714, 221, 125, 137, 0.002689625835046172
0, 629, 270, 85, 63, 0.0026853906456381083
0, 581, 269, 87, 56, 0.0025545682292431593
0, 647, 284, 76, 79, 0.002551265526562929
0, 562, 287, 25, 22, 0.002525032963603735
0, 337, 426, 87, 77, 0.0024658285547047853
0, 501, 370, 43, 39, 0.0024450612254440784
0, 608, 250, 39, 26, 0.0023224609903991222
0, 394, 374, 33, 30, 0.0022085674572736025
0, 559, 314, 67, 56, 0.002123885555192828
0, 328, 454, 50, 90, 0.0018648835830390453
0, 506, 334, 57, 57, 0.0017685251077637076
0, 397, 364, 12, 19, 0.0015484802424907684
0, 128, 13, 252, 26, 0.001465491601265967
0, 841, 223, 12, 13, 0.0014535533264279366
0, 358, 468, 53, 48, 0.001425932627171278
0, 310, 507, 163, 106, 0.0014100858243182302
0, 213, 513, 54, 57, 0.0013848881935700774
0, 272, 555, 64, 43, 0.0013093948364257812
0, 708, 249, 271, 158, 0.0012844506418332458
0, 767, 209, 124, 96, 0.0011881692335009575
0, 793, 226, 43, 48, 0.001185024157166481
0, 407, 443, 29, 39, 0.0011667762883007526
0, 296, 448, 118, 112, 0.0011626346968114376
0, 627, 235, 15, 18, 0.001098413486033678
0, 669, 305, 62, 44, 0.0010924111120402813
0, 611, 249, 49, 43, 0.0010923710651695728
0, 347, 455, 67, 38, 0.0010683942819014192
0, 340, 498, 73, 69, 0.0010230995249003172
0, 308, 508, 53, 72, 0.0009733189363032579
0, 497, 349, 178, 121, 0.0009701558738015592
0, 579, 309, 33, 26, 0.0009480195585638285
0, 678, 223, 56, 68, 0.000886819907464087
0, 845, 152, 17, 27, 0.0008857576176524162
0, 461, 358, 54, 66, 0.0008615357801318169
0, 249, 494, 88, 104, 0.0008337533217854798
0, 291, 455, 84, 67, 0.0008269203826785088
0, 248, 11, 338, 22, 0.0008012089529074728
0, 458, 366, 126, 148, 0.0007977924542501569
0, 734, 202, 66, 83, 0.0007954497705213726
0, 48, 139, 97, 277, 0.0007721183937974274
0, 291, 561, 19, 26, 0.00074252940248698
0, 389, 447, 87, 69, 0.0007201764383353293
0, 668, 10, 299, 20, 0.000685710518155247
0, 885, 183, 9, 7, 0.0006398311234079301
0, 24, 25, 47, 51, 0.000614047225099057
0, 196, 521, 14, 13, 0.0006047327187843621
0, 327, 520, 23, 17, 0.0006031682132743299
0, 92, 34, 185, 68, 0.0005918313399888575
0, 614, 293, 26, 36, 0.0005229864618740976
0, 772, 248, 64, 28, 0.0005120065179653466
0, 339, 775, 94, 3, 0.0005116774118505418
0, 176, 5, 268, 11, 0.0005077316309325397
0, 424, 369, 91, 64, 0.0004966154810972512
0, 34, 15, 68, 30, 0.0004908182891085744
0, 356, 453, 122, 90, 0.0004906405229121447
0, 178, 543, 12, 12, 0.0004747678176499903
0, 410, 10, 320, 20, 0.0004744416510220617
0, 632, 330, 26, 31, 0.00047063975944183767
0, 515, 372, 60, 56, 0.00046374290832318366
0, 292, 520, 80, 88, 0.00045230056275613606
0, 12, 0, 24, 1, 0.0004520860966295004
0, 620, 309, 43, 57, 0.00044173418427817523
0, 398, 417, 67, 69, 0.0004341664898674935
0, 289, 775, 96, 3, 0.0004224327567499131
0, 441, 444, 17, 12, 0.0004214627842884511
0, 897, 165, 8, 9, 0.00040250769234262407
0, 390, 775, 98, 3, 0.0004012625722680241
0, 202, 529, 25, 24, 0.00039629783714190125
0, 240, 775, 101, 3, 0.0003921169263776392
0, 622, 331, 37, 32, 0.00038810831028968096
0, 58, 775, 114, 3, 0.00038500293157994747
0, 80, 1, 160, 3, 0.0003818116965703666
0, 567, 265, 23, 18, 0.0003813562507275492
0, 207, 545, 19, 17, 0.00037741984124295413
0, 821, 10, 338, 20, 0.0003772773779928684
0, 203, 775, 104, 3, 0.00036949291825294495
0, 55, 27, 110, 54, 0.0003582786303013563
0, 518, 10, 309, 20, 0.0003524899948388338
0, 346, 479, 91, 76, 0.0003444421454332769
0, 14, 775, 27, 2, 0.0003409972705412656
0, 546, 355, 52, 42, 0.0003396185929886997
0, 9, 22, 18, 45, 0.0003395590465515852
0, 437, 444, 12, 10, 0.0003389763878658414
0, 332, 5, 293, 11, 0.00033323775278404355
0, 427, 775, 98, 3, 0.000313835684210062
0, 461, 415, 50, 48, 0.00031130423303693533
0, 610, 340, 14, 14, 0.00030923300073482096
0, 154, 775, 113, 3, 0.00030514667741954327
0, 650, 234, 82, 52, 0.00030101669835858047
0, 16, 11, 33, 23, 0.0002919751568697393
0, 435, 424, 73, 58, 0.000284802372334525
0, 398, 404, 189, 100, 0.00028407206991687417
0, 18, 272, 36, 351, 0.00028243742417544127
0, 786, 250, 37, 21, 0.00027760054217651486
0, 493, 775, 106, 3, 0.00027436859090812504
0, 789, 200, 92, 70, 0.0002642701147124171
0, 383, 442, 296, 209, 0.0002571304503362626
0, 29, 775, 59, 2, 0.00025397472199983895
0, 539, 312, 112, 93, 0.0002493865613359958
0, 477, 374, 72, 64, 0.0002467529266141355
0, 833, 136, 45, 52, 0.00024633051361888647
0, 105, 775, 123, 3, 0.00023717014119029045
0, 568, 775, 119, 3, 0.00023148195759858936
0, 860, 775, 114, 3, 0.00022410719248000532
0, 215, 570, 12, 19, 0.00021441270655486733
0, 714, 775, 95, 3, 0.00020941533148288727
0, 351, 411, 48, 45, 0.00020686026255134493
0, 473, 362, 268, 172, 0.00018757210636977106
0, 679, 775, 98, 3, 0.00018417312821839005
0, 131, 654, 12, 10, 0.00018293593893758953
0, 817, 775, 87, 2, 0.00017984800797421485
0, 15, 164, 31, 312, 0.00017335344455204904
0, 14, 54, 29, 109, 0.00016711009084247053
0, 498, 340, 87, 85, 0.00015944144979584962
0, 617, 775, 124, 3, 0.00015266932314261794
0, 200, 542, 18, 18, 0.00015147043450269848
0, 278, 759, 135, 34, 0.0001510142901679501
0, 302, 476, 83, 63, 0.00014870145241729915
0, 217, 2, 217, 4, 0.00014721430488862097
0, 487, 379, 111, 84, 0.00014716741861775517
0, 780, 775, 72, 2, 0.00014562244177795947
0, 343, 759, 130, 34, 0.0001439085608581081
0, 470, 400, 68, 64, 0.0001425408263457939
0, 19, 392, 38, 364, 0.00014198572898749262
0, 334, 407, 65, 66, 0.00014196569100022316
0, 752, 775, 78, 2, 0.00014192603703122586
0, 794, 229, 67, 68, 0.00013609952293336391
0, 996, 610, 9, 109, 0.00013422341726254672
0, 331, 400, 45, 47, 0.00012891119695268571
0, 210, 561, 22, 37, 0.00012706992856692523
0, 753, 252, 103, 48, 0.00012410861381795257
0, 267, 467, 81, 92, 0.00012357720697764307
0, 622, 234, 60, 44, 0.00012324041745159775
0, 383, 467, 71, 59, 0.00012041080481139943
0, 907, 774, 128, 4, 0.00011941135016968474
0, 139, 2, 201, 4, 0.0001163900742540136
0, 917, 8, 168, 16, 0.00011440851085353643
0, 556, 339, 65, 71, 0.00011128944606753066
0, 394, 761, 134, 30, 0.0001102965761674568
0, 554, 335, 313, 220, 0.00010662390559446067
0, 324, 2, 203, 4, 0.0001052629086188972
0, 107, 178, 214, 356, 0.00010133071918971837
0, 802, 132, 57, 64, 0.00010109619324794039
0, 355, 401, 46, 29, 9.769900498213246e-05
0, 459, 413, 157, 170, 9.764163405634463e-05
0, 982, 9, 37, 19, 9.548910020384938e-05
0, 378, 774, 173, 5, 9.486512863077223e-05
0, 991, 595, 21, 147, 9.316200885223225e-05
0, 391, 386, 56, 66, 9.061486343853176e-05
0, 778, 140, 86, 54, 9.012727969093248e-05
0, 598, 773, 212, 6, 8.855183841660619e-05
0, 230, 757, 127, 39, 8.667336805956438e-05
0, 412, 2, 223, 4, 8.352248551091179e-05
0, 403, 449, 47, 54, 8.322496432811022e-05
0, 556, 339, 160, 113, 8.291690028272569e-05
0, 443, 761, 136, 30, 8.116414392134175e-05
0, 56, 297, 112, 281, 8.103947766358033e-05
0, 180, 757, 138, 39, 7.423677016049623e-05
0, 956, 774, 90, 4, 7.343605830101296e-05
0, 23, 568, 47, 266, 7.29844396119006e-05
0, 990, 19, 21, 39, 7.229320908663794e-05
0, 376, 398, 93, 88, 7.188644667621702e-05
0, 529, 773, 195, 6, 7.187877054093406e-05
0, 997, 643, 7, 107, 7.142221147660166e-05
0, 811, 163, 85, 98, 7.121825183276087e-05
0, 91, 762, 160, 29, 6.693344039376825e-05
0, 988, 0, 25, 0, 6.405865860870108e-05
