0, 241, 672, 68, 32, 0.6191964149475098
0, 231, 721, 19, 27, 0.49379149079322815
0, 184, 754, 66, 46, 0.4881806969642639
0, 147, 846, 75, 43, 0.4643113911151886
0, 312, 634, 38, 26, 0.3886219263076782
0, 328, 562, 29, 20, 0.3255855441093445
0, 420, 519, 28, 35, 0.3160332441329956
0, 229, 631, 16, 18, 0.30179011821746826
0, 267, 614, 17, 15, 0.29625657200813293
0, 358, 573, 17, 13, 0.2691545784473419
0, 416, 516, 17, 27, 0.2655996084213257
0, 551, 178, 37, 29, 0.2607947587966919
0, 338, 570, 59, 42, 0.253706693649292
0, 225, 673, 35, 28, 0.2525174617767334
0, 524, 218, 24, 22, 0.2288026511669159
0, 222, 773, 28, 24, 0.22662805020809174
0, 327, 578, 33, 22, 0.20990850031375885
0, 434, 447, 49, 42, 0.17931386828422546
0, 165, 802, 28, 18, 0.1752859652042389
0, 363, 525, 17, 21, 0.1722363829612732
0, 545, 331, 20, 20, 0.16207431256771088
0, 518, 418, 22, 33, 0.15128746628761292
0, 334, 557, 21, 19, 0.14763672649860382
0, 277, 617, 44, 24, 0.14534057676792145
0, 418, 459, 24, 15, 0.1387953907251358
0, 280, 584, 35, 23, 0.13335539400577545
0, 439, 439, 38, 24, 0.13072450459003448
0, 524, 194, 17, 21, 0.12164175510406494
0, 475, 373, 20, 18, 0.11680726706981659
0, 325, 538, 11, 10, 0.11177629232406616
0, 338, 601, 28, 17, 0.10529624670743942
0, 323, 530, 21, 28, 0.10346374660730362
0, 258, 672, 34, 28, 0.094916433095932
0, 512, 330, 19, 23, 0.09414125233888626
0, 512, 319, 22, 47, 0.09365499019622803
0, 524, 241, 14, 14, 0.08529072999954224
0, 512, 308, 17, 25, 0.08508200943470001
0, 197, 698, 19, 14, 0.08130547404289246
0, 559, 252, 18, 20, 0.08027911931276321
0, 494, 345, 16, 18, 0.07625721395015717
0, 525, 248, 16, 27, 0.0731358677148819
0, 419, 446, 86, 54, 0.07296016812324524
0, 295, 626, 80, 43, 0.07267138361930847
0, 516, 379, 14, 17, 0.0716211348772049
0, 394, 453, 32, 22, 0.07129858434200287
0, 421, 442, 56, 31, 0.06829998642206192
0, 515, 193, 35, 23, 0.0664878860116005
0, 569, 305, 17, 15, 0.0605049654841423
0, 304, 669, 20, 13, 0.05875002592802048
0, 483, 404, 15, 19, 0.0585237555205822
0, 493, 136, 42, 23, 0.05678095668554306
0, 392, 486, 27, 21, 0.05539559945464134
0, 575, 263, 24, 24, 0.05429527536034584
0, 188, 780, 24, 20, 0.05348791554570198
0, 422, 436, 14, 15, 0.05274684354662895
0, 375, 562, 14, 16, 0.052489493042230606
0, 490, 387, 37, 25, 0.05154596269130707
0, 324, 615, 17, 16, 0.04852672666311264
0, 500, 173, 14, 18, 0.048019491136074066
0, 340, 499, 28, 17, 0.044816210865974426
0, 343, 490, 35, 32, 0.04420175030827522
0, 539, 332, 33, 26, 0.043220166116952896
0, 201, 753, 28, 27, 0.04281722009181976
0, 488, 396, 22, 17, 0.04205221310257912
0, 405, 454, 53, 27, 0.04084682837128639
0, 343, 484, 27, 19, 0.03924562409520149
0, 524, 223, 35, 35, 0.03871392831206322
0, 410, 486, 39, 25, 0.03654301539063454
0, 297, 694, 10, 8, 0.03650231659412384
0, 440, 429, 33, 25, 0.03519786149263382
0, 400, 444, 31, 19, 0.035140927881002426
0, 455, 435, 76, 46, 0.03498873487114906
0, 236, 653, 18, 9, 0.03376062214374542
0, 429, 466, 54, 37, 0.03233741596341133
0, 337, 606, 35, 29, 0.031833846122026443
0, 549, 281, 20, 23, 0.03085697442293167
0, 495, 447, 21, 17, 0.030507249757647514
0, 435, 441, 202, 173, 0.030327938497066498
0, 487, 372, 31, 25, 0.02943701669573784
0, 365, 494, 56, 31, 0.02911439538002014
0, 467, 380, 38, 35, 0.028951497748494148
0, 171, 772, 71, 50, 0.028784558176994324
0, 386, 491, 48, 36, 0.027965039014816284
0, 404, 479, 37, 21, 0.027324404567480087
0, 483, 384, 57, 43, 0.026371778920292854
0, 509, 383, 30, 28, 0.02623479813337326
0, 289, 559, 18, 12, 0.025544818490743637
0, 503, 335, 39, 38, 0.02500981278717518
0, 542, 384, 22, 26, 0.02467360906302929
0, 351, 526, 50, 28, 0.02458440512418747
0, 534, 187, 29, 34, 0.024342939257621765
0, 379, 492, 106, 44, 0.024161498993635178
0, 364, 495, 23, 22, 0.02332693338394165
0, 273, 612, 33, 22, 0.023226212710142136
0, 517, 376, 24, 27, 0.02302403561770916
0, 425, 486, 32, 26, 0.02226954512298107
0, 456, 458, 21, 26, 0.02210957184433937
0, 381, 566, 31, 24, 0.022084394469857216
0, 280, 598, 37, 14, 0.022075165063142776
0, 400, 510, 63, 61, 0.020708344876766205
0, 491, 406, 32, 29, 0.02034677565097809
0, 412, 485, 77, 39, 0.02007172256708145
0, 527, 365, 52, 48, 0.019641270861029625
0, 470, 419, 97, 102, 0.01953691430389881
0, 437, 435, 54, 39, 0.01951378770172596
0, 353, 507, 48, 58, 0.01905849203467369
0, 515, 149, 19, 19, 0.018750198185443878
0, 546, 254, 10, 21, 0.018225297331809998
0, 325, 532, 37, 32, 0.01781710982322693
0, 531, 186, 74, 41, 0.017783930525183678
0, 152, 764, 29, 51, 0.017667405307292938
0, 126, 758, 21, 13, 0.017466427758336067
0, 231, 747, 15, 10, 0.017304042354226112
0, 486, 443, 42, 39, 0.016997136175632477
0, 441, 466, 34, 26, 0.016901548951864243
0, 470, 424, 32, 34, 0.016249874606728554
0, 537, 378, 34, 43, 0.01606745831668377
0, 543, 396, 21, 14, 0.015657907351851463
0, 532, 367, 22, 23, 0.015557145699858665
0, 471, 405, 44, 34, 0.01447847206145525
0, 175, 751, 29, 36, 0.014168443158268929
0, 477, 437, 26, 29, 0.013808690011501312
0, 510, 143, 26, 31, 0.01356322132050991
0, 555, 134, 21, 24, 0.013307347893714905
0, 385, 569, 22, 17, 0.013017015531659126
0, 492, 433, 29, 23, 0.01280045136809349
0, 330, 613, 54, 52, 0.012667884118855
0, 559, 148, 15, 19, 0.01254822313785553
0, 358, 567, 23, 29, 0.012516163289546967
0, 552, 131, 15, 15, 0.012501668184995651
0, 286, 576, 51, 46, 0.012241281569004059
0, 439, 441, 132, 126, 0.012164703570306301
0, 519, 360, 22, 17, 0.01178533211350441
0, 519, 333, 27, 29, 0.011732375249266624
0, 515, 140, 19, 18, 0.011502298526465893
0, 452, 467, 28, 21, 0.011483093723654747
0, 567, 257, 41, 35, 0.011313337832689285
0, 465, 450, 38, 41, 0.011025065556168556
0, 477, 459, 14, 19, 0.010972977615892887
0, 513, 356, 22, 23, 0.010909889824688435
0, 453, 405, 27, 17, 0.010513181798160076
0, 486, 413, 35, 35, 0.01033942773938179
0, 484, 365, 45, 38, 0.010153010487556458
0, 206, 698, 39, 16, 0.010106903500854969
0, 548, 303, 11, 11, 0.009703714400529861
0, 314, 610, 107, 69, 0.009142766706645489
0, 541, 249, 20, 26, 0.009075525216758251
0, 234, 632, 37, 21, 0.009039228782057762
0, 324, 522, 29, 31, 0.008734709583222866
0, 528, 115, 11, 14, 0.008645211346447468
0, 244, 631, 64, 25, 0.008575130254030228
0, 518, 362, 77, 88, 0.008469343185424805
0, 526, 322, 61, 51, 0.008195805363357067
0, 548, 255, 21, 26, 0.007859956473112106
0, 555, 254, 23, 31, 0.007485563866794109
0, 367, 517, 40, 42, 0.007400499191135168
0, 546, 282, 31, 32, 0.007398670073598623
0, 345, 553, 73, 78, 0.00738988583907485
0, 437, 481, 48, 35, 0.007123883813619614
0, 537, 288, 13, 16, 0.007041712291538715
0, 447, 394, 16, 15, 0.006971641443669796
0, 401, 521, 42, 38, 0.006859361659735441
0, 237, 720, 34, 36, 0.006764222402125597
0, 465, 390, 76, 64, 0.006659587379544973
0, 276, 627, 45, 33, 0.006008947733789682
0, 477, 467, 13, 19, 0.005942280404269695
0, 93, 848, 14, 10, 0.0057919262908399105
0, 503, 164, 27, 35, 0.005555691197514534
0, 301, 596, 80, 42, 0.005486989393830299
0, 166, 756, 66, 56, 0.005239072721451521
0, 260, 715, 12, 10, 0.004831282421946526
0, 132, 754, 39, 28, 0.004700537770986557
0, 317, 535, 41, 44, 0.004566040355712175
0, 397, 467, 138, 91, 0.004328383132815361
0, 313, 564, 68, 37, 0.004311657045036554
0, 222, 746, 36, 21, 0.004006676375865936
0, 486, 321, 14, 17, 0.003946336451917887
0, 552, 159, 41, 71, 0.003929148893803358
0, 175, 788, 59, 36, 0.0039078532718122005
0, 511, 179, 37, 35, 0.003849019529297948
0, 549, 270, 32, 49, 0.0037746764719486237
0, 531, 251, 28, 36, 0.003618605202063918
0, 347, 562, 87, 30, 0.0035920627415180206
0, 170, 844, 32, 34, 0.003581251949071884
0, 218, 763, 38, 40, 0.0034972927533090115
0, 540, 365, 35, 80, 0.0033395085483789444
0, 219, 676, 61, 32, 0.0031571141444146633
0, 455, 463, 47, 33, 0.002976240823045373
0, 190, 736, 54, 25, 0.0029590800404548645
0, 215, 715, 59, 43, 0.002865517744794488
0, 129, 843, 37, 37, 0.002857271581888199
0, 533, 308, 31, 26, 0.0027413079515099525
0, 172, 739, 24, 18, 0.002729527186602354
0, 490, 139, 50, 39, 0.0026932391338050365
0, 307, 555, 41, 18, 0.0026391928549855947
0, 521, 148, 34, 24, 0.002580980071797967
0, 549, 323, 27, 28, 0.0023438124917447567
0, 260, 629, 109, 45, 0.0023299860768020153
0, 142, 773, 26, 38, 0.0021497735287994146
0, 156, 780, 55, 63, 0.002142230747267604
0, 444, 418, 46, 38, 0.002136441646143794
0, 199, 724, 82, 29, 0.002105376683175564
0, 572, 204, 9, 11, 0.0021029256749898195
0, 298, 686, 16, 14, 0.002020892221480608
0, 252, 710, 32, 25, 0.0018188469111919403
0, 568, 308, 22, 26, 0.0018013640074059367
0, 310, 647, 41, 51, 0.0017156171379610896
0, 339, 517, 56, 64, 0.00169826066121459
0, 205, 779, 74, 47, 0.0016819454031065106
0, 466, 392, 192, 147, 0.0015624030493199825
0, 492, 157, 53, 58, 0.001559850643388927
0, 545, 299, 27, 14, 0.001542063313536346
0, 450, 414, 55, 61, 0.0015193687286227942
0, 415, 523, 194, 83, 0.001491743721999228
0, 304, 675, 27, 23, 0.0014848756836727262
0, 502, 426, 55, 57, 0.0013760252622887492
0, 205, 808, 14, 11, 0.0013746938202530146
0, 492, 326, 26, 25, 0.0013690704945474863
0, 111, 945, 13, 11, 0.0013006489025428891
0, 368, 461, 13, 11, 0.0012996391160413623
0, 297, 668, 19, 29, 0.0012524030171334743
0, 192, 807, 33, 15, 0.0012304093688726425
0, 312, 546, 65, 66, 0.0012283535907045007
0, 714, 9, 9, 18, 0.001216793549247086
0, 365, 476, 55, 45, 0.0011338228359818459
0, 346, 493, 50, 50, 0.0011253126431256533
0, 573, 299, 30, 35, 0.0011007016291841865
0, 414, 529, 70, 59, 0.0010921359062194824
0, 540, 226, 53, 39, 0.001063283416442573
0, 169, 717, 15, 12, 0.001058944733813405
0, 398, 550, 171, 87, 0.001032015192322433
0, 572, 284, 24, 54, 0.0010239160619676113
0, 523, 279, 14, 13, 0.0009448017808608711
0, 527, 121, 15, 19, 0.0009206038666889071
0, 715, 982, 6, 101, 0.0008975215023383498
0, 155, 803, 61, 58, 0.0008973816875368357
0, 246, 717, 63, 38, 0.00088205945212394
0, 489, 357, 74, 68, 0.0008527510799467564
0, 529, 306, 36, 43, 0.000833033409435302
0, 387, 460, 62, 51, 0.000831887184176594
0, 528, 269, 22, 43, 0.0008303381619043648
0, 431, 503, 61, 61, 0.0007953994208946824
0, 716, 1006, 5, 57, 0.0007918578339740634
0, 711, 967, 15, 130, 0.0007890888373367488
0, 517, 210, 49, 48, 0.0007733123493380845
0, 445, 472, 66, 52, 0.0007668940233998001
0, 263, 615, 34, 24, 0.0007394069689325988
0, 278, 648, 117, 83, 0.0007306195911951363
0, 289, 674, 60, 33, 0.0007255105883814394
0, 714, 23, 8, 47, 0.000686749757733196
0, 709, 21, 19, 42, 0.0006803519790992141
0, 502, 321, 52, 51, 0.0006782858399674296
0, 481, 457, 50, 49, 0.0006203812081366777
0, 711, 885, 15, 138, 0.0005919769173488021
0, 143, 768, 60, 60, 0.0005667582154273987
0, 266, 672, 63, 31, 0.0005504591972567141
0, 14, 188, 28, 322, 0.000549666176084429
0, 373, 590, 20, 16, 0.0005451040924526751
0, 515, 231, 38, 53, 0.0005446491413749754
0, 701, 56, 35, 112, 0.0005420405068434775
0, 714, 52, 8, 98, 0.0005037963856011629
0, 344, 607, 59, 42, 0.0005024599959142506
0, 172, 701, 11, 14, 0.0004606445145327598
0, 16, 446, 32, 332, 0.0004605473077390343
0, 711, 835, 15, 125, 0.0004582222318276763
0, 378, 573, 38, 42, 0.00045764780952595174
0, 710, 1005, 17, 60, 0.00043475357233546674
0, 61, 15, 123, 31, 0.00042879764805547893
0, 716, 925, 5, 98, 0.00042348209535703063
0, 547, 174, 59, 68, 0.0004176424990873784
0, 553, 319, 52, 46, 0.00041559338569641113
0, 94, 798, 14, 11, 0.00041312427492812276
0, 715, 1019, 7, 32, 0.0004109098226763308
0, 48, 4, 72, 9, 0.00040712111513130367
0, 537, 215, 51, 30, 0.0003989045799244195
0, 716, 799, 4, 91, 0.00037643397809006274
0, 711, 703, 15, 124, 0.0003683225077111274
0, 103, 798, 18, 11, 0.0003610864223446697
0, 9, 968, 19, 134, 0.00034643386607058346
0, 15, 287, 31, 329, 0.0003446796617936343
0, 231, 627, 24, 30, 0.0003396811371203512
0, 519, 162, 111, 86, 0.0003358141693752259
0, 536, 340, 53, 49, 0.0003289284068159759
0, 716, 854, 5, 98, 0.0003156083694193512
0, 711, 581, 15, 129, 0.00030054699163883924
0, 10, 1008, 21, 53, 0.00029858091147616506
0, 167, 771, 112, 84, 0.00029476344934664667
0, 711, 762, 15, 129, 0.0002925413427874446
0, 394, 539, 39, 49, 0.0002869604795705527
0, 716, 588, 4, 90, 0.00027977689751423895
0, 121, 759, 34, 22, 0.00027278586640022695
0, 716, 664, 5, 94, 0.0002725108643062413
0, 716, 722, 5, 98, 0.00026902093668468297
0, 337, 584, 90, 92, 0.00026814593002200127
0, 711, 452, 15, 114, 0.00026256730780005455
0, 711, 529, 15, 118, 0.0002619691949803382
0, 716, 755, 4, 94, 0.0002581454173196107
0, 13, 24, 27, 48, 0.0002522848662920296
0, 536, 235, 62, 74, 0.00025221341638825834
0, 472, 473, 32, 40, 0.0002498689864296466
