0, 476, 230, 237, 126, 0.695212185382843
0, 696, 194, 191, 151, 0.5914167761802673
0, 458, 205, 106, 55, 0.287577748298645
0, 662, 225, 120, 78, 0.21351347863674164
0, 390, 264, 63, 52, 0.18810857832431793
0, 440, 255, 138, 67, 0.1217973604798317
0, 743, 191, 88, 86, 0.09259574860334396
0, 524, 225, 121, 92, 0.07091748714447021
0, 281, 208, 66, 38, 0.05361349135637283
0, 684, 162, 99, 57, 0.047639399766922
0, 243, 266, 98, 60, 0.0429946668446064
0, 651, 191, 85, 88, 0.03560461848974228
0, 271, 211, 39, 21, 0.029743390157818794
0, 274, 336, 24, 31, 0.029108216986060143
0, 249, 250, 32, 17, 0.02191021852195263
0, 349, 221, 26, 46, 0.01848411373794079
0, 548, 228, 77, 51, 0.01831551268696785
0, 301, 206, 27, 22, 0.01709623634815216
0, 254, 250, 53, 25, 0.016815176233649254
0, 725, 167, 110, 65, 0.016104748472571373
0, 446, 263, 85, 46, 0.01594676449894905
0, 476, 255, 115, 53, 0.015761930495500565
0, 700, 164, 61, 45, 0.01560445036739111
0, 635, 228, 64, 66, 0.015362989157438278
0, 244, 278, 45, 39, 0.015236304141581059
0, 246, 274, 32, 21, 0.014615725725889206
0, 248, 282, 30, 28, 0.014418394304811954
0, 501, 243, 156, 71, 0.013675050809979439
0, 545, 244, 97, 68, 0.013490932062268257
0, 624, 199, 49, 71, 0.012105128727853298
0, 241, 362, 15, 18, 0.01210460439324379
0, 220, 262, 43, 43, 0.012016642838716507
0, 261, 285, 28, 27, 0.010821107774972916
0, 416, 218, 98, 56, 0.010617084801197052
0, 645, 244, 80, 43, 0.010584946721792221
0, 504, 204, 106, 53, 0.010460302233695984
0, 263, 266, 50, 48, 0.010060415603220463
0, 637, 213, 37, 32, 0.009854111820459366
0, 524, 202, 58, 39, 0.009814380668103695
0, 284, 192, 37, 27, 0.008686639368534088
0, 436, 231, 108, 73, 0.008598174899816513
0, 653, 206, 44, 34, 0.008400559425354004
0, 626, 180, 23, 20, 0.008389326743781567
0, 653, 169, 67, 50, 0.008026058785617352
0, 416, 265, 50, 42, 0.007236250676214695
0, 694, 167, 48, 27, 0.007040179334580898
0, 210, 265, 33, 33, 0.007030388806015253
0, 390, 237, 55, 33, 0.0069575924426317215
0, 729, 164, 70, 42, 0.006894327234476805
0, 538, 202, 89, 66, 0.006808730773627758
0, 690, 213, 123, 64, 0.006445570848882198
0, 759, 206, 56, 55, 0.006198812276124954
0, 652, 169, 39, 33, 0.006182460114359856
0, 631, 175, 37, 30, 0.006082671694457531
0, 391, 228, 42, 28, 0.0058104791678488255
0, 726, 201, 43, 35, 0.005789905786514282
0, 408, 233, 51, 27, 0.005673519801348448
0, 192, 372, 16, 29, 0.005500993225723505
0, 570, 182, 27, 26, 0.005464069079607725
0, 669, 206, 58, 39, 0.005221594125032425
0, 278, 264, 41, 48, 0.004677886608988047
0, 776, 184, 25, 28, 0.004277607426047325
0, 496, 237, 59, 21, 0.004229741171002388
0, 133, 363, 19, 17, 0.003940234426409006
0, 564, 189, 43, 41, 0.0038753340486437082
0, 761, 218, 46, 33, 0.0036793511826545
0, 749, 162, 47, 36, 0.0035881975200027227
0, 289, 272, 17, 32, 0.0035274322144687176
0, 775, 201, 29, 47, 0.0035239674616605043
0, 760, 173, 42, 40, 0.0035196535754948854
0, 684, 231, 60, 37, 0.0033461079001426697
0, 156, 367, 22, 20, 0.003276520175859332
0, 237, 343, 11, 11, 0.00319618615321815
0, 382, 226, 53, 40, 0.0030123204924166203
0, 118, 399, 24, 23, 0.0029722631443291903
0, 755, 161, 66, 74, 0.002431214787065983
0, 760, 161, 35, 26, 0.0023938720114529133
0, 700, 233, 45, 30, 0.0023772369604557753
0, 497, 260, 81, 37, 0.0022309408523142338
0, 751, 144, 49, 39, 0.0019097470212727785
0, 733, 213, 107, 74, 0.001696695457212627
0, 258, 281, 52, 56, 0.0016129239229485393
0, 324, 225, 17, 23, 0.0015797136584296823
0, 532, 264, 32, 25, 0.0015003947773948312
0, 268, 310, 15, 11, 0.001358879148028791
0, 328, 221, 70, 53, 0.0013485585805028677
0, 578, 263, 31, 25, 0.0013284796150401235
0, 279, 226, 72, 70, 0.0013045661617070436
0, 125, 389, 39, 39, 0.0012946053175255656
0, 134, 374, 24, 28, 0.0011900652898475528
0, 617, 248, 27, 37, 0.0011829828144982457
0, 146, 372, 48, 34, 0.0011468760203570127
0, 718, 216, 65, 55, 0.0011326520470902324
0, 737, 147, 77, 61, 0.0010807912331074476
0, 592, 199, 426, 190, 0.0010455874726176262
0, 136, 380, 71, 57, 0.0010128291323781013
0, 486, 578, 224, 8, 0.0009501658496446908
0, 235, 214, 15, 11, 0.0009320523240603507
0, 754, 130, 39, 24, 0.0008360911160707474
0, 765, 140, 17, 15, 0.0007924991077743471
0, 313, 579, 204, 7, 0.0007629876490682364
0, 572, 247, 49, 59, 0.0006635262398049235
0, 400, 579, 213, 7, 0.0006494762492366135
0, 318, 213, 18, 29, 0.0006395342061296105
0, 153, 440, 18, 12, 0.0006164590013213456
0, 128, 476, 17, 18, 0.0006140246987342834
0, 393, 243, 83, 94, 0.0005979833658784628
0, 507, 198, 173, 70, 0.0005824613035656512
0, 262, 221, 76, 28, 0.0005703317583538592
0, 676, 239, 96, 46, 0.0005394158652052283
0, 192, 379, 25, 29, 0.0005311321001499891
0, 223, 194, 19, 13, 0.0005307566025294363
0, 586, 197, 89, 65, 0.0005101074348203838
0, 913, 579, 217, 7, 0.0005066615412943065
0, 68, 579, 136, 6, 0.0005064324359409511
0, 597, 579, 244, 7, 0.0004953300231136382
0, 266, 259, 93, 56, 0.0004677313845604658
0, 818, 579, 239, 7, 0.0004542819515336305
0, 681, 578, 267, 8, 0.0003742844855878502
0, 462, 7, 376, 14, 0.000370659283362329
0, 263, 347, 59, 52, 0.0003609248378779739
0, 988, 579, 196, 6, 0.0003606601676438004
0, 272, 308, 24, 17, 0.00036037180689163506
0, 129, 369, 51, 34, 0.00035788025707006454
0, 102, 411, 18, 17, 0.0003489284426905215
0, 591, 216, 241, 115, 0.00033203873317688704
0, 208, 374, 9, 22, 0.0003206725523341447
0, 145, 579, 262, 7, 0.0003102858318015933
0, 222, 579, 202, 7, 0.0002964015584439039
0, 298, 205, 55, 38, 0.00027981505263596773
0, 381, 214, 66, 71, 0.0002527254109736532
0, 566, 228, 64, 88, 0.00025012402329593897
0, 456, 265, 202, 94, 0.00024381704861298203
0, 303, 251, 20, 36, 0.0002352593874093145
0, 589, 7, 333, 14, 0.00022261471895035356
0, 287, 207, 85, 64, 0.00021959442528896034
0, 338, 238, 27, 49, 0.00020303012570366263
0, 1053, 579, 181, 6, 0.0001988207222893834
0, 308, 8, 340, 16, 0.00019067440007347614
0, 750, 221, 75, 53, 0.00018752507457975298
0, 328, 192, 29, 33, 0.00018397427629679441
0, 768, 182, 56, 75, 0.00017732108244672418
0, 325, 274, 12, 16, 0.00017049341113306582
0, 748, 579, 167, 6, 0.00016899740148801357
0, 326, 240, 25, 56, 0.00016598115325905383
0, 782, 180, 26, 42, 0.00014569840277545154
0, 356, 210, 49, 65, 0.0001423588109901175
0, 48, 2, 96, 4, 0.00011874323536176234
0, 503, 265, 163, 52, 0.00010862093768082559
0, 279, 337, 40, 42, 0.0001074872343451716
0, 253, 242, 118, 103, 0.00010102959640789777
0, 23, 28, 46, 56, 0.00010096305049955845
0, 1097, 578, 92, 9, 9.735592902870849e-05
0, 1118, 580, 50, 4, 8.949617040343583e-05
0, 769, 142, 60, 49, 8.441414684057236e-05
0, 293, 262, 38, 55, 8.180090662790462e-05
0, 257, 202, 84, 43, 7.896895840531215e-05
0, 260, 289, 75, 84, 7.746826304355636e-05
0, 627, 244, 50, 60, 7.412662671413273e-05
0, 586, 189, 191, 88, 7.333515532081947e-05
0, 344, 250, 54, 68, 7.270047353813425e-05
0, 203, 371, 42, 42, 6.745316204614937e-05
0, 684, 166, 124, 94, 6.302674592006952e-05
0, 237, 206, 42, 29, 5.5170239647850394e-05
0, 187, 365, 26, 39, 5.398225039243698e-05
0, 184, 289, 19, 15, 5.17265907546971e-05
0, 21, 581, 42, 2, 5.1166029152227566e-05
0, 742, 6, 342, 12, 4.689291745307855e-05
0, 37, 13, 75, 27, 4.6409029891947284e-05
0, 204, 268, 59, 59, 4.5450240577338263e-05
0, 797, 138, 388, 277, 4.418662138050422e-05
0, 111, 401, 41, 41, 4.3271844333503395e-05
0, 790, 128, 19, 22, 4.245698801241815e-05
0, 937, 199, 10, 17, 4.200465264148079e-05
0, 247, 368, 33, 37, 3.968598321080208e-05
0, 443, 195, 156, 104, 3.906130950781517e-05
0, 429, 211, 238, 67, 3.67611282854341e-05
0, 109, 11, 219, 23, 3.6073648516321555e-05
0, 7, 31, 15, 62, 3.5049448342761025e-05
0, 346, 314, 15, 15, 3.500111779430881e-05
0, 976, 126, 9, 12, 3.492619362077676e-05
0, 329, 272, 25, 27, 3.213997115381062e-05
0, 26, 47, 53, 91, 3.1645897252019495e-05
0, 923, 132, 16, 16, 3.0497662010020576e-05
0, 417, 197, 178, 176, 2.931240487669129e-05
0, 876, 5, 300, 11, 2.8744343580910936e-05
0, 928, 133, 19, 21, 2.783941636153031e-05
0, 108, 442, 9, 11, 2.5491406631772406e-05
0, 473, 277, 251, 243, 2.548384691181127e-05
0, 47, 27, 92, 53, 2.450318424962461e-05
0, 1036, 3, 214, 6, 2.201164170401171e-05
0, 251, 303, 106, 132, 2.1860021661268547e-05
0, 358, 214, 294, 124, 1.987587529583834e-05
0, 118, 390, 63, 65, 1.9464550859993324e-05
0, 702, 138, 201, 190, 1.7803644368541427e-05
0, 236, 365, 38, 37, 1.728352981444914e-05
0, 114, 378, 100, 71, 1.6753137970226817e-05
0, 948, 153, 11, 12, 1.607696685823612e-05
0, 399, 2, 269, 5, 1.5252430785039905e-05
0, 1104, 2, 76, 4, 1.5170150618359912e-05
0, 643, 158, 190, 181, 1.4334878869703971e-05
0, 1003, 290, 280, 580, 1.4050290701561607e-05
0, 106, 420, 16, 21, 1.3485919225786347e-05
0, 654, 134, 375, 269, 1.3149673577572685e-05
0, 955, 131, 30, 25, 1.2718709513137583e-05
0, 6, 59, 12, 118, 1.2672834600380156e-05
0, 912, 129, 15, 14, 1.2596779015439097e-05
0, 329, 227, 48, 107, 1.2497488569351844e-05
0, 298, 212, 125, 116, 1.2493173926486634e-05
0, 947, 130, 14, 16, 1.2182412319816649e-05
0, 775, 168, 94, 105, 1.192725176224485e-05
0, 263, 182, 152, 223, 1.1814441677415743e-05
0, 366, 154, 525, 309, 1.1713382264133543e-05
0, 241, 211, 79, 55, 1.1649081898212899e-05
0, 223, 363, 80, 64, 1.1508395800774451e-05
0, 724, 135, 113, 76, 1.1371522305125836e-05
0, 229, 248, 85, 81, 1.0802528777276166e-05
0, 192, 283, 34, 38, 1.0640846085152589e-05
0, 925, 149, 18, 23, 1.0042191206593998e-05
0, 910, 151, 11, 15, 9.391769708599895e-06
0, 661, 3, 283, 6, 9.337827577837743e-06
0, 214, 369, 30, 40, 9.29260113480268e-06
0, 936, 130, 9, 17, 8.932393029681407e-06
0, 314, 291, 46, 49, 8.819332833809312e-06
0, 182, 345, 10, 12, 8.77956426847959e-06
0, 916, 142, 24, 17, 8.265862561529502e-06
0, 918, 194, 18, 21, 8.013919796212576e-06
0, 639, 256, 192, 87, 7.879007171140984e-06
0, 404, 269, 105, 76, 7.61024966777768e-06
0, 793, 134, 35, 36, 7.576613370474661e-06
0, 57, 129, 115, 259, 7.423857823596336e-06
0, 996, 152, 24, 23, 7.262647159222979e-06
0, 258, 2, 240, 5, 7.231912150018616e-06
0, 367, 276, 174, 92, 7.14420320946374e-06
0, 345, 195, 133, 137, 7.01638691680273e-06
0, 651, 254, 280, 182, 6.964979093027068e-06
0, 980, 128, 42, 29, 6.6172365222882945e-06
0, 148, 2, 242, 4, 6.433121143345488e-06
0, 270, 345, 91, 71, 6.422871138056507e-06
0, 922, 123, 48, 34, 6.380325430654921e-06
0, 17, 409, 34, 276, 6.269833647820633e-06
0, 1017, 569, 244, 26, 6.236516128410585e-06
0, 931, 137, 31, 31, 6.152718015073333e-06
0, 288, 326, 66, 53, 6.124448191258125e-06
0, 858, 197, 25, 14, 6.071053121559089e-06
0, 202, 155, 304, 311, 6.064791705284733e-06
0, 702, 345, 882, 474, 5.916459485888481e-06
0, 994, 159, 24, 19, 5.8477426136960275e-06
0, 689, 243, 201, 82, 5.823667379445396e-06
0, 135, 358, 69, 45, 5.649598278978374e-06
0, 504, 5, 191, 10, 5.525277174456278e-06
0, 798, 127, 23, 23, 5.411210622696672e-06
0, 330, 4, 176, 9, 5.340823918231763e-06
0, 893, 178, 14, 14, 5.324895028024912e-06
0, 772, 202, 286, 173, 4.960922069585649e-06
0, 939, 174, 9, 16, 4.941200131725054e-06
0, 210, 384, 13, 22, 4.913340035272995e-06
0, 249, 335, 75, 85, 4.9056798161473125e-06
0, 18, 311, 37, 350, 4.903696662950097e-06
0, 359, 273, 83, 29, 4.839980192627991e-06
0, 31, 165, 63, 331, 4.671111582865706e-06
0, 339, 315, 26, 18, 4.594944584823679e-06
0, 277, 185, 128, 89, 4.487330443225801e-06
0, 1119, 280, 48, 229, 4.459362116904231e-06
0, 852, 170, 18, 14, 4.377374807518208e-06
0, 655, 572, 666, 20, 4.360076218290487e-06
0, 488, 178, 160, 76, 4.293319307180354e-06
0, 742, 97, 129, 92, 4.2825845412153285e-06
0, 1117, 179, 52, 326, 4.275072569726035e-06
0, 321, 311, 12, 12, 4.191897915006848e-06
0, 761, 177, 180, 145, 4.183797955192858e-06
0, 524, 269, 158, 92, 4.176192305749282e-06
0, 731, 244, 140, 110, 4.07996458307025e-06
0, 277, 160, 95, 71, 3.974082119384548e-06
0, 156, 443, 23, 20, 3.874935828207526e-06
0, 998, 143, 22, 11, 3.85676776204491e-06
0, 917, 137, 56, 40, 3.834246399492258e-06
0, 947, 135, 15, 16, 3.7560682812909363e-06
0, 476, 313, 857, 361, 3.7411928133224137e-06
0, 241, 377, 29, 49, 3.7359695852501318e-06
0, 930, 154, 27, 37, 3.718995458257268e-06
0, 620, 255, 538, 284, 3.632335847214563e-06
0, 1130, 564, 25, 37, 3.559336846592487e-06
0, 928, 195, 23, 24, 3.5293212476972258e-06
0, 935, 150, 24, 24, 3.483566160866758e-06
0, 142, 360, 95, 101, 3.479385895843734e-06
0, 1128, 59, 28, 89, 3.4607614907145035e-06
0, 88, 314, 174, 214, 3.2784903396532172e-06
0, 1003, 124, 19, 19, 3.175262236254639e-06
0, 857, 574, 573, 16, 3.1702397791377734e-06
0, 103, 413, 25, 38, 3.1077447602001484e-06
0, 1133, 77, 19, 74, 3.0956614409660688e-06
0, 940, 178, 13, 26, 3.0483101909339894e-06
0, 22, 101, 44, 179, 2.9883674415032146e-06
0, 1137, 25, 11, 42, 2.9771426852676086e-06
0, 113, 432, 24, 33, 2.8970052881049924e-06
0, 177, 378, 44, 58, 2.883755087168538e-06
0, 221, 195, 33, 20, 2.880918145820033e-06
