0, 243, 531, 107, 76, 0.5649526715278625
0, 207, 189, 77, 72, 0.4975159168243408
0, 164, 179, 168, 94, 0.4832705855369568
0, 138, 166, 74, 63, 0.48309269547462463
0, 308, 611, 30, 30, 0.47333383560180664
0, 80, 316, 49, 48, 0.4380221664905548
0, 151, 404, 28, 33, 0.3978469669818878
0, 125, 387, 28, 38, 0.33029046654701233
0, 268, 545, 55, 44, 0.3254604637622833
0, 64, 253, 22, 19, 0.3194449543952942
0, 341, 704, 70, 59, 0.31194373965263367
0, 231, 470, 18, 19, 0.30574023723602295
0, 100, 416, 23, 16, 0.24319085478782654
0, 276, 142, 71, 38, 0.22625230252742767
0, 182, 411, 16, 13, 0.22410660982131958
0, 397, 725, 29, 29, 0.20857559144496918
0, 352, 693, 44, 34, 0.17477741837501526
0, 211, 136, 56, 36, 0.16825231909751892
0, 277, 179, 83, 46, 0.15476094186306
0, 236, 180, 309, 131, 0.15228450298309326
0, 308, 601, 35, 54, 0.14257404208183289
0, 265, 469, 19, 16, 0.14059095084667206
0, 276, 575, 34, 19, 0.1326799839735031
0, 249, 541, 76, 50, 0.1302213817834854
0, 206, 515, 28, 20, 0.11211659014225006
0, 76, 397, 16, 21, 0.11175986379384995
0, 215, 522, 44, 34, 0.10562658309936523
0, 210, 448, 23, 13, 0.10135487467050552
0, 258, 557, 21, 18, 0.10058677941560745
0, 338, 593, 18, 20, 0.09567536413669586
0, 66, 244, 30, 40, 0.09433524310588837
0, 355, 213, 60, 43, 0.09257359057664871
0, 209, 451, 30, 21, 0.08873556554317474
0, 223, 151, 72, 60, 0.08039505779743195
0, 90, 272, 15, 19, 0.07932262867689133
0, 363, 648, 24, 33, 0.07388962805271149
0, 226, 503, 17, 15, 0.0736689493060112
0, 360, 643, 18, 18, 0.07334624975919724
0, 248, 162, 146, 85, 0.07167554646730423
0, 291, 597, 74, 62, 0.06923212856054306
0, 119, 392, 41, 55, 0.062368907034397125
0, 159, 458, 29, 43, 0.059484533965587616
0, 346, 216, 38, 33, 0.05930505692958832
0, 248, 547, 27, 28, 0.058409493416547775
0, 94, 359, 15, 23, 0.056725580245256424
0, 225, 530, 60, 53, 0.05637723580002785
0, 104, 285, 14, 12, 0.05599479377269745
0, 294, 165, 118, 85, 0.05494888871908188
0, 328, 171, 71, 49, 0.05483284592628479
0, 345, 192, 85, 87, 0.05431371554732323
0, 85, 329, 32, 21, 0.05325872078537941
0, 302, 217, 41, 28, 0.05194922536611557
0, 362, 701, 24, 15, 0.05099101737141609
0, 266, 503, 20, 14, 0.05080500245094299
0, 358, 640, 26, 35, 0.0493491105735302
0, 182, 490, 9, 10, 0.04919728264212608
0, 247, 508, 59, 26, 0.04725751280784607
0, 310, 187, 155, 108, 0.04563302919268608
0, 185, 557, 19, 13, 0.044320449233055115
0, 102, 396, 75, 63, 0.04413675516843796
0, 289, 582, 67, 35, 0.04390033334493637
0, 278, 537, 39, 24, 0.04303035885095596
0, 197, 517, 51, 30, 0.04164935275912285
0, 330, 721, 41, 27, 0.0415336899459362
0, 214, 512, 52, 32, 0.04119979590177536
0, 324, 640, 12, 14, 0.04108625650405884
0, 335, 720, 19, 20, 0.04027358070015907
0, 255, 552, 32, 29, 0.039528604596853256
0, 93, 331, 16, 16, 0.03944392129778862
0, 325, 214, 92, 46, 0.03810659423470497
0, 189, 558, 32, 18, 0.03651934489607811
0, 330, 698, 28, 23, 0.03395307436585426
0, 332, 183, 49, 31, 0.03300606086850166
0, 371, 212, 29, 36, 0.03243464231491089
0, 259, 173, 78, 38, 0.03226625919342041
0, 92, 401, 50, 40, 0.031342726200819016
0, 120, 206, 17, 18, 0.030722590163350105
0, 229, 507, 25, 25, 0.029968300834298134
0, 345, 688, 26, 24, 0.02968120016157627
0, 289, 215, 70, 36, 0.029523799195885658
0, 297, 188, 65, 52, 0.02948615327477455
0, 244, 141, 124, 52, 0.0290096215903759
0, 186, 514, 39, 16, 0.028468836098909378
0, 234, 524, 39, 34, 0.028085900470614433
0, 302, 583, 15, 17, 0.028029290959239006
0, 233, 165, 35, 30, 0.026516346260905266
0, 102, 318, 77, 45, 0.026074768975377083
0, 159, 421, 15, 10, 0.02467750385403633
0, 243, 539, 36, 49, 0.0239217858761549
0, 277, 589, 32, 22, 0.022926464676856995
0, 178, 514, 23, 11, 0.021503126248717308
0, 244, 509, 17, 19, 0.021227579563856125
0, 115, 302, 14, 10, 0.02109953574836254
0, 115, 175, 69, 65, 0.020155029371380806
0, 73, 233, 22, 18, 0.019123118370771408
0, 373, 209, 22, 18, 0.018947292119264603
0, 219, 201, 52, 46, 0.018684761598706245
0, 190, 172, 42, 52, 0.01818019524216652
0, 277, 170, 37, 21, 0.018178477883338928
0, 114, 308, 25, 23, 0.016718054190278053
0, 208, 444, 23, 23, 0.014697258360683918
0, 380, 171, 18, 19, 0.014448653906583786
0, 67, 306, 17, 27, 0.014335979707539082
0, 376, 225, 25, 34, 0.01328487228602171
0, 99, 183, 36, 44, 0.013078802265226841
0, 67, 230, 19, 20, 0.012733272276818752
0, 75, 310, 32, 36, 0.01269118208438158
0, 156, 503, 17, 19, 0.011447722092270851
0, 157, 511, 13, 10, 0.01143550593405962
0, 60, 264, 34, 19, 0.011171250604093075
0, 306, 670, 12, 11, 0.011132264509797096
0, 147, 174, 51, 44, 0.010987672954797745
0, 100, 358, 32, 28, 0.010986093431711197
0, 297, 609, 54, 39, 0.010970917530357838
0, 96, 250, 13, 14, 0.010910100303590298
0, 98, 194, 25, 22, 0.01067254040390253
0, 356, 616, 16, 14, 0.010660192929208279
0, 323, 167, 50, 29, 0.009388061240315437
0, 112, 202, 36, 30, 0.009302548132836819
0, 171, 505, 12, 16, 0.009222859516739845
0, 274, 665, 14, 11, 0.008937236852943897
0, 269, 213, 30, 27, 0.008813440799713135
0, 362, 636, 40, 54, 0.008728882297873497
0, 379, 234, 20, 19, 0.00852188840508461
0, 440, 163, 26, 22, 0.008476514369249344
0, 68, 223, 15, 17, 0.008450927212834358
0, 452, 227, 9, 13, 0.008322041481733322
0, 48, 269, 13, 12, 0.008120010606944561
0, 333, 160, 52, 31, 0.00809900276362896
0, 85, 259, 48, 38, 0.008097207173705101
0, 106, 363, 21, 19, 0.007703699171543121
0, 358, 713, 38, 33, 0.007473623845726252
0, 193, 159, 100, 55, 0.0074020083993673325
0, 204, 523, 70, 49, 0.007319108583033085
0, 221, 190, 34, 29, 0.007051431108266115
0, 96, 277, 48, 33, 0.006577783264219761
0, 105, 192, 37, 30, 0.006485082674771547
0, 345, 163, 28, 22, 0.006140532903373241
0, 177, 510, 34, 26, 0.00610353285446763
0, 300, 651, 24, 18, 0.0059946076944470406
0, 166, 166, 90, 63, 0.005843827035278082
0, 386, 232, 27, 26, 0.005741515662521124
0, 324, 692, 80, 42, 0.005690419115126133
0, 178, 539, 8, 9, 0.005591144319623709
0, 309, 152, 37, 30, 0.0053694299422204494
0, 407, 667, 15, 12, 0.005285130813717842
0, 122, 205, 32, 25, 0.005190653260797262
0, 267, 509, 42, 29, 0.0050508747808635235
0, 90, 345, 37, 52, 0.004795003216713667
0, 54, 290, 9, 9, 0.00479200528934598
0, 172, 502, 32, 33, 0.0047858054749667645
0, 79, 250, 45, 27, 0.004784468095749617
0, 337, 550, 11, 19, 0.004772782325744629
0, 309, 146, 58, 29, 0.004745555575937033
0, 293, 687, 25, 17, 0.0047018141485750675
0, 108, 343, 15, 19, 0.004655837081372738
0, 299, 683, 34, 27, 0.004626449663192034
0, 385, 659, 11, 13, 0.004559657070785761
0, 328, 151, 63, 36, 0.004536297172307968
0, 297, 150, 91, 53, 0.004531345330178738
0, 73, 394, 25, 34, 0.00451418524608016
0, 123, 162, 62, 45, 0.0043801176361739635
0, 107, 403, 46, 45, 0.004335915204137564
0, 263, 518, 67, 47, 0.004326865077018738
0, 330, 640, 24, 18, 0.004234188236296177
0, 183, 409, 22, 20, 0.004083571955561638
0, 379, 223, 41, 45, 0.003941400442272425
0, 66, 314, 31, 49, 0.003529256209731102
0, 325, 646, 18, 25, 0.0035212645307183266
0, 375, 649, 25, 32, 0.0034739936236292124
0, 91, 272, 34, 23, 0.003444568021222949
0, 150, 153, 54, 39, 0.003344359342008829
0, 123, 308, 39, 28, 0.003319007810205221
0, 69, 229, 27, 30, 0.003282886231318116
0, 261, 190, 126, 73, 0.0032594690565019846
0, 90, 355, 32, 26, 0.0031769187189638615
0, 370, 725, 18, 22, 0.0031656918581575155
0, 267, 584, 48, 36, 0.0031369347125291824
0, 138, 190, 38, 25, 0.003091316670179367
0, 215, 212, 35, 24, 0.0030646680388599634
0, 164, 404, 56, 35, 0.002978135831654072
0, 352, 165, 79, 42, 0.0027895851526409388
0, 197, 562, 42, 25, 0.002724100137129426
0, 293, 651, 17, 22, 0.0025360651779919863
0, 115, 455, 10, 11, 0.0024527001660317183
0, 108, 291, 37, 22, 0.002441493095830083
0, 209, 572, 17, 17, 0.0023549182806164026
0, 226, 463, 37, 29, 0.002349929418414831
0, 108, 159, 24, 24, 0.0022741409484297037
0, 92, 331, 77, 80, 0.0022540627978742123
0, 281, 581, 116, 109, 0.0021900504361838102
0, 390, 659, 17, 19, 0.0020820738282054663
0, 307, 633, 52, 39, 0.0020069449674338102
0, 309, 647, 46, 29, 0.0019509000703692436
0, 249, 493, 65, 71, 0.001902671530842781
0, 333, 546, 19, 28, 0.001877146540209651
0, 344, 649, 69, 41, 0.0018117366125807166
0, 342, 169, 117, 83, 0.0017429398139938712
0, 299, 656, 32, 32, 0.0017092638881877065
0, 164, 468, 16, 24, 0.001687273383140564
0, 179, 514, 60, 33, 0.001669533085078001
0, 287, 516, 39, 34, 0.001613781787455082
0, 284, 618, 25, 23, 0.001588114770129323
0, 296, 524, 18, 13, 0.0015721028903499246
0, 322, 656, 13, 12, 0.001560107572004199
0, 82, 305, 61, 78, 0.0015139515744522214
0, 343, 632, 58, 45, 0.0014872277388349175
0, 211, 545, 78, 43, 0.0014770790003240108
0, 205, 446, 39, 32, 0.00146861607208848
0, 156, 506, 26, 26, 0.001468541333451867
0, 131, 483, 9, 11, 0.001365492818877101
0, 165, 145, 27, 21, 0.0013467739336192608
0, 330, 539, 12, 15, 0.0013232574565336108
0, 399, 661, 34, 29, 0.0012555877910926938
0, 121, 209, 63, 33, 0.0012295423075556755
0, 348, 740, 17, 14, 0.0012205359525978565
0, 232, 494, 41, 54, 0.001203244784846902
0, 264, 561, 44, 38, 0.0011598599376156926
0, 336, 606, 30, 50, 0.001146811991930008
0, 288, 483, 11, 17, 0.001130317454226315
0, 463, 198, 13, 11, 0.0010946388356387615
0, 358, 695, 60, 51, 0.0010910851415246725
0, 404, 655, 17, 23, 0.0010368716903030872
0, 180, 363, 17, 17, 0.0010338519932702184
0, 453, 199, 8, 11, 0.0010101983789354563
0, 184, 489, 14, 13, 0.000998612609691918
0, 240, 471, 41, 30, 0.0009833027143031359
0, 354, 659, 48, 52, 0.0009821708081290126
0, 316, 701, 69, 74, 0.0009412904619239271
0, 372, 638, 72, 70, 0.0008886122377589345
0, 374, 710, 64, 52, 0.0008446339634247124
0, 213, 498, 82, 32, 0.0008352438453584909
0, 111, 449, 16, 17, 0.0008267947705462575
0, 323, 585, 46, 38, 0.0008148261695168912
0, 277, 667, 25, 19, 0.0008066922309808433
0, 54, 269, 27, 17, 0.0007857056334614754
0, 382, 642, 47, 49, 0.0007839357713237405
0, 381, 172, 29, 32, 0.000783922674600035
0, 383, 664, 14, 23, 0.0007410339312627912
0, 228, 434, 10, 8, 0.0006962080951780081
0, 93, 284, 67, 21, 0.0006902460008859634
0, 366, 683, 91, 32, 0.0006888233474455774
0, 269, 477, 33, 27, 0.0006720370147377253
0, 158, 345, 13, 21, 0.00066896784119308
0, 98, 246, 30, 33, 0.0006344129214994609
0, 84, 223, 14, 13, 0.0006312738405540586
0, 241, 555, 139, 139, 0.0006239601061679423
0, 60, 252, 40, 42, 0.0006043694447726011
0, 236, 510, 58, 49, 0.000590288604144007
0, 265, 490, 54, 25, 0.0005893354536965489
0, 128, 202, 90, 51, 0.0005807331181131303
0, 345, 682, 39, 26, 0.0005738148465752602
0, 190, 538, 53, 22, 0.0005639306036755443
0, 222, 488, 65, 103, 0.0005466639995574951
0, 102, 236, 18, 16, 0.0005404108669608831
0, 280, 561, 60, 84, 0.0005368696292862296
0, 197, 453, 57, 40, 0.0005279341130517423
0, 106, 221, 65, 58, 0.0005277306190691888
0, 110, 367, 45, 33, 0.0005188749055378139
0, 357, 729, 34, 39, 0.000511228630784899
0, 663, 440, 2, 130, 0.0004910628194920719
0, 211, 575, 15, 14, 0.0004861650231759995
0, 139, 399, 60, 55, 0.00048108556075021625
0, 663, 779, 2, 130, 0.0004775253473781049
0, 294, 667, 42, 23, 0.00047641279525123537
0, 71, 305, 52, 40, 0.0004735488328151405
0, 663, 845, 3, 117, 0.0004651842755265534
0, 67, 215, 18, 19, 0.00045895707444287837
0, 345, 613, 40, 36, 0.0004518058558460325
0, 346, 146, 96, 35, 0.000443129101768136
0, 442, 171, 33, 40, 0.0004381930048111826
0, 104, 445, 11, 12, 0.0004318786377552897
0, 663, 8, 2, 16, 0.0004316609411034733
0, 423, 251, 12, 15, 0.0004141520184930414
0, 346, 598, 43, 26, 0.00040794958476908505
0, 181, 415, 20, 22, 0.0004063005617354065
0, 106, 234, 13, 11, 0.0004010306147392839
0, 179, 493, 69, 47, 0.00039746236870996654
0, 663, 710, 2, 126, 0.0003950948885176331
0, 159, 432, 39, 94, 0.0003935011336579919
0, 218, 445, 40, 16, 0.0003855507238768041
0, 221, 566, 29, 29, 0.0003817221731878817
0, 273, 651, 13, 15, 0.00037778576370328665
0, 292, 652, 56, 34, 0.0003600054478738457
0, 470, 234, 9, 9, 0.000341275823302567
0, 400, 677, 21, 22, 0.00033942764275707304
0, 663, 517, 2, 123, 0.00033744657412171364
0, 197, 567, 59, 43, 0.00033370163873769343
0, 449, 172, 17, 35, 0.00032281389576382935
0, 663, 395, 2, 126, 0.00031654612394049764
0, 149, 386, 88, 62, 0.0003150308912154287
0, 367, 181, 63, 49, 0.00031095300801098347
0, 389, 639, 13, 16, 0.00030787658761255443
0, 288, 677, 43, 41, 0.00029351719422265887
0, 179, 370, 20, 26, 0.0002917450328823179
0, 215, 452, 49, 43, 0.0002888690505642444
0, 87, 209, 62, 64, 0.0002867048024199903
0, 663, 653, 2, 121, 0.00028230337193235755
0, 311, 141, 112, 91, 0.0002783269446808845
0, 294, 552, 74, 40, 0.00027503722230903804
