0, 406, 392, 44, 36, 0.5285866260528564
0, 419, 447, 120, 101, 0.48183706402778625
0, 162, 670, 17, 20, 0.35668787360191345
0, 542, 327, 33, 27, 0.26126188039779663
0, 342, 458, 49, 38, 0.18758751451969147
0, 303, 483, 38, 41, 0.15457358956336975
0, 401, 400, 40, 24, 0.10244324058294296
0, 416, 389, 24, 30, 0.09025771170854568
0, 339, 523, 24, 32, 0.06925447285175323
0, 537, 298, 23, 29, 0.0617293082177639
0, 124, 737, 17, 13, 0.04322212561964989
0, 551, 246, 19, 17, 0.041486479341983795
0, 358, 460, 82, 48, 0.03990834578871727
0, 526, 352, 15, 14, 0.036956943571567535
0, 540, 289, 20, 15, 0.034258220344781876
0, 152, 763, 11, 11, 0.021952807903289795
0, 326, 480, 81, 45, 0.020314091816544533
0, 639, 367, 24, 26, 0.017613422125577927
0, 453, 337, 12, 14, 0.015947362408041954
0, 134, 708, 13, 17, 0.015163329429924488
0, 138, 758, 19, 18, 0.01415611244738102
0, 556, 258, 27, 34, 0.013907203450798988
0, 542, 275, 15, 26, 0.01124491635710001
0, 399, 405, 59, 41, 0.010687187314033508
0, 421, 397, 75, 47, 0.010386485606431961
0, 386, 401, 35, 29, 0.009970316663384438
0, 456, 340, 19, 24, 0.009347779676318169
0, 406, 437, 76, 51, 0.009284459985792637
0, 461, 419, 40, 52, 0.00898356456309557
0, 352, 478, 17, 14, 0.00856837909668684
0, 436, 451, 60, 58, 0.007793379481881857
0, 365, 473, 44, 33, 0.007721642032265663
0, 539, 286, 31, 51, 0.007429484277963638
0, 386, 495, 21, 16, 0.006442072335630655
0, 460, 335, 14, 18, 0.006142780184745789
0, 586, 213, 13, 18, 0.006123707164078951
0, 510, 278, 14, 15, 0.005899899173527956
0, 281, 510, 16, 11, 0.005725146736949682
0, 440, 430, 80, 71, 0.005682099144905806
0, 424, 411, 102, 81, 0.005170217249542475
0, 381, 448, 34, 28, 0.004897007718682289
0, 352, 524, 51, 37, 0.0046594757586717606
0, 551, 267, 28, 24, 0.004521423485130072
0, 396, 474, 76, 41, 0.004070371855050325
0, 444, 441, 43, 46, 0.003656824119389057
0, 153, 766, 18, 21, 0.0034795315004885197
0, 387, 456, 38, 28, 0.0034735414665192366
0, 448, 420, 57, 41, 0.003423972986638546
0, 384, 445, 53, 58, 0.00323275662958622
0, 425, 428, 44, 28, 0.002966387663036585
0, 144, 758, 22, 23, 0.002895569195970893
0, 401, 476, 37, 33, 0.0027738907374441624
0, 403, 422, 30, 18, 0.0026890095323324203
0, 378, 475, 78, 68, 0.0026749020908027887
0, 460, 332, 28, 28, 0.002531136618927121
0, 11, 45, 22, 87, 0.0025003142654895782
0, 475, 322, 8, 14, 0.002471869345754385
0, 458, 380, 25, 31, 0.0024687484838068485
0, 567, 292, 12, 12, 0.0023428781423717737
0, 128, 746, 21, 27, 0.002227814169600606
0, 393, 491, 33, 23, 0.0020582126453518867
0, 456, 402, 41, 75, 0.0019362155580893159
0, 461, 372, 19, 14, 0.0019144935067743063
0, 12, 82, 24, 165, 0.0019019354367628694
0, 348, 480, 117, 80, 0.0018920546863228083
0, 602, 342, 15, 17, 0.0018807889427989721
0, 441, 429, 37, 28, 0.0018587957601994276
0, 281, 683, 13, 13, 0.0017893456388264894
0, 413, 462, 90, 59, 0.0017802327638491988
0, 551, 243, 23, 28, 0.0017539714463055134
0, 183, 683, 8, 6, 0.0016973691526800394
0, 428, 469, 34, 31, 0.001671149511821568
0, 325, 462, 61, 38, 0.0016630777390673757
0, 9, 503, 18, 178, 0.0015247537521645427
0, 147, 767, 30, 26, 0.001504245912656188
0, 11, 165, 22, 200, 0.0014886722201481462
0, 439, 467, 44, 34, 0.0013416287256404757
0, 161, 738, 6, 6, 0.0012839429546147585
0, 468, 423, 77, 59, 0.0012812097556889057
0, 24, 34, 48, 68, 0.0012602258939296007
0, 550, 273, 52, 73, 0.0012114992132410407
0, 10, 294, 20, 179, 0.0011828814167529345
0, 172, 748, 21, 14, 0.0011554297525435686
0, 161, 787, 13, 10, 0.0011414161417633295
0, 9, 363, 19, 174, 0.001135577680543065
0, 141, 737, 7, 13, 0.0011306232772767544
0, 506, 419, 16, 11, 0.0011050259927287698
0, 419, 473, 55, 42, 0.0010567035060375929
0, 9, 830, 19, 136, 0.0010368811199441552
0, 387, 439, 194, 137, 0.0010223326971754432
0, 9, 228, 19, 180, 0.0010063645895570517
0, 757, 850, 5, 101, 0.0010063243098556995
0, 395, 132, 28, 14, 0.0009749268065206707
0, 752, 715, 14, 201, 0.00095869175856933
0, 182, 747, 27, 15, 0.0009276606724597514
0, 31, 5, 62, 11, 0.0009220962529070675
0, 332, 502, 60, 81, 0.0008829153957776725
0, 9, 583, 19, 174, 0.0008810884319245815
0, 504, 422, 24, 23, 0.000805737276095897
0, 11, 9, 22, 18, 0.000796303793322295
0, 203, 761, 16, 21, 0.0007954642060212791
0, 150, 755, 41, 17, 0.0007838424644432962
0, 756, 8, 6, 16, 0.0007799307350069284
0, 388, 424, 58, 81, 0.0007551691960543394
0, 40, 24, 81, 48, 0.0007519814535044134
0, 548, 251, 39, 36, 0.0007483790977858007
0, 9, 432, 18, 173, 0.0007026349776424468
0, 155, 778, 27, 29, 0.0006582619389519095
0, 757, 661, 4, 121, 0.0006278618238866329
0, 306, 494, 63, 57, 0.0006205278914421797
0, 415, 437, 42, 35, 0.0005787569098174572
0, 499, 415, 31, 28, 0.0005783968372270465
0, 752, 651, 14, 176, 0.0005686794174835086
0, 336, 521, 49, 45, 0.0005477209342643619
0, 757, 880, 5, 44, 0.0005476329824887216
0, 757, 754, 4, 124, 0.0005335293244570494
0, 753, 826, 13, 147, 0.0005253839772194624
0, 9, 654, 18, 167, 0.0005200892919674516
0, 413, 151, 13, 16, 0.0005180274019949138
0, 757, 704, 4, 113, 0.000517879263497889
0, 333, 506, 20, 14, 0.0005086854798719287
0, 10, 20, 20, 39, 0.000505054893437773
0, 398, 388, 95, 59, 0.0004959380603395402
0, 375, 520, 20, 17, 0.0004911196883767843
0, 20, 16, 41, 32, 0.0004751252999994904
0, 534, 93, 10, 16, 0.0004660412669181824
0, 8, 774, 17, 164, 0.00045406047138385475
0, 379, 497, 71, 42, 0.00044728192733600736
0, 756, 29, 6, 57, 0.00042684865184128284
0, 24, 94, 49, 188, 0.0004210142360534519
0, 757, 814, 4, 126, 0.00038808127283118665
0, 143, 736, 10, 11, 0.0003775709483306855
0, 179, 673, 19, 19, 0.0003768941678572446
0, 171, 765, 14, 13, 0.0003623419615905732
0, 757, 584, 5, 125, 0.0003621370124164969
0, 60, 16, 121, 32, 0.00035875916364602745
0, 734, 742, 50, 274, 0.00033257604809477925
0, 423, 380, 56, 60, 0.0003290798922535032
0, 492, 430, 69, 57, 0.00032320283935405314
0, 205, 756, 16, 16, 0.00032051271409727633
0, 152, 761, 33, 22, 0.00031643419060856104
0, 750, 861, 19, 84, 0.0003144712536595762
0, 122, 738, 25, 23, 0.0002982438018079847
0, 535, 339, 40, 47, 0.0002952106005977839
0, 147, 764, 52, 41, 0.00029397537582553923
0, 748, 753, 23, 184, 0.00028950540581718087
0, 311, 5, 66, 10, 0.0002788616402540356
0, 416, 374, 107, 78, 0.0002713431604206562
0, 8, 706, 16, 145, 0.00026980077382177114
0, 747, 893, 24, 19, 0.0002571228542365134
0, 17, 884, 34, 37, 0.00022701047419104725
0, 755, 49, 9, 95, 0.00022678762616124004
0, 590, 364, 10, 9, 0.00022516760509461164
0, 375, 402, 116, 74, 0.00022111933503765613
0, 440, 386, 60, 50, 0.00021855023805983365
0, 749, 688, 21, 129, 0.0002016287762671709
0, 25, 166, 50, 226, 0.00019376701675355434
0, 351, 442, 56, 46, 0.0001936826010933146
0, 622, 154, 10, 11, 0.0001868698454927653
0, 757, 506, 5, 116, 0.0001850831031333655
0, 350, 29, 11, 9, 0.0001680720888543874
0, 163, 665, 23, 37, 0.00016432421398349106
0, 2, 893, 5, 20, 0.00016396891442127526
0, 537, 399, 13, 18, 0.00016341671289410442
0, 250, 679, 9, 9, 0.00016296698595397174
0, 748, 571, 23, 164, 0.00015847021131776273
0, 149, 679, 54, 45, 0.00015826318121980876
0, 748, 623, 23, 145, 0.00015561541658826172
0, 596, 162, 11, 11, 0.00015513495600316674
0, 747, 6, 25, 12, 0.00015399011317640543
0, 459, 335, 40, 46, 0.00015050683578010648
0, 539, 318, 41, 57, 0.0001480503415223211
0, 162, 781, 21, 19, 0.00014534941874444485
0, 169, 670, 33, 26, 0.00014384585665538907
0, 339, 456, 111, 89, 0.00014116171223577112
0, 12, 426, 10, 14, 0.00013640055840369314
0, 435, 467, 82, 83, 0.00013403476623352617
0, 453, 344, 28, 34, 0.00013296787801664323
0, 742, 34, 35, 68, 0.00013208996097091585
0, 444, 429, 155, 79, 0.0001288536877837032
0, 442, 357, 13, 10, 0.00012797083763871342
0, 398, 517, 148, 41, 0.00012498721480369568
0, 505, 424, 48, 36, 0.00012296761269681156
0, 746, 16, 26, 32, 0.00012204639642732218
0, 130, 750, 44, 40, 0.0001183690401376225
0, 165, 741, 17, 19, 0.00011617562995525077
0, 522, 287, 51, 39, 0.00011601998266996816
0, 380, 515, 40, 23, 0.00011268159869359806
0, 493, 406, 43, 52, 0.00011051196634070948
0, 757, 72, 5, 109, 0.00011045971768908203
0, 178, 752, 44, 18, 0.00010865098738577217
0, 174, 760, 29, 23, 0.00010405960347270593
0, 474, 318, 11, 19, 9.978301386581734e-05
0, 532, 235, 12, 15, 9.963249613065273e-05
0, 260, 719, 11, 20, 9.92582063190639e-05
0, 122, 5, 107, 11, 9.815021621761844e-05
0, 285, 474, 37, 23, 9.761854744283482e-05
0, 757, 457, 5, 107, 9.664905519457534e-05
0, 167, 752, 85, 43, 9.444613533560187e-05
0, 396, 492, 64, 66, 9.236369078280404e-05
0, 376, 434, 126, 80, 8.967753819888458e-05
0, 447, 354, 54, 56, 8.950863411882892e-05
0, 25, 293, 51, 207, 8.905909635359421e-05
0, 68, 5, 109, 9, 8.852702012518421e-05
0, 1, 851, 3, 102, 8.523157885065302e-05
0, 757, 392, 5, 99, 8.444651757599786e-05
0, 278, 682, 22, 17, 8.321949280798435e-05
0, 200, 763, 25, 28, 8.263454947154969e-05
0, 552, 387, 10, 14, 8.162457379512489e-05
0, 291, 530, 10, 12, 8.060010441113263e-05
0, 61, 120, 122, 241, 8.034065831452608e-05
0, 757, 141, 5, 98, 8.005226845853031e-05
0, 522, 257, 10, 9, 7.996544445632026e-05
0, 542, 131, 16, 15, 7.861221092753112e-05
0, 713, 789, 12, 12, 7.815700519131497e-05
0, 24, 355, 48, 187, 7.796160934958607e-05
0, 434, 358, 12, 9, 7.69674006733112e-05
0, 586, 219, 16, 31, 7.596486830152571e-05
0, 496, 390, 13, 14, 7.588869630126283e-05
0, 507, 132, 12, 10, 7.431751146214083e-05
0, 460, 179, 10, 12, 7.334410474868491e-05
0, 598, 303, 9, 11, 7.320714212255552e-05
0, 735, 823, 49, 157, 7.094900502124801e-05
0, 655, 884, 209, 38, 6.886931805638596e-05
0, 465, 326, 26, 37, 6.87235442455858e-05
0, 30, 835, 61, 131, 6.860437133582309e-05
0, 405, 885, 18, 14, 6.759082316420972e-05
0, 128, 716, 25, 42, 6.685766129521653e-05
0, 400, 140, 39, 29, 6.515361747005954e-05
0, 743, 500, 33, 151, 6.512957770610228e-05
0, 752, 528, 14, 190, 6.492147076642141e-05
0, 549, 232, 27, 32, 6.32851806585677e-05
0, 417, 138, 11, 9, 6.319501699181274e-05
0, 26, 399, 9, 10, 6.141782068880275e-05
0, 135, 706, 17, 26, 6.124236097093672e-05
0, 756, 198, 7, 105, 5.969703124719672e-05
0, 381, 189, 17, 15, 5.944644726696424e-05
0, 539, 276, 56, 44, 5.9389894886408e-05
0, 745, 60, 28, 120, 5.9232941566733643e-05
0, 27, 871, 55, 63, 5.9016259911004454e-05
0, 24, 529, 48, 209, 5.899246025364846e-05
0, 259, 509, 18, 12, 5.892330955248326e-05
0, 189, 675, 18, 10, 5.859651355422102e-05
0, 8, 419, 17, 58, 5.828970824950375e-05
0, 756, 261, 6, 95, 5.791045987280086e-05
0, 500, 94, 11, 10, 5.779686398454942e-05
0, 541, 401, 25, 27, 5.763263106928207e-05
0, 2, 813, 4, 136, 5.684684219886549e-05
0, 239, 544, 10, 13, 5.604016769211739e-05
0, 24, 853, 11, 11, 5.5798176617827266e-05
0, 9, 450, 18, 83, 5.535378659260459e-05
0, 715, 899, 81, 7, 5.468676317832433e-05
0, 11, 897, 23, 11, 5.445259012049064e-05
0, 8, 396, 16, 126, 5.388088175095618e-05
0, 732, 8, 53, 17, 5.3775598644278944e-05
0, 116, 25, 233, 48, 5.337555558071472e-05
0, 385, 503, 42, 39, 5.222173422225751e-05
0, 192, 684, 29, 17, 5.173640965949744e-05
0, 493, 391, 21, 23, 5.1608585636131465e-05
0, 544, 393, 23, 23, 5.118062472320162e-05
0, 540, 291, 72, 95, 5.010839959140867e-05
0, 360, 535, 70, 62, 4.9831964133773e-05
0, 736, 899, 39, 7, 4.834435094380751e-05
0, 158, 673, 29, 30, 4.80794369650539e-05
0, 62, 879, 124, 48, 4.7240315325325355e-05
0, 486, 396, 274, 172, 4.613676719600335e-05
0, 24, 438, 48, 224, 4.583208283293061e-05
0, 136, 663, 81, 48, 4.529369834926911e-05
0, 17, 643, 35, 180, 4.473385706660338e-05
0, 734, 18, 51, 37, 4.4011128920828924e-05
0, 17, 62, 35, 51, 4.368951704236679e-05
0, 757, 317, 4, 85, 4.274343518773094e-05
0, 451, 455, 253, 181, 4.217443347442895e-05
0, 757, 351, 5, 96, 4.183650889899582e-05
0, 176, 679, 58, 42, 4.124062616028823e-05
0, 35, 672, 10, 9, 4.120516678085551e-05
0, 290, 12, 88, 24, 4.066101973876357e-05
0, 80, 160, 11, 10, 4.052124131703749e-05
0, 180, 742, 39, 21, 4.03092271881178e-05
0, 202, 686, 17, 11, 3.9962611481314525e-05
0, 551, 28, 12, 11, 3.95326605939772e-05
0, 71, 33, 142, 66, 3.936829307349399e-05
0, 8, 514, 17, 107, 3.908023427356966e-05
0, 271, 670, 17, 10, 3.896617272403091e-05
0, 309, 463, 77, 63, 3.793368523474783e-05
0, 732, 643, 55, 234, 3.649193240562454e-05
0, 563, 225, 62, 46, 3.6438035749597475e-05
