0, 2272, 1568, 265, 292, 0.6892948746681213
0, 1877, 1969, 736, 447, 0.6418560743331909
0, 2073, 1281, 380, 331, 0.5925279855728149
0, 975, 656, 406, 419, 0.5507537722587585
0, 1198, 1933, 126, 98, 0.47725218534469604
0, 1995, 1272, 201, 231, 0.3659871220588684
0, 1457, 2027, 161, 195, 0.30374211072921753
0, 2523, 1413, 103, 66, 0.298432856798172
0, 2169, 1301, 184, 266, 0.27517053484916687
0, 1196, 1803, 93, 117, 0.26045581698417664
0, 1791, 1579, 90, 176, 0.2525935769081116
0, 179, 1898, 146, 150, 0.24438537657260895
0, 1051, 312, 91, 89, 0.1744476854801178
0, 192, 2074, 153, 81, 0.14867913722991943
0, 1321, 616, 86, 101, 0.129089817404747
0, 2173, 1212, 88, 105, 0.12645323574543
0, 2450, 1513, 79, 52, 0.12314106523990631
0, 955, 823, 168, 67, 0.10986920446157455
0, 989, 814, 237, 95, 0.09233289957046509
0, 2012, 2100, 90, 91, 0.0732743963599205
0, 2017, 1976, 121, 129, 0.06854549795389175
0, 2091, 2041, 296, 266, 0.059201233088970184
0, 2176, 1304, 119, 88, 0.0565091073513031
0, 2168, 1348, 134, 118, 0.043259695172309875
0, 2131, 2051, 154, 189, 0.040843699127435684
0, 1996, 1960, 75, 82, 0.03781214356422424
0, 2331, 1607, 99, 90, 0.03693772107362747
0, 1072, 782, 68, 38, 0.0356564000248909
0, 2109, 2101, 81, 68, 0.035103023052215576
0, 2426, 1506, 132, 74, 0.032721083611249924
0, 917, 813, 131, 81, 0.028018934652209282
0, 2417, 1398, 40, 35, 0.02737654559314251
0, 1034, 239, 59, 58, 0.026492036879062653
0, 2144, 1374, 94, 110, 0.025319131091237068
0, 2117, 1416, 464, 649, 0.024783531203866005
0, 1839, 515, 106, 62, 0.02175992727279663
0, 882, 596, 43, 64, 0.020284850150346756
0, 1678, 1961, 336, 372, 0.020088277757167816
0, 361, 1631, 116, 72, 0.019684486091136932
0, 2199, 2094, 73, 87, 0.019010089337825775
0, 927, 685, 57, 48, 0.018576916307210922
0, 1778, 1551, 43, 102, 0.0185179952532053
0, 2082, 2078, 48, 52, 0.01816784217953682
0, 1835, 2134, 102, 103, 0.018012506887316704
0, 2169, 1992, 66, 57, 0.01680493913590908
0, 909, 1267, 52, 82, 0.01618005521595478
0, 2220, 1496, 101, 122, 0.016075804829597473
0, 2322, 1452, 40, 67, 0.015935378149151802
0, 1245, 1651, 50, 63, 0.015622764825820923
0, 933, 541, 138, 95, 0.01508279051631689
0, 2107, 1306, 74, 76, 0.014950006268918514
0, 968, 674, 143, 105, 0.014866246841847897
0, 1096, 638, 139, 232, 0.014688975177705288
0, 1067, 145, 57, 91, 0.014611880294978619
0, 2145, 2014, 122, 112, 0.014259610325098038
0, 117, 2083, 59, 57, 0.011594935320317745
0, 174, 1887, 87, 110, 0.011427557095885277
0, 1045, 682, 237, 192, 0.011349936947226524
0, 947, 538, 76, 83, 0.0112250205129385
0, 2096, 2109, 120, 119, 0.010881702415645123
0, 791, 1008, 85, 63, 0.010539080947637558
0, 823, 589, 40, 53, 0.01049449760466814
0, 451, 2132, 89, 45, 0.009844960644841194
0, 358, 1737, 42, 49, 0.009531453251838684
0, 2310, 1561, 193, 202, 0.00918711069971323
0, 809, 837, 29, 30, 0.009009885601699352
0, 2153, 2102, 147, 98, 0.008550848811864853
0, 978, 705, 200, 105, 0.008531962521374226
0, 1116, 688, 94, 123, 0.008517082780599594
0, 851, 594, 107, 79, 0.008440078236162663
0, 98, 1411, 196, 853, 0.008122549392282963
0, 1735, 2007, 109, 138, 0.008084302768111229
0, 950, 708, 103, 92, 0.008058575913310051
0, 2045, 1229, 91, 100, 0.006888942793011665
0, 946, 608, 186, 231, 0.00666838139295578
0, 1003, 652, 68, 40, 0.006434519775211811
0, 991, 756, 287, 218, 0.006030892487615347
0, 1139, 475, 51, 49, 0.006020353641360998
0, 1902, 433, 35, 39, 0.005974207539111376
0, 1021, 620, 260, 229, 0.005967336241155863
0, 2393, 1479, 224, 163, 0.005822164472192526
0, 2233, 1466, 51, 62, 0.005778837949037552
0, 2134, 1341, 183, 181, 0.005723385140299797
0, 1461, 1988, 120, 108, 0.005589376203715801
0, 1208, 1741, 143, 254, 0.005496310070157051
0, 2349, 1482, 147, 128, 0.00513238413259387
0, 975, 715, 72, 74, 0.005054139532148838
0, 1238, 1678, 74, 121, 0.004892158322036266
0, 830, 661, 59, 51, 0.004808328580111265
0, 956, 565, 140, 136, 0.004519979003816843
0, 1096, 724, 52, 49, 0.004459710791707039
0, 906, 693, 113, 127, 0.004424051847308874
0, 1643, 1987, 61, 42, 0.004203876480460167
0, 839, 659, 110, 102, 0.004091354086995125
0, 1616, 1959, 123, 111, 0.004042730666697025
0, 2081, 2023, 230, 171, 0.00397847406566143
0, 2101, 1329, 122, 116, 0.0039012175984680653
0, 1803, 2112, 173, 153, 0.0037939599715173244
0, 818, 673, 66, 65, 0.003766773734241724
0, 890, 519, 64, 44, 0.0037349516060203314
0, 2140, 1223, 167, 135, 0.0037170175928622484
0, 2463, 1366, 27, 26, 0.003703271271660924
0, 952, 517, 187, 149, 0.0036960174329578876
0, 2000, 1221, 177, 128, 0.0036895370576530695
0, 826, 1100, 90, 73, 0.003673193044960499
0, 1923, 2117, 50, 61, 0.003615765832364559
0, 1003, 721, 107, 73, 0.0035549828317016363
0, 1052, 238, 101, 237, 0.003502880921587348
0, 985, 460, 33, 33, 0.0034497035667300224
0, 2057, 1208, 65, 56, 0.0034069824032485485
0, 2030, 1303, 110, 140, 0.003404055256396532
0, 2049, 1337, 49, 70, 0.003359581809490919
0, 1005, 671, 74, 71, 0.003269568318501115
0, 1074, 105, 45, 37, 0.003247611690312624
0, 1596, 1929, 42, 46, 0.0032109732273966074
0, 836, 736, 34, 41, 0.003183688037097454
0, 2210, 1654, 92, 94, 0.0031719650141894817
0, 1580, 1830, 94, 88, 0.0031507471576333046
0, 972, 606, 125, 121, 0.0031119033228605986
0, 1053, 725, 43, 43, 0.0030822104308754206
0, 951, 788, 193, 74, 0.0030742092058062553
0, 1741, 458, 402, 547, 0.003054999513551593
0, 1734, 1962, 150, 224, 0.002969518769532442
0, 2595, 1735, 43, 36, 0.0028052947018295527
0, 2341, 1466, 95, 99, 0.0027625022921711206
0, 1570, 1824, 63, 53, 0.002696008188650012
0, 1966, 1355, 52, 59, 0.0026797798927873373
0, 540, 1830, 74, 66, 0.0026443805545568466
0, 2270, 1644, 237, 232, 0.002602007007226348
0, 2093, 2145, 108, 62, 0.0025964179076254368
0, 1227, 1721, 60, 49, 0.0025698214303702116
0, 1003, 469, 83, 52, 0.0025359506253153086
0, 1951, 1319, 89, 134, 0.0025272436905652285
0, 2266, 1483, 163, 135, 0.002453693188726902
0, 970, 552, 102, 87, 0.002408963395282626
0, 1098, 609, 111, 139, 0.0023875648621469736
0, 2067, 1223, 313, 146, 0.0023818882182240486
0, 971, 472, 137, 67, 0.002372057642787695
0, 1767, 2048, 50, 63, 0.002362279687076807
0, 172, 2107, 205, 159, 0.002341602463275194
0, 1723, 1870, 38, 39, 0.0023401714861392975
0, 1960, 1983, 245, 167, 0.0022990447469055653
0, 734, 866, 65, 47, 0.0022452552802860737
0, 1609, 1983, 150, 219, 0.002242008224129677
0, 1628, 1835, 189, 113, 0.0021573100239038467
0, 2058, 2114, 201, 145, 0.0021464016754180193
0, 1051, 763, 99, 51, 0.0020888466387987137
0, 995, 738, 200, 97, 0.002086502267047763
0, 2383, 1557, 226, 176, 0.002063014544546604
0, 1974, 1199, 68, 92, 0.001964123919606209
0, 1991, 2043, 584, 300, 0.0018719102954491973
0, 842, 738, 60, 53, 0.0018622023053467274
0, 1831, 1942, 35, 49, 0.0018597240559756756
0, 2164, 1521, 45, 62, 0.001827770727686584
0, 1624, 1917, 206, 279, 0.0018219365738332272
0, 1809, 1993, 261, 256, 0.0017854967154562473
0, 1894, 1978, 112, 143, 0.0017281734617426991
0, 1069, 795, 120, 66, 0.001713821548037231
0, 1630, 564, 104, 108, 0.0017061731778085232
0, 1081, 554, 86, 84, 0.0016558155184611678
0, 1625, 575, 48, 45, 0.0016452670097351074
0, 2247, 1985, 46, 38, 0.0016394976992160082
0, 1282, 389, 32, 31, 0.0016339552821591496
0, 1061, 541, 41, 59, 0.0015755090862512589
0, 1673, 1844, 118, 111, 0.0015159075846895576
0, 2215, 1571, 138, 257, 0.0014568916521966457
0, 741, 631, 35, 28, 0.0014308717800304294
0, 1732, 519, 40, 39, 0.0013713417574763298
0, 1717, 1861, 154, 130, 0.0013708861079066992
0, 1688, 1819, 46, 46, 0.0013131070882081985
0, 1956, 1179, 113, 135, 0.0013122201198711991
0, 1042, 331, 130, 133, 0.0013102543307468295
0, 1664, 1882, 39, 30, 0.0012958365259692073
0, 2197, 1518, 114, 100, 0.0012945923954248428
0, 1782, 1936, 294, 130, 0.0012913732789456844
0, 1914, 2030, 48, 41, 0.001268917229026556
0, 1656, 570, 62, 47, 0.0012476762058213353
0, 1978, 1216, 262, 240, 0.001230637775734067
0, 905, 574, 186, 171, 0.0012036132393404841
0, 1771, 2048, 176, 262, 0.001169166062027216
0, 2465, 1420, 183, 93, 0.0011263383785262704
0, 1032, 473, 34, 35, 0.0011243326589465141
0, 2187, 1996, 165, 84, 0.0011136200046166778
0, 1912, 2087, 77, 135, 0.001103968475945294
0, 1464, 2080, 80, 70, 0.001088184304535389
0, 1743, 1893, 84, 92, 0.0010664728470146656
0, 895, 552, 580, 512, 0.0010255646193400025
0, 1810, 2057, 148, 156, 0.0009536170982755721
0, 1909, 2132, 142, 101, 0.0009260057704523206
0, 109, 2143, 70, 45, 0.0009055837290361524
0, 1645, 578, 92, 64, 0.0008947750320658088
0, 1754, 1825, 38, 42, 0.0008619927684776485
0, 1005, 426, 50, 52, 0.0008602798916399479
0, 769, 452, 904, 905, 0.00085385114653036
0, 1868, 1956, 110, 93, 0.0008475148933939636
0, 1546, 1983, 343, 285, 0.0008470877655781806
0, 1031, 1217, 54, 38, 0.0008383775711990893
0, 1915, 2050, 65, 76, 0.0008379350765608251
0, 1661, 1825, 104, 66, 0.0008152929367497563
0, 1405, 1976, 39, 85, 0.0008001922396942973
0, 1729, 1860, 97, 81, 0.0007938531925901771
0, 975, 499, 108, 124, 0.0007695775129832327
0, 1425, 1984, 84, 106, 0.0007695272215642035
0, 1727, 597, 350, 239, 0.0007657289388589561
0, 1790, 1927, 34, 65, 0.0007594063645228744
0, 102, 7, 202, 14, 0.0007529918220825493
0, 2213, 1364, 246, 274, 0.0007376358844339848
0, 1064, 290, 134, 146, 0.0007351810927502811
0, 2225, 2006, 94, 94, 0.0007196872611530125
0, 1883, 2004, 67, 50, 0.0006579996552318335
0, 1652, 581, 199, 183, 0.0006303717382252216
0, 1001, 453, 266, 328, 0.0006231207516975701
0, 1779, 1915, 65, 97, 0.0006208174163475633
0, 1091, 497, 154, 102, 0.000602114771027118
0, 2181, 1402, 155, 188, 0.000592596479691565
0, 2245, 1478, 314, 160, 0.0005881690885871649
0, 1296, 614, 192, 143, 0.0005516183446161449
0, 2112, 1915, 35, 37, 0.0005516086239367723
0, 958, 854, 264, 170, 0.0005512906354852021
0, 1024, 458, 297, 130, 0.0005334538291208446
0, 753, 632, 58, 37, 0.000530022254679352
0, 108, 2130, 79, 126, 0.0005129355704411864
0, 1858, 491, 151, 153, 0.0004957378841936588
0, 1720, 1826, 106, 55, 0.0004934299504384398
0, 1622, 511, 66, 49, 0.0004911344731226563
0, 967, 1266, 157, 139, 0.0004870163684245199
0, 2589, 2018, 297, 663, 0.00047711835941299796
0, 74, 1735, 148, 773, 0.00047162556438706815
0, 2068, 1449, 40, 56, 0.00046604929957538843
0, 1671, 1996, 222, 235, 0.0004650672199204564
0, 2412, 1406, 67, 57, 0.0004614613426383585
0, 214, 2167, 74, 68, 0.0004594751517288387
0, 1617, 2043, 119, 85, 0.00045754684833809733
0, 992, 444, 86, 90, 0.00042052005301229656
0, 864, 768, 160, 187, 0.00041916590998880565
0, 2216, 1394, 309, 507, 0.00041739235166460276
0, 1496, 1969, 136, 88, 0.00041625136509537697
0, 1750, 2143, 57, 50, 0.0003936994180548936
0, 1053, 352, 294, 220, 0.00039101814036257565
0, 993, 1302, 63, 50, 0.00037747054011560977
0, 1239, 1750, 293, 297, 0.0003773047064896673
0, 807, 606, 112, 89, 0.0003617414040490985
0, 1175, 1927, 74, 76, 0.0003606328391470015
0, 985, 901, 121, 52, 0.00036037867539562285
0, 1633, 531, 111, 82, 0.0003587689425330609
0, 135, 1841, 270, 568, 0.0003586220555007458
0, 105, 2160, 78, 70, 0.0003584622754715383
0, 2521, 1437, 139, 139, 0.000358047109330073
0, 1924, 1130, 44, 48, 0.0003502183244563639
0, 2055, 1442, 67, 71, 0.0003494412521831691
0, 98, 1912, 37, 43, 0.0003463955654297024
0, 919, 818, 262, 122, 0.0003422180889174342
0, 1598, 520, 78, 57, 0.0003406406904105097
0, 988, 479, 166, 168, 0.0003360870759934187
0, 799, 648, 132, 75, 0.00033131238888017833
0, 2136, 1913, 96, 55, 0.0003272830799687654
0, 1888, 1936, 60, 52, 0.0003270662564318627
0, 307, 2160, 79, 60, 0.0003205393149983138
0, 2602, 1799, 267, 617, 0.0003130978439003229
0, 2209, 2056, 111, 199, 0.0003125916700810194
0, 1519, 2101, 42, 44, 0.0002995835093315691
0, 1549, 1918, 156, 165, 0.0002963255683425814
0, 2719, 1438, 50, 85, 0.0002932920178864151
0, 1499, 1911, 45, 40, 0.0002919308899436146
0, 2222, 1714, 116, 94, 0.00028641000972129405
0, 1923, 1224, 46, 45, 0.0002825505507644266
0, 970, 18, 851, 37, 0.0002790629805531353
0, 2143, 1935, 136, 101, 0.00027077330742031336
0, 214, 2147, 93, 39, 0.00027065305039286613
0, 2349, 1326, 30, 37, 0.0002698339521884918
0, 1052, 156, 111, 147, 0.0002636281424202025
0, 1070, 800, 203, 209, 0.00026281175087206066
0, 2442, 1353, 73, 55, 0.0002618395665194839
0, 2646, 1157, 190, 812, 0.0002584998437669128
0, 1661, 461, 38, 33, 0.00025526355602778494
0, 2295, 1264, 891, 876, 0.0002532432845328003
0, 1768, 1917, 305, 351, 0.00024612300330772996
0, 1832, 564, 145, 182, 0.0002397305070189759
0, 2555, 1770, 145, 111, 0.00023746791703160852
0, 2236, 1973, 67, 71, 0.0002370785514358431
0, 2480, 1358, 36, 47, 0.00023440095537807792
0, 2517, 13, 455, 27, 0.00023299430904444307
0, 2067, 1177, 462, 312, 0.00022379243455361575
0, 1744, 1879, 132, 83, 0.00022124165843706578
0, 2476, 1911, 538, 937, 0.00021615046716760844
0, 2160, 1468, 229, 287, 0.00021545171330217272
0, 2731, 1520, 26, 194, 0.00021160977485124022
0, 816, 1077, 111, 121, 0.00021133071277290583
0, 2071, 20, 781, 41, 0.0002047082525677979
0, 1038, 1222, 73, 64, 0.0001973597682081163
0, 841, 302, 602, 507, 0.00018606494995765388
0, 2506, 1474, 195, 178, 0.00018329333397559822
0, 1500, 22, 892, 44, 0.00017903496336657554
0, 2349, 1618, 234, 256, 0.0001783200859790668
0, 61, 35, 122, 70, 0.00017805758398026228
0, 1616, 419, 35, 43, 0.000176356770680286
0, 1783, 21, 861, 42, 0.00017604998720344156
0, 1587, 434, 52, 42, 0.00017301278421655297
0, 1170, 1794, 155, 157, 0.00017213737010024488
0, 1159, 568, 401, 407, 0.00017201612354256213
