0, 1004, 601, 97, 61, 0.6527106165885925
0, 1260, 653, 113, 80, 0.5250741243362427
0, 912, 464, 55, 51, 0.47487273812294006
0, 342, 283, 27, 25, 0.43418675661087036
0, 1142, 374, 71, 45, 0.3707233667373657
0, 797, 527, 41, 24, 0.35052168369293213
0, 907, 742, 60, 40, 0.3493027687072754
0, 1535, 625, 38, 25, 0.3356627821922302
0, 1198, 339, 44, 30, 0.33108314871788025
0, 1233, 579, 61, 44, 0.30748510360717773
0, 725, 528, 67, 40, 0.29905062913894653
0, 1149, 691, 35, 27, 0.2987547218799591
0, 1243, 666, 73, 42, 0.2735547125339508
0, 1179, 561, 47, 27, 0.2726214826107025
0, 1354, 641, 30, 27, 0.2708292603492737
0, 1436, 624, 33, 27, 0.26166048645973206
0, 380, 242, 50, 35, 0.2566812038421631
0, 934, 564, 30, 21, 0.25522351264953613
0, 555, 546, 40, 32, 0.25261759757995605
0, 1428, 621, 51, 45, 0.24301636219024658
0, 1084, 699, 64, 51, 0.234979510307312
0, 294, 280, 21, 21, 0.23397381603717804
0, 847, 204, 83, 53, 0.2302594780921936
0, 1188, 340, 70, 42, 0.2286091446876526
0, 1221, 636, 43, 26, 0.22831600904464722
0, 1059, 409, 40, 21, 0.22338202595710754
0, 1248, 339, 34, 37, 0.22224897146224976
0, 1477, 597, 27, 36, 0.22051450610160828
0, 589, 508, 23, 29, 0.21195244789123535
0, 1105, 590, 21, 26, 0.19616590440273285
0, 244, 291, 36, 25, 0.19098040461540222
0, 1283, 632, 66, 44, 0.18467818200588226
0, 1512, 591, 23, 28, 0.1753402203321457
0, 603, 505, 51, 35, 0.16070787608623505
0, 1152, 676, 38, 61, 0.15814752876758575
0, 502, 235, 44, 30, 0.15269243717193604
0, 989, 427, 35, 31, 0.1486867368221283
0, 913, 503, 37, 23, 0.14721710979938507
0, 781, 225, 40, 51, 0.14371445775032043
0, 1093, 544, 28, 24, 0.14058859646320343
0, 623, 210, 21, 30, 0.1396612524986267
0, 130, 353, 25, 29, 0.13576096296310425
0, 1152, 564, 68, 25, 0.1317373663187027
0, 1213, 575, 103, 60, 0.1254901885986328
0, 748, 480, 24, 25, 0.1242377758026123
0, 1123, 403, 42, 23, 0.12327906489372253
0, 864, 210, 47, 38, 0.12196531146764755
0, 831, 506, 26, 18, 0.12168481945991516
0, 1077, 359, 40, 22, 0.12054933607578278
0, 94, 421, 23, 31, 0.12023530900478363
0, 1548, 624, 59, 31, 0.11796696484088898
0, 902, 471, 80, 75, 0.11556310951709747
0, 244, 301, 43, 45, 0.11475197225809097
0, 828, 206, 128, 102, 0.11282660812139511
0, 177, 331, 30, 26, 0.10509365051984787
0, 1559, 602, 23, 23, 0.1015264242887497
0, 832, 178, 51, 40, 0.09814339131116867
0, 326, 260, 22, 21, 0.09777290374040604
0, 808, 217, 103, 70, 0.08718598634004593
0, 1552, 609, 48, 38, 0.08382514119148254
0, 431, 238, 26, 20, 0.08316594362258911
0, 1182, 319, 53, 48, 0.08270426839590073
0, 1038, 444, 18, 19, 0.08270012587308884
0, 1164, 332, 22, 15, 0.08243397623300552
0, 1634, 604, 23, 29, 0.08040859550237656
0, 1628, 639, 30, 22, 0.07501129060983658
0, 1152, 382, 52, 33, 0.07309480011463165
0, 429, 228, 33, 44, 0.06968063861131668
0, 1017, 730, 20, 21, 0.06656444817781448
0, 1097, 692, 37, 38, 0.06587554514408112
0, 575, 221, 27, 27, 0.06571509689092636
0, 341, 284, 40, 35, 0.06410462409257889
0, 1231, 311, 26, 26, 0.06403172016143799
0, 902, 499, 68, 34, 0.06274639815092087
0, 772, 179, 25, 25, 0.06105895712971687
0, 189, 309, 34, 23, 0.060622502118349075
0, 1127, 583, 77, 45, 0.060321368277072906
0, 776, 213, 59, 85, 0.05806136876344681
0, 1258, 673, 67, 34, 0.05631713196635246
0, 232, 367, 17, 19, 0.05444991588592529
0, 1407, 642, 24, 24, 0.05062078312039375
0, 942, 188, 32, 24, 0.04981853812932968
0, 1160, 557, 83, 31, 0.04935668036341667
0, 1070, 364, 55, 34, 0.04824855178594589
0, 739, 146, 40, 21, 0.04632323607802391
0, 1176, 651, 21, 22, 0.04492020606994629
0, 336, 270, 44, 54, 0.043170079588890076
0, 1526, 607, 38, 47, 0.043141644448041916
0, 653, 519, 24, 23, 0.041036512702703476
0, 770, 186, 31, 42, 0.04032820835709572
0, 1088, 567, 47, 54, 0.04009423032402992
0, 540, 194, 19, 17, 0.04005629941821098
0, 1100, 587, 34, 38, 0.037199538201093674
0, 1230, 632, 63, 38, 0.035352401435375214
0, 414, 244, 72, 53, 0.033789582550525665
0, 433, 256, 27, 41, 0.03225385770201683
0, 811, 521, 75, 48, 0.03190120309591293
0, 739, 240, 36, 35, 0.031082574278116226
0, 881, 499, 37, 29, 0.031043292954564095
0, 183, 323, 52, 54, 0.027523823082447052
0, 904, 235, 32, 21, 0.026881571859121323
0, 1633, 613, 37, 50, 0.026418251916766167
0, 1015, 412, 44, 31, 0.02590862102806568
0, 293, 276, 26, 35, 0.024517925456166267
0, 341, 245, 15, 16, 0.023526765406131744
0, 1078, 576, 29, 27, 0.02280491404235363
0, 239, 333, 39, 27, 0.020891111344099045
0, 1530, 651, 30, 24, 0.02032328024506569
0, 253, 332, 16, 13, 0.01997629553079605
0, 1491, 639, 34, 15, 0.019434457644820213
0, 628, 523, 10, 20, 0.019001968204975128
0, 649, 195, 19, 11, 0.018885163590312004
0, 446, 264, 14, 24, 0.018571805208921432
0, 754, 235, 70, 48, 0.01821717619895935
0, 331, 257, 41, 41, 0.017730360850691795
0, 1166, 575, 104, 62, 0.017589198425412178
0, 1080, 550, 62, 41, 0.016460176557302475
0, 1370, 614, 15, 15, 0.01627054437994957
0, 1176, 522, 16, 13, 0.015971288084983826
0, 1545, 651, 30, 25, 0.015906570479273796
0, 864, 218, 109, 68, 0.014889435842633247
0, 190, 379, 23, 21, 0.014586498960852623
0, 648, 183, 19, 21, 0.0144912488758564
0, 1127, 619, 24, 18, 0.014176856726408005
0, 570, 542, 47, 39, 0.014099866151809692
0, 702, 173, 22, 21, 0.013345255516469479
0, 907, 189, 32, 25, 0.013333682902157307
0, 1055, 428, 47, 33, 0.013294982723891735
0, 1007, 422, 78, 56, 0.013287034817039967
0, 833, 516, 39, 41, 0.013122295960783958
0, 1249, 532, 37, 23, 0.013096675276756287
0, 182, 338, 38, 35, 0.012588066048920155
0, 128, 362, 31, 35, 0.012449436821043491
0, 140, 374, 30, 20, 0.011657905764877796
0, 139, 349, 49, 31, 0.010730287060141563
0, 201, 351, 19, 13, 0.010592560283839703
0, 1206, 700, 21, 18, 0.010262347757816315
0, 142, 397, 19, 12, 0.01019435003399849
0, 232, 359, 20, 24, 0.010062760673463345
0, 316, 310, 15, 14, 0.00962290819734335
0, 1164, 671, 58, 75, 0.009389950893819332
0, 1496, 650, 44, 25, 0.009358157403767109
0, 287, 284, 13, 32, 0.008836816065013409
0, 1476, 603, 42, 44, 0.0080878222361207
0, 349, 260, 47, 47, 0.007884364575147629
0, 1062, 422, 50, 29, 0.007877104915678501
0, 1031, 407, 65, 29, 0.007581591606140137
0, 926, 187, 62, 30, 0.0069916583597660065
0, 368, 241, 72, 56, 0.006861187517642975
0, 1040, 421, 53, 38, 0.0068374150432646275
0, 607, 209, 23, 31, 0.006771476473659277
0, 814, 190, 62, 58, 0.006485939957201481
0, 158, 339, 66, 42, 0.006463247817009687
0, 751, 208, 73, 97, 0.006144253071397543
0, 1097, 623, 73, 23, 0.0059757595881819725
0, 260, 368, 27, 22, 0.005881361663341522
0, 1288, 374, 22, 27, 0.005598846357315779
0, 1585, 634, 23, 36, 0.0054779755882918835
0, 1248, 554, 54, 28, 0.00537324883043766
0, 1063, 386, 62, 57, 0.005099225323647261
0, 1246, 679, 95, 68, 0.005052259657531977
0, 1551, 637, 77, 53, 0.00497840391471982
0, 617, 211, 38, 36, 0.00475543225184083
0, 1348, 650, 43, 40, 0.004715315531939268
0, 988, 168, 37, 33, 0.004713870584964752
0, 1512, 637, 70, 32, 0.004424551501870155
0, 271, 347, 30, 20, 0.0042549907229840755
0, 214, 313, 103, 66, 0.00391105841845274
0, 248, 283, 46, 48, 0.0039055910892784595
0, 1356, 632, 41, 51, 0.003867941442877054
0, 583, 529, 105, 78, 0.0035387955140322447
0, 200, 374, 26, 21, 0.003536240430548787
0, 1059, 589, 59, 39, 0.0035102672409266233
0, 1254, 615, 123, 94, 0.003303948324173689
0, 285, 346, 20, 31, 0.003123455448076129
0, 772, 487, 23, 24, 0.0030902547296136618
0, 124, 388, 38, 29, 0.0030892265494912863
0, 1058, 372, 84, 60, 0.003066526260226965
0, 168, 336, 108, 84, 0.0030524430330842733
0, 298, 270, 41, 51, 0.0030203231144696474
0, 1067, 622, 80, 27, 0.0030124608892947435
0, 993, 437, 45, 56, 0.0029728522058576345
0, 548, 208, 21, 18, 0.0029398465994745493
0, 644, 211, 29, 30, 0.0028660271782428026
0, 940, 563, 46, 31, 0.002865938702598214
0, 1481, 630, 57, 25, 0.002862496068701148
0, 1348, 656, 57, 62, 0.0027616024017333984
0, 734, 505, 61, 81, 0.002735064597800374
0, 817, 171, 23, 39, 0.002591462340205908
0, 711, 188, 43, 52, 0.00257913232780993
0, 255, 353, 30, 40, 0.0025111816357821226
0, 1023, 726, 31, 34, 0.002484614495187998
0, 1091, 543, 39, 35, 0.0024250666610896587
0, 1147, 357, 89, 71, 0.0023383095394819975
0, 432, 243, 43, 70, 0.002313468139618635
0, 281, 510, 24, 31, 0.002214634558185935
0, 758, 481, 54, 34, 0.0021976723801344633
0, 126, 354, 46, 35, 0.0021421604324132204
0, 1587, 652, 21, 18, 0.00210173218511045
0, 1142, 330, 41, 18, 0.002079795580357313
0, 1538, 645, 67, 36, 0.002070664195343852
0, 576, 539, 87, 47, 0.002022341126576066
0, 713, 190, 18, 37, 0.0019510865677148104
0, 1494, 594, 64, 52, 0.0019015590660274029
0, 573, 231, 36, 23, 0.0018679677741602063
0, 908, 203, 97, 54, 0.0017754024593159556
0, 791, 515, 84, 76, 0.0017721966141834855
0, 1196, 561, 143, 87, 0.0017446953570470214
0, 568, 224, 52, 37, 0.0017067596781998873
0, 826, 498, 37, 40, 0.0015793399652466178
0, 264, 285, 85, 39, 0.0015720744850113988
0, 240, 342, 49, 22, 0.0015686884289607406
0, 1199, 352, 51, 60, 0.0015547667862847447
0, 106, 420, 50, 38, 0.0014180911239236593
0, 729, 167, 83, 58, 0.001404239097610116
0, 1238, 332, 67, 61, 0.0013977175112813711
0, 1052, 547, 20, 16, 0.0013837412698194385
0, 1136, 385, 84, 77, 0.0013805623166263103
0, 636, 513, 26, 21, 0.0013707202160730958
0, 349, 257, 126, 95, 0.0013669345062226057
0, 979, 595, 120, 86, 0.0013599874218925834
0, 392, 229, 107, 73, 0.0013410475803539157
0, 186, 386, 26, 23, 0.001333366148173809
0, 291, 343, 19, 20, 0.0013274861266836524
0, 1230, 626, 180, 154, 0.0013147564604878426
0, 1539, 620, 97, 85, 0.0013047893298789859
0, 132, 416, 37, 30, 0.0012825228041037917
0, 624, 530, 85, 49, 0.0012795372167602181
0, 1277, 576, 23, 29, 0.0011993724619969726
0, 100, 894, 199, 9, 0.001165344612672925
0, 152, 374, 70, 40, 0.0011321526253595948
0, 766, 527, 84, 43, 0.0011179012944921851
0, 1036, 405, 135, 110, 0.0010985489934682846
0, 1064, 712, 111, 75, 0.0010845104698091745
0, 591, 214, 23, 33, 0.0010740795405581594
0, 1207, 623, 103, 48, 0.0010714377276599407
0, 271, 271, 30, 27, 0.0009933637920767069
0, 1424, 638, 59, 53, 0.0009840725688263774
0, 1069, 351, 63, 52, 0.0009804593864828348
0, 718, 512, 106, 81, 0.0009422514704056084
0, 522, 199, 57, 31, 0.0008980322163552046
0, 679, 521, 91, 31, 0.0008894958882592618
0, 434, 498, 27, 28, 0.0008873947663232684
0, 447, 504, 43, 44, 0.0008786428952589631
0, 761, 157, 63, 27, 0.0008662862819619477
0, 202, 892, 400, 13, 0.0008570856880396605
0, 444, 524, 31, 23, 0.0008412591414526105
0, 541, 187, 26, 37, 0.0007735035615041852
0, 1107, 681, 113, 63, 0.0007462661014869809
0, 501, 230, 56, 49, 0.0007389061502180994
0, 555, 458, 18, 14, 0.0007381748873740435
0, 1284, 667, 171, 86, 0.0007242022547870874
0, 548, 180, 27, 40, 0.0007241598214022815
0, 801, 159, 30, 18, 0.0007225268054753542
0, 840, 480, 15, 14, 0.0006898708525113761
0, 297, 291, 35, 48, 0.0006782641867175698
0, 1158, 616, 89, 33, 0.000657062279060483
0, 1307, 328, 32, 19, 0.0006551438709720969
0, 123, 385, 64, 88, 0.0006534227868542075
0, 135, 377, 46, 35, 0.0006221297080628574
0, 1180, 528, 45, 30, 0.0006084466585889459
0, 774, 227, 103, 80, 0.0005960753769613802
0, 1128, 538, 22, 27, 0.0005888200248591602
0, 542, 501, 36, 18, 0.0005826192209497094
0, 1322, 629, 27, 41, 0.0005814008181914687
0, 441, 504, 37, 29, 0.0005701390909962356
0, 1497, 650, 85, 32, 0.0005617825081571937
0, 1080, 682, 75, 90, 0.000554994388949126
0, 926, 183, 81, 57, 0.0005531201604753733
0, 1144, 700, 61, 62, 0.0005387165583670139
0, 637, 202, 38, 64, 0.0005275385337881744
0, 354, 290, 77, 38, 0.0005252197734080255
0, 498, 214, 43, 48, 0.0005170025979168713
0, 283, 282, 131, 103, 0.0005024952115491033
0, 1122, 646, 100, 52, 0.0005008927546441555
0, 961, 158, 16, 15, 0.0004961801460012794
0, 1680, 892, 159, 13, 0.0004942302475683391
0, 896, 186, 138, 78, 0.00048707646783441305
0, 622, 218, 36, 58, 0.0004702509322669357
0, 156, 392, 34, 21, 0.0004662857099901885
0, 525, 232, 97, 43, 0.0004651188792195171
0, 668, 893, 378, 11, 0.0004641404957510531
0, 365, 275, 80, 46, 0.0004631125193554908
0, 92, 415, 38, 49, 0.0004551688034553081
0, 490, 181, 18, 15, 0.00044611821067519486
0, 113, 380, 43, 45, 0.0004303384048398584
0, 976, 554, 23, 19, 0.00042251532431691885
0, 1166, 327, 97, 63, 0.0004192184715066105
0, 997, 531, 21, 14, 0.0003961656184401363
0, 1427, 610, 70, 89, 0.0003893334069289267
0, 802, 474, 19, 32, 0.0003743608540389687
0, 906, 503, 84, 62, 0.0003732415789272636
0, 399, 269, 45, 41, 0.0003681568196043372
0, 548, 196, 32, 18, 0.0003585884114727378
0, 905, 733, 71, 71, 0.0003464974870439619
0, 228, 12, 449, 25, 0.0003450853982940316
0, 1464, 610, 143, 92, 0.000343457271810621
0, 953, 420, 19, 17, 0.0003401169669814408
