0, 321, 261, 62, 49, 0.6890446543693542
0, 393, 346, 65, 74, 0.6154560446739197
0, 494, 510, 92, 72, 0.5592564344406128
0, 967, 637, 28, 42, 0.4833736717700958
0, 810, 699, 44, 34, 0.47885915637016296
0, 1056, 429, 88, 85, 0.4597555696964264
0, 226, 557, 57, 52, 0.443294495344162
0, 501, 300, 46, 42, 0.4089083671569824
0, 495, 490, 86, 34, 0.2752988040447235
0, 632, 708, 30, 19, 0.2457931935787201
0, 399, 208, 34, 51, 0.23435233533382416
0, 597, 296, 81, 73, 0.23010385036468506
0, 784, 288, 93, 73, 0.2140236645936966
0, 311, 748, 28, 42, 0.1931658834218979
0, 246, 764, 26, 33, 0.16606125235557556
0, 697, 527, 62, 58, 0.16592246294021606
0, 757, 711, 13, 20, 0.16308696568012238
0, 589, 302, 58, 46, 0.15819232165813446
0, 287, 199, 59, 39, 0.14160916209220886
0, 997, 653, 17, 23, 0.11845545470714569
0, 1052, 657, 20, 22, 0.11432433873414993
0, 657, 753, 19, 24, 0.11326777935028076
0, 585, 306, 40, 32, 0.1044057235121727
0, 299, 202, 37, 29, 0.09763789921998978
0, 608, 280, 54, 35, 0.09577372670173645
0, 641, 341, 56, 49, 0.09133295714855194
0, 391, 199, 51, 78, 0.0890510082244873
0, 393, 172, 23, 20, 0.07904143631458282
0, 860, 308, 25, 34, 0.07772474735975266
0, 591, 504, 43, 48, 0.07761573046445847
0, 362, 555, 55, 34, 0.07682248950004578
0, 791, 676, 16, 12, 0.0744372084736824
0, 774, 712, 14, 24, 0.0732462927699089
0, 1038, 432, 46, 46, 0.07198891788721085
0, 808, 275, 34, 36, 0.07078776508569717
0, 503, 759, 20, 22, 0.06758899241685867
0, 574, 323, 28, 17, 0.0659341961145401
0, 221, 524, 75, 119, 0.06570358574390411
0, 650, 329, 30, 27, 0.065648153424263
0, 545, 317, 16, 26, 0.06478286534547806
0, 836, 304, 30, 29, 0.0634547546505928
0, 859, 300, 18, 18, 0.06332197040319443
0, 1075, 424, 45, 68, 0.06306170672178268
0, 666, 748, 41, 38, 0.058616530150175095
0, 790, 276, 24, 26, 0.05650055781006813
0, 757, 308, 29, 20, 0.055274758487939835
0, 701, 522, 35, 45, 0.05482068285346031
0, 602, 527, 18, 19, 0.054616063833236694
0, 689, 520, 41, 38, 0.0539671927690506
0, 1044, 429, 26, 37, 0.05264127627015114
0, 754, 290, 21, 17, 0.052093517035245895
0, 706, 535, 33, 39, 0.05072040110826492
0, 125, 708, 33, 32, 0.04987577721476555
0, 722, 730, 36, 35, 0.048586148768663406
0, 543, 773, 20, 18, 0.04627864807844162
0, 593, 276, 26, 24, 0.043600697070360184
0, 1080, 444, 33, 46, 0.042662300169467926
0, 1017, 640, 14, 14, 0.040947698056697845
0, 487, 521, 71, 45, 0.04077950492501259
0, 279, 741, 24, 24, 0.04030022397637367
0, 679, 544, 25, 32, 0.039213813841342926
0, 947, 470, 65, 47, 0.038938455283641815
0, 297, 223, 25, 19, 0.038329098373651505
0, 1001, 644, 24, 34, 0.03647144138813019
0, 502, 754, 30, 33, 0.03606608510017395
0, 166, 671, 22, 20, 0.035790104418992996
0, 553, 554, 15, 14, 0.03554413467645645
0, 769, 306, 52, 29, 0.03535120189189911
0, 162, 680, 31, 38, 0.034120943397283554
0, 832, 278, 94, 52, 0.033664099872112274
0, 173, 727, 17, 17, 0.03197130933403969
0, 272, 225, 14, 17, 0.031767524778842926
0, 762, 253, 36, 33, 0.03142642229795456
0, 820, 288, 39, 40, 0.02928810380399227
0, 1005, 605, 12, 15, 0.02924298867583275
0, 645, 747, 22, 33, 0.028989827260375023
0, 166, 692, 21, 16, 0.028775351122021675
0, 526, 741, 17, 17, 0.028242459520697594
0, 761, 268, 44, 56, 0.0279863178730011
0, 360, 548, 36, 20, 0.027221396565437317
0, 678, 551, 21, 20, 0.02699909545481205
0, 194, 533, 16, 23, 0.02675989270210266
0, 687, 304, 32, 30, 0.02668183296918869
0, 205, 550, 45, 61, 0.0265648290514946
0, 831, 302, 18, 22, 0.026563864201307297
0, 1075, 406, 40, 31, 0.026484902948141098
0, 220, 481, 18, 33, 0.025938857346773148
0, 498, 746, 27, 31, 0.022813178598880768
0, 626, 547, 11, 13, 0.022713677957654
0, 288, 197, 88, 75, 0.022550884634256363
0, 1004, 633, 13, 18, 0.02190273441374302
0, 571, 314, 42, 37, 0.021667782217264175
0, 758, 297, 45, 50, 0.02134796231985092
0, 770, 274, 35, 31, 0.020976688712835312
0, 854, 270, 45, 28, 0.019841959699988365
0, 277, 190, 58, 47, 0.019306780770421028
0, 930, 460, 27, 20, 0.01760794408619404
0, 700, 300, 42, 25, 0.017002969980239868
0, 767, 248, 23, 21, 0.01656690612435341
0, 604, 533, 18, 28, 0.01635916903614998
0, 695, 299, 48, 42, 0.015667090192437172
0, 943, 453, 64, 43, 0.015463124960660934
0, 981, 639, 60, 54, 0.015245120972394943
0, 309, 252, 90, 73, 0.01487836055457592
0, 354, 472, 16, 15, 0.014427423477172852
0, 855, 487, 13, 19, 0.01372102927416563
0, 522, 799, 25, 19, 0.01364448294043541
0, 718, 528, 106, 71, 0.01347254030406475
0, 512, 750, 44, 41, 0.013341588899493217
0, 861, 349, 16, 19, 0.01306638028472662
0, 936, 465, 41, 33, 0.012666750699281693
0, 962, 472, 40, 36, 0.01255721878260374
0, 113, 696, 62, 59, 0.012533335946500301
0, 132, 435, 16, 23, 0.012338941916823387
0, 568, 749, 17, 21, 0.011851501651108265
0, 459, 765, 19, 31, 0.011820415034890175
0, 807, 688, 50, 62, 0.011712251231074333
0, 577, 537, 23, 19, 0.01169042568653822
0, 927, 444, 32, 24, 0.011580347083508968
0, 669, 773, 17, 21, 0.011562317609786987
0, 458, 772, 14, 16, 0.011487690731883049
0, 334, 210, 25, 18, 0.011417579837143421
0, 281, 734, 24, 21, 0.011349867098033428
0, 348, 538, 59, 38, 0.011299180798232555
0, 298, 747, 59, 45, 0.01111761387437582
0, 661, 754, 61, 60, 0.011019924655556679
0, 247, 151, 24, 28, 0.01085076667368412
0, 325, 715, 12, 14, 0.01055155973881483
0, 1013, 675, 15, 16, 0.010451283305883408
0, 983, 606, 16, 15, 0.01031555701047182
0, 143, 453, 30, 50, 0.01009933091700077
0, 298, 225, 114, 123, 0.01001355703920126
0, 741, 274, 21, 22, 0.010008873417973518
0, 396, 330, 47, 39, 0.009991778992116451
0, 181, 548, 23, 22, 0.009890193119645119
0, 397, 173, 36, 35, 0.009420213289558887
0, 1035, 419, 38, 43, 0.009395142085850239
0, 1048, 407, 60, 38, 0.009282262995839119
0, 596, 515, 64, 84, 0.00905169639736414
0, 798, 706, 69, 42, 0.008852466009557247
0, 972, 608, 28, 19, 0.008806491270661354
0, 743, 761, 9, 10, 0.00880438182502985
0, 1074, 625, 29, 20, 0.008545655757188797
0, 758, 526, 15, 20, 0.008416112512350082
0, 495, 732, 22, 18, 0.0078117260709404945
0, 188, 557, 39, 43, 0.007773883640766144
0, 914, 307, 16, 15, 0.007605534512549639
0, 241, 751, 33, 52, 0.0076017240062355995
0, 778, 309, 79, 44, 0.007402838673442602
0, 337, 229, 21, 15, 0.007398407906293869
0, 148, 462, 20, 30, 0.00723184272646904
0, 340, 530, 34, 21, 0.007194193080067635
0, 720, 297, 18, 20, 0.007169556804001331
0, 725, 293, 104, 60, 0.006997865159064531
0, 327, 208, 34, 25, 0.006949841044843197
0, 550, 555, 27, 17, 0.006854669190943241
0, 956, 507, 16, 13, 0.006739381700754166
0, 520, 556, 13, 15, 0.0066576795652508736
0, 263, 121, 23, 19, 0.006578758358955383
0, 1153, 436, 14, 19, 0.006341974250972271
0, 746, 509, 24, 22, 0.006337753031402826
0, 692, 283, 22, 26, 0.006334330886602402
0, 434, 258, 20, 25, 0.006201921496540308
0, 1008, 644, 27, 40, 0.006179774180054665
0, 574, 751, 28, 24, 0.006101861130446196
0, 530, 307, 32, 47, 0.006091565825045109
0, 1064, 625, 21, 19, 0.005897794384509325
0, 144, 394, 31, 22, 0.005885818041861057
0, 849, 307, 55, 43, 0.005862731020897627
0, 453, 234, 15, 18, 0.005855662282556295
0, 678, 531, 52, 60, 0.005819256417453289
0, 230, 737, 24, 17, 0.005593493580818176
0, 501, 271, 43, 32, 0.005500474479049444
0, 788, 675, 31, 16, 0.005451063625514507
0, 169, 667, 17, 18, 0.005443205125629902
0, 617, 485, 18, 18, 0.005255838856101036
0, 746, 277, 82, 79, 0.005241230130195618
0, 578, 525, 63, 54, 0.005136383697390556
0, 876, 491, 16, 19, 0.005083113443106413
0, 810, 669, 40, 16, 0.005020847078412771
0, 1046, 492, 24, 24, 0.0049593220464885235
0, 601, 727, 19, 21, 0.004941646475344896
0, 482, 459, 21, 12, 0.0049291132017970085
0, 500, 728, 28, 23, 0.004928187467157841
0, 218, 508, 27, 89, 0.004925033543258905
0, 283, 749, 35, 49, 0.004896491765975952
0, 955, 482, 30, 24, 0.004808139055967331
0, 733, 305, 47, 41, 0.0046746195293962955
0, 756, 537, 21, 37, 0.004647240042686462
0, 920, 496, 20, 16, 0.004634882789105177
0, 468, 794, 26, 22, 0.004629779607057571
0, 629, 285, 70, 40, 0.004585585091263056
0, 425, 281, 14, 13, 0.004373442847281694
0, 520, 463, 28, 17, 0.004312998149544001
0, 766, 713, 35, 28, 0.0042137871496379375
0, 315, 218, 75, 47, 0.004170739557594061
0, 169, 730, 29, 25, 0.00412521418184042
0, 739, 323, 35, 18, 0.004107361659407616
0, 974, 449, 22, 20, 0.004046376328915358
0, 813, 663, 19, 12, 0.0037898458540439606
0, 533, 783, 45, 44, 0.003758853068575263
0, 797, 291, 156, 104, 0.0037414319813251495
0, 331, 522, 31, 22, 0.003628747072070837
0, 729, 322, 26, 17, 0.00361998425796628
0, 345, 728, 14, 27, 0.0035626476164907217
0, 556, 547, 23, 28, 0.0035586990416049957
0, 137, 693, 93, 62, 0.003388876561075449
0, 972, 642, 34, 69, 0.0033836255315691233
0, 335, 752, 17, 23, 0.0033827333245426416
0, 205, 655, 14, 11, 0.003298188792541623
0, 944, 483, 78, 48, 0.0032015580218285322
0, 509, 738, 54, 46, 0.003153956960886717
0, 369, 168, 29, 26, 0.0031131270807236433
0, 257, 576, 12, 12, 0.0030758024659007788
0, 604, 484, 33, 24, 0.0030438576359301805
0, 464, 772, 34, 50, 0.003009520471096039
0, 497, 473, 77, 43, 0.002747718710452318
0, 579, 761, 42, 41, 0.0026831142604351044
0, 586, 770, 30, 21, 0.0026581452693790197
0, 736, 509, 55, 45, 0.0025975112803280354
0, 964, 696, 16, 15, 0.002573657315224409
0, 490, 459, 41, 15, 0.0025335659738630056
0, 355, 552, 78, 52, 0.0025292783975601196
0, 163, 699, 41, 58, 0.002470992272719741
0, 1083, 591, 17, 26, 0.002378215314820409
0, 678, 506, 37, 40, 0.002373863710090518
0, 888, 474, 16, 15, 0.002340731443837285
0, 650, 288, 27, 24, 0.0023340031038969755
0, 531, 746, 33, 27, 0.0023213087115436792
0, 774, 507, 18, 30, 0.00225985050201416
0, 337, 742, 16, 33, 0.0022597666829824448
0, 293, 259, 59, 57, 0.002249365206807852
0, 927, 460, 46, 47, 0.0022245983127504587
0, 845, 306, 81, 58, 0.002196185989305377
0, 678, 735, 131, 73, 0.0021727392449975014
0, 451, 761, 45, 45, 0.002068227855488658
0, 572, 707, 10, 11, 0.0020241616293787956
0, 167, 744, 22, 12, 0.0020094469655305147
0, 197, 708, 17, 17, 0.0019360054284334183
0, 1037, 491, 46, 27, 0.0019277866231277585
0, 704, 737, 81, 58, 0.0018979422748088837
0, 554, 346, 21, 15, 0.0018691656878218055
0, 651, 744, 52, 44, 0.0018187020905315876
0, 184, 673, 22, 18, 0.0018008616752922535
0, 749, 531, 51, 75, 0.001786110457032919
0, 1002, 661, 33, 51, 0.0017562663415446877
0, 1009, 634, 33, 29, 0.0017411841545253992
0, 378, 369, 29, 24, 0.0017125499434769154
0, 672, 545, 39, 42, 0.0016878190217539668
0, 171, 676, 38, 31, 0.0015658671036362648
0, 548, 331, 22, 42, 0.001562182791531086
0, 872, 481, 28, 34, 0.0015591431874781847
0, 1010, 665, 24, 24, 0.0015023498563095927
0, 437, 758, 21, 40, 0.001414935220964253
0, 576, 264, 34, 20, 0.0014141995925456285
0, 172, 687, 60, 58, 0.0013947223778814077
0, 279, 172, 59, 30, 0.0013843732886016369
0, 758, 554, 22, 26, 0.0013643911806866527
0, 597, 318, 120, 79, 0.0013430946273729205
0, 678, 741, 66, 41, 0.0013237603707239032
0, 556, 517, 21, 30, 0.0013226973824203014
0, 224, 709, 27, 17, 0.001315505476668477
0, 207, 529, 44, 62, 0.0013036701129749417
0, 681, 299, 56, 63, 0.0012681155931204557
0, 271, 180, 89, 78, 0.00126250134781003
0, 328, 206, 42, 47, 0.0012591424165293574
0, 776, 498, 14, 20, 0.0012556338915601373
0, 883, 296, 24, 17, 0.001233849674463272
0, 70, 558, 10, 14, 0.0012103485642001033
0, 476, 707, 15, 15, 0.0012077395804226398
0, 426, 771, 25, 16, 0.0011773889418691397
0, 801, 671, 46, 28, 0.0011647852370515466
0, 791, 528, 14, 17, 0.0011380634969100356
0, 523, 709, 12, 12, 0.0010934199672192335
0, 156, 640, 25, 17, 0.0010547281708568335
0, 92, 676, 34, 20, 0.0010509027633816004
0, 368, 203, 95, 77, 0.0010213046334683895
0, 768, 516, 33, 45, 0.0010160828242078424
0, 702, 308, 73, 48, 0.0010148270521312952
0, 109, 524, 15, 16, 0.0010085770627483726
0, 561, 758, 22, 42, 0.0010021752677857876
0, 808, 475, 11, 11, 0.0010011737467721105
0, 648, 731, 70, 66, 0.0009672227897681296
0, 1107, 393, 25, 26, 0.0009593514841981232
0, 637, 323, 72, 87, 0.0009541074396111071
0, 945, 456, 92, 68, 0.0009407434845343232
0, 579, 528, 98, 106, 0.0009376246016472578
0, 504, 713, 21, 22, 0.0009171399869956076
0, 261, 749, 64, 66, 0.0009118653833866119
0, 808, 497, 12, 37, 0.0009094107081182301
0, 316, 196, 68, 72, 0.0008974253432825208
0, 432, 251, 26, 21, 0.0008781733922660351
0, 871, 492, 33, 32, 0.0008714300347492099
0, 434, 740, 22, 31, 0.0008649736410006881
0, 1005, 624, 34, 60, 0.0008586797048337758
0, 411, 496, 14, 13, 0.0008487436571158469
0, 501, 288, 51, 77, 0.000836905324831605
0, 56, 5, 110, 11, 0.0008131341892294586
0, 545, 298, 140, 65, 0.0007962692761793733
