0, 1417, 984, 101, 77, 0.2752944231033325
0, 816, 436, 83, 67, 0.24557019770145416
0, 855, 1144, 72, 46, 0.16814181208610535
0, 793, 445, 48, 65, 0.15516532957553864
0, 1500, 891, 41, 31, 0.13911649584770203
0, 916, 428, 60, 63, 0.12215328216552734
0, 667, 896, 56, 54, 0.12202165275812149
0, 639, 1249, 35, 44, 0.10719860345125198
0, 1435, 965, 49, 35, 0.10363907366991043
0, 1339, 1035, 51, 33, 0.10022883862257004
0, 1553, 907, 28, 29, 0.09516508877277374
0, 1427, 995, 78, 48, 0.09409810602664948
0, 1173, 245, 24, 23, 0.09357529878616333
0, 917, 355, 85, 65, 0.09002275764942169
0, 866, 802, 50, 35, 0.08989506959915161
0, 1039, 294, 40, 32, 0.08065515011548996
0, 840, 1140, 119, 66, 0.07426196336746216
0, 947, 347, 22, 28, 0.07113601267337799
0, 631, 1206, 31, 36, 0.06974927335977554
0, 1348, 1036, 31, 26, 0.06830396503210068
0, 1451, 921, 31, 35, 0.06776683032512665
0, 1019, 1112, 25, 36, 0.06265100091695786
0, 1336, 1046, 53, 42, 0.0617232620716095
0, 995, 1063, 39, 29, 0.060515064746141434
0, 791, 464, 44, 30, 0.056798163801431656
0, 866, 420, 24, 40, 0.05540907755494118
0, 962, 723, 40, 28, 0.05515127256512642
0, 1427, 1010, 104, 70, 0.05416414514183998
0, 903, 363, 42, 29, 0.05043719708919525
0, 896, 447, 36, 33, 0.04807411506772041
0, 870, 450, 18, 23, 0.047246795147657394
0, 683, 878, 28, 22, 0.04714985936880112
0, 843, 439, 161, 89, 0.04456939548254013
0, 1531, 863, 28, 27, 0.0436578094959259
0, 620, 933, 32, 33, 0.04316725954413414
0, 1501, 902, 36, 41, 0.04313400760293007
0, 634, 1220, 35, 30, 0.04289008677005768
0, 1000, 662, 31, 40, 0.041974056512117386
0, 1423, 966, 131, 139, 0.04173056408762932
0, 1150, 535, 46, 27, 0.0412791483104229
0, 442, 610, 27, 50, 0.038347478955984116
0, 1104, 1053, 20, 19, 0.037470705807209015
0, 993, 698, 37, 22, 0.03732975572347641
0, 1396, 1042, 29, 21, 0.037105023860931396
0, 1400, 1030, 37, 30, 0.036635421216487885
0, 1146, 527, 58, 46, 0.03641312196850777
0, 892, 764, 36, 35, 0.034559160470962524
0, 954, 728, 65, 40, 0.03237519413232803
0, 977, 706, 75, 42, 0.03204100951552391
0, 1411, 1016, 53, 39, 0.03197389096021652
0, 1588, 887, 33, 26, 0.03120010904967785
0, 1110, 250, 40, 33, 0.03072190284729004
0, 1500, 313, 33, 57, 0.03002326190471649
0, 431, 602, 26, 39, 0.029494965448975563
0, 1243, 1030, 27, 26, 0.02885288931429386
0, 905, 833, 34, 33, 0.028522301465272903
0, 721, 1174, 20, 26, 0.028300059959292412
0, 916, 384, 92, 115, 0.028243180364370346
0, 1503, 326, 27, 34, 0.027894051745533943
0, 1009, 1115, 47, 43, 0.027148857712745667
0, 1516, 891, 55, 43, 0.026083271950483322
0, 692, 448, 24, 23, 0.025540269911289215
0, 900, 441, 97, 88, 0.024419471621513367
0, 989, 669, 42, 33, 0.02428814209997654
0, 1502, 908, 58, 59, 0.02412036433815956
0, 675, 908, 46, 39, 0.02361721731722355
0, 1492, 932, 30, 21, 0.02358311600983143
0, 956, 767, 29, 29, 0.02349952608346939
0, 1096, 525, 43, 37, 0.02288651280105114
0, 729, 1166, 35, 46, 0.02212994359433651
0, 1505, 883, 54, 49, 0.02182445488870144
0, 810, 868, 36, 23, 0.021763591095805168
0, 968, 722, 88, 66, 0.021364914253354073
0, 873, 1128, 46, 38, 0.021175721660256386
0, 1427, 345, 33, 31, 0.021047621965408325
0, 875, 792, 68, 51, 0.019508864730596542
0, 822, 1137, 73, 49, 0.01948382519185543
0, 1007, 663, 54, 57, 0.019167104735970497
0, 1067, 606, 22, 25, 0.018766241148114204
0, 1521, 908, 26, 33, 0.018656926229596138
0, 703, 1237, 36, 21, 0.018310977146029472
0, 1441, 935, 51, 62, 0.018157411366701126
0, 1417, 1026, 78, 63, 0.01751822978258133
0, 1000, 1096, 29, 15, 0.017105083912611008
0, 781, 439, 86, 79, 0.016892798244953156
0, 778, 1147, 43, 26, 0.016817361116409302
0, 1106, 258, 81, 54, 0.016779832541942596
0, 1428, 942, 84, 81, 0.01595291495323181
0, 740, 1211, 23, 37, 0.015525591559708118
0, 648, 908, 84, 61, 0.014930210076272488
0, 1194, 492, 43, 37, 0.014726739376783371
0, 1057, 278, 82, 66, 0.014718887396156788
0, 754, 429, 26, 24, 0.014596893452107906
0, 1120, 589, 39, 30, 0.014363327994942665
0, 1314, 174, 121, 71, 0.014183496125042439
0, 1012, 692, 61, 30, 0.014034446328878403
0, 907, 382, 43, 41, 0.01375837717205286
0, 1290, 178, 62, 41, 0.01359566766768694
0, 827, 1193, 29, 22, 0.012823881581425667
0, 1207, 488, 42, 38, 0.01214518491178751
0, 943, 342, 31, 45, 0.012100208550691605
0, 763, 905, 27, 20, 0.012045735493302345
0, 987, 707, 106, 64, 0.011812797747552395
0, 1315, 1064, 43, 24, 0.011638806201517582
0, 947, 770, 38, 34, 0.011481968685984612
0, 722, 893, 24, 22, 0.011450128629803658
0, 1192, 1085, 33, 31, 0.0113062197342515
0, 1127, 530, 99, 64, 0.011124351993203163
0, 904, 807, 39, 33, 0.010945207439363003
0, 932, 334, 48, 33, 0.010292638093233109
0, 881, 808, 81, 49, 0.010143525898456573
0, 1080, 271, 35, 24, 0.010110076516866684
0, 1540, 860, 34, 40, 0.009983344003558159
0, 1070, 262, 50, 35, 0.009809066541492939
0, 1010, 679, 66, 40, 0.009767817333340645
0, 1656, 786, 29, 19, 0.009481681510806084
0, 621, 475, 14, 21, 0.009267150424420834
0, 1171, 470, 39, 30, 0.009111979976296425
0, 1557, 893, 106, 79, 0.009074848145246506
0, 1082, 271, 131, 83, 0.009023267775774002
0, 1333, 1054, 69, 75, 0.008890490047633648
0, 1186, 494, 91, 70, 0.008827748708426952
0, 1650, 764, 26, 21, 0.008695853874087334
0, 1628, 826, 29, 24, 0.008586821146309376
0, 683, 978, 21, 27, 0.008581756614148617
0, 903, 777, 28, 23, 0.008246589452028275
0, 958, 764, 48, 44, 0.008067210204899311
0, 871, 461, 26, 39, 0.00798613578081131
0, 1241, 1035, 40, 42, 0.007670010905712843
0, 1097, 1053, 34, 25, 0.007533114403486252
0, 1270, 184, 39, 23, 0.007349662482738495
0, 1176, 477, 60, 51, 0.0073448424227535725
0, 759, 1179, 21, 27, 0.006993668153882027
0, 1062, 617, 23, 38, 0.006834776606410742
0, 1485, 299, 24, 79, 0.006808585487306118
0, 1191, 513, 28, 33, 0.0068082925863564014
0, 1591, 901, 36, 39, 0.006780737545341253
0, 656, 453, 20, 20, 0.0067583718337118626
0, 687, 1231, 38, 28, 0.006361683364957571
0, 1070, 598, 28, 18, 0.006239177193492651
0, 1252, 1050, 28, 24, 0.006203067023307085
0, 392, 1328, 28, 29, 0.006197775714099407
0, 818, 464, 94, 40, 0.006192814093083143
0, 1151, 509, 51, 42, 0.00611827103421092
0, 1405, 353, 81, 47, 0.005930360406637192
0, 818, 889, 22, 22, 0.005871622823178768
0, 1328, 167, 24, 23, 0.005865374580025673
0, 1447, 973, 76, 58, 0.005526195280253887
0, 767, 1152, 28, 17, 0.005395134910941124
0, 955, 749, 65, 78, 0.005305263213813305
0, 763, 909, 37, 33, 0.004928944632411003
0, 721, 884, 26, 39, 0.004927069880068302
0, 1465, 999, 36, 37, 0.004786795470863581
0, 783, 1140, 60, 42, 0.0047507742419838905
0, 1197, 460, 57, 27, 0.004740018397569656
0, 815, 861, 46, 37, 0.00469977268949151
0, 1128, 245, 88, 83, 0.004672612529247999
0, 998, 1100, 52, 43, 0.004619461018592119
0, 1139, 231, 58, 51, 0.00456988625228405
0, 813, 877, 43, 45, 0.004568353295326233
0, 1212, 1085, 30, 34, 0.004469288047403097
0, 926, 1132, 19, 19, 0.00446174805983901
0, 1347, 346, 16, 15, 0.004401477053761482
0, 1053, 586, 32, 12, 0.0043768249452114105
0, 794, 826, 43, 30, 0.0043694148771464825
0, 756, 1205, 24, 36, 0.004358469508588314
0, 1160, 473, 43, 30, 0.004270762205123901
0, 1217, 1078, 23, 30, 0.0041006323881447315
0, 1090, 550, 100, 76, 0.0040886481292545795
0, 1248, 1055, 33, 50, 0.004061115439981222
0, 1127, 560, 93, 31, 0.003961564507335424
0, 1001, 1070, 54, 40, 0.003933588974177837
0, 723, 899, 31, 36, 0.00392455467954278
0, 1062, 568, 47, 39, 0.003911106381565332
0, 816, 830, 34, 34, 0.0038760502357035875
0, 614, 1207, 39, 33, 0.00386978080496192
0, 906, 749, 45, 55, 0.0038217359688133
0, 751, 920, 58, 52, 0.003702576272189617
0, 673, 1226, 36, 32, 0.0036837290972471237
0, 1111, 508, 33, 33, 0.003677523462101817
0, 1163, 521, 91, 69, 0.003638632595539093
0, 433, 540, 24, 18, 0.0035933824256062508
0, 520, 1005, 34, 28, 0.0035455175675451756
0, 670, 538, 15, 20, 0.00354516739025712
0, 894, 1150, 39, 40, 0.003543565748259425
0, 469, 559, 21, 19, 0.0035359852481633425
0, 1208, 456, 39, 18, 0.0035037812776863575
0, 856, 417, 219, 190, 0.003501211991533637
0, 1149, 221, 35, 30, 0.0034965332597494125
0, 918, 717, 27, 22, 0.0034644226543605328
0, 1361, 318, 37, 22, 0.0034640817902982235
0, 982, 1141, 23, 30, 0.003435580525547266
0, 630, 1232, 70, 87, 0.003430598182603717
0, 1349, 186, 46, 30, 0.0034063432831317186
0, 680, 1241, 84, 56, 0.003403381910175085
0, 1516, 883, 87, 89, 0.0033456245437264442
0, 1654, 768, 38, 39, 0.0033330365549772978
0, 1016, 636, 24, 27, 0.003331228159368038
0, 1391, 364, 45, 26, 0.0032961361575871706
0, 590, 455, 33, 23, 0.0032440372742712498
0, 1567, 825, 23, 24, 0.0031875702552497387
0, 595, 464, 61, 46, 0.0031677703373134136
0, 277, 760, 11, 16, 0.0031549271661788225
0, 1076, 604, 34, 27, 0.00314600788988173
0, 1173, 233, 28, 52, 0.003128531388938427
0, 757, 427, 48, 42, 0.003111956873908639
0, 723, 1187, 33, 79, 0.0030817240476608276
0, 1514, 926, 68, 54, 0.0030809580348432064
0, 223, 782, 25, 22, 0.003067075740545988
0, 885, 765, 59, 66, 0.002965387888252735
0, 441, 536, 26, 22, 0.0029545575380325317
0, 676, 965, 27, 38, 0.0029110887553542852
0, 529, 1005, 26, 21, 0.00290472200140357
0, 1667, 789, 34, 26, 0.0028747878968715668
0, 891, 836, 71, 76, 0.002819204470142722
0, 1191, 272, 20, 22, 0.0027776143979281187
0, 1037, 648, 33, 26, 0.002764980774372816
0, 1022, 342, 40, 22, 0.0027216454036533833
0, 1163, 236, 44, 43, 0.002718496834859252
0, 1057, 609, 48, 39, 0.002665597712621093
0, 736, 959, 18, 22, 0.0026420599315315485
0, 1165, 249, 37, 30, 0.002618460450321436
0, 706, 901, 52, 55, 0.0026058361399918795
0, 679, 1215, 69, 68, 0.0025831856764853
0, 1556, 873, 57, 82, 0.0025287780445069075
0, 1047, 629, 32, 47, 0.0024911656510084867
0, 1347, 170, 57, 50, 0.002455500653013587
0, 1083, 1055, 58, 27, 0.002448530402034521
0, 875, 1143, 103, 61, 0.0024453995283693075
0, 1619, 783, 29, 29, 0.0024340993259102106
0, 1108, 520, 77, 69, 0.0024309579748660326
0, 659, 936, 79, 77, 0.0023765156511217356
0, 995, 652, 66, 74, 0.0023739731404930353
0, 1542, 882, 50, 77, 0.0023438693024218082
0, 377, 622, 82, 75, 0.002307824557647109
0, 464, 541, 30, 20, 0.0022855023853480816
0, 1644, 775, 43, 41, 0.002268877113237977
0, 1175, 265, 34, 41, 0.0022340232972055674
0, 620, 467, 19, 39, 0.0022261845879256725
0, 1595, 887, 53, 35, 0.002222628565505147
0, 204, 805, 36, 23, 0.0021546378266066313
0, 765, 1162, 29, 33, 0.0021391515620052814
0, 496, 1042, 35, 29, 0.0021241402719169855
0, 800, 814, 52, 40, 0.0021026923786848783
0, 1069, 1066, 33, 27, 0.002064987551420927
0, 739, 928, 29, 37, 0.0020592049695551395
0, 585, 507, 68, 42, 0.002026231726631522
0, 1146, 509, 166, 123, 0.001949760364368558
0, 712, 959, 21, 24, 0.001883166260086
0, 977, 669, 80, 38, 0.001877225236967206
0, 1255, 1061, 34, 30, 0.0018588098464533687
0, 632, 975, 25, 23, 0.0018333077896386385
0, 1112, 565, 35, 21, 0.0017946945736184716
0, 1180, 1075, 25, 21, 0.0017799405613914132
0, 813, 831, 73, 54, 0.001778849633410573
0, 610, 935, 52, 42, 0.00177677720785141
0, 1275, 1048, 23, 30, 0.00177380267996341
0, 1237, 1055, 43, 80, 0.0017682473408058286
0, 1217, 1061, 103, 96, 0.0017592139774933457
0, 1351, 154, 49, 34, 0.0017587334150448442
0, 852, 864, 100, 40, 0.0017392351292073727
0, 1006, 1093, 61, 82, 0.0017294934950768948
0, 1183, 251, 33, 30, 0.0017017775680869818
0, 957, 363, 45, 36, 0.0016796778654679656
0, 1353, 1031, 88, 76, 0.001678920118138194
0, 1384, 326, 41, 23, 0.0016751654911786318
0, 827, 871, 59, 37, 0.0016637009102851152
0, 1385, 344, 91, 52, 0.0016629494493827224
0, 1387, 1015, 121, 86, 0.0016531990841031075
0, 1048, 627, 49, 66, 0.0016183702973648906
0, 1643, 824, 43, 24, 0.001586651662364602
0, 1391, 386, 37, 22, 0.001575187430717051
0, 467, 525, 30, 32, 0.0015713778557255864
0, 797, 842, 56, 34, 0.0015673512825742364
0, 1033, 326, 50, 34, 0.0015479059657081962
0, 677, 925, 47, 53, 0.0015156700974330306
0, 887, 417, 136, 128, 0.0015083173057064414
0, 628, 949, 30, 33, 0.001491398666985333
0, 229, 760, 17, 17, 0.0014829158317297697
0, 1499, 948, 29, 37, 0.0014710837276652455
0, 716, 884, 59, 65, 0.0014703358756378293
0, 577, 479, 73, 51, 0.0014548570616170764
0, 865, 1107, 51, 43, 0.0014389462303370237
0, 377, 638, 57, 34, 0.0014186976477503777
0, 1090, 593, 95, 44, 0.0014142837608233094
0, 559, 960, 18, 20, 0.0014131274074316025
0, 663, 1204, 33, 42, 0.0014076459920033813
0, 955, 350, 51, 47, 0.0014033352490514517
0, 1210, 433, 28, 14, 0.0013932891888543963
0, 488, 520, 20, 25, 0.0013930717250332236
0, 761, 875, 44, 46, 0.001382616930641234
0, 1278, 1034, 19, 32, 0.0013663350837305188
0, 493, 1025, 36, 21, 0.0013589878799393773
0, 836, 807, 62, 40, 0.0013539752690121531
0, 1309, 1062, 70, 42, 0.001340171555057168
0, 1038, 317, 37, 31, 0.001330730621702969
0, 630, 462, 66, 46, 0.0013297239784151316
0, 1504, 256, 17, 37, 0.0013231413904577494
0, 1035, 342, 30, 21, 0.0013073344016447663
0, 1141, 262, 99, 53, 0.0013005232904106379
