0, 407, 418, 37, 36, 0.9474849935539753
0, 234, 1096, 37, 39, 0.9067457893098962
0, 701, 610, 28, 38, 0.8860726108783978
0, 521, 162, 38, 42, 0.8981357334656992
0, 727, 1184, 36, 38, 0.9393306663161888
0, 534, 778, 43, 38, 0.9346340203889388
0, 389, 254, 31, 33, 0.9110594242444106
0, 626, 1005, 40, 37, 0.9293613077288078
0, 345, 415, 33, 29, 0.8678833800726523
0, 618, 1207, 31, 29, 0.951145086635079
0, 126, 738, 37, 30, 0.91539992871175
0, 445, 1275, 35, 37, 0.8825810013693713
0, 272, 374, 32, 38, 0.9204129005819632
0, 633, 270, 29, 32, 0.9379848288925177
0, 38, 593, 42, 34, 0.9073272529369647
0, 158, 833, 37, 31, 0.8842885536505098
0, 509, 846, 50, 35, 0.94170826095191
0, 383, 109, 30, 34, 0.9256730924262204
0, 344, 155, 26, 26, 0.9477788396429132
0, 348, 1158, 42, 31, 0.9191399739021975
0, 415, 751, 35, 27, 0.8988974995416028
0, 484, 146, 26, 29, 0.9107870340094194
0, 237, 328, 36, 45, 0.9074114723451477
0, 86, 215, 36, 33, 0.9269620525911682
0, 82, 335, 43, 33, 0.9122013438868837
0, 327, 558, 33, 30, 0.8842023078207631
0, 696, 1032, 37, 33, 0.9312463610297136
0, 598, 597, 35, 43, 0.9035066161880673
0, 409, 819, 29, 25, 0.8914636871251036
0, 68, 34, 34, 30, 0.921877981203109
0, 489, 474, 38, 36, 0.9265522113402227
0, 651, 113, 36, 39, 0.9271910912617256
0, 231, 921, 30, 31, 0.9486646837256244
0, 490, 1006, 46, 37, 0.9063370836066575
0, 541, 187, 32, 26, 0.9263578792346971
0, 619, 1393, 50, 33, 0.9095058317767177
0, 289, 115, 34, 27, 0.9177393360308074
0, 429, 437, 24, 23, 0.9423655463679523
0, 281, 25, 29, 28, 0.9149646061693875
0, 384, 1279, 30, 48, 0.8974801419254561
0, 522, 1115, 37, 28, 0.9037437257580339
0, 538, 272, 36, 30, 0.8925461474764014
0, 422, 1055, 39, 49, 0.8790525339324633
0, 450, 245, 30, 30, 0.9190246146219556
0, 46, 545, 32, 29, 0.8981492985690555
0, 259, 540, 25, 30, 0.8750753496905403
0, 440, 321, 27, 38, 0.9243902863247195
0, 441, 954, 29, 36, 0.9012519886736804
0, 705, 450, 40, 33, 0.9591423871125795
0, 546, 536, 37, 43, 0.9108440512385538
0, 645, 1288, 40, 40, 0.9237140543405173
0, 103, 41, 32, 25, 0.8762961742647543
0, 153, 647, 40, 41, 0.8902299674325842
0, 346, 1288, 38, 30, 0.9028229048444342
0, 585, 986, 32, 32, 0.9299584622404207
0, 229, 877, 28, 33, 0.9147948378580726
0, 713, 537, 34, 35, 0.908242910219675
0, 537, 1339, 43, 48, 0.9096924730007172
0, 437, 625, 32, 27, 0.9109688422581024
0, 594, 630, 32, 36, 0.923837976088775
0, 692, 1359, 30, 35, 0.9120932446026431
0, 160, 320, 27, 38, 0.9587549829401185
0, 295, 1270, 36, 31, 0.8913115835776366
0, 34, 13, 21, 24, 0.8961060173270321
0, 448, 1172, 33, 33, 0.9499162097334474
0, 730, 368, 45, 31, 0.8877999188560194
0, 167, 703, 31, 35, 0.923488086658347
0, 98, 13, 37, 26, 0.9162884639241915
0, 205, 852, 33, 27, 0.945862316269716
0, 553, 66, 29, 34, 0.9416385092983888
0, 470, 220, 28, 36, 0.9047764849434158
0, 660, 790, 54, 43, 0.9223888105487947
0, 412, 160, 27, 40, 0.9256150123010313
0, 719, 239, 34, 29, 0.9042161763637824
0, 171, 746, 29, 36, 0.9466642017880802
0, 131, 688, 35, 29, 0.9098004156781444
0, 250, 1021, 29, 36, 0.9268660928731448
0, 597, 925, 31, 35, 0.9017049526001576
0, 675, 1113, 24, 23, 0.9403914398860465
0, 144, 460, 34, 47, 0.9281914038031045
0, 476, 1140, 32, 24, 0.942617251816127
0, 155, 411, 31, 31, 0.9132998084325381
0, 142, 115, 32, 29, 0.8671442699898261
0, 215, 108, 30, 39, 0.9140052335765478
0, 211, 220, 31, 30, 0.9202130282332768
0, 372, 801, 30, 33, 0.9034688490147824
0, 505, 677, 48, 35, 0.8980711942588214
0, 717, 23, 52, 26, 0.9134108436056235
0, 307, 786, 42, 24, 0.8768692450504013
0, 602, 895, 35, 34, 0.9048585901680237
0, 538, 435, 37, 39, 0.924576364898388
0, 343, 292, 42, 35, 0.9423088506503743
0, 369, 1205, 24, 33, 0.9303259265260404
0, 245, 444, 36, 35, 0.909274267124441
0, 150, 35, 39, 33, 0.9260336217243067
0, 711, 74, 31, 24, 0.8924838060760193
0, 500, 388, 22, 26, 0.9533149886104086
0, 706, 813, 22, 24, 0.8861058212940769
0, 510, 341, 31, 26, 0.9140504333132901
0, 327, 90, 37, 25, 0.9325476770748948
0, 585, 189, 39, 40, 0.916519099254703
0, 724, 665, 21, 24, 0.9175022789692626
0, 530, 1260, 39, 31, 0.9108468946544404
0, 696, 728, 45, 53, 0.9177822807414935
0, 635, 623, 27, 37, 0.9034895475755922
