0, 77, 14, 29, 28, 0.897328432679426
0, 8, 52, 17, 25, 0.8638648362871962
3, 338, 115, 19, 34, 0.8591508178960705
3, 260, 184, 95, 114, 0.9522258958482758
3, 199, 231, 65, 87, 0.9521065051530619
3, 173, 329, 53, 35, 0.9037822757331839
3, 176, 38, 46, 47, 0.9419517947406789
3, 193, 305, 30, 30, 0.8935443231514657
3, 199, 12, 66, 24, 0.8591421317870832
3, 241, 294, 65, 83, 0.9362259839496379
2, 189, 71, 25, 25, 0.8486440756681629
3, 335, 172, 24, 45, 0.8516458912155829
3, 309, 222, 45, 43, 0.88703230031284
2, 172, 329, 52, 34, 0.8957260133239225
3, 225, 147, 44, 61, 0.9342080957838016
2, 84, 230, 13, 12, 0.8632178226110281
3, 136, 75, 67, 57, 0.9387397461309231
3, 106, 14, 38, 29, 0.8960159705271845
3, 282, 35, 94, 71, 0.928021674071942
3, 342, 47, 11, 26, 0.8692324572915221
2, 63, 249, 36, 23, 0.8870712066091194
3, 113, 119, 84, 65, 0.9445459302412774
3, 189, 112, 83, 62, 0.938634362341176
3, 115, 90, 99, 95, 0.9464134800870073
3, 91, 223, 69, 56, 0.9078684636744087
3, 309, 344, 23, 6, 0.8278000285237052
2, 161, 325, 26, 22, 0.8812049255108995
3, 76, 279, 95, 68, 0.9473083300892297
3, 184, 143, 123, 150, 0.9358380392904868
3, 170, 130, 86, 106, 0.9490109491556238
2, 207, 282, 18, 21, 0.9038227208254168
3, 290, 68, 106, 136, 0.9317914053413062
2, 244, 44, 20, 21, 0.864714373003293
3, 19, 131, 38, 61, 0.9173598254391455
2, 344, 255, 6, 54, 0.84858322187367
3, 345, 254, 5, 49, 0.8363836877589274
2, 73, 246, 16, 14, 0.8688523681213919
3, 79, 216, 50, 41, 0.9242605967416513
3, 81, 191, 133, 141, 0.915392889844817
3, 302, 26, 42, 49, 0.8771594453058642
3, 93, 20, 67, 41, 0.9360652087510494
3, 276, 87, 67, 91, 0.9419065767077219
2, 232, 63, 31, 40, 0.8832123321970828
2, 228, 69, 21, 25, 0.8464754188068948
3, 137, 111, 133, 149, 0.9504383467016781
2, 197, 211, 16, 17, 0.8648106260268501
3, 48, 59, 97, 118, 0.9451402970517587
3, 216, 18, 30, 34, 0.8915302678339887
3, 333, 124, 24, 54, 0.8723168136938588
3, 317, 276, 60, 109, 0.9100041179488498
3, 330, 5, 21, 10, 0.816835860635029
3, 136, 270, 146, 133, 0.9275250805140745
2, 188, 209, 35, 33, 0.8767692503327104
3, 270, 146, 111, 165, 0.9480256734168278
3, 281, 260, 133, 143, 0.8960378225586435
3, 59, 69, 63, 66, 0.9518410899200066
2, 187, 75, 18, 13, 0.8410551486307403
3, 143, 143, 28, 38, 0.8650813968009248
3, 172, 248, 132, 159, 0.9377187206079522
3, 109, 176, 41, 41, 0.8923913906415822
3, 61, 289, 44, 42, 0.9052118843501532
3, 274, 214, 134, 174, 0.9239860359171934
3, 228, 58, 57, 50, 0.9179633459436611
3, 160, 260, 56, 54, 0.9210346308747066
3, 30, 216, 61, 60, 0.9389680377239314
3, 314, 343, 43, 8, 0.8464592073240235
3, 63, 250, 34, 22, 0.9071742785159863
3, 154, 68, 30, 36, 0.873383603855488
3, 329, 213, 17, 29, 0.9199773208021085
3, 344, 12, 6, 24, 0.8124977155469046
3, 89, 165, 88, 80, 0.9520579017479032
3, 71, 211, 31, 33, 0.8845154013379909
3, 10, 208, 21, 40, 0.8450844987988704
3, 250, 276, 91, 123, 0.9499626991588865
3, 95, 257, 144, 146, 0.9261905968907602
3, 322, 97, 29, 30, 0.8854610417280498
3, 325, 333, 44, 29, 0.8823820091345234
3, 299, 141, 48, 64, 0.9304480806324491
3, 210, 111, 47, 55, 0.9442407681853631
3, 213, 57, 30, 33, 0.8902344605848524
3, 329, 16, 24, 32, 0.8669526192019005
3, 188, 8, 53, 17, 0.8576525140285591
3, 89, 270, 47, 36, 0.8734265489530337
3, 333, 134, 21, 30, 0.8685856155087575
3, 51, 211, 101, 144, 0.9146417088694034
3, 176, 197, 113, 162, 0.9428805406409998
3, 98, 148, 122, 161, 0.9230986090801685
3, 201, 92, 124, 159, 0.9344889219340652
3, 342, 72, 11, 27, 0.8548211845452918
3, 265, 151, 49, 42, 0.870289199232941
3, 219, 183, 159, 159, 0.9475906353323986
3, 44, 174, 34, 42, 0.8725068274927721
3, 304, 152, 34, 42, 0.9016686729481057
3, 213, 334, 34, 26, 0.8728322956366292
3, 303, 128, 38, 39, 0.8743572408239803
3, 260, 93, 146, 153, 0.9301489978740164
3, 105, 224, 33, 44, 0.9273178398644718
3, 129, 190, 160, 139, 0.9180764353786866
3, 233, 68, 110, 136, 0.9323748145084543
3, 325, 312, 45, 66, 0.897873189584133
3, 325, 71, 38, 49, 0.8940638854940122
3, 216, 238, 128, 162, 0.9399344894259412
3, 281, 153, 86, 56, 0.926977997478291
3, 311, 239, 47, 71, 0.9290507495005944
3, 209, 328, 17, 18, 0.8537606003315642
3, 278, 20, 89, 40, 0.9072805225434588
3, 4, 171, 9, 44, 0.8417520525712914
3, 161, 301, 39, 25, 0.8902470948847359
3, 319, 78, 56, 68, 0.918407390936992
