3, 173, 77, 57, 63, 0.934459212194648
2, 206, 36, 17, 18, 0.8540481018461861
3, 107, 80, 77, 73, 0.954790608952227
3, 46, 120, 74, 62, 0.9247699588685383
3, 132, 25, 65, 46, 0.9449164418211393
3, 69, 42, 61, 54, 0.9301125899819502
3, 173, 143, 70, 27, 0.8747908018392099
3, 138, 124, 66, 52, 0.9127539993801621
3, 21, 13, 41, 27, 0.8644147442844122
3, 170, 19, 33, 32, 0.8889754958737501
2, 200, 107, 37, 57, 0.9036492101702711
3, 200, 107, 37, 58, 0.9079431999128181
3, 105, 138, 70, 37, 0.8974208909028213
3, 130, 119, 87, 74, 0.9452691828182194
3, 135, 44, 72, 88, 0.9567923497681823
2, 95, 61, 8, 7, 0.8017969901668973
3, 118, 57, 60, 107, 0.9516235670019312
3, 209, 62, 18, 31, 0.8558945077143283
3, 148, 25, 31, 38, 0.9273300275864553
3, 70, 58, 66, 103, 0.9534788038458752
3, 99, 100, 44, 32, 0.8834748488129873
3, 189, 66, 25, 37, 0.9163161607679022
3, 120, 127, 88, 58, 0.9244963986154816
3, 7, 14, 14, 28, 0.8582582672631093
3, 212, 16, 13, 31, 0.8549082110173919
3, 135, 64, 25, 33, 0.9093059971683026
3, 155, 66, 89, 87, 0.948620253544007
3, 120, 58, 54, 35, 0.8956785119144441
3, 110, 29, 17, 22, 0.8310568202524398
3, 181, 98, 74, 98, 0.9229182077005595
3, 190, 143, 26, 27, 0.8677013318832335
3, 176, 137, 67, 39, 0.887115905559367
3, 88, 35, 21, 34, 0.9098407858087568
