2, 114, 54, 26, 26, 0.8560212225080194
2, 129, 179, 24, 21, 0.9216352384196351
2, 112, 196, 25, 25, 0.9247929152198309
2, 141, 20, 28, 26, 0.9557432360326492
2, 91, 60, 29, 30, 0.9273470146793809
2, 187, 154, 27, 25, 0.8746620711166122
2, 117, 79, 27, 25, 0.8326769878292014
2, 176, 173, 28, 24, 0.8868462812597646
2, 35, 134, 36, 29, 0.9100692577431153
2, 57, 83, 28, 28, 0.9614671851580208
2, 117, 157, 25, 23, 0.928942766041049
2, 97, 178, 26, 24, 0.9521602436808493
2, 164, 47, 26, 24, 0.8296111810479307
2, 87, 90, 23, 27, 0.8504263857657008
2, 46, 110, 26, 29, 0.9140704711504173
3, 166, 84, 59, 88, 0.8864192014016329
2, 96, 92, 29, 27, 0.818930003214605
2, 119, 8, 36, 16, 0.9425380110237136
3, 112, 107, 58, 76, 0.8863456698502086
3, 34, 186, 68, 70, 0.8920903601762665
2, 188, 5, 23, 10, 0.8035424810633123
3, 170, 8, 73, 16, 0.8051247166300075
3, 188, 115, 66, 56, 0.8826435496059482
2, 102, 91, 13, 15, 0.8101079752345522
3, 106, 16, 66, 32, 0.9218330095903162
3, 61, 162, 44, 50, 0.8976945463713457
2, 69, 172, 25, 27, 0.9026230742655045
3, 205, 82, 29, 32, 0.8425051764377065
3, 161, 207, 70, 28, 0.8724668794122457
3, 143, 151, 37, 49, 0.9128059818354172
3, 19, 4, 39, 9, 0.8328646980527876
3, 174, 105, 77, 89, 0.9037011373518878
3, 198, 40, 21, 21, 0.858293150890427
3, 37, 27, 74, 55, 0.8756227433069695
3, 27, 13, 54, 27, 0.9277550146255575
3, 101, 212, 75, 19, 0.863838380624709
3, 219, 85, 4, 30, 0.8424500363502083
3, 53, 17, 77, 35, 0.9095195981278926
3, 22, 84, 36, 31, 0.9595495965300946
3, 51, 38, 97, 77, 0.8670607447682436
3, 88, 213, 42, 16, 0.8459781916462846
3, 5, 72, 10, 41, 0.8434114171382674
3, 210, 121, 22, 40, 0.8659869801313361
3, 141, 204, 78, 34, 0.87185502888151
