0, 284, 295, 28, 27, 0.9275569873493772
0, 124, 103, 29, 27, 0.9535600425610372
0, 453, 144, 30, 29, 0.9534266315978366
0, 331, 94, 27, 23, 0.9079886937773118
0, 156, 162, 27, 29, 0.8886363601430096
0, 144, 59, 28, 26, 0.9381710057741843
0, 493, 55, 27, 23, 0.8794133844976209
0, 207, 23, 24, 22, 0.8700304719448022
0, 211, 311, 34, 31, 0.9308771884680445
0, 328, 119, 22, 23, 0.8958109889184771
0, 205, 351, 34, 29, 0.9297245330473287
0, 260, 396, 31, 25, 0.9108882683978854
0, 47, 115, 25, 24, 0.8858134563389707
0, 64, 266, 30, 27, 0.9170589157594101
0, 129, 159, 24, 27, 0.928962311387038
0, 153, 107, 24, 26, 0.9122805769352396
0, 47, 189, 33, 28, 0.9246085786125224
0, 448, 29, 30, 26, 0.8947061905133473
0, 400, 362, 33, 28, 0.9245722431242454
0, 236, 253, 30, 28, 0.9436896436937174
0, 30, 265, 29, 28, 0.8932637296826529
0, 234, 333, 28, 21, 0.9252270441089687
0, 275, 102, 26, 26, 0.8932807583441499
0, 396, 407, 29, 28, 0.9191263732736696
0, 486, 105, 27, 27, 0.9103236983012234
0, 358, 145, 22, 22, 0.9438707419467927
0, 300, 104, 28, 28, 0.9293483678036347
0, 336, 46, 23, 23, 0.9202545905589206
0, 303, 433, 23, 21, 0.866574148961478
0, 300, 207, 25, 28, 0.9512825850047909
0, 505, 206, 13, 23, 0.8458635378610597
0, 413, 169, 21, 28, 0.9370528847974424
0, 422, 100, 29, 28, 0.9313965295540357
0, 499, 385, 23, 23, 0.8517104952565816
0, 95, 426, 34, 27, 0.8656245233032556
0, 112, 210, 26, 24, 0.882040869426165
0, 376, 427, 28, 25, 0.8573990274746374
0, 162, 25, 22, 26, 0.8998484142456006
0, 398, 199, 26, 23, 0.8724925614600366
0, 153, 219, 31, 26, 0.8585234656797832
0, 326, 214, 23, 27, 0.9217626608106078
0, 482, 29, 26, 26, 0.9050274965271097
0, 198, 205, 27, 26, 0.9126497227331196
0, 260, 146, 21, 25, 0.9590119808309825
0, 481, 244, 23, 26, 0.9264510677564918
0, 242, 214, 22, 26, 0.857213632906711
0, 128, 278, 36, 31, 0.9326137255672268
0, 432, 262, 38, 30, 0.909709194727073
0, 152, 193, 24, 20, 0.8460468917338657
0, 83, 316, 25, 24, 0.9587608791138069
0, 49, 234, 26, 24, 0.9524268744389998
0, 430, 55, 26, 21, 0.8312514871294547
0, 95, 394, 27, 25, 0.9236499560952673
0, 192, 83, 22, 22, 0.9245599795557043
0, 206, 244, 30, 20, 0.8857877311910951
0, 417, 26, 27, 24, 0.9449822852744061
0, 173, 363, 32, 25, 0.9016872676089158
0, 15, 36, 20, 22, 0.8877167031533031
0, 405, 250, 22, 22, 0.9113759632507065
0, 170, 71, 24, 28, 0.942932319391594
0, 140, 82, 23, 19, 0.9280620262091879
0, 208, 176, 23, 22, 0.8670911894562348
0, 116, 409, 26, 22, 0.9384969597302695
0, 286, 131, 25, 25, 0.86353351150778
0, 67, 165, 31, 30, 0.9199094166538376
0, 488, 162, 20, 27, 0.9152136797788609
0, 353, 342, 25, 22, 0.8709121593975101
0, 178, 399, 28, 24, 0.8612343475176358
0, 453, 93, 23, 22, 0.9552740078830801
0, 375, 372, 25, 22, 0.8792158505177055
0, 286, 339, 21, 22, 0.9468628971663541
0, 500, 125, 21, 22, 0.8422383910226583
0, 117, 189, 19, 17, 0.8742139714171906
0, 222, 221, 17, 23, 0.9576656057147731
0, 226, 42, 20, 23, 0.9336224738247058
0, 195, 258, 30, 17, 0.8517305040397282
0, 464, 49, 23, 22, 0.9185587529220515
0, 74, 40, 21, 20, 0.9281832746737979
0, 147, 404, 25, 22, 0.9443716145924081
0, 497, 194, 19, 19, 0.8406445245124883
0, 31, 302, 24, 21, 0.9492108900113052
0, 77, 216, 24, 21, 0.8513989140650668
0, 313, 351, 27, 20, 0.8367645133707018
0, 249, 68, 23, 27, 0.9356486156489182
0, 17, 329, 30, 28, 0.9019974267572255
3, 50, 148, 98, 137, 0.9145954855681596
