0, 168.0, 105.0, 34.0, 34.0, 0.8645918965339661
0, 1423.0, 371.0, 32.0, 40.0, 0.8527145981788635
0, 630.0, 154.0, 35.0, 30.0, 0.842454731464386
0, 524.0, 173.0, 30.0, 28.0, 0.8378309607505798
0, 1041.0, 354.0, 42.0, 44.0, 0.8367087841033936
0, 1006.0, 262.0, 36.0, 28.0, 0.8303665518760681
0, 449.0, 392.0, 48.0, 31.0, 0.8277103304862976
0, 673.0, 180.0, 30.0, 41.0, 0.8276222944259644
0, 188.0, 43.0, 26.0, 27.0, 0.8120777606964111
0, 833.0, 58.0, 42.0, 27.0, 0.8099004626274109
0, 702.0, 167.0, 28.0, 31.0, 0.808535099029541
0, 633.0, 200.0, 28.0, 29.0, 0.8058624863624573
0, 1596.0, 291.0, 28.0, 25.0, 0.8007634878158569
0, 622.0, 121.0, 26.0, 26.0, 0.7954862713813782
0, 780.0, 136.0, 34.0, 33.0, 0.7954246401786804
0, 135.0, 32.0, 30.0, 22.0, 0.7951631546020508
0, 900.0, 123.0, 40.0, 27.0, 0.7913440465927124
0, 1633.0, 299.0, 25.0, 30.0, 0.790921688079834
0, 395.0, 204.0, 34.0, 29.0, 0.7887958288192749
0, 418.0, 143.0, 33.0, 37.0, 0.7887893319129944
0, 524.0, 70.0, 31.0, 36.0, 0.7881678938865662
0, 673.0, 250.0, 27.0, 43.0, 0.7794634699821472
0, 66.0, 375.0, 39.0, 32.0, 0.7691853642463684
0, 781.0, 42.0, 31.0, 25.0, 0.7656415700912476
0, 848.0, 22.0, 36.0, 31.0, 0.7606112360954285
0, 769.0, 331.0, 47.0, 39.0, 0.7528042197227478
0, 390.0, 315.0, 28.0, 31.0, 0.7509409189224243
0, 831.0, 193.0, 33.0, 36.0, 0.7474696040153503
0, 1047.0, 8.0, 28.0, 16.0, 0.7466281652450562
0, 896.0, 325.0, 31.0, 24.0, 0.7454023957252502
0, 156.0, 363.0, 35.0, 32.0, 0.7425777912139893
0, 603.0, 220.0, 38.0, 47.0, 0.7419310212135315
0, 1132.0, 109.0, 28.0, 29.0, 0.7413913011550903
0, 451.0, 82.0, 32.0, 27.0, 0.7400730848312378
0, 391.0, 104.0, 32.0, 29.0, 0.740007221698761
0, 964.0, 264.0, 31.0, 42.0, 0.732617974281311
0, 550.0, 102.0, 27.0, 34.0, 0.7301673293113708
0, 1244.0, 164.0, 36.0, 34.0, 0.7252942323684692
0, 908.0, 39.0, 47.0, 31.0, 0.7247200012207031
0, 930.0, 331.0, 28.0, 25.0, 0.7234379053115845
0, 1043.0, 269.0, 28.0, 29.0, 0.7211869955062866
0, 490.0, 63.0, 33.0, 30.0, 0.7198039293289185
0, 1323.0, 277.0, 34.0, 36.0, 0.716921329498291
0, 1666.0, 245.0, 27.0, 27.0, 0.7139296531677246
0, 467.0, 305.0, 32.0, 36.0, 0.7071075439453125
0, 956.0, 116.0, 27.0, 30.0, 0.7066696286201477
0, 669.0, 143.0, 32.0, 32.0, 0.7036264538764954
0, 722.0, 140.0, 34.0, 39.0, 0.7026627659797668
0, 306.0, 71.0, 27.0, 22.0, 0.7017644047737122
0, 749.0, 223.0, 28.0, 47.0, 0.693371593952179
0, 500.0, 33.0, 34.0, 25.0, 0.6932470798492432
0, 1685.0, 273.0, 32.0, 30.0, 0.6903585195541382
0, 1479.0, 386.0, 35.0, 25.0, 0.6896216869354248
0, 678.0, 310.0, 36.0, 41.0, 0.6877844333648682
0, 353.0, 322.0, 31.0, 25.0, 0.6865347027778625
0, 138.0, 137.0, 32.0, 26.0, 0.6855947375297546
0, 1323.0, 389.0, 33.0, 34.0, 0.6849198341369629
0, 1075.0, 30.0, 28.0, 34.0, 0.6842658519744873
0, 1198.0, 189.0, 32.0, 33.0, 0.6829603910446167
0, 1663.0, 297.0, 31.0, 33.0, 0.6823873519897461
0, 1523.0, 299.0, 25.0, 25.0, 0.6810976266860962
0, 409.0, 177.0, 31.0, 22.0, 0.6806937456130981
0, 1085.0, 247.0, 25.0, 30.0, 0.6770537495613098
0, 1648.0, 49.0, 29.0, 34.0, 0.6737864017486572
0, 1331.0, 49.0, 28.0, 27.0, 0.6730617880821228
0, 390.0, 268.0, 30.0, 29.0, 0.6705579161643982
0, 1450.0, 23.0, 50.0, 46.0, 0.6674472689628601
0, 482.0, 8.0, 26.0, 16.0, 0.6589644551277161
0, 1559.0, 351.0, 27.0, 23.0, 0.6588099002838135
0, 52.0, 35.0, 29.0, 22.0, 0.6553502082824707
0, 843.0, 89.0, 35.0, 29.0, 0.6547710299491882
0, 1388.0, 154.0, 30.0, 25.0, 0.6527582406997681
0, 548.0, 16.0, 33.0, 29.0, 0.6510217189788818
0, 1493.0, 200.0, 30.0, 30.0, 0.6504716277122498
0, 638.0, 269.0, 31.0, 44.0, 0.6476922631263733
0, 1034.0, 136.0, 26.0, 29.0, 0.646385669708252
0, 71.0, 168.0, 34.0, 31.0, 0.6454178690910339
0, 1000.0, 122.0, 31.0, 29.0, 0.6387752294540405
0, 1023.0, 298.0, 31.0, 32.0, 0.6369670629501343
0, 443.0, 24.0, 33.0, 25.0, 0.6361802816390991
0, 115.0, 419.0, 31.0, 21.0, 0.636168360710144
0, 243.0, 84.0, 29.0, 29.0, 0.6355390548706055
0, 1228.0, 122.0, 26.0, 26.0, 0.6342885494232178
0, 1232.0, 205.0, 27.0, 26.0, 0.6306084990501404
0, 708.0, 43.0, 33.0, 27.0, 0.6288400292396545
0, 1407.0, 413.0, 29.0, 31.0, 0.6285287737846375
0, 1517.0, 245.0, 35.0, 23.0, 0.6280664205551147
0, 1182.0, 122.0, 43.0, 22.0, 0.6275371313095093
0, 1178.0, 27.0, 34.0, 25.0, 0.6266586780548096
0, 502.0, 100.0, 24.0, 25.0, 0.6265913248062134
0, 92.0, 139.0, 25.0, 39.0, 0.6253447532653809
0, 534.0, 399.0, 31.0, 36.0, 0.6247975826263428
0, 510.0, 392.0, 23.0, 29.0, 0.6236981153488159
0, 1251.0, 39.0, 53.0, 31.0, 0.6151226162910461
0, 41.0, 153.0, 25.0, 22.0, 0.6106687188148499
0, 109.0, 339.0, 43.0, 31.0, 0.6102275848388672
0, 370.0, 11.0, 28.0, 23.0, 0.6099718809127808
0, 1230.0, 367.0, 28.0, 30.0, 0.6098709106445312
0, 236.0, 55.0, 20.0, 26.0, 0.6096501350402832
0, 594.0, 103.0, 26.0, 30.0, 0.6094728708267212
0, 532.0, 367.0, 29.0, 30.0, 0.6087026596069336
0, 364.0, 43.0, 31.0, 34.0, 0.6030265092849731
0, 1206.0, 351.0, 25.0, 28.0, 0.6013622283935547
0, 1517.0, 338.0, 25.0, 33.0, 0.6005180478096008
0, 420.0, 315.0, 27.0, 29.0, 0.5995194911956787
0, 447.0, 161.0, 29.0, 28.0, 0.5985040068626404
0, 1550.0, 131.0, 39.0, 38.0, 0.5971342325210571
0, 477.0, 250.0, 31.0, 31.0, 0.5955862998962402
0, 1542.0, 221.0, 26.0, 27.0, 0.5952053666114807
0, 1380.0, 237.0, 29.0, 28.0, 0.5945712924003601
0, 351.0, 295.0, 28.0, 34.0, 0.5920607447624207
0, 512.0, 290.0, 51.0, 42.0, 0.5916499495506287
0, 1856.0, 356.0, 24.0, 27.0, 0.5893247127532959
0, 1831.0, 313.0, 26.0, 32.0, 0.5892215371131897
0, 1280.0, 125.0, 30.0, 28.0, 0.5855777263641357
0, 1000.0, 293.0, 21.0, 27.0, 0.585521936416626
0, 343.0, 153.0, 23.0, 29.0, 0.5841284394264221
0, 963.0, 313.0, 27.0, 29.0, 0.5813358426094055
0, 1679.0, 370.0, 33.0, 31.0, 0.5774823427200317
0, 245.0, 210.0, 27.0, 26.0, 0.5768672227859497
1, 1621.0, 74.0, 20.0, 21.0, 0.5764164924621582
0, 136.0, 104.0, 26.0, 29.0, 0.5715517401695251
0, 564.0, 371.0, 46.0, 27.0, 0.569778561592102
0, 1016.0, 91.0, 32.0, 34.0, 0.5623170733451843
0, 251.0, 182.0, 26.0, 30.0, 0.5599895119667053
1, 1821.0, 84.0, 20.0, 21.0, 0.5555254220962524
0, 986.0, 57.0, 36.0, 40.0, 0.5552767515182495
1, 1757.0, 20.0, 25.0, 24.0, 0.5548537373542786
0, 907.0, 80.0, 47.0, 42.0, 0.5539134740829468
0, 724.0, 233.0, 25.0, 39.0, 0.5502156019210815
0, 1441.0, 208.0, 27.0, 24.0, 0.5488213300704956
0, 1165.0, 358.0, 31.0, 26.0, 0.5467473268508911
0, 851.0, 364.0, 30.0, 28.0, 0.5455611944198608
0, 919.0, 10.0, 39.0, 20.0, 0.5444250702857971
0, 43.0, 123.0, 25.0, 23.0, 0.543952226638794
0, 1634.0, 267.0, 27.0, 23.0, 0.5421328544616699
0, 779.0, 364.0, 28.0, 29.0, 0.5421122312545776
0, 1225.0, 405.0, 29.0, 29.0, 0.5382862091064453
0, 946.0, 72.0, 30.0, 24.0, 0.5329993963241577
0, 141.0, 245.0, 43.0, 30.0, 0.5298725366592407
0, 619.0, 54.0, 26.0, 29.0, 0.5297998785972595
0, 748.0, 41.0, 27.0, 29.0, 0.5231648087501526
0, 905.0, 405.0, 35.0, 35.0, 0.5208209753036499
0, 575.0, 71.0, 24.0, 20.0, 0.5198338627815247
0, 814.0, 188.0, 28.0, 38.0, 0.5195655822753906
0, 1130.0, 158.0, 30.0, 27.0, 0.5165716409683228
0, 1103.0, 45.0, 29.0, 31.0, 0.513904333114624
0, 302.0, 305.0, 26.0, 36.0, 0.5056140422821045
1, 1778.0, 50.0, 19.0, 22.0, 0.5047506093978882
0, 924.0, 153.0, 38.0, 34.0, 0.5027560591697693
