0, 49.0, 420.0, 28.0, 33.0, 0.8853831887245178
0, 470.0, 443.0, 27.0, 28.0, 0.880443274974823
0, 479.0, 237.0, 27.0, 31.0, 0.878246009349823
0, 406.0, 485.0, 33.0, 37.0, 0.8777536153793335
0, 513.0, 289.0, 30.0, 28.0, 0.8775209784507751
0, 269.0, 413.0, 26.0, 32.0, 0.8761802911758423
0, 125.0, 97.0, 31.0, 36.0, 0.873898983001709
0, 268.0, 157.0, 26.0, 30.0, 0.8727264404296875
0, 286.0, 102.0, 23.0, 36.0, 0.8726787567138672
0, 426.0, 226.0, 30.0, 29.0, 0.8719446659088135
0, 594.0, 35.0, 29.0, 32.0, 0.8712445497512817
0, 440.0, 149.0, 28.0, 29.0, 0.8667469024658203
0, 546.0, 450.0, 27.0, 27.0, 0.8643497228622437
0, 126.0, 183.0, 33.0, 28.0, 0.8623859882354736
0, 324.0, 227.0, 29.0, 25.0, 0.8603339791297913
0, 400.0, 290.0, 27.0, 26.0, 0.8601133227348328
0, 243.0, 363.0, 26.0, 29.0, 0.8592987060546875
0, 24.0, 102.0, 25.0, 27.0, 0.8567900061607361
0, 481.0, 27.0, 24.0, 28.0, 0.8559668660163879
0, 707.0, 366.0, 27.0, 27.0, 0.855767011642456
0, 501.0, 254.0, 26.0, 32.0, 0.8557193875312805
0, 283.0, 452.0, 29.0, 27.0, 0.8545035123825073
0, 202.0, 367.0, 25.0, 29.0, 0.8544803857803345
0, 632.0, 42.0, 25.0, 31.0, 0.8542881608009338
0, 654.0, 534.0, 27.0, 25.0, 0.8534317016601562
0, 567.0, 310.0, 25.0, 30.0, 0.8525413870811462
0, 653.0, 485.0, 27.0, 31.0, 0.8513771295547485
0, 626.0, 372.0, 28.0, 24.0, 0.8508543372154236
0, 461.0, 482.0, 27.0, 35.0, 0.8507997393608093
0, 489.0, 317.0, 25.0, 28.0, 0.8506757616996765
0, 523.0, 318.0, 24.0, 28.0, 0.8504319190979004
0, 228.0, 289.0, 26.0, 23.0, 0.8492407202720642
0, 692.0, 25.0, 26.0, 29.0, 0.8481224775314331
0, 634.0, 150.0, 29.0, 29.0, 0.8472355604171753
0, 434.0, 112.0, 25.0, 29.0, 0.8470035791397095
0, 71.0, 193.0, 28.0, 28.0, 0.8469879031181335
0, 543.0, 305.0, 21.0, 31.0, 0.8460723757743835
0, 358.0, 178.0, 30.0, 36.0, 0.8455451726913452
0, 73.0, 71.0, 21.0, 30.0, 0.8450596332550049
0, 468.0, 179.0, 30.0, 35.0, 0.8430487513542175
0, 375.0, 29.0, 28.0, 33.0, 0.8410595655441284
0, 110.0, 522.0, 31.0, 33.0, 0.8410347104072571
0, 71.0, 319.0, 30.0, 29.0, 0.8406224250793457
0, 517.0, 351.0, 26.0, 30.0, 0.8394538760185242
0, 158.0, 110.0, 25.0, 27.0, 0.8394069075584412
0, 430.0, 511.0, 24.0, 25.0, 0.838695228099823
0, 317.0, 352.0, 21.0, 24.0, 0.8382739424705505
0, 461.0, 57.0, 24.0, 29.0, 0.8359896540641785
0, 646.0, 318.0, 23.0, 30.0, 0.8356818556785583
0, 585.0, 521.0, 26.0, 27.0, 0.8353509902954102
0, 627.0, 221.0, 33.0, 28.0, 0.8318297863006592
0, 664.0, 259.0, 25.0, 27.0, 0.8284024000167847
0, 659.0, 47.0, 27.0, 28.0, 0.8278937935829163
0, 421.0, 335.0, 24.0, 30.0, 0.8253668546676636
0, 372.0, 407.0, 26.0, 30.0, 0.8252285122871399
0, 552.0, 482.0, 32.0, 29.0, 0.8243355751037598
0, 526.0, 140.0, 23.0, 26.0, 0.822742760181427
0, 320.0, 98.0, 26.0, 28.0, 0.8189984560012817
0, 463.0, 517.0, 30.0, 24.0, 0.8182081580162048
0, 110.0, 298.0, 28.0, 31.0, 0.8171623349189758
0, 294.0, 180.0, 22.0, 26.0, 0.8153737783432007
0, 521.0, 96.0, 24.0, 30.0, 0.813389241695404
0, 455.0, 218.0, 23.0, 25.0, 0.8123314380645752
0, 95.0, 164.0, 23.0, 28.0, 0.8121605515480042
0, 360.0, 460.0, 22.0, 25.0, 0.8117970824241638
0, 241.0, 144.0, 20.0, 24.0, 0.811329185962677
0, 438.0, 190.0, 25.0, 27.0, 0.8102304935455322
0, 25.0, 38.0, 26.0, 24.0, 0.8101261854171753
0, 507.0, 37.0, 24.0, 32.0, 0.8100062012672424
0, 156.0, 358.0, 20.0, 23.0, 0.8089043498039246
0, 478.0, 347.0, 24.0, 28.0, 0.8071079850196838
0, 623.0, 302.0, 25.0, 31.0, 0.8065300583839417
0, 191.0, 78.0, 26.0, 31.0, 0.8020967841148376
0, 653.0, 381.0, 26.0, 24.0, 0.8001906275749207
0, 118.0, 368.0, 30.0, 27.0, 0.7995489239692688
0, 315.0, 297.0, 26.0, 29.0, 0.7983073592185974
0, 714.0, 394.0, 27.0, 28.0, 0.797236442565918
0, 594.0, 433.0, 27.0, 26.0, 0.7969983816146851
0, 111.0, 136.0, 21.0, 28.0, 0.7936915159225464
0, 429.0, 372.0, 24.0, 26.0, 0.7933303117752075
0, 62.0, 11.0, 27.0, 23.0, 0.7903311252593994
0, 19.0, 444.0, 25.0, 31.0, 0.7887769341468811
0, 194.0, 526.0, 27.0, 28.0, 0.7886559963226318
0, 201.0, 439.0, 31.0, 31.0, 0.7870970368385315
0, 546.0, 418.0, 27.0, 30.0, 0.7870539426803589
0, 360.0, 116.0, 24.0, 27.0, 0.7867780327796936
0, 513.0, 220.0, 31.0, 32.0, 0.7859534025192261
0, 391.0, 232.0, 23.0, 24.0, 0.7850781083106995
0, 355.0, 534.0, 25.0, 31.0, 0.7830037474632263
0, 51.0, 365.0, 27.0, 28.0, 0.7826626300811768
0, 10.0, 253.0, 20.0, 36.0, 0.7804339528083801
0, 719.0, 32.0, 24.0, 32.0, 0.7793296575546265
0, 110.0, 254.0, 24.0, 28.0, 0.7763271927833557
0, 150.0, 53.0, 28.0, 36.0, 0.77126145362854
0, 690.0, 339.0, 26.0, 33.0, 0.7701413035392761
0, 163.0, 235.0, 33.0, 25.0, 0.7688242197036743
0, 486.0, 120.0, 25.0, 29.0, 0.7674949169158936
0, 241.0, 398.0, 25.0, 30.0, 0.7660359740257263
0, 211.0, 403.0, 23.0, 27.0, 0.7617301344871521
0, 214.0, 45.0, 28.0, 27.0, 0.7517942786216736
0, 324.0, 505.0, 24.0, 24.0, 0.7470703721046448
0, 588.0, 331.0, 26.0, 25.0, 0.7454365491867065
0, 300.0, 380.0, 16.0, 18.0, 0.7423666715621948
0, 126.0, 24.0, 22.0, 28.0, 0.7390435338020325
0, 342.0, 78.0, 25.0, 25.0, 0.7295254468917847
0, 50.0, 59.0, 24.0, 25.0, 0.7248094081878662
0, 394.0, 524.0, 29.0, 29.0, 0.7190352082252502
0, 513.0, 468.0, 25.0, 28.0, 0.7162124514579773
0, 708.0, 525.0, 27.0, 20.0, 0.7141807079315186
0, 118.0, 220.0, 32.0, 29.0, 0.7073180079460144
0, 315.0, 51.0, 23.0, 24.0, 0.7041946649551392
0, 193.0, 260.0, 31.0, 32.0, 0.7032288908958435
0, 703.0, 153.0, 34.0, 26.0, 0.7029603719711304
0, 589.0, 187.0, 21.0, 24.0, 0.6998403072357178
0, 565.0, 210.0, 24.0, 25.0, 0.6987512111663818
0, 384.0, 195.0, 18.0, 23.0, 0.6969460248947144
0, 218.0, 102.0, 23.0, 24.0, 0.6816226840019226
0, 365.0, 510.0, 24.0, 23.0, 0.6789324283599854
0, 242.0, 490.0, 45.0, 43.0, 0.6709501147270203
0, 268.0, 223.0, 25.0, 27.0, 0.6662531495094299
0, 280.0, 303.0, 24.0, 20.0, 0.6610206365585327
0, 12.0, 511.0, 24.0, 32.0, 0.659480094909668
0, 616.0, 188.0, 26.0, 25.0, 0.6593316793441772
0, 8.0, 116.0, 16.0, 23.0, 0.6512391567230225
0, 567.0, 165.0, 23.0, 22.0, 0.6409690380096436
0, 235.0, 20.0, 19.0, 26.0, 0.6354255080223083
0, 727.0, 88.0, 16.0, 31.0, 0.6350891590118408
0, 728.0, 518.0, 13.0, 23.0, 0.6305438876152039
0, 169.0, 177.0, 27.0, 28.0, 0.6303614377975464
0, 355.0, 218.0, 33.0, 28.0, 0.610114574432373
0, 585.0, 291.0, 23.0, 29.0, 0.6093116998672485
0, 217.0, 249.0, 20.0, 25.0, 0.6039391160011292
0, 140.0, 544.0, 27.0, 22.0, 0.601435124874115
0, 157.0, 495.0, 24.0, 27.0, 0.597536563873291
0, 58.0, 110.0, 20.0, 19.0, 0.5845567584037781
0, 643.0, 409.0, 17.0, 22.0, 0.5827139019966125
0, 338.0, 388.0, 25.0, 27.0, 0.565890371799469
0, 554.0, 518.0, 27.0, 30.0, 0.5596367716789246
0, 176.0, 462.0, 28.0, 27.0, 0.554054856300354
0, 53.0, 540.0, 20.0, 26.0, 0.5537530183792114
0, 432.0, 76.0, 22.0, 27.0, 0.5505120158195496
0, 731.0, 486.0, 9.0, 27.0, 0.54869544506073
0, 190.0, 129.0, 18.0, 20.0, 0.5416193604469299
0, 432.0, 250.0, 24.0, 24.0, 0.5402498245239258
0, 379.0, 139.0, 25.0, 25.0, 0.5265876650810242
0, 303.0, 254.0, 26.0, 30.0, 0.5241190195083618
0, 250.0, 73.0, 19.0, 23.0, 0.5170329213142395
0, 330.0, 443.0, 34.0, 35.0, 0.5160490870475769
0, 549.0, 19.0, 23.0, 36.0, 0.5136891603469849
0, 152.0, 329.0, 17.0, 22.0, 0.5119260549545288
