0, 841, 353, 15, 18, 0.5609757304191589
0, 20, 770, 18, 20, 0.5588311553001404
0, 205, 745, 16, 17, 0.481630802154541
0, 558, 441, 18, 20, 0.4078174829483032
0, 820, 347, 18, 19, 0.40010324120521545
0, 375, 727, 18, 17, 0.38556450605392456
0, 571, 702, 16, 17, 0.376702219247818
0, 98, 629, 14, 18, 0.37585848569869995
0, 830, 328, 16, 15, 0.37100183963775635
0, 83, 700, 19, 20, 0.36397087574005127
0, 414, 723, 16, 14, 0.3501529097557068
0, 378, 707, 17, 19, 0.34440234303474426
0, 630, 383, 17, 20, 0.33818405866622925
0, 423, 842, 17, 18, 0.32563456892967224
0, 391, 713, 16, 15, 0.32426804304122925
0, 298, 734, 17, 17, 0.32372307777404785
0, 66, 671, 22, 22, 0.32346588373184204
0, 145, 656, 20, 13, 0.319843590259552
0, 606, 707, 16, 13, 0.3184729516506195
0, 773, 843, 20, 17, 0.3114578425884247
0, 825, 377, 13, 13, 0.31143414974212646
0, 776, 827, 20, 19, 0.31027859449386597
0, 142, 566, 20, 20, 0.2995758652687073
0, 360, 703, 19, 19, 0.29489684104919434
0, 809, 339, 17, 17, 0.29385611414909363
0, 18, 746, 16, 17, 0.2896662652492523
0, 83, 657, 16, 15, 0.28860580921173096
0, 620, 397, 15, 12, 0.28858527541160583
0, 451, 726, 18, 21, 0.28209856152534485
0, 29, 736, 16, 13, 0.2756522595882416
0, 813, 363, 14, 13, 0.27434518933296204
0, 88, 609, 15, 15, 0.2713174819946289
0, 567, 403, 18, 15, 0.26965105533599854
0, 214, 310, 21, 20, 0.26395249366760254
0, 76, 629, 27, 18, 0.2598474621772766
0, 292, 697, 18, 20, 0.2581285238265991
0, 432, 827, 16, 18, 0.2554077208042145
0, 804, 361, 19, 16, 0.25363752245903015
0, 401, 698, 16, 19, 0.2535569667816162
0, 34, 766, 15, 20, 0.2483569085597992
0, 598, 476, 18, 15, 0.24826957285404205
0, 70, 649, 17, 15, 0.24518893659114838
0, 609, 464, 15, 17, 0.24345681071281433
0, 331, 737, 16, 16, 0.2388184815645218
0, 867, 860, 16, 17, 0.23820017278194427
0, 739, 878, 13, 16, 0.23754723370075226
0, 28, 717, 14, 13, 0.23397888243198395
0, 397, 758, 18, 20, 0.23297956585884094
0, 579, 687, 17, 16, 0.2320462167263031
0, 757, 817, 20, 13, 0.22877034544944763
0, 678, 474, 15, 14, 0.22790725529193878
0, 804, 378, 20, 15, 0.22465406358242035
0, 35, 782, 15, 14, 0.2233356386423111
0, 640, 424, 19, 15, 0.12076766788959503
0, 210, 727, 14, 15, 0.0892590805888176
0, 170, 621, 18, 14, 0.17635156214237213
0, 535, 678, 16, 17, 0.06688923388719559
0, 567, 832, 14, 12, 0.07136029005050659
0, 83, 699, 18, 19, 0.07339664548635483
0, 501, 751, 18, 14, 0.1327778846025467
0, 637, 422, 17, 14, 0.14126503467559814
0, 542, 727, 19, 14, 0.10279301553964615
0, 865, 862, 16, 15, 0.08650021255016327
0, 299, 735, 16, 14, 0.057952482253313065
0, 36, 685, 14, 14, 0.1645214855670929
0, 491, 727, 18, 14, 0.1375894695520401
0, 429, 732, 15, 14, 0.1405017226934433
0, 400, 761, 22, 20, 0.13373593986034393
0, 32, 702, 20, 13, 0.1541730910539627
0, 577, 717, 13, 13, 0.13893067836761475
0, 852, 863, 12, 14, 0.06483244150876999
0, 519, 685, 17, 15, 0.08588367700576782
0, 553, 747, 19, 12, 0.12100599706172943
0, 619, 520, 18, 15, 0.08310530334711075
0, 564, 758, 17, 17, 0.18677009642124176
0, 353, 896, 19, 15, 0.10930602997541428
0, 252, 308, 18, 12, 0.16652911901474
0, 26, 836, 18, 17, 0.07392590492963791
0, 425, 710, 14, 15, 0.11714079976081848
0, 650, 391, 19, 21, 0.1459977626800537
0, 158, 667, 19, 13, 0.08066125959157944
0, 600, 720, 14, 14, 0.08031338453292847
0, 466, 753, 15, 13, 0.06800904124975204
0, 591, 706, 14, 12, 0.15979357063770294
0, 58, 635, 15, 15, 0.07137138396501541
0, 578, 394, 13, 12, 0.1969621181488037
0, 343, 856, 18, 17, 0.09962857514619827
0, 630, 486, 15, 16, 0.09091915935277939
0, 172, 580, 23, 19, 0.060358937829732895
0, 231, 758, 16, 13, 0.14301712810993195
0, 14, 710, 17, 16, 0.1096157357096672
0, 732, 893, 14, 13, 0.103943832218647
0, 57, 723, 21, 19, 0.10695380717515945
0, 355, 939, 16, 16, 0.07497949153184891
0, 23, 830, 15, 17, 0.17051926255226135
0, 403, 843, 17, 15, 0.06554083526134491
0, 374, 669, 20, 15, 0.17661944031715393
0, 757, 834, 16, 17, 0.1788879930973053
0, 636, 408, 16, 14, 0.17862841486930847
0, 796, 657, 18, 18, 0.10359662026166916
0, 175, 585, 22, 17, 0.057993941402812325
0, 630, 488, 15, 18, 0.10494863099335794
0, 471, 727, 20, 13, 0.1529413847142193
0, 123, 649, 14, 13, 0.1472135296743909
0, 530, 663, 20, 16, 0.12151807183701745
0, 782, 301, 14, 14, 0.11831606555094616
0, 463, 709, 15, 12, 0.14692998449651645
0, 5, 714, 10, 17, 0.10426655140769683
0, 457, 799, 19, 16, 0.10992149595343628
0, 772, 810, 15, 17, 0.12546183536269662
0, 694, 467, 18, 16, 0.1432943487649012
0, 672, 4, 12, 8, 0.15911153569734432
0, 353, 564, 15, 14, 0.06346632150612726
0, 232, 331, 25, 16, 0.14567455333296953
0, 640, 408, 23, 16, 0.1678638503949938
0, 353, 564, 15, 14, 0.06346632150612726
0, 685, 494, 16, 18, 0.13215969677164385
0, 772, 810, 15, 17, 0.12546183536269662
0, 606, 754, 14, 19, 0.13505461314474376
0, 530, 663, 20, 16, 0.12151807183701745
0, 606, 754, 14, 19, 0.13505461314474376
0, 672, 4, 12, 8, 0.15911153569734432
0, 140, 642, 15, 14, 0.16597846369711597
0, 140, 642, 15, 14, 0.16597846369711597
0, 782, 301, 14, 14, 0.11831606555094616
0, 606, 754, 14, 19, 0.13505461314474376
0, 685, 494, 16, 18, 0.13215969677164385
0, 329, 701, 16, 14, 0.15150613587056755
0, 243, 768, 16, 14, 0.11691567009190934
0, 773, 844, 19, 17, 0.1225126131935252
0, 54, 781, 25, 18, 0.1386668730303327
0, 773, 844, 19, 17, 0.1225126131935252
0, 753, 852, 19, 14, 0.11268125548662324
0, 439, 791, 19, 14, 0.08833611044668985
0, 54, 781, 25, 18, 0.1386668730303327
0, 263, 286, 16, 19, 0.17657773844543817
0, 204, 686, 18, 13, 0.10523152634214678
0, 164, 555, 17, 19, 0.1456644995059866
0, 685, 494, 16, 18, 0.13215969677164385
0, 672, 4, 12, 8, 0.15911153569734432
0, 455, 800, 20, 18, 0.145866318708036
0, 597, 682, 21, 18, 0.09957955886475618
0, 264, 290, 18, 24, 0.10919769131062547
0, 54, 781, 25, 18, 0.1386668730303327
0, 609, 735, 16, 14, 0.10490952721377872
0, 51, 792, 23, 15, 0.1694040934181228
0, 689, 950, 20, 17, 0.11216532095737689
0, 326, 690, 18, 23, 0.10197346880364086
0, 264, 290, 18, 24, 0.10919769131062547
0, 140, 642, 15, 14, 0.16597846369711597
0, 51, 792, 23, 15, 0.1694040934181228
0, 609, 735, 16, 14, 0.10490952721377872
