0, 218.0, 613.0, 19.0, 20.0, 0.3241952657699585
0, 204.0, 626.0, 18.0, 19.0, 0.32004648447036743
0, 292.0, 720.0, 19.0, 23.0, 0.29435083270072937
0, 330.0, 969.0, 20.0, 17.0, 0.2679014801979065
0, 156.0, 808.0, 17.0, 17.0, 0.24952742457389832
0, 649.0, 690.0, 21.0, 18.0, 0.24916718900203705
0, 156.0, 852.0, 17.0, 18.0, 0.24854916334152222
0, 656.0, 586.0, 21.0, 22.0, 0.24044960737228394
0, 306.0, 667.0, 16.0, 20.0, 0.2399083375930786
0, 948.0, 139.0, 20.0, 18.0, 0.22917988896369934
0, 257.0, 994.0, 15.0, 10.0, 0.22524315118789673
0, 13.0, 603.0, 22.0, 18.0, 0.22497399151325226
0, 75.0, 642.0, 14.0, 15.0, 0.22139951586723328
0, 55.0, 249.0, 20.0, 18.0, 0.2174757868051529
0, 980.0, 571.0, 17.0, 18.0, 0.21691684424877167
0, 502.0, 713.0, 16.0, 23.0, 0.2156137079000473
0, 625.0, 700.0, 21.0, 19.0, 0.20862731337547302
0, 315.0, 459.0, 17.0, 20.0, 0.20825785398483276
0, 973.0, 517.0, 17.0, 15.0, 0.20733976364135742
0, 608.0, 637.0, 15.0, 16.0, 0.2006971538066864
