0, 303, 70, 28, 23, 0.9862573742866516
0, 472, 258, 36, 36, 0.9856014847755432
0, 423, 153, 28, 29, 0.9837585091590881
0, 422, 374, 21, 21, 0.9827215075492859
0, 54, 196, 23, 22, 0.9820107817649841
0, 414, 212, 25, 27, 0.9819745421409607
0, 357, 358, 18, 16, 0.9784078001976013
0, 481, 400, 23, 24, 0.9751772284507751
0, 442, 191, 20, 30, 0.9715815782546997
0, 393, 166, 35, 30, 0.9706273674964905
0, 92, 95, 15, 17, 0.9706025123596191
0, 469, 49, 15, 16, 0.9667271971702576
0, 15, 105, 28, 19, 0.9659560918807983
0, 153, 14, 24, 20, 0.9645358920097351
0, 161, 295, 25, 23, 0.9635066986083984
0, 15, 38, 19, 20, 0.9630617499351501
0, 116, 45, 24, 19, 0.9580978751182556
0, 81, 74, 20, 29, 0.9574438333511353
0, 369, 134, 26, 35, 0.9568536877632141
0, 7, 86, 15, 18, 0.9557252526283264
0, 132, 187, 11, 15, 0.955507218837738
0, 181, 143, 26, 26, 0.9499315619468689
0, 84, 183, 17, 14, 0.9484974145889282
0, 271, 241, 25, 44, 0.9477005004882812
0, 45, 126, 14, 14, 0.9467458128929138
0, 107, 81, 16, 19, 0.9462812542915344
0, 29, 48, 15, 22, 0.9449848532676697
0, 457, 279, 28, 32, 0.9412047863006592
0, 350, 26, 17, 20, 0.9408993721008301
0, 280, 499, 27, 25, 0.9406821131706238
0, 79, 127, 26, 17, 0.9367388486862183
0, 72, 142, 40, 17, 0.9361802935600281
0, 477, 190, 26, 28, 0.9321338534355164
0, 267, 46, 35, 22, 0.9292405843734741
0, 455, 454, 32, 25, 0.9287558197975159
0, 178, 109, 18, 20, 0.9260182976722717
0, 471, 222, 33, 29, 0.9225325584411621
0, 404, 39, 15, 19, 0.9205440878868103
0, 324, 374, 29, 31, 0.9200261235237122
0, 156, 150, 17, 19, 0.919133186340332
0, 457, 159, 35, 23, 0.9146502017974854
0, 148, 488, 19, 24, 0.9095777273178101
0, 57, 50, 27, 22, 0.9047033786773682
0, 432, 401, 16, 13, 0.9001849293708801
0, 267, 386, 29, 20, 0.8868657946586609
0, 398, 127, 39, 25, 0.8833657503128052
0, 87, 163, 36, 16, 0.8704211115837097
0, 448, 12, 19, 21, 0.8557353615760803
0, 445, 391, 10, 10, 0.8545498847961426
0, 150, 78, 16, 15, 0.8490124344825745
0, 507, 401, 9, 18, 0.847143292427063
0, 63, 27, 20, 15, 0.8460870385169983
0, 496, 507, 27, 8, 0.8351728320121765
0, 499, 300, 24, 26, 0.8323558568954468
0, 405, 77, 33, 17, 0.8147005438804626
0, 503, 448, 16, 37, 0.8121292591094971
0, 335, 304, 32, 34, 0.8000019788742065
0, 419, 104, 33, 19, 0.7962408661842346
0, 198, 506, 28, 10, 0.7952607870101929
0, 288, 359, 17, 16, 0.7757377028465271
0, 193, 259, 49, 22, 0.7532815933227539
0, 415, 413, 31, 29, 0.7388477325439453
0, 12, 507, 24, 9, 0.737801730632782
0, 466, 378, 28, 21, 0.7044864892959595
0, 67, 254, 29, 17, 0.6978058218955994
0, 428, 472, 15, 13, 0.6485856771469116
0, 234, 131, 25, 39, 0.6242539882659912
0, 23, 157, 14, 15, 0.6136541962623596
0, 379, 420, 15, 14, 0.6126840710639954
0, 430, 509, 14, 5, 0.608614981174469
0, 152, 375, 25, 17, 0.5794954299926758
0, 24, 158, 9, 10, 0.5678051710128784
0, 102, 503, 15, 16, 0.564313530921936
0, 496, 309, 30, 42, 0.5198144912719727
0, 406, 405, 16, 13, 0.505335807800293
0, 455, 271, 21, 17, 0.4753872752189636
0, 432, 482, 24, 33, 0.4319203794002533
0, 437, 488, 18, 16, 0.41766732931137085
0, 146, 45, 22, 21, 0.39096879959106445
0, 331, 172, 25, 34, 0.34967806935310364
0, 381, 307, 17, 19, 0.3463633358478546
0, 397, 74, 50, 24, 0.3313412666320801
0, 61, 144, 17, 14, 0.3187951445579529
0, 110, 377, 19, 17, 0.31227198243141174
0, 430, 507, 16, 8, 0.3074733018875122
0, 316, 363, 17, 14, 0.2980751395225525
0, 450, 270, 12, 15, 0.2898119390010834
0, 500, 260, 20, 35, 0.2821579575538635
0, 108, 197, 22, 19, 0.2717697024345398
0, 194, 92, 17, 19, 0.26404035091400146
0, 245, 394, 37, 23, 0.2586929202079773
0, 84, 438, 27, 20, 0.24197502434253693
0, 461, 285, 20, 20, 0.2322547286748886
0, 323, 55, 20, 17, 0.21321889758110046
0, 75, 418, 28, 22, 0.21096058189868927
0, 82, 142, 23, 15, 0.2054937481880188
0, 86, 163, 22, 12, 0.20504990220069885
0, 439, 133, 26, 19, 0.20455366373062134
0, 5, 260, 10, 22, 0.20312164723873138
0, 403, 9, 19, 19, 0.199420765042305
0, 5, 135, 10, 24, 0.19217868149280548
0, 34, 6, 23, 12, 0.18499967455863953
0, 440, 485, 9, 12, 0.18152247369289398
0, 5, 211, 10, 24, 0.17814676463603973
0, 499, 253, 16, 21, 0.17693547904491425
0, 5, 7, 10, 14, 0.17538146674633026
0, 509, 262, 5, 31, 0.1737872213125229
0, 93, 80, 12, 15, 0.1731092631816864
0, 471, 307, 33, 34, 0.1682818979024887
0, 30, 489, 17, 14, 0.16827671229839325
0, 377, 114, 40, 14, 0.16756051778793335
0, 17, 469, 35, 46, 0.16725653409957886
0, 211, 507, 55, 8, 0.1657821387052536
0, 6, 235, 12, 21, 0.16574247181415558
0, 365, 159, 20, 20, 0.15887586772441864
0, 194, 96, 20, 32, 0.15039075911045074
0, 507, 435, 9, 13, 0.14575926959514618
0, 5, 182, 10, 21, 0.143973246216774
0, 410, 409, 22, 21, 0.13728612661361694
0, 31, 285, 21, 19, 0.13610243797302246
0, 430, 132, 21, 16, 0.13314606249332428
0, 15, 132, 25, 23, 0.13228213787078857
0, 508, 279, 6, 23, 0.13108478486537933
0, 44, 209, 20, 18, 0.13105574250221252
0, 387, 378, 20, 17, 0.1291610449552536
0, 6, 476, 12, 24, 0.12292298674583435
0, 75, 28, 36, 14, 0.12109003216028214
0, 443, 451, 18, 21, 0.11806049197912216
0, 425, 478, 18, 26, 0.1134045347571373
0, 66, 188, 12, 11, 0.11254677176475525
0, 476, 212, 22, 19, 0.11134587973356247
0, 15, 26, 19, 16, 0.11113765835762024
0, 305, 262, 10, 10, 0.11070968955755234
0, 69, 185, 21, 14, 0.10856609791517258
0, 97, 434, 17, 16, 0.10764829814434052
0, 147, 138, 25, 22, 0.10661280900239944
0, 413, 101, 21, 12, 0.10635686665773392
0, 7, 428, 14, 22, 0.10481434315443039
0, 54, 80, 23, 20, 0.10295070707798004
0, 504, 255, 14, 26, 0.10288790613412857
0, 327, 232, 20, 27, 0.09747333824634552
0, 435, 137, 41, 25, 0.09366875141859055
0, 82, 5, 24, 11, 0.0933649018406868
0, 6, 172, 11, 31, 0.09283780306577682
0, 43, 272, 23, 16, 0.09183435887098312
0, 23, 507, 46, 8, 0.09152211993932724
0, 437, 508, 30, 6, 0.09139000624418259
0, 235, 390, 21, 17, 0.09133749455213547
0, 438, 237, 23, 20, 0.08847220242023468
0, 413, 10, 41, 20, 0.08833031356334686
0, 107, 4, 25, 9, 0.08811145275831223
0, 6, 218, 12, 25, 0.08603259921073914
0, 159, 182, 24, 21, 0.08584991842508316
0, 440, 82, 21, 13, 0.0856829509139061
0, 435, 500, 26, 22, 0.08492748439311981
0, 71, 321, 25, 17, 0.08324358612298965
0, 6, 269, 11, 28, 0.08316550403833389
0, 423, 6, 28, 11, 0.08311523497104645
0, 55, 429, 26, 24, 0.08006498217582703
0, 2, 138, 4, 20, 0.07579550892114639
0, 466, 312, 23, 22, 0.07483518868684769
0, 442, 93, 23, 21, 0.072237029671669
0, 422, 3, 23, 6, 0.07204542309045792
0, 6, 250, 12, 33, 0.07107922434806824
0, 439, 70, 22, 13, 0.06998448818922043
0, 487, 508, 45, 6, 0.06933656334877014
0, 31, 277, 22, 17, 0.06875844299793243
0, 7, 60, 13, 41, 0.06746970117092133
0, 31, 490, 9, 9, 0.06738454103469849
0, 6, 466, 11, 34, 0.06599787622690201
0, 97, 5, 26, 11, 0.06591372191905975
0, 401, 507, 26, 8, 0.06558798998594284
0, 374, 7, 26, 14, 0.06499448418617249
0, 473, 215, 11, 13, 0.06440176069736481
0, 5, 199, 10, 36, 0.06413176655769348
0, 7, 285, 14, 22, 0.06309102475643158
0, 229, 292, 19, 28, 0.06297145783901215
0, 44, 507, 25, 8, 0.06280657649040222
0, 30, 136, 19, 24, 0.06268595904111862
0, 85, 30, 17, 13, 0.0626465454697609
0, 304, 261, 16, 14, 0.06191666051745415
0, 361, 387, 24, 22, 0.06183510646224022
0, 355, 379, 19, 18, 0.06109463423490524
0, 366, 5, 25, 10, 0.061063751578330994
0, 145, 258, 22, 18, 0.060778528451919556
0, 444, 387, 13, 18, 0.05968352407217026
0, 505, 294, 12, 16, 0.059503186494112015
0, 67, 5, 24, 10, 0.05933782458305359
0, 108, 373, 30, 27, 0.05867588147521019
0, 6, 453, 12, 25, 0.058564603328704834
0, 493, 5, 26, 10, 0.05854036659002304
0, 7, 14, 14, 20, 0.05751136690378189
0, 451, 93, 23, 21, 0.05686330050230026
0, 57, 506, 25, 10, 0.0560152493417263
0, 174, 99, 22, 33, 0.055744756013154984
0, 481, 5, 26, 10, 0.05572934076189995
0, 284, 505, 21, 13, 0.05506312847137451
0, 509, 175, 5, 24, 0.05449378117918968
0, 86, 430, 41, 28, 0.054409682750701904
0, 7, 403, 12, 26, 0.05437087267637253
0, 209, 503, 62, 16, 0.05408807098865509
0, 248, 298, 21, 21, 0.05305243283510208
0, 479, 94, 22, 20, 0.05261191725730896
0, 468, 214, 27, 19, 0.05242178216576576
0, 81, 423, 31, 25, 0.05199083313345909
0, 3, 472, 7, 20, 0.05158894136548042
0, 133, 157, 22, 42, 0.05112969130277634
0, 103, 187, 35, 24, 0.05089603364467621
0, 337, 414, 25, 18, 0.0504634790122509
0, 10, 435, 20, 20, 0.0504269041121006
0, 480, 439, 24, 21, 0.04976905137300491
0, 172, 210, 22, 22, 0.049596868455410004
0, 395, 39, 24, 18, 0.04958270862698555
0, 453, 411, 22, 25, 0.049538955092430115
0, 44, 428, 46, 27, 0.049199581146240234
0, 6, 315, 11, 28, 0.04881569370627403
0, 389, 71, 29, 18, 0.048422299325466156
0, 31, 259, 23, 23, 0.04832505062222481
0, 377, 70, 24, 19, 0.04717421159148216
0, 108, 207, 24, 25, 0.04708394035696983
0, 357, 296, 23, 27, 0.04698270931839943
0, 406, 123, 24, 19, 0.0469641275703907
0, 217, 106, 12, 23, 0.04680498689413071
0, 400, 480, 25, 24, 0.04640282317996025
0, 65, 2, 30, 5, 0.04579039663076401
0, 145, 208, 24, 23, 0.045528750866651535
0, 478, 301, 20, 23, 0.04539642110466957
0, 2, 265, 4, 22, 0.04520830512046814
0, 158, 507, 28, 9, 0.04494538530707359
0, 30, 247, 25, 19, 0.04355563223361969
0, 25, 80, 33, 19, 0.042970627546310425
0, 322, 508, 27, 5, 0.04289127141237259
0, 254, 396, 28, 20, 0.04208047315478325
0, 377, 14, 22, 24, 0.04160171374678612
0, 7, 414, 14, 25, 0.04138115420937538
0, 325, 227, 16, 16, 0.041337545961141586
0, 390, 507, 27, 8, 0.041006799787282944
0, 467, 507, 23, 9, 0.04079614579677582
0, 171, 506, 27, 10, 0.040540337562561035
0, 477, 313, 34, 27, 0.04043729603290558
0, 7, 376, 13, 24, 0.0403812900185585
0, 21, 42, 31, 33, 0.04009823128581047
0, 392, 8, 27, 17, 0.039945587515830994
0, 383, 131, 22, 30, 0.039789557456970215
0, 312, 388, 21, 25, 0.03943685442209244
0, 43, 261, 24, 27, 0.03934847190976143
0, 378, 377, 25, 16, 0.039214424788951874
0, 69, 507, 25, 9, 0.039166249334812164
0, 53, 56, 21, 15, 0.0390113890171051
0, 493, 2, 30, 5, 0.038336366415023804
0, 399, 5, 30, 11, 0.038132503628730774
0, 509, 485, 5, 23, 0.0381230004131794
0, 428, 55, 24, 21, 0.03751862049102783
0, 471, 127, 23, 24, 0.037451405078172684
0, 29, 197, 27, 18, 0.03734349459409714
0, 509, 26, 5, 21, 0.03729528561234474
0, 59, 45, 23, 14, 0.03727797418832779
0, 22, 414, 42, 24, 0.037210069596767426
0, 343, 310, 21, 23, 0.036860451102256775
0, 503, 272, 17, 51, 0.03633957728743553
0, 414, 339, 25, 24, 0.0363021083176136
0, 95, 438, 31, 25, 0.03604566678404808
0, 467, 122, 24, 18, 0.03602583333849907
0, 302, 508, 32, 6, 0.035919513553380966
0, 8, 447, 17, 22, 0.035839732736349106
0, 174, 259, 23, 19, 0.03580706566572189
0, 505, 321, 12, 19, 0.0356607548892498
0, 386, 67, 27, 12, 0.035600852221250534
0, 509, 227, 4, 27, 0.03525979816913605
0, 388, 113, 45, 15, 0.03523395210504532
0, 274, 5, 29, 11, 0.03492432087659836
0, 21, 478, 28, 31, 0.03430088609457016
0, 459, 375, 21, 20, 0.03428103029727936
0, 456, 15, 37, 31, 0.033963218331336975
0, 281, 438, 26, 25, 0.033331070095300674
0, 491, 158, 23, 30, 0.03328918293118477
0, 353, 385, 22, 23, 0.03318797051906586
0, 29, 181, 25, 22, 0.03311014920473099
0, 496, 324, 30, 15, 0.03291603922843933
0, 403, 361, 23, 19, 0.032799117267131805
0, 111, 506, 33, 11, 0.03277475759387016
0, 158, 165, 23, 38, 0.03244457021355629
0, 5, 433, 11, 16, 0.032294634729623795
0, 4, 14, 8, 24, 0.03209845349192619
0, 285, 5, 31, 10, 0.03196989372372627
0, 9, 458, 19, 32, 0.03164593502879143
0, 96, 508, 27, 7, 0.03152180463075638
0, 44, 93, 22, 18, 0.03140855208039284
0, 3, 215, 7, 20, 0.0313279889523983
0, 82, 506, 24, 11, 0.031312547624111176
0, 478, 477, 24, 22, 0.031229978427290916
0, 18, 135, 13, 19, 0.03109634295105934
0, 289, 362, 23, 24, 0.031085489317774773
0, 169, 86, 30, 43, 0.031082505360245705
0, 416, 509, 38, 5, 0.030863294377923012
0, 145, 108, 26, 29, 0.030724743381142616
0, 368, 11, 25, 22, 0.03063354268670082
0, 9, 5, 18, 11, 0.030543522909283638
0, 290, 508, 30, 6, 0.03040088154375553
0, 427, 275, 26, 25, 0.030365493148565292
