0, 999, 254, 74, 89, 0.295636922121048
0, 1472, 880, 124, 105, 0.24636369943618774
0, 1490, 863, 90, 70, 0.22450532019138336
0, 1433, 733, 108, 99, 0.21867364645004272
0, 1343, 1000, 56, 52, 0.17202456295490265
0, 1043, 758, 75, 62, 0.1369350254535675
0, 509, 617, 344, 128, 0.1309778243303299
0, 1226, 1062, 111, 78, 0.0955340787768364
0, 208, 343, 55, 76, 0.09037342667579651
0, 1038, 776, 93, 102, 0.0820646658539772
0, 1201, 1064, 58, 70, 0.06313874572515488
0, 444, 596, 196, 89, 0.05229317396879196
0, 1528, 559, 113, 125, 0.04147259518504143
0, 621, 651, 155, 97, 0.04114271700382233
0, 947, 806, 96, 99, 0.03772474452853203
0, 1544, 547, 69, 91, 0.027359550818800926
0, 1249, 1042, 40, 29, 0.025614991784095764
0, 902, 759, 42, 29, 0.022843750193715096
0, 1600, 684, 191, 312, 0.020784450694918633
0, 1637, 648, 80, 102, 0.016430119052529335
0, 935, 829, 59, 55, 0.014227908104658127
0, 1296, 603, 46, 57, 0.014033094048500061
0, 615, 642, 106, 62, 0.012589304707944393
0, 1433, 755, 68, 70, 0.012387534603476524
0, 376, 577, 51, 31, 0.010817071422934532
0, 1297, 616, 30, 34, 0.010250038467347622
0, 1316, 600, 92, 71, 0.009595915675163269
0, 1646, 620, 113, 167, 0.009573445655405521
0, 640, 642, 40, 30, 0.009324290789663792
0, 411, 597, 126, 61, 0.008283114060759544
0, 1551, 797, 59, 64, 0.008112167939543724
0, 1541, 807, 47, 52, 0.007984617725014687
0, 662, 680, 56, 36, 0.0077766538597643375
0, 1123, 675, 64, 52, 0.007591403089463711
0, 647, 675, 38, 26, 0.007499282713979483
0, 411, 587, 59, 43, 0.00664014695212245
0, 1038, 1073, 27, 45, 0.006448945961892605
0, 983, 260, 101, 127, 0.005607488565146923
0, 900, 755, 53, 47, 0.0055118585005402565
0, 1337, 612, 85, 76, 0.005481000058352947
0, 1683, 536, 35, 38, 0.005309459287673235
0, 681, 688, 31, 31, 0.004785821307450533
0, 486, 607, 144, 81, 0.004781544208526611
0, 970, 790, 44, 64, 0.004770721774548292
0, 1084, 716, 194, 231, 0.004582821857184172
0, 1557, 787, 91, 99, 0.0045329309068620205
0, 175, 314, 36, 28, 0.0044367024675011635
0, 1294, 1014, 158, 91, 0.004285442177206278
0, 649, 650, 71, 51, 0.004262865521013737
0, 1557, 773, 57, 52, 0.004097644239664078
0, 1539, 525, 56, 49, 0.0036376973148435354
0, 1113, 690, 65, 48, 0.0035962602123618126
0, 925, 845, 43, 46, 0.003514918964356184
0, 942, 854, 47, 25, 0.0033486150205135345
0, 599, 632, 65, 51, 0.0032411382999271154
0, 1399, 716, 42, 47, 0.0029689737129956484
0, 1026, 177, 38, 35, 0.0028967545367777348
0, 1564, 765, 40, 31, 0.002877437975257635
0, 1136, 671, 35, 41, 0.0028411501552909613
0, 1287, 614, 35, 44, 0.0027878719847649336
0, 1437, 921, 51, 51, 0.002699177945032716
0, 981, 144, 40, 32, 0.0026430313009768724
0, 1522, 590, 95, 71, 0.002567698247730732
0, 1120, 683, 87, 92, 0.002518060151487589
0, 1577, 508, 36, 43, 0.0024147331714630127
0, 577, 445, 19, 17, 0.002328151138499379
0, 543, 625, 144, 85, 0.0021833842620253563
0, 1448, 901, 106, 121, 0.0020782442297786474
0, 649, 666, 95, 82, 0.0020442253444343805
0, 1596, 770, 173, 134, 0.0019331363728269935
0, 974, 772, 31, 37, 0.001891744090244174
0, 1659, 608, 71, 82, 0.0018773340852931142
0, 1436, 903, 43, 38, 0.0018387205200269818
0, 1574, 498, 26, 25, 0.0017658359138295054
0, 579, 639, 68, 55, 0.0016972324810922146
0, 1146, 653, 31, 44, 0.0016763054300099611
0, 1573, 759, 70, 55, 0.0016557343769818544
0, 1353, 609, 49, 52, 0.0016403024783357978
0, 1043, 801, 54, 58, 0.0015993143897503614
0, 1260, 651, 42, 41, 0.0015317045617848635
0, 1659, 578, 25, 31, 0.0014981783460825682
0, 1189, 625, 27, 38, 0.00139615498483181
0, 939, 307, 45, 22, 0.0013427843805402517
0, 1618, 710, 63, 52, 0.0013346538180485368
0, 971, 792, 103, 80, 0.0013086686376482248
0, 1345, 635, 58, 47, 0.001303833443671465
0, 1008, 192, 66, 62, 0.0012961148750036955
0, 1464, 714, 159, 87, 0.0012934320839121938
0, 1495, 600, 41, 41, 0.0012731549795717
0, 1634, 610, 25, 26, 0.0012454107636585832
0, 945, 289, 41, 41, 0.0012353413039818406
0, 510, 615, 101, 59, 0.0011948244646191597
0, 1351, 787, 38, 45, 0.0011872680624946952
0, 535, 621, 77, 48, 0.001179283019155264
0, 1423, 938, 43, 37, 0.0011533694341778755
0, 960, 302, 77, 60, 0.001117161475121975
0, 583, 638, 223, 135, 0.0011130648199468851
0, 1621, 671, 92, 115, 0.0011040701065212488
0, 1331, 584, 130, 88, 0.0010851118713617325
0, 1532, 818, 32, 38, 0.000981764285825193
0, 912, 771, 49, 39, 0.000951745081692934
0, 1503, 574, 67, 66, 0.0009512166143395007
0, 1439, 922, 81, 72, 0.0009491226519457996
0, 962, 176, 18, 31, 0.0009467910858802497
0, 1588, 523, 56, 72, 0.0009152191341854632
0, 967, 278, 85, 59, 0.0008986189495772123
0, 1595, 714, 37, 38, 0.0008949528564698994
0, 1677, 594, 35, 33, 0.0008943599532358348
0, 1211, 613, 24, 44, 0.0008650956442579627
0, 1585, 732, 64, 54, 0.0008342011133208871
0, 1099, 699, 118, 112, 0.0007956518675200641
0, 1100, 708, 44, 37, 0.0007918457849882543
0, 955, 327, 26, 26, 0.0007806639187037945
0, 1603, 692, 49, 40, 0.0007619067910127342
0, 995, 145, 49, 48, 0.0007591390167362988
0, 1340, 952, 31, 35, 0.0007467060931958258
0, 377, 591, 75, 59, 0.0007373112021014094
0, 1201, 620, 31, 49, 0.0007228491012938321
0, 997, 132, 38, 39, 0.0007154147606343031
0, 967, 843, 83, 52, 0.0006933235563337803
0, 1417, 949, 30, 33, 0.0006882931338623166
0, 1000, 173, 85, 97, 0.0006758901872672141
0, 1571, 741, 49, 46, 0.0006372237112373114
0, 1362, 559, 41, 25, 0.0006333299679681659
0, 1183, 627, 52, 59, 0.0006144426879473031
0, 924, 839, 88, 73, 0.000594690500292927
0, 81, 195, 155, 137, 0.0005928105092607439
0, 1370, 739, 35, 36, 0.0005601795273832977
0, 548, 477, 20, 26, 0.0005524209700524807
0, 722, 708, 34, 24, 0.000546325696632266
0, 1469, 704, 98, 54, 0.0005357126356102526
0, 1221, 611, 22, 49, 0.0005347573314793408
0, 312, 591, 23, 24, 0.0005325984675437212
0, 1145, 634, 27, 37, 0.0005295953014865518
0, 1599, 542, 33, 43, 0.0005180853768251836
0, 1603, 555, 27, 21, 0.0005123812006786466
0, 1496, 211, 46, 24, 0.0004967515706084669
0, 1171, 625, 27, 37, 0.00047163135604932904
0, 1673, 578, 47, 46, 0.0004634563229046762
0, 942, 956, 31, 38, 0.0004592037003021687
0, 1089, 692, 56, 44, 0.00043791800271719694
0, 1075, 738, 141, 128, 0.00042080559069290757
0, 1530, 682, 45, 24, 0.0003932819527108222
0, 1550, 569, 187, 166, 0.0003926604404114187
0, 1582, 739, 90, 99, 0.00039257548633031547
0, 1678, 155, 252, 310, 0.0003836568212136626
0, 941, 317, 56, 38, 0.0003771238261833787
0, 1015, 797, 74, 75, 0.0003633677843026817
0, 905, 849, 53, 48, 0.0003385768795851618
0, 1251, 1027, 65, 55, 0.0003270485030952841
0, 1366, 769, 46, 57, 0.00032206199830397964
0, 1575, 722, 43, 47, 0.00032194380764849484
0, 1267, 1045, 200, 129, 0.00032105890568345785
0, 1672, 559, 42, 58, 0.00032101545366458595
0, 1171, 609, 25, 27, 0.0003003980382345617
0, 695, 697, 109, 71, 0.00029218735289759934
0, 1177, 1063, 36, 47, 0.00029069193988107145
0, 1397, 736, 184, 158, 0.0002783412637654692
0, 698, 693, 39, 36, 0.0002685898507479578
0, 1297, 587, 69, 76, 0.0002605029148980975
0, 517, 672, 378, 212, 0.00025584586546756327
0, 1672, 569, 73, 99, 0.00025119876954704523
0, 1185, 1083, 52, 39, 0.00024809406022541225
0, 897, 738, 53, 64, 0.0002410360029898584
0, 1603, 722, 42, 44, 0.00022699963301420212
0, 1406, 761, 93, 90, 0.00021271508012432605
0, 1010, 229, 86, 113, 0.0002102103317156434
0, 512, 523, 13, 24, 0.00020577946270350367
0, 1085, 673, 43, 29, 0.00020430071162991226
0, 1554, 461, 30, 19, 0.00019780077855102718
0, 1389, 727, 67, 65, 0.0001970132434507832
0, 218, 364, 96, 125, 0.00019584884284995496
0, 1337, 637, 88, 72, 0.00019480404444038868
0, 988, 204, 71, 92, 0.00019297953986097127
0, 1627, 625, 54, 61, 0.0001904556411318481
0, 913, 1015, 31, 22, 0.0001891913852887228
0, 1496, 693, 122, 50, 0.00018330765306018293
0, 821, 2, 194, 4, 0.00017547933384776115
0, 28, 3, 57, 6, 0.00017183792078867555
0, 1552, 499, 58, 34, 0.0001716872357064858
0, 1509, 604, 78, 55, 0.0001669559278525412
0, 1129, 649, 58, 80, 0.0001664193405304104
0, 994, 849, 32, 34, 0.00016236721421591938
0, 1467, 744, 191, 146, 0.0001585938734933734
0, 1609, 715, 101, 97, 0.00015724572585895658
0, 859, 757, 150, 80, 0.0001524306135252118
0, 163, 326, 43, 34, 0.0001490432769060135
0, 1267, 1039, 101, 52, 0.000143837503856048
0, 1265, 603, 39, 54, 0.00014328473480418324
0, 1435, 942, 71, 50, 0.00014082170673646033
0, 1350, 947, 39, 36, 0.00014070438919588923
0, 892, 2, 196, 4, 0.00013229719479568303
0, 230, 386, 71, 52, 0.00013137208588887006
0, 851, 367, 21, 24, 0.00013038107135798782
0, 1008, 762, 168, 89, 0.00012869368947576731
0, 733, 2, 193, 4, 0.00012664450332522392
0, 1029, 778, 196, 199, 0.00012452006922103465
0, 1359, 745, 43, 40, 0.00011596113472478464
0, 1300, 614, 159, 97, 0.00011524988804012537
0, 1505, 267, 18, 15, 0.00011502777488203719
0, 597, 622, 131, 88, 0.00011435899796197191
0, 1763, 3, 80, 6, 0.00011306886153761297
0, 52, 1215, 103, 13, 0.00011142919538542628
0, 1196, 1049, 275, 145, 0.00011120989074697718
0, 1058, 702, 81, 65, 0.00010964411194436252
0, 1410, 791, 36, 33, 0.00010676989768398926
0, 282, 126, 306, 252, 0.00010482557991053909
0, 690, 690, 149, 105, 0.00010303813905920833
0, 727, 715, 86, 67, 0.0001028331826091744
0, 1246, 629, 53, 62, 0.00010171078611165285
0, 1732, 986, 145, 470, 0.00010124292748514563
0, 1476, 624, 40, 34, 9.909043728839606e-05
0, 1596, 563, 50, 47, 9.831770148593932e-05
0, 1525, 819, 104, 131, 9.686069824965671e-05
0, 1421, 779, 74, 61, 9.681979281594977e-05
0, 1346, 783, 79, 67, 9.405993478139862e-05
0, 189, 342, 96, 90, 9.231164585798979e-05
0, 983, 324, 70, 50, 9.01351886568591e-05
0, 962, 2, 200, 5, 8.963103755377233e-05
0, 1381, 669, 125, 82, 8.866971620591357e-05
0, 1312, 561, 153, 142, 8.795609028311446e-05
0, 1187, 2, 198, 5, 8.776664617471397e-05
0, 912, 752, 88, 72, 8.741867350181565e-05
0, 1494, 839, 189, 245, 8.715864532859996e-05
0, 947, 194, 160, 151, 8.594818064011633e-05
0, 1336, 1019, 81, 98, 8.50356082082726e-05
0, 1465, 916, 217, 213, 8.147222979459912e-05
0, 91, 134, 182, 268, 8.010511373868212e-05
0, 1538, 758, 150, 90, 7.995888154255226e-05
0, 1341, 965, 59, 72, 7.732029189355671e-05
0, 731, 727, 52, 44, 7.730075594736263e-05
0, 1023, 170, 56, 53, 7.692763028899208e-05
0, 257, 401, 19, 23, 7.414203719235957e-05
0, 966, 120, 123, 131, 7.23563862266019e-05
0, 254, 525, 16, 24, 7.022908539511263e-05
0, 1140, 668, 98, 82, 6.869503704365343e-05
0, 1461, 753, 118, 57, 6.828708865214139e-05
0, 1548, 516, 79, 77, 6.801095878472552e-05
0, 1528, 814, 85, 75, 6.777535600122064e-05
0, 667, 2, 192, 5, 6.774976645829156e-05
0, 1048, 2, 199, 5, 6.67773128952831e-05
0, 419, 631, 190, 145, 6.341887637972832e-05
0, 1647, 756, 314, 353, 6.324722926365212e-05
0, 1020, 726, 43, 37, 6.285190465860069e-05
0, 1348, 546, 112, 96, 6.18393169133924e-05
0, 1118, 2, 198, 5, 6.075189230614342e-05
0, 1242, 1019, 133, 118, 6.0080124967498705e-05
0, 190, 315, 60, 68, 5.974725718260743e-05
0, 922, 8, 525, 17, 5.924424112890847e-05
0, 1319, 994, 55, 51, 5.897148002986796e-05
0, 695, 682, 271, 109, 5.811011214973405e-05
0, 454, 1059, 392, 324, 5.7946312153944746e-05
0, 1511, 125, 119, 91, 5.756265454692766e-05
0, 1469, 626, 82, 44, 5.7479715906083584e-05
0, 456, 567, 131, 139, 5.723145659430884e-05
0, 1557, 704, 99, 60, 5.604107354884036e-05
0, 1562, 795, 291, 268, 5.543154475162737e-05
0, 809, 784, 37, 28, 5.507183595909737e-05
0, 1205, 602, 103, 87, 5.4148677008925006e-05
0, 889, 854, 27, 40, 5.3262527217157185e-05
0, 768, 827, 38, 53, 5.182727181818336e-05
0, 996, 840, 209, 235, 5.1440103561617434e-05
0, 1142, 620, 56, 63, 5.027098814025521e-05
0, 1235, 577, 140, 136, 4.975589399691671e-05
0, 1013, 817, 107, 110, 4.913059456157498e-05
0, 1453, 794, 161, 162, 4.883202200289816e-05
0, 668, 686, 100, 63, 4.872368663200177e-05
0, 1551, 310, 28, 31, 4.81634633615613e-05
0, 69, 1175, 131, 92, 4.7367029765155166e-05
0, 819, 770, 37, 33, 4.73597610834986e-05
0, 1255, 2, 195, 4, 4.695587995229289e-05
0, 408, 639, 379, 167, 4.67168320028577e-05
0, 343, 585, 83, 41, 4.6373679651878774e-05
0, 938, 314, 265, 629, 4.581018947646953e-05
0, 395, 118, 146, 143, 4.563142283586785e-05
0, 1679, 384, 250, 769, 4.511341830948368e-05
0, 619, 481, 83, 64, 4.4779480958823115e-05
0, 344, 604, 111, 57, 4.472430009627715e-05
0, 793, 428, 43, 55, 4.4394641008693725e-05
0, 1499, 525, 155, 115, 4.4278996938373893e-05
0, 1536, 656, 141, 100, 4.4236665416974574e-05
0, 721, 711, 124, 116, 4.357862053439021e-05
0, 772, 748, 38, 28, 4.343163163866848e-05
0, 1752, 759, 104, 714, 4.232839273754507e-05
0, 91, 803, 180, 792, 4.088116475031711e-05
0, 1254, 645, 57, 61, 3.997648673248477e-05
0, 754, 742, 53, 40, 3.99380769522395e-05
0, 985, 216, 138, 199, 3.9293430745601654e-05
0, 1175, 1039, 144, 144, 3.916690548066981e-05
0, 1432, 558, 15, 21, 3.8247675547609106e-05
0, 1355, 942, 62, 78, 3.78245567844715e-05
0, 1385, 582, 109, 82, 3.708064468810335e-05
0, 1565, 575, 105, 95, 3.6951380025129765e-05
0, 1757, 1220, 93, 3, 3.688557626446709e-05
0, 472, 139, 373, 279, 3.679714791360311e-05
0, 584, 448, 36, 21, 3.5984110581921414e-05
0, 856, 193, 385, 266, 3.577204915927723e-05
0, 1397, 628, 165, 56, 3.565540100680664e-05
0, 776, 423, 78, 69, 3.5183467844035476e-05
0, 91, 514, 180, 755, 3.490598464850336e-05
