0, 212, 480, 41, 42, 0.5367045402526855
0, 469, 295, 16, 25, 0.25458860397338867
0, 388, 175, 257, 112, 0.22928990423679352
0, 314, 171, 91, 98, 0.17934148013591766
0, 449, 156, 68, 72, 0.1600983887910843
0, 330, 155, 48, 50, 0.15163859724998474
0, 386, 421, 32, 43, 0.1353846788406372
0, 360, 447, 18, 28, 0.12061291188001633
0, 498, 301, 29, 22, 0.1105775237083435
0, 387, 410, 13, 19, 0.09024327248334885
0, 384, 389, 12, 20, 0.08977524936199188
0, 298, 192, 41, 44, 0.08635300397872925
0, 510, 169, 31, 25, 0.08490285277366638
0, 242, 461, 20, 30, 0.08128286153078079
0, 219, 474, 24, 28, 0.07397929579019547
0, 340, 437, 141, 120, 0.07380574941635132
0, 312, 459, 38, 47, 0.07212640345096588
0, 289, 470, 35, 36, 0.07205619663000107
0, 359, 450, 12, 20, 0.0705333948135376
0, 224, 471, 13, 20, 0.06441167742013931
0, 296, 470, 19, 32, 0.06224038824439049
0, 427, 165, 127, 106, 0.06019338592886925
0, 386, 416, 18, 32, 0.05474640801548958
0, 487, 117, 44, 20, 0.050750426948070526
0, 576, 222, 65, 70, 0.04915127530694008
0, 297, 202, 34, 23, 0.041728775948286057
0, 299, 472, 11, 24, 0.04164723679423332
0, 199, 502, 10, 7, 0.041310183703899384
0, 324, 449, 67, 69, 0.040632665157318115
0, 530, 305, 15, 15, 0.04059476777911186
0, 334, 164, 34, 31, 0.04021067917346954
0, 561, 228, 96, 109, 0.03974548354744911
0, 348, 199, 35, 39, 0.039122238755226135
0, 351, 190, 21, 17, 0.03896882012486458
0, 366, 408, 25, 19, 0.03671148046851158
0, 486, 296, 54, 34, 0.036351777613162994
0, 433, 166, 36, 51, 0.03629659488797188
0, 372, 410, 12, 9, 0.03605758026242256
0, 587, 213, 20, 27, 0.03591683879494667
0, 572, 262, 13, 10, 0.034646641463041306
0, 576, 232, 9, 12, 0.03399189934134483
0, 346, 434, 94, 90, 0.0289759524166584
0, 387, 167, 25, 32, 0.027880316600203514
0, 378, 410, 26, 16, 0.027288997545838356
0, 440, 145, 33, 39, 0.025995543226599693
0, 580, 220, 35, 40, 0.02587292343378067
0, 573, 231, 15, 15, 0.0245102196931839
0, 537, 248, 13, 10, 0.02344542369246483
0, 433, 154, 17, 19, 0.02344287931919098
0, 465, 321, 79, 80, 0.022893929854035378
0, 463, 158, 114, 103, 0.02221001498401165
0, 589, 205, 28, 39, 0.022149760276079178
0, 380, 400, 33, 43, 0.022035840898752213
0, 432, 177, 27, 28, 0.02193511836230755
0, 365, 418, 68, 61, 0.021817879751324654
0, 470, 360, 34, 26, 0.021655786782503128
0, 460, 304, 38, 44, 0.021634304895997047
0, 335, 458, 14, 15, 0.021008700132369995
0, 487, 128, 41, 37, 0.02026292122900486
0, 475, 322, 120, 113, 0.019906504079699516
0, 511, 261, 12, 8, 0.01972043700516224
0, 337, 443, 46, 43, 0.018355997279286385
0, 361, 400, 16, 19, 0.01793784648180008
0, 346, 137, 13, 12, 0.017308058217167854
0, 454, 163, 46, 50, 0.017164984717965126
0, 559, 245, 36, 28, 0.0169084370136261
0, 561, 248, 27, 17, 0.016146766021847725
0, 218, 475, 70, 68, 0.016028733924031258
0, 343, 421, 15, 10, 0.016003446653485298
0, 588, 224, 17, 10, 0.015909722074866295
0, 367, 414, 32, 35, 0.014202296733856201
0, 381, 156, 20, 29, 0.014009230770170689
0, 459, 149, 43, 53, 0.013744013383984566
0, 234, 465, 37, 35, 0.013595501892268658
0, 349, 408, 9, 10, 0.013296070508658886
0, 523, 342, 20, 19, 0.012873117811977863
0, 456, 359, 57, 37, 0.012447495944797993
0, 410, 155, 21, 33, 0.012393048964440823
0, 466, 344, 85, 61, 0.012305996380746365
0, 378, 148, 14, 13, 0.012263602577149868
0, 209, 487, 35, 24, 0.011977671645581722
0, 332, 140, 42, 21, 0.011921823024749756
0, 546, 308, 23, 24, 0.011853343807160854
0, 420, 155, 44, 42, 0.01184590719640255
0, 352, 414, 35, 26, 0.011815887875854969
0, 367, 402, 30, 27, 0.01129063405096531
0, 334, 454, 20, 24, 0.011246347799897194
0, 546, 313, 13, 12, 0.011183603666722775
0, 483, 115, 27, 13, 0.011058113537728786
0, 588, 204, 45, 54, 0.011020604521036148
0, 378, 434, 12, 18, 0.010770134627819061
0, 566, 249, 16, 11, 0.010699298232793808
0, 384, 160, 41, 48, 0.010631510056555271
0, 322, 144, 28, 20, 0.010413466952741146
0, 506, 290, 234, 250, 0.010282243601977825
0, 393, 143, 7, 5, 0.010154400952160358
0, 402, 196, 48, 36, 0.009844351559877396
0, 353, 182, 30, 34, 0.00956824328750372
0, 325, 452, 32, 30, 0.009567737579345703
0, 568, 238, 28, 26, 0.00955577939748764
0, 467, 141, 24, 33, 0.009504444897174835
0, 359, 396, 12, 10, 0.009425892494618893
0, 459, 177, 29, 26, 0.009045282378792763
0, 314, 427, 14, 13, 0.008866949938237667
0, 399, 424, 8, 7, 0.008787976577877998
0, 537, 312, 32, 27, 0.008784512989223003
0, 452, 341, 13, 10, 0.008439830504357815
0, 311, 447, 32, 22, 0.008405923843383789
0, 336, 157, 82, 65, 0.008128475397825241
0, 342, 435, 32, 36, 0.008067671209573746
0, 450, 308, 16, 13, 0.007906603626906872
0, 279, 175, 27, 28, 0.007821526378393173
0, 413, 353, 10, 16, 0.007811146322637796
0, 476, 310, 36, 38, 0.007652808912098408
0, 549, 288, 60, 62, 0.0073904069140553474
0, 348, 422, 30, 35, 0.007335687521845102
0, 598, 193, 15, 13, 0.007326658349484205
0, 408, 363, 28, 36, 0.007068532519042492
0, 535, 249, 20, 13, 0.0070130773819983006
0, 571, 210, 16, 18, 0.006981376092880964
0, 443, 369, 114, 106, 0.006870073266327381
0, 312, 137, 9, 7, 0.006829593330621719
0, 357, 403, 28, 22, 0.006779960356652737
0, 405, 373, 44, 61, 0.006753821857273579
0, 355, 200, 19, 28, 0.006672621704638004
0, 484, 321, 24, 13, 0.006461092736572027
0, 540, 245, 25, 20, 0.006405699532479048
0, 262, 450, 9, 13, 0.006368097849190235
0, 416, 187, 10, 14, 0.0063448743894696236
0, 310, 177, 35, 32, 0.006329284980893135
0, 464, 142, 16, 14, 0.0062803360633552074
0, 531, 326, 37, 53, 0.006272443570196629
0, 311, 387, 196, 202, 0.006242075469344854
0, 286, 186, 38, 52, 0.006213694345206022
0, 603, 181, 16, 15, 0.006081968080252409
0, 596, 187, 23, 21, 0.00598236545920372
0, 446, 132, 15, 19, 0.005977453663945198
0, 463, 322, 54, 48, 0.005578848533332348
0, 482, 326, 27, 20, 0.005565906409174204
0, 430, 183, 15, 16, 0.005541117861866951
0, 565, 226, 33, 21, 0.005408785305917263
0, 470, 132, 12, 15, 0.005207502283155918
0, 549, 304, 17, 17, 0.005122168455272913
0, 554, 261, 86, 126, 0.005037862807512283
0, 333, 178, 65, 69, 0.004992861300706863
0, 471, 134, 26, 30, 0.004911594092845917
0, 345, 406, 15, 15, 0.0048608323559165
0, 464, 376, 239, 230, 0.004851727746427059
0, 420, 394, 10, 8, 0.004729789681732655
0, 449, 366, 48, 21, 0.0046809338964521885
0, 404, 192, 36, 23, 0.0046487776562571526
0, 307, 185, 52, 62, 0.004625391215085983
0, 528, 251, 36, 24, 0.004588962532579899
0, 411, 188, 20, 19, 0.004533182829618454
0, 575, 261, 22, 17, 0.004507737699896097
0, 318, 168, 40, 30, 0.004393823444843292
0, 355, 153, 59, 55, 0.004380728583782911
0, 550, 275, 48, 36, 0.004363040905445814
0, 258, 457, 40, 47, 0.004176506772637367
0, 432, 344, 57, 54, 0.00404352368786931
0, 282, 480, 21, 18, 0.0040211123414337635
0, 561, 265, 28, 19, 0.004014403559267521
0, 539, 133, 13, 11, 0.003982238005846739
0, 574, 282, 8, 14, 0.0039027431048452854
0, 253, 452, 30, 24, 0.0038930305745452642
0, 449, 340, 29, 16, 0.003854089416563511
0, 595, 188, 31, 32, 0.0038176062516868114
0, 418, 170, 66, 69, 0.0037774783559143543
0, 558, 220, 12, 14, 0.0037762331776320934
0, 460, 135, 36, 34, 0.0036699261981993914
0, 303, 203, 17, 20, 0.00363467400893569
0, 554, 226, 11, 11, 0.0036237870808690786
0, 335, 464, 18, 28, 0.0036153572145849466
0, 527, 336, 28, 33, 0.0035998655948787928
0, 311, 429, 24, 19, 0.0035826798994094133
0, 470, 330, 48, 28, 0.003421732923015952
0, 345, 138, 19, 17, 0.003416951047256589
0, 339, 411, 30, 25, 0.0033913590013980865
0, 554, 266, 13, 12, 0.0033699965570122004
0, 319, 149, 23, 11, 0.003368491306900978
0, 316, 429, 12, 11, 0.0033192175906151533
0, 458, 314, 32, 30, 0.003263849997892976
0, 356, 164, 35, 31, 0.0032570951152592897
0, 499, 119, 25, 20, 0.003233551047742367
0, 474, 114, 22, 11, 0.0031663598492741585
0, 598, 167, 16, 9, 0.003120451932772994
0, 504, 179, 31, 18, 0.0031090823467820883
0, 419, 365, 23, 35, 0.0030921692959964275
0, 453, 181, 14, 16, 0.003030691994354129
0, 528, 112, 7, 5, 0.002936568111181259
0, 554, 298, 26, 26, 0.0029318025335669518
0, 520, 161, 56, 42, 0.0029302111361175776
0, 429, 360, 9, 8, 0.002795168664306402
0, 551, 255, 49, 34, 0.0027722662780433893
0, 319, 172, 22, 21, 0.002768916077911854
0, 338, 405, 14, 12, 0.00275206146761775
0, 446, 317, 37, 35, 0.0027340282686054707
0, 462, 338, 40, 18, 0.0027213450521230698
0, 265, 447, 14, 18, 0.0026972792111337185
0, 553, 307, 32, 34, 0.002685118466615677
0, 296, 132, 15, 14, 0.002677819225937128
0, 276, 144, 8, 17, 0.0026658042334020138
0, 299, 156, 49, 67, 0.002609528135508299
0, 358, 171, 20, 19, 0.002594923134893179
0, 395, 203, 36, 19, 0.0025192329194396734
0, 564, 275, 31, 33, 0.0025052845012396574
0, 433, 328, 36, 30, 0.0024813145864754915
0, 370, 171, 42, 26, 0.002395348157733679
0, 391, 409, 36, 40, 0.002377614611759782
0, 493, 183, 21, 11, 0.0023511762265115976
0, 467, 154, 29, 38, 0.002290695905685425
0, 596, 181, 19, 15, 0.0022524676751345396
0, 561, 285, 18, 15, 0.002178320661187172
0, 215, 468, 30, 20, 0.0020426821429282427
0, 398, 401, 54, 62, 0.0020312732085585594
0, 325, 430, 37, 36, 0.0020122122950851917
0, 306, 427, 17, 13, 0.001988532952964306
0, 426, 357, 26, 23, 0.001976169180124998
0, 537, 327, 11, 13, 0.001962177688255906
0, 290, 143, 34, 38, 0.0018519695149734616
0, 268, 443, 19, 17, 0.0018044388853013515
0, 565, 213, 23, 25, 0.0017724548233672976
0, 482, 357, 41, 32, 0.0017469590529799461
0, 375, 148, 23, 19, 0.001742510823532939
0, 567, 283, 17, 16, 0.0017220425652340055
0, 538, 277, 32, 21, 0.001687019714154303
0, 546, 299, 46, 39, 0.0016801593592390418
0, 542, 320, 20, 27, 0.0016774908872321248
0, 436, 322, 17, 17, 0.0016653063939884305
0, 279, 139, 14, 27, 0.0016066066455096006
0, 325, 415, 17, 16, 0.0015604397049173713
0, 433, 360, 18, 18, 0.0015544018242508173
0, 188, 487, 14, 17, 0.0015436478424817324
0, 384, 202, 27, 19, 0.001541926059871912
0, 539, 322, 65, 66, 0.0015174717409536242
0, 466, 350, 64, 33, 0.0014959735563024879
0, 304, 443, 27, 21, 0.0014862846583127975
0, 322, 421, 19, 17, 0.0014551107306033373
0, 425, 378, 14, 13, 0.001430995762348175
0, 514, 303, 39, 17, 0.0014239548472687602
0, 285, 137, 21, 25, 0.0014231156092137098
0, 387, 206, 13, 11, 0.001408840180374682
0, 354, 403, 47, 30, 0.0013774065300822258
0, 292, 133, 25, 18, 0.0013578830985352397
0, 269, 450, 24, 25, 0.001342492876574397
0, 571, 249, 36, 43, 0.001326876226812601
0, 420, 335, 9, 11, 0.0012865038588643074
0, 484, 341, 22, 17, 0.0012863286538049579
0, 353, 147, 36, 31, 0.00127899250946939
0, 299, 433, 15, 20, 0.0012748331064358354
0, 380, 431, 19, 28, 0.0012573207495734096
0, 334, 190, 37, 32, 0.0012466675834730268
0, 443, 182, 36, 37, 0.0012464688625186682
0, 494, 270, 40, 23, 0.00124380923807621
0, 441, 354, 35, 31, 0.0011973263463005424
0, 272, 457, 15, 46, 0.0011896283831447363
0, 452, 479, 151, 75, 0.0011775633320212364
0, 495, 362, 15, 17, 0.0011722611961886287
0, 546, 316, 46, 42, 0.0011654833797365427
0, 425, 384, 26, 34, 0.0011220446322113276
0, 381, 178, 37, 59, 0.0011081494158133864
0, 229, 483, 44, 42, 0.001071847160346806
0, 480, 163, 19, 17, 0.0010686716996133327
0, 485, 336, 29, 27, 0.0010610850295051932
0, 318, 200, 95, 45, 0.0010485656093806028
0, 269, 439, 18, 10, 0.0010259769624099135
0, 194, 488, 38, 35, 0.0009965782519429922
0, 418, 347, 32, 34, 0.0009737297659739852
0, 316, 425, 21, 18, 0.000971947330981493
0, 468, 127, 49, 36, 0.0009690948645584285
0, 405, 205, 31, 16, 0.00096755544655025
0, 386, 422, 50, 61, 0.0009283733670599759
0, 419, 188, 37, 34, 0.0009274631156586111
0, 337, 471, 14, 14, 0.0009214016026817262
0, 248, 464, 36, 53, 0.0009161631460301578
0, 541, 130, 19, 18, 0.0009083122713491321
0, 561, 293, 22, 25, 0.0008861113456077874
0, 477, 366, 21, 25, 0.000841500936076045
0, 429, 193, 43, 33, 0.0008311696583405137
0, 545, 265, 77, 67, 0.0008230378152802587
0, 313, 138, 47, 30, 0.0008211745298467577
0, 311, 471, 34, 31, 0.0008199688163585961
0, 407, 354, 20, 18, 0.000813616206869483
0, 469, 290, 25, 37, 0.0008125753374770284
0, 415, 383, 23, 23, 0.0007944396929815412
0, 378, 144, 35, 26, 0.0007914025918580592
0, 547, 151, 11, 9, 0.0007634723442606628
0, 288, 202, 23, 18, 0.0007506554829888046
0, 495, 339, 43, 35, 0.000748557795304805
0, 367, 442, 35, 44, 0.0007324600592255592
0, 601, 172, 24, 20, 0.0007213234785012901
0, 528, 142, 14, 10, 0.0007187760202214122
0, 514, 330, 58, 44, 0.0006607729592360556
0, 385, 370, 7, 7, 0.0006524212076328695
0, 524, 162, 30, 22, 0.0006427544285543263
0, 402, 359, 31, 26, 0.0006376720848493278
0, 479, 286, 40, 34, 0.000636611832305789
0, 494, 307, 40, 34, 0.0006318324012681842
0, 507, 263, 23, 12, 0.0006119652534835041
0, 536, 244, 48, 31, 0.0006072107353247702
