0, 213, 778, 81, 72, 0.7590525150299072
0, 290, 632, 47, 60, 0.5663271546363831
0, 651, 189, 51, 37, 0.20258729159832
0, 606, 248, 71, 40, 0.15948334336280823
0, 464, 410, 38, 29, 0.12578611075878143
0, 481, 438, 164, 216, 0.11005070805549622
0, 492, 376, 312, 406, 0.08428943157196045
0, 430, 507, 51, 79, 0.07235001027584076
0, 461, 421, 68, 56, 0.06867726147174835
0, 383, 552, 40, 43, 0.06012498587369919
0, 445, 428, 42, 57, 0.033977311104536057
0, 483, 416, 80, 50, 0.03178131952881813
0, 442, 488, 68, 81, 0.027463190257549286
0, 537, 395, 49, 49, 0.02393239364027977
0, 410, 477, 45, 52, 0.021332336589694023
0, 495, 395, 138, 122, 0.02007618360221386
0, 338, 574, 22, 21, 0.017690783366560936
0, 419, 470, 25, 41, 0.014980969950556755
0, 530, 370, 88, 89, 0.01472491305321455
0, 421, 455, 33, 74, 0.014616508036851883
0, 619, 194, 10, 15, 0.014420726336538792
0, 166, 771, 10, 17, 0.013799900189042091
0, 473, 404, 57, 41, 0.012914982624351978
0, 520, 340, 58, 31, 0.011322622187435627
0, 223, 712, 22, 24, 0.011186757124960423
0, 298, 615, 22, 25, 0.010789874941110611
0, 536, 339, 84, 58, 0.010755904018878937
0, 496, 421, 45, 40, 0.010708922520279884
0, 432, 431, 28, 36, 0.010460365563631058
0, 464, 472, 22, 33, 0.010202860459685326
0, 388, 561, 31, 30, 0.010079690255224705
0, 430, 524, 75, 106, 0.00974260177463293
0, 425, 524, 41, 45, 0.009719361551105976
0, 391, 502, 23, 27, 0.008576066233217716
0, 441, 464, 87, 167, 0.008337690494954586
0, 404, 495, 46, 38, 0.008177712559700012
0, 506, 400, 115, 70, 0.007972811348736286
0, 412, 502, 112, 157, 0.007104984484612942
0, 234, 732, 15, 18, 0.007102471776306629
0, 225, 702, 26, 41, 0.006482090801000595
0, 184, 762, 17, 24, 0.0063094147481024265
0, 284, 687, 27, 15, 0.005453953985124826
0, 151, 779, 12, 25, 0.005428655073046684
0, 272, 702, 23, 20, 0.005274349357932806
0, 280, 694, 44, 38, 0.0051942369900643826
0, 195, 780, 41, 57, 0.004636889323592186
0, 350, 643, 26, 27, 0.004283629357814789
0, 402, 547, 89, 65, 0.004194009117782116
0, 448, 444, 38, 51, 0.003943081945180893
0, 283, 653, 62, 113, 0.0033709590788930655
0, 266, 665, 32, 26, 0.003337461967021227
0, 483, 379, 31, 19, 0.00332459039054811
0, 565, 237, 14, 16, 0.0030033932998776436
0, 229, 770, 41, 23, 0.0029520513489842415
0, 256, 729, 14, 12, 0.0027775561902672052
0, 370, 497, 14, 16, 0.002674301853403449
0, 283, 658, 43, 35, 0.002658694051206112
0, 619, 242, 46, 37, 0.002656172728165984
0, 225, 740, 44, 34, 0.0026204311288893223
0, 225, 753, 48, 29, 0.002584615023806691
0, 620, 191, 11, 26, 0.002574432408437133
0, 218, 808, 21, 24, 0.0023847452830523252
0, 511, 360, 66, 52, 0.002311676973477006
0, 569, 234, 21, 26, 0.0021164908539503813
0, 284, 681, 40, 42, 0.0020814440213143826
0, 578, 299, 64, 49, 0.0020041705574840307
0, 544, 327, 58, 42, 0.001970005454495549
0, 274, 677, 23, 22, 0.0019577827770262957
0, 265, 671, 26, 18, 0.001945569645613432
0, 248, 662, 10, 17, 0.0018884489545598626
0, 221, 832, 13, 12, 0.0018819896504282951
0, 191, 791, 33, 35, 0.0018457939149811864
0, 230, 800, 35, 32, 0.0018140121828764677
0, 208, 764, 62, 43, 0.0012631032150238752
0, 243, 731, 40, 19, 0.001201887265779078
0, 497, 435, 52, 55, 0.0011983304284512997
0, 387, 522, 56, 78, 0.0011421001981943846
0, 508, 409, 76, 53, 0.0010674395598471165
0, 496, 372, 55, 35, 0.0010549828875809908
0, 429, 439, 41, 61, 0.0010547160636633635
0, 167, 779, 14, 38, 0.0010290512582287192
0, 674, 914, 13, 13, 0.001002493780106306
0, 580, 249, 24, 18, 0.0010005912045016885
0, 203, 805, 41, 31, 0.0009245859691873193
0, 596, 277, 105, 101, 0.0008371801231987774
0, 260, 659, 34, 29, 0.0008348961127921939
0, 398, 488, 72, 51, 0.0007890975102782249
0, 535, 936, 9, 15, 0.0007799396407790482
0, 120, 812, 13, 14, 0.0007781402091495693
0, 361, 638, 24, 20, 0.0007127827848307788
0, 547, 356, 58, 52, 0.0007040174095891416
0, 277, 651, 71, 55, 0.0007037721807137132
0, 558, 346, 38, 29, 0.0006692892638966441
0, 387, 494, 50, 33, 0.000667474465444684
0, 560, 334, 34, 18, 0.0006501091993413866
0, 182, 818, 16, 11, 0.000592048279941082
0, 472, 462, 46, 56, 0.0005815534386783838
0, 190, 814, 30, 14, 0.0005463907727971673
0, 294, 701, 19, 17, 0.0005457396619021893
0, 537, 317, 42, 33, 0.0005419831722974777
0, 353, 638, 40, 41, 0.0005349164130166173
0, 574, 288, 43, 25, 0.0005123636219650507
0, 174, 765, 34, 42, 0.0004959538928233087
0, 139, 831, 9, 12, 0.0004932221490889788
0, 159, 775, 28, 43, 0.0004570252203848213
0, 385, 572, 29, 26, 0.00041019462514668703
0, 165, 789, 14, 38, 0.0003964969655498862
0, 188, 757, 26, 26, 0.0003607311809901148
0, 560, 296, 28, 32, 0.0003054712142329663
0, 262, 673, 46, 54, 0.00027113521355204284
0, 254, 715, 124, 142, 0.0002663371560629457
0, 2, 29, 5, 59, 0.0002623508626129478
0, 466, 437, 124, 107, 0.000245732138864696
0, 632, 188, 36, 37, 0.0002451505861245096
0, 488, 456, 29, 30, 0.00024362810654565692
0, 634, 205, 26, 25, 0.00023602371220476925
0, 236, 702, 53, 50, 0.00023299829626921564
0, 596, 294, 22, 21, 0.00022273763897828758
0, 577, 243, 39, 35, 0.00020780242630280554
0, 505, 347, 62, 30, 0.0001859750336734578
0, 158, 778, 55, 51, 0.00016355606203433126
0, 388, 565, 54, 47, 0.00015985903155524284
0, 316, 594, 8, 15, 0.00015718891518190503
0, 249, 750, 27, 15, 0.0001536217168904841
0, 626, 201, 23, 37, 0.00014405725232791156
0, 146, 779, 26, 31, 0.00014001139788888395
0, 758, 336, 96, 429, 0.00013726037286687642
0, 416, 450, 68, 90, 0.00013688576291315258
0, 341, 615, 19, 24, 0.0001331701350864023
0, 562, 311, 42, 40, 0.00012899407010991126
0, 630, 234, 34, 30, 0.0001272999943466857
0, 336, 584, 27, 42, 0.00012686241825576872
0, 548, 349, 129, 111, 0.00011924283899134025
0, 337, 352, 494, 437, 0.00011399589129723608
0, 235, 729, 53, 32, 0.00011248953524045646
0, 251, 688, 54, 38, 0.00010957658378174528
0, 402, 467, 71, 75, 0.00010912778088822961
0, 574, 229, 35, 40, 0.00010814583220053464
0, 464, 470, 34, 43, 0.00010615975043037906
0, 372, 35, 107, 70, 0.00010448477405589074
0, 598, 955, 19, 16, 0.00010162992839468643
0, 2, 1070, 4, 52, 0.0001002736680675298
0, 652, 936, 74, 64, 9.93165303952992e-05
0, 152, 763, 78, 74, 9.75860602920875e-05
0, 630, 254, 69, 60, 9.691752347862348e-05
0, 750, 188, 112, 376, 9.483673056820408e-05
0, 280, 42, 136, 85, 9.349056927021593e-05
0, 588, 316, 25, 15, 9.174080332741141e-05
0, 373, 505, 38, 38, 8.994328527478501e-05
0, 235, 771, 55, 48, 8.657993748784065e-05
0, 215, 709, 57, 42, 8.476462971884757e-05
0, 801, 36, 10, 73, 8.474450442008674e-05
0, 292, 613, 29, 40, 8.454521594103426e-05
0, 458, 396, 78, 71, 8.375313336728141e-05
0, 602, 944, 14, 18, 8.177150448318571e-05
0, 576, 310, 52, 28, 8.047338633332402e-05
0, 236, 628, 104, 96, 7.700462447246537e-05
0, 768, 506, 76, 449, 7.680698035983369e-05
0, 242, 685, 66, 61, 7.602269761264324e-05
0, 212, 738, 60, 74, 7.397353328997269e-05
0, 416, 989, 279, 215, 7.361590542132035e-05
0, 616, 1034, 94, 104, 7.344334881054237e-05
0, 220, 52, 192, 104, 7.307322812266648e-05
0, 519, 331, 70, 60, 7.21402611816302e-05
0, 469, 998, 99, 82, 7.201303378678858e-05
0, 276, 705, 56, 60, 6.970937829464674e-05
0, 258, 657, 125, 146, 6.783005665056407e-05
0, 225, 831, 22, 16, 6.76371855661273e-05
0, 547, 398, 77, 65, 6.761932309018448e-05
0, 673, 1092, 57, 9, 6.57002892694436e-05
0, 273, 356, 104, 79, 6.31883303867653e-05
0, 524, 294, 15, 12, 6.293251499300823e-05
0, 173, 45, 112, 91, 6.217268673935905e-05
0, 524, 406, 64, 71, 6.07929214311298e-05
0, 417, 405, 94, 79, 6.016595580149442e-05
0, 721, 109, 170, 218, 5.994963794364594e-05
0, 380, 501, 53, 55, 5.901192707824521e-05
0, 203, 825, 35, 17, 5.872484325664118e-05
0, 261, 751, 85, 48, 5.7380319049116224e-05
0, 222, 637, 81, 64, 5.70784650335554e-05
0, 686, 978, 10, 8, 5.581446021096781e-05
0, 179, 756, 57, 61, 5.565103128901683e-05
0, 97, 50, 195, 101, 5.390400838223286e-05
0, 329, 977, 101, 110, 5.353378219297156e-05
0, 230, 787, 66, 62, 5.3088489949004725e-05
0, 611, 817, 105, 105, 5.293354843161069e-05
0, 315, 602, 71, 59, 5.287018575472757e-05
0, 399, 650, 12, 9, 5.1762421207968146e-05
0, 254, 727, 22, 18, 5.101178612676449e-05
0, 613, 937, 18, 24, 5.0977843784494326e-05
0, 389, 381, 90, 76, 5.0073955208063126e-05
0, 359, 560, 53, 51, 4.936178811476566e-05
0, 487, 1023, 75, 119, 4.925579924019985e-05
0, 606, 224, 83, 82, 4.866949893767014e-05
0, 300, 66, 176, 132, 4.798846930498257e-05
0, 264, 741, 60, 29, 4.714212263934314e-05
0, 493, 364, 66, 65, 4.6941149776102975e-05
0, 412, 563, 60, 32, 4.66001256427262e-05
0, 645, 951, 52, 26, 4.63155192846898e-05
0, 138, 777, 78, 70, 4.625280053005554e-05
0, 385, 431, 109, 96, 4.5998120185686275e-05
0, 137, 993, 274, 207, 4.597390943672508e-05
0, 335, 1031, 91, 111, 4.585109854815528e-05
0, 469, 333, 97, 79, 4.57548740087077e-05
0, 71, 77, 8, 7, 4.533617538982071e-05
0, 591, 225, 65, 56, 4.5015825890004635e-05
0, 710, 329, 193, 399, 4.461682328837924e-05
0, 499, 342, 91, 51, 4.4198888645041734e-05
0, 378, 485, 76, 68, 4.41845586465206e-05
0, 565, 367, 84, 65, 4.401948535814881e-05
0, 615, 185, 96, 68, 4.2956293327733874e-05
0, 560, 308, 89, 50, 4.267362965038046e-05
0, 515, 745, 106, 86, 4.255200474290177e-05
0, 1, 58, 3, 102, 4.246192838763818e-05
0, 75, 1062, 150, 67, 4.2157065763603896e-05
0, 300, 622, 36, 50, 4.200781768304296e-05
0, 339, 740, 74, 78, 4.161991091677919e-05
0, 544, 208, 78, 102, 4.161019023740664e-05
0, 656, 243, 11, 16, 4.121888196095824e-05
0, 637, 1032, 195, 129, 4.110504960408434e-05
0, 723, 813, 70, 95, 4.001580964541063e-05
0, 667, 935, 37, 56, 3.954929343308322e-05
0, 472, 952, 106, 99, 3.880678923451342e-05
0, 778, 42, 56, 84, 3.794045187532902e-05
0, 617, 927, 13, 19, 3.7861835153307766e-05
0, 545, 240, 98, 83, 3.702301546582021e-05
0, 2, 196, 4, 112, 3.697171632666141e-05
0, 658, 525, 105, 111, 3.6168377846479416e-05
0, 688, 66, 237, 133, 3.591283893911168e-05
0, 196, 688, 92, 86, 3.569724867702462e-05
0, 25, 49, 50, 99, 3.529793320922181e-05
0, 616, 265, 60, 55, 3.51465459971223e-05
0, 313, 740, 92, 66, 3.500792809063569e-05
0, 287, 735, 14, 16, 3.477617065072991e-05
0, 294, 607, 69, 63, 3.471662421361543e-05
0, 595, 182, 95, 103, 3.444768299232237e-05
0, 563, 918, 12, 19, 3.423781890887767e-05
0, 190, 744, 94, 75, 3.417290645302273e-05
0, 730, 41, 152, 82, 3.411094439798035e-05
0, 232, 668, 94, 80, 3.4040134778479114e-05
0, 684, 160, 6, 10, 3.351365739945322e-05
0, 674, 924, 20, 36, 3.331523112137802e-05
0, 1, 593, 3, 111, 3.2996580557664856e-05
0, 685, 160, 167, 95, 3.249432484153658e-05
0, 2, 771, 4, 116, 3.171078788000159e-05
0, 564, 350, 66, 68, 3.093785198871046e-05
0, 342, 1005, 73, 80, 3.089583697146736e-05
0, 427, 1023, 95, 124, 3.069516969844699e-05
0, 2, 730, 4, 113, 3.0240169508033432e-05
0, 378, 739, 97, 75, 3.0143917683744803e-05
0, 331, 611, 29, 31, 2.9738865123363212e-05
0, 615, 744, 99, 84, 2.9413660740829073e-05
0, 507, 432, 80, 77, 2.9402272048173472e-05
0, 2, 1033, 4, 118, 2.8929141990374774e-05
0, 2, 839, 4, 115, 2.8914857466588728e-05
0, 249, 761, 59, 43, 2.8867110813735053e-05
0, 377, 57, 157, 114, 2.879908242903184e-05
0, 183, 926, 85, 62, 2.8732478313031606e-05
0, 605, 287, 65, 53, 2.8732119972119108e-05
0, 527, 219, 69, 66, 2.868565934477374e-05
0, 2, 387, 4, 109, 2.8638236472033896e-05
0, 357, 467, 75, 60, 2.8635669877985492e-05
0, 647, 229, 58, 51, 2.8558544727275148e-05
0, 278, 737, 61, 39, 2.8517451937659644e-05
0, 693, 109, 226, 218, 2.8494696380221285e-05
0, 419, 164, 83, 79, 2.8353122615953907e-05
0, 197, 92, 61, 69, 2.8272201234358363e-05
0, 341, 644, 30, 28, 2.8262496925890446e-05
0, 134, 964, 106, 111, 2.8157388442195952e-05
0, 296, 691, 44, 37, 2.8099020710214972e-05
0, 412, 368, 92, 95, 2.809167926898226e-05
0, 2, 648, 4, 115, 2.8078420655219816e-05
0, 46, 175, 92, 107, 2.790889993775636e-05
0, 343, 632, 38, 48, 2.789924110402353e-05
0, 265, 603, 83, 54, 2.7820653485832736e-05
0, 46, 564, 93, 108, 2.740747731877491e-05
0, 514, 160, 105, 76, 2.6765683287521824e-05
0, 657, 745, 105, 84, 2.6718682420323603e-05
0, 804, 1084, 4, 25, 2.6707039069151506e-05
0, 299, 721, 66, 62, 2.666042018972803e-05
0, 1, 978, 3, 110, 2.6460422304808162e-05
0, 791, 67, 30, 134, 2.6331437766202725e-05
0, 701, 1092, 88, 9, 2.6310050088795833e-05
0, 609, 951, 41, 31, 2.616288111312315e-05
0, 656, 286, 91, 65, 2.6161336791119538e-05
0, 209, 632, 214, 119, 2.5981527869589627e-05
0, 470, 738, 99, 70, 2.5980238206102513e-05
0, 266, 776, 100, 34, 2.5494397050351836e-05
0, 742, 1092, 56, 9, 2.5288405595347285e-05
0, 567, 384, 107, 64, 2.4949997168732807e-05
0, 1, 238, 3, 106, 2.4882894649636e-05
0, 360, 902, 95, 97, 2.479073555150535e-05
0, 178, 949, 103, 107, 2.4744440452195704e-05
0, 324, 354, 105, 78, 2.450369720463641e-05
0, 146, 787, 50, 40, 2.4479151761624962e-05
0, 1, 155, 3, 112, 2.44729635596741e-05
0, 138, 746, 91, 88, 2.430640597594902e-05
0, 678, 935, 28, 58, 2.430485255899839e-05
0, 558, 633, 111, 112, 2.4064001991064288e-05
0, 282, 94, 76, 70, 2.3954327843966894e-05
