0, 308, 961, 128, 301, 0.35926157236099243
0, 418, 526, 94, 103, 0.30603277683258057
0, 288, 1074, 80, 69, 0.2703036963939667
0, 435, 352, 92, 137, 0.24803027510643005
0, 315, 908, 103, 182, 0.15908315777778625
0, 427, 269, 42, 48, 0.13050496578216553
0, 431, 430, 108, 304, 0.12123063206672668
0, 416, 689, 54, 78, 0.0664980411529541
0, 375, 641, 33, 37, 0.056330714374780655
0, 311, 873, 79, 108, 0.046625036746263504
0, 315, 952, 89, 106, 0.038959961384534836
0, 314, 975, 49, 52, 0.038542747497558594
0, 384, 648, 51, 54, 0.037196069955825806
0, 385, 676, 108, 113, 0.03689724579453468
0, 369, 656, 86, 80, 0.0338968001306057
0, 315, 893, 53, 46, 0.03113374672830105
0, 309, 838, 32, 41, 0.02765781804919243
0, 428, 444, 85, 78, 0.02752005308866501
0, 410, 611, 59, 42, 0.024952538311481476
0, 406, 508, 64, 52, 0.023614978417754173
0, 319, 908, 77, 75, 0.02283523790538311
0, 424, 603, 31, 24, 0.020422380417585373
0, 430, 331, 64, 70, 0.019887229427695274
0, 426, 354, 63, 40, 0.019768016412854195
0, 403, 700, 73, 105, 0.01959591917693615
0, 388, 777, 49, 74, 0.018803318962454796
0, 272, 1084, 44, 43, 0.018759513273835182
0, 372, 762, 16, 28, 0.017872601747512817
0, 463, 268, 17, 18, 0.0172499381005764
0, 304, 964, 72, 68, 0.017103256657719612
0, 359, 669, 70, 50, 0.016566820442676544
0, 283, 956, 30, 44, 0.014139273203909397
0, 329, 778, 52, 46, 0.013270009309053421
0, 413, 439, 52, 51, 0.013013242743909359
0, 325, 895, 34, 32, 0.012726152315735817
0, 233, 311, 466, 622, 0.012603378854691982
0, 393, 499, 34, 34, 0.011647162958979607
0, 415, 347, 37, 34, 0.010995552875101566
0, 340, 679, 32, 31, 0.010501362383365631
0, 431, 381, 81, 75, 0.010289820842444897
0, 304, 1008, 65, 55, 0.010199696756899357
0, 373, 850, 27, 26, 0.01008754875510931
0, 341, 923, 47, 49, 0.009287863969802856
0, 387, 807, 28, 31, 0.008823832497000694
0, 352, 879, 26, 26, 0.008749043568968773
0, 452, 314, 41, 62, 0.008503231219947338
0, 451, 458, 42, 67, 0.008228813298046589
0, 295, 1035, 99, 151, 0.008080755360424519
0, 430, 560, 35, 37, 0.007947579026222229
0, 420, 396, 51, 45, 0.007304174825549126
0, 316, 849, 52, 64, 0.007251145783811808
0, 291, 904, 40, 38, 0.007191588170826435
0, 392, 624, 40, 30, 0.006916625890880823
0, 396, 735, 42, 31, 0.006785399280488491
0, 418, 547, 77, 64, 0.006430670619010925
0, 456, 446, 31, 48, 0.006200340110808611
0, 345, 934, 30, 33, 0.006067035254091024
0, 281, 1013, 33, 32, 0.00590794300660491
0, 458, 384, 39, 48, 0.0057329884730279446
0, 371, 844, 45, 40, 0.005431119352579117
0, 348, 690, 53, 85, 0.005385195836424828
0, 437, 395, 51, 48, 0.005270433146506548
0, 332, 1019, 32, 42, 0.005248066503554583
0, 366, 819, 72, 107, 0.004950900562107563
0, 341, 721, 21, 25, 0.004463834688067436
0, 315, 1024, 55, 45, 0.004344631917774677
0, 339, 773, 32, 25, 0.004168870393186808
0, 435, 290, 30, 26, 0.00413773488253355
0, 379, 725, 124, 226, 0.0040455348789691925
0, 423, 485, 72, 55, 0.0037824250757694244
0, 425, 595, 47, 39, 0.003455881029367447
0, 428, 503, 61, 52, 0.003449623007327318
0, 344, 716, 29, 36, 0.003361660987138748
0, 297, 1025, 48, 37, 0.0033600495662540197
0, 365, 833, 60, 62, 0.0029642023146152496
0, 349, 874, 40, 49, 0.0029098892118781805
0, 410, 649, 74, 61, 0.002810525940731168
0, 413, 569, 84, 131, 0.0027040152344852686
0, 279, 1026, 50, 43, 0.0025455530267208815
0, 339, 689, 31, 21, 0.00250161811709404
0, 392, 738, 58, 77, 0.002436004811897874
0, 417, 304, 35, 32, 0.0023581075947731733
0, 271, 1006, 29, 37, 0.0019965770188719034
0, 419, 408, 68, 85, 0.0019797582644969225
0, 421, 201, 22, 25, 0.001899291411973536
0, 391, 550, 46, 36, 0.0016548424027860165
0, 455, 483, 29, 26, 0.0012376763625070453
0, 322, 987, 72, 103, 0.0011951916385442019
0, 412, 362, 52, 61, 0.001020708354189992
0, 306, 824, 31, 39, 0.0008980244747363031
0, 116, 1216, 17, 14, 0.0008545438759028912
0, 403, 349, 35, 29, 0.0008435645722784102
0, 453, 294, 37, 34, 0.000808658660389483
0, 377, 570, 20, 18, 0.0007076902547851205
0, 340, 895, 72, 75, 0.0006902779568918049
0, 402, 610, 130, 257, 0.0006382071296684444
0, 332, 811, 68, 60, 0.0006293716141954064
0, 425, 650, 48, 49, 0.0006232584710232913
0, 418, 277, 63, 67, 0.0005933724460192025
0, 110, 1160, 11, 26, 0.000552390469238162
0, 352, 880, 185, 467, 0.0005354091408662498
0, 330, 1011, 51, 60, 0.0004927085246890783
0, 438, 551, 56, 56, 0.0004374119744170457
0, 3, 47, 7, 95, 0.0004342108150012791
0, 433, 139, 18, 26, 0.00041827099630609155
0, 413, 341, 55, 57, 0.0003910880768671632
0, 292, 981, 71, 78, 0.0003146472736261785
0, 288, 1380, 576, 215, 0.00029147451277822256
0, 410, 304, 47, 48, 0.00026660822913981974
0, 2, 1324, 5, 163, 0.00022414521663449705
0, 99, 1201, 18, 13, 0.00022394077677745372
0, 395, 730, 75, 123, 0.0002053647331194952
0, 443, 221, 22, 20, 0.0002049654722213745
0, 110, 1207, 23, 24, 0.00019658842938952148
0, 2, 1380, 5, 162, 0.00019637541845440865
0, 538, 1251, 75, 473, 0.00019410336972214282
0, 412, 834, 322, 573, 0.00018916830595117062
0, 435, 225, 37, 27, 0.0001412881538271904
0, 349, 829, 115, 140, 0.00013472554564941674
0, 284, 962, 52, 57, 0.0001324798504356295
0, 110, 1208, 44, 33, 0.00012403905566316098
0, 363, 863, 66, 79, 0.00012306132703088224
0, 161, 1416, 322, 141, 0.00012186764797661453
0, 512, 267, 126, 535, 0.00012142708874307573
0, 3, 1448, 6, 78, 0.0001188728419947438
0, 149, 1163, 13, 17, 0.00011265452485531569
0, 2, 1269, 5, 162, 0.00010853853018488735
0, 405, 465, 87, 111, 0.00010587870929157361
0, 316, 433, 397, 364, 0.00010355171252740547
0, 398, 125, 26, 33, 0.00010345271584810689
0, 227, 1294, 16, 15, 9.97166134766303e-05
0, 391, 624, 75, 73, 9.871357906376943e-05
0, 376, 585, 21, 34, 9.796628000913188e-05
0, 477, 1345, 196, 285, 9.670418512541801e-05
0, 331, 725, 41, 33, 9.179374319501221e-05
0, 570, 50, 10, 100, 9.071792737813666e-05
0, 240, 523, 481, 662, 8.863311813911423e-05
0, 457, 330, 66, 102, 8.785097452346236e-05
0, 3, 113, 6, 166, 8.659183367853984e-05
0, 118, 1197, 31, 60, 8.106026507448405e-05
0, 479, 362, 192, 185, 7.978865323821083e-05
0, 2, 1082, 5, 164, 7.957430352689698e-05
0, 2, 1212, 5, 162, 7.668929174542427e-05
0, 304, 1100, 67, 48, 7.501464278902858e-05
0, 337, 677, 47, 49, 7.468309922842309e-05
0, 295, 923, 82, 118, 7.458396430592984e-05
0, 470, 273, 33, 29, 7.420116889989004e-05
0, 3, 286, 6, 154, 7.352814282057807e-05
0, 526, 825, 99, 603, 7.145920972106978e-05
0, 265, 970, 101, 83, 7.115036714822054e-05
0, 382, 313, 138, 117, 6.809272599639371e-05
0, 327, 774, 67, 74, 6.507425860036165e-05
0, 3, 858, 6, 160, 6.355272489599884e-05
0, 20, 1396, 41, 177, 6.343127461150289e-05
0, 436, 159, 29, 75, 6.0736485465895385e-05
0, 292, 672, 314, 206, 5.915989095228724e-05
0, 306, 809, 93, 109, 5.7261157053289935e-05
0, 2, 1140, 5, 163, 5.641889583785087e-05
0, 525, 574, 100, 544, 5.427854921435937e-05
0, 338, 652, 134, 104, 5.3525567636825144e-05
0, 454, 388, 63, 64, 5.335000969353132e-05
0, 433, 500, 182, 595, 5.069448525318876e-05
0, 298, 1096, 84, 107, 5.0671911594690755e-05
0, 2, 472, 5, 153, 4.977283242624253e-05
0, 136, 1329, 272, 316, 4.8936075472738594e-05
0, 425, 602, 87, 62, 4.887297109235078e-05
0, 424, 85, 303, 170, 4.840880137635395e-05
0, 2, 693, 5, 155, 4.836224252358079e-05
0, 2, 1006, 5, 156, 4.798681766260415e-05
0, 2, 343, 5, 150, 4.7400244511663914e-05
0, 434, 283, 67, 50, 4.718372656498104e-05
0, 330, 1122, 14, 14, 4.6625773393316194e-05
0, 471, 433, 209, 323, 4.599973908625543e-05
0, 2, 527, 5, 154, 4.518028435995802e-05
0, 384, 371, 123, 112, 4.4349744712235406e-05
0, 298, 639, 145, 123, 4.3902688048547134e-05
0, 297, 831, 48, 67, 4.370047463453375e-05
0, 259, 930, 124, 94, 4.3605021346593276e-05
0, 13, 1342, 27, 282, 4.3545391235966235e-05
0, 457, 166, 236, 332, 4.313617682782933e-05
0, 400, 1208, 351, 545, 4.286651164875366e-05
0, 130, 1195, 19, 24, 4.256393003743142e-05
0, 264, 1093, 50, 43, 4.2291674617445096e-05
0, 385, 272, 140, 102, 4.111622183700092e-05
0, 2, 414, 5, 154, 4.0468301449436694e-05
0, 367, 503, 141, 102, 4.0419701690552756e-05
0, 3, 749, 6, 162, 3.993917925981805e-05
0, 129, 1181, 31, 61, 3.952320184907876e-05
0, 2, 172, 5, 156, 3.9104354073060676e-05
0, 268, 1312, 18, 23, 3.879257928929292e-05
0, 410, 160, 102, 111, 3.865114922518842e-05
0, 280, 863, 120, 104, 3.805205415119417e-05
0, 316, 1057, 82, 65, 3.77759279217571e-05
0, 2, 914, 5, 157, 3.776033554458991e-05
0, 152, 128, 304, 256, 3.769327304325998e-05
0, 307, 718, 133, 133, 3.680230656755157e-05
0, 539, 987, 72, 423, 3.6777641071239486e-05
0, 131, 1140, 14, 14, 3.617103357100859e-05
0, 377, 544, 138, 101, 3.6103007005294785e-05
0, 49, 1435, 98, 104, 3.6060511774849147e-05
0, 119, 1223, 27, 40, 3.5746335925068706e-05
0, 267, 1003, 95, 73, 3.523863779264502e-05
0, 235, 854, 465, 517, 3.497032230370678e-05
0, 336, 1443, 440, 88, 3.4275453799637035e-05
0, 351, 547, 261, 194, 3.425718387006782e-05
0, 102, 1162, 25, 28, 3.402815855224617e-05
0, 112, 1226, 76, 75, 3.3837852242868394e-05
0, 104, 1180, 32, 49, 3.348311656736769e-05
0, 371, 586, 109, 107, 3.2988962630042806e-05
0, 297, 1125, 52, 35, 3.2316878787241876e-05
0, 423, 655, 217, 290, 3.1950166885508224e-05
0, 109, 1169, 15, 33, 3.085647040279582e-05
0, 134, 1163, 21, 35, 3.075450149481185e-05
0, 72, 1274, 144, 427, 2.9574375730589963e-05
0, 50, 1335, 100, 150, 2.886628317355644e-05
0, 288, 892, 94, 101, 2.8747688702424057e-05
0, 92, 1259, 110, 110, 2.8079919502488337e-05
0, 2, 225, 5, 153, 2.7522881282493472e-05
0, 53, 249, 107, 150, 2.6741978217614815e-05
0, 312, 1127, 48, 32, 2.601474989205599e-05
0, 236, 1050, 128, 124, 2.5833385734586045e-05
0, 230, 971, 150, 105, 2.576317092461977e-05
0, 251, 955, 254, 325, 2.5304496375611052e-05
0, 439, 174, 21, 39, 2.4278444470837712e-05
0, 268, 826, 117, 110, 2.3994018192752264e-05
0, 2, 582, 5, 153, 2.3879994841990992e-05
0, 454, 460, 70, 86, 2.376066731812898e-05
0, 77, 308, 155, 615, 2.361599945288617e-05
0, 25, 67, 51, 134, 2.3612441509612836e-05
0, 127, 1174, 77, 151, 2.326395951968152e-05
0, 410, 725, 85, 69, 2.324391061847564e-05
0, 339, 105, 300, 210, 2.303348810528405e-05
0, 488, 60, 174, 120, 2.296816819580272e-05
0, 45, 1275, 90, 141, 2.2102427465142682e-05
0, 148, 1179, 12, 35, 2.2004673155606724e-05
0, 104, 1437, 208, 100, 2.197785215685144e-05
0, 215, 69, 274, 139, 2.1851747078471817e-05
0, 232, 1288, 28, 30, 2.145341750292573e-05
0, 293, 771, 150, 115, 2.1249028577585705e-05
0, 51, 393, 103, 168, 2.124321326846257e-05
0, 2, 637, 5, 158, 2.066787965304684e-05
0, 208, 1270, 15, 16, 2.066689557977952e-05
0, 288, 144, 576, 288, 2.0449158910196275e-05
0, 226, 577, 156, 132, 2.0419052816578187e-05
0, 415, 135, 64, 47, 2.0220524675096385e-05
0, 337, 605, 132, 111, 2.014703568420373e-05
0, 168, 1363, 142, 113, 1.9961638827226125e-05
0, 274, 1099, 55, 62, 1.976801286218688e-05
0, 392, 55, 247, 110, 1.9551207515178248e-05
0, 367, 1258, 135, 164, 1.941555274243001e-05
0, 142, 380, 120, 152, 1.9410887034609914e-05
0, 161, 1480, 132, 14, 1.933574822032824e-05
0, 78, 1181, 13, 27, 1.9237768356106244e-05
0, 397, 164, 178, 130, 1.9148190403939225e-05
0, 247, 1082, 84, 76, 1.8893500964622945e-05
0, 262, 1479, 143, 17, 1.8745668057817966e-05
0, 12, 1237, 25, 276, 1.873160363174975e-05
0, 374, 458, 158, 110, 1.859670373960398e-05
0, 322, 754, 58, 61, 1.8593300410429947e-05
0, 461, 151, 228, 266, 1.8407186871627346e-05
0, 487, 1220, 173, 144, 1.8371691112406552e-05
0, 92, 143, 184, 286, 1.7813616068451665e-05
0, 164, 1295, 129, 103, 1.7536374798510224e-05
0, 77, 1112, 111, 154, 1.7397966075805016e-05
0, 395, 1281, 107, 130, 1.7301819752901793e-05
0, 225, 1273, 16, 23, 1.7236881831195205e-05
0, 334, 1355, 132, 136, 1.7234613551408984e-05
0, 378, 1353, 120, 134, 1.698313826636877e-05
0, 188, 1183, 376, 609, 1.6961304936558008e-05
0, 569, 1216, 12, 179, 1.691238139756024e-05
0, 568, 1061, 15, 174, 1.6662952475599013e-05
0, 573, 1460, 5, 55, 1.631567647564225e-05
0, 312, 1146, 27, 15, 1.6012943888199516e-05
0, 92, 1215, 102, 111, 1.5947003703331575e-05
0, 568, 1130, 15, 205, 1.592999615240842e-05
0, 380, 1393, 121, 96, 1.590406827745028e-05
0, 458, 491, 75, 72, 1.586655889695976e-05
0, 430, 1427, 290, 120, 1.580914977239445e-05
0, 452, 1480, 98, 14, 1.5728081052657217e-05
0, 455, 560, 124, 59, 1.54383869812591e-05
0, 542, 47, 66, 94, 1.5420348063344136e-05
0, 467, 1108, 13, 14, 1.541827259643469e-05
0, 145, 1193, 11, 22, 1.5352248738054186e-05
0, 548, 1432, 55, 109, 1.5294117474695668e-05
0, 296, 604, 110, 67, 1.5229684322548565e-05
0, 285, 56, 236, 112, 1.5176762644841801e-05
0, 435, 187, 30, 50, 1.5011112736829091e-05
0, 388, 855, 207, 242, 1.499943664384773e-05
0, 223, 905, 158, 128, 1.4903448573022615e-05
0, 136, 56, 245, 113, 1.489956775913015e-05
0, 22, 251, 44, 188, 1.4865902812744025e-05
0, 190, 1209, 158, 148, 1.4760954400117043e-05
0, 132, 1237, 20, 35, 1.46988086271449e-05
0, 423, 1339, 133, 123, 1.4520985132548958e-05
0, 172, 1267, 40, 39, 1.4368602933245711e-05
0, 247, 871, 103, 65, 1.436456022929633e-05
0, 56, 440, 113, 142, 1.431007513019722e-05
0, 494, 1288, 163, 140, 1.4297252164396923e-05
0, 215, 1479, 117, 17, 1.4262580407375935e-05
0, 32, 1345, 65, 107, 1.4129136616247706e-05
