0, 571, 529, 80, 60, 0.8792161345481873
0, 224, 570, 42, 26, 0.6162644624710083
0, 638, 481, 43, 35, 0.3202719986438751
0, 650, 364, 15, 19, 0.31247833371162415
0, 436, 628, 12, 21, 0.2913021147251129
0, 678, 366, 19, 21, 0.2623526453971863
0, 474, 630, 23, 14, 0.2242986559867859
0, 320, 634, 23, 16, 0.16433961689472198
0, 477, 624, 29, 26, 0.14664167165756226
0, 662, 414, 50, 47, 0.14516989886760712
0, 694, 303, 11, 19, 0.12908130884170532
0, 456, 159, 15, 20, 0.10547781735658646
0, 734, 332, 15, 19, 0.08947880566120148
0, 652, 469, 14, 12, 0.07660456746816635
0, 592, 517, 37, 37, 0.07319524884223938
0, 460, 369, 13, 10, 0.06813542544841766
0, 448, 606, 37, 15, 0.060538992285728455
0, 241, 602, 13, 15, 0.0568455271422863
0, 477, 170, 41, 32, 0.05521783232688904
0, 677, 329, 24, 25, 0.04268667846918106
0, 418, 379, 16, 11, 0.03989730402827263
0, 552, 535, 41, 44, 0.03322548419237137
0, 425, 247, 23, 23, 0.03218927979469299
0, 767, 295, 12, 16, 0.030200500041246414
0, 479, 162, 14, 14, 0.029267743229866028
0, 510, 607, 22, 15, 0.02833695150911808
0, 442, 265, 24, 30, 0.027553169056773186
0, 736, 339, 19, 32, 0.02669680304825306
0, 733, 283, 50, 36, 0.026335235685110092
0, 480, 167, 25, 24, 0.02499735914170742
0, 627, 489, 21, 19, 0.024557892233133316
0, 571, 410, 21, 24, 0.022616969421505928
0, 513, 560, 8, 16, 0.019599249586462975
0, 440, 191, 21, 26, 0.01793774589896202
0, 465, 203, 10, 12, 0.016799094155430794
0, 213, 614, 22, 12, 0.015503901988267899
0, 436, 366, 14, 11, 0.015190953388810158
0, 713, 296, 14, 22, 0.013858075253665447
0, 288, 609, 9, 14, 0.013547128066420555
0, 436, 260, 18, 19, 0.01306899543851614
0, 335, 620, 8, 6, 0.012835760600864887
0, 711, 301, 14, 22, 0.012773821130394936
0, 465, 168, 31, 32, 0.011781084351241589
0, 725, 287, 25, 20, 0.010588296689093113
0, 700, 303, 24, 23, 0.009677603840827942
0, 578, 484, 18, 17, 0.009633765555918217
0, 443, 222, 11, 14, 0.008879996836185455
0, 210, 597, 13, 13, 0.008672783151268959
0, 749, 283, 17, 24, 0.008672590367496014
0, 429, 240, 33, 39, 0.0078694773837924
0, 291, 607, 16, 18, 0.0077552394941449165
0, 438, 278, 21, 28, 0.007188963238149881
0, 341, 654, 10, 13, 0.0068087405525147915
0, 438, 223, 17, 18, 0.006585593335330486
0, 641, 448, 10, 9, 0.006444624159485102
0, 449, 402, 11, 9, 0.006389825604856014
0, 510, 610, 29, 25, 0.0061644562520086765
0, 246, 601, 21, 18, 0.005834257695823908
0, 324, 631, 31, 24, 0.005661891773343086
0, 681, 320, 34, 45, 0.005478900391608477
0, 491, 195, 15, 19, 0.005476107820868492
0, 565, 373, 6, 6, 0.005414249375462532
0, 648, 390, 8, 14, 0.004296155646443367
0, 436, 636, 19, 36, 0.004268564749509096
0, 434, 230, 16, 28, 0.004213162697851658
0, 435, 226, 27, 26, 0.004173818044364452
0, 686, 308, 42, 32, 0.004140296019613743
0, 583, 409, 12, 17, 0.0039034769870340824
0, 649, 376, 15, 42, 0.0037645662669092417
0, 518, 122, 11, 12, 0.0037013960536569357
0, 647, 338, 12, 11, 0.003669413272291422
0, 720, 294, 35, 37, 0.003647773526608944
0, 462, 372, 17, 18, 0.0035360390320420265
0, 649, 434, 27, 37, 0.0035132139455527067
0, 653, 424, 26, 27, 0.0034517759922891855
0, 671, 408, 31, 34, 0.0032904199324548244
0, 470, 602, 32, 14, 0.0030851569026708603
0, 687, 304, 23, 24, 0.003044980810955167
0, 563, 399, 14, 16, 0.002993507543578744
0, 475, 412, 16, 12, 0.002966693602502346
0, 673, 319, 19, 14, 0.0028395820409059525
0, 548, 387, 15, 16, 0.002815549960359931
0, 545, 383, 14, 9, 0.0027026564348489046
0, 605, 466, 7, 11, 0.0026825619861483574
0, 489, 605, 61, 25, 0.0026626100298017263
0, 446, 610, 34, 13, 0.0025408777873963118
0, 529, 593, 14, 14, 0.002401218982413411
0, 393, 651, 7, 9, 0.002198357367888093
0, 341, 601, 11, 10, 0.0021571777760982513
0, 679, 398, 15, 15, 0.0021267069969326258
0, 675, 400, 23, 20, 0.001871180022135377
0, 577, 396, 13, 16, 0.0018533284310251474
0, 492, 614, 59, 37, 0.0017976235831156373
0, 507, 114, 8, 13, 0.0017829302232712507
0, 544, 539, 26, 33, 0.0017699719173833728
0, 676, 308, 28, 27, 0.0016913932049646974
0, 746, 306, 13, 15, 0.001684988266788423
0, 463, 380, 20, 26, 0.0016709261108189821
0, 467, 387, 13, 22, 0.00157089380081743
0, 471, 612, 43, 34, 0.0015019122511148453
0, 262, 605, 50, 32, 0.0014752782881259918
0, 725, 268, 13, 12, 0.0014647571370005608
0, 831, 59, 12, 15, 0.0014425746630877256
0, 554, 388, 19, 19, 0.0014262592885643244
0, 552, 567, 11, 8, 0.0013740577269345522
0, 477, 187, 39, 41, 0.0013397792354226112
0, 360, 612, 10, 11, 0.001310570165514946
0, 651, 313, 8, 14, 0.0012713983887806535
0, 652, 367, 24, 27, 0.0012342416448518634
0, 528, 593, 11, 8, 0.0012214826419949532
0, 390, 347, 15, 17, 0.0011718487367033958
0, 499, 557, 7, 13, 0.0011689127422869205
0, 380, 339, 17, 19, 0.0010924116941168904
0, 761, 292, 24, 23, 0.0010605681454762816
0, 555, 386, 32, 30, 0.001036565052345395
0, 456, 191, 21, 20, 0.0010022497735917568
0, 550, 545, 32, 23, 0.0009832900250330567
0, 734, 299, 35, 28, 0.0009531497489660978
0, 386, 342, 22, 23, 0.0009438341367058456
0, 396, 356, 17, 17, 0.0008879842353053391
0, 507, 116, 12, 18, 0.0008714283467270434
0, 541, 548, 21, 16, 0.000846311217173934
0, 759, 268, 9, 10, 0.0008351380238309503
0, 686, 314, 57, 66, 0.0008311360143125057
0, 562, 399, 43, 45, 0.0007701163413003087
0, 502, 414, 10, 14, 0.0007642399868927896
0, 673, 740, 364, 70, 0.0007621119730174541
0, 304, 146, 376, 292, 0.0007567998836748302
0, 436, 261, 45, 65, 0.00071452691918239
0, 518, 601, 44, 35, 0.000702179386280477
0, 471, 587, 14, 8, 0.0006925588240846992
0, 825, 57, 19, 16, 0.0006922863540239632
0, 507, 606, 48, 26, 0.000692224595695734
0, 676, 301, 49, 42, 0.00067727523855865
0, 452, 601, 49, 30, 0.0006646648980677128
0, 481, 619, 93, 65, 0.000662151025608182
0, 660, 308, 29, 58, 0.0006499180453829467
0, 188, 620, 13, 10, 0.0006344171124510467
0, 219, 596, 32, 21, 0.0006280967500060797
0, 500, 397, 10, 10, 0.0006128772511146963
0, 502, 594, 65, 50, 0.0006120845209807158
0, 476, 576, 13, 9, 0.0006091069662943482
0, 467, 576, 13, 9, 0.0006008484633639455
0, 783, 88, 11, 13, 0.0005994927487336099
0, 708, 305, 21, 35, 0.0005993564845994115
0, 512, 120, 21, 23, 0.0005956775275990367
0, 728, 336, 33, 35, 0.0005550089408643544
0, 718, 330, 10, 17, 0.0005349222337827086
0, 665, 284, 21, 15, 0.0005049011087976396
0, 730, 299, 61, 65, 0.0005026420694775879
0, 431, 244, 42, 66, 0.0004975548363290727
0, 434, 254, 38, 23, 0.0004961175145581365
0, 578, 743, 273, 64, 0.0004889555857516825
0, 231, 600, 34, 18, 0.00048547665937803686
0, 752, 286, 41, 42, 0.00048343418166041374
0, 572, 387, 13, 18, 0.0004785793134942651
0, 468, 384, 32, 42, 0.0004403822240419686
0, 413, 611, 13, 11, 0.0004368869122117758
0, 556, 372, 12, 8, 0.00043202072265557945
0, 489, 591, 48, 26, 0.00041643096483312547
0, 531, 423, 12, 8, 0.00041314985719509423
0, 574, 490, 32, 36, 0.0004038798506371677
0, 507, 415, 13, 16, 0.00040241022361442447
0, 704, 271, 9, 15, 0.00040162671939469874
0, 468, 588, 31, 16, 0.0003927167854271829
0, 720, 271, 22, 20, 0.0003687072021421045
0, 453, 171, 38, 44, 0.0003611957363318652
0, 457, 585, 48, 17, 0.00033203873317688704
0, 211, 620, 26, 25, 0.0003294380730949342
0, 409, 205, 10, 14, 0.00032406026730313897
0, 623, 486, 40, 25, 0.0003204583190381527
0, 453, 743, 312, 65, 0.0003110959369223565
0, 577, 405, 25, 31, 0.00030809416784904897
0, 415, 215, 23, 37, 0.00030648522078990936
0, 217, 578, 29, 37, 0.000306286005070433
0, 206, 612, 37, 18, 0.0002968724584206939
0, 409, 329, 13, 9, 0.0002903958084061742
0, 333, 743, 298, 65, 0.00028689592727459967
0, 455, 192, 31, 29, 0.00028668154845945537
0, 735, 157, 56, 68, 0.00026741906185634434
0, 238, 610, 31, 29, 0.00026676588458940387
0, 462, 578, 27, 11, 0.00026144494768232107
0, 202, 589, 39, 35, 0.0002611158706713468
0, 439, 201, 24, 46, 0.0002561656292527914
0, 571, 549, 35, 24, 0.0002561084693297744
0, 480, 388, 36, 41, 0.00024985993513837457
0, 570, 560, 15, 14, 0.0002496758534107357
0, 502, 558, 12, 18, 0.00024133975966833532
0, 532, 124, 10, 10, 0.00023926058202050626
0, 532, 591, 26, 21, 0.0002269487886223942
0, 508, 568, 34, 37, 0.00022108328994363546
0, 479, 413, 23, 20, 0.00021142020705156028
0, 261, 610, 32, 33, 0.0002094782394124195
0, 481, 215, 13, 16, 0.00020491387112997472
0, 443, 607, 42, 23, 0.00020317982125561684
0, 361, 257, 8, 17, 0.0001961465459316969
0, 176, 741, 345, 69, 0.00019584342953749
0, 391, 347, 42, 39, 0.0001949582656379789
0, 688, 93, 57, 69, 0.00019408116349950433
0, 537, 519, 22, 25, 0.00017704891797620803
0, 498, 577, 42, 39, 0.00017088254389818758
0, 572, 507, 44, 25, 0.0001704708265606314
0, 200, 584, 24, 21, 0.00016692376811988652
0, 397, 364, 66, 46, 0.00016668853641021997
0, 741, 339, 37, 43, 0.00016386482457164675
0, 532, 396, 9, 10, 0.00016381029854528606
0, 466, 373, 29, 22, 0.0001607834274182096
0, 420, 386, 17, 19, 0.00016000313917174935
0, 8, 0, 16, 1, 0.00015679716307204217
0, 272, 614, 16, 20, 0.00015590502880513668
0, 370, 610, 21, 11, 0.000150924883200787
0, 439, 379, 59, 32, 0.00014989527699071914
0, 655, 302, 17, 34, 0.0001474424498155713
0, 225, 591, 46, 36, 0.00014289641694631428
0, 661, 292, 29, 34, 0.0001403881178703159
0, 427, 211, 14, 29, 0.00014010100858286023
0, 660, 378, 38, 49, 0.00013374455738812685
0, 661, 315, 26, 21, 0.00013321737060323358
0, 490, 398, 43, 32, 0.00013299145211931318
0, 236, 598, 41, 30, 0.0001329398510279134
0, 176, 609, 13, 15, 0.00012903480092063546
0, 590, 480, 45, 39, 0.00012859604612458497
0, 833, 116, 51, 87, 0.00012782034173142165
0, 331, 97, 233, 194, 0.00012772604532074183
0, 425, 373, 35, 26, 0.00012664691894315183
0, 439, 402, 33, 14, 0.00012192135181976482
0, 188, 608, 21, 26, 0.00012187113316031173
0, 489, 203, 9, 18, 0.00012112305557820946
0, 246, 602, 65, 44, 0.00011789108975790441
0, 663, 319, 42, 74, 0.00011710623948602006
0, 177, 599, 63, 76, 0.0001155571299022995
0, 496, 399, 20, 18, 0.00011323956277919933
0, 432, 119, 143, 227, 0.00010889639088418335
0, 401, 362, 29, 19, 0.00010783463949337602
0, 473, 389, 18, 24, 0.00010282533912686631
0, 189, 597, 13, 19, 9.987363591790199e-05
0, 430, 215, 41, 85, 9.957683505490422e-05
0, 453, 407, 49, 23, 9.90082771750167e-05
0, 412, 614, 20, 18, 9.642820077715442e-05
0, 435, 171, 86, 65, 9.373972716275603e-05
0, 335, 621, 51, 43, 9.354568464914337e-05
0, 545, 377, 21, 17, 9.324937855126336e-05
0, 294, 603, 25, 19, 9.268475696444511e-05
0, 386, 153, 65, 67, 9.268458234146237e-05
0, 751, 298, 36, 32, 9.021988807944581e-05
0, 612, 487, 16, 19, 9.003193554235622e-05
0, 452, 645, 64, 60, 8.971158240456134e-05
0, 397, 759, 74, 32, 8.901053661247715e-05
0, 282, 599, 54, 40, 8.824441465549171e-05
0, 400, 359, 34, 37, 8.752727444516495e-05
0, 409, 164, 89, 83, 8.566972974222153e-05
0, 421, 757, 85, 37, 8.456658542854711e-05
0, 552, 503, 13, 10, 8.418102515861392e-05
0, 749, 553, 220, 362, 8.400069054914638e-05
0, 445, 276, 40, 51, 8.361810614587739e-05
0, 856, 43, 7, 22, 8.335021993843839e-05
0, 447, 40, 58, 74, 8.272869308711961e-05
0, 835, 7, 48, 15, 8.206655184039846e-05
0, 404, 210, 26, 28, 8.200701995519921e-05
0, 346, 604, 16, 16, 8.188971696654335e-05
0, 456, 173, 103, 152, 8.056029764702544e-05
0, 10, 776, 19, 0, 8.049733150983229e-05
0, 610, 510, 47, 34, 8.048274321481586e-05
0, 689, 377, 55, 49, 8.02995273261331e-05
0, 283, 621, 44, 42, 7.870072295190766e-05
0, 307, 623, 62, 40, 7.728313357802108e-05
0, 702, 288, 65, 54, 7.692711369600147e-05
0, 222, 612, 46, 26, 7.664798613404855e-05
0, 161, 620, 40, 56, 7.649479084648192e-05
0, 508, 127, 12, 27, 7.633891800651327e-05
0, 419, 184, 79, 72, 7.584875856991857e-05
0, 638, 494, 50, 68, 7.380118768196553e-05
0, 665, 330, 46, 32, 7.237688259920105e-05
0, 524, 117, 27, 25, 7.12884429958649e-05
0, 304, 222, 17, 10, 6.989015673752874e-05
0, 497, 605, 133, 111, 6.928919901838526e-05
0, 374, 280, 10, 15, 6.879087595734745e-05
0, 761, 420, 194, 350, 6.688239955110475e-05
0, 478, 133, 11, 8, 6.669540016446263e-05
0, 534, 561, 39, 22, 6.640607170993462e-05
0, 540, 586, 9, 11, 6.617407780140638e-05
0, 229, 126, 63, 63, 6.557591404998675e-05
0, 221, 557, 55, 56, 6.507313810288906e-05
0, 305, 635, 64, 22, 6.494524859590456e-05
0, 494, 410, 32, 25, 6.474286055890843e-05
0, 352, 607, 40, 30, 6.458235293393955e-05
0, 746, 309, 61, 83, 6.359983672155067e-05
0, 236, 629, 57, 38, 6.228354322956875e-05
0, 179, 612, 25, 25, 6.0928385209990665e-05
0, 518, 757, 88, 37, 6.0339134506648406e-05
0, 616, 461, 13, 10, 5.987930126138963e-05
0, 428, 605, 58, 33, 5.920283729210496e-05
0, 406, 375, 42, 25, 5.851845344295725e-05
0, 555, 519, 109, 88, 5.829988367622718e-05
0, 325, 650, 33, 25, 5.808147034258582e-05
0, 578, 45, 38, 54, 5.7860175729729235e-05
0, 414, 380, 28, 14, 5.7718872994882986e-05
0, 368, 385, 74, 86, 5.765769674326293e-05
0, 168, 611, 12, 18, 5.755568417953327e-05
0, 746, 709, 226, 132, 5.6286855397047475e-05
