0, 221, 405, 165, 151, 0.2667817175388336
0, 487, 220, 202, 153, 0.24577683210372925
0, 469, 195, 73, 69, 0.16483069956302643
0, 441, 274, 284, 279, 0.15878404676914215
0, 546, 206, 69, 59, 0.11443248391151428
0, 327, 300, 62, 48, 0.1143079549074173
0, 228, 393, 120, 102, 0.09239218384027481
0, 265, 413, 56, 55, 0.07510567456483841
0, 485, 219, 62, 61, 0.07488314062356949
0, 157, 401, 29, 23, 0.06583453714847565
0, 225, 380, 51, 54, 0.06565887480974197
0, 380, 367, 80, 60, 0.05971884727478027
0, 479, 208, 38, 30, 0.03378249332308769
0, 410, 250, 56, 74, 0.030970685184001923
0, 203, 380, 63, 47, 0.030818212777376175
0, 361, 369, 40, 51, 0.024577271193265915
0, 536, 213, 100, 82, 0.02109597995877266
0, 474, 288, 30, 29, 0.020360058173537254
0, 211, 383, 81, 75, 0.019299153238534927
0, 523, 224, 70, 56, 0.018376311287283897
0, 196, 376, 43, 34, 0.01632878929376602
0, 465, 183, 56, 42, 0.01624813675880432
0, 235, 367, 26, 29, 0.015504389069974422
0, 267, 330, 253, 310, 0.012912229634821415
0, 622, 140, 33, 24, 0.012850760482251644
0, 500, 152, 26, 18, 0.012675341218709946
0, 430, 261, 74, 52, 0.012556982226669788
0, 424, 266, 142, 122, 0.01075488980859518
0, 448, 249, 60, 57, 0.01074290368705988
0, 259, 425, 25, 24, 0.010499350726604462
0, 343, 304, 36, 37, 0.01033581793308258
0, 463, 240, 145, 99, 0.010175659321248531
0, 512, 232, 41, 36, 0.009837414138019085
0, 195, 397, 48, 63, 0.009534560143947601
0, 410, 235, 28, 34, 0.009423951618373394
0, 376, 298, 199, 190, 0.009187402203679085
0, 243, 371, 47, 64, 0.0067923953756690025
0, 273, 423, 52, 30, 0.0067397491075098515
0, 487, 194, 119, 103, 0.006586950272321701
0, 349, 356, 22, 49, 0.006534195970743895
0, 241, 344, 46, 39, 0.006246531847864389
0, 423, 226, 50, 45, 0.0061698369681835175
0, 374, 361, 50, 31, 0.005999050103127956
0, 232, 345, 19, 20, 0.004729201551526785
0, 276, 400, 37, 31, 0.004725221544504166
0, 416, 343, 32, 30, 0.004630419425666332
0, 243, 339, 26, 20, 0.00462316581979394
0, 206, 371, 41, 35, 0.004617946222424507
0, 530, 216, 36, 37, 0.004386809654533863
0, 385, 302, 66, 51, 0.004310541786253452
0, 413, 266, 46, 43, 0.00404970021918416
0, 495, 156, 40, 26, 0.003796269418671727
0, 376, 291, 40, 21, 0.003673507133498788
0, 505, 235, 27, 27, 0.003627428784966469
0, 181, 384, 17, 19, 0.0035967796575278044
0, 258, 356, 14, 23, 0.0035538561642169952
0, 188, 381, 31, 24, 0.003500835970044136
0, 397, 286, 83, 65, 0.003462916472926736
0, 329, 291, 46, 34, 0.0032349731773138046
0, 248, 433, 49, 74, 0.003206373192369938
0, 358, 303, 55, 41, 0.0031620627269148827
0, 460, 289, 42, 26, 0.0030455337837338448
0, 400, 350, 59, 41, 0.003029326442629099
0, 408, 229, 21, 23, 0.00299888476729393
0, 348, 314, 21, 20, 0.002817769069224596
0, 220, 362, 86, 67, 0.0026775607839226723
0, 316, 296, 46, 29, 0.002504670759662986
0, 461, 230, 61, 56, 0.002499628346413374
0, 560, 201, 45, 48, 0.0024639866314828396
0, 561, 153, 26, 16, 0.0024101599119603634
0, 478, 178, 43, 31, 0.0022752806544303894
0, 228, 430, 19, 27, 0.0022462320048362017
0, 457, 292, 68, 55, 0.0019994606263935566
0, 172, 392, 61, 44, 0.0019856856670230627
0, 347, 343, 19, 29, 0.0019750127103179693
0, 463, 205, 86, 38, 0.0019331336952745914
0, 558, 194, 20, 17, 0.0018151038093492389
0, 426, 210, 18, 11, 0.0017405892722308636
0, 201, 467, 29, 27, 0.0017371798167005181
0, 250, 412, 47, 41, 0.0016957741463556886
0, 247, 411, 63, 69, 0.0016690015327185392
0, 232, 424, 30, 42, 0.001643360941670835
0, 326, 321, 55, 37, 0.0015922300517559052
0, 205, 363, 27, 19, 0.001580535783432424
0, 454, 237, 38, 32, 0.0015692695742473006
0, 485, 164, 59, 48, 0.001555640366859734
0, 538, 199, 25, 21, 0.0015247806441038847
0, 547, 212, 54, 35, 0.0015207292744889855
0, 239, 396, 48, 40, 0.0015098986914381385
0, 442, 313, 23, 11, 0.0014566350728273392
0, 446, 258, 38, 34, 0.0013703046133741736
0, 343, 325, 37, 42, 0.0013239469844847918
0, 388, 360, 27, 15, 0.0013124019606038928
0, 435, 320, 39, 28, 0.0012868531048297882
0, 446, 217, 77, 47, 0.001247914507985115
0, 385, 310, 39, 41, 0.0012371076736599207
0, 401, 253, 47, 34, 0.0012074819533154368
0, 384, 287, 57, 39, 0.0012036522384732962
0, 308, 305, 31, 11, 0.0011308203684166074
0, 349, 285, 45, 41, 0.001122344401665032
0, 244, 432, 126, 101, 0.0011121385032311082
0, 241, 451, 21, 30, 0.0010930226417258382
0, 318, 285, 25, 17, 0.0010564427357167006
0, 455, 187, 37, 26, 0.0009726935531944036
0, 238, 440, 31, 56, 0.0009575151489116251
0, 352, 269, 11, 12, 0.0009389123297296464
0, 525, 178, 20, 14, 0.0009119791793636978
0, 261, 430, 31, 51, 0.0008973085787147284
0, 408, 296, 52, 41, 0.0008965488523244858
0, 237, 455, 14, 15, 0.0008734263246878982
0, 519, 243, 31, 24, 0.000845709873829037
0, 229, 359, 40, 43, 0.0008383643580600619
0, 449, 193, 21, 14, 0.0007660522242076695
0, 234, 458, 39, 41, 0.0007660055416636169
0, 376, 275, 65, 59, 0.0007538407808169723
0, 281, 321, 24, 15, 0.0007354929693974555
0, 577, 155, 58, 23, 0.0007111391169019043
0, 555, 189, 28, 26, 0.0006965604843571782
0, 422, 338, 30, 32, 0.0006965352804400027
0, 398, 262, 39, 28, 0.0006835261592641473
0, 452, 265, 22, 17, 0.0006820778944529593
0, 447, 289, 16, 17, 0.0006738995434716344
0, 363, 265, 39, 29, 0.0006480625015683472
0, 582, 165, 60, 41, 0.0006340363179333508
0, 300, 325, 70, 29, 0.0006071820389479399
0, 161, 425, 12, 15, 0.0005967646138742566
0, 428, 329, 50, 49, 0.0005796076147817075
0, 287, 324, 38, 21, 0.0005687086959369481
0, 331, 339, 66, 61, 0.0005178925930522382
0, 295, 394, 36, 32, 0.0004898360930383205
0, 244, 452, 34, 45, 0.0004652636416722089
0, 484, 202, 50, 64, 0.0004425739753060043
0, 251, 334, 25, 20, 0.00044062515371479094
0, 431, 210, 29, 14, 0.00043694311170838773
0, 286, 425, 38, 27, 0.0004339621227700263
0, 443, 206, 40, 20, 0.0003991505072917789
0, 301, 385, 10, 11, 0.00039524759631603956
0, 488, 190, 37, 45, 0.0003941455506719649
0, 229, 457, 25, 27, 0.0003922330215573311
0, 414, 305, 22, 20, 0.00038830831181257963
0, 527, 134, 10, 9, 0.00038522356771863997
0, 382, 319, 32, 25, 0.00036855624057352543
0, 364, 315, 56, 46, 0.0003582890785764903
0, 403, 240, 40, 49, 0.00034633136237971485
0, 548, 129, 13, 12, 0.00034428571234457195
0, 518, 197, 53, 59, 0.00031899884925223887
0, 360, 346, 43, 37, 0.00031407305505126715
0, 563, 214, 38, 29, 0.00030212366255000234
0, 290, 331, 40, 21, 0.00030121710733510554
0, 528, 191, 33, 37, 0.0002980132703669369
0, 346, 275, 21, 18, 0.00029616907704621553
0, 369, 241, 10, 9, 0.0002927921887021512
0, 522, 183, 107, 81, 0.0002900651306845248
0, 178, 423, 11, 17, 0.0002706721134018153
0, 388, 261, 96, 114, 0.0002683285274542868
0, 274, 391, 44, 33, 0.00025193774490617216
0, 509, 168, 52, 41, 0.0002508385805413127
0, 363, 252, 30, 21, 0.00024756311904639006
0, 345, 372, 17, 23, 0.0002468734164722264
0, 254, 444, 25, 31, 0.0002457853115629405
0, 220, 464, 44, 34, 0.00024545067572034895
0, 190, 451, 35, 27, 0.0002451690670568496
0, 353, 268, 18, 17, 0.000244414753979072
0, 180, 446, 12, 13, 0.0002439451782265678
0, 334, 280, 56, 43, 0.00024309652508236468
0, 269, 340, 71, 52, 0.00024198215396609157
0, 388, 248, 33, 29, 0.00023401017824653536
0, 284, 314, 16, 16, 0.00023263270850293338
0, 316, 331, 187, 128, 0.00023221186711452901
0, 383, 255, 15, 14, 0.00022812136739958078
0, 269, 428, 75, 83, 0.0002256425650557503
0, 193, 421, 22, 17, 0.00022560857178177685
0, 586, 162, 33, 29, 0.00022312853252515197
0, 340, 349, 41, 61, 0.00022290377819444984
0, 179, 451, 18, 22, 0.0002168794017052278
0, 360, 255, 18, 15, 0.0002145225298590958
0, 544, 187, 26, 26, 0.0002122893783962354
0, 229, 453, 89, 55, 0.0002094011433655396
0, 190, 411, 89, 49, 0.00020825248793698847
0, 191, 460, 48, 39, 0.00020756718004122376
0, 289, 316, 45, 28, 0.00020743937056977302
0, 481, 264, 61, 36, 0.00020637719717342407
0, 385, 261, 19, 18, 0.00020319822942838073
0, 385, 229, 75, 58, 0.00020313236746005714
0, 380, 346, 69, 41, 0.00020127362222410738
0, 545, 132, 21, 17, 0.00019208221056032926
0, 581, 183, 46, 42, 0.00018058950081467628
0, 205, 418, 49, 40, 0.00017692842811811715
0, 526, 237, 36, 39, 0.0001710229116724804
0, 449, 308, 51, 44, 0.00017019567894749343
0, 532, 148, 64, 44, 0.00017017361824400723
0, 476, 243, 55, 32, 0.0001697223196970299
0, 445, 198, 41, 40, 0.00016675148799549788
0, 367, 294, 152, 60, 0.0001664717128733173
0, 565, 187, 25, 23, 0.0001614356879144907
0, 422, 320, 84, 83, 0.00016032843268476427
0, 258, 330, 14, 19, 0.00015964865451678634
0, 11, 3, 22, 7, 0.00015678773343097419
0, 594, 174, 42, 28, 0.0001541842066217214
0, 175, 365, 74, 75, 0.00015298670041374862
0, 306, 398, 17, 15, 0.00015166742377914488
0, 485, 277, 51, 45, 0.00014974456280469894
0, 19, 2, 39, 5, 0.00013929403212387115
0, 157, 157, 314, 315, 0.00013814365956932306
0, 512, 250, 45, 45, 0.0001319883594987914
0, 571, 212, 28, 19, 0.00012848364713136107
0, 273, 321, 34, 20, 0.00012544477067422122
0, 291, 307, 68, 47, 0.00012402745778672397
0, 553, 158, 42, 27, 0.00012172688002465293
0, 348, 265, 24, 18, 0.00012148974201409146
0, 276, 317, 62, 39, 0.00011921463737962767
0, 420, 289, 44, 48, 0.0001187204834423028
0, 555, 182, 37, 34, 0.00011807121336460114
0, 313, 371, 74, 65, 0.00011576712131500244
0, 165, 426, 16, 20, 0.00011512653873069212
0, 398, 315, 62, 36, 0.0001130436357925646
0, 196, 444, 21, 16, 0.00011119864939246327
0, 318, 384, 43, 38, 0.00010986671986756846
0, 526, 164, 69, 54, 0.00010890646080952138
0, 712, 58, 106, 117, 0.00010879301407840103
0, 537, 235, 63, 47, 0.00010527616541367024
0, 312, 424, 8, 9, 0.00010486407700227574
0, 342, 362, 31, 46, 0.00010447292152093723
0, 502, 269, 9, 9, 0.00010305690375389531
0, 597, 185, 44, 39, 0.00010154555639019236
0, 306, 389, 21, 27, 9.955889981938526e-05
0, 552, 147, 48, 35, 9.859842975856736e-05
0, 219, 453, 24, 32, 9.838784899329767e-05
0, 303, 290, 72, 52, 9.833082731347531e-05
0, 274, 438, 52, 42, 9.704245894681662e-05
0, 204, 434, 22, 27, 9.414132364327088e-05
0, 499, 264, 40, 28, 9.409123595105484e-05
0, 314, 323, 106, 105, 9.043048339663073e-05
0, 529, 175, 38, 25, 8.977945253718644e-05
0, 334, 343, 54, 29, 8.85249100974761e-05
0, 256, 325, 28, 24, 8.704161155037582e-05
0, 139, 389, 81, 65, 8.682459156261757e-05
0, 195, 437, 38, 35, 8.628767682239413e-05
0, 556, 225, 68, 50, 8.494466601405293e-05
0, 291, 364, 8, 11, 8.365591202164069e-05
0, 606, 180, 19, 13, 8.279135363409296e-05
0, 445, 175, 62, 65, 8.15627136034891e-05
0, 504, 148, 48, 34, 8.120386337395757e-05
0, 332, 279, 344, 342, 8.050377800827846e-05
0, 356, 262, 53, 46, 7.649516192032024e-05
0, 332, 373, 50, 44, 7.613172783749178e-05
0, 173, 438, 48, 49, 7.541213562944904e-05
0, 147, 413, 23, 16, 7.461391214746982e-05
0, 597, 197, 53, 53, 7.442084461217746e-05
0, 431, 208, 54, 45, 7.357162394328043e-05
0, 295, 432, 48, 41, 6.897986895637587e-05
0, 352, 379, 31, 42, 6.68047578074038e-05
0, 752, 4, 26, 9, 6.611415301449597e-05
0, 409, 219, 59, 55, 6.500758172478527e-05
0, 352, 242, 73, 73, 6.459349970100448e-05
0, 494, 242, 41, 34, 6.426522304536775e-05
0, 180, 428, 13, 17, 6.336349906632677e-05
0, 494, 257, 36, 22, 6.333510827971622e-05
0, 265, 351, 25, 25, 6.150157423689961e-05
0, 299, 423, 35, 27, 5.996502295602113e-05
0, 365, 248, 39, 35, 5.9031408454757184e-05
0, 249, 330, 52, 47, 5.807476190966554e-05
0, 525, 247, 56, 57, 5.792609590571374e-05
0, 504, 139, 59, 58, 5.788412454421632e-05
0, 12, 644, 23, 7, 5.7746456150198355e-05
0, 591, 32, 6, 7, 5.704140494344756e-05
0, 538, 172, 27, 20, 5.654148480971344e-05
0, 530, 133, 21, 17, 5.6454202422173694e-05
0, 222, 340, 61, 58, 5.5774609791114926e-05
0, 693, 40, 64, 80, 5.177806451683864e-05
0, 609, 167, 45, 43, 5.153447273187339e-05
0, 155, 438, 73, 67, 5.0588914746185765e-05
0, 377, 208, 78, 50, 5.026657527196221e-05
0, 151, 395, 55, 41, 4.9683163524605334e-05
0, 583, 208, 50, 52, 4.9632726586423814e-05
0, 318, 382, 30, 19, 4.958797580911778e-05
0, 339, 265, 72, 65, 4.951067239744589e-05
0, 275, 64, 192, 129, 4.9164387746714056e-05
0, 315, 275, 69, 69, 4.906041067442857e-05
0, 527, 126, 65, 42, 4.897430699202232e-05
0, 651, 156, 79, 66, 4.896366226603277e-05
0, 158, 345, 315, 333, 4.838664608541876e-05
0, 421, 186, 69, 67, 4.6302400733111426e-05
0, 425, 161, 73, 70, 4.5238099119160324e-05
0, 625, 151, 47, 47, 4.4586115109268576e-05
0, 369, 238, 24, 25, 4.4417971366783604e-05
0, 175, 468, 65, 60, 4.4073334720451385e-05
0, 10, 51, 10, 10, 4.295592225389555e-05
0, 201, 621, 72, 53, 4.2906220187433064e-05
0, 540, 131, 40, 20, 4.2885927541647106e-05
0, 611, 187, 60, 54, 4.2516752728261054e-05
0, 600, 213, 66, 49, 4.225704469718039e-05
0, 336, 352, 48, 23, 4.159836680628359e-05
0, 245, 623, 67, 48, 4.157746661803685e-05
0, 753, 645, 23, 5, 3.9159884181572124e-05
0, 157, 419, 27, 23, 3.847980406135321e-05
0, 333, 375, 12, 18, 3.7796577089466155e-05
0, 480, 623, 65, 48, 3.766431109397672e-05
0, 467, 149, 69, 72, 3.746792208403349e-05
0, 324, 377, 24, 21, 3.7354609958129004e-05
