0, 732, 171, 213, 99, 0.43604299426078796
0, 346, 232, 23, 38, 0.43069347739219666
0, 596, 149, 44, 31, 0.4108521342277527
0, 158, 1020, 55, 75, 0.395792156457901
0, 98, 808, 29, 43, 0.3932499289512634
0, 413, 146, 54, 31, 0.375872939825058
0, 158, 688, 21, 42, 0.32822170853614807
0, 150, 912, 52, 26, 0.22730223834514618
0, 669, 170, 70, 53, 0.2232477217912674
0, 127, 733, 19, 19, 0.18972337245941162
0, 557, 208, 39, 23, 0.16714750230312347
0, 775, 146, 43, 38, 0.1476103812456131
0, 164, 654, 27, 21, 0.14100806415081024
0, 730, 149, 43, 42, 0.1395384818315506
0, 151, 847, 27, 35, 0.13461296260356903
0, 128, 1084, 31, 25, 0.13135571777820587
0, 240, 306, 31, 40, 0.12817564606666565
0, 790, 170, 77, 54, 0.1136067733168602
0, 152, 807, 31, 28, 0.10476672649383545
0, 275, 196, 25, 30, 0.0999264046549797
0, 158, 776, 25, 21, 0.08959145098924637
0, 159, 848, 46, 46, 0.07541747391223907
0, 719, 206, 40, 19, 0.07511988282203674
0, 124, 769, 24, 13, 0.07451722770929337
0, 119, 785, 23, 15, 0.07430364191532135
0, 212, 395, 28, 23, 0.07296612113714218
0, 784, 163, 108, 79, 0.07014515995979309
0, 136, 967, 27, 20, 0.06917943805456161
0, 152, 972, 40, 29, 0.06781303137540817
0, 209, 475, 24, 37, 0.0666927918791771
0, 129, 875, 17, 24, 0.06597892194986343
0, 202, 469, 37, 50, 0.06447579711675644
0, 128, 775, 33, 26, 0.06384862214326859
0, 162, 551, 52, 48, 0.061181314289569855
0, 102, 857, 21, 25, 0.06076755374670029
0, 530, 153, 36, 23, 0.06028132140636444
0, 395, 195, 25, 20, 0.05513311177492142
0, 150, 877, 23, 24, 0.05184128135442734
0, 162, 539, 30, 22, 0.04618947580456734
0, 192, 357, 26, 20, 0.04460024833679199
0, 132, 659, 24, 14, 0.043809108436107635
0, 148, 900, 68, 54, 0.04131901264190674
0, 140, 1111, 68, 88, 0.04036723077297211
0, 167, 885, 29, 23, 0.03992288559675217
0, 807, 174, 42, 37, 0.03985432907938957
0, 115, 841, 50, 66, 0.03950696811079979
0, 342, 188, 11, 10, 0.03714267536997795
0, 174, 883, 18, 17, 0.036318957805633545
0, 145, 944, 18, 13, 0.033383823931217194
0, 847, 155, 22, 14, 0.03248473256826401
0, 192, 365, 29, 38, 0.032002802938222885
0, 131, 830, 24, 26, 0.031380340456962585
0, 198, 449, 26, 30, 0.03109438717365265
0, 782, 181, 65, 33, 0.02894221618771553
0, 162, 562, 41, 27, 0.02845928817987442
0, 142, 860, 85, 133, 0.0273484755307436
0, 151, 1004, 40, 40, 0.027177901938557625
0, 168, 1012, 32, 44, 0.027112366631627083
0, 502, 200, 24, 24, 0.02681850828230381
0, 364, 189, 15, 12, 0.026535222306847572
0, 136, 820, 38, 36, 0.025782600045204163
0, 759, 199, 33, 26, 0.02564803697168827
0, 574, 134, 14, 16, 0.02551288716495037
0, 131, 1098, 47, 62, 0.025089222937822342
0, 168, 1107, 24, 31, 0.02441939152777195
0, 168, 1119, 22, 20, 0.02436108887195587
0, 127, 1139, 39, 41, 0.02390388399362564
0, 747, 202, 50, 24, 0.02298927679657936
0, 157, 935, 27, 26, 0.022610662505030632
0, 309, 250, 22, 30, 0.021705396473407745
0, 378, 164, 24, 20, 0.021079178899526596
0, 158, 1104, 42, 44, 0.02084806188941002
0, 174, 528, 22, 21, 0.020308081060647964
0, 218, 288, 15, 21, 0.019795311614871025
0, 137, 908, 50, 36, 0.019051996991038322
0, 160, 674, 24, 46, 0.018765021115541458
0, 137, 505, 20, 17, 0.018526507541537285
0, 906, 168, 29, 29, 0.018461663275957108
0, 230, 300, 41, 45, 0.018262622877955437
0, 128, 1149, 38, 22, 0.017400464043021202
0, 155, 994, 61, 80, 0.01702607423067093
0, 135, 944, 31, 23, 0.016922153532505035
0, 731, 181, 43, 25, 0.016824038699269295
0, 701, 156, 103, 63, 0.016135089099407196
0, 757, 182, 97, 65, 0.015358771197497845
0, 276, 176, 27, 17, 0.015335035510361195
0, 259, 226, 22, 18, 0.014843253418803215
0, 125, 873, 31, 38, 0.014645793475210667
0, 199, 509, 21, 24, 0.01440111268311739
0, 110, 494, 15, 16, 0.013420342467725277
0, 724, 186, 67, 57, 0.012383941560983658
0, 139, 431, 22, 23, 0.011775484308600426
0, 666, 199, 40, 22, 0.0109655587002635
0, 120, 938, 21, 27, 0.010782715864479542
0, 158, 824, 50, 63, 0.010708038695156574
0, 129, 682, 22, 29, 0.00995703786611557
0, 95, 753, 18, 18, 0.009712754748761654
0, 167, 837, 32, 37, 0.009405603632330894
0, 189, 460, 55, 55, 0.009205646812915802
0, 131, 666, 29, 29, 0.009101557545363903
0, 167, 438, 25, 24, 0.008962269872426987
0, 171, 363, 19, 28, 0.008876379579305649
0, 165, 463, 27, 27, 0.007917270064353943
0, 161, 433, 34, 26, 0.007879636250436306
0, 150, 1121, 61, 46, 0.007798521779477596
0, 104, 800, 33, 41, 0.007476733531802893
0, 178, 462, 91, 80, 0.007376546505838633
0, 115, 1047, 15, 16, 0.007206433918327093
0, 464, 195, 19, 17, 0.007017039693892002
0, 152, 619, 20, 19, 0.006556231528520584
0, 149, 1081, 65, 58, 0.006507833022624254
0, 147, 583, 24, 20, 0.00613776920363307
0, 672, 214, 46, 31, 0.005344115197658539
0, 121, 774, 62, 45, 0.005332860164344311
0, 145, 433, 36, 29, 0.005030809435993433
0, 711, 204, 42, 27, 0.004962120670825243
0, 307, 285, 19, 25, 0.00493949931114912
0, 663, 182, 69, 35, 0.004657729063183069
0, 141, 568, 25, 31, 0.004469610750675201
0, 203, 375, 58, 59, 0.004466976039111614
0, 151, 925, 65, 58, 0.004459858871996403
0, 171, 447, 31, 35, 0.004436485469341278
0, 247, 271, 16, 22, 0.004226202145218849
0, 164, 648, 35, 36, 0.004194508772343397
0, 128, 746, 30, 38, 0.00404695887118578
0, 128, 687, 32, 44, 0.0038545136339962482
0, 367, 162, 44, 23, 0.0036976018454879522
0, 152, 609, 22, 20, 0.0036964230239391327
0, 120, 703, 17, 15, 0.003687505843117833
0, 177, 483, 46, 51, 0.0036796536296606064
0, 190, 575, 19, 22, 0.0034906798973679543
0, 185, 610, 13, 19, 0.003303895005956292
0, 120, 559, 15, 19, 0.003278660587966442
0, 120, 864, 61, 66, 0.0031720297411084175
0, 308, 293, 13, 13, 0.0030737239867448807
0, 187, 512, 50, 44, 0.003009989857673645
0, 101, 830, 50, 89, 0.0029056642670184374
0, 154, 772, 41, 38, 0.0028678865637630224
0, 156, 795, 51, 56, 0.0028197220526635647
0, 134, 1063, 32, 46, 0.00278079928830266
0, 167, 488, 27, 30, 0.002685860265046358
0, 238, 286, 31, 49, 0.002624976448714733
0, 572, 232, 15, 11, 0.0026052994653582573
0, 159, 466, 47, 31, 0.0025513831060379744
0, 160, 510, 39, 36, 0.0025456969160586596
0, 152, 451, 47, 50, 0.0025104936212301254
0, 157, 631, 28, 30, 0.0024744963739067316
0, 151, 751, 19, 25, 0.0024533502291888
0, 826, 166, 68, 40, 0.0021536783315241337
0, 121, 498, 33, 26, 0.002133797388523817
0, 206, 391, 41, 33, 0.0019468136597424746
0, 153, 536, 55, 49, 0.0018387616146355867
0, 196, 519, 25, 31, 0.0017791847931221128
0, 119, 1051, 23, 25, 0.0016340448055416346
0, 142, 575, 35, 38, 0.0015749458689242601
0, 159, 493, 67, 51, 0.0015151513507589698
0, 132, 826, 86, 116, 0.0014412695309147239
0, 179, 542, 50, 35, 0.001410062424838543
0, 139, 556, 54, 48, 0.0013887811219319701
0, 157, 568, 50, 54, 0.0013867075322195888
0, 591, 140, 57, 50, 0.0013808740768581629
0, 166, 683, 38, 61, 0.0013415304711088538
0, 138, 683, 44, 46, 0.0013255620142444968
0, 155, 608, 31, 32, 0.0013251410564407706
0, 131, 565, 38, 41, 0.001306459424085915
0, 785, 142, 69, 52, 0.0012136891018599272
0, 243, 300, 44, 61, 0.00111112289596349
0, 185, 580, 29, 33, 0.0010843301424756646
0, 759, 201, 58, 42, 0.0010815272107720375
0, 145, 767, 53, 55, 0.0010070729767903686
0, 86, 808, 54, 52, 0.0009790242183953524
0, 892, 201, 16, 12, 0.0009661875665187836
0, 138, 529, 79, 94, 0.0009504922782070935
0, 143, 955, 60, 70, 0.000933800358325243
0, 697, 214, 92, 44, 0.0009148669196292758
0, 579, 132, 28, 26, 0.0009058417635969818
0, 683, 226, 63, 19, 0.0008097323589026928
0, 158, 1055, 54, 91, 0.0007706151809543371
0, 558, 231, 44, 14, 0.0007682695868425071
0, 349, 248, 30, 91, 0.000736285001039505
0, 197, 493, 42, 68, 0.0007123720133677125
0, 224, 362, 18, 19, 0.0007001527701504529
0, 90, 796, 53, 107, 0.0006936308927834034
0, 115, 901, 48, 26, 0.0006520756287500262
0, 736, 145, 72, 59, 0.0006436248659156263
0, 776, 1139, 15, 10, 0.0006013448582962155
0, 722, 216, 59, 41, 0.0005725356750190258
0, 96, 861, 193, 194, 0.0005716673331335187
0, 205, 315, 23, 25, 0.0005491988267749548
0, 328, 243, 63, 82, 0.0005348702543415129
0, 148, 618, 37, 29, 0.0005262871854938567
0, 391, 203, 36, 38, 0.0005247228546068072
0, 472, 139, 12, 13, 0.000470601866254583
0, 198, 441, 35, 42, 0.00045625068014487624
0, 321, 143, 255, 251, 0.00043852769886143506
0, 209, 303, 30, 36, 0.000434498128015548
0, 645, 133, 15, 12, 0.00042228118400089443
0, 249, 316, 31, 40, 0.0004126371641177684
0, 783, 209, 54, 35, 0.0004091865848749876
0, 518, 163, 67, 47, 0.00040535195148549974
0, 309, 267, 32, 62, 0.0003981335903517902
0, 360, 229, 49, 51, 0.0003958643355872482
0, 114, 771, 73, 79, 0.0003860254946630448
0, 149, 597, 43, 67, 0.00037469828384928405
0, 104, 853, 46, 39, 0.00036382413236424327
0, 845, 142, 32, 28, 0.0003597272152546793
0, 322, 240, 48, 38, 0.0003490663366392255
0, 147, 639, 45, 42, 0.0003449600772000849
0, 542, 148, 59, 40, 0.0003407062904443592
0, 397, 154, 101, 56, 0.0003277370415162295
0, 221, 317, 36, 34, 0.00032639873097650707
0, 659, 201, 67, 47, 0.00030922683072276413
0, 127, 903, 68, 52, 0.00029682801687158644
0, 265, 191, 55, 55, 0.00025831948732957244
0, 845, 160, 32, 23, 0.00025529833510518074
0, 681, 143, 83, 64, 0.00025397641002200544
0, 262, 219, 36, 33, 0.00024727341951802373
0, 316, 261, 34, 40, 0.0002456349029671401
0, 761, 1089, 9, 9, 0.00024350456078536808
0, 810, 966, 12, 14, 0.0002405761188128963
0, 266, 206, 39, 55, 0.00023836345644667745
0, 156, 706, 33, 92, 0.0002258459571748972
0, 99, 758, 198, 412, 0.00022579150390811265
0, 381, 221, 53, 60, 0.0002223001793026924
0, 884, 124, 18, 12, 0.00022166900453157723
0, 519, 203, 62, 34, 0.00021437142277136445
0, 150, 1098, 94, 136, 0.0002076014206977561
0, 273, 265, 17, 15, 0.00020749357645399868
0, 741, 233, 15, 9, 0.00020288788073230535
0, 583, 213, 93, 51, 0.00019775326654780656
0, 370, 218, 86, 76, 0.0001948562276083976
0, 258, 280, 40, 50, 0.0001944117684615776
0, 166, 570, 66, 91, 0.00019418408919591457
0, 825, 797, 12, 15, 0.0001930892321979627
0, 959, 103, 11, 11, 0.00019170694577042013
0, 173, 417, 35, 33, 0.00018895541143137962
0, 127, 731, 25, 36, 0.00017241579189430922
0, 412, 137, 64, 54, 0.00017221109010279179
0, 604, 162, 83, 75, 0.0001713841629680246
0, 473, 175, 12, 15, 0.00016642585978843272
0, 232, 311, 55, 82, 0.00016340409638360143
0, 121, 955, 108, 81, 0.0001629357720958069
0, 98, 746, 26, 31, 0.00016169976152013987
0, 178, 386, 49, 56, 0.00015923968749120831
0, 631, 6, 123, 13, 0.00015690125292167068
0, 163, 203, 326, 406, 0.00015573254495393485
0, 942, 135, 10, 10, 0.00015070976223796606
0, 487, 195, 47, 31, 0.00015001224528532475
0, 478, 181, 26, 19, 0.00014543801080435514
0, 407, 187, 63, 41, 0.00014535302761942148
0, 103, 1007, 207, 477, 0.00014202093007043004
0, 575, 232, 91, 69, 0.00013766027404926717
0, 154, 486, 89, 112, 0.00013722242147196084
0, 368, 240, 68, 57, 0.00013256679812911898
0, 143, 738, 59, 70, 0.0001298740680795163
0, 413, 6, 92, 12, 0.00012807900202460587
0, 198, 349, 57, 62, 0.00012735232303384691
0, 123, 1084, 60, 45, 0.00012730776506941766
0, 903, 181, 42, 52, 0.00012405714369378984
0, 254, 342, 26, 23, 0.00012402852007653564
0, 697, 1137, 16, 16, 0.00012396692181937397
0, 164, 422, 38, 36, 0.00012235155736561865
0, 804, 438, 97, 125, 0.00012113957927795127
0, 545, 167, 63, 45, 0.000117827374197077
0, 201, 324, 43, 46, 0.00011767882097046822
0, 48, 6, 84, 13, 0.00011664239718811586
0, 360, 195, 14, 19, 0.000115724622446578
0, 843, 170, 36, 42, 0.00011497820378281176
0, 104, 1093, 112, 82, 0.0001124628252000548
0, 120, 937, 50, 46, 0.00011202538735233247
0, 695, 6, 121, 13, 0.0001110589801101014
0, 168, 1011, 89, 114, 0.00011079305841121823
0, 484, 170, 33, 28, 0.00010866102820727974
0, 586, 6, 116, 13, 0.00010800299787661061
0, 939, 1285, 55, 11, 0.00010661109263310209
0, 663, 133, 73, 51, 0.00010534696775721386
0, 214, 118, 209, 196, 0.00010529253631830215
0, 208, 328, 87, 123, 0.00010134357580682263
0, 813, 136, 102, 110, 0.00010123307583853602
0, 875, 1284, 60, 12, 0.00010090549039887264
0, 379, 172, 88, 111, 9.817445243243128e-05
0, 817, 189, 70, 77, 9.713318286230788e-05
0, 28, 6, 56, 12, 9.588436660123989e-05
0, 78, 6, 89, 13, 9.509155643172562e-05
0, 142, 473, 30, 27, 9.450352081330493e-05
0, 745, 6, 120, 13, 9.352579218102619e-05
0, 693, 237, 95, 50, 9.302662510890514e-05
0, 65, 823, 103, 88, 9.167984535451978e-05
0, 651, 189, 94, 75, 8.902063564164564e-05
0, 643, 128, 27, 20, 8.81762825883925e-05
0, 126, 717, 28, 42, 8.75585901667364e-05
0, 467, 144, 21, 22, 8.697341399965808e-05
0, 0, 32, 1, 64, 8.679999882588163e-05
0, 502, 6, 118, 13, 8.570011414121836e-05
0, 842, 7, 132, 13, 8.455722854705527e-05
0, 684, 907, 10, 12, 8.400918159168214e-05
0, 597, 120, 78, 98, 8.274794527096674e-05
0, 58, 819, 117, 171, 8.201217860914767e-05
0, 392, 220, 50, 39, 8.193604298867285e-05
0, 454, 164, 24, 26, 8.008556324057281e-05
