0, 621, 1163, 91, 107, 0.6958797574043274
0, 1321, 487, 356, 300, 0.6272140145301819
0, 500, 995, 74, 45, 0.16570892930030823
0, 1498, 1308, 80, 80, 0.16045749187469482
0, 182, 915, 61, 40, 0.1548364907503128
0, 1702, 667, 95, 77, 0.14247247576713562
0, 1757, 367, 84, 73, 0.10023956000804901
0, 1592, 655, 70, 57, 0.09005461633205414
0, 421, 540, 90, 82, 0.07293982803821564
0, 564, 1094, 31, 49, 0.0670166090130806
0, 1291, 759, 44, 26, 0.036100417375564575
0, 1560, 893, 62, 32, 0.03241122141480446
0, 263, 1062, 25, 24, 0.029937734827399254
0, 376, 1078, 35, 30, 0.028988942503929138
0, 221, 1057, 44, 34, 0.02873861975967884
0, 234, 1137, 25, 23, 0.027689483016729355
0, 1193, 610, 57, 37, 0.026154009625315666
0, 1407, 401, 67, 52, 0.024798251688480377
0, 1685, 775, 36, 31, 0.024082129821181297
0, 1659, 730, 28, 30, 0.022999700158834457
0, 1518, 952, 52, 32, 0.022872041910886765
0, 1340, 545, 60, 64, 0.022448210045695305
0, 738, 567, 28, 61, 0.021999221295118332
0, 397, 1112, 77, 46, 0.02185622602701187
0, 1296, 979, 67, 100, 0.020954515784978867
0, 1333, 436, 60, 69, 0.02063119411468506
0, 329, 1050, 41, 38, 0.020439354702830315
0, 544, 952, 38, 31, 0.01955975778400898
0, 236, 945, 45, 32, 0.01916523464024067
0, 1133, 438, 103, 102, 0.017128998413681984
0, 1125, 499, 82, 94, 0.01606673374772072
0, 1417, 539, 77, 81, 0.0154883349314332
0, 1284, 846, 24, 21, 0.015395736321806908
0, 399, 1033, 91, 40, 0.014983552508056164
0, 905, 1095, 42, 52, 0.014643056318163872
0, 283, 1189, 47, 33, 0.014611254446208477
0, 792, 461, 25, 30, 0.013844039291143417
0, 1350, 441, 104, 110, 0.013724901713430882
0, 1679, 206, 40, 33, 0.013140413910150528
0, 246, 888, 43, 54, 0.013021213002502918
0, 1111, 462, 56, 44, 0.012383569031953812
0, 916, 217, 37, 40, 0.011834760196506977
0, 1119, 474, 74, 76, 0.011635422706604004
0, 1317, 556, 92, 82, 0.01141050923615694
0, 1357, 497, 152, 171, 0.011274022981524467
0, 707, 497, 30, 49, 0.011174795217812061
0, 160, 1062, 54, 51, 0.011169801466166973
0, 1427, 523, 39, 44, 0.01100636925548315
0, 1237, 478, 131, 118, 0.010533071123063564
0, 1700, 1334, 41, 29, 0.010319598019123077
0, 1415, 506, 112, 156, 0.010245545767247677
0, 377, 1037, 139, 56, 0.00925486534833908
0, 1251, 514, 169, 184, 0.008963985368609428
0, 682, 624, 41, 50, 0.00869324803352356
0, 1491, 992, 30, 22, 0.008657501079142094
0, 1327, 854, 32, 26, 0.008395437151193619
0, 1255, 490, 89, 64, 0.00806374941021204
0, 1292, 565, 48, 59, 0.007458850275725126
0, 1157, 421, 32, 37, 0.007234147284179926
0, 1165, 477, 172, 185, 0.006811591796576977
0, 1223, 409, 99, 107, 0.006593234371393919
0, 1421, 462, 150, 187, 0.006438099313527346
0, 727, 1070, 36, 55, 0.006410760339349508
0, 816, 485, 30, 23, 0.0063462513498961926
0, 1299, 519, 152, 157, 0.0062838164158165455
0, 1133, 520, 58, 43, 0.005903326906263828
0, 1266, 511, 90, 85, 0.005867190193384886
0, 1372, 409, 146, 97, 0.005716570653021336
0, 449, 147, 47, 67, 0.005641116760671139
0, 1237, 417, 54, 34, 0.0055862474255263805
0, 1427, 415, 65, 75, 0.005525490269064903
0, 374, 1072, 136, 128, 0.0053118448704481125
0, 1313, 428, 106, 99, 0.0052392445504665375
0, 1395, 536, 108, 100, 0.005183778237551451
0, 1473, 476, 32, 33, 0.0051619368605315685
0, 1384, 463, 56, 54, 0.00509005319327116
0, 1341, 976, 31, 21, 0.005082457326352596
0, 1316, 797, 39, 19, 0.004986760672181845
0, 949, 235, 23, 18, 0.004971417132765055
0, 1203, 478, 251, 264, 0.004868064075708389
0, 1222, 463, 70, 59, 0.00463923579081893
0, 1400, 554, 47, 50, 0.00461170356720686
0, 1685, 197, 54, 54, 0.004539388231933117
0, 414, 1035, 58, 30, 0.004439502488821745
0, 1604, 831, 39, 40, 0.004340034443885088
0, 455, 104, 130, 163, 0.0043101548217237
0, 1286, 573, 80, 93, 0.0042780134826898575
0, 1215, 399, 73, 66, 0.0039789858274161816
0, 1448, 512, 97, 131, 0.003933293744921684
0, 1745, 690, 51, 25, 0.003921061288565397
0, 199, 1113, 28, 35, 0.0037754045333713293
0, 1777, 1203, 45, 35, 0.003740424057468772
0, 299, 378, 33, 33, 0.0035732327960431576
0, 1286, 456, 169, 148, 0.0035007211845368147
0, 1220, 436, 87, 83, 0.0034492218401283026
0, 1746, 539, 33, 31, 0.0034242754336446524
0, 888, 233, 26, 33, 0.0033238790929317474
0, 1331, 415, 63, 62, 0.003233623458072543
0, 1721, 181, 34, 25, 0.003222354222089052
0, 1160, 544, 66, 55, 0.0031607162673026323
0, 396, 560, 61, 38, 0.003137358231469989
0, 356, 1074, 86, 77, 0.002956738695502281
0, 1223, 559, 95, 72, 0.0026246255729347467
0, 208, 914, 114, 81, 0.002474748296663165
0, 770, 1057, 21, 27, 0.002463947981595993
0, 1340, 898, 17, 23, 0.0024461010470986366
0, 1280, 538, 88, 123, 0.002432486042380333
0, 950, 209, 23, 25, 0.002427356317639351
0, 1518, 1218, 17, 29, 0.0022800147999078035
0, 1210, 501, 115, 156, 0.002200409537181258
0, 802, 476, 61, 66, 0.002145731821656227
0, 1176, 580, 128, 112, 0.0020693570841103792
0, 1184, 426, 70, 66, 0.002056272467598319
0, 1189, 548, 56, 46, 0.002051629824563861
0, 796, 1211, 30, 23, 0.002029407536610961
0, 1783, 1188, 32, 26, 0.0020177336409687996
0, 1459, 494, 62, 89, 0.0019836409483104944
0, 415, 118, 49, 37, 0.001956632360816002
0, 560, 285, 50, 30, 0.0019494921434670687
0, 1270, 448, 90, 72, 0.001947195385582745
0, 1687, 1331, 72, 34, 0.0019327565096318722
0, 248, 1061, 58, 36, 0.0018578104209154844
0, 837, 1094, 28, 26, 0.0018342493567615747
0, 1173, 849, 24, 17, 0.0018294522305950522
0, 1460, 469, 52, 57, 0.0017831764416769147
0, 1772, 773, 18, 19, 0.0017810590798035264
0, 187, 931, 72, 73, 0.0017321734922006726
0, 1201, 442, 128, 128, 0.0017212547827512026
0, 881, 1190, 33, 60, 0.001703437534160912
0, 1355, 996, 18, 17, 0.0016710581257939339
0, 1222, 382, 58, 51, 0.00165406649466604
0, 926, 219, 62, 62, 0.001589735853485763
0, 480, 72, 53, 87, 0.0015627489192411304
0, 1708, 737, 23, 20, 0.0015558323357254267
0, 1731, 648, 30, 28, 0.0015010620700195432
0, 291, 1044, 27, 28, 0.0014811010332778096
0, 1254, 575, 54, 68, 0.001465636771172285
0, 1181, 604, 95, 56, 0.0014511841582134366
0, 810, 479, 47, 41, 0.0013702575815841556
0, 434, 524, 33, 59, 0.0013569837901741266
0, 1700, 194, 89, 69, 0.0013041743077337742
0, 1639, 1330, 164, 37, 0.0013035304145887494
0, 950, 254, 28, 40, 0.0012953158002346754
0, 641, 955, 19, 14, 0.0012897697743028402
0, 670, 588, 19, 24, 0.0012878075940534472
0, 1723, 356, 21, 32, 0.0012802283745259047
0, 683, 968, 35, 28, 0.001252069603651762
0, 1755, 396, 90, 151, 0.001221857382915914
0, 1345, 438, 257, 169, 0.0010856868466362357
0, 882, 1266, 23, 20, 0.001072224578820169
0, 1723, 1330, 142, 37, 0.001058747060596943
0, 907, 222, 63, 58, 0.0010436255251988769
0, 333, 1095, 42, 23, 0.0010221257107332349
0, 1774, 1180, 51, 116, 0.0009859772399067879
0, 740, 590, 34, 115, 0.0009329399326816201
0, 1144, 526, 118, 138, 0.0009056795388460159
0, 552, 952, 58, 41, 0.0008423845865763724
0, 730, 1087, 43, 94, 0.0008316945750266314
0, 800, 386, 27, 29, 0.0008259639726020396
0, 489, 47, 32, 35, 0.0008175674010999501
0, 1478, 472, 48, 48, 0.0007874336442910135
0, 1407, 1305, 265, 87, 0.0007865835796110332
0, 1769, 1085, 20, 42, 0.0007508618873544037
0, 431, 138, 85, 91, 0.0007402484188787639
0, 1281, 1248, 24, 33, 0.0007262338185682893
0, 1187, 924, 29, 22, 0.0006992511334829032
0, 1769, 62, 18, 16, 0.000670690496917814
0, 271, 1056, 47, 39, 0.0006631058058701456
0, 1764, 1082, 16, 34, 0.0006623485824093223
0, 1220, 1018, 33, 72, 0.0006622188375331461
0, 172, 951, 43, 36, 0.0006510125240311027
0, 1753, 352, 94, 335, 0.0006219204515218735
0, 1151, 568, 55, 64, 0.0006215726025402546
0, 1546, 607, 34, 42, 0.000620666891336441
0, 816, 492, 43, 41, 0.0006088736117817461
0, 782, 475, 34, 39, 0.0006010763463564217
0, 1685, 697, 90, 125, 0.0005821266095153987
0, 1529, 1303, 150, 91, 0.0005815039039589465
0, 1499, 1036, 33, 29, 0.0005723853828385472
0, 1165, 413, 60, 62, 0.0005692447302863002
0, 1278, 599, 61, 57, 0.0005447259754873812
0, 1618, 502, 21, 27, 0.0005414627376012504
0, 947, 193, 30, 37, 0.0005219294689595699
0, 1227, 589, 102, 75, 0.0005201472667977214
0, 940, 226, 72, 92, 0.0005186822963878512
0, 1270, 921, 23, 24, 0.0005078340182080865
0, 1659, 7, 31, 15, 0.0004932073643431067
0, 1445, 451, 93, 109, 0.0004921295330859721
0, 778, 401, 24, 27, 0.000469783233711496
0, 1560, 613, 36, 37, 0.00046270148595795035
0, 1285, 747, 61, 53, 0.00045983665040694177
0, 1345, 983, 39, 33, 0.0004378099401947111
0, 1145, 413, 61, 68, 0.0004339926817920059
0, 1156, 589, 68, 49, 0.0004335070843808353
0, 1499, 986, 44, 36, 0.0004332612734287977
0, 616, 15, 99, 30, 0.000427216844400391
0, 1165, 594, 712, 643, 0.00042168464278802276
0, 1390, 564, 60, 99, 0.00041699266876094043
0, 1724, 578, 141, 427, 0.00039548054337501526
0, 1207, 849, 24, 21, 0.00037350066122598946
0, 1503, 775, 214, 285, 0.00037173027521930635
0, 1236, 384, 102, 73, 0.0003632420557551086
0, 1052, 680, 21, 16, 0.0003567148232832551
0, 1783, 1086, 28, 44, 0.0003253427566960454
0, 1270, 604, 93, 101, 0.0003203071537427604
0, 806, 379, 40, 34, 0.00031076898449100554
0, 458, 133, 71, 99, 0.00029168216860853136
0, 1277, 961, 37, 105, 0.0002891013282351196
0, 1175, 427, 200, 165, 0.00028549996204674244
0, 1675, 720, 56, 54, 0.00028547545662149787
0, 1347, 558, 49, 107, 0.00028426252538338304
0, 916, 213, 104, 88, 0.00027907732874155045
0, 337, 1038, 123, 76, 0.000276384933385998
0, 1565, 1338, 253, 20, 0.00026984448777511716
0, 234, 1130, 30, 43, 0.0002577846171334386
0, 1340, 398, 124, 81, 0.0002553165832068771
0, 1166, 795, 26, 19, 0.00025054291472770274
0, 680, 1068, 26, 26, 0.0002469209721311927
0, 1355, 1286, 392, 124, 0.00024558434961363673
0, 1769, 462, 44, 19, 0.0002415144699625671
0, 518, 984, 113, 82, 0.00024058115377556533
0, 703, 500, 47, 76, 0.00023961419356055558
0, 1675, 754, 65, 72, 0.00023579518892802298
0, 217, 1123, 52, 52, 0.00022951349092181772
0, 1547, 1270, 23, 23, 0.00022949358390178531
0, 1547, 825, 25, 22, 0.0002207376528531313
0, 937, 679, 16, 20, 0.00021938701684121042
0, 1626, 1327, 335, 43, 0.0002156418195227161
0, 313, 1117, 166, 148, 0.00021436487440951169
0, 169, 1087, 75, 102, 0.0002131639776052907
0, 1720, 717, 149, 387, 0.0002128792111761868
0, 1558, 905, 68, 61, 0.0002049965551123023
0, 1179, 794, 28, 20, 0.00020418738131411374
0, 1759, 419, 81, 75, 0.0002014775382122025
0, 1290, 774, 50, 44, 0.00019686490122694522
0, 619, 14, 39, 27, 0.00019607007561717182
0, 644, 940, 17, 19, 0.00019412263645790517
0, 1503, 974, 71, 72, 0.0001915748289320618
0, 1660, 734, 40, 45, 0.00018997573351953179
0, 633, 1147, 64, 68, 0.00018896584515459836
0, 1748, 296, 102, 593, 0.00018443867156747729
0, 230, 1075, 73, 79, 0.00016019151371438056
0, 593, 1141, 126, 151, 0.0001597520604263991
0, 1715, 416, 22, 30, 0.00015973072731867433
0, 894, 236, 44, 51, 0.00015859719133004546
0, 739, 1144, 39, 42, 0.00015365335275419056
0, 497, 122, 36, 41, 0.00015281043306458741
0, 791, 395, 63, 58, 0.00015276542399078608
0, 1215, 361, 68, 56, 0.00015124515630304813
0, 251, 867, 53, 85, 0.00014638298307545483
0, 1778, 1221, 45, 157, 0.00014610854850616306
0, 1595, 643, 92, 93, 0.00014464416017290205
0, 235, 890, 69, 77, 0.00014275954163167626
0, 1675, 681, 208, 236, 0.00014183011080604047
0, 746, 1068, 79, 78, 0.00013861220213584602
0, 1342, 162, 21, 29, 0.0001350501988781616
0, 738, 539, 39, 121, 0.0001341439492534846
0, 1781, 1109, 36, 122, 0.00012953506666235626
0, 1729, 673, 100, 74, 0.000129103718791157
0, 1167, 821, 35, 25, 0.0001289155043195933
0, 592, 17, 197, 32, 0.00012773956404998899
0, 341, 1169, 683, 359, 0.00012667698320001364
0, 1110, 1224, 29, 24, 0.000122516299597919
0, 1187, 622, 79, 65, 0.00012211041757836938
0, 1257, 732, 39, 23, 0.00012180572230136022
0, 1026, 1115, 30, 50, 0.00012170192349003628
0, 1221, 660, 21, 19, 0.00011960700794588774
0, 1353, 593, 107, 76, 0.00011784928938141093
0, 278, 1039, 170, 110, 0.00011589015775825828
0, 235, 865, 87, 113, 0.0001153316770796664
0, 994, 1056, 38, 71, 0.0001127542564063333
0, 1180, 384, 99, 71, 0.00011244546476518735
0, 357, 1101, 90, 51, 0.00011237707076361403
0, 1455, 898, 419, 590, 0.00010375869169365615
0, 1722, 1049, 154, 599, 0.00010372436372563243
0, 340, 1140, 334, 301, 0.00010275212116539478
0, 1488, 1256, 412, 185, 0.00010244805162074044
0, 398, 1062, 96, 93, 0.00010243270662613213
0, 661, 491, 27, 35, 0.00010229673353023827
0, 866, 192, 223, 168, 0.00010060438216896728
0, 1558, 601, 50, 57, 0.00010055230814032257
0, 174, 1114, 63, 36, 0.00010039153858087957
0, 792, 461, 50, 52, 9.942350880010054e-05
0, 573, 1107, 54, 79, 9.822913852985948e-05
0, 1029, 1135, 39, 63, 9.810876508709043e-05
0, 305, 1062, 252, 136, 9.788793249754235e-05
0, 1782, 11, 34, 22, 9.621795470593497e-05
0, 135, 921, 100, 80, 9.347916056867689e-05
0, 994, 1021, 30, 30, 9.260197839466855e-05
0, 1772, 572, 57, 138, 9.257318743038923e-05
0, 1573, 415, 436, 353, 9.19243466341868e-05
0, 1690, 1260, 221, 176, 9.104551281780005e-05
0, 283, 819, 41, 30, 9.082889300771058e-05
0, 1736, 1341, 123, 15, 9.05363485799171e-05
0, 866, 85, 161, 143, 8.963495929492638e-05
0, 1672, 8, 62, 16, 8.846152923069894e-05
0, 812, 482, 98, 106, 8.755841554375365e-05
0, 315, 158, 516, 308, 8.728922693990171e-05
0, 1201, 1021, 77, 91, 8.583768794778734e-05
0, 1514, 960, 65, 50, 8.516618254361674e-05
