0, 1003, 599, 89, 51, 0.5152550339698792
0, 846, 194, 86, 74, 0.433281809091568
0, 1234, 580, 58, 43, 0.30424922704696655
0, 1202, 342, 34, 32, 0.2725101411342621
0, 1220, 635, 44, 30, 0.2295372039079666
0, 910, 461, 54, 50, 0.2079315483570099
0, 339, 283, 19, 24, 0.19744473695755005
0, 379, 240, 47, 33, 0.17059119045734406
0, 502, 235, 44, 31, 0.16676953434944153
0, 1125, 369, 29, 26, 0.15264064073562622
0, 729, 533, 63, 41, 0.15042047202587128
0, 1355, 641, 30, 26, 0.1441892385482788
0, 1240, 667, 57, 35, 0.13225138187408447
0, 781, 226, 36, 43, 0.13124459981918335
0, 1509, 594, 23, 27, 0.12661123275756836
0, 794, 531, 35, 24, 0.11909288913011551
0, 1183, 339, 63, 35, 0.11627472937107086
0, 1559, 600, 22, 18, 0.10884230583906174
0, 1532, 626, 29, 22, 0.108823761343956
0, 294, 280, 19, 18, 0.10297449678182602
0, 1429, 617, 39, 35, 0.10266478359699249
0, 1284, 633, 55, 31, 0.09744375199079514
0, 1176, 564, 43, 24, 0.0912334993481636
0, 1157, 386, 37, 25, 0.0893087089061737
0, 1248, 339, 32, 31, 0.08009004592895508
0, 1248, 667, 82, 49, 0.07842183113098145
0, 239, 303, 28, 33, 0.07400353997945786
0, 746, 478, 25, 23, 0.07394710928201675
0, 906, 504, 32, 21, 0.07263214141130447
0, 432, 238, 21, 23, 0.07204188406467438
0, 243, 291, 31, 22, 0.0719861313700676
0, 623, 211, 18, 26, 0.07053348422050476
0, 1165, 330, 26, 17, 0.06501361727714539
0, 128, 352, 22, 26, 0.06399066001176834
0, 233, 369, 13, 17, 0.062058430165052414
0, 1230, 311, 25, 20, 0.05827641114592552
0, 1120, 404, 33, 22, 0.056406132876873016
0, 1235, 648, 77, 63, 0.052615247666835785
0, 1206, 577, 116, 53, 0.04822326824069023
0, 831, 505, 24, 16, 0.047340456396341324
0, 184, 322, 39, 40, 0.046793948858976364
0, 1150, 691, 29, 25, 0.04491717740893364
0, 1435, 626, 30, 27, 0.04476350545883179
0, 1407, 642, 25, 20, 0.04121630638837814
0, 1546, 624, 50, 24, 0.04029799997806549
0, 1636, 605, 30, 28, 0.03891714662313461
0, 1479, 597, 24, 34, 0.038493212312459946
0, 434, 249, 26, 53, 0.03844047710299492
0, 192, 313, 28, 32, 0.03821316733956337
0, 1258, 651, 98, 83, 0.037249766290187836
0, 430, 226, 26, 36, 0.034955523908138275
0, 1424, 631, 51, 28, 0.03334135562181473
0, 987, 426, 24, 25, 0.03299146145582199
0, 1167, 348, 38, 30, 0.03265520557761192
0, 1104, 589, 23, 24, 0.03149597719311714
0, 560, 546, 31, 33, 0.03141286224126816
0, 1189, 307, 24, 17, 0.031038368120789528
0, 1071, 711, 28, 18, 0.030257944017648697
0, 1019, 731, 19, 20, 0.029157288372516632
0, 542, 194, 15, 15, 0.02827621065080166
0, 324, 257, 17, 21, 0.027770673856139183
0, 577, 222, 21, 26, 0.02747710980474949
0, 179, 331, 39, 26, 0.027401506900787354
0, 588, 506, 19, 20, 0.026937726885080338
0, 329, 255, 18, 19, 0.02601504698395729
0, 791, 219, 59, 58, 0.025371698662638664
0, 772, 183, 24, 25, 0.024243561550974846
0, 342, 245, 19, 27, 0.022825928404927254
0, 1278, 675, 29, 31, 0.022007480263710022
0, 1079, 358, 32, 19, 0.021536650136113167
0, 1369, 611, 16, 16, 0.020823834463953972
0, 186, 379, 25, 18, 0.020451946184039116
0, 1136, 378, 53, 41, 0.01933209039270878
0, 646, 184, 19, 21, 0.019138509407639503
0, 648, 196, 16, 17, 0.0186303798109293
0, 1624, 640, 21, 19, 0.01754554733633995
0, 934, 565, 34, 21, 0.017234254628419876
0, 1060, 410, 31, 18, 0.017082251608371735
0, 906, 744, 50, 33, 0.016208497807383537
0, 736, 146, 33, 19, 0.015684431418776512
0, 940, 186, 37, 22, 0.015435433015227318
0, 601, 505, 41, 25, 0.015292712487280369
0, 1143, 566, 32, 19, 0.012887335382401943
0, 994, 425, 40, 32, 0.01225700881332159
0, 1633, 621, 40, 58, 0.011348545551300049
0, 1155, 670, 22, 30, 0.01116176787763834
0, 774, 207, 33, 76, 0.011071565560996532
0, 872, 484, 20, 21, 0.01106000691652298
0, 905, 236, 27, 20, 0.010782135650515556
0, 1177, 523, 16, 13, 0.010576609522104263
0, 769, 192, 30, 50, 0.009307879954576492
0, 1095, 547, 23, 18, 0.009075859561562538
0, 1247, 530, 38, 21, 0.00881044752895832
0, 1018, 409, 24, 21, 0.007775811478495598
0, 1177, 323, 55, 49, 0.007281073834747076
0, 701, 174, 24, 19, 0.007108147256076336
0, 1071, 687, 26, 17, 0.006718520075082779
0, 1129, 548, 20, 12, 0.006527513265609741
0, 333, 267, 33, 54, 0.006101551465690136
0, 252, 330, 15, 12, 0.006033685524016619
0, 981, 168, 25, 28, 0.00587288336828351
0, 894, 217, 53, 59, 0.0058705732226371765
0, 1081, 711, 53, 23, 0.005797929130494595
0, 1235, 629, 81, 46, 0.005752348341047764
0, 738, 242, 26, 25, 0.005720243789255619
0, 813, 523, 74, 55, 0.005543278530240059
0, 1075, 577, 21, 25, 0.005261728074401617
0, 1175, 651, 20, 23, 0.005234591197222471
0, 833, 514, 31, 30, 0.005171973258256912
0, 927, 187, 53, 27, 0.005041583441197872
0, 1106, 584, 42, 43, 0.005002194549888372
0, 913, 499, 53, 30, 0.0045974780805408955
0, 563, 545, 53, 40, 0.004483676515519619
0, 819, 196, 40, 76, 0.004141682293266058
0, 93, 424, 18, 24, 0.004092648159712553
0, 1102, 547, 40, 22, 0.0038923798128962517
0, 994, 167, 23, 25, 0.0038635104428976774
0, 1052, 380, 26, 19, 0.003738469909876585
0, 233, 321, 19, 26, 0.003606107085943222
0, 752, 182, 74, 95, 0.003588919062167406
0, 1151, 592, 33, 29, 0.003523358376696706
0, 713, 199, 17, 25, 0.0034503331407904625
0, 1089, 571, 47, 49, 0.00341997598297894
0, 577, 543, 30, 38, 0.003417041851207614
0, 872, 499, 18, 25, 0.003329960163682699
0, 759, 209, 76, 102, 0.0032447772100567818
0, 162, 335, 63, 46, 0.003227613167837262
0, 1040, 442, 15, 15, 0.0028642413672059774
0, 810, 523, 48, 41, 0.00280686654150486
0, 212, 372, 25, 19, 0.0027558880392462015
0, 821, 535, 61, 35, 0.0027504011522978544
0, 330, 254, 33, 34, 0.002665118547156453
0, 742, 153, 45, 32, 0.0025474035646766424
0, 1136, 578, 93, 62, 0.0022496990859508514
0, 442, 263, 20, 27, 0.0022224572021514177
0, 595, 513, 24, 17, 0.0022116200998425484
0, 813, 507, 40, 31, 0.002055895747616887
0, 1101, 684, 29, 27, 0.002039050916209817
0, 988, 165, 22, 17, 0.0019800709560513496
0, 565, 224, 45, 31, 0.0018962305039167404
0, 1094, 585, 45, 34, 0.0018794575007632375
0, 163, 340, 40, 35, 0.0018634302541613579
0, 1490, 636, 22, 11, 0.001816204865463078
0, 1075, 428, 20, 15, 0.001807805267162621
0, 1086, 690, 57, 38, 0.001711336662992835
0, 632, 209, 29, 30, 0.0017112918430939317
0, 424, 241, 30, 46, 0.0016461177729070187
0, 1139, 394, 77, 56, 0.0014364791568368673
0, 202, 349, 20, 14, 0.0013859397731721401
0, 1512, 597, 33, 44, 0.001385450130328536
0, 1179, 602, 125, 55, 0.001357369008474052
0, 704, 187, 33, 46, 0.001348138670437038
0, 1361, 629, 33, 50, 0.0013259067200124264
0, 231, 363, 18, 28, 0.001324747921898961
0, 837, 522, 31, 35, 0.0012589439284056425
0, 630, 524, 17, 15, 0.0012538651935756207
0, 1199, 350, 52, 57, 0.001225080224685371
0, 198, 312, 51, 62, 0.0011700133327394724
0, 1586, 637, 26, 33, 0.0011469420278444886
0, 363, 246, 32, 46, 0.0010674064978957176
0, 1080, 696, 38, 25, 0.0009857499971985817
0, 751, 222, 51, 67, 0.000967043568380177
0, 645, 201, 26, 42, 0.0009464257163926959
0, 761, 486, 45, 22, 0.0009427183540537953
0, 1143, 602, 49, 42, 0.00093980593373999
0, 1533, 647, 34, 33, 0.0009269296424463391
0, 1252, 554, 40, 21, 0.0009259242797270417
0, 1072, 586, 19, 26, 0.0009045623010024428
0, 276, 283, 50, 25, 0.0008923451532609761
0, 1239, 527, 69, 34, 0.0008533623185940087
0, 1064, 433, 27, 21, 0.0007903158548288047
0, 415, 226, 28, 44, 0.0007833805284462869
0, 1496, 649, 37, 29, 0.0007721533183939755
0, 1069, 366, 44, 27, 0.0007471292046830058
0, 1087, 552, 54, 31, 0.0006902134628035128
0, 1517, 629, 77, 36, 0.0006664656684733927
0, 251, 367, 29, 22, 0.0006639965577051044
0, 958, 156, 11, 13, 0.0006569683318957686
0, 1239, 332, 62, 65, 0.0006486114580184221
0, 224, 304, 85, 56, 0.0006455664988607168
0, 136, 365, 41, 41, 0.0006295866332948208
0, 1155, 682, 32, 39, 0.0006262296810746193
0, 735, 507, 60, 81, 0.0006247307755984366
0, 295, 274, 22, 32, 0.0006190587882883847
0, 257, 347, 29, 29, 0.0006187552935443819
0, 910, 480, 65, 83, 0.0006158342002891004
0, 1144, 328, 41, 21, 0.0005921213305555284
0, 840, 476, 18, 24, 0.0005911255138926208
0, 1155, 363, 96, 71, 0.0005844557308591902
0, 522, 198, 43, 27, 0.0005825778935104609
0, 1424, 635, 58, 57, 0.0005735338199883699
0, 1122, 618, 31, 17, 0.0005541064310818911
0, 1333, 675, 16, 21, 0.0005444373819045722
0, 1335, 668, 21, 32, 0.0005079925758764148
0, 183, 385, 23, 25, 0.000507520220708102
0, 247, 287, 48, 60, 0.0004971703165210783
0, 1204, 702, 15, 16, 0.000492001068778336
0, 230, 321, 55, 59, 0.0004896543105132878
0, 1511, 653, 62, 24, 0.0004577527579385787
0, 1088, 623, 43, 21, 0.0004121261299587786
0, 269, 350, 23, 16, 0.00040782749420031905
0, 1540, 639, 53, 50, 0.00040326372254639864
0, 645, 518, 40, 22, 0.00039956282125785947
0, 1106, 620, 39, 16, 0.00039119916618801653
0, 195, 380, 27, 24, 0.0003709265438374132
0, 164, 334, 92, 67, 0.00036822439869865775
0, 374, 225, 83, 81, 0.00035589482286013663
0, 132, 349, 35, 45, 0.0003544677747413516
0, 1023, 433, 42, 35, 0.0003281582030467689
0, 166, 379, 51, 26, 0.0003270251036155969
0, 1572, 623, 57, 40, 0.00032510620076209307
0, 1025, 616, 124, 41, 0.0003230586589779705
0, 655, 516, 24, 22, 0.00031603954266756773
0, 1267, 607, 87, 69, 0.00030671703279949725
0, 289, 286, 21, 30, 0.0003022046003025025
0, 1417, 646, 40, 31, 0.0002948230248875916
0, 1040, 622, 62, 36, 0.000292989076115191
0, 1296, 625, 82, 44, 0.00029010276193730533
0, 1279, 573, 19, 16, 0.0002884587156586349
0, 1094, 710, 43, 35, 0.00028443930204957724
0, 1054, 396, 31, 12, 0.00027893661172129214
0, 1222, 348, 83, 64, 0.0002747146354522556
0, 638, 193, 33, 44, 0.0002650889800861478
0, 146, 398, 17, 17, 0.0002598371356725693
0, 1040, 601, 178, 64, 0.0002020535321207717
0, 1349, 656, 51, 59, 0.000195073735085316
0, 366, 278, 74, 35, 0.00019118741329293698
0, 551, 198, 34, 26, 0.00018479124992154539
0, 1181, 307, 48, 58, 0.00018257973715662956
0, 505, 215, 46, 65, 0.00017916133219841868
0, 1065, 419, 53, 29, 0.00017412294982932508
0, 550, 225, 30, 26, 0.00017404393292963505
0, 1048, 374, 59, 24, 0.00017369643319398165
0, 205, 375, 69, 49, 0.0001730853837216273
0, 558, 461, 10, 11, 0.0001702172594377771
0, 1200, 328, 129, 81, 0.00016966165276244283
0, 297, 248, 18, 19, 0.0001688456832198426
0, 833, 490, 30, 36, 0.0001669137564022094
0, 390, 248, 53, 50, 0.00016159587539732456
0, 149, 123, 298, 246, 0.00015702038945164531
0, 342, 246, 116, 73, 0.0001569494343129918
0, 1672, 151, 175, 303, 0.00015559465100523084
0, 1022, 716, 20, 33, 0.00015519087901338935
0, 342, 289, 21, 41, 0.00015465538308490068
0, 540, 188, 18, 31, 0.0001537876232760027
0, 432, 244, 42, 70, 0.00015106757928151637
0, 581, 527, 84, 62, 0.00015049621288198978
0, 277, 509, 17, 17, 0.000146445250720717
0, 785, 510, 84, 66, 0.00014542456483468413
0, 1110, 379, 100, 38, 0.00014540196571033448
0, 912, 511, 48, 48, 0.00014431517047341913
0, 1069, 385, 54, 48, 0.0001442928914912045
0, 641, 518, 26, 16, 0.00013572369061876088
0, 532, 497, 23, 21, 0.0001322043826803565
0, 1053, 546, 25, 20, 0.0001290263026021421
0, 667, 521, 92, 32, 0.00012767953739967197
0, 1155, 822, 542, 152, 0.00012727717694360763
0, 1284, 668, 60, 48, 0.0001272083754884079
0, 558, 168, 12, 20, 0.000127179388073273
0, 1209, 524, 102, 32, 0.0001260740973521024
0, 315, 310, 15, 10, 0.00012248114217072725
0, 492, 182, 17, 15, 0.00012178145698271692
0, 1290, 784, 702, 229, 0.00012142952618887648
0, 296, 345, 10, 18, 0.0001207596724270843
0, 1013, 577, 120, 97, 0.00011854898184537888
0, 1183, 292, 56, 45, 0.00011800851643783972
0, 610, 208, 20, 28, 0.00011787187395384535
0, 992, 439, 45, 55, 0.00011753863509511575
0, 807, 200, 137, 102, 0.00011351935972925276
0, 1069, 432, 47, 25, 0.00011262101179454476
0, 1288, 377, 17, 21, 0.00011021845421055332
0, 118, 387, 49, 51, 0.00010984586697304621
0, 1490, 589, 47, 43, 0.0001075706968549639
0, 1264, 335, 65, 33, 0.00010599457164062187
0, 262, 364, 37, 29, 0.00010364773334003985
0, 844, 221, 154, 102, 0.00010278465924784541
0, 1470, 606, 32, 37, 0.00010211204062215984
0, 359, 525, 11, 15, 9.935092384694144e-05
0, 524, 496, 17, 22, 9.794527431949973e-05
0, 1174, 314, 88, 89, 9.365422010887414e-05
0, 661, 476, 24, 24, 9.335356298834085e-05
0, 819, 171, 30, 37, 9.288426372222602e-05
0, 1030, 642, 157, 137, 9.221398795489222e-05
0, 1015, 414, 57, 46, 8.891306060831994e-05
0, 272, 267, 41, 35, 8.838151552481577e-05
0, 1144, 535, 80, 31, 8.8205881183967e-05
0, 1314, 329, 22, 18, 8.796120528131723e-05
0, 1192, 658, 90, 64, 8.68801653268747e-05
0, 1223, 305, 51, 58, 8.678055019117892e-05
0, 929, 448, 72, 81, 8.573625382268801e-05
0, 1153, 586, 191, 70, 8.439306111540645e-05
0, 1080, 874, 188, 48, 8.263700146926567e-05
0, 519, 183, 34, 19, 8.098061516648158e-05
0, 748, 478, 36, 36, 8.096393139567226e-05
0, 953, 457, 12, 25, 8.001472451724112e-05
0, 120, 676, 235, 309, 7.932406151667237e-05
0, 1058, 402, 38, 21, 7.783160981489345e-05
0, 237, 371, 30, 39, 7.691714563407004e-05
0, 145, 334, 150, 106, 7.5036397902295e-05
0, 906, 446, 91, 98, 7.34151981305331e-05
