0, 492, 509, 84, 66, 0.5182770490646362
0, 234, 554, 39, 42, 0.23025012016296387
0, 393, 345, 62, 71, 0.1988353431224823
0, 967, 637, 26, 37, 0.13332036137580872
0, 1060, 428, 73, 73, 0.1186550185084343
0, 484, 486, 44, 23, 0.11759929358959198
0, 809, 697, 40, 30, 0.11226873844861984
0, 1074, 417, 39, 48, 0.09996099025011063
0, 510, 299, 23, 29, 0.09070750325918198
0, 394, 172, 21, 20, 0.08796803653240204
0, 545, 315, 13, 28, 0.08540774881839752
0, 1081, 436, 28, 63, 0.08327557891607285
0, 500, 301, 43, 36, 0.07123194634914398
0, 860, 305, 26, 31, 0.06756033003330231
0, 774, 711, 15, 22, 0.06706903874874115
0, 695, 525, 54, 52, 0.06528262048959732
0, 394, 328, 35, 34, 0.06279055029153824
0, 480, 503, 52, 50, 0.055399492383003235
0, 593, 520, 41, 45, 0.0504550039768219
0, 704, 519, 32, 40, 0.041046202182769775
0, 574, 321, 24, 20, 0.03770842403173447
0, 581, 311, 44, 42, 0.03534756600856781
0, 586, 299, 43, 41, 0.03395434841513634
0, 323, 262, 59, 45, 0.031461652368307114
0, 655, 755, 19, 16, 0.030030444264411926
0, 679, 550, 24, 22, 0.029718240723013878
0, 500, 491, 77, 37, 0.027380388230085373
0, 1073, 404, 34, 26, 0.027102772146463394
0, 600, 524, 25, 36, 0.026576127856969833
0, 594, 276, 25, 19, 0.026484835892915726
0, 365, 555, 47, 30, 0.02646689862012863
0, 1080, 452, 23, 30, 0.026037583127617836
0, 542, 776, 22, 22, 0.025649702176451683
0, 791, 676, 14, 13, 0.025277353823184967
0, 683, 517, 32, 31, 0.024547819048166275
0, 1004, 634, 13, 18, 0.02328743226826191
0, 399, 205, 28, 41, 0.022394362837076187
0, 525, 741, 15, 18, 0.020835641771554947
0, 631, 707, 29, 16, 0.02067810855805874
0, 799, 291, 57, 55, 0.01796773262321949
0, 942, 464, 59, 50, 0.017721569165587425
0, 587, 299, 65, 60, 0.017626116052269936
0, 511, 748, 44, 42, 0.017451845109462738
0, 521, 799, 19, 11, 0.017377763986587524
0, 758, 309, 31, 22, 0.015810228884220123
0, 504, 756, 22, 24, 0.015352433547377586
0, 601, 282, 41, 34, 0.015344996005296707
0, 553, 555, 14, 11, 0.01485916692763567
0, 757, 711, 14, 19, 0.014739613980054855
0, 389, 211, 50, 64, 0.01449920516461134
0, 497, 745, 29, 45, 0.01401699148118496
0, 461, 771, 18, 15, 0.013911408372223377
0, 934, 459, 35, 34, 0.013762149028480053
0, 1018, 643, 13, 6, 0.01367135252803564
0, 166, 679, 25, 35, 0.01306145079433918
0, 1042, 433, 34, 37, 0.012852920219302177
0, 563, 311, 41, 36, 0.012829829007387161
0, 653, 328, 23, 19, 0.012770045548677444
0, 848, 304, 49, 31, 0.012361247092485428
0, 691, 303, 48, 35, 0.011387774720788002
0, 812, 280, 35, 35, 0.011020807549357414
0, 997, 652, 16, 20, 0.010591330006718636
0, 460, 762, 26, 33, 0.010093740187585354
0, 755, 290, 25, 23, 0.009840350598096848
0, 604, 533, 18, 25, 0.009186968207359314
0, 569, 749, 19, 18, 0.008498487994074821
0, 830, 302, 19, 26, 0.008434174582362175
0, 768, 306, 54, 33, 0.008157220669090748
0, 958, 477, 25, 22, 0.007786583621054888
0, 516, 280, 18, 17, 0.007578341756016016
0, 172, 727, 21, 16, 0.007567713037133217
0, 615, 281, 35, 31, 0.007554313167929649
0, 522, 799, 25, 19, 0.007013571914285421
0, 928, 450, 29, 34, 0.006916921120136976
0, 1151, 434, 10, 12, 0.006734398193657398
0, 661, 748, 33, 36, 0.00670564454048872
0, 576, 753, 29, 26, 0.006507962476462126
0, 1007, 606, 10, 14, 0.006170880515128374
0, 402, 335, 47, 47, 0.00604917062446475
0, 912, 309, 12, 15, 0.005979460198432207
0, 246, 763, 20, 29, 0.005639252718538046
0, 1029, 427, 20, 32, 0.005625981837511063
0, 861, 349, 17, 19, 0.005376598332077265
0, 1152, 435, 16, 18, 0.00518132233992219
0, 197, 710, 21, 19, 0.004931092262268066
0, 496, 733, 24, 27, 0.004730766639113426
0, 151, 456, 16, 23, 0.004475946072489023
0, 147, 393, 21, 18, 0.004329729825258255
0, 504, 732, 26, 31, 0.004321767017245293
0, 855, 486, 16, 20, 0.004255805164575577
0, 478, 518, 51, 45, 0.004175211768597364
0, 300, 206, 36, 33, 0.0040795402601361275
0, 912, 467, 121, 69, 0.00406572176143527
0, 814, 664, 17, 11, 0.004019543062895536
0, 312, 747, 17, 36, 0.003991527482867241
0, 465, 793, 22, 19, 0.003975791856646538
0, 1046, 413, 54, 45, 0.0038834030274301767
0, 976, 615, 21, 29, 0.00370557839050889
0, 206, 656, 12, 11, 0.0035078527871519327
0, 350, 530, 22, 14, 0.0034756085369735956
0, 282, 199, 39, 30, 0.0034636391792446375
0, 669, 774, 12, 16, 0.0034223005641251802
0, 525, 712, 12, 12, 0.0034205331467092037
0, 640, 340, 51, 43, 0.0033290470018982887
0, 780, 299, 90, 60, 0.0032728456426411867
0, 886, 465, 64, 46, 0.0031960555352270603
0, 876, 490, 15, 20, 0.0031830857042223215
0, 394, 180, 37, 35, 0.003142284695059061
0, 645, 744, 15, 28, 0.003104766830801964
0, 209, 550, 83, 52, 0.0030804926063865423
0, 538, 310, 31, 41, 0.0028472277335822582
0, 220, 481, 14, 30, 0.0027757089119404554
0, 1053, 656, 17, 20, 0.0027291220612823963
0, 881, 477, 33, 46, 0.0027185329236090183
0, 728, 319, 20, 17, 0.002654894720762968
0, 754, 312, 50, 32, 0.0025264841970056295
0, 823, 279, 65, 49, 0.002520647132769227
0, 745, 279, 21, 23, 0.0024183897767215967
0, 264, 192, 30, 33, 0.002383067039772868
0, 134, 433, 16, 20, 0.0023668084759265184
0, 532, 746, 32, 26, 0.002365174237638712
0, 262, 119, 22, 19, 0.002345725428313017
0, 964, 472, 30, 26, 0.0023190712090581656
0, 279, 732, 23, 14, 0.00229208474047482
0, 132, 706, 20, 26, 0.0022324370220303535
0, 718, 299, 24, 24, 0.0022123504895716906
0, 809, 267, 24, 20, 0.0021967680659145117
0, 957, 508, 17, 12, 0.0021669308189302683
0, 920, 493, 19, 18, 0.0021201909985393286
0, 784, 675, 25, 14, 0.0021063615567982197
0, 106, 696, 68, 55, 0.0020777084864676
0, 335, 208, 23, 15, 0.0020579288247972727
0, 359, 166, 14, 22, 0.002057380275800824
0, 925, 458, 51, 52, 0.001976165222004056
0, 590, 771, 16, 19, 0.001957063563168049
0, 195, 532, 17, 19, 0.0019430223619565368
0, 292, 196, 59, 54, 0.0019282179418951273
0, 892, 464, 25, 30, 0.0018317106878384948
0, 839, 667, 12, 16, 0.0017953944625332952
0, 248, 735, 15, 12, 0.001748119480907917
0, 661, 768, 27, 30, 0.0017389445565640926
0, 298, 221, 26, 19, 0.0016855169087648392
0, 450, 234, 11, 12, 0.001628024154342711
0, 727, 313, 19, 26, 0.001608902239240706
0, 855, 459, 22, 26, 0.0015737279318273067
0, 740, 510, 23, 20, 0.0015651336871087551
0, 691, 285, 17, 26, 0.0015356767689809203
0, 325, 215, 49, 37, 0.001529840985313058
0, 647, 331, 38, 31, 0.0015293151373043656
0, 524, 300, 88, 62, 0.0014567134203389287
0, 276, 740, 22, 24, 0.0014347666874527931
0, 278, 189, 53, 48, 0.0013906016247346997
0, 269, 229, 16, 19, 0.0013633734779432416
0, 226, 705, 23, 20, 0.0013527522096410394
0, 507, 710, 21, 15, 0.001305214362218976
0, 753, 282, 24, 23, 0.0012776508228853345
0, 972, 463, 17, 29, 0.0012612921418622136
0, 817, 289, 109, 69, 0.0012598471948876977
0, 179, 551, 22, 26, 0.0012436385732144117
0, 582, 762, 32, 37, 0.0012137144804000854
0, 537, 783, 31, 35, 0.0011949093313887715
0, 712, 528, 96, 60, 0.001167235430330038
0, 971, 629, 41, 54, 0.001021040603518486
0, 812, 668, 27, 15, 0.001003742916509509
0, 595, 748, 14, 30, 0.0009599014883860946
0, 475, 708, 19, 13, 0.0009494369151070714
0, 384, 177, 34, 36, 0.0009409222984686494
0, 760, 526, 14, 27, 0.0009175246232189238
0, 290, 177, 24, 24, 0.0009068206418305635
0, 852, 271, 40, 32, 0.0009056268609128892
0, 521, 555, 18, 15, 0.0008975531673058867
0, 515, 492, 55, 24, 0.000890638679265976
0, 626, 548, 9, 14, 0.0008418887155130506
0, 359, 543, 43, 26, 0.0008187017519958317
0, 354, 472, 14, 13, 0.0008104093139991164
0, 291, 183, 48, 40, 0.0007964179967530072
0, 319, 746, 34, 42, 0.0007681524148210883
0, 632, 350, 37, 24, 0.0007677217363379896
0, 543, 766, 25, 39, 0.0007640022085979581
0, 169, 670, 28, 24, 0.0007551001035608351
0, 144, 464, 15, 29, 0.0007289706263691187
0, 875, 455, 59, 42, 0.0007247035391628742
0, 137, 449, 23, 52, 0.0007225553272292018
0, 596, 310, 113, 65, 0.0007201819098554552
0, 152, 439, 18, 36, 0.0006788209429942071
0, 545, 768, 31, 20, 0.0006714780465699732
0, 601, 729, 18, 20, 0.0006711032474413514
0, 333, 221, 30, 29, 0.0006441790028475225
0, 132, 699, 35, 44, 0.0006372157949954271
0, 605, 281, 63, 51, 0.0006358999526128173
0, 977, 448, 13, 18, 0.0006114711286500096
0, 203, 718, 26, 34, 0.0006033139652572572
0, 313, 214, 111, 98, 0.0005883451667614281
0, 750, 538, 27, 39, 0.0005534890806302428
0, 379, 368, 34, 24, 0.000540499750059098
0, 713, 291, 80, 51, 0.0005400785012170672
0, 447, 760, 35, 35, 0.0005309496191330254
0, 868, 263, 18, 19, 0.0005307343672029674
0, 745, 528, 29, 46, 0.0005193575634621084
0, 864, 267, 26, 30, 0.0005101988208480179
0, 638, 290, 42, 29, 0.0005083929281681776
0, 843, 465, 15, 23, 0.000497768574859947
0, 710, 739, 12, 13, 0.0004974071052856743
0, 244, 150, 17, 25, 0.0004936522454954684
0, 774, 501, 12, 23, 0.0004896795144304633
0, 671, 540, 36, 38, 0.0004657275276258588
0, 660, 759, 31, 33, 0.00045593545655719936
0, 169, 700, 44, 37, 0.0004269115161150694
0, 326, 715, 11, 14, 0.00040609994903206825
0, 486, 713, 36, 29, 0.00038955689524300396
0, 766, 251, 23, 25, 0.00038223652518354356
0, 248, 754, 23, 53, 0.0003691445162985474
0, 157, 685, 41, 54, 0.00035989750176668167
0, 1011, 641, 21, 26, 0.00035472080344334245
0, 985, 608, 19, 16, 0.0003475230187177658
0, 654, 290, 18, 20, 0.0003454443358350545
0, 595, 500, 45, 55, 0.0003437449049670249
0, 609, 485, 32, 22, 0.0003428787167649716
0, 798, 275, 39, 44, 0.0003295863280072808
0, 618, 482, 19, 16, 0.000322401465382427
0, 804, 671, 43, 23, 0.000315476325340569
0, 137, 396, 29, 19, 0.00030706607503816485
0, 92, 676, 37, 17, 0.00030426555895246565
0, 177, 690, 45, 28, 0.00030302946106530726
0, 599, 522, 58, 81, 0.0002931091876234859
0, 566, 759, 46, 43, 0.00029179788543842733
0, 523, 463, 29, 12, 0.00029152733623050153
0, 442, 730, 9, 20, 0.0002832439786288887
0, 860, 450, 30, 27, 0.000279027852229774
0, 211, 709, 39, 24, 0.0002717641182243824
0, 480, 460, 17, 9, 0.0002713134163059294
0, 705, 307, 78, 44, 0.0002580691361799836
0, 571, 707, 10, 10, 0.00025040560285560787
0, 440, 748, 48, 59, 0.00024960158043541014
0, 255, 147, 26, 27, 0.00024275720352306962
0, 469, 528, 31, 33, 0.00024167205265257508
0, 639, 306, 51, 43, 0.00023540097754448652
0, 1082, 594, 17, 25, 0.00023518738453276455
0, 274, 233, 25, 28, 0.0002311698772246018
0, 580, 283, 54, 59, 0.00023103324929252267
0, 71, 558, 11, 12, 0.00022638084192294627
0, 158, 639, 25, 17, 0.00022340846771840006
0, 709, 113, 15, 18, 0.0002216115390183404
0, 333, 522, 30, 22, 0.00022065745724830776
0, 180, 728, 18, 18, 0.0002054939977824688
0, 248, 173, 108, 92, 0.00019391192472539842
0, 427, 561, 21, 14, 0.0001936547050718218
0, 500, 288, 56, 72, 0.0001934107713168487
0, 157, 708, 30, 19, 0.00018895648827310652
0, 741, 293, 170, 77, 0.00018869379709940404
0, 428, 769, 20, 17, 0.0001862955541582778
0, 103, 413, 17, 11, 0.00018580238975118846
0, 883, 293, 21, 11, 0.00018312125757802278
0, 709, 729, 13, 15, 0.00018253832240588963
0, 96, 645, 23, 14, 0.00017990342166740447
0, 106, 653, 29, 27, 0.00017204563482664526
0, 411, 496, 14, 12, 0.00017129170009866357
0, 353, 558, 84, 41, 0.0001562029356136918
0, 523, 730, 47, 28, 0.0001545928680570796
0, 566, 325, 53, 53, 0.00015342993719968945
0, 224, 735, 12, 18, 0.00015189580153673887
0, 848, 477, 26, 45, 0.0001503030362073332
0, 68, 262, 137, 524, 0.00014871903113089502
0, 502, 467, 84, 64, 0.00014722076593898237
0, 145, 692, 70, 59, 0.00014075834769755602
0, 144, 662, 14, 13, 0.00014071795158088207
0, 484, 729, 37, 57, 0.0001392952399328351
0, 191, 667, 60, 46, 0.00013715530803892761
0, 647, 738, 56, 59, 0.0001343606854788959
0, 743, 762, 9, 10, 0.00013409509847406298
0, 30, 2, 61, 4, 0.00013271262287162244
0, 1176, 409, 15, 16, 0.0001292363740503788
0, 166, 642, 30, 25, 0.00012842632713727653
0, 352, 534, 64, 38, 0.00012808669998776168
0, 1157, 371, 11, 14, 0.00012739568774122745
0, 189, 544, 42, 46, 0.0001229681947734207
0, 683, 514, 44, 50, 0.00012198309559607878
0, 810, 340, 16, 22, 0.00011895765783265233
0, 656, 284, 16, 28, 0.00011876112694153562
0, 376, 168, 24, 27, 0.00011816480400739238
0, 1299, 2, 62, 5, 0.00011815500329248607
0, 248, 738, 20, 27, 0.00011749078839784488
0, 667, 327, 27, 30, 0.00011645523773040622
0, 273, 224, 40, 41, 0.00011495814396766946
0, 181, 663, 25, 18, 0.00011450499732745811
0, 972, 514, 30, 24, 0.00011300818005111068
0, 1161, 630, 339, 545, 0.00011247677321080118
0, 70, 643, 18, 14, 0.0001120257074944675
0, 729, 725, 17, 18, 0.00011085953883593902
0, 829, 465, 16, 19, 0.0001102652313420549
0, 471, 750, 43, 51, 0.00010652430501068011
0, 640, 724, 46, 49, 0.00010461857164045796
0, 677, 558, 53, 43, 0.00010357423161622137
0, 453, 234, 13, 16, 0.00010206813749391586
0, 794, 704, 56, 37, 0.00010181898687733337
0, 353, 229, 125, 112, 0.00010168751759920269
0, 305, 251, 78, 70, 9.913675603456795e-05
0, 580, 492, 24, 51, 9.862992737907916e-05
0, 1063, 625, 18, 15, 9.74662762018852e-05
0, 488, 459, 34, 17, 9.628412954043597e-05
