0, 119.0, 990.0, 23.0, 19.0, 0.26801952719688416
0, 383.0, 811.0, 18.0, 20.0, 0.17138071358203888
0, 714.0, 785.0, 20.0, 25.0, 0.1701507270336151
0, 223.0, 135.0, 20.0, 19.0, 0.16923324763774872
0, 371.0, 795.0, 18.0, 17.0, 0.16603606939315796
0, 938.0, 757.0, 17.0, 17.0, 0.16419674456119537
0, 993.0, 903.0, 12.0, 18.0, 0.15851764380931854
0, 907.0, 724.0, 16.0, 16.0, 0.15566907823085785
0, 604.0, 7.0, 22.0, 14.0, 0.15360409021377563
0, 976.0, 605.0, 21.0, 23.0, 0.14596915245056152
0, 393.0, 709.0, 18.0, 20.0, 0.14575783908367157
0, 723.0, 40.0, 18.0, 24.0, 0.14306916296482086
0, 237.0, 27.0, 19.0, 19.0, 0.14078746736049652
0, 143.0, 5.0, 21.0, 11.0, 0.13996733725070953
0, 558.0, 431.0, 19.0, 22.0, 0.13766023516654968
0, 148.0, 115.0, 16.0, 18.0, 0.13749666512012482
0, 653.0, 473.0, 18.0, 19.0, 0.13649708032608032
0, 630.0, 906.0, 21.0, 19.0, 0.13454198837280273
0, 126.0, 165.0, 19.0, 20.0, 0.13175028562545776
0, 148.0, 969.0, 23.0, 23.0, 0.13031551241874695
0, 184.0, 595.0, 17.0, 17.0, 0.12963874638080597
0, 552.0, 737.0, 20.0, 20.0, 0.1264590173959732
0, 365.0, 817.0, 20.0, 18.0, 0.12453893572092056
0, 581.0, 536.0, 19.0, 18.0, 0.12402593344449997
0, 660.0, 173.0, 17.0, 19.0, 0.12330246716737747
0, 911.0, 773.0, 21.0, 20.0, 0.11964450031518936
0, 381.0, 36.0, 20.0, 19.0, 0.1175806000828743
0, 440.0, 431.0, 17.0, 16.0, 0.11499286442995071
0, 546.0, 493.0, 21.0, 20.0, 0.11287293583154678
0, 894.0, 714.0, 19.0, 17.0, 0.11227275431156158
0, 634.0, 890.0, 25.0, 19.0, 0.11189084500074387
0, 642.0, 353.0, 20.0, 24.0, 0.11131024360656738
0, 58.0, 985.0, 13.0, 16.0, 0.11119543761014938
0, 319.0, 251.0, 17.0, 16.0, 0.1090795025229454
0, 80.0, 124.0, 14.0, 19.0, 0.10769839584827423
0, 584.0, 452.0, 22.0, 18.0, 0.10622493922710419
0, 507.0, 427.0, 16.0, 19.0, 0.10532461106777191
0, 130.0, 68.0, 16.0, 16.0, 0.1029873788356781
0, 80.0, 988.0, 17.0, 21.0, 0.10230309516191483
0, 354.0, 803.0, 16.0, 19.0, 0.10226903110742569
0, 277.0, 377.0, 16.0, 18.0, 0.10097572207450867
