0, 841.0, 353.0, 15.0, 18.0, 0.5609757304191589
0, 20.0, 770.0, 18.0, 20.0, 0.5588311553001404
0, 205.0, 745.0, 16.0, 17.0, 0.481630802154541
0, 558.0, 441.0, 18.0, 20.0, 0.4078174829483032
0, 820.0, 347.0, 18.0, 19.0, 0.40010324120521545
0, 375.0, 727.0, 18.0, 17.0, 0.38556450605392456
0, 571.0, 702.0, 16.0, 17.0, 0.376702219247818
0, 98.0, 629.0, 14.0, 18.0, 0.37585848569869995
0, 830.0, 328.0, 16.0, 15.0, 0.37100183963775635
0, 83.0, 700.0, 19.0, 20.0, 0.36397087574005127
0, 414.0, 723.0, 16.0, 14.0, 0.3501529097557068
0, 378.0, 707.0, 17.0, 19.0, 0.34440234303474426
0, 630.0, 383.0, 17.0, 20.0, 0.33818405866622925
0, 423.0, 842.0, 17.0, 18.0, 0.32563456892967224
0, 391.0, 713.0, 16.0, 15.0, 0.32426804304122925
0, 298.0, 734.0, 17.0, 17.0, 0.32372307777404785
0, 66.0, 671.0, 22.0, 22.0, 0.32346588373184204
0, 145.0, 656.0, 20.0, 13.0, 0.319843590259552
0, 606.0, 707.0, 16.0, 13.0, 0.3184729516506195
0, 773.0, 843.0, 20.0, 17.0, 0.3114578425884247
0, 825.0, 377.0, 13.0, 13.0, 0.31143414974212646
0, 776.0, 827.0, 20.0, 19.0, 0.31027859449386597
