0, 220, 1094, 52, 39, 0.3244970142841339
0, 940, 269, 82, 87, 0.22052109241485596
0, 299, 1211, 33, 51, 0.1458989679813385
0, 675, 567, 42, 57, 0.14353309571743011
0, 589, 1087, 20, 31, 0.13962343335151672
0, 562, 1028, 34, 39, 0.1323416382074356
0, 312, 235, 62, 66, 0.11422163993120193
0, 362, 1280, 52, 18, 0.11147774755954742
0, 622, 472, 37, 35, 0.10733447223901749
0, 816, 853, 33, 24, 0.10381291061639786
0, 1167, 608, 31, 31, 0.10128466039896011
0, 802, 806, 46, 57, 0.09996483474969864
0, 298, 1219, 27, 35, 0.09828569740056992
0, 258, 965, 43, 38, 0.09374453872442245
0, 1221, 664, 21, 24, 0.08798864483833313
0, 330, 271, 102, 139, 0.08308199048042297
0, 358, 1244, 17, 28, 0.0827772319316864
0, 588, 1071, 26, 57, 0.07694441080093384
0, 564, 1073, 23, 31, 0.07089710235595703
0, 1047, 468, 21, 37, 0.06965917348861694
0, 236, 1124, 25, 18, 0.06826189160346985
0, 255, 962, 34, 30, 0.06337764859199524
0, 839, 1295, 25, 27, 0.06287438422441483
0, 22, 362, 44, 36, 0.06194509565830231
0, 303, 229, 45, 49, 0.06176503002643585
0, 516, 242, 106, 113, 0.061302825808525085
0, 939, 270, 86, 92, 0.060457222163677216
0, 798, 819, 36, 37, 0.05921065807342529
0, 831, 922, 14, 13, 0.05809852480888367
0, 1217, 634, 17, 20, 0.05692921206355095
0, 299, 225, 34, 41, 0.05507432296872139
0, 860, 1235, 45, 47, 0.05469571799039841
0, 1099, 532, 24, 18, 0.05401762202382088
0, 794, 951, 21, 25, 0.05289672315120697
0, 1148, 532, 16, 18, 0.05253363773226738
0, 825, 1281, 60, 59, 0.050773415714502335
0, 469, 643, 36, 23, 0.05069916695356369
0, 798, 1307, 22, 17, 0.050525035709142685
0, 312, 1211, 54, 60, 0.049437571316957474
0, 1209, 631, 31, 25, 0.04928954690694809
0, 312, 1217, 56, 53, 0.048502638936042786
0, 837, 1288, 30, 38, 0.04750426113605499
0, 1214, 733, 79, 53, 0.04738814756274223
0, 576, 1058, 34, 32, 0.04529305920004845
0, 1255, 746, 41, 43, 0.04453800246119499
0, 1205, 743, 35, 30, 0.04434320703148842
0, 335, 1176, 26, 27, 0.04267861321568489
0, 817, 1269, 34, 32, 0.040410734713077545
0, 1045, 459, 15, 19, 0.04039117693901062
0, 543, 237, 40, 50, 0.04024554789066315
0, 1095, 533, 28, 27, 0.03945452719926834
0, 1012, 389, 19, 20, 0.03935876116156578
0, 877, 1321, 27, 29, 0.039007313549518585
0, 328, 1151, 19, 15, 0.038189396262168884
0, 326, 1221, 92, 115, 0.0379011370241642
0, 311, 225, 55, 48, 0.036669306457042694
0, 1132, 1031, 51, 37, 0.036607395857572556
0, 567, 276, 34, 24, 0.03634846210479736
0, 415, 614, 31, 34, 0.03610020875930786
0, 334, 1180, 27, 29, 0.035395994782447815
0, 318, 243, 59, 56, 0.03488148748874664
0, 135, 622, 53, 80, 0.03396294638514519
0, 333, 186, 40, 34, 0.033940188586711884
0, 44, 280, 32, 34, 0.03378749266266823
0, 1218, 724, 64, 33, 0.033597081899642944
0, 1255, 753, 41, 34, 0.03327324986457825
0, 412, 618, 30, 34, 0.03302635997533798
0, 696, 469, 14, 14, 0.03262533247470856
0, 77, 334, 24, 23, 0.03251316770911217
0, 248, 1071, 85, 45, 0.031991325318813324
0, 1089, 547, 19, 25, 0.0319216363132
0, 337, 1242, 23, 35, 0.031571678817272186
0, 1214, 735, 62, 43, 0.03151901811361313
0, 298, 1282, 26, 27, 0.03141634166240692
0, 1178, 1088, 32, 19, 0.030468560755252838
0, 1196, 1132, 24, 19, 0.028587739914655685
0, 859, 1229, 38, 43, 0.028092652559280396
0, 547, 225, 28, 32, 0.02729957364499569
0, 765, 788, 20, 49, 0.027275584638118744
0, 221, 930, 26, 27, 0.026822229847311974
0, 141, 647, 26, 31, 0.026724211871623993
0, 443, 630, 100, 84, 0.026678472757339478
0, 191, 635, 27, 36, 0.02605743519961834
0, 506, 234, 84, 71, 0.02602745220065117
0, 1056, 419, 26, 28, 0.025751309469342232
0, 388, 370, 30, 20, 0.025390833616256714
0, 819, 1458, 19, 18, 0.025365274399518967
0, 330, 1222, 35, 65, 0.02497454360127449
0, 569, 1060, 37, 63, 0.02451707050204277
0, 765, 796, 17, 40, 0.024354537948966026
0, 98, 456, 20, 26, 0.024202710017561913
0, 279, 1244, 33, 28, 0.02412053756415844
0, 993, 395, 22, 17, 0.02402515336871147
0, 365, 1278, 50, 17, 0.023904524743556976
0, 819, 943, 29, 24, 0.023722359910607338
0, 340, 275, 29, 28, 0.023536192253232002
0, 497, 231, 50, 47, 0.023270564153790474
0, 321, 180, 65, 48, 0.023065300658345222
0, 353, 300, 27, 25, 0.022329002618789673
0, 244, 1195, 15, 21, 0.02207617275416851
0, 408, 647, 21, 18, 0.0215297918766737
0, 328, 257, 78, 104, 0.021360060200095177
0, 44, 392, 22, 22, 0.021157843992114067
0, 190, 634, 29, 37, 0.02081979066133499
0, 696, 671, 14, 22, 0.020753610879182816
0, 580, 276, 19, 21, 0.020326100289821625
0, 425, 621, 63, 60, 0.020191624760627747
0, 492, 225, 34, 34, 0.020190389826893806
0, 801, 789, 24, 19, 0.01993528939783573
0, 671, 419, 21, 23, 0.01982242986559868
0, 1190, 725, 27, 18, 0.019749430939555168
0, 527, 1115, 27, 16, 0.0197130236774683
0, 342, 293, 44, 49, 0.019545381888747215
0, 867, 1430, 32, 37, 0.019516879692673683
0, 133, 620, 49, 77, 0.019269980490207672
0, 137, 594, 42, 25, 0.019083229824900627
0, 501, 239, 68, 77, 0.0189508106559515
0, 353, 310, 46, 35, 0.018940512090921402
0, 310, 238, 62, 73, 0.018776962533593178
0, 116, 823, 17, 31, 0.01865050196647644
0, 198, 936, 24, 29, 0.018643325194716454
0, 274, 1144, 27, 17, 0.018603134900331497
0, 423, 613, 47, 41, 0.0183738823980093
0, 1068, 449, 23, 21, 0.018358292058110237
0, 327, 1208, 21, 25, 0.018356529995799065
0, 231, 1064, 33, 23, 0.018241506069898605
0, 188, 633, 25, 34, 0.018022190779447556
0, 1007, 384, 35, 26, 0.01798611879348755
0, 354, 379, 41, 37, 0.017719866707921028
0, 240, 1061, 56, 22, 0.01766645349562168
0, 345, 272, 38, 32, 0.017385298386216164
0, 1168, 1056, 21, 25, 0.017037585377693176
0, 1171, 1064, 33, 37, 0.01696561649441719
0, 349, 266, 27, 23, 0.016920719295740128
0, 13, 361, 26, 26, 0.016889819875359535
0, 337, 311, 46, 46, 0.016681864857673645
0, 1190, 1133, 25, 18, 0.016459180042147636
0, 510, 261, 24, 26, 0.016411004588007927
0, 35, 299, 71, 86, 0.016373807564377785
0, 300, 1197, 27, 29, 0.01632842980325222
0, 822, 1292, 63, 44, 0.01629909873008728
0, 510, 224, 38, 35, 0.01603279635310173
0, 827, 1274, 41, 32, 0.016011392697691917
0, 347, 1206, 23, 26, 0.015572825446724892
0, 524, 248, 79, 88, 0.01548183523118496
0, 563, 1022, 25, 24, 0.015220994129776955
0, 220, 926, 26, 20, 0.015038574114441872
0, 42, 416, 22, 20, 0.014979922212660313
0, 44, 310, 88, 116, 0.01492035947740078
0, 342, 1229, 49, 58, 0.014859424903988838
0, 562, 1028, 35, 43, 0.014731064438819885
0, 443, 623, 26, 36, 0.014725852757692337
0, 321, 173, 57, 32, 0.014631618745625019
0, 45, 298, 56, 81, 0.014530306681990623
0, 727, 690, 19, 18, 0.01446920819580555
0, 1174, 1089, 33, 18, 0.014463578350841999
0, 297, 206, 49, 26, 0.01442921906709671
0, 318, 1194, 60, 60, 0.014128468930721283
0, 141, 823, 20, 31, 0.014061002992093563
0, 101, 511, 30, 23, 0.01404797937721014
0, 336, 262, 29, 26, 0.014045251533389091
0, 338, 197, 29, 25, 0.013853677548468113
0, 321, 303, 33, 27, 0.01375129446387291
0, 456, 633, 70, 48, 0.01367571298032999
0, 682, 581, 21, 27, 0.013521738350391388
0, 250, 1065, 81, 34, 0.013520275242626667
0, 287, 1258, 65, 71, 0.01344818715006113
0, 805, 818, 39, 39, 0.013402101583778858
0, 72, 336, 29, 36, 0.013356146402657032
0, 1001, 384, 39, 30, 0.013274193741381168
0, 526, 234, 62, 55, 0.013233128935098648
0, 1091, 567, 14, 15, 0.013207861222326756
0, 1143, 1036, 25, 20, 0.01312216091901064
0, 323, 236, 49, 60, 0.013101859949529171
0, 580, 381, 19, 19, 0.013076752424240112
0, 1171, 603, 44, 38, 0.013029851019382477
0, 316, 320, 21, 20, 0.01302981935441494
0, 487, 231, 66, 76, 0.012944943271577358
0, 321, 1233, 117, 123, 0.012901178561151028
0, 117, 525, 24, 18, 0.01289114449173212
0, 672, 566, 46, 58, 0.01288156770169735
0, 462, 635, 56, 42, 0.012795023620128632
0, 1059, 413, 30, 34, 0.012729267589747906
0, 874, 1270, 16, 18, 0.01270149927586317
0, 674, 419, 22, 27, 0.012595174834132195
0, 796, 942, 24, 24, 0.012562565505504608
0, 446, 670, 18, 21, 0.012556491419672966
0, 532, 275, 21, 31, 0.012214453890919685
0, 1167, 664, 16, 22, 0.012192422524094582
0, 124, 786, 24, 20, 0.012139362283051014
0, 249, 1123, 56, 21, 0.01210156548768282
0, 19, 318, 37, 37, 0.01198812760412693
0, 319, 1227, 66, 73, 0.011783866211771965
0, 45, 319, 30, 35, 0.011650034226477146
0, 765, 743, 19, 15, 0.011635944247245789
0, 863, 1436, 26, 26, 0.011583349667489529
0, 23, 362, 47, 35, 0.011564373038709164
0, 822, 946, 30, 23, 0.011506917886435986
0, 523, 225, 30, 45, 0.011424885131418705
0, 606, 431, 16, 21, 0.011365212500095367
0, 371, 373, 64, 34, 0.011323577724397182
0, 297, 1268, 40, 48, 0.011119081638753414
0, 352, 389, 26, 21, 0.011092216707766056
0, 370, 379, 77, 50, 0.011049877852201462
0, 1071, 546, 22, 21, 0.01097962912172079
0, 305, 180, 68, 51, 0.01090647280216217
0, 975, 336, 21, 22, 0.010875636711716652
0, 331, 332, 26, 22, 0.010868668556213379
0, 530, 297, 23, 24, 0.010772162117064
0, 433, 641, 18, 24, 0.0107533885166049
0, 669, 450, 19, 19, 0.010524074546992779
0, 545, 251, 34, 37, 0.010502452962100506
0, 12, 317, 25, 32, 0.01046423614025116
0, 575, 1074, 45, 53, 0.010342369787395
0, 396, 587, 30, 18, 0.010237527079880238
0, 1238, 680, 28, 18, 0.010147304274141788
0, 923, 260, 47, 50, 0.010131966322660446
0, 319, 338, 26, 22, 0.010129230096936226
0, 95, 464, 32, 47, 0.010112214833498001
0, 1205, 711, 48, 23, 0.010059954598546028
0, 1062, 530, 20, 23, 0.010042043402791023
0, 938, 276, 71, 75, 0.009996818378567696
0, 853, 989, 30, 20, 0.009909435175359249
0, 1105, 473, 14, 16, 0.009851842187345028
0, 1060, 435, 41, 40, 0.009807293303310871
0, 1056, 428, 33, 33, 0.009621653705835342
0, 515, 210, 37, 33, 0.00959054660052061
0, 325, 1149, 26, 21, 0.009541848674416542
0, 934, 246, 34, 38, 0.009484261274337769
0, 803, 806, 50, 61, 0.009438300505280495
0, 1133, 1042, 55, 56, 0.00936571042984724
0, 481, 216, 51, 47, 0.00920651201158762
0, 300, 168, 22, 19, 0.009179522283375263
0, 870, 1423, 27, 23, 0.00917294155806303
0, 365, 301, 28, 24, 0.00909176655113697
0, 813, 856, 42, 31, 0.009072900749742985
0, 521, 208, 27, 27, 0.008891637437045574
0, 322, 1210, 82, 90, 0.008830031380057335
0, 1067, 495, 19, 23, 0.00880476925522089
0, 314, 215, 77, 73, 0.00857484620064497
0, 339, 1188, 44, 58, 0.008486052975058556
0, 112, 520, 45, 36, 0.008438142947852612
0, 968, 282, 28, 33, 0.008411513641476631
0, 967, 290, 28, 30, 0.008286702446639538
0, 325, 1179, 46, 35, 0.008209755644202232
0, 1250, 745, 41, 40, 0.008161164820194244
0, 1015, 358, 34, 33, 0.008137303404510021
0, 1178, 1070, 30, 25, 0.00808710977435112
0, 40, 280, 44, 46, 0.0080804955214262
0, 265, 1146, 35, 19, 0.008076788857579231
0, 933, 257, 49, 44, 0.008064630441367626
0, 325, 227, 34, 39, 0.008028572425246239
0, 228, 1068, 43, 36, 0.007889185100793839
0, 1250, 758, 28, 24, 0.007767702918499708
0, 366, 314, 28, 18, 0.007740374188870192
0, 796, 1335, 30, 21, 0.007658873684704304
0, 1221, 648, 32, 56, 0.007636335212737322
0, 46, 329, 23, 37, 0.007528106682002544
0, 245, 1199, 16, 29, 0.007510574068874121
0, 805, 1284, 46, 39, 0.007494134828448296
0, 321, 246, 93, 159, 0.00747541431337595
0, 942, 262, 71, 66, 0.007371367886662483
0, 1229, 666, 44, 34, 0.007239001803100109
0, 290, 1230, 52, 85, 0.007225460838526487
0, 135, 606, 51, 52, 0.00718314666301012
0, 290, 203, 40, 21, 0.007161249406635761
0, 70, 344, 27, 52, 0.007043329533189535
0, 93, 459, 26, 30, 0.007003370672464371
0, 922, 274, 45, 52, 0.006933373399078846
0, 93, 464, 27, 36, 0.00680391164496541
0, 51, 329, 103, 170, 0.006786061450839043
0, 334, 377, 30, 31, 0.0067573669366538525
0, 457, 590, 16, 16, 0.00675251055508852
0, 807, 790, 28, 27, 0.0067519317381083965
0, 1109, 840, 29, 24, 0.006610102020204067
0, 1021, 360, 23, 19, 0.006524533033370972
0, 496, 216, 64, 41, 0.006369642913341522
0, 129, 639, 39, 43, 0.0063389879651367664
0, 377, 360, 51, 44, 0.006297700572758913
0, 817, 1328, 19, 17, 0.0062855882570147514
0, 967, 362, 19, 19, 0.006279505789279938
0, 1054, 515, 25, 27, 0.0062691508792340755
0, 673, 554, 37, 27, 0.006264352239668369
0, 1173, 604, 41, 37, 0.006251177284866571
0, 1236, 653, 21, 22, 0.006246051751077175
0, 796, 924, 17, 20, 0.00623484468087554
0, 1145, 1052, 24, 27, 0.00621206546202302
0, 261, 1221, 21, 19, 0.006211289204657078
0, 469, 208, 24, 30, 0.00615805946290493
0, 1076, 1068, 18, 12, 0.006130228750407696
0, 621, 463, 34, 24, 0.006130217108875513
0, 1040, 469, 35, 39, 0.0060752443969249725
0, 510, 272, 23, 30, 0.00602819724008441
0, 868, 1425, 42, 47, 0.006016209255903959
0, 331, 172, 40, 33, 0.005979629699140787
0, 316, 1228, 97, 114, 0.005959260743111372
0, 59, 320, 29, 39, 0.00594113115221262
0, 1199, 737, 43, 44, 0.005903063341975212
0, 219, 1095, 53, 39, 0.005899021402001381
0, 78, 432, 16, 18, 0.005856047850102186
