0, 260, 522, 83, 85, 0.40999290347099304
0, 238, 454, 38, 24, 0.11885193735361099
0, 261, 525, 76, 72, 0.11051996797323227
0, 415, 831, 23, 18, 0.10349689424037933
0, 411, 784, 71, 62, 0.09181877225637436
0, 400, 768, 89, 90, 0.08925602585077286
0, 217, 379, 31, 25, 0.0859765037894249
0, 346, 775, 23, 27, 0.07168199121952057
0, 261, 381, 50, 35, 0.07161550968885422
0, 236, 456, 31, 22, 0.06528925895690918
0, 301, 597, 72, 60, 0.05684390664100647
0, 360, 694, 55, 44, 0.05103978142142296
0, 303, 634, 152, 171, 0.0487210713326931
0, 226, 353, 34, 19, 0.04854707792401314
0, 304, 655, 26, 24, 0.047055795788764954
0, 409, 781, 72, 57, 0.046519823372364044
0, 276, 592, 90, 60, 0.04366879165172577
0, 302, 653, 28, 24, 0.043459292501211166
0, 346, 686, 36, 17, 0.04126186668872833
0, 229, 367, 66, 53, 0.04066161811351776
0, 286, 609, 107, 99, 0.039712611585855484
0, 358, 692, 57, 39, 0.03864014893770218
0, 375, 735, 26, 19, 0.03792448714375496
0, 373, 747, 69, 46, 0.037301819771528244
0, 369, 691, 35, 41, 0.03708978742361069
0, 256, 521, 67, 72, 0.03635505214333534
0, 263, 600, 41, 37, 0.035832468420267105
0, 367, 753, 69, 61, 0.03582967817783356
0, 353, 693, 66, 44, 0.03508429229259491
0, 313, 624, 165, 193, 0.03450509160757065
0, 357, 648, 25, 31, 0.033793359994888306
0, 380, 769, 143, 145, 0.03339798375964165
0, 450, 820, 15, 13, 0.03307844325900078
0, 218, 370, 41, 44, 0.032874640077352524
0, 410, 785, 73, 61, 0.03272898867726326
0, 298, 652, 50, 47, 0.03152073547244072
0, 270, 415, 23, 17, 0.030772604048252106
0, 273, 544, 45, 31, 0.030677512288093567
0, 404, 738, 19, 20, 0.030668947845697403
0, 358, 373, 19, 18, 0.030660385265946388
0, 365, 745, 62, 38, 0.0296772588044405
0, 223, 352, 44, 26, 0.029268778860569
0, 413, 778, 66, 49, 0.029035137966275215
0, 246, 503, 48, 49, 0.026689741760492325
0, 318, 359, 20, 36, 0.026566090062260628
0, 289, 595, 73, 60, 0.026549145579338074
0, 329, 648, 32, 27, 0.026252461597323418
0, 261, 375, 34, 22, 0.02587648667395115
0, 244, 490, 33, 23, 0.02520480938255787
0, 315, 308, 26, 18, 0.02465534210205078
0, 295, 647, 49, 41, 0.024207666516304016
0, 251, 590, 37, 25, 0.024067135527729988
0, 374, 699, 23, 29, 0.023699482902884483
0, 319, 364, 18, 29, 0.02283778414130211
0, 384, 761, 130, 115, 0.022767430171370506
0, 294, 586, 43, 41, 0.022509660571813583
0, 339, 686, 28, 16, 0.022272396832704544
0, 420, 867, 18, 28, 0.02142437919974327
0, 333, 311, 16, 17, 0.02140350267291069
0, 311, 656, 44, 30, 0.02105826511979103
0, 322, 616, 18, 21, 0.020937534049153328
0, 247, 513, 42, 30, 0.02047368511557579
0, 276, 601, 69, 38, 0.02038966491818428
0, 403, 822, 58, 38, 0.02003043331205845
0, 315, 650, 53, 34, 0.01994156278669834
0, 357, 681, 59, 60, 0.019621096551418304
0, 269, 530, 53, 54, 0.019614923745393753
0, 326, 620, 23, 20, 0.01950533129274845
0, 293, 341, 32, 37, 0.019220760092139244
0, 473, 825, 18, 14, 0.019160838797688484
0, 375, 758, 52, 39, 0.01887323148548603
0, 380, 748, 66, 44, 0.01821175403892994
0, 259, 590, 27, 18, 0.01802760548889637
0, 291, 350, 30, 33, 0.01786869391798973
0, 299, 586, 43, 37, 0.01727984845638275
0, 229, 350, 47, 24, 0.017193444073200226
0, 355, 656, 38, 46, 0.01714816316962242
0, 329, 661, 39, 20, 0.017013102769851685
0, 255, 596, 44, 35, 0.016164712607860565
0, 291, 624, 121, 123, 0.015714000910520554
0, 384, 723, 121, 187, 0.015493862330913544
0, 341, 661, 22, 16, 0.015139492228627205
0, 310, 307, 36, 22, 0.015055416151881218
0, 413, 830, 22, 18, 0.014347471296787262
0, 290, 678, 13, 15, 0.014239965006709099
0, 362, 715, 55, 66, 0.014009881764650345
0, 450, 854, 16, 16, 0.013884276151657104
0, 267, 379, 61, 28, 0.013206344097852707
0, 368, 739, 37, 24, 0.013030930422246456
0, 256, 515, 33, 27, 0.012818872928619385
0, 373, 716, 29, 31, 0.012735579162836075
0, 351, 744, 37, 22, 0.01268230751156807
0, 337, 667, 104, 95, 0.012477495707571507
0, 390, 821, 21, 24, 0.012368363328278065
0, 352, 674, 75, 84, 0.012330274097621441
0, 304, 611, 93, 85, 0.012312164530158043
0, 412, 803, 30, 27, 0.012304633855819702
0, 306, 359, 49, 47, 0.01228240691125393
0, 190, 429, 18, 16, 0.012082289904356003
0, 292, 614, 103, 99, 0.012036619707942009
0, 269, 375, 31, 21, 0.012026190757751465
0, 290, 362, 83, 78, 0.011978423222899437
0, 322, 670, 30, 30, 0.01169643271714449
0, 419, 766, 28, 22, 0.011636288836598396
0, 316, 606, 32, 32, 0.011610121466219425
0, 262, 363, 133, 79, 0.011560491286218166
0, 262, 520, 53, 38, 0.011526079848408699
0, 348, 739, 36, 23, 0.01134280115365982
0, 266, 415, 40, 19, 0.01125110499560833
0, 264, 612, 21, 19, 0.011045756749808788
0, 232, 365, 71, 64, 0.010936105623841286
0, 243, 376, 68, 29, 0.010767036117613316
0, 199, 441, 19, 15, 0.010469120927155018
0, 330, 321, 61, 43, 0.010467367246747017
0, 280, 550, 36, 20, 0.010464152321219444
0, 437, 856, 20, 18, 0.010385858826339245
0, 394, 789, 34, 26, 0.010358864441514015
0, 315, 633, 50, 44, 0.010282738134264946
0, 235, 514, 25, 24, 0.010227631777524948
0, 371, 680, 24, 27, 0.010102558881044388
0, 300, 580, 29, 28, 0.010056886821985245
0, 387, 736, 47, 27, 0.01001786906272173
0, 292, 332, 27, 25, 0.009873867966234684
0, 347, 769, 23, 26, 0.009815274737775326
0, 333, 690, 254, 305, 0.00971952173858881
0, 496, 897, 13, 13, 0.00969226099550724
0, 263, 543, 27, 26, 0.00962807610630989
0, 435, 862, 43, 33, 0.009521743282675743
0, 285, 637, 29, 22, 0.009423141367733479
0, 405, 802, 25, 25, 0.00940149836242199
0, 190, 405, 17, 13, 0.009319324046373367
0, 272, 612, 33, 22, 0.009302258491516113
0, 302, 639, 62, 34, 0.009191248565912247
0, 286, 357, 83, 78, 0.009146529249846935
0, 250, 383, 31, 25, 0.00914375577121973
0, 383, 762, 78, 39, 0.00905579887330532
0, 304, 593, 52, 43, 0.009044299833476543
0, 400, 742, 29, 29, 0.008896172046661377
0, 274, 534, 52, 56, 0.008695080876350403
0, 334, 660, 249, 342, 0.008690298534929752
0, 300, 354, 32, 38, 0.008466248400509357
0, 232, 353, 58, 25, 0.00840203370898962
0, 339, 773, 34, 29, 0.008392063900828362
0, 398, 795, 46, 45, 0.00834709033370018
0, 310, 660, 58, 56, 0.00823564175516367
0, 309, 303, 33, 22, 0.00819228682667017
0, 261, 327, 19, 17, 0.008145293220877647
0, 284, 552, 30, 19, 0.008121850900352001
0, 341, 649, 57, 40, 0.008024775423109531
0, 407, 802, 84, 91, 0.007928507402539253
0, 299, 343, 45, 47, 0.00782005675137043
0, 278, 573, 48, 26, 0.007767226081341505
0, 345, 682, 44, 26, 0.007669056765735149
0, 389, 789, 33, 28, 0.0076447743922472
0, 444, 859, 29, 24, 0.007629015017300844
0, 195, 429, 26, 19, 0.007620550226420164
0, 336, 767, 52, 43, 0.007574624381959438
0, 404, 822, 50, 37, 0.007553215138614178
0, 264, 576, 32, 29, 0.00747474143281579
0, 238, 502, 35, 35, 0.00720977783203125
0, 392, 367, 14, 11, 0.007167595438659191
0, 413, 826, 40, 28, 0.007147633470594883
0, 328, 633, 39, 44, 0.006979845929890871
0, 371, 719, 116, 187, 0.006822830066084862
0, 258, 535, 58, 47, 0.006476369220763445
0, 427, 769, 32, 25, 0.006441858131438494
0, 253, 507, 35, 29, 0.006395156029611826
0, 321, 610, 37, 30, 0.0063872975297272205
0, 330, 677, 50, 35, 0.006310449447482824
0, 420, 872, 14, 21, 0.0061962781473994255
0, 408, 767, 43, 29, 0.006125495303422213
0, 349, 336, 22, 16, 0.006049497053027153
0, 333, 685, 56, 27, 0.0060157072730362415
0, 346, 720, 23, 15, 0.00600789999589324
0, 257, 603, 46, 49, 0.006003354210406542
0, 363, 673, 53, 81, 0.005967075936496258
0, 293, 580, 28, 29, 0.005678307265043259
0, 396, 780, 34, 26, 0.00565424095839262
0, 315, 348, 16, 19, 0.005493704229593277
0, 349, 638, 11, 14, 0.00541961845010519
0, 427, 781, 39, 39, 0.005354471504688263
0, 381, 346, 31, 19, 0.005319766700267792
0, 356, 340, 20, 17, 0.005287264473736286
0, 334, 701, 37, 19, 0.005243308842182159
0, 214, 360, 32, 34, 0.005120822694152594
0, 222, 381, 22, 20, 0.005083320662379265
0, 311, 305, 28, 19, 0.005043570883572102
0, 280, 381, 30, 22, 0.004881452769041061
0, 277, 549, 47, 27, 0.004867766052484512
0, 318, 761, 21, 21, 0.004867666866630316
0, 249, 394, 25, 20, 0.0047368258237838745
0, 238, 493, 32, 23, 0.004595641046762466
0, 339, 621, 18, 18, 0.0045713139697909355
0, 222, 349, 42, 22, 0.004434887319803238
0, 238, 521, 39, 39, 0.004423217847943306
0, 336, 317, 33, 27, 0.004359539598226547
0, 277, 634, 20, 17, 0.004310435149818659
0, 309, 680, 54, 36, 0.004207942634820938
0, 212, 373, 25, 27, 0.004133960232138634
0, 361, 704, 72, 132, 0.004064410459250212
0, 336, 716, 32, 23, 0.004021641798317432
0, 238, 390, 43, 31, 0.003968181554228067
0, 280, 359, 71, 61, 0.003938217647373676
0, 389, 765, 84, 37, 0.003783210413530469
0, 297, 369, 64, 49, 0.003732370911166072
0, 300, 329, 18, 18, 0.0037133372388780117
0, 224, 385, 41, 45, 0.003691746387630701
0, 320, 319, 69, 41, 0.0036568972282111645
0, 318, 313, 62, 45, 0.003645701101049781
0, 388, 345, 22, 15, 0.0035497990902513266
0, 305, 285, 36, 20, 0.0035362138878554106
0, 250, 490, 31, 25, 0.0035163352731615305
0, 428, 820, 31, 17, 0.0035046704579144716
0, 287, 643, 47, 37, 0.003462144872173667
0, 328, 768, 42, 38, 0.0033779991790652275
0, 256, 394, 29, 20, 0.003372595179826021
0, 420, 796, 47, 41, 0.0033672444988042116
0, 283, 342, 57, 46, 0.003359056543558836
0, 318, 308, 59, 36, 0.003257709788158536
0, 303, 582, 41, 31, 0.0031927060335874557
0, 279, 370, 118, 83, 0.003156946273520589
0, 342, 737, 29, 21, 0.003129763063043356
0, 473, 846, 13, 15, 0.0031256596557796
0, 345, 745, 32, 24, 0.0030636528972536325
0, 363, 760, 68, 61, 0.002998324576765299
0, 254, 579, 46, 35, 0.0029879084322601557
0, 273, 613, 41, 54, 0.0028664416167885065
0, 437, 857, 61, 49, 0.0028582443483173847
0, 262, 513, 90, 103, 0.002767815487459302
0, 269, 552, 91, 143, 0.002745234640315175
0, 436, 865, 52, 42, 0.0026935734786093235
0, 195, 435, 30, 29, 0.0026820336934179068
0, 430, 789, 32, 22, 0.002647396642714739
0, 358, 704, 67, 85, 0.0026096943765878677
0, 225, 365, 68, 63, 0.0026056887581944466
0, 339, 335, 32, 21, 0.0025876446161419153
0, 272, 547, 49, 32, 0.0025754119269549847
0, 354, 642, 26, 28, 0.0025592404417693615
0, 423, 855, 18, 26, 0.0025426356587558985
0, 398, 765, 98, 97, 0.002499930327758193
0, 300, 366, 229, 165, 0.002482193987816572
0, 477, 919, 15, 15, 0.002407192485406995
0, 305, 636, 155, 179, 0.0024007840547710657
0, 357, 750, 73, 96, 0.002374769654124975
0, 342, 329, 32, 27, 0.002306331880390644
0, 318, 380, 17, 19, 0.002275970298796892
0, 316, 642, 152, 159, 0.0022677320521324873
0, 411, 762, 55, 76, 0.0022283578291535378
0, 219, 501, 42, 28, 0.002208088291808963
0, 303, 358, 80, 74, 0.002200972754508257
0, 375, 766, 119, 117, 0.002164030447602272
0, 230, 511, 48, 51, 0.0020947721786797047
0, 494, 868, 15, 13, 0.0020928015001118183
0, 408, 771, 94, 91, 0.002090149326249957
0, 268, 397, 65, 31, 0.002089432207867503
0, 377, 350, 23, 18, 0.0020891360472887754
0, 404, 329, 13, 17, 0.0020220447331666946
0, 275, 521, 36, 34, 0.002015697071328759
0, 387, 819, 32, 28, 0.0020115277729928493
0, 384, 723, 153, 176, 0.0019020341569557786
0, 246, 357, 39, 20, 0.0018651285208761692
0, 355, 375, 22, 18, 0.0018597188172861934
0, 325, 703, 26, 16, 0.001859330222941935
0, 207, 502, 20, 19, 0.001760090934112668
0, 380, 725, 33, 35, 0.0017536876257508993
0, 238, 453, 36, 24, 0.001716148923151195
0, 329, 628, 250, 413, 0.0017092337366193533
0, 300, 352, 64, 70, 0.001663871225900948
0, 409, 738, 31, 31, 0.0016519755590707064
0, 290, 416, 79, 29, 0.0016451738774776459
0, 278, 332, 54, 26, 0.0016331722727045417
0, 361, 376, 29, 24, 0.001624655444175005
0, 388, 353, 22, 18, 0.0015262339729815722
0, 287, 634, 123, 153, 0.0015229079872369766
0, 349, 336, 63, 38, 0.0014873247127979994
0, 287, 652, 47, 50, 0.0014299183385446668
0, 264, 371, 142, 84, 0.001425176509656012
0, 259, 511, 51, 40, 0.001408168114721775
0, 353, 676, 87, 92, 0.0013956743059679866
0, 220, 530, 17, 21, 0.0013680029660463333
0, 250, 561, 23, 14, 0.0013482709182426333
0, 313, 600, 63, 49, 0.0013387346407398582
0, 407, 787, 104, 98, 0.0013202002737671137
0, 409, 807, 117, 85, 0.001269340282306075
0, 425, 829, 56, 30, 0.0012648670235648751
0, 189, 410, 20, 20, 0.0011995084350928664
0, 316, 417, 23, 17, 0.0011945485603064299
0, 281, 560, 120, 160, 0.0011912748450413346
0, 337, 696, 236, 304, 0.0011858439538627863
0, 322, 717, 23, 22, 0.0011708339443430305
0, 362, 650, 39, 43, 0.0011480586836114526
0, 213, 376, 46, 38, 0.0011442804243415594
0, 293, 682, 21, 24, 0.0011050343746319413
0, 299, 298, 38, 29, 0.0010762992314994335
0, 254, 413, 35, 19, 0.0010750546352937818
0, 449, 833, 25, 34, 0.0010475891176611185
0, 349, 744, 94, 134, 0.0010305964387953281
0, 313, 343, 66, 72, 0.001026125974021852
0, 280, 399, 32, 18, 0.0010248858015984297
0, 320, 420, 58, 28, 0.0010088124545291066
