0, 205, 937, 112, 145, 0.6362746357917786
0, 266, 723, 24, 24, 0.10539830476045609
0, 193, 977, 52, 63, 0.10462698340415955
0, 193, 811, 16, 23, 0.09230592846870422
0, 327, 777, 45, 46, 0.07420926541090012
0, 439, 462, 24, 22, 0.07078026980161667
0, 176, 867, 25, 21, 0.0649697408080101
0, 365, 691, 17, 16, 0.0637713149189949
0, 283, 761, 54, 46, 0.061870090663433075
0, 292, 680, 23, 14, 0.056986697018146515
0, 178, 841, 13, 14, 0.053809184581041336
0, 342, 505, 18, 19, 0.05026101693511009
0, 294, 807, 27, 26, 0.04894944280385971
0, 670, 164, 17, 27, 0.04376748949289322
0, 311, 810, 17, 15, 0.04326913133263588
0, 221, 895, 52, 58, 0.04144560545682907
0, 340, 702, 25, 18, 0.03929805010557175
0, 228, 811, 19, 14, 0.03317161649465561
0, 223, 908, 51, 60, 0.02868778072297573
0, 232, 919, 39, 39, 0.02735438570380211
0, 384, 593, 35, 32, 0.026313288137316704
0, 301, 730, 40, 26, 0.0262503270059824
0, 328, 785, 40, 31, 0.0258907750248909
0, 232, 808, 25, 16, 0.02431664988398552
0, 183, 919, 27, 28, 0.023233337327837944
0, 305, 761, 118, 109, 0.022272910922765732
0, 270, 769, 25, 21, 0.01982506923377514
0, 183, 916, 26, 26, 0.018635723739862442
0, 162, 893, 20, 14, 0.01789172925055027
0, 167, 953, 39, 38, 0.017687402665615082
0, 192, 966, 35, 35, 0.016660219058394432
0, 187, 971, 52, 52, 0.01601714827120304
0, 226, 920, 27, 29, 0.015877099707722664
0, 190, 966, 65, 80, 0.015726381912827492
0, 175, 951, 32, 31, 0.015444246120750904
0, 336, 790, 23, 18, 0.015260539948940277
0, 211, 910, 87, 83, 0.015238672494888306
0, 239, 793, 38, 24, 0.01515391655266285
0, 289, 806, 23, 25, 0.014924741350114346
0, 171, 945, 26, 19, 0.014843637123703957
0, 304, 731, 37, 26, 0.014445816166698933
0, 276, 751, 36, 28, 0.01405025739222765
0, 284, 769, 62, 35, 0.013950107619166374
0, 281, 748, 31, 19, 0.013377735391259193
0, 191, 920, 44, 37, 0.01330494973808527
0, 292, 726, 20, 17, 0.013221079483628273
0, 231, 798, 25, 28, 0.012730821035802364
0, 212, 893, 37, 38, 0.012423861771821976
0, 184, 964, 46, 47, 0.012025664560496807
0, 314, 789, 57, 47, 0.011810766533017159
0, 169, 964, 25, 33, 0.011681878007948399
0, 318, 779, 24, 26, 0.011666962876915932
0, 330, 778, 55, 45, 0.011216036975383759
0, 403, 622, 18, 16, 0.011061680503189564
0, 324, 767, 37, 37, 0.011017571203410625
0, 197, 910, 56, 58, 0.010908504948019981
0, 211, 955, 20, 22, 0.010785626247525215
0, 249, 796, 19, 16, 0.010761242359876633
0, 223, 884, 47, 37, 0.010446179658174515
0, 391, 588, 52, 38, 0.010297797620296478
0, 380, 597, 16, 22, 0.010230972431600094
0, 268, 772, 20, 21, 0.010185164399445057
0, 173, 945, 23, 17, 0.010128767229616642
0, 289, 680, 19, 12, 0.009628580883145332
0, 296, 652, 12, 14, 0.009296831674873829
0, 211, 934, 89, 90, 0.009219787083566189
0, 269, 825, 19, 24, 0.008800771087408066
0, 407, 622, 27, 20, 0.008741061203181744
0, 438, 634, 18, 20, 0.008711680769920349
0, 303, 814, 38, 28, 0.008703893050551414
0, 224, 924, 57, 52, 0.008675825782120228
0, 194, 935, 74, 94, 0.008546467870473862
0, 304, 777, 99, 80, 0.008305206894874573
0, 303, 813, 33, 26, 0.00816455390304327
0, 200, 968, 38, 48, 0.008061240427196026
0, 368, 685, 24, 26, 0.007970655336976051
0, 233, 909, 29, 24, 0.007845507934689522
0, 173, 866, 25, 20, 0.007791587617248297
0, 283, 769, 223, 182, 0.0077131567522883415
0, 324, 630, 23, 19, 0.007651947438716888
0, 212, 900, 43, 38, 0.007630127016454935
0, 373, 618, 12, 15, 0.0075118327513337135
0, 285, 732, 64, 40, 0.0073882704600691795
0, 265, 728, 23, 17, 0.006840356159955263
0, 154, 957, 21, 26, 0.006711754947900772
0, 307, 727, 51, 33, 0.006687673274427652
0, 199, 978, 37, 51, 0.006637804675847292
0, 618, 242, 20, 14, 0.006523982621729374
0, 289, 750, 65, 49, 0.006352054420858622
0, 141, 897, 15, 18, 0.006347171496599913
0, 289, 763, 48, 27, 0.006268473342061043
0, 315, 769, 38, 38, 0.006205719895660877
0, 301, 800, 48, 28, 0.006133122835308313
0, 342, 699, 29, 20, 0.006104527972638607
0, 332, 766, 51, 37, 0.005932146217674017
0, 322, 727, 86, 42, 0.005883427802473307
0, 205, 901, 35, 34, 0.005820287857204676
0, 502, 498, 31, 15, 0.00572420796379447
0, 437, 602, 24, 17, 0.005667507648468018
0, 308, 756, 114, 104, 0.005615340545773506
0, 574, 448, 16, 16, 0.005523583386093378
0, 341, 718, 29, 23, 0.0055028037168085575
0, 216, 886, 35, 38, 0.0054554929956793785
0, 416, 627, 50, 31, 0.005090425256639719
0, 168, 971, 39, 57, 0.005031570792198181
0, 340, 730, 55, 45, 0.004594543948769569
0, 310, 746, 102, 83, 0.004467419348657131
0, 216, 943, 36, 46, 0.004462491255253553
0, 405, 627, 33, 30, 0.004339884035289288
0, 410, 649, 22, 15, 0.004184931982308626
0, 321, 790, 58, 50, 0.0041246735490858555
0, 153, 962, 16, 20, 0.0040861135348677635
0, 197, 991, 35, 35, 0.004022298846393824
0, 321, 658, 24, 20, 0.004011032171547413
0, 235, 931, 32, 18, 0.0039984737522900105
0, 329, 756, 57, 36, 0.0039938827976584435
0, 374, 605, 31, 37, 0.003977423533797264
0, 375, 592, 19, 23, 0.003971915226429701
0, 314, 652, 38, 22, 0.0038837091997265816
0, 434, 602, 23, 16, 0.00385635276325047
0, 354, 607, 25, 13, 0.00379541446454823
0, 264, 768, 44, 33, 0.0037878607399761677
0, 428, 633, 41, 29, 0.0037703358102589846
0, 176, 934, 45, 59, 0.0037120147608220577
0, 353, 738, 23, 14, 0.003587295999750495
0, 423, 646, 50, 20, 0.003558582393452525
0, 324, 528, 11, 11, 0.003538997145369649
0, 673, 162, 22, 26, 0.0035219404380768538
0, 106, 1011, 21, 31, 0.003501594765111804
0, 325, 725, 56, 27, 0.00345784705132246
0, 496, 540, 19, 16, 0.0033803789410740137
0, 261, 782, 48, 43, 0.0033714238088577986
0, 229, 898, 42, 56, 0.0033428750466555357
0, 341, 750, 33, 21, 0.003291577100753784
0, 312, 769, 101, 89, 0.0032833837904036045
0, 348, 767, 20, 15, 0.0032667149789631367
0, 264, 724, 32, 28, 0.0032376109156757593
0, 294, 773, 140, 105, 0.003209940157830715
0, 391, 600, 56, 34, 0.0031791727524250746
0, 391, 587, 50, 38, 0.003160471562296152
0, 560, 281, 21, 14, 0.0031119599007070065
0, 287, 800, 21, 15, 0.0031057146843522787
0, 312, 304, 15, 17, 0.0030811731703579426
0, 319, 635, 32, 25, 0.0030767517164349556
0, 322, 651, 24, 15, 0.0029933196492493153
0, 232, 882, 33, 26, 0.0029341105837374926
0, 438, 463, 26, 23, 0.0029031604062765837
0, 316, 660, 35, 27, 0.002889759372919798
0, 240, 785, 31, 22, 0.00288134953007102
0, 204, 995, 21, 26, 0.002857461804524064
0, 273, 831, 16, 18, 0.002792604500427842
0, 574, 453, 18, 16, 0.0027166258078068495
0, 212, 912, 88, 93, 0.0026757263112813234
0, 439, 463, 27, 26, 0.002655601594597101
0, 669, 166, 18, 26, 0.002525465330109
0, 266, 775, 89, 74, 0.002500945935025811
0, 252, 798, 75, 50, 0.0024713778402656317
0, 206, 976, 61, 66, 0.0024469972122460604
0, 399, 579, 21, 16, 0.0024203979410231113
0, 338, 708, 32, 30, 0.002371222712099552
0, 468, 542, 11, 11, 0.002339569153264165
0, 500, 494, 40, 18, 0.0022453225683420897
0, 648, 299, 12, 14, 0.0022149074357002974
0, 495, 537, 19, 14, 0.0022089099511504173
0, 412, 602, 21, 16, 0.0021974798291921616
0, 330, 719, 83, 61, 0.002183758420869708
0, 161, 969, 32, 56, 0.0021174356807023287
0, 347, 744, 31, 21, 0.0021136286668479443
0, 473, 590, 13, 12, 0.0020849609281867743
0, 318, 745, 102, 91, 0.002083434723317623
0, 241, 801, 53, 29, 0.0019814057741314173
0, 206, 963, 53, 55, 0.0019591732416301966
0, 349, 720, 36, 21, 0.0019206784199923277
0, 483, 563, 25, 13, 0.00190633162856102
0, 310, 785, 97, 78, 0.0018752125324681401
0, 228, 936, 45, 50, 0.001787711982615292
0, 167, 992, 20, 23, 0.0017856097547337413
0, 563, 447, 56, 31, 0.001725897891446948
0, 560, 460, 28, 14, 0.0017042079707607627
0, 202, 941, 113, 143, 0.0016967455158010125
0, 331, 798, 40, 32, 0.0016404477646574378
0, 104, 1001, 11, 11, 0.001637053326703608
0, 585, 427, 29, 17, 0.001636330969631672
0, 438, 644, 22, 14, 0.0016121483640745282
0, 573, 425, 24, 14, 0.001555333030410111
0, 428, 485, 13, 15, 0.001465839915908873
0, 314, 306, 17, 21, 0.0014656402636319399
0, 348, 605, 30, 18, 0.0014637496788054705
0, 173, 856, 35, 42, 0.001451624440960586
0, 588, 417, 38, 26, 0.0014503489946946502
0, 258, 777, 82, 82, 0.0014399120118469
0, 186, 909, 61, 44, 0.0014218491269275546
0, 576, 417, 47, 28, 0.0013794859405606985
0, 314, 665, 58, 45, 0.0013690319610759616
0, 191, 812, 14, 26, 0.0012878633569926023
0, 408, 646, 27, 20, 0.0012718059588223696
0, 345, 312, 12, 11, 0.0012198776239529252
0, 544, 443, 22, 12, 0.0011852466268464923
0, 391, 596, 74, 54, 0.0011556338286027312
0, 419, 623, 59, 37, 0.0011533326469361782
0, 362, 688, 21, 27, 0.0011346758110448718
0, 264, 753, 45, 63, 0.0010724273743107915
0, 494, 498, 51, 22, 0.0010716496035456657
0, 337, 778, 52, 41, 0.0010368875227868557
0, 226, 874, 30, 17, 0.0010293885134160519
0, 177, 996, 17, 21, 0.0010062638903036714
0, 304, 305, 37, 21, 0.0009904527105391026
0, 543, 366, 18, 12, 0.0009163936483673751
0, 232, 788, 31, 28, 0.0009123320342041552
0, 413, 563, 10, 10, 0.0009063424658961594
0, 449, 461, 50, 28, 0.0008952845819294453
0, 365, 691, 24, 19, 0.0008802585070952773
0, 581, 442, 37, 20, 0.0008490741020068526
0, 344, 592, 17, 11, 0.0008450915920548141
0, 377, 611, 21, 35, 0.0008441313984803855
0, 559, 418, 27, 21, 0.000806965574156493
0, 566, 423, 41, 23, 0.0007965238182805479
0, 398, 587, 58, 34, 0.0007954342290759087
0, 318, 716, 70, 35, 0.0007952474406920373
0, 557, 470, 23, 26, 0.0007577704964205623
0, 309, 813, 46, 33, 0.0007430461701005697
0, 365, 685, 32, 29, 0.0007273184601217508
0, 362, 612, 40, 24, 0.0007216312224045396
0, 270, 806, 23, 21, 0.0007051155553199351
0, 428, 596, 88, 36, 0.0006975861615501344
0, 175, 854, 30, 46, 0.0006921626045368612
0, 203, 951, 124, 163, 0.0006858925917185843
0, 322, 626, 21, 19, 0.000678258656989783
0, 519, 371, 22, 17, 0.0006666676490567625
0, 229, 959, 45, 37, 0.000660999387037009
0, 286, 769, 124, 105, 0.0006574628059752285
0, 437, 479, 30, 29, 0.0006565558142028749
0, 686, 144, 12, 15, 0.0006515386048704386
0, 281, 773, 152, 109, 0.0006274128681980073
0, 275, 831, 17, 18, 0.00062507763504982
0, 618, 358, 20, 18, 0.000619701633695513
0, 172, 843, 29, 22, 0.0006082953768782318
0, 454, 598, 68, 31, 0.0006042873719707131
0, 480, 563, 29, 11, 0.000599523598793894
0, 484, 569, 32, 20, 0.0005921326228417456
0, 219, 876, 31, 23, 0.0005862198304384947
0, 493, 492, 44, 15, 0.0005809551803395152
0, 358, 597, 47, 43, 0.0005770870484411716
0, 257, 838, 30, 19, 0.0005741463974118233
0, 164, 952, 44, 39, 0.0005722268833778799
0, 490, 542, 36, 20, 0.0005701692425645888
0, 310, 727, 106, 62, 0.0005474059726111591
0, 532, 469, 12, 13, 0.0005452688201330602
0, 403, 576, 35, 31, 0.000544920505490154
0, 188, 808, 30, 38, 0.0005199029110372066
0, 595, 410, 29, 28, 0.0005133126978762448
0, 279, 726, 55, 52, 0.0005124825402162969
0, 576, 373, 10, 8, 0.0005090684280730784
0, 444, 595, 37, 30, 0.0004971075686626136
0, 297, 714, 32, 26, 0.0004910534480586648
0, 313, 659, 56, 45, 0.00048542802687734365
0, 245, 773, 46, 30, 0.0004814720887225121
0, 675, 162, 31, 47, 0.0004774404806084931
0, 169, 881, 47, 85, 0.0004761597083415836
0, 422, 702, 15, 13, 0.0004756477428600192
0, 599, 403, 13, 13, 0.0004670365888159722
0, 640, 267, 16, 16, 0.0004668347246479243
0, 276, 844, 264, 345, 0.0004652937932405621
0, 329, 698, 66, 31, 0.00046446023043245077
0, 301, 679, 38, 18, 0.000464237411506474
0, 337, 789, 44, 21, 0.0004625107685569674
0, 379, 588, 38, 36, 0.0004623326822184026
0, 494, 559, 46, 17, 0.00045821486855857074
0, 443, 460, 30, 33, 0.0004522729432210326
0, 515, 536, 23, 16, 0.00044900632929056883
0, 373, 598, 86, 53, 0.0004389695532154292
0, 265, 716, 26, 25, 0.0004368492227513343
0, 260, 825, 31, 22, 0.0004361106548458338
0, 318, 628, 33, 29, 0.00042668773676268756
0, 671, 164, 26, 31, 0.0004255698586348444
0, 324, 606, 16, 17, 0.0004233240324538201
0, 324, 765, 102, 95, 0.0004223161959089339
0, 564, 461, 47, 38, 0.0004197933303657919
0, 351, 699, 52, 35, 0.000419095391407609
0, 506, 540, 44, 23, 0.00040450331289321184
0, 405, 568, 32, 25, 0.0004042716172989458
0, 567, 282, 32, 19, 0.00040104612708091736
0, 401, 614, 102, 77, 0.0003997289459221065
0, 394, 625, 39, 31, 0.00039684088551439345
0, 225, 803, 67, 43, 0.000395316572394222
0, 513, 455, 29, 16, 0.00038540319656021893
0, 310, 693, 75, 42, 0.00038417891482822597
0, 108, 1019, 17, 21, 0.0003756562655325979
0, 590, 409, 37, 29, 0.00037303808494471014
0, 175, 911, 44, 36, 0.0003720897657331079
0, 485, 494, 80, 25, 0.0003719711385201663
0, 574, 403, 20, 18, 0.0003677835629787296
0, 592, 428, 27, 15, 0.00036772186285816133
0, 494, 538, 25, 17, 0.0003648035053629428
0, 178, 332, 11, 13, 0.00036000783438794315
0, 479, 588, 29, 14, 0.00035282588214613497
0, 462, 591, 32, 17, 0.0003459823492448777
0, 153, 895, 33, 21, 0.00034528167452663183
0, 686, 147, 10, 19, 0.000343670864822343
0, 441, 457, 37, 34, 0.0003391197242308408
