0, 176, 955, 20, 23, 0.3297157883644104
0, 187, 381, 50, 56, 0.2956499457359314
0, 150, 787, 37, 50, 0.20957772433757782
0, 201, 983, 19, 23, 0.17830334603786469
0, 234, 441, 11, 15, 0.1782192885875702
0, 196, 428, 22, 17, 0.1660178005695343
0, 165, 717, 18, 18, 0.16493086516857147
0, 217, 664, 43, 32, 0.1616731435060501
0, 173, 541, 19, 13, 0.1568654626607895
0, 192, 911, 21, 42, 0.15168364346027374
0, 224, 608, 30, 34, 0.15052463114261627
0, 152, 956, 96, 112, 0.14531093835830688
0, 164, 666, 11, 21, 0.13883118331432343
0, 181, 1008, 21, 14, 0.1352161169052124
0, 190, 603, 13, 19, 0.13015003502368927
0, 231, 360, 16, 16, 0.12393815070390701
0, 157, 979, 59, 42, 0.12185512483119965
0, 191, 914, 25, 38, 0.10754763334989548
0, 145, 170, 22, 12, 0.10469195991754532
0, 229, 601, 14, 17, 0.10130860656499863
0, 223, 708, 10, 18, 0.09138943254947662
0, 224, 621, 16, 19, 0.08882220834493637
0, 198, 426, 20, 13, 0.08857173472642899
0, 146, 802, 23, 19, 0.08813142031431198
0, 195, 473, 22, 39, 0.08659902215003967
0, 196, 474, 27, 43, 0.08630049973726273
0, 166, 620, 27, 28, 0.0835101455450058
0, 159, 925, 31, 43, 0.08217872679233551
0, 187, 652, 16, 15, 0.08201056718826294
0, 212, 665, 52, 29, 0.0798366591334343
0, 239, 580, 27, 19, 0.07373185455799103
0, 259, 252, 40, 48, 0.0735524371266365
0, 157, 828, 22, 18, 0.0728989839553833
0, 119, 956, 21, 20, 0.07043468952178955
0, 156, 938, 17, 27, 0.0696975365281105
0, 259, 504, 11, 23, 0.06772217154502869
0, 205, 563, 20, 22, 0.06743110716342926
0, 119, 867, 23, 30, 0.06290881335735321
0, 252, 210, 13, 22, 0.06143627315759659
0, 258, 508, 16, 37, 0.061185941100120544
0, 159, 1028, 25, 14, 0.060384005308151245
0, 156, 969, 22, 16, 0.059003327041864395
0, 171, 473, 15, 23, 0.05808922275900841
0, 241, 580, 26, 18, 0.05792064964771271
0, 226, 610, 25, 42, 0.05658179149031639
0, 231, 418, 9, 13, 0.05647089704871178
0, 200, 530, 20, 14, 0.05580170452594757
0, 171, 619, 13, 22, 0.05423906072974205
0, 145, 979, 35, 37, 0.052965350449085236
0, 262, 246, 62, 90, 0.052012864500284195
0, 169, 716, 31, 29, 0.05179370939731598
0, 159, 830, 16, 18, 0.05041169747710228
0, 166, 727, 33, 44, 0.05026501044631004
0, 183, 1007, 24, 16, 0.04973128065466881
0, 177, 357, 28, 23, 0.04790382459759712
0, 130, 822, 17, 20, 0.04772021248936653
0, 170, 877, 31, 25, 0.04768885672092438
0, 118, 873, 28, 41, 0.04721914604306221
0, 185, 376, 50, 63, 0.04530834034085274
0, 185, 753, 13, 15, 0.04422217234969139
0, 146, 272, 11, 17, 0.043603286147117615
0, 164, 876, 40, 32, 0.04345563054084778
0, 264, 381, 25, 19, 0.04241098463535309
0, 218, 148, 17, 14, 0.041343800723552704
0, 260, 262, 31, 35, 0.04047155752778053
0, 183, 383, 38, 48, 0.04015783965587616
0, 156, 946, 93, 118, 0.039980895817279816
0, 119, 294, 24, 14, 0.03986671194434166
0, 262, 243, 44, 63, 0.0396668016910553
0, 119, 963, 30, 36, 0.03954204171895981
0, 158, 778, 17, 30, 0.038918036967515945
0, 189, 612, 13, 27, 0.03870872035622597
0, 192, 900, 16, 20, 0.038632892072200775
0, 256, 260, 43, 64, 0.03803034871816635
0, 167, 950, 42, 45, 0.03686976060271263
0, 187, 392, 46, 37, 0.03683760389685631
0, 158, 411, 12, 13, 0.03582857921719551
0, 255, 257, 28, 24, 0.032653506845235825
0, 182, 789, 20, 29, 0.032386429607868195
0, 259, 598, 14, 15, 0.032183196395635605
0, 172, 709, 32, 34, 0.03137369081377983
0, 151, 430, 9, 15, 0.031056668609380722
0, 121, 887, 32, 40, 0.030437542125582695
0, 209, 747, 29, 21, 0.030362935736775398
0, 164, 714, 29, 23, 0.029449382796883583
0, 174, 783, 32, 35, 0.028914643451571465
0, 194, 579, 12, 18, 0.02887856960296631
0, 144, 767, 26, 21, 0.028461260721087456
0, 152, 826, 23, 18, 0.027580389752984047
0, 144, 880, 15, 15, 0.026845527812838554
0, 185, 378, 53, 68, 0.026657473295927048
0, 126, 962, 15, 21, 0.026477694511413574
0, 181, 380, 65, 75, 0.026346581056714058
0, 164, 127, 24, 17, 0.026212021708488464
0, 200, 484, 16, 19, 0.0257856547832489
0, 250, 199, 21, 43, 0.02571241557598114
0, 156, 925, 26, 41, 0.025693735107779503
0, 167, 831, 51, 27, 0.025429805740714073
0, 118, 935, 23, 24, 0.025416174903512
0, 174, 1025, 40, 16, 0.025239123031497
0, 155, 916, 19, 19, 0.025041529908776283
0, 152, 969, 22, 18, 0.024750031530857086
0, 186, 1022, 17, 13, 0.024292390793561935
0, 160, 868, 46, 45, 0.023848189041018486
0, 163, 882, 46, 43, 0.023315442726016045
0, 149, 783, 36, 51, 0.023117676377296448
0, 181, 443, 22, 14, 0.023108890280127525
0, 179, 848, 14, 16, 0.023074328899383545
0, 149, 987, 33, 26, 0.022518502548336983
0, 149, 866, 23, 37, 0.02241724543273449
0, 114, 904, 17, 17, 0.022389644756913185
0, 139, 765, 19, 14, 0.022311707958579063
0, 187, 437, 27, 22, 0.02229824662208557
0, 207, 743, 42, 31, 0.022010980173945427
0, 149, 855, 22, 26, 0.02156299352645874
0, 154, 989, 26, 25, 0.02154928632080555
0, 240, 582, 28, 23, 0.021102333441376686
0, 153, 915, 16, 19, 0.020714927464723587
0, 183, 846, 30, 30, 0.020477868616580963
0, 234, 167, 39, 27, 0.02016124688088894
0, 170, 981, 29, 20, 0.019868871197104454
0, 172, 838, 64, 39, 0.01975754089653492
0, 171, 726, 35, 36, 0.019544245675206184
0, 187, 836, 37, 26, 0.019175617024302483
0, 162, 668, 17, 27, 0.019148197025060654
0, 138, 984, 23, 21, 0.01892244443297386
0, 174, 786, 34, 30, 0.018828706815838814
0, 151, 827, 38, 29, 0.01862328313291073
0, 108, 969, 11, 23, 0.018539417535066605
0, 213, 746, 30, 19, 0.01823928952217102
0, 201, 766, 14, 10, 0.018212195485830307
0, 158, 742, 11, 17, 0.01803666539490223
0, 159, 789, 68, 63, 0.018022293224930763
0, 195, 465, 15, 18, 0.01800932176411152
0, 257, 241, 37, 60, 0.01789148710668087
0, 193, 757, 29, 27, 0.017284560948610306
0, 154, 932, 30, 53, 0.017208309844136238
0, 271, 229, 15, 14, 0.017193356528878212
0, 247, 186, 15, 15, 0.016892939805984497
0, 117, 325, 27, 24, 0.01674959622323513
0, 211, 806, 17, 12, 0.016423625871539116
0, 164, 401, 25, 27, 0.016388121992349625
0, 166, 622, 23, 28, 0.015776243060827255
0, 154, 786, 37, 50, 0.015061425976455212
0, 175, 383, 49, 65, 0.014316460117697716
0, 152, 561, 11, 18, 0.014266127720475197
0, 173, 957, 31, 30, 0.014188091270625591
0, 153, 1027, 25, 15, 0.014050977304577827
0, 263, 397, 22, 17, 0.014039388857781887
0, 173, 394, 27, 32, 0.0140322744846344
0, 125, 956, 39, 36, 0.013975009322166443
0, 264, 377, 23, 15, 0.013789856806397438
0, 214, 664, 48, 32, 0.013753267005085945
0, 215, 127, 17, 13, 0.013700053095817566
0, 107, 317, 11, 15, 0.013381663709878922
0, 168, 473, 16, 21, 0.013213442638516426
0, 243, 164, 18, 19, 0.012724589556455612
0, 114, 972, 20, 41, 0.012675399892032146
0, 128, 889, 17, 20, 0.012363412417471409
0, 192, 135, 16, 15, 0.01234783511608839
0, 147, 955, 81, 82, 0.01226805616170168
0, 202, 569, 25, 35, 0.012137978337705135
0, 166, 1009, 62, 29, 0.012137790210545063
0, 196, 479, 23, 29, 0.012106320820748806
0, 179, 913, 52, 52, 0.011985167860984802
0, 156, 785, 61, 58, 0.011970828287303448
0, 189, 733, 14, 14, 0.011779041960835457
0, 196, 527, 26, 18, 0.011537373997271061
0, 182, 358, 38, 30, 0.011386588215827942
0, 150, 790, 62, 58, 0.011290496215224266
0, 149, 668, 11, 19, 0.011077414266765118
0, 267, 228, 23, 21, 0.010891200974583626
0, 180, 782, 27, 39, 0.010713531635701656
0, 161, 860, 88, 84, 0.010626626200973988
0, 115, 930, 15, 17, 0.010624093934893608
0, 181, 935, 56, 98, 0.01029871590435505
0, 188, 371, 47, 49, 0.010175376199185848
0, 136, 991, 16, 19, 0.010121689178049564
0, 159, 911, 104, 198, 0.01004962157458067
0, 201, 985, 20, 34, 0.009848005138337612
0, 109, 975, 13, 26, 0.009811452589929104
0, 157, 926, 105, 179, 0.00952401477843523
0, 117, 309, 32, 43, 0.009364047087728977
0, 149, 1011, 11, 12, 0.009197669103741646
0, 151, 694, 10, 17, 0.009003453887999058
0, 117, 961, 33, 46, 0.008951637893915176
0, 251, 279, 34, 32, 0.008937295526266098
0, 168, 995, 56, 44, 0.008662618696689606
0, 249, 151, 20, 15, 0.008526712656021118
0, 231, 811, 8, 11, 0.008398101665079594
0, 173, 893, 42, 52, 0.008381103165447712
0, 166, 935, 53, 64, 0.008379776030778885
0, 154, 774, 24, 27, 0.008379288949072361
0, 209, 128, 28, 16, 0.008231627754867077
0, 170, 126, 37, 21, 0.008051561191678047
0, 118, 860, 24, 23, 0.007997582666575909
0, 238, 586, 33, 33, 0.00789338443428278
0, 259, 225, 38, 74, 0.007750357501208782
0, 119, 805, 12, 15, 0.007710394449532032
0, 168, 873, 31, 24, 0.0076126097701489925
0, 151, 670, 11, 21, 0.007601764053106308
0, 220, 139, 34, 35, 0.007442381698638201
0, 123, 353, 19, 10, 0.00736883794888854
0, 190, 525, 40, 24, 0.007306813262403011
0, 162, 851, 62, 72, 0.007150144316256046
0, 218, 808, 30, 18, 0.00696944585070014
0, 152, 784, 64, 63, 0.006937761325389147
0, 261, 236, 58, 97, 0.006904995068907738
0, 204, 136, 38, 27, 0.006882516201585531
0, 172, 921, 58, 48, 0.006828222423791885
0, 126, 938, 37, 30, 0.006530337035655975
0, 131, 876, 32, 42, 0.0064517538994550705
0, 145, 198, 11, 12, 0.006399975158274174
0, 195, 476, 36, 44, 0.0063959951512515545
0, 167, 720, 42, 49, 0.006342638283967972
0, 213, 820, 19, 17, 0.00633663684129715
0, 186, 797, 14, 31, 0.006262725684791803
0, 231, 151, 54, 46, 0.006244264543056488
0, 163, 813, 78, 96, 0.006080763414502144
0, 260, 279, 21, 21, 0.006042883265763521
0, 176, 521, 12, 13, 0.005997620522975922
0, 175, 750, 39, 23, 0.005974408704787493
0, 192, 110, 16, 13, 0.005974065978080034
0, 148, 878, 81, 53, 0.005856453441083431
0, 211, 823, 18, 15, 0.00583361042663455
0, 144, 827, 51, 38, 0.005793555174022913
0, 192, 588, 17, 49, 0.005771815311163664
0, 235, 139, 17, 23, 0.005754989106208086
0, 150, 799, 33, 26, 0.005681301932781935
0, 215, 564, 11, 13, 0.005633717868477106
0, 276, 235, 34, 28, 0.005632729735225439
0, 229, 603, 47, 41, 0.005589572712779045
0, 116, 876, 27, 33, 0.005430550314486027
0, 208, 239, 26, 26, 0.0053709582425653934
0, 240, 600, 56, 31, 0.0051720766350626945
0, 179, 130, 50, 26, 0.005153737496584654
0, 181, 771, 114, 97, 0.0051446775905787945
0, 187, 132, 58, 24, 0.0051423036493361
0, 258, 208, 34, 46, 0.0050628772005438805
0, 267, 249, 43, 37, 0.005059794057160616
0, 256, 594, 27, 21, 0.005012328736484051
0, 161, 937, 138, 208, 0.004848171956837177
0, 191, 739, 91, 64, 0.00475719291716814
0, 174, 718, 42, 39, 0.004737659357488155
0, 148, 924, 98, 155, 0.004701042082160711
0, 187, 998, 23, 21, 0.004694518633186817
0, 138, 139, 13, 18, 0.004685067571699619
0, 209, 250, 32, 16, 0.0046185995452106
0, 194, 133, 87, 42, 0.004602322820574045
0, 286, 242, 14, 10, 0.004527877550572157
0, 267, 245, 61, 88, 0.004511235747486353
0, 253, 560, 16, 15, 0.004442030098289251
0, 133, 927, 23, 22, 0.004438965115696192
0, 177, 893, 53, 58, 0.00430213613435626
0, 231, 489, 12, 10, 0.004284152295440435
0, 235, 177, 40, 27, 0.004202575422823429
0, 145, 872, 86, 58, 0.004171672277152538
0, 148, 955, 94, 107, 0.004157423973083496
0, 188, 344, 13, 11, 0.004118335898965597
0, 139, 803, 44, 32, 0.004015378188341856
0, 260, 559, 27, 19, 0.004006268922239542
0, 200, 979, 24, 32, 0.0040055857971310616
0, 126, 352, 23, 12, 0.0038811052218079567
0, 170, 945, 84, 119, 0.0038764660712331533
0, 209, 670, 63, 20, 0.003869200125336647
0, 196, 466, 21, 25, 0.003805309534072876
0, 116, 867, 27, 37, 0.00368719594553113
0, 138, 311, 13, 9, 0.003642538096755743
0, 154, 821, 72, 110, 0.0036204070784151554
0, 228, 172, 31, 14, 0.0035366928204894066
0, 262, 252, 60, 93, 0.0035363382194191217
0, 171, 620, 36, 32, 0.0033833200577646494
0, 141, 779, 36, 41, 0.0032738319132477045
0, 256, 510, 20, 40, 0.003162405686452985
0, 118, 887, 36, 59, 0.0031419876031577587
0, 256, 515, 16, 31, 0.003140342188999057
0, 205, 746, 62, 36, 0.003126234980300069
0, 140, 792, 47, 43, 0.003107341704890132
0, 178, 376, 42, 49, 0.003098425455391407
0, 197, 985, 27, 28, 0.0030962449964135885
0, 125, 821, 23, 19, 0.003079758957028389
0, 173, 592, 13, 12, 0.0030775724444538355
0, 115, 942, 33, 44, 0.0030272649601101875
0, 152, 921, 108, 191, 0.0029651059303432703
0, 246, 144, 22, 20, 0.0028192540630698204
0, 221, 176, 16, 13, 0.0028185516130179167
0, 192, 829, 29, 19, 0.0027975686825811863
0, 214, 148, 26, 19, 0.0027384574059396982
0, 175, 770, 26, 25, 0.002735673449933529
0, 216, 877, 10, 11, 0.002679206198081374
0, 147, 630, 9, 11, 0.002670055953785777
0, 216, 249, 21, 12, 0.0026273769326508045
0, 167, 758, 50, 98, 0.0026251189410686493
0, 266, 262, 35, 28, 0.002550103235989809
0, 257, 387, 29, 45, 0.0025301496498286724
0, 218, 741, 15, 23, 0.002501825103536248
0, 181, 351, 32, 26, 0.0024812023621052504
0, 201, 108, 35, 17, 0.0024624259676784277
0, 240, 282, 23, 21, 0.0024487576447427273
0, 171, 831, 101, 58, 0.0024052613880485296
