0, 1032, 497, 140, 94, 0.25920799374580383
0, 657, 336, 137, 117, 0.1250811517238617
0, 161, 213, 112, 89, 0.12216674536466599
0, 390, 196, 56, 34, 0.11805219948291779
0, 1001, 491, 76, 54, 0.10853428393602371
0, 1263, 476, 37, 24, 0.09211188554763794
0, 318, 209, 36, 29, 0.09020715951919556
0, 864, 418, 29, 26, 0.08729717880487442
0, 157, 208, 91, 71, 0.08523998409509659
0, 149, 207, 68, 68, 0.08484867215156555
0, 1316, 432, 48, 45, 0.08383632451295853
0, 1380, 495, 24, 18, 0.08034427464008331
0, 240, 226, 29, 51, 0.07860419154167175
0, 700, 322, 31, 36, 0.07482171803712845
0, 201, 152, 41, 30, 0.07163920998573303
0, 480, 271, 57, 32, 0.06769224256277084
0, 349, 248, 55, 33, 0.06655410677194595
0, 817, 427, 74, 59, 0.06393519043922424
0, 1264, 458, 43, 44, 0.05909421294927597
0, 840, 442, 36, 23, 0.05428691580891609
0, 536, 316, 65, 64, 0.05168920382857323
0, 806, 418, 33, 31, 0.05157388374209404
0, 295, 244, 47, 37, 0.048782218247652054
0, 998, 481, 39, 32, 0.04219590127468109
0, 484, 275, 72, 40, 0.04120498150587082
0, 1237, 458, 31, 28, 0.040941622108221054
0, 792, 393, 67, 87, 0.04044920206069946
0, 435, 254, 66, 38, 0.04031016305088997
0, 499, 295, 151, 136, 0.039766255766153336
0, 1247, 458, 51, 42, 0.039730254560709
0, 988, 480, 48, 34, 0.039259541779756546
0, 813, 404, 130, 122, 0.03901445120573044
0, 707, 372, 360, 241, 0.038866233080625534
0, 1320, 449, 60, 80, 0.038597315549850464
0, 646, 348, 118, 83, 0.037878669798374176
0, 1270, 447, 26, 24, 0.03767503425478935
0, 176, 191, 43, 31, 0.03661901503801346
0, 1191, 472, 47, 46, 0.03572465479373932
0, 661, 355, 65, 65, 0.03510168194770813
0, 1316, 437, 46, 46, 0.034469615668058395
0, 315, 226, 110, 92, 0.032916661351919174
0, 428, 263, 67, 53, 0.032173916697502136
0, 633, 306, 44, 32, 0.030606813728809357
0, 705, 323, 48, 45, 0.03055116906762123
0, 668, 345, 105, 85, 0.030544765293598175
0, 794, 374, 41, 50, 0.030401280149817467
0, 321, 209, 42, 33, 0.030173778533935547
0, 1355, 469, 22, 22, 0.029599379748106003
0, 661, 343, 65, 59, 0.029203657060861588
0, 473, 272, 45, 29, 0.02858824096620083
0, 144, 191, 51, 43, 0.02832617238163948
0, 320, 201, 45, 45, 0.027768529951572418
0, 1252, 453, 62, 40, 0.02729635313153267
0, 195, 224, 41, 41, 0.026639094576239586
0, 831, 440, 33, 28, 0.026468802243471146
0, 1054, 523, 51, 43, 0.025553075596690178
0, 238, 217, 20, 28, 0.02546146884560585
0, 625, 305, 65, 63, 0.024310309439897537
0, 1325, 482, 30, 21, 0.024275192990899086
0, 1419, 537, 25, 21, 0.024221953004598618
0, 1056, 516, 50, 42, 0.024202756583690643
0, 688, 379, 31, 27, 0.024121906608343124
0, 1393, 451, 24, 21, 0.024097342044115067
0, 100, 174, 29, 28, 0.023631932213902473
0, 767, 340, 48, 30, 0.023606399074196815
0, 435, 291, 20, 22, 0.02355545572936535
0, 616, 339, 44, 49, 0.023081403225660324
0, 455, 267, 127, 71, 0.022885169833898544
0, 525, 303, 108, 124, 0.022879071533679962
0, 992, 484, 58, 36, 0.02260720543563366
0, 1256, 478, 23, 17, 0.02243470959365368
0, 622, 323, 27, 28, 0.021702628582715988
0, 818, 427, 71, 59, 0.021066566929221153
0, 162, 208, 119, 91, 0.021054141223430634
0, 482, 301, 203, 163, 0.021020958200097084
0, 645, 338, 117, 86, 0.02055300772190094
0, 157, 226, 34, 29, 0.020503858104348183
0, 728, 377, 35, 30, 0.020230254158377647
0, 800, 418, 41, 32, 0.02019401267170906
0, 545, 290, 40, 32, 0.019720176234841347
0, 478, 293, 176, 138, 0.019515786319971085
0, 683, 326, 69, 41, 0.019391823559999466
0, 636, 319, 65, 58, 0.019276896491646767
0, 472, 277, 49, 36, 0.019209546968340874
0, 323, 249, 119, 70, 0.018961753696203232
0, 532, 314, 64, 52, 0.01860375888645649
0, 149, 228, 43, 30, 0.018481450155377388
0, 865, 459, 22, 20, 0.01810884289443493
0, 1013, 507, 88, 48, 0.017756829038262367
0, 167, 210, 82, 71, 0.01754126511514187
0, 305, 207, 73, 54, 0.017334142699837685
0, 464, 295, 94, 73, 0.01732783205807209
0, 314, 243, 84, 38, 0.01731644570827484
0, 1042, 512, 33, 31, 0.01690101996064186
0, 434, 298, 27, 33, 0.016819125041365623
0, 717, 337, 34, 25, 0.01676955260336399
0, 1323, 426, 27, 30, 0.016757788136601448
0, 1041, 533, 23, 22, 0.016519667580723763
0, 663, 360, 73, 57, 0.016219139099121094
0, 838, 445, 50, 32, 0.01608622446656227
0, 451, 249, 39, 26, 0.015970531851053238
0, 537, 301, 49, 39, 0.01591201312839985
0, 532, 304, 58, 51, 0.015763478353619576
0, 171, 224, 85, 49, 0.015636535361409187
0, 169, 220, 106, 74, 0.015523879788815975
0, 455, 224, 46, 25, 0.015510032884776592
0, 557, 337, 649, 294, 0.015309317037463188
0, 1233, 469, 25, 33, 0.015286007896065712
0, 767, 334, 46, 29, 0.015258420258760452
0, 459, 248, 55, 26, 0.01525036245584488
0, 1201, 463, 21, 28, 0.01502296607941389
0, 1315, 429, 47, 34, 0.014984166249632835
0, 488, 258, 96, 58, 0.014631837606430054
0, 661, 328, 36, 31, 0.01448571216315031
0, 778, 396, 176, 138, 0.014434129931032658
0, 791, 363, 33, 33, 0.01423732191324234
0, 112, 159, 52, 40, 0.014061319641768932
0, 510, 299, 136, 91, 0.013996635563671589
0, 699, 318, 37, 35, 0.013962996192276478
0, 465, 317, 28, 23, 0.013925427570939064
0, 165, 194, 45, 33, 0.013826493173837662
0, 585, 333, 197, 119, 0.01377934217453003
0, 335, 248, 37, 26, 0.01371198520064354
0, 589, 318, 425, 242, 0.013624487444758415
0, 522, 285, 36, 28, 0.013423638418316841
0, 547, 334, 36, 33, 0.01335692685097456
0, 465, 226, 59, 30, 0.013356052339076996
0, 1023, 505, 50, 29, 0.01294251810759306
0, 1027, 508, 117, 81, 0.012931734323501587
0, 799, 381, 33, 27, 0.012876512482762337
0, 1323, 487, 25, 21, 0.012837192974984646
0, 1009, 498, 46, 36, 0.012612205930054188
0, 831, 419, 103, 97, 0.012604464776813984
0, 446, 293, 455, 232, 0.012547407299280167
0, 1200, 466, 27, 30, 0.012454555369913578
0, 366, 277, 20, 22, 0.0124434232711792
0, 389, 199, 53, 26, 0.01240396685898304
0, 776, 363, 73, 69, 0.012346435338258743
0, 756, 356, 86, 47, 0.01210726797580719
0, 459, 306, 63, 52, 0.012098465114831924
0, 308, 224, 86, 81, 0.011982130818068981
0, 852, 448, 36, 30, 0.011970451101660728
0, 115, 173, 71, 50, 0.011873926036059856
0, 608, 364, 580, 261, 0.011691086925566196
0, 852, 426, 53, 42, 0.011636349372565746
0, 1007, 504, 54, 33, 0.011623885482549667
0, 580, 341, 27, 25, 0.011549899354577065
0, 998, 487, 70, 56, 0.011485383845865726
0, 121, 147, 37, 22, 0.011456845328211784
0, 763, 341, 53, 40, 0.01137636136263609
0, 410, 248, 43, 27, 0.011264904402196407
0, 632, 295, 45, 39, 0.01125322189182043
0, 755, 372, 109, 84, 0.011172793805599213
0, 725, 337, 30, 31, 0.011087714694440365
0, 133, 192, 42, 45, 0.010930587537586689
0, 603, 306, 26, 36, 0.01092457864433527
0, 779, 378, 63, 52, 0.010811444371938705
0, 1313, 444, 51, 75, 0.01071152463555336
0, 506, 247, 47, 30, 0.01069409679621458
0, 768, 391, 120, 118, 0.010694025084376335
0, 421, 261, 56, 42, 0.010671730153262615
0, 802, 405, 53, 73, 0.010500842705368996
0, 994, 467, 46, 37, 0.010498637333512306
0, 138, 180, 31, 26, 0.01049835979938507
0, 470, 279, 128, 113, 0.010455027222633362
0, 341, 258, 61, 30, 0.010430891998112202
0, 802, 423, 50, 55, 0.010355174541473389
0, 197, 242, 39, 22, 0.01012356672435999
0, 496, 279, 85, 37, 0.010103998705744743
0, 297, 237, 49, 41, 0.009923718869686127
0, 739, 387, 197, 150, 0.009876194410026073
0, 446, 275, 117, 105, 0.009747627191245556
0, 825, 433, 81, 66, 0.009746352210640907
0, 192, 218, 27, 33, 0.009737741202116013
0, 520, 246, 40, 25, 0.009709622710943222
0, 613, 326, 51, 63, 0.00967458263039589
0, 734, 387, 58, 50, 0.009601744823157787
0, 536, 319, 74, 77, 0.00943928025662899
0, 1064, 519, 46, 30, 0.009434337727725506
0, 567, 332, 68, 52, 0.00921083614230156
0, 707, 365, 253, 178, 0.00912346038967371
0, 590, 349, 54, 51, 0.0090049859136343
0, 489, 273, 82, 33, 0.009004233404994011
0, 1097, 503, 25, 22, 0.008997997269034386
0, 654, 374, 44, 34, 0.00898823607712984
0, 242, 237, 22, 32, 0.008881599642336369
0, 615, 355, 38, 41, 0.008593115024268627
0, 418, 288, 60, 33, 0.008567403070628643
0, 446, 296, 48, 34, 0.00841787550598383
0, 475, 224, 70, 26, 0.00834286492317915
0, 718, 383, 49, 38, 0.008342312648892403
0, 483, 299, 76, 63, 0.008272317238152027
0, 550, 285, 32, 25, 0.00827105063945055
0, 447, 288, 50, 40, 0.008174201473593712
0, 282, 239, 84, 50, 0.00811981875449419
0, 623, 291, 35, 37, 0.00808002520352602
0, 492, 238, 77, 35, 0.008064459078013897
0, 132, 206, 28, 24, 0.008054368197917938
0, 682, 325, 100, 46, 0.008018901571631432
0, 558, 331, 219, 141, 0.007752524688839912
0, 774, 382, 92, 66, 0.007648319937288761
0, 511, 273, 53, 35, 0.007591521833091974
0, 736, 368, 43, 31, 0.007538780570030212
0, 347, 256, 63, 57, 0.0075204866006970406
0, 293, 228, 125, 88, 0.007435309700667858
0, 606, 342, 37, 37, 0.007401094306260347
0, 663, 360, 215, 157, 0.007318107411265373
0, 106, 179, 50, 42, 0.007228143513202667
0, 604, 356, 36, 39, 0.006869279779493809
0, 993, 530, 32, 21, 0.006741731893271208
0, 141, 212, 51, 62, 0.006723434664309025
0, 1419, 475, 24, 16, 0.006696357857435942
0, 682, 379, 26, 25, 0.006693276111036539
0, 986, 456, 35, 23, 0.006578029599040747
0, 1049, 509, 54, 41, 0.006545333191752434
0, 549, 326, 48, 42, 0.006462164223194122
0, 718, 395, 19, 20, 0.006298013962805271
0, 123, 193, 77, 73, 0.006284661591053009
0, 527, 322, 126, 118, 0.006180605851113796
0, 1092, 513, 58, 45, 0.006162592675536871
0, 1105, 510, 39, 36, 0.006098105572164059
0, 796, 366, 33, 35, 0.00608817720785737
0, 482, 317, 43, 31, 0.006058302707970142
0, 439, 300, 94, 70, 0.0059232949279248714
0, 451, 285, 131, 112, 0.005793231073766947
0, 848, 473, 23, 19, 0.005793197546154261
0, 647, 316, 78, 62, 0.005749564617872238
0, 97, 174, 34, 34, 0.0057347798720002174
0, 514, 321, 40, 28, 0.005678320303559303
0, 1066, 524, 64, 31, 0.00561102107167244
0, 678, 356, 88, 80, 0.005558985285460949
0, 333, 228, 84, 74, 0.005491636227816343
0, 715, 361, 65, 70, 0.0054038106463849545
0, 541, 310, 66, 72, 0.005366369616240263
0, 851, 386, 17, 18, 0.0053636496886610985
0, 306, 199, 59, 37, 0.005339605268090963
0, 719, 368, 170, 126, 0.005335451103746891
0, 442, 237, 73, 52, 0.005209768190979958
0, 1309, 456, 34, 68, 0.005169974640011787
0, 187, 241, 33, 25, 0.00515798619017005
0, 261, 188, 14, 14, 0.005148730240762234
0, 1246, 461, 90, 63, 0.004971518646925688
0, 734, 382, 143, 119, 0.004901804029941559
0, 684, 318, 67, 42, 0.004893888253718615
0, 751, 398, 32, 27, 0.004868524149060249
0, 850, 432, 70, 61, 0.0048611643724143505
0, 285, 247, 31, 29, 0.004859840497374535
0, 532, 279, 71, 51, 0.0048339106142520905
0, 572, 338, 84, 61, 0.0048182252794504166
0, 705, 384, 64, 45, 0.004726058803498745
0, 998, 498, 61, 59, 0.004617521073669195
0, 1208, 466, 48, 38, 0.004561025649309158
0, 359, 254, 240, 147, 0.004545874428004026
0, 1403, 537, 13, 18, 0.004524676129221916
0, 1427, 7, 191, 14, 0.004480455070734024
0, 469, 221, 57, 26, 0.00446936022490263
0, 1187, 487, 22, 18, 0.004375224933028221
0, 363, 245, 27, 24, 0.004365439992398024
0, 422, 299, 48, 35, 0.0043015689589083195
0, 306, 247, 82, 63, 0.004276031628251076
0, 345, 239, 58, 35, 0.004250978585332632
0, 723, 332, 26, 26, 0.004139956086874008
0, 454, 221, 48, 26, 0.004050916060805321
0, 680, 388, 43, 36, 0.004014342557638884
0, 578, 337, 89, 75, 0.004011725541204214
0, 987, 528, 34, 22, 0.003974647726863623
0, 844, 456, 53, 57, 0.003951616119593382
0, 703, 317, 36, 34, 0.003947845660150051
0, 1338, 451, 95, 82, 0.003921424504369497
0, 510, 321, 116, 79, 0.003917166963219643
0, 357, 277, 42, 26, 0.003660541959106922
0, 1240, 546, 24, 25, 0.0035913733299821615
0, 1086, 528, 38, 19, 0.0035794605500996113
0, 283, 208, 40, 27, 0.0035034085158258677
0, 760, 334, 38, 26, 0.003498431295156479
0, 256, 172, 27, 21, 0.0034310726914554834
0, 521, 297, 122, 129, 0.0034184677060693502
0, 1237, 468, 109, 78, 0.003349320264533162
0, 1262, 459, 70, 67, 0.0032909174915403128
0, 1341, 473, 46, 25, 0.0032907749991863966
0, 275, 195, 40, 25, 0.0032358262687921524
0, 556, 336, 118, 93, 0.0032031547743827105
0, 237, 194, 20, 27, 0.0032013587187975645
0, 772, 352, 59, 37, 0.0031807280611246824
0, 832, 437, 104, 85, 0.0030827485024929047
0, 644, 376, 25, 24, 0.003038096707314253
0, 200, 156, 42, 44, 0.0029813828878104687
0, 776, 396, 104, 98, 0.00296880304813385
0, 399, 268, 230, 138, 0.0029600663110613823
0, 1196, 431, 16, 20, 0.002935109194368124
0, 745, 404, 57, 43, 0.0029339974280446768
0, 157, 185, 76, 42, 0.002901434199884534
0, 400, 285, 26, 17, 0.0029005969408899546
0, 871, 416, 45, 29, 0.0028977079782634974
0, 1319, 519, 15, 22, 0.0028843579348176718
0, 754, 412, 28, 22, 0.0028755860403180122
0, 497, 320, 112, 70, 0.002867025090381503
0, 1354, 467, 28, 30, 0.002810829086229205
0, 364, 273, 31, 25, 0.0027839099057018757
0, 1015, 495, 101, 78, 0.0027730732690542936
