0, 368, 235, 164, 104, 0.5431361198425293
0, 272, 485, 76, 135, 0.40648019313812256
0, 415, 152, 104, 58, 0.37300825119018555
0, 144, 421, 81, 108, 0.23811925947666168
0, 193, 338, 35, 37, 0.17897827923297882
0, 616, 181, 62, 50, 0.14593851566314697
0, 530, 233, 53, 46, 0.1451875865459442
0, 227, 575, 36, 42, 0.12130177766084671
0, 358, 238, 171, 110, 0.12058433890342712
0, 229, 567, 44, 61, 0.07401446998119354
0, 154, 395, 43, 51, 0.0628909319639206
0, 549, 189, 83, 56, 0.05990412086248398
0, 616, 183, 62, 47, 0.05417405068874359
0, 400, 220, 87, 65, 0.053267430514097214
0, 420, 215, 48, 41, 0.05308914557099342
0, 562, 188, 55, 47, 0.039546169340610504
0, 593, 223, 40, 33, 0.03948492184281349
0, 524, 233, 65, 52, 0.03733430802822113
0, 129, 500, 59, 51, 0.03676588460803032
0, 284, 524, 46, 55, 0.036537591367959976
0, 130, 498, 58, 51, 0.035170141607522964
0, 249, 241, 15, 23, 0.03475622832775116
0, 249, 242, 16, 22, 0.033991407603025436
0, 544, 276, 33, 27, 0.032947245985269547
0, 601, 196, 101, 80, 0.03252597898244858
0, 134, 437, 51, 51, 0.031030945479869843
0, 222, 255, 27, 24, 0.02868039160966873
0, 415, 152, 102, 54, 0.027684880420565605
0, 272, 233, 15, 28, 0.027459433302283287
0, 446, 343, 38, 38, 0.02615143544971943
0, 199, 572, 108, 123, 0.02612636238336563
0, 224, 264, 35, 43, 0.025593088939785957
0, 524, 235, 65, 50, 0.02505776844918728
0, 383, 238, 63, 57, 0.021336928009986877
0, 273, 232, 15, 29, 0.02126237191259861
0, 474, 212, 40, 43, 0.02049154043197632
0, 475, 209, 36, 34, 0.01964697428047657
0, 221, 299, 27, 28, 0.018261291086673737
0, 404, 211, 76, 47, 0.017736107110977173
0, 405, 152, 75, 49, 0.017689762637019157
0, 398, 155, 43, 32, 0.017244482412934303
0, 444, 335, 28, 19, 0.017028380185365677
0, 617, 183, 59, 40, 0.016541289165616035
0, 259, 449, 20, 22, 0.015179664827883244
0, 291, 512, 25, 26, 0.014830137602984905
0, 424, 147, 76, 44, 0.014750746078789234
0, 135, 433, 49, 46, 0.014712714590132236
0, 278, 506, 56, 47, 0.01463314425200224
0, 569, 194, 37, 34, 0.014565594494342804
0, 183, 544, 41, 45, 0.014470289461314678
0, 531, 280, 35, 32, 0.013936576433479786
0, 274, 459, 51, 63, 0.013829848729074001
0, 129, 503, 57, 47, 0.013616492040455341
0, 150, 419, 61, 67, 0.013401268981397152
0, 537, 279, 51, 41, 0.012594166211783886
0, 574, 208, 153, 100, 0.01211628783494234
0, 298, 228, 30, 40, 0.012005500495433807
0, 275, 463, 57, 84, 0.01181444525718689
0, 553, 176, 18, 20, 0.01178787648677826
0, 447, 342, 43, 43, 0.011456569656729698
0, 502, 140, 23, 29, 0.011260949075222015
0, 192, 384, 24, 16, 0.010756371542811394
0, 615, 181, 60, 46, 0.010403231717646122
0, 601, 175, 27, 25, 0.010182731784880161
0, 196, 600, 12, 24, 0.00949794240295887
0, 220, 301, 26, 24, 0.009440970607101917
0, 203, 288, 13, 13, 0.009331469424068928
0, 125, 605, 24, 28, 0.009296292439103127
0, 521, 187, 16, 13, 0.009272493422031403
0, 171, 557, 22, 19, 0.009268135763704777
0, 415, 150, 81, 52, 0.00922445859760046
0, 139, 439, 61, 55, 0.00828715693205595
0, 583, 189, 132, 67, 0.00808744691312313
0, 398, 202, 26, 22, 0.007872180081903934
0, 193, 340, 34, 35, 0.007759809494018555
0, 540, 186, 56, 44, 0.007667768280953169
0, 573, 208, 158, 97, 0.007479444611817598
0, 402, 206, 34, 26, 0.007440096233040094
0, 295, 219, 22, 23, 0.007143580354750156
0, 553, 269, 16, 14, 0.007119564805179834
0, 339, 247, 67, 69, 0.00703450758010149
0, 277, 479, 55, 68, 0.00687210401520133
0, 377, 244, 67, 55, 0.0067586759105324745
0, 532, 278, 59, 42, 0.006650203373283148
0, 283, 533, 43, 36, 0.006427188869565725
0, 328, 254, 71, 66, 0.006422027014195919
0, 564, 194, 39, 31, 0.006410633213818073
0, 530, 279, 40, 38, 0.006402347236871719
0, 439, 147, 43, 32, 0.006233430001884699
0, 182, 308, 24, 27, 0.006228796672075987
0, 531, 246, 56, 40, 0.006140864919871092
0, 500, 148, 18, 13, 0.006124487612396479
0, 328, 237, 278, 140, 0.00607868330553174
0, 558, 187, 62, 54, 0.006068622227758169
0, 270, 500, 30, 29, 0.00602748291566968
0, 182, 550, 46, 37, 0.005844054277986288
0, 623, 766, 11, 11, 0.0056749377399683
0, 153, 596, 20, 23, 0.005469074938446283
0, 279, 467, 38, 40, 0.005435170140117407
0, 544, 276, 37, 29, 0.005338040646165609
0, 222, 279, 14, 12, 0.005325224716216326
0, 447, 347, 38, 32, 0.005275700706988573
0, 287, 459, 26, 23, 0.005270145833492279
0, 249, 247, 67, 65, 0.0052488334476947784
0, 391, 158, 59, 51, 0.005133533850312233
0, 625, 184, 43, 42, 0.00510808452963829
0, 293, 220, 17, 19, 0.005078309215605259
0, 505, 233, 35, 27, 0.005061033181846142
0, 275, 456, 55, 71, 0.0050593093037605286
0, 257, 519, 17, 12, 0.0050255232490599155
0, 196, 603, 10, 20, 0.004894410725682974
0, 239, 415, 16, 10, 0.004873569589108229
0, 155, 397, 39, 50, 0.004861139226704836
0, 228, 427, 25, 20, 0.0048554930835962296
0, 398, 153, 56, 40, 0.004812917206436396
0, 339, 234, 45, 45, 0.004806989338248968
0, 111, 587, 25, 25, 0.0047215973027050495
0, 183, 595, 34, 33, 0.004676903132349253
0, 180, 337, 66, 53, 0.004658317193388939
0, 254, 425, 14, 16, 0.004624657798558474
0, 269, 237, 26, 36, 0.004587389994412661
0, 273, 319, 9, 8, 0.004504976328462362
0, 441, 144, 45, 34, 0.004464074037969112
0, 375, 239, 69, 61, 0.0044224997982382774
0, 546, 271, 28, 17, 0.004409489221870899
0, 469, 212, 50, 46, 0.004405417945235968
0, 234, 252, 55, 48, 0.004402935970574617
0, 601, 173, 23, 22, 0.004355438984930515
0, 283, 530, 41, 30, 0.004346759058535099
0, 413, 219, 65, 59, 0.004316987004131079
0, 636, 173, 17, 22, 0.004289859440177679
0, 501, 229, 23, 16, 0.004240997135639191
0, 549, 176, 26, 20, 0.004083979409188032
0, 565, 201, 49, 52, 0.004030180163681507
0, 620, 186, 42, 33, 0.00401350948959589
0, 395, 160, 59, 44, 0.003942542709410191
0, 491, 225, 85, 78, 0.003938698209822178
0, 225, 575, 33, 37, 0.0038917548954486847
0, 538, 226, 31, 27, 0.003886399557814002
0, 536, 277, 13, 17, 0.0038746343925595284
0, 360, 239, 75, 72, 0.003857796546071768
0, 332, 226, 50, 56, 0.0038325528148561716
0, 139, 574, 14, 20, 0.0038000312633812428
0, 254, 426, 14, 14, 0.0037411670200526714
0, 275, 245, 71, 73, 0.003693512873724103
0, 157, 409, 39, 53, 0.0036771842278540134
0, 464, 318, 35, 14, 0.0036627338267862797
0, 412, 208, 26, 26, 0.0036165891215205193
0, 289, 515, 23, 24, 0.003615659661591053
0, 627, 180, 36, 34, 0.0035885456018149853
0, 272, 471, 21, 26, 0.0035255353432148695
0, 617, 201, 64, 61, 0.003511686809360981
0, 357, 219, 26, 27, 0.003422012785449624
0, 553, 188, 38, 43, 0.003401301335543394
0, 224, 570, 29, 26, 0.003397740423679352
0, 260, 447, 17, 18, 0.0033902714494615793
0, 536, 221, 22, 18, 0.0033860865514725447
0, 346, 236, 61, 59, 0.0033569498918950558
0, 144, 489, 25, 25, 0.0032733995467424393
0, 322, 218, 26, 22, 0.003269799752160907
0, 511, 141, 42, 32, 0.0032543069683015347
0, 117, 543, 13, 14, 0.0032433513551950455
0, 228, 564, 33, 43, 0.003241514088585973
0, 348, 226, 47, 58, 0.003196162171661854
0, 453, 356, 21, 14, 0.0031547800172120333
0, 340, 221, 15, 16, 0.0031150870490819216
0, 177, 548, 37, 37, 0.003069915808737278
0, 310, 227, 56, 48, 0.0030679944902658463
0, 169, 621, 30, 21, 0.003058498492464423
0, 127, 441, 35, 29, 0.0030200090259313583
0, 511, 237, 46, 35, 0.0029913350008428097
0, 328, 218, 29, 17, 0.002983954967930913
0, 211, 606, 11, 11, 0.002963107544928789
0, 152, 408, 58, 83, 0.0029152496717870235
0, 130, 451, 45, 53, 0.0029048160649836063
0, 537, 272, 50, 32, 0.002902983920648694
0, 305, 261, 48, 42, 0.002896630670875311
0, 458, 556, 14, 11, 0.0028632446192204952
0, 546, 178, 32, 26, 0.0028251854237169027
0, 524, 288, 15, 13, 0.0027864035218954086
0, 225, 256, 30, 22, 0.0027863651048392057
0, 181, 360, 18, 12, 0.002784149255603552
0, 278, 537, 28, 23, 0.0027778269723057747
0, 113, 480, 19, 18, 0.00274551915936172
0, 268, 442, 33, 30, 0.002744352212175727
0, 351, 218, 49, 52, 0.0027366713620722294
0, 454, 317, 13, 12, 0.002724582329392433
0, 498, 235, 22, 22, 0.0027175017166882753
0, 148, 395, 32, 48, 0.002690169494599104
0, 415, 213, 57, 45, 0.0026863471139222383
0, 609, 214, 86, 53, 0.002682730322703719
0, 525, 264, 16, 10, 0.002670758171007037
0, 447, 343, 39, 38, 0.0026598714757710695
0, 279, 463, 28, 29, 0.0026425260584801435
0, 110, 580, 28, 37, 0.0026367653626948595
0, 401, 218, 65, 57, 0.0026261128950864077
0, 227, 431, 23, 28, 0.002594111254438758
0, 526, 254, 72, 82, 0.0025806354824453592
0, 147, 429, 62, 54, 0.0025802277959883213
0, 214, 298, 13, 9, 0.0025574907194823027
0, 339, 221, 75, 61, 0.0025353282690048218
0, 536, 181, 52, 32, 0.0025326418690383434
0, 534, 256, 31, 12, 0.0025322732981294394
0, 225, 262, 39, 41, 0.002521330723538995
0, 274, 233, 18, 26, 0.0024995284620672464
0, 386, 228, 43, 28, 0.0024983433540910482
0, 414, 221, 63, 55, 0.0024845777079463005
0, 153, 409, 24, 25, 0.002477488713338971
0, 182, 399, 28, 15, 0.0024755853228271008
0, 284, 521, 41, 38, 0.0024703308008611202
0, 275, 498, 40, 29, 0.002435404807329178
0, 356, 209, 37, 34, 0.002429201966151595
0, 623, 176, 40, 29, 0.0024285931140184402
0, 214, 303, 13, 20, 0.0024247632827609777
0, 600, 218, 22, 19, 0.0024190961848944426
0, 132, 458, 71, 142, 0.00240782811306417
0, 126, 446, 34, 27, 0.0023868607822805643
0, 181, 602, 47, 47, 0.0023861080408096313
0, 384, 243, 57, 51, 0.0023841189686208963
0, 321, 241, 85, 88, 0.002377300290390849
0, 348, 210, 19, 14, 0.0023686850909143686
0, 152, 382, 24, 22, 0.0023649379145354033
0, 298, 238, 16, 16, 0.0023528600577265024
0, 572, 191, 31, 25, 0.0023035795893520117
0, 548, 246, 14, 12, 0.0022993520833551884
0, 264, 505, 41, 40, 0.0022977665066719055
0, 284, 466, 36, 40, 0.0022758867125958204
0, 266, 468, 35, 50, 0.0022701413836330175
0, 139, 461, 31, 21, 0.002262532478198409
0, 224, 567, 39, 59, 0.002257926855236292
0, 229, 425, 26, 22, 0.0022352735977619886
0, 515, 232, 56, 28, 0.0022350079379975796
0, 178, 592, 38, 32, 0.002228633500635624
0, 339, 227, 23, 23, 0.0022276423405855894
0, 277, 439, 20, 28, 0.002225396689027548
0, 226, 264, 46, 51, 0.0022206467110663652
0, 364, 203, 26, 19, 0.0022194550838321447
0, 331, 238, 25, 26, 0.002174482913687825
0, 331, 213, 38, 27, 0.002158574992790818
0, 139, 573, 12, 18, 0.0021465946920216084
0, 519, 246, 28, 19, 0.0021271908190101385
0, 278, 452, 44, 58, 0.002109199995175004
0, 539, 282, 18, 14, 0.00210634246468544
0, 421, 209, 41, 31, 0.002105504972860217
0, 146, 383, 20, 20, 0.0021019172854721546
0, 121, 601, 34, 35, 0.0020979272667318583
0, 145, 485, 12, 14, 0.0020958459936082363
0, 227, 569, 37, 51, 0.002072519389912486
0, 149, 408, 44, 61, 0.002072172239422798
0, 194, 567, 74, 84, 0.002071223920211196
0, 202, 577, 100, 95, 0.0020627151243388653
0, 378, 229, 39, 36, 0.0020500877872109413
0, 369, 217, 62, 56, 0.0020430583972483873
0, 192, 550, 19, 15, 0.0020430029835551977
0, 614, 159, 18, 15, 0.0020410215947777033
0, 112, 580, 28, 38, 0.0020300981123000383
0, 540, 221, 26, 18, 0.0020162726286798716
0, 388, 238, 59, 54, 0.0020119203254580498
0, 527, 234, 59, 43, 0.0020027984865009785
0, 418, 154, 74, 47, 0.0019984703976660967
0, 184, 584, 15, 12, 0.0019906244706362486
0, 293, 509, 23, 21, 0.0019831727258861065
0, 396, 227, 69, 52, 0.0019510466372594237
0, 227, 250, 28, 26, 0.0019393583061173558
0, 530, 238, 47, 34, 0.001936698448844254
0, 118, 511, 39, 26, 0.0019352472154423594
0, 170, 620, 28, 18, 0.0019265622831881046
0, 383, 765, 11, 14, 0.0019214884378015995
0, 270, 477, 94, 143, 0.0018751464085653424
0, 117, 595, 39, 50, 0.0018742477986961603
0, 224, 275, 22, 17, 0.00186913984362036
0, 278, 435, 14, 20, 0.0018652555299922824
0, 144, 418, 76, 99, 0.0018509773071855307
0, 530, 290, 24, 17, 0.0018390092300251126
0, 108, 588, 18, 18, 0.0018349854508414865
0, 274, 339, 10, 10, 0.0018154545687139034
0, 636, 176, 21, 26, 0.001809623441658914
0, 180, 312, 23, 20, 0.0018036410911008716
0, 185, 582, 15, 11, 0.0018013580702245235
0, 339, 255, 78, 64, 0.001796827302314341
0, 398, 215, 92, 57, 0.0017950533656403422
0, 154, 399, 52, 64, 0.0017847599228844047
0, 181, 555, 46, 63, 0.001774872769601643
0, 170, 396, 62, 46, 0.0017736016307026148
0, 416, 215, 47, 39, 0.001760449493303895
0, 142, 462, 22, 17, 0.0017593789380043745
0, 617, 188, 54, 34, 0.0017524417489767075
0, 240, 423, 43, 29, 0.0017521599074825644
0, 178, 598, 25, 21, 0.0017509983154013753
0, 221, 577, 30, 42, 0.001750590861774981
0, 506, 133, 18, 14, 0.0017315675504505634
0, 615, 161, 23, 16, 0.0017310919938609004
0, 275, 231, 17, 30, 0.0017245181370526552
0, 537, 246, 32, 15, 0.0017210631631314754
0, 381, 228, 41, 28, 0.0017003265675157309
0, 540, 226, 83, 65, 0.001690194010734558
0, 366, 358, 11, 10, 0.0016843635821714997
0, 230, 585, 19, 20, 0.0016793060349300504
0, 555, 197, 20, 22, 0.0016788137145340443
0, 321, 264, 38, 23, 0.0016772320959717035
