0, 438, 630, 26, 17, 0.2575521171092987
0, 547, 660, 119, 92, 0.2446468025445938
0, 287, 551, 39, 47, 0.23934203386306763
0, 682, 673, 95, 56, 0.21347539126873016
0, 267, 528, 37, 40, 0.19047357141971588
0, 480, 620, 15, 14, 0.17964483797550201
0, 571, 693, 21, 24, 0.16879701614379883
0, 667, 674, 67, 57, 0.15737976133823395
0, 221, 452, 64, 100, 0.15246719121932983
0, 733, 805, 50, 48, 0.14556974172592163
0, 623, 711, 38, 37, 0.13312342762947083
0, 446, 665, 27, 19, 0.1284058690071106
0, 512, 656, 51, 43, 0.10921202600002289
0, 289, 551, 33, 41, 0.10738524794578552
0, 387, 628, 30, 31, 0.10559315979480743
0, 313, 581, 44, 22, 0.1049414798617363
0, 522, 616, 15, 14, 0.09626833349466324
0, 497, 642, 23, 18, 0.09461398422718048
0, 357, 561, 12, 14, 0.09449686110019684
0, 510, 653, 49, 42, 0.08918772637844086
0, 710, 748, 78, 50, 0.08642023801803589
0, 532, 694, 16, 22, 0.08578266948461533
0, 208, 421, 25, 31, 0.0851433277130127
0, 446, 666, 27, 18, 0.07912378758192062
0, 573, 640, 22, 29, 0.07911913096904755
0, 358, 595, 34, 24, 0.07910467684268951
0, 230, 460, 30, 23, 0.07739182561635971
0, 715, 679, 26, 19, 0.07602545619010925
0, 563, 683, 42, 29, 0.07431162893772125
0, 267, 532, 38, 47, 0.07114193588495255
0, 208, 435, 34, 65, 0.06524007022380829
0, 567, 636, 35, 28, 0.06431794911623001
0, 171, 404, 24, 27, 0.06233981251716614
0, 170, 405, 18, 23, 0.06165062263607979
0, 299, 552, 80, 77, 0.06084280088543892
0, 499, 645, 27, 26, 0.060836564749479294
0, 549, 632, 18, 18, 0.06066291034221649
0, 389, 592, 19, 14, 0.059725675731897354
0, 461, 615, 13, 18, 0.05910038203001022
0, 579, 640, 44, 35, 0.05838847532868385
0, 566, 640, 55, 43, 0.05709841102361679
0, 523, 646, 14, 18, 0.05699041485786438
0, 264, 531, 44, 50, 0.056496959179639816
0, 222, 468, 53, 57, 0.054446566849946976
0, 733, 804, 52, 44, 0.05273934081196785
0, 687, 736, 30, 19, 0.05217910185456276
0, 714, 751, 72, 36, 0.049550898373126984
0, 401, 593, 43, 20, 0.04919807240366936
0, 713, 756, 70, 42, 0.04900288209319115
0, 690, 746, 42, 38, 0.048554420471191406
0, 582, 671, 23, 24, 0.04716366529464722
0, 359, 596, 36, 21, 0.04546670988202095
0, 725, 797, 33, 27, 0.04387049004435539
0, 312, 541, 19, 20, 0.043667983263731
0, 694, 760, 25, 18, 0.04351890832185745
0, 714, 771, 13, 11, 0.04255862906575203
0, 208, 425, 29, 48, 0.04233227297663689
0, 576, 653, 25, 19, 0.04231283441185951
0, 206, 453, 22, 26, 0.04161678999662399
0, 579, 657, 28, 13, 0.040778499096632004
0, 568, 685, 37, 40, 0.040562864392995834
0, 553, 631, 24, 24, 0.040230944752693176
0, 226, 463, 40, 31, 0.04005127400159836
0, 220, 455, 47, 34, 0.03897099941968918
0, 564, 690, 39, 35, 0.03660589084029198
0, 268, 484, 38, 35, 0.03545696660876274
0, 286, 559, 30, 32, 0.0332147553563118
0, 584, 729, 20, 13, 0.0331340953707695
0, 623, 713, 38, 35, 0.03273951634764671
0, 216, 483, 34, 33, 0.03253379091620445
0, 235, 461, 22, 19, 0.03157378360629082
0, 412, 592, 18, 15, 0.03089842200279236
0, 393, 622, 15, 18, 0.02895776554942131
0, 220, 492, 19, 19, 0.02880270965397358
0, 581, 636, 39, 26, 0.02874879539012909
0, 198, 367, 17, 16, 0.027950093150138855
0, 726, 794, 26, 23, 0.027838151901960373
0, 722, 797, 27, 26, 0.027667447924613953
0, 526, 647, 20, 21, 0.027471870183944702
0, 293, 543, 17, 26, 0.027449678629636765
0, 544, 661, 123, 91, 0.02730146236717701
0, 222, 481, 30, 37, 0.02724636346101761
0, 706, 768, 49, 23, 0.026807453483343124
0, 682, 744, 43, 36, 0.026445453986525536
0, 530, 665, 80, 66, 0.026379713788628578
0, 277, 494, 19, 16, 0.025981931015849113
0, 678, 673, 101, 58, 0.025298766791820526
0, 270, 539, 51, 65, 0.02440907247364521
0, 574, 651, 63, 67, 0.023560868576169014
0, 313, 582, 47, 26, 0.023531755432486534
0, 271, 517, 26, 17, 0.02249508909881115
0, 529, 649, 32, 25, 0.02238970808684826
0, 555, 705, 11, 12, 0.022209709510207176
0, 276, 549, 66, 79, 0.021831383928656578
0, 231, 514, 9, 11, 0.02179344929754734
0, 204, 479, 15, 19, 0.021782878786325455
0, 352, 594, 20, 16, 0.02165708690881729
0, 400, 597, 41, 23, 0.021347055211663246
0, 223, 454, 49, 33, 0.021300286054611206
0, 325, 558, 25, 22, 0.021148866042494774
0, 223, 492, 18, 17, 0.02101256512105465
0, 298, 552, 58, 46, 0.02076481282711029
0, 745, 732, 27, 17, 0.020588574931025505
0, 688, 678, 82, 40, 0.019951695576310158
0, 258, 545, 15, 19, 0.019742527976632118
0, 684, 738, 32, 22, 0.019549496471881866
0, 497, 591, 11, 10, 0.019205518066883087
0, 726, 749, 25, 19, 0.01920250989496708
0, 530, 684, 16, 24, 0.019149554893374443
0, 394, 628, 18, 30, 0.01908632181584835
0, 321, 563, 29, 27, 0.018865127116441727
0, 314, 539, 20, 19, 0.018621811643242836
0, 329, 555, 15, 14, 0.01858239807188511
0, 243, 498, 20, 16, 0.01855096034705639
0, 208, 415, 25, 29, 0.018420536071062088
0, 394, 621, 15, 15, 0.01841644197702408
0, 266, 475, 17, 18, 0.018235132098197937
0, 582, 675, 13, 19, 0.017842929810285568
0, 721, 722, 16, 12, 0.01729905791580677
0, 726, 758, 29, 15, 0.01722971722483635
0, 300, 561, 78, 78, 0.017003823071718216
0, 213, 447, 30, 34, 0.01689145900309086
0, 578, 673, 30, 24, 0.01674921065568924
0, 361, 607, 35, 32, 0.016466878354549408
0, 698, 757, 33, 21, 0.01617639698088169
0, 227, 474, 88, 166, 0.016021598130464554
0, 694, 769, 23, 15, 0.015997786074876785
0, 206, 474, 23, 23, 0.015806488692760468
0, 214, 434, 42, 65, 0.01565014198422432
0, 700, 678, 58, 30, 0.015648121014237404
0, 681, 680, 31, 23, 0.014948651194572449
0, 619, 712, 32, 36, 0.014818250201642513
0, 274, 489, 25, 24, 0.01476656086742878
0, 563, 680, 59, 50, 0.01418463047593832
0, 714, 677, 32, 24, 0.014013862237334251
0, 275, 492, 19, 17, 0.013950075022876263
0, 387, 600, 74, 32, 0.013898725621402264
0, 373, 559, 11, 11, 0.013839144259691238
0, 176, 420, 25, 21, 0.01345085073262453
0, 572, 659, 71, 86, 0.013434485532343388
0, 613, 722, 17, 16, 0.013377496041357517
0, 506, 663, 29, 29, 0.013338088057935238
0, 269, 541, 41, 38, 0.013314243406057358
0, 676, 672, 44, 34, 0.01323012262582779
0, 582, 727, 28, 17, 0.013085192069411278
0, 266, 529, 39, 44, 0.01287495344877243
0, 287, 531, 47, 38, 0.012432979419827461
0, 598, 656, 15, 14, 0.012227819301187992
0, 668, 670, 59, 44, 0.012115209363400936
0, 274, 559, 14, 23, 0.012095911428332329
0, 451, 599, 12, 14, 0.012092726305127144
0, 209, 413, 26, 32, 0.011599521152675152
0, 436, 623, 28, 26, 0.011591661721467972
0, 542, 657, 44, 26, 0.011316564865410328
0, 518, 666, 25, 22, 0.01094820722937584
0, 263, 484, 28, 27, 0.01068949606269598
0, 279, 536, 15, 18, 0.010578520596027374
0, 331, 538, 13, 15, 0.010321681387722492
0, 485, 620, 27, 19, 0.01023457944393158
0, 231, 522, 14, 27, 0.010148363187909126
0, 437, 629, 30, 19, 0.009983442723751068
0, 569, 653, 58, 41, 0.009670334868133068
0, 167, 356, 27, 33, 0.00953620858490467
0, 166, 359, 27, 38, 0.009404079057276249
0, 176, 426, 18, 15, 0.00938547682017088
0, 583, 643, 41, 36, 0.009165252558887005
0, 673, 689, 32, 26, 0.009041803888976574
0, 551, 677, 18, 13, 0.009017471224069595
0, 748, 731, 21, 15, 0.008839785121381283
0, 259, 513, 66, 106, 0.008839476853609085
0, 258, 471, 18, 16, 0.008770912885665894
0, 165, 396, 34, 41, 0.00860684085637331
0, 643, 666, 28, 21, 0.008516564033925533
0, 731, 756, 45, 19, 0.00850157905369997
0, 499, 649, 33, 34, 0.00836179032921791
0, 542, 668, 43, 28, 0.008252586238086224
0, 458, 616, 18, 19, 0.008189660497009754
0, 161, 370, 24, 48, 0.008060790598392487
0, 701, 750, 32, 27, 0.00782571267336607
0, 222, 448, 59, 92, 0.007651896681636572
0, 300, 527, 26, 25, 0.007577836047858
0, 684, 680, 63, 42, 0.0075762514024972916
0, 425, 616, 14, 14, 0.0074062771163880825
0, 155, 383, 12, 18, 0.007404128555208445
0, 295, 549, 84, 74, 0.00738796591758728
0, 742, 728, 35, 22, 0.007354809436947107
0, 539, 696, 37, 32, 0.007209146395325661
0, 289, 555, 33, 37, 0.007116922177374363
0, 734, 750, 44, 20, 0.007016467861831188
0, 314, 581, 42, 20, 0.007015458308160305
0, 655, 663, 31, 28, 0.006856026127934456
0, 243, 437, 11, 16, 0.006833524443209171
0, 265, 544, 66, 84, 0.0068311323411762714
0, 551, 637, 28, 27, 0.006828804034739733
0, 215, 484, 33, 39, 0.006815845146775246
0, 407, 596, 29, 21, 0.0067711686715483665
0, 496, 681, 15, 16, 0.0067068226635456085
0, 172, 408, 33, 41, 0.006694902665913105
0, 611, 671, 18, 21, 0.006654712837189436
0, 388, 631, 30, 32, 0.006638754159212112
0, 735, 737, 32, 15, 0.006567754782736301
0, 546, 661, 121, 90, 0.006552048958837986
0, 156, 386, 13, 17, 0.006537589244544506
0, 641, 658, 28, 27, 0.006535672582685947
0, 651, 657, 19, 22, 0.006355332676321268
0, 197, 368, 18, 15, 0.006292483303695917
0, 723, 804, 35, 42, 0.006264340132474899
0, 258, 495, 34, 21, 0.006061740685254335
0, 660, 674, 55, 56, 0.006058679427951574
0, 395, 636, 14, 19, 0.006013631820678711
0, 522, 668, 48, 68, 0.006008725613355637
0, 612, 679, 26, 39, 0.005913392640650272
0, 665, 689, 31, 26, 0.005827999673783779
0, 304, 565, 65, 61, 0.005621291697025299
0, 668, 750, 19, 19, 0.0055390349589288235
0, 684, 748, 50, 39, 0.005321086384356022
0, 380, 631, 19, 16, 0.005315531976521015
0, 661, 660, 29, 26, 0.005290123634040356
0, 480, 621, 19, 20, 0.005109339952468872
0, 678, 681, 37, 31, 0.005106451455503702
0, 692, 739, 38, 24, 0.005083358846604824
0, 628, 701, 23, 18, 0.00499874958768487
0, 593, 636, 19, 21, 0.004927291534841061
0, 246, 476, 91, 63, 0.004875396843999624
0, 286, 518, 28, 18, 0.004848862066864967
0, 229, 462, 43, 24, 0.004825389478355646
0, 162, 396, 44, 53, 0.004752686712890863
0, 356, 595, 38, 22, 0.0047369240783154964
0, 446, 664, 31, 21, 0.004676044452935457
0, 640, 742, 13, 16, 0.004667822737246752
0, 723, 721, 19, 14, 0.004574025049805641
0, 327, 558, 20, 22, 0.004510379396378994
0, 210, 409, 22, 32, 0.004465905483812094
0, 699, 677, 48, 26, 0.004435392562299967
0, 168, 411, 37, 56, 0.004412701819092035
0, 675, 661, 24, 20, 0.004378040321171284
0, 629, 708, 25, 29, 0.004353985656052828
0, 545, 700, 31, 25, 0.004317015875130892
0, 199, 455, 32, 31, 0.00430566119030118
0, 304, 556, 78, 78, 0.004263800568878651
0, 454, 595, 12, 13, 0.0042474824003875256
0, 234, 484, 117, 192, 0.004222366958856583
0, 694, 689, 44, 21, 0.0042150975205004215
0, 200, 467, 32, 41, 0.004199447575956583
0, 543, 627, 50, 30, 0.004195674322545528
0, 741, 814, 16, 21, 0.0041373795829713345
0, 737, 804, 58, 47, 0.004098568577319384
0, 617, 699, 28, 41, 0.00400722399353981
0, 672, 743, 67, 39, 0.003983707632869482
0, 716, 738, 68, 38, 0.003862969344481826
0, 739, 804, 50, 43, 0.003717713290825486
0, 557, 627, 29, 24, 0.0036924511659890413
0, 235, 476, 113, 180, 0.003508591325953603
0, 358, 603, 44, 45, 0.003491572570055723
0, 752, 812, 17, 19, 0.0034405190963298082
0, 459, 617, 21, 28, 0.0033647078089416027
0, 171, 399, 22, 19, 0.0033568113576620817
0, 384, 633, 55, 50, 0.003353746375069022
0, 510, 622, 49, 26, 0.0032426342368125916
0, 504, 634, 25, 14, 0.0032192375510931015
0, 239, 448, 19, 16, 0.0031525404192507267
0, 369, 604, 16, 11, 0.003136836225166917
0, 252, 533, 36, 25, 0.0029875931795686483
0, 232, 531, 14, 16, 0.0029786794912070036
0, 271, 508, 207, 207, 0.0028594976756721735
0, 485, 663, 28, 16, 0.002824254799634218
0, 580, 727, 37, 21, 0.00280372123233974
0, 688, 751, 115, 52, 0.002756838221102953
0, 542, 694, 38, 32, 0.0027447908651083708
0, 739, 808, 59, 61, 0.002741534961387515
0, 631, 700, 21, 17, 0.0026626784820109606
0, 735, 794, 28, 20, 0.0025854904670268297
0, 212, 398, 13, 14, 0.0025420321617275476
0, 724, 768, 48, 36, 0.0025144419632852077
0, 539, 630, 50, 43, 0.0024998101871460676
0, 733, 817, 30, 25, 0.0024405387230217457
0, 630, 658, 23, 18, 0.0024366399738937616
0, 743, 821, 12, 15, 0.00240523973479867
0, 911, 658, 11, 24, 0.002373684197664261
0, 168, 385, 38, 90, 0.002347394358366728
0, 528, 692, 31, 29, 0.002330978401005268
0, 623, 712, 45, 46, 0.002300326945260167
0, 723, 795, 25, 20, 0.002269280841574073
0, 314, 588, 52, 41, 0.002246835734695196
0, 571, 726, 19, 16, 0.0021520364098250866
0, 647, 679, 46, 57, 0.0021213050931692123
0, 639, 739, 13, 14, 0.002095865085721016
0, 626, 687, 63, 68, 0.0020472228061407804
0, 246, 465, 31, 23, 0.002020202809944749
0, 585, 666, 43, 37, 0.0020172391086816788
0, 487, 677, 39, 27, 0.0020110607147216797
0, 722, 778, 151, 107, 0.002002806169912219
0, 199, 442, 32, 37, 0.002002685097977519
0, 267, 482, 38, 39, 0.0019850158132612705
0, 382, 632, 42, 35, 0.0019806649070233107
0, 744, 749, 37, 13, 0.0018743985565379262
0, 216, 474, 93, 160, 0.0018730475567281246
0, 387, 612, 58, 52, 0.0018715665210038424
0, 223, 498, 29, 45, 0.0018506725318729877
0, 325, 615, 14, 10, 0.0018477425910532475
