0, 485, 342, 93, 88, 0.5302074551582336
0, 397, 364, 76, 88, 0.467329740524292
0, 587, 258, 110, 127, 0.3113863170146942
0, 314, 406, 52, 46, 0.2182888388633728
0, 287, 435, 115, 110, 0.21504302322864532
0, 484, 336, 86, 70, 0.06315649300813675
0, 398, 379, 73, 63, 0.04652421176433563
0, 659, 197, 32, 42, 0.03902430459856987
0, 660, 205, 22, 26, 0.036303192377090454
0, 682, 271, 43, 35, 0.033741697669029236
0, 316, 388, 73, 88, 0.027987103909254074
0, 580, 270, 82, 85, 0.026130089536309242
0, 287, 444, 80, 56, 0.02480083703994751
0, 488, 337, 90, 69, 0.024502335116267204
0, 312, 410, 70, 64, 0.023286836221814156
0, 627, 265, 23, 21, 0.022950559854507446
0, 698, 220, 12, 13, 0.021778402850031853
0, 555, 306, 16, 22, 0.021216273307800293
0, 551, 318, 31, 36, 0.021161355078220367
0, 587, 270, 78, 82, 0.02029331959784031
0, 543, 290, 207, 208, 0.020160507410764694
0, 625, 277, 22, 28, 0.01957342028617859
0, 476, 347, 66, 58, 0.01927698776125908
0, 278, 420, 148, 178, 0.01882854476571083
0, 554, 311, 21, 27, 0.01727839931845665
0, 620, 274, 40, 47, 0.01716330274939537
0, 683, 267, 40, 36, 0.014957536943256855
0, 622, 285, 26, 26, 0.01495129894465208
0, 476, 318, 27, 25, 0.013790194876492023
0, 331, 375, 43, 57, 0.013327467255294323
0, 568, 254, 43, 40, 0.013178670778870583
0, 280, 424, 18, 19, 0.011471878737211227
0, 328, 361, 17, 14, 0.011009888723492622
0, 679, 273, 33, 22, 0.010525137186050415
0, 632, 276, 24, 32, 0.010476152412593365
0, 282, 443, 61, 48, 0.010306267067790031
0, 479, 318, 27, 27, 0.010212591849267483
0, 580, 289, 38, 50, 0.010184448212385178
0, 658, 198, 29, 39, 0.010098505765199661
0, 309, 475, 42, 25, 0.009952841326594353
0, 398, 386, 75, 53, 0.009623211808502674
0, 629, 268, 25, 31, 0.009531988762319088
0, 279, 445, 46, 28, 0.009467129595577717
0, 292, 428, 113, 107, 0.009262804873287678
0, 686, 257, 30, 19, 0.009256059303879738
0, 449, 315, 17, 18, 0.009225595742464066
0, 617, 268, 38, 38, 0.009171009063720703
0, 588, 254, 80, 80, 0.009014641866087914
0, 683, 275, 48, 54, 0.008856517262756824
0, 300, 396, 104, 102, 0.008797031827270985
0, 486, 343, 84, 56, 0.00864599272608757
0, 610, 221, 40, 46, 0.008077163249254227
0, 282, 404, 155, 168, 0.0078000412322580814
0, 397, 370, 75, 72, 0.0077047199010849
0, 503, 343, 71, 59, 0.007619111333042383
0, 335, 364, 33, 37, 0.007585863117128611
0, 297, 433, 91, 99, 0.007550988811999559
0, 534, 313, 18, 26, 0.007507095113396645
0, 340, 373, 21, 37, 0.007506764493882656
0, 284, 440, 113, 105, 0.007287483662366867
0, 349, 429, 32, 29, 0.007128924131393433
0, 617, 288, 22, 24, 0.006879387889057398
0, 397, 360, 67, 78, 0.006856234278529882
0, 305, 476, 31, 24, 0.006578424945473671
0, 550, 315, 48, 50, 0.006362062878906727
0, 547, 316, 40, 42, 0.006340474355965853
0, 397, 345, 46, 40, 0.00627930648624897
0, 392, 347, 54, 45, 0.006172474939376116
0, 467, 342, 53, 57, 0.006109887734055519
0, 585, 246, 95, 100, 0.006057220511138439
0, 399, 341, 38, 31, 0.006029517389833927
0, 498, 361, 15, 22, 0.0059127360582351685
0, 538, 328, 208, 154, 0.0059059858322143555
0, 335, 379, 32, 54, 0.005898931995034218
0, 531, 323, 69, 58, 0.005885039921849966
0, 307, 391, 15, 14, 0.005773561075329781
0, 320, 387, 67, 81, 0.0056672124192118645
0, 274, 451, 90, 73, 0.005647221114486456
0, 270, 438, 62, 47, 0.005640536546707153
0, 351, 438, 46, 49, 0.005617854185402393
0, 602, 237, 53, 82, 0.00559258135035634
0, 256, 433, 31, 30, 0.005570302251726389
0, 282, 438, 45, 46, 0.005546212662011385
0, 607, 220, 39, 37, 0.005458086729049683
0, 481, 283, 19, 15, 0.005304030142724514
0, 354, 426, 17, 21, 0.00514331366866827
0, 474, 323, 26, 23, 0.004814299289137125
0, 374, 407, 13, 18, 0.004813346546143293
0, 377, 387, 32, 27, 0.004785984754562378
0, 662, 187, 24, 22, 0.004765985533595085
0, 679, 278, 41, 40, 0.004700209945440292
0, 472, 360, 61, 63, 0.004668611101806164
0, 582, 277, 35, 37, 0.00463445158675313
0, 391, 339, 45, 28, 0.004626746289432049
0, 464, 315, 50, 34, 0.0044180238619446754
0, 491, 327, 67, 35, 0.00440929876640439
0, 609, 258, 27, 35, 0.004319541621953249
0, 656, 203, 25, 32, 0.004244637209922075
0, 623, 263, 30, 22, 0.004221741575747728
0, 603, 226, 34, 28, 0.004176647402346134
0, 636, 310, 21, 15, 0.0041418238542973995
0, 409, 375, 42, 48, 0.0040799472481012344
0, 296, 408, 20, 20, 0.004004994407296181
0, 341, 434, 15, 14, 0.003991455305367708
0, 258, 408, 18, 12, 0.003965464886277914
0, 680, 269, 34, 22, 0.003851785324513912
0, 480, 286, 15, 12, 0.0038166779559105635
0, 638, 304, 23, 25, 0.003768570488318801
0, 260, 441, 37, 39, 0.0037190434522926807
0, 461, 351, 34, 30, 0.0036997473798692226
0, 466, 328, 42, 35, 0.003671155543997884
0, 618, 210, 24, 23, 0.003648837562650442
0, 461, 359, 24, 20, 0.003605043049901724
0, 674, 281, 27, 37, 0.0034712478518486023
0, 558, 264, 33, 23, 0.003468936076387763
0, 394, 368, 69, 71, 0.0034172239247709513
0, 315, 416, 37, 27, 0.0034009101800620556
0, 548, 321, 30, 32, 0.0033760154619812965
0, 381, 342, 31, 25, 0.003368732985109091
0, 608, 229, 40, 55, 0.0032815884333103895
0, 588, 237, 79, 78, 0.0032744077034294605
0, 562, 258, 41, 31, 0.003266718005761504
0, 461, 365, 42, 56, 0.003207034897059202
0, 582, 296, 23, 31, 0.003186331130564213
0, 410, 383, 45, 54, 0.0031686348374933004
0, 334, 394, 20, 24, 0.003156636841595173
0, 458, 305, 33, 18, 0.00310714659281075
0, 392, 425, 13, 13, 0.0031057926826179028
0, 316, 391, 18, 17, 0.0030511519871652126
0, 288, 435, 43, 37, 0.003047278616577387
0, 603, 266, 27, 28, 0.002996031893417239
0, 580, 252, 62, 49, 0.0029835067689418793
0, 477, 338, 74, 73, 0.0029416836332529783
0, 266, 479, 28, 22, 0.002915862249210477
0, 296, 460, 88, 59, 0.002815116196870804
0, 455, 356, 32, 42, 0.0028086223173886538
0, 332, 357, 26, 20, 0.002768447156995535
0, 636, 285, 17, 21, 0.0027045556344091892
0, 253, 484, 19, 16, 0.0026807677932083607
0, 604, 259, 23, 23, 0.0026738769374787807
0, 504, 276, 13, 11, 0.0026710794772952795
0, 578, 277, 47, 54, 0.002662131329998374
0, 298, 401, 31, 33, 0.002656315453350544
0, 309, 470, 44, 34, 0.002650968497619033
0, 585, 277, 49, 44, 0.002642273437231779
0, 288, 449, 51, 36, 0.002630407689139247
0, 517, 358, 30, 22, 0.002609879244118929
0, 328, 390, 35, 29, 0.0025822240859270096
0, 508, 341, 67, 61, 0.0025576341431587934
0, 256, 465, 36, 22, 0.0025548161938786507
0, 311, 398, 33, 29, 0.0025129499845206738
0, 297, 455, 36, 24, 0.002512143226340413
0, 394, 424, 14, 15, 0.0025108628906309605
0, 306, 415, 29, 31, 0.002462539589032531
0, 316, 397, 35, 26, 0.0024388686288148165
0, 551, 329, 28, 23, 0.002414114074781537
0, 531, 318, 28, 40, 0.0023649760987609625
0, 295, 418, 62, 71, 0.002345232293009758
0, 377, 349, 25, 21, 0.002325941575691104
0, 291, 452, 37, 28, 0.002324128756299615
0, 600, 230, 34, 34, 0.0023054189514368773
0, 564, 264, 23, 17, 0.00230256374925375
0, 573, 245, 31, 27, 0.0022733784280717373
0, 587, 305, 16, 17, 0.0022715015802532434
0, 393, 361, 65, 77, 0.002268925542011857
0, 285, 414, 28, 37, 0.0022579075302928686
0, 485, 347, 59, 41, 0.0022381735034286976
0, 395, 382, 97, 131, 0.0022286123130470514
0, 256, 453, 38, 38, 0.00222196988761425
0, 456, 349, 31, 38, 0.0022209014277905226
0, 532, 309, 24, 26, 0.002210346981883049
0, 485, 320, 45, 29, 0.0022025953512638807
0, 293, 450, 67, 56, 0.0021787353325635195
0, 629, 287, 49, 57, 0.0021667948458343744
0, 491, 318, 49, 31, 0.0021626008674502373
0, 326, 398, 27, 23, 0.002149434993043542
0, 455, 325, 32, 43, 0.002148661995306611
0, 675, 254, 17, 14, 0.0021380677353590727
0, 403, 318, 14, 11, 0.0021260676439851522
0, 411, 397, 27, 23, 0.0020973964128643274
0, 454, 339, 29, 25, 0.002096711890771985
0, 323, 366, 29, 25, 0.002084392588585615
0, 603, 281, 81, 64, 0.0020631332881748676
0, 608, 289, 78, 65, 0.002061266917735338
0, 467, 383, 20, 25, 0.002057466423138976
0, 268, 474, 25, 20, 0.002028425456956029
0, 582, 290, 40, 55, 0.0020105803851038218
0, 548, 266, 33, 24, 0.0019488438265398145
0, 610, 213, 34, 27, 0.001944932620972395
0, 603, 268, 65, 38, 0.0019420543685555458
0, 656, 188, 26, 21, 0.0019294747617095709
0, 492, 280, 41, 24, 0.001928213401697576
0, 660, 205, 29, 33, 0.001910638646222651
0, 658, 203, 39, 54, 0.00189553655218333
0, 591, 309, 18, 17, 0.0017917132936418056
0, 587, 300, 37, 54, 0.001785384607501328
0, 518, 349, 24, 16, 0.0017804292729124427
0, 502, 357, 25, 26, 0.0017732438864186406
0, 446, 368, 10, 17, 0.0017513151979073882
0, 611, 248, 23, 24, 0.0016712673241272569
0, 506, 329, 35, 24, 0.0016295601380988955
0, 561, 265, 63, 60, 0.001627560006454587
0, 401, 333, 35, 18, 0.0015875574899837375
0, 358, 430, 34, 29, 0.0015873224474489689
0, 283, 441, 110, 104, 0.001519849058240652
0, 343, 355, 19, 19, 0.0015014295931905508
0, 250, 485, 21, 15, 0.001492939656600356
0, 246, 455, 35, 31, 0.0014550365740433335
0, 454, 309, 30, 27, 0.0014528835890814662
0, 417, 395, 28, 26, 0.0014146002940833569
0, 265, 511, 39, 27, 0.0014098454266786575
0, 466, 309, 37, 24, 0.001409677672199905
0, 251, 486, 29, 19, 0.0013815974816679955
0, 326, 387, 63, 93, 0.0013666891027241945
0, 276, 450, 130, 135, 0.0013664528960362077
0, 325, 418, 23, 21, 0.0013653154019266367
0, 309, 460, 44, 36, 0.001362163107842207
0, 304, 472, 23, 17, 0.0013577789068222046
0, 601, 224, 30, 32, 0.0013404047349467874
0, 320, 373, 19, 16, 0.0013163670664653182
0, 593, 323, 29, 19, 0.0012917836429551244
0, 264, 507, 18, 16, 0.001284844009205699
0, 248, 462, 36, 28, 0.0012824025470763445
0, 409, 362, 29, 21, 0.001276159193366766
0, 416, 385, 33, 49, 0.0012700901133939624
0, 283, 403, 20, 17, 0.0012606988893821836
0, 374, 430, 13, 22, 0.0012518770527094603
0, 521, 305, 12, 16, 0.0012494416441768408
0, 404, 338, 37, 25, 0.0012409656774252653
0, 524, 350, 29, 17, 0.0012283570831641555
0, 253, 437, 31, 38, 0.001226765220053494
0, 387, 391, 50, 37, 0.0012090851087123156
0, 692, 223, 26, 20, 0.0011932037305086851
0, 394, 333, 30, 17, 0.0011874677147716284
0, 485, 353, 82, 59, 0.0011859253281727433
0, 311, 406, 55, 46, 0.0011819758219644427
0, 248, 444, 27, 35, 0.0011700852774083614
0, 579, 244, 26, 23, 0.0011595510877668858
0, 674, 277, 33, 34, 0.0011501755798235536
0, 180, 514, 73, 53, 0.0011426889104768634
0, 383, 406, 43, 33, 0.001130277058109641
0, 249, 487, 27, 19, 0.001110342564061284
0, 417, 374, 30, 29, 0.0011045871069654822
0, 276, 427, 29, 25, 0.0010847770608961582
0, 598, 325, 19, 15, 0.0010837564477697015
0, 498, 338, 71, 48, 0.0010805833153426647
0, 526, 361, 26, 19, 0.0010759347351267934
0, 632, 312, 20, 13, 0.0010750479996204376
0, 326, 404, 44, 52, 0.0010722868610173464
0, 510, 333, 129, 85, 0.001072207698598504
0, 259, 506, 19, 14, 0.001067349105142057
0, 574, 286, 27, 24, 0.0010415824363008142
0, 517, 327, 23, 16, 0.0010383144253864884
0, 545, 327, 34, 30, 0.0010361538734287024
0, 584, 256, 102, 122, 0.001029059523716569
0, 505, 318, 30, 21, 0.0010172814363613725
0, 616, 293, 22, 24, 0.001016699243336916
0, 447, 394, 24, 18, 0.0010090594878420234
0, 360, 427, 18, 21, 0.0009982616174966097
0, 385, 363, 48, 76, 0.0009923119796440005
0, 465, 372, 21, 36, 0.0009882653830572963
0, 586, 236, 36, 29, 0.0009787220042198896
0, 255, 426, 32, 36, 0.0009778691455721855
0, 540, 307, 15, 23, 0.00097537791589275
0, 286, 460, 89, 64, 0.0009733072365634143
0, 335, 385, 43, 79, 0.0009575384319759905
0, 606, 285, 84, 73, 0.0009418564732186496
0, 402, 358, 46, 62, 0.0009322100668214262
0, 373, 427, 11, 15, 0.0009221472428180277
0, 678, 270, 46, 33, 0.0009119683527387679
0, 592, 302, 29, 30, 0.0008909186581149697
0, 411, 421, 13, 15, 0.0008833757601678371
0, 579, 326, 13, 12, 0.0008646905771456659
0, 380, 394, 39, 39, 0.000843241170514375
0, 414, 328, 27, 27, 0.0008392223389819264
0, 684, 231, 11, 11, 0.0008086354937404394
0, 344, 442, 35, 42, 0.0007983152754604816
0, 495, 310, 25, 19, 0.000792357895988971
0, 259, 516, 29, 22, 0.0007919294876046479
0, 254, 388, 11, 8, 0.0007735887193121016
0, 294, 453, 89, 75, 0.0007681495044380426
0, 621, 207, 18, 22, 0.0007597028161399066
0, 206, 499, 59, 70, 0.0007577748037874699
0, 481, 355, 101, 108, 0.0007312336238101125
0, 595, 309, 24, 18, 0.000730155676137656
0, 413, 321, 32, 19, 0.0007290883804671466
0, 648, 303, 8, 9, 0.000716605456545949
0, 417, 366, 29, 28, 0.0007161620305851102
0, 252, 429, 29, 25, 0.0007148607401177287
0, 579, 274, 116, 148, 0.0007116309716366231
0, 668, 286, 22, 29, 0.0006662513478659093
0, 418, 324, 19, 19, 0.0006570973200723529
0, 551, 259, 36, 28, 0.0006555576110258698
0, 588, 262, 110, 135, 0.0006452589295804501
0, 295, 429, 62, 62, 0.0006280909874476492
0, 634, 260, 10, 15, 0.0006270308513194323
0, 334, 426, 28, 26, 0.0006209236453287303
0, 371, 404, 22, 25, 0.0006194905145093799
0, 480, 311, 19, 19, 0.000600297178607434
0, 355, 437, 39, 41, 0.0006000586436130106
