0, 235, 219, 49, 39, 0.3923359215259552
0, 338, 147, 35, 37, 0.37835487723350525
0, 292, 492, 36, 25, 0.37263408303260803
0, 399, 155, 49, 29, 0.35637128353118896
0, 410, 149, 74, 44, 0.27330514788627625
0, 285, 542, 12, 20, 0.20049570500850677
0, 204, 246, 13, 22, 0.19819682836532593
0, 137, 298, 22, 29, 0.1975342482328415
0, 105, 315, 28, 37, 0.19476954638957977
0, 377, 490, 17, 14, 0.17129656672477722
0, 446, 183, 55, 28, 0.16768907010555267
0, 199, 484, 13, 14, 0.15861409902572632
0, 519, 158, 21, 14, 0.15618282556533813
0, 115, 279, 10, 14, 0.14966604113578796
0, 468, 514, 17, 15, 0.14285703003406525
0, 300, 193, 32, 23, 0.14255203306674957
0, 425, 142, 30, 24, 0.14076831936836243
0, 279, 525, 17, 14, 0.14054754376411438
0, 367, 507, 32, 16, 0.13440530002117157
0, 509, 149, 62, 51, 0.13188621401786804
0, 195, 509, 30, 27, 0.12246254831552505
0, 244, 475, 13, 16, 0.11919290572404861
0, 378, 562, 35, 17, 0.11591057479381561
0, 311, 520, 25, 21, 0.115389384329319
0, 645, 546, 16, 11, 0.11479496210813522
0, 446, 134, 16, 16, 0.11301283538341522
0, 423, 143, 29, 21, 0.11256065219640732
0, 505, 548, 41, 24, 0.11233235150575638
0, 188, 438, 28, 18, 0.10188139975070953
0, 511, 145, 57, 42, 0.10126927495002747
0, 512, 175, 23, 10, 0.09889273345470428
0, 118, 345, 16, 17, 0.09442859143018723
0, 127, 399, 38, 24, 0.0919480249285698
0, 146, 277, 12, 19, 0.08938401937484741
0, 551, 160, 32, 16, 0.08782739192247391
0, 106, 311, 26, 30, 0.08661770820617676
0, 164, 514, 13, 15, 0.08623650670051575
0, 160, 409, 17, 26, 0.08414553850889206
0, 267, 202, 29, 15, 0.08297671377658844
0, 119, 347, 17, 19, 0.08271709829568863
0, 476, 556, 19, 19, 0.0821162611246109
0, 135, 395, 18, 13, 0.08108673244714737
0, 242, 502, 23, 17, 0.08052849024534225
0, 206, 186, 16, 15, 0.07935594767332077
0, 164, 262, 9, 10, 0.07926400750875473
0, 477, 557, 19, 20, 0.07912425696849823
0, 107, 304, 13, 15, 0.07741038501262665
0, 504, 483, 30, 21, 0.0769917368888855
0, 351, 490, 20, 13, 0.07692050188779831
0, 441, 559, 23, 19, 0.07645709812641144
0, 177, 212, 12, 11, 0.07604049891233444
0, 267, 208, 112, 61, 0.07543175667524338
0, 215, 471, 17, 11, 0.067904993891716
0, 242, 536, 16, 16, 0.06736157089471817
0, 251, 180, 8, 19, 0.06628135591745377
0, 424, 143, 30, 22, 0.06562475860118866
0, 242, 499, 26, 18, 0.06325624138116837
0, 285, 200, 70, 39, 0.06244545057415962
0, 515, 134, 44, 18, 0.062417615205049515
0, 138, 464, 15, 14, 0.06195870414376259
0, 120, 347, 21, 23, 0.06116154417395592
0, 110, 472, 10, 13, 0.05846564099192619
0, 134, 399, 21, 20, 0.056001875549554825
0, 128, 478, 9, 16, 0.055677227675914764
0, 135, 452, 33, 37, 0.0556616447865963
0, 349, 189, 19, 22, 0.055621709674596786
0, 94, 430, 14, 11, 0.05538651719689369
0, 444, 133, 16, 16, 0.0550977997481823
0, 505, 548, 43, 25, 0.054880354553461075
0, 425, 546, 37, 22, 0.05377241596579552
0, 350, 179, 29, 43, 0.051486559212207794
0, 261, 215, 103, 52, 0.05126112326979637
0, 444, 183, 54, 28, 0.051204290241003036
0, 393, 126, 15, 8, 0.050918519496917725
0, 217, 535, 18, 12, 0.050391122698783875
0, 98, 377, 20, 11, 0.04947550967335701
0, 185, 436, 24, 18, 0.04924638569355011
0, 353, 488, 25, 16, 0.047570519149303436
0, 257, 478, 11, 10, 0.04728000983595848
0, 134, 306, 11, 13, 0.046666499227285385
0, 439, 135, 30, 19, 0.04615020751953125
0, 139, 495, 12, 12, 0.0458080992102623
0, 262, 535, 10, 16, 0.04516750946640968
0, 665, 555, 11, 12, 0.04508291557431221
0, 147, 275, 13, 16, 0.044944483786821365
0, 301, 192, 33, 24, 0.04381270334124565
0, 160, 263, 20, 12, 0.043148141354322433
0, 421, 115, 19, 9, 0.042718298733234406
0, 423, 549, 31, 15, 0.042540259659290314
0, 125, 380, 14, 12, 0.04226815328001976
0, 335, 520, 19, 11, 0.04193425178527832
0, 515, 133, 45, 18, 0.03995112329721451
0, 368, 507, 30, 14, 0.03905041515827179
0, 226, 179, 10, 9, 0.038812607526779175
0, 255, 525, 33, 33, 0.036201342940330505
0, 370, 490, 28, 18, 0.036019496619701385
0, 495, 159, 24, 21, 0.035759732127189636
0, 396, 129, 18, 13, 0.0356937050819397
0, 270, 491, 11, 10, 0.03543386608362198
0, 106, 320, 32, 49, 0.035179853439331055
0, 476, 556, 17, 18, 0.034542158246040344
0, 268, 203, 34, 16, 0.034270141273736954
0, 517, 133, 39, 14, 0.03388971835374832
0, 580, 170, 15, 8, 0.03284625709056854
0, 363, 124, 14, 8, 0.03273428604006767
0, 147, 479, 12, 9, 0.03212776407599449
0, 557, 494, 24, 27, 0.03143184259533882
0, 326, 555, 12, 8, 0.031244739890098572
0, 429, 162, 28, 17, 0.03092305362224579
0, 323, 519, 43, 15, 0.030451182276010513
0, 243, 535, 16, 19, 0.030297860503196716
0, 496, 150, 24, 25, 0.030231477692723274
0, 264, 527, 50, 38, 0.029446834698319435
0, 201, 206, 12, 8, 0.029369885101914406
0, 551, 162, 32, 16, 0.029234377667307854
0, 364, 489, 43, 19, 0.02899305708706379
0, 316, 519, 30, 19, 0.028576016426086426
0, 318, 492, 36, 19, 0.02800009772181511
0, 113, 400, 17, 16, 0.027978867292404175
0, 406, 491, 10, 9, 0.0276937335729599
0, 141, 471, 25, 26, 0.027643535286188126
0, 341, 157, 32, 43, 0.027624180540442467
0, 326, 493, 21, 15, 0.026741016656160355
0, 251, 182, 14, 22, 0.026541948318481445
0, 251, 476, 28, 17, 0.026478154584765434
0, 136, 443, 25, 17, 0.026004452258348465
0, 363, 488, 46, 20, 0.025603925809264183
0, 138, 467, 16, 15, 0.02542373538017273
0, 210, 535, 9, 9, 0.02530382014811039
0, 551, 153, 36, 23, 0.02519598789513111
0, 158, 405, 12, 18, 0.02486041933298111
0, 481, 121, 14, 10, 0.02466769330203533
0, 204, 244, 13, 19, 0.02455308847129345
0, 127, 474, 15, 20, 0.024378644302487373
0, 496, 551, 62, 34, 0.02436431311070919
0, 545, 156, 54, 42, 0.024311838671565056
0, 421, 147, 60, 48, 0.024057963863015175
0, 147, 286, 46, 53, 0.023986147716641426
0, 212, 472, 16, 10, 0.023980867117643356
0, 319, 561, 26, 14, 0.02387470379471779
0, 326, 178, 13, 19, 0.023821454495191574
0, 526, 149, 87, 50, 0.023762894794344902
0, 140, 462, 19, 15, 0.023741576820611954
0, 99, 375, 22, 12, 0.02334759570658207
0, 155, 272, 32, 33, 0.02309403568506241
0, 192, 510, 30, 24, 0.02306225150823593
0, 138, 292, 16, 15, 0.022915614768862724
0, 307, 155, 10, 9, 0.02289857715368271
0, 191, 442, 27, 16, 0.022878000512719154
0, 161, 410, 22, 31, 0.022808853536844254
0, 207, 196, 18, 19, 0.022648507729172707
0, 97, 426, 21, 20, 0.022448532283306122
0, 346, 157, 17, 14, 0.022399989888072014
0, 324, 556, 16, 11, 0.022354185581207275
0, 448, 183, 59, 38, 0.022059909999370575
0, 257, 517, 25, 18, 0.021732699126005173
0, 264, 533, 16, 21, 0.02172250486910343
0, 285, 208, 14, 13, 0.021354051306843758
0, 535, 150, 16, 16, 0.02131323702633381
0, 245, 154, 19, 11, 0.02106812596321106
0, 440, 124, 48, 26, 0.020650524646043777
0, 251, 518, 29, 17, 0.020578164607286453
0, 323, 517, 45, 20, 0.02053934894502163
0, 451, 116, 17, 9, 0.020443525165319443
0, 206, 183, 18, 14, 0.020309409126639366
0, 510, 526, 12, 9, 0.020177530124783516
0, 134, 461, 32, 45, 0.020105410367250443
0, 116, 353, 31, 36, 0.019700689241290092
0, 445, 133, 14, 14, 0.019285518676042557
0, 250, 215, 17, 12, 0.01922479458153248
0, 502, 152, 73, 54, 0.018837187439203262
0, 497, 158, 25, 22, 0.018749207258224487
0, 176, 422, 56, 54, 0.018581654876470566
0, 241, 538, 12, 12, 0.018564727157354355
0, 379, 137, 11, 11, 0.018551578745245934
0, 102, 318, 21, 23, 0.018453475087881088
0, 120, 344, 16, 15, 0.01838182657957077
0, 202, 205, 12, 10, 0.017954621464014053
0, 220, 521, 16, 10, 0.017921574413776398
0, 245, 213, 30, 20, 0.01732206903398037
0, 557, 493, 22, 23, 0.01719469390809536
0, 258, 525, 59, 46, 0.017178215086460114
0, 322, 156, 11, 10, 0.017118509858846664
0, 362, 507, 20, 11, 0.01708446815609932
0, 492, 163, 24, 17, 0.017025163397192955
0, 130, 394, 19, 11, 0.01699475571513176
0, 187, 460, 10, 7, 0.016940828412771225
0, 252, 203, 40, 16, 0.016625484451651573
0, 653, 525, 12, 10, 0.01662411168217659
0, 515, 159, 16, 13, 0.016205037012696266
0, 630, 555, 11, 7, 0.016134968027472496
0, 536, 154, 61, 25, 0.016050375998020172
0, 316, 539, 10, 11, 0.016049375757575035
0, 486, 157, 41, 31, 0.015549733303487301
0, 262, 527, 55, 44, 0.015496961772441864
0, 207, 480, 30, 24, 0.015454249456524849
0, 240, 221, 41, 35, 0.015137771144509315
0, 316, 488, 33, 21, 0.014871709048748016
0, 427, 547, 32, 21, 0.01486627385020256
0, 140, 287, 28, 43, 0.014790868386626244
0, 312, 517, 20, 14, 0.014751618728041649
0, 239, 203, 21, 12, 0.014519209042191505
0, 376, 488, 18, 15, 0.014510328881442547
0, 480, 545, 18, 15, 0.014444499276578426
0, 94, 307, 11, 12, 0.014382721856236458
0, 197, 505, 23, 18, 0.014336403459310532
0, 227, 166, 12, 8, 0.01431526243686676
0, 473, 166, 21, 12, 0.014136329293251038
0, 332, 139, 23, 18, 0.013904130086302757
0, 415, 151, 56, 39, 0.013887130655348301
0, 177, 258, 10, 10, 0.013803060166537762
0, 188, 504, 21, 15, 0.01376702357083559
0, 107, 359, 11, 11, 0.01373615674674511
0, 504, 547, 42, 22, 0.01364058256149292
0, 136, 461, 42, 54, 0.013607765547931194
0, 247, 152, 16, 11, 0.013592100702226162
0, 142, 289, 30, 48, 0.013471627607941628
0, 114, 394, 17, 14, 0.013373815454542637
0, 243, 475, 11, 12, 0.013162321411073208
0, 163, 278, 14, 11, 0.0131557397544384
0, 365, 124, 13, 8, 0.012983676046133041
0, 136, 475, 35, 30, 0.012946758419275284
0, 160, 413, 22, 27, 0.012907501310110092
0, 662, 513, 11, 7, 0.012766560539603233
0, 263, 517, 18, 15, 0.012760785408318043
0, 215, 239, 9, 11, 0.012690871022641659
0, 279, 205, 59, 20, 0.012491928413510323
0, 339, 162, 44, 70, 0.012475874274969101
0, 285, 538, 10, 12, 0.012459025718271732
0, 111, 401, 14, 13, 0.01236241776496172
0, 160, 248, 14, 13, 0.012319118715822697
0, 247, 497, 12, 10, 0.012311572209000587
0, 97, 329, 12, 17, 0.012304257601499557
0, 348, 169, 17, 18, 0.012254935689270496
0, 110, 376, 46, 20, 0.012211991474032402
0, 120, 371, 17, 16, 0.012207631953060627
0, 423, 520, 10, 8, 0.012119866907596588
0, 184, 438, 21, 17, 0.012097063474357128
0, 462, 165, 194, 94, 0.01207774318754673
0, 342, 163, 43, 71, 0.012014356441795826
0, 668, 553, 15, 14, 0.012007130309939384
0, 228, 454, 6, 6, 0.011987629346549511
0, 176, 214, 14, 16, 0.01194081176072359
0, 434, 161, 29, 19, 0.011777232401072979
0, 521, 131, 34, 14, 0.01168506033718586
0, 358, 486, 12, 10, 0.011368025094270706
0, 476, 551, 21, 24, 0.011331272311508656
0, 273, 205, 173, 109, 0.011279163882136345
0, 242, 499, 27, 19, 0.01121394895017147
0, 164, 243, 12, 13, 0.010982927866280079
0, 444, 554, 19, 17, 0.010969438590109348
0, 204, 245, 15, 22, 0.01094891969114542
0, 266, 206, 58, 39, 0.01093828771263361
0, 247, 526, 33, 30, 0.010865690186619759
0, 122, 372, 17, 21, 0.010831340216100216
0, 235, 229, 19, 17, 0.01081246417015791
0, 157, 280, 17, 17, 0.01073430199176073
0, 254, 184, 26, 29, 0.010722428560256958
0, 499, 142, 26, 24, 0.01065446063876152
0, 276, 533, 31, 34, 0.010621754452586174
0, 203, 246, 16, 23, 0.01061130128800869
0, 199, 219, 15, 11, 0.010592648759484291
0, 307, 488, 51, 24, 0.010527233593165874
0, 126, 319, 9, 12, 0.010326349176466465
0, 346, 564, 18, 9, 0.010302342474460602
0, 480, 196, 11, 10, 0.010178406722843647
0, 264, 202, 31, 14, 0.01015398371964693
0, 205, 522, 50, 23, 0.010126362554728985
0, 197, 519, 13, 11, 0.010118483565747738
0, 229, 227, 26, 21, 0.010082592256367207
0, 443, 556, 18, 16, 0.009982684627175331
0, 202, 189, 29, 26, 0.009798522107303143
0, 373, 564, 27, 14, 0.009546983055770397
0, 433, 182, 29, 23, 0.009540542028844357
0, 405, 490, 12, 10, 0.009531502611935139
0, 501, 551, 53, 33, 0.009360942989587784
0, 283, 542, 17, 22, 0.00934776570647955
0, 131, 449, 28, 28, 0.009267255663871765
0, 546, 161, 23, 11, 0.009252019226551056
0, 448, 179, 36, 20, 0.009176132269203663
0, 122, 358, 13, 10, 0.009129186160862446
0, 540, 180, 11, 9, 0.009112177416682243
0, 314, 517, 23, 15, 0.008951633237302303
0, 242, 155, 22, 11, 0.008915718644857407
0, 251, 515, 34, 19, 0.008908314630389214
0, 478, 175, 17, 15, 0.008867913857102394
0, 663, 521, 32, 18, 0.00879891961812973
0, 368, 504, 42, 37, 0.008753150701522827
0, 365, 508, 28, 15, 0.008710256777703762
0, 303, 495, 54, 17, 0.008695142343640327
0, 411, 142, 60, 26, 0.00868922658264637
0, 428, 551, 45, 32, 0.008602894842624664
0, 617, 566, 11, 8, 0.008602235466241837
0, 422, 494, 10, 7, 0.008535339497029781
0, 539, 148, 21, 15, 0.008531785570085049
0, 248, 216, 22, 13, 0.008514962159097195
0, 154, 269, 28, 26, 0.008511174470186234
0, 307, 490, 65, 34, 0.008432754315435886
0, 162, 514, 16, 17, 0.008360374718904495
0, 146, 383, 14, 11, 0.008357604034245014
