0, 606, 1075, 131, 103, 0.16838672757148743
0, 761, 388, 37, 34, 0.12592372298240662
0, 762, 390, 40, 39, 0.1050855815410614
0, 831, 1151, 124, 106, 0.1012546718120575
0, 688, 306, 25, 44, 0.07645819336175919
0, 579, 1065, 112, 81, 0.07350965589284897
0, 739, 1129, 443, 226, 0.06743969768285751
0, 1149, 1122, 23, 19, 0.06612076610326767
0, 608, 253, 55, 50, 0.06489807367324829
0, 647, 254, 23, 32, 0.063250832259655
0, 580, 354, 40, 45, 0.05976799875497818
0, 726, 346, 15, 18, 0.05692815035581589
0, 839, 1159, 83, 77, 0.056120194494724274
0, 780, 1118, 45, 40, 0.054985906928777695
0, 702, 270, 30, 27, 0.05475464463233948
0, 1034, 1156, 117, 84, 0.054584942758083344
0, 218, 935, 100, 82, 0.051676902920007706
0, 728, 449, 26, 25, 0.05164550244808197
0, 812, 515, 15, 18, 0.051423314958810806
0, 811, 467, 34, 33, 0.05064847692847252
0, 654, 288, 38, 30, 0.05042417347431183
0, 302, 989, 142, 94, 0.04841137304902077
0, 731, 311, 24, 28, 0.04663750156760216
0, 322, 1002, 180, 115, 0.04650581628084183
0, 785, 442, 29, 26, 0.045720912516117096
0, 1023, 1168, 96, 71, 0.04438630864024162
0, 810, 461, 24, 21, 0.04418680816888809
0, 355, 1019, 124, 88, 0.04264642298221588
0, 605, 1079, 121, 84, 0.042521581053733826
0, 644, 261, 28, 37, 0.04242423176765442
0, 811, 522, 22, 35, 0.04196614772081375
0, 777, 450, 23, 26, 0.041932351887226105
0, 218, 944, 106, 93, 0.04135986790060997
0, 734, 308, 25, 27, 0.04130711406469345
0, 662, 292, 28, 23, 0.040925391018390656
0, 689, 295, 22, 30, 0.040279168635606766
0, 700, 319, 47, 42, 0.040172602981328964
0, 673, 1122, 65, 53, 0.04004896059632301
0, 499, 1028, 50, 44, 0.039645276963710785
0, 712, 322, 65, 55, 0.038171883672475815
0, 1110, 1173, 37, 23, 0.03789028897881508
0, 837, 552, 20, 22, 0.03667249158024788
0, 693, 314, 33, 37, 0.03502359241247177
0, 1061, 1145, 64, 64, 0.03489641472697258
0, 1174, 1173, 22, 21, 0.034833915531635284
0, 702, 324, 62, 80, 0.03442123532295227
0, 344, 1005, 156, 111, 0.03431364521384239
0, 255, 985, 404, 217, 0.03364753723144531
0, 1008, 1159, 57, 34, 0.03362756595015526
0, 1281, 1128, 14, 15, 0.03325344994664192
0, 719, 1145, 34, 25, 0.0327068567276001
0, 733, 460, 37, 53, 0.03269803151488304
0, 706, 346, 26, 24, 0.03212503716349602
0, 139, 913, 102, 49, 0.03144047409296036
0, 910, 1176, 24, 28, 0.03142211213707924
0, 283, 989, 109, 84, 0.030909234657883644
0, 678, 1120, 75, 59, 0.030797861516475677
0, 778, 499, 34, 26, 0.030774211511015892
0, 132, 915, 97, 49, 0.03072500228881836
0, 806, 467, 33, 33, 0.03069813922047615
0, 786, 1116, 57, 43, 0.029939018189907074
0, 695, 1130, 116, 90, 0.029570437967777252
0, 825, 1154, 104, 87, 0.02934403531253338
0, 210, 943, 107, 93, 0.029281631112098694
0, 942, 1158, 46, 51, 0.029112180694937706
0, 1059, 1161, 35, 30, 0.0285834688693285
0, 721, 361, 19, 24, 0.028547747060656548
0, 635, 289, 36, 24, 0.027477756142616272
0, 871, 1146, 28, 23, 0.027419893071055412
0, 425, 987, 38, 20, 0.027158942073583603
0, 693, 1135, 124, 104, 0.02669852413237095
0, 721, 415, 49, 48, 0.026605447754263878
0, 577, 1096, 206, 145, 0.026551591232419014
0, 689, 312, 117, 117, 0.026479801163077354
0, 840, 1169, 64, 54, 0.026182832196354866
0, 709, 353, 45, 40, 0.026026219129562378
0, 804, 526, 32, 30, 0.025844166055321693
0, 604, 253, 43, 43, 0.025827910751104355
0, 832, 558, 33, 35, 0.025823231786489487
0, 388, 1004, 128, 105, 0.02563028410077095
0, 580, 349, 31, 38, 0.024782799184322357
0, 785, 504, 23, 26, 0.02455795370042324
0, 614, 242, 50, 26, 0.024451276287436485
0, 583, 352, 42, 46, 0.024226432666182518
0, 633, 268, 49, 40, 0.024072198197245598
0, 725, 1132, 64, 60, 0.023641914129257202
0, 700, 310, 53, 63, 0.02340874634683132
0, 740, 469, 24, 28, 0.023272477090358734
0, 359, 997, 62, 47, 0.02270524762570858
0, 1042, 1146, 97, 63, 0.022650517523288727
0, 866, 1161, 56, 52, 0.02247905731201172
0, 855, 1162, 33, 31, 0.021743616089224815
0, 1148, 1156, 35, 27, 0.021627886220812798
0, 685, 1110, 54, 40, 0.021123820915818214
0, 626, 1103, 232, 164, 0.020906995981931686
0, 564, 1067, 74, 59, 0.020697809755802155
0, 623, 1080, 94, 77, 0.020647242665290833
0, 1173, 1168, 23, 23, 0.020486745983362198
0, 1110, 1169, 30, 21, 0.020243484526872635
0, 807, 460, 22, 18, 0.02023487724363804
0, 628, 1067, 50, 41, 0.020157281309366226
0, 789, 1132, 70, 74, 0.020035702735185623
0, 339, 1000, 93, 59, 0.019923100247979164
0, 499, 1021, 54, 51, 0.019697051495313644
0, 1068, 1155, 42, 42, 0.019449522718787193
0, 610, 260, 46, 37, 0.01934063993394375
0, 351, 1004, 95, 60, 0.019069233909249306
0, 499, 1082, 48, 45, 0.01899460144340992
0, 788, 1120, 62, 50, 0.01897951029241085
0, 695, 279, 44, 46, 0.01896633580327034
0, 700, 281, 46, 48, 0.018811145797371864
0, 367, 992, 50, 29, 0.018755923956632614
0, 676, 300, 64, 44, 0.018562480807304382
0, 1035, 1159, 65, 38, 0.018474271520972252
0, 437, 1055, 574, 231, 0.01842574030160904
0, 945, 1164, 51, 56, 0.01842470094561577
0, 319, 1000, 134, 68, 0.018257293850183487
0, 911, 1166, 121, 102, 0.01788056455552578
0, 863, 1156, 138, 110, 0.017856037244200706
0, 653, 290, 66, 56, 0.017849599942564964
0, 383, 992, 105, 77, 0.017660487443208694
0, 929, 1197, 23, 29, 0.017145302146673203
0, 714, 415, 37, 44, 0.01702936924993992
0, 209, 945, 119, 109, 0.016464870423078537
0, 856, 1173, 37, 42, 0.01636427268385887
0, 688, 308, 112, 111, 0.015944616869091988
0, 728, 1135, 79, 73, 0.01568940095603466
0, 593, 1079, 92, 59, 0.015645375475287437
0, 1021, 1156, 37, 27, 0.015522414818406105
0, 674, 1113, 44, 31, 0.01550837978720665
0, 853, 1151, 59, 49, 0.015330160968005657
0, 562, 1052, 70, 55, 0.015273802913725376
0, 671, 1138, 44, 33, 0.015258735045790672
0, 1060, 1126, 34, 27, 0.015233549289405346
0, 1077, 1143, 27, 19, 0.015218578279018402
0, 393, 968, 56, 22, 0.015026967041194439
0, 728, 439, 27, 19, 0.014984693378210068
0, 704, 1122, 497, 239, 0.014980640262365341
0, 369, 1009, 52, 47, 0.014878612011671066
0, 213, 931, 80, 62, 0.014848651364445686
0, 621, 253, 74, 51, 0.014727465808391571
0, 615, 1068, 52, 40, 0.014576015993952751
0, 377, 980, 78, 49, 0.014563760720193386
0, 795, 511, 32, 27, 0.014531386084854603
0, 864, 1177, 28, 30, 0.014508017338812351
0, 875, 567, 21, 23, 0.014414363540709019
0, 1024, 1148, 32, 26, 0.014321371912956238
0, 887, 1159, 38, 29, 0.014244932681322098
0, 398, 976, 69, 36, 0.014230825006961823
0, 365, 1025, 60, 42, 0.01420824695378542
0, 1011, 1152, 58, 32, 0.014063587412238121
0, 860, 531, 21, 22, 0.013942435383796692
0, 337, 1012, 47, 33, 0.013846129179000854
0, 314, 992, 424, 223, 0.013753971084952354
0, 556, 311, 22, 27, 0.013617882505059242
0, 439, 997, 67, 35, 0.013599850237369537
0, 653, 322, 25, 25, 0.013420120812952518
0, 210, 938, 114, 98, 0.013373570516705513
0, 1213, 1113, 31, 19, 0.013244472444057465
0, 215, 959, 146, 134, 0.013202138245105743
0, 315, 999, 99, 49, 0.013121758587658405
0, 709, 1130, 135, 119, 0.01311649288982153
0, 499, 1070, 45, 40, 0.013011080212891102
0, 835, 1141, 46, 38, 0.012908109463751316
0, 741, 1123, 41, 44, 0.012833821587264538
0, 676, 309, 91, 81, 0.012821624055504799
0, 584, 345, 39, 35, 0.012816882692277431
0, 221, 920, 66, 47, 0.012678337283432484
0, 722, 1153, 40, 36, 0.012585766613483429
0, 542, 1044, 33, 28, 0.012579178437590599
0, 169, 972, 43, 38, 0.012570043094456196
0, 686, 1115, 136, 132, 0.0123728197067976
0, 901, 1169, 41, 39, 0.012331615202128887
0, 819, 1148, 81, 72, 0.012311108410358429
0, 732, 453, 39, 43, 0.012310604564845562
0, 827, 561, 44, 41, 0.01201625820249319
0, 1137, 1150, 53, 25, 0.011980358511209488
0, 134, 922, 112, 72, 0.011956343427300453
0, 380, 1011, 41, 41, 0.011914432980120182
0, 800, 1140, 31, 28, 0.011887719854712486
0, 262, 994, 53, 36, 0.011876690201461315
0, 1162, 1169, 55, 38, 0.011815848760306835
0, 557, 320, 30, 45, 0.011752406135201454
0, 789, 435, 29, 25, 0.01168041955679655
0, 372, 1048, 25, 26, 0.011608605273067951
0, 222, 971, 46, 37, 0.0115686459466815
0, 589, 1072, 113, 53, 0.011530019342899323
0, 711, 1144, 31, 25, 0.011501944623887539
0, 699, 1129, 106, 70, 0.011348267085850239
0, 932, 1158, 58, 57, 0.011252250522375107
0, 755, 386, 34, 34, 0.011138434521853924
0, 516, 1067, 105, 115, 0.01113210804760456
0, 508, 1046, 75, 87, 0.011115926317870617
0, 705, 318, 99, 111, 0.011056658811867237
0, 511, 1033, 58, 44, 0.010991280898451805
0, 1219, 1113, 26, 18, 0.010973634198307991
0, 392, 967, 56, 24, 0.010890276171267033
0, 540, 1040, 34, 30, 0.010879182256758213
0, 814, 1144, 93, 82, 0.010873888619244099
0, 581, 1052, 57, 47, 0.010870191268622875
0, 795, 610, 17, 20, 0.010795754380524158
0, 209, 919, 65, 50, 0.010791030712425709
0, 664, 1074, 36, 32, 0.01062389463186264
0, 651, 1107, 223, 168, 0.010555841960012913
0, 406, 1030, 36, 31, 0.010437050834298134
0, 924, 1171, 82, 81, 0.010415458120405674
0, 516, 1079, 92, 68, 0.01026119478046894
0, 709, 1154, 47, 36, 0.010259684175252914
0, 581, 1083, 51, 37, 0.010230890475213528
0, 259, 976, 67, 59, 0.01010882668197155
0, 830, 503, 19, 24, 0.009966269135475159
0, 885, 1145, 63, 57, 0.009894410148262978
0, 381, 1025, 86, 62, 0.00988402683287859
0, 587, 1080, 105, 78, 0.009877379052340984
0, 831, 587, 17, 21, 0.009697654284536839
0, 816, 497, 47, 47, 0.009666400030255318
0, 664, 1077, 53, 27, 0.00958657544106245
0, 740, 364, 24, 32, 0.009533429518342018
0, 223, 908, 32, 24, 0.009528329595923424
0, 932, 1147, 26, 31, 0.00951816514134407
0, 728, 314, 47, 45, 0.009512964636087418
0, 416, 987, 36, 19, 0.009492579847574234
0, 669, 305, 157, 144, 0.009422563016414642
0, 274, 980, 270, 185, 0.009370180778205395
0, 872, 581, 24, 31, 0.009365706704556942
0, 234, 932, 52, 23, 0.009296511299908161
0, 1009, 1168, 66, 57, 0.009036016650497913
0, 694, 343, 179, 247, 0.008984316140413284
0, 641, 1069, 71, 48, 0.008961474522948265
0, 1220, 1136, 24, 18, 0.008953757584095001
0, 492, 1087, 43, 35, 0.008946051821112633
0, 1111, 1126, 24, 20, 0.008780859410762787
0, 250, 995, 40, 28, 0.008763140067458153
0, 823, 1173, 51, 43, 0.00874821562319994
0, 799, 417, 24, 23, 0.00871026050299406
0, 611, 1103, 38, 31, 0.008689554408192635
0, 712, 405, 28, 25, 0.008639533072710037
0, 234, 924, 60, 47, 0.00856621190905571
0, 693, 355, 22, 27, 0.00856380257755518
0, 894, 1168, 62, 53, 0.008544083684682846
0, 1249, 1122, 35, 25, 0.008458291180431843
0, 422, 1029, 61, 28, 0.008440366014838219
0, 1051, 1132, 52, 36, 0.008434330113232136
0, 640, 1074, 117, 44, 0.008425349369645119
0, 758, 387, 53, 50, 0.008312585763633251
0, 800, 587, 19, 15, 0.008270937018096447
0, 911, 1157, 118, 94, 0.008235147222876549
0, 576, 1041, 45, 30, 0.008204163052141666
0, 834, 1133, 33, 30, 0.00810882356017828
0, 687, 319, 139, 140, 0.00806528702378273
0, 712, 1138, 133, 107, 0.008018500171601772
0, 918, 1183, 56, 56, 0.007936672307550907
0, 563, 1078, 60, 43, 0.007835978642106056
0, 767, 494, 19, 15, 0.007805762812495232
0, 436, 1027, 30, 19, 0.007797989062964916
0, 789, 496, 41, 37, 0.0077938842587172985
0, 654, 281, 58, 52, 0.007782778702676296
0, 940, 1151, 38, 39, 0.007782591041177511
0, 628, 1061, 46, 40, 0.007757008075714111
0, 644, 289, 63, 53, 0.007748952601104975
0, 420, 982, 39, 26, 0.007720235735177994
0, 726, 1114, 55, 38, 0.0077085006050765514
0, 944, 1179, 58, 69, 0.007686650846153498
0, 757, 1133, 133, 87, 0.0076533593237400055
0, 720, 420, 56, 73, 0.007607842329889536
0, 656, 301, 127, 131, 0.007559665944427252
0, 1045, 1162, 88, 68, 0.007550953421741724
0, 118, 917, 80, 53, 0.007516494486480951
0, 721, 403, 44, 36, 0.007467913907021284
0, 298, 961, 18, 25, 0.007459908723831177
0, 584, 1110, 662, 247, 0.007459474727511406
0, 599, 1099, 26, 27, 0.007443660870194435
0, 608, 1061, 60, 41, 0.007433964870870113
0, 594, 266, 28, 27, 0.007429515477269888
0, 771, 1118, 41, 37, 0.007386546116322279
0, 492, 1072, 59, 55, 0.007321950048208237
0, 428, 1006, 87, 60, 0.007297954056411982
0, 357, 984, 44, 25, 0.00729112746194005
0, 403, 1014, 106, 64, 0.0072660306468605995
0, 503, 1093, 44, 38, 0.007263702340424061
0, 253, 971, 193, 160, 0.007240386214107275
0, 766, 1147, 179, 110, 0.007219778373837471
0, 352, 1046, 77, 34, 0.007171295117586851
0, 513, 1055, 95, 100, 0.007161381654441357
0, 590, 1056, 52, 45, 0.007124797906726599
0, 228, 955, 107, 120, 0.007113701663911343
0, 770, 397, 51, 54, 0.0070390584878623486
0, 744, 1115, 45, 37, 0.007035763468593359
0, 848, 572, 77, 86, 0.006961455103009939
0, 493, 1027, 36, 31, 0.006944469641894102
0, 541, 329, 20, 27, 0.006940803956240416
0, 530, 1042, 49, 35, 0.0068415869027376175
0, 896, 1127, 21, 21, 0.006825428921729326
0, 419, 1003, 109, 94, 0.0068196579813957214
0, 699, 1109, 34, 37, 0.006812707521021366
0, 677, 1088, 61, 46, 0.00680168904364109
0, 335, 1046, 54, 27, 0.0067907036282122135
0, 278, 973, 56, 48, 0.006728780455887318
0, 232, 959, 54, 33, 0.006719051394611597
0, 1134, 1161, 101, 60, 0.006676630116999149
