0, 772, 140, 61, 56, 0.29969391226768494
0, 552, 405, 26, 25, 0.20739567279815674
0, 481, 529, 39, 27, 0.1984177678823471
0, 133, 884, 23, 17, 0.13084642589092255
0, 126, 774, 51, 45, 0.1302310824394226
0, 371, 582, 48, 29, 0.12206442654132843
0, 95, 801, 24, 24, 0.10589837282896042
0, 773, 128, 63, 81, 0.09995312243700027
0, 189, 732, 39, 40, 0.09118255227804184
0, 791, 190, 58, 24, 0.07921336591243744
0, 450, 503, 19, 15, 0.07916751503944397
0, 524, 398, 33, 32, 0.0779416635632515
0, 130, 818, 20, 27, 0.07508108019828796
0, 438, 575, 20, 29, 0.07247734814882278
0, 577, 441, 63, 40, 0.07233735918998718
0, 132, 821, 24, 27, 0.07120126485824585
0, 771, 179, 17, 20, 0.07005507498979568
0, 525, 396, 35, 30, 0.0681590586900711
0, 369, 584, 54, 32, 0.06581059843301773
0, 392, 622, 32, 26, 0.06516209244728088
0, 759, 157, 31, 23, 0.06176098436117172
0, 770, 101, 26, 22, 0.060288336127996445
0, 136, 819, 34, 30, 0.0600576251745224
0, 151, 799, 18, 19, 0.059416890144348145
0, 565, 475, 20, 16, 0.058173470199108124
0, 362, 634, 23, 20, 0.057840149849653244
0, 281, 640, 29, 20, 0.05734124034643173
0, 130, 823, 18, 20, 0.05424224212765694
0, 183, 883, 18, 20, 0.05334453284740448
0, 110, 747, 28, 21, 0.05117030814290047
0, 163, 769, 27, 29, 0.050552595406770706
0, 364, 583, 42, 30, 0.04935495927929878
0, 186, 734, 28, 27, 0.0485234260559082
0, 165, 763, 28, 28, 0.04821828752756119
0, 558, 494, 20, 16, 0.047712791711091995
0, 781, 133, 39, 34, 0.04416834935545921
0, 180, 852, 14, 14, 0.04398864135146141
0, 193, 738, 34, 26, 0.04143828898668289
0, 673, 401, 23, 18, 0.03874741122126579
0, 131, 884, 23, 17, 0.03874301537871361
0, 438, 573, 19, 25, 0.03788458928465843
0, 566, 445, 89, 54, 0.036284662783145905
0, 449, 549, 15, 14, 0.03415665775537491
0, 165, 869, 16, 14, 0.03409844636917114
0, 497, 473, 23, 13, 0.03248840570449829
0, 284, 638, 24, 16, 0.032356102019548416
0, 146, 770, 131, 115, 0.03145438805222511
0, 126, 783, 87, 88, 0.031106840819120407
0, 150, 764, 122, 108, 0.030960125848650932
0, 808, 152, 11, 12, 0.030321817845106125
0, 411, 407, 37, 17, 0.030049782246351242
0, 140, 765, 23, 26, 0.029790310189127922
0, 582, 440, 50, 43, 0.029530664905905724
0, 184, 740, 31, 43, 0.028957955539226532
0, 305, 627, 12, 11, 0.02800276316702366
0, 588, 406, 17, 20, 0.027431709691882133
0, 123, 780, 60, 52, 0.02725885808467865
0, 477, 373, 25, 23, 0.027033144608139992
0, 383, 538, 10, 11, 0.02695131115615368
0, 536, 401, 61, 41, 0.025411337614059448
0, 117, 783, 77, 85, 0.022037474438548088
0, 473, 378, 36, 42, 0.020936811342835426
0, 230, 885, 61, 56, 0.02046714350581169
0, 623, 363, 14, 21, 0.020289745181798935
0, 233, 883, 46, 42, 0.019827062264084816
0, 531, 458, 23, 14, 0.019773446023464203
0, 526, 458, 34, 16, 0.019235149025917053
0, 203, 840, 22, 32, 0.01898624561727047
0, 480, 530, 41, 29, 0.018041513860225677
0, 140, 803, 39, 36, 0.01802624575793743
0, 131, 771, 43, 39, 0.017563236877322197
0, 392, 622, 30, 20, 0.017161307856440544
0, 793, 190, 57, 26, 0.01714959368109703
0, 502, 470, 32, 16, 0.01711798831820488
0, 180, 750, 61, 71, 0.016881246119737625
0, 416, 397, 39, 31, 0.01658625341951847
0, 363, 589, 39, 25, 0.016521580517292023
0, 360, 630, 24, 26, 0.01632918044924736
0, 771, 177, 14, 17, 0.01626371592283249
0, 190, 722, 16, 18, 0.015968499705195427
0, 802, 192, 38, 21, 0.015836872160434723
0, 601, 330, 28, 37, 0.015811704099178314
0, 166, 784, 20, 15, 0.01566435396671295
0, 783, 158, 77, 89, 0.01550711877644062
0, 143, 773, 74, 47, 0.015405011363327503
0, 760, 141, 36, 48, 0.015165799297392368
0, 427, 492, 17, 16, 0.015141275711357594
0, 189, 193, 21, 17, 0.01478375494480133
0, 242, 883, 45, 46, 0.01442547608166933
0, 217, 770, 15, 19, 0.01436187606304884
0, 219, 759, 10, 20, 0.013656572438776493
0, 425, 494, 15, 14, 0.013640254735946655
0, 549, 456, 27, 18, 0.013565894216299057
0, 310, 662, 25, 22, 0.013178937137126923
0, 186, 727, 29, 29, 0.012908972799777985
0, 761, 154, 32, 24, 0.01278008334338665
0, 202, 742, 16, 15, 0.012609473429620266
0, 151, 764, 19, 22, 0.012510630302131176
0, 442, 558, 32, 34, 0.012236438691616058
0, 175, 755, 14, 24, 0.012196396477520466
0, 590, 433, 33, 27, 0.012194104492664337
0, 148, 816, 15, 15, 0.01195777952671051
0, 104, 792, 42, 43, 0.011730755679309368
0, 195, 703, 17, 23, 0.011673243716359138
0, 234, 894, 21, 24, 0.011474221013486385
0, 368, 552, 13, 10, 0.011461641639471054
0, 115, 784, 31, 31, 0.011454479768872261
0, 538, 400, 61, 43, 0.011140703223645687
0, 202, 848, 28, 41, 0.0110323466360569
0, 128, 778, 55, 47, 0.010851452127099037
0, 363, 635, 21, 18, 0.010813621804118156
0, 159, 795, 33, 19, 0.010571615770459175
0, 559, 486, 27, 35, 0.010493521578609943
0, 556, 448, 34, 27, 0.0103965038433671
0, 467, 381, 41, 44, 0.01031777635216713
0, 201, 841, 21, 33, 0.009977595880627632
0, 143, 734, 16, 16, 0.009496583603322506
0, 755, 128, 23, 20, 0.009474662132561207
0, 151, 784, 52, 49, 0.009389782324433327
0, 170, 941, 16, 20, 0.009239614941179752
0, 228, 885, 76, 85, 0.009050640277564526
0, 537, 406, 62, 35, 0.008895987644791603
0, 391, 615, 34, 33, 0.00889132171869278
0, 424, 387, 25, 14, 0.008888544514775276
0, 605, 322, 17, 19, 0.00881941244006157
0, 104, 795, 45, 39, 0.008671782910823822
0, 148, 735, 26, 19, 0.00848816055804491
0, 183, 229, 10, 15, 0.008470448665320873
0, 380, 585, 32, 20, 0.00841505452990532
0, 124, 852, 15, 13, 0.008411641232669353
0, 173, 752, 44, 51, 0.008358481340110302
0, 246, 896, 26, 23, 0.008327106945216656
0, 118, 777, 37, 28, 0.008120502345263958
0, 99, 804, 31, 32, 0.007963769137859344
0, 191, 191, 24, 15, 0.007901491597294807
0, 519, 495, 12, 11, 0.007642542477697134
0, 585, 439, 37, 31, 0.007630159147083759
0, 190, 743, 46, 57, 0.007514808792620897
0, 513, 460, 31, 17, 0.007489713840186596
0, 228, 874, 76, 102, 0.007454946171492338
0, 474, 377, 41, 41, 0.007371538318693638
0, 334, 625, 12, 10, 0.007347039878368378
0, 516, 464, 71, 29, 0.007280650082975626
0, 373, 575, 33, 17, 0.007279970683157444
0, 352, 585, 26, 27, 0.007223227992653847
0, 406, 510, 14, 18, 0.0071641854010522366
0, 404, 515, 14, 14, 0.007140182424336672
0, 789, 133, 20, 30, 0.006956884171813726
0, 187, 739, 47, 53, 0.006952994503080845
0, 218, 686, 13, 14, 0.006906754802912474
0, 553, 403, 24, 21, 0.006896048318594694
0, 116, 787, 63, 72, 0.006894588936120272
0, 196, 697, 16, 14, 0.006791018880903721
0, 132, 766, 32, 26, 0.00679021468386054
0, 233, 894, 70, 70, 0.00673343800008297
0, 571, 444, 57, 36, 0.006701657082885504
0, 481, 368, 30, 29, 0.00666867196559906
0, 184, 890, 23, 29, 0.00662540877237916
0, 398, 213, 43, 37, 0.006540584843605757
0, 133, 778, 94, 90, 0.006507671903818846
0, 350, 592, 18, 21, 0.006328175310045481
0, 222, 882, 26, 23, 0.006202077027410269
0, 474, 530, 28, 25, 0.006146618165075779
0, 259, 748, 9, 9, 0.00610455684363842
0, 387, 614, 25, 22, 0.006091473624110222
0, 532, 134, 29, 16, 0.006075558252632618
0, 159, 916, 16, 18, 0.006029671523720026
0, 573, 450, 34, 24, 0.005857974756509066
0, 235, 874, 31, 25, 0.005766484420746565
0, 790, 182, 58, 33, 0.00574883446097374
0, 218, 683, 13, 15, 0.0055779386311769485
0, 158, 916, 16, 19, 0.005553478840738535
0, 370, 156, 38, 26, 0.005479126237332821
0, 476, 489, 15, 14, 0.005459028761833906
0, 806, 194, 28, 17, 0.0054399664513766766
0, 563, 451, 53, 24, 0.005359677132219076
0, 502, 465, 38, 28, 0.00518066855147481
0, 211, 880, 24, 28, 0.005084109026938677
0, 135, 868, 18, 13, 0.005083433818072081
0, 307, 664, 24, 22, 0.005082995165139437
0, 442, 501, 44, 20, 0.0050703431479632854
0, 463, 498, 49, 31, 0.004833201877772808
0, 204, 797, 11, 11, 0.0047891587018966675
0, 772, 131, 44, 31, 0.0047790720127522945
0, 540, 400, 55, 32, 0.0047760698944330215
0, 182, 913, 17, 18, 0.004745339509099722
0, 809, 149, 12, 14, 0.004724979866296053
0, 171, 760, 52, 54, 0.004615272860974073
0, 219, 879, 43, 33, 0.004552298225462437
0, 132, 878, 29, 32, 0.004465237259864807
0, 459, 394, 27, 22, 0.004449982661753893
0, 456, 399, 20, 16, 0.004429921507835388
0, 185, 884, 19, 20, 0.004317403305321932
0, 524, 410, 32, 25, 0.004283120855689049
0, 431, 556, 12, 11, 0.004257365595549345
0, 99, 820, 34, 23, 0.0042265052907168865
0, 292, 633, 41, 23, 0.004209427163004875
0, 559, 492, 27, 19, 0.004199327435344458
0, 93, 802, 27, 22, 0.004197894129902124
0, 249, 871, 21, 22, 0.003996321000158787
0, 405, 408, 28, 17, 0.0036943641025573015
0, 193, 849, 47, 50, 0.0036640027537941933
0, 213, 893, 24, 30, 0.003663985524326563
0, 157, 917, 17, 17, 0.003598027629777789
0, 551, 472, 70, 23, 0.0035306832287460566
0, 438, 572, 27, 34, 0.0033741085790097713
0, 363, 576, 32, 20, 0.003357505425810814
0, 394, 629, 19, 19, 0.003356334287673235
0, 469, 380, 55, 57, 0.0033366025891155005
0, 596, 336, 21, 25, 0.0033153898548334837
0, 595, 399, 32, 34, 0.0032224981114268303
0, 138, 815, 43, 37, 0.0031917747110128403
0, 490, 469, 33, 21, 0.003169410629197955
0, 377, 590, 36, 14, 0.003151058917865157
0, 557, 494, 18, 15, 0.003140421351417899
0, 514, 441, 14, 12, 0.0031008035875856876
0, 569, 440, 31, 25, 0.0030463559087365866
0, 474, 491, 22, 17, 0.0030087167397141457
0, 108, 824, 15, 17, 0.0029919424559921026
0, 440, 495, 48, 34, 0.002989097498357296
0, 289, 645, 55, 38, 0.0029521258547902107
0, 772, 143, 57, 51, 0.002943461760878563
0, 205, 834, 18, 26, 0.0029429944697767496
0, 200, 704, 24, 25, 0.0029372968710958958
0, 793, 179, 34, 23, 0.0029324032366275787
0, 790, 135, 16, 23, 0.002926628803834319
0, 171, 739, 35, 25, 0.0029171628411859274
0, 534, 452, 95, 54, 0.0028900206089019775
0, 353, 632, 44, 26, 0.0028185141272842884
0, 187, 194, 18, 14, 0.0027809301391243935
0, 138, 919, 18, 17, 0.0026396948378533125
0, 160, 917, 17, 17, 0.0026070373132824898
0, 550, 410, 26, 18, 0.0026043839752674103
0, 200, 836, 18, 25, 0.002579199615865946
0, 586, 454, 32, 17, 0.002571385120972991
0, 629, 331, 10, 12, 0.0025388856884092093
0, 772, 101, 23, 21, 0.0025341783184558153
0, 371, 587, 58, 47, 0.0025056812446564436
0, 524, 447, 35, 30, 0.002489289501681924
0, 416, 397, 49, 35, 0.0024677717592567205
0, 212, 770, 25, 28, 0.002415374154224992
0, 538, 450, 42, 27, 0.0024145515635609627
0, 206, 870, 26, 37, 0.0024131140671670437
0, 216, 752, 18, 23, 0.0024094057735055685
0, 800, 191, 40, 23, 0.0023996890522539616
0, 186, 848, 33, 29, 0.002317359670996666
0, 156, 811, 31, 19, 0.0022717167157679796
0, 239, 674, 20, 11, 0.002266452880576253
0, 771, 99, 29, 23, 0.0021560038439929485
0, 774, 120, 55, 66, 0.002137210452929139
0, 389, 213, 21, 16, 0.0021272008307278156
0, 597, 329, 32, 31, 0.0021222943905740976
0, 592, 399, 36, 41, 0.0020812517032027245
0, 295, 633, 37, 26, 0.0020740574691444635
0, 399, 219, 38, 30, 0.0020622487645596266
0, 219, 907, 24, 19, 0.002050277078524232
0, 568, 474, 26, 16, 0.002031798241659999
0, 774, 140, 51, 50, 0.002025820082053542
0, 373, 601, 54, 41, 0.002011867705732584
0, 623, 367, 18, 37, 0.0019999670330435038
0, 601, 389, 15, 17, 0.001999271335080266
0, 94, 809, 32, 36, 0.001948671997524798
0, 252, 884, 25, 34, 0.0019479823531582952
0, 519, 402, 24, 19, 0.0019423548365011811
0, 256, 894, 16, 19, 0.0019295315723866224
0, 533, 391, 21, 19, 0.0019146002596244216
0, 107, 813, 35, 25, 0.00190426514018327
0, 599, 339, 26, 33, 0.0018994262209162116
0, 365, 585, 65, 43, 0.0018644336378201842
0, 592, 340, 27, 37, 0.0018642081413418055
0, 156, 751, 51, 53, 0.0017865118570625782
0, 286, 641, 44, 27, 0.001759530627168715
0, 792, 151, 36, 22, 0.001756640849635005
0, 728, 282, 8, 7, 0.0016717893304303288
0, 775, 179, 23, 22, 0.001667486154474318
0, 539, 467, 46, 21, 0.0016609675949439406
0, 392, 562, 18, 15, 0.0016558612696826458
0, 281, 642, 44, 37, 0.0016523123485967517
0, 428, 158, 8, 22, 0.0016423356719315052
0, 475, 370, 33, 28, 0.0016248031752184033
0, 195, 555, 9, 13, 0.0016204069834202528
0, 488, 527, 20, 23, 0.001601899741217494
0, 674, 397, 24, 16, 0.0016003608470782638
0, 401, 204, 30, 18, 0.0015714832115918398
0, 188, 721, 36, 56, 0.0014990566996857524
0, 364, 156, 30, 23, 0.0014975771773606539
0, 771, 129, 68, 81, 0.0014942679554224014
0, 588, 336, 44, 44, 0.0014857187634333968
0, 483, 464, 23, 18, 0.0014776283642277122
0, 455, 496, 48, 29, 0.0014725533546879888
0, 384, 597, 76, 86, 0.0014534329529851675
0, 673, 402, 29, 29, 0.0014517424860969186
0, 475, 494, 22, 22, 0.0014345727395266294
0, 450, 546, 16, 16, 0.0014244078192859888
0, 242, 897, 40, 33, 0.0014228175859898329
0, 278, 644, 27, 18, 0.001395051833242178
0, 123, 791, 82, 86, 0.0013566291891038418
0, 110, 784, 43, 50, 0.0013385924976319075
0, 467, 381, 46, 50, 0.0012974536512047052
0, 577, 408, 48, 27, 0.001254325034096837
