0, 604, 306, 38, 38, 0.22902917861938477
0, 671, 324, 16, 14, 0.1450653076171875
0, 950, 439, 19, 20, 0.14407484233379364
0, 201, 137, 43, 36, 0.1337309032678604
0, 686, 348, 40, 43, 0.10012789070606232
0, 537, 299, 20, 21, 0.09235554188489914
0, 471, 278, 53, 30, 0.08848294615745544
0, 953, 438, 19, 23, 0.08528897911310196
0, 630, 320, 90, 70, 0.08075980097055435
0, 595, 360, 19, 13, 0.07948102802038193
0, 691, 338, 22, 24, 0.07292140275239944
0, 688, 338, 25, 21, 0.07220746576786041
0, 687, 362, 30, 19, 0.06380654126405716
0, 386, 204, 17, 17, 0.06353654712438583
0, 634, 321, 26, 19, 0.06292504072189331
0, 711, 385, 29, 14, 0.06060534715652466
0, 484, 256, 25, 16, 0.05764278769493103
0, 617, 347, 31, 21, 0.05667777359485626
0, 158, 165, 27, 28, 0.05377296358346939
0, 351, 204, 89, 66, 0.053579170256853104
0, 320, 224, 31, 20, 0.053236935287714005
0, 247, 157, 48, 29, 0.052421025931835175
0, 516, 258, 20, 12, 0.050986092537641525
0, 317, 228, 33, 22, 0.0490892268717289
0, 153, 125, 49, 47, 0.049012601375579834
0, 524, 274, 16, 11, 0.04747646674513817
0, 596, 310, 21, 19, 0.04644731059670448
0, 354, 223, 21, 16, 0.0459134578704834
0, 280, 166, 26, 18, 0.04546076059341431
0, 737, 374, 18, 17, 0.044704534113407135
0, 804, 398, 21, 16, 0.0435248538851738
0, 151, 147, 67, 94, 0.04210618883371353
0, 460, 277, 83, 54, 0.04134613275527954
0, 250, 156, 43, 32, 0.040640950202941895
0, 679, 323, 37, 19, 0.04059995338320732
0, 335, 192, 42, 34, 0.03944374993443489
0, 698, 389, 15, 15, 0.03908047825098038
0, 357, 197, 76, 35, 0.03857721760869026
0, 256, 193, 162, 130, 0.037423741072416306
0, 292, 187, 35, 16, 0.03730344772338867
0, 1023, 475, 18, 12, 0.037249643355607986
0, 692, 362, 25, 15, 0.03717806935310364
0, 906, 234, 19, 17, 0.03716893866658211
0, 191, 142, 20, 22, 0.03661028668284416
0, 345, 192, 56, 38, 0.03621109202504158
0, 951, 464, 18, 12, 0.03567803278565407
0, 263, 191, 130, 110, 0.035197362303733826
0, 464, 284, 70, 51, 0.03461972251534462
0, 537, 302, 20, 25, 0.03456641361117363
0, 621, 361, 11, 14, 0.03437908738851547
0, 568, 310, 17, 19, 0.034272003918886185
0, 722, 326, 15, 10, 0.03422509878873825
0, 454, 282, 44, 29, 0.03419942408800125
0, 465, 282, 30, 19, 0.03383497893810272
0, 355, 226, 23, 16, 0.033652499318122864
0, 244, 162, 36, 22, 0.03344307094812393
0, 542, 291, 38, 31, 0.03334662318229675
0, 356, 195, 77, 37, 0.03271002322435379
0, 733, 349, 18, 15, 0.032636161893606186
0, 250, 161, 40, 24, 0.03197304904460907
0, 727, 347, 31, 20, 0.0315733477473259
0, 721, 388, 49, 23, 0.031030379235744476
0, 792, 350, 13, 8, 0.03099762089550495
0, 605, 317, 29, 22, 0.030609091743826866
0, 471, 222, 12, 11, 0.03042908012866974
0, 252, 195, 277, 154, 0.030310479924082756
0, 536, 299, 21, 22, 0.0298935379832983
0, 290, 180, 39, 30, 0.02965356782078743
0, 646, 331, 69, 56, 0.029613275080919266
0, 946, 436, 36, 26, 0.029329724609851837
0, 308, 231, 26, 18, 0.029299365356564522
0, 1008, 476, 12, 11, 0.02796260267496109
0, 467, 276, 44, 25, 0.027939988300204277
0, 268, 196, 259, 155, 0.027934666723012924
0, 920, 453, 12, 11, 0.02758171409368515
0, 265, 163, 84, 58, 0.02753557078540325
0, 468, 279, 68, 52, 0.027403797954320908
0, 354, 247, 15, 10, 0.02726656012237072
0, 687, 389, 25, 24, 0.027220038697123528
0, 137, 191, 21, 18, 0.0271501075476408
0, 522, 270, 28, 24, 0.0266471765935421
0, 762, 350, 21, 22, 0.026172468438744545
0, 492, 327, 14, 13, 0.02617005817592144
0, 285, 169, 28, 19, 0.025998560711741447
0, 726, 338, 39, 32, 0.025826575234532356
0, 233, 162, 44, 26, 0.02565116621553898
0, 278, 203, 101, 86, 0.02550177276134491
0, 485, 284, 24, 19, 0.02543182671070099
0, 605, 301, 40, 34, 0.025250187143683434
0, 737, 391, 13, 12, 0.024712270125746727
0, 384, 212, 23, 32, 0.02468208037316799
0, 972, 448, 10, 12, 0.02452605962753296
0, 148, 192, 25, 20, 0.024271370843052864
0, 810, 399, 20, 14, 0.024249367415905
0, 706, 361, 98, 85, 0.02412899024784565
0, 483, 257, 22, 14, 0.024080028757452965
0, 709, 378, 36, 28, 0.023910677060484886
0, 263, 160, 68, 28, 0.02376783825457096
0, 258, 155, 59, 38, 0.02371005341410637
0, 632, 317, 37, 24, 0.023522166535258293
0, 673, 356, 209, 152, 0.023273268714547157
0, 597, 367, 42, 30, 0.022868845611810684
0, 521, 259, 22, 12, 0.022850126028060913
0, 426, 258, 33, 19, 0.022610493004322052
0, 276, 200, 86, 68, 0.022481592372059822
0, 636, 385, 13, 12, 0.022334065288305283
0, 344, 202, 24, 19, 0.022200806066393852
0, 645, 301, 19, 16, 0.021954575553536415
0, 727, 399, 16, 14, 0.021758222952485085
0, 695, 376, 57, 47, 0.021688159555196762
0, 227, 177, 53, 39, 0.02162936143577099
0, 612, 346, 32, 18, 0.02130870521068573
0, 139, 136, 22, 23, 0.021231558173894882
0, 322, 229, 39, 32, 0.02120075561106205
0, 642, 313, 26, 19, 0.021155914291739464
0, 225, 216, 18, 12, 0.02105005271732807
0, 632, 332, 62, 50, 0.02063245140016079
0, 203, 131, 35, 25, 0.020624611526727676
0, 654, 323, 61, 44, 0.02059609442949295
0, 249, 190, 132, 113, 0.020374350249767303
0, 272, 173, 79, 52, 0.02030417136847973
0, 297, 218, 78, 50, 0.020149456337094307
0, 241, 201, 25, 17, 0.02012462355196476
0, 905, 238, 23, 21, 0.019906625151634216
0, 725, 378, 52, 35, 0.019648462533950806
0, 238, 169, 81, 71, 0.019508127123117447
0, 344, 222, 53, 23, 0.019292078912258148
0, 696, 395, 22, 23, 0.019215427339076996
0, 219, 180, 31, 24, 0.01909763365983963
0, 152, 146, 49, 70, 0.018947206437587738
0, 954, 465, 21, 12, 0.018925964832305908
0, 688, 370, 41, 42, 0.01887838914990425
0, 453, 229, 30, 23, 0.018781617283821106
0, 222, 167, 35, 28, 0.018629522994160652
0, 153, 111, 21, 16, 0.018615642562508583
0, 691, 341, 29, 24, 0.018467670306563377
0, 612, 332, 52, 49, 0.018306750804185867
0, 638, 317, 26, 22, 0.018278228119015694
0, 473, 274, 42, 29, 0.017845453694462776
0, 154, 165, 34, 28, 0.017831334844231606
0, 735, 336, 20, 9, 0.017771264538168907
0, 309, 224, 44, 30, 0.017597908154129982
0, 144, 136, 31, 27, 0.017535440623760223
0, 59, 157, 10, 12, 0.01713506132364273
0, 547, 296, 57, 57, 0.017086535692214966
0, 154, 138, 56, 71, 0.016974469646811485
0, 333, 184, 23, 17, 0.016919275745749474
0, 743, 372, 35, 20, 0.016869664192199707
0, 286, 185, 46, 25, 0.016808420419692993
0, 686, 397, 20, 18, 0.0167764350771904
0, 732, 395, 25, 20, 0.016762888059020042
0, 257, 191, 26, 21, 0.016688114032149315
0, 599, 314, 29, 29, 0.016643252223730087
0, 349, 245, 27, 14, 0.016394825652241707
0, 225, 190, 28, 26, 0.016367211937904358
0, 423, 233, 19, 16, 0.016358554363250732
0, 655, 336, 153, 98, 0.01632518880069256
0, 648, 329, 118, 83, 0.016308138146996498
0, 619, 319, 61, 42, 0.016279347240924835
0, 141, 131, 26, 20, 0.01622653566300869
0, 684, 336, 76, 66, 0.01618356816470623
0, 216, 189, 26, 21, 0.01617087982594967
0, 362, 204, 71, 63, 0.016150925308465958
0, 374, 204, 35, 19, 0.016147000715136528
0, 806, 415, 31, 17, 0.016140995547175407
0, 711, 393, 51, 30, 0.016103101894259453
0, 239, 193, 44, 33, 0.01596582494676113
0, 620, 337, 27, 27, 0.015880832448601723
0, 231, 158, 35, 22, 0.01576831564307213
0, 813, 417, 12, 10, 0.015723297372460365
0, 1001, 454, 18, 8, 0.01570197008550167
0, 627, 364, 20, 16, 0.015539269894361496
0, 323, 188, 15, 15, 0.015394658781588078
0, 604, 373, 18, 14, 0.01537342369556427
0, 319, 236, 35, 24, 0.015199259854853153
0, 325, 224, 26, 21, 0.015076026320457458
0, 556, 333, 15, 13, 0.015017040073871613
0, 158, 112, 31, 20, 0.015008268877863884
0, 338, 231, 59, 34, 0.014893122017383575
0, 356, 187, 62, 26, 0.014267414808273315
0, 414, 223, 35, 33, 0.014248991385102272
0, 255, 145, 28, 20, 0.014139126986265182
0, 536, 301, 27, 30, 0.014073335565626621
0, 853, 377, 14, 10, 0.014071688987314701
0, 484, 275, 37, 37, 0.014060876332223415
0, 380, 185, 21, 15, 0.013843895867466927
0, 260, 169, 104, 65, 0.013807754032313824
0, 453, 274, 19, 15, 0.013579320162534714
0, 681, 344, 45, 30, 0.013523920439183712
0, 269, 190, 40, 24, 0.01344008557498455
0, 471, 288, 55, 31, 0.013415683060884476
0, 270, 161, 50, 33, 0.01336960680782795
0, 789, 376, 18, 9, 0.013036021031439304
0, 457, 234, 23, 14, 0.012991371564567089
0, 249, 203, 36, 21, 0.012988340109586716
0, 207, 184, 48, 23, 0.012969452887773514
0, 552, 285, 22, 22, 0.012960360385477543
0, 544, 295, 37, 23, 0.012903311289846897
0, 263, 145, 20, 16, 0.01287905778735876
0, 152, 193, 54, 34, 0.012834105640649796
0, 202, 143, 46, 29, 0.012715266086161137
0, 536, 323, 22, 14, 0.01260692160576582
0, 413, 229, 20, 21, 0.012589778751134872
0, 601, 361, 27, 15, 0.01242922805249691
0, 227, 183, 105, 91, 0.012265283614397049
0, 241, 138, 29, 23, 0.012246695347130299
0, 160, 155, 21, 15, 0.012232237495481968
0, 301, 229, 58, 22, 0.012232180684804916
0, 600, 304, 30, 30, 0.01217877771705389
0, 963, 124, 21, 35, 0.012157661840319633
0, 266, 204, 30, 18, 0.012063948437571526
0, 341, 210, 113, 78, 0.012057799845933914
0, 652, 303, 28, 20, 0.012038076296448708
0, 814, 439, 21, 15, 0.011886335909366608
0, 765, 357, 22, 15, 0.011881413869559765
0, 292, 202, 64, 59, 0.01173473708331585
0, 600, 353, 47, 31, 0.011717765592038631
0, 211, 137, 22, 22, 0.011642740108072758
0, 285, 182, 25, 18, 0.011638345196843147
0, 680, 332, 43, 34, 0.011603457853198051
0, 570, 319, 14, 14, 0.011359121650457382
0, 204, 188, 24, 18, 0.011347518302500248
0, 868, 242, 17, 13, 0.011332475580275059
0, 370, 195, 48, 35, 0.011126487515866756
0, 657, 336, 33, 27, 0.011078589595854282
0, 159, 122, 40, 27, 0.011057988740503788
0, 608, 291, 33, 18, 0.010999328456819057
0, 368, 214, 56, 38, 0.01093400176614523
0, 625, 308, 70, 36, 0.010876544751226902
0, 981, 450, 14, 10, 0.01085970550775528
0, 193, 183, 34, 20, 0.010719485580921173
0, 271, 220, 25, 15, 0.010595633648335934
0, 224, 173, 98, 82, 0.010581037029623985
0, 253, 215, 24, 17, 0.0105639873072505
0, 135, 165, 18, 22, 0.010322042740881443
0, 954, 435, 21, 23, 0.010308562777936459
0, 620, 346, 33, 18, 0.010305153205990791
0, 1000, 478, 29, 14, 0.010288883000612259
0, 441, 287, 26, 18, 0.010244791395962238
0, 277, 221, 24, 17, 0.010083125904202461
0, 331, 239, 31, 16, 0.010033609345555305
0, 743, 391, 30, 17, 0.010025338269770145
0, 280, 228, 29, 21, 0.009947340935468674
0, 910, 207, 33, 27, 0.009931879118084908
0, 557, 300, 56, 44, 0.009929141029715538
0, 915, 473, 18, 17, 0.00985169317573309
0, 681, 359, 45, 29, 0.009793786332011223
0, 233, 201, 48, 33, 0.009707371704280376
0, 221, 217, 27, 15, 0.009705597534775734
0, 682, 353, 74, 70, 0.009645351208746433
0, 652, 309, 43, 26, 0.009644714184105396
0, 588, 362, 30, 14, 0.009591987356543541
0, 360, 272, 19, 11, 0.009570209309458733
0, 300, 188, 24, 13, 0.009536933153867722
0, 724, 414, 23, 13, 0.009508437477052212
0, 218, 160, 82, 68, 0.009449237957596779
0, 911, 470, 15, 13, 0.00942353717982769
0, 338, 201, 32, 20, 0.009408988989889622
0, 220, 153, 26, 13, 0.009373031556606293
0, 419, 221, 25, 23, 0.009359143674373627
0, 220, 139, 59, 32, 0.009321842342615128
0, 313, 234, 49, 32, 0.009303474798798561
0, 655, 347, 26, 26, 0.009272073395550251
0, 155, 192, 26, 17, 0.009254427626729012
0, 749, 413, 22, 12, 0.00925431028008461
0, 147, 174, 52, 57, 0.009193272329866886
0, 863, 392, 14, 12, 0.009077897295355797
0, 321, 208, 95, 64, 0.009054947644472122
0, 381, 191, 26, 23, 0.009011763148009777
0, 40, 134, 17, 22, 0.008984876796603203
0, 464, 306, 16, 11, 0.008916742168366909
0, 450, 290, 34, 18, 0.008910865522921085
0, 193, 188, 37, 20, 0.008853583596646786
0, 436, 258, 13, 15, 0.008846933022141457
0, 343, 183, 24, 19, 0.008773927576839924
0, 326, 186, 27, 21, 0.008772932924330235
0, 487, 291, 32, 20, 0.008694234304130077
0, 242, 215, 37, 20, 0.008597353473305702
0, 551, 302, 50, 35, 0.008506524376571178
0, 869, 398, 19, 12, 0.008459122851490974
0, 701, 366, 34, 17, 0.008424373343586922
0, 305, 205, 82, 44, 0.008296147920191288
0, 273, 227, 41, 25, 0.008291876874864101
0, 498, 294, 24, 18, 0.00827411375939846
0, 585, 336, 17, 16, 0.008186984807252884
0, 204, 196, 409, 199, 0.008175902999937534
0, 943, 436, 41, 29, 0.008126603439450264
0, 737, 369, 25, 21, 0.008077793754637241
0, 537, 285, 44, 40, 0.007933290675282478
0, 314, 218, 130, 76, 0.007922950200736523
0, 210, 169, 56, 42, 0.007902818731963634
0, 708, 345, 78, 47, 0.007834350690245628
0, 712, 371, 93, 77, 0.007764121051877737
0, 144, 145, 42, 64, 0.007666429970413446
0, 351, 253, 31, 23, 0.00764163164421916
0, 592, 334, 29, 27, 0.007638637907803059
0, 534, 321, 22, 19, 0.0076302895322442055
0, 377, 184, 18, 15, 0.007621198892593384
0, 885, 438, 13, 10, 0.007556865457445383
0, 660, 318, 46, 31, 0.007555002812296152
