0, 225, 184, 51, 65, 0.31586581468582153
0, 495, 191, 18, 18, 0.30209317803382874
0, 432, 147, 8, 7, 0.2593916058540344
0, 133, 60, 18, 13, 0.23901493847370148
0, 438, 188, 10, 13, 0.21031071245670319
0, 235, 63, 23, 17, 0.17827069759368896
0, 193, 53, 46, 37, 0.17334423959255219
0, 465, 194, 27, 13, 0.1718352884054184
0, 311, 116, 12, 15, 0.16463756561279297
0, 355, 135, 7, 12, 0.16366751492023468
0, 445, 162, 10, 7, 0.15180839598178864
0, 185, 54, 64, 43, 0.14447277784347534
0, 458, 160, 7, 7, 0.14408069849014282
0, 448, 175, 21, 12, 0.14354097843170166
0, 206, 58, 19, 24, 0.13329200446605682
0, 82, 60, 37, 37, 0.13215860724449158
0, 282, 197, 18, 11, 0.13199679553508759
0, 495, 192, 18, 17, 0.12952135503292084
0, 475, 160, 8, 13, 0.12910640239715576
0, 180, 45, 18, 21, 0.12822876870632172
0, 332, 225, 7, 11, 0.12145855277776718
0, 248, 84, 20, 11, 0.1211349368095398
0, 447, 157, 10, 14, 0.11953823268413544
0, 477, 177, 25, 17, 0.1060047596693039
0, 323, 107, 6, 10, 0.1046753078699112
0, 175, 46, 30, 23, 0.10035951435565948
0, 501, 273, 7, 9, 0.09731269627809525
0, 299, 236, 57, 51, 0.09378670156002045
0, 50, 65, 49, 38, 0.0916178897023201
0, 309, 249, 21, 19, 0.08924386650323868
0, 258, 182, 17, 10, 0.08854635059833527
0, 52, 65, 40, 32, 0.08665899187326431
0, 405, 183, 10, 14, 0.08627822250127792
0, 505, 290, 7, 14, 0.08592598885297775
0, 266, 220, 21, 15, 0.082766093313694
0, 365, 123, 6, 11, 0.08121181279420853
0, 317, 223, 6, 8, 0.07954252511262894
0, 479, 242, 15, 18, 0.07933523505926132
0, 262, 198, 20, 12, 0.07773806154727936
0, 486, 207, 6, 6, 0.07686161249876022
0, 433, 136, 8, 5, 0.07674910873174667
0, 254, 72, 10, 9, 0.07651212066411972
0, 452, 173, 13, 7, 0.0728704035282135
0, 269, 220, 13, 12, 0.07166233658790588
0, 426, 156, 6, 7, 0.06987566500902176
0, 344, 99, 8, 14, 0.06947429478168488
0, 207, 53, 14, 11, 0.06636334955692291
0, 214, 144, 9, 7, 0.06620992720127106
0, 267, 219, 20, 14, 0.06577425450086594
0, 188, 64, 15, 15, 0.06350506097078323
0, 166, 40, 10, 8, 0.06345255672931671
0, 478, 173, 22, 9, 0.0628630593419075
0, 242, 155, 7, 9, 0.061735596507787704
0, 228, 193, 46, 41, 0.06169029697775841
0, 374, 141, 14, 6, 0.06101290136575699
0, 60, 60, 24, 23, 0.060829441994428635
0, 287, 243, 19, 19, 0.060162827372550964
0, 274, 233, 36, 43, 0.058110617101192474
0, 229, 160, 22, 19, 0.05796385556459427
0, 286, 243, 21, 21, 0.05683700367808342
0, 163, 71, 27, 17, 0.055659666657447815
0, 268, 95, 8, 10, 0.053898654878139496
0, 459, 212, 18, 10, 0.053176719695329666
0, 262, 200, 13, 9, 0.05228537693619728
0, 228, 135, 8, 8, 0.05194670334458351
0, 219, 168, 26, 20, 0.0517912283539772
0, 259, 182, 15, 8, 0.04909387603402138
0, 270, 190, 10, 8, 0.04811667650938034
0, 224, 51, 8, 10, 0.04798338934779167
0, 41, 73, 12, 10, 0.04791797325015068
0, 197, 44, 11, 9, 0.0473601371049881
0, 230, 157, 14, 12, 0.04484184831380844
0, 459, 150, 7, 5, 0.04480702802538872
0, 265, 219, 19, 13, 0.04469319432973862
0, 465, 193, 24, 11, 0.044461920857429504
0, 186, 62, 9, 10, 0.044215865433216095
0, 476, 241, 24, 21, 0.04397003725171089
0, 76, 70, 18, 15, 0.04360710084438324
0, 274, 74, 11, 10, 0.04273265227675438
0, 255, 176, 26, 21, 0.04260049760341644
0, 215, 145, 10, 9, 0.04218360781669617
0, 472, 202, 15, 12, 0.04011085256934166
0, 236, 169, 12, 13, 0.0399521067738533
0, 231, 139, 16, 17, 0.03994867950677872
0, 247, 228, 7, 8, 0.03973040729761124
0, 465, 197, 29, 22, 0.03918911889195442
0, 242, 182, 79, 62, 0.03856291249394417
0, 290, 236, 69, 55, 0.038470715284347534
0, 161, 70, 23, 16, 0.03835639730095863
0, 312, 118, 10, 11, 0.03813265264034271
0, 391, 152, 6, 9, 0.03753365948796272
0, 84, 52, 19, 16, 0.03748811408877373
0, 202, 31, 7, 8, 0.037230730056762695
0, 412, 156, 7, 9, 0.0363055057823658
0, 224, 170, 43, 42, 0.03569473326206207
0, 404, 282, 8, 6, 0.03552678972482681
0, 479, 238, 15, 14, 0.03539910912513733
0, 454, 211, 7, 6, 0.03529621660709381
0, 407, 158, 11, 8, 0.035179927945137024
0, 230, 162, 26, 24, 0.03499102219939232
0, 477, 178, 24, 19, 0.03394504263997078
0, 475, 158, 7, 10, 0.03374931961297989
0, 232, 142, 12, 10, 0.03312131017446518
0, 203, 55, 24, 33, 0.03307739272713661
0, 332, 226, 9, 14, 0.032944973558187485
0, 447, 151, 9, 9, 0.03255140781402588
0, 217, 170, 21, 13, 0.031532783061265945
0, 64, 63, 73, 41, 0.03135526180267334
0, 457, 194, 17, 11, 0.031212851405143738
0, 271, 223, 28, 22, 0.031162632629275322
0, 197, 43, 12, 11, 0.030819911509752274
0, 391, 151, 5, 7, 0.030612997710704803
0, 306, 248, 15, 15, 0.03041912242770195
0, 351, 112, 5, 7, 0.030406417325139046
0, 483, 171, 12, 7, 0.030302826315164566
0, 253, 171, 12, 8, 0.030196931213140488
0, 77, 59, 41, 33, 0.03005307726562023
0, 490, 300, 7, 6, 0.029961494728922844
0, 453, 171, 11, 7, 0.029717717319726944
0, 330, 241, 6, 10, 0.029568562284111977
0, 497, 272, 13, 9, 0.029544955119490623
0, 271, 223, 30, 19, 0.029526280239224434
0, 474, 179, 18, 14, 0.029009083285927773
0, 324, 236, 22, 22, 0.028811657801270485
0, 492, 252, 7, 6, 0.028713367879390717
0, 62, 60, 20, 21, 0.02869756519794464
0, 287, 238, 18, 14, 0.028491230681538582
0, 336, 256, 7, 15, 0.028086593374609947
0, 155, 40, 6, 6, 0.028065258637070656
0, 285, 247, 18, 13, 0.02791324444115162
0, 310, 236, 59, 50, 0.02786620520055294
0, 459, 198, 49, 29, 0.027865471318364143
0, 268, 75, 24, 14, 0.02752445638179779
0, 40, 73, 12, 9, 0.027361175045371056
0, 439, 190, 14, 18, 0.027330297976732254
0, 473, 194, 11, 10, 0.027026405557990074
0, 61, 64, 18, 14, 0.026978204026818275
0, 465, 198, 35, 27, 0.026874592527747154
0, 202, 58, 24, 26, 0.02679925598204136
0, 405, 280, 8, 8, 0.026784110814332962
0, 462, 194, 22, 11, 0.026265133172273636
0, 233, 157, 14, 12, 0.026059014722704887
0, 23, 68, 11, 11, 0.026056969538331032
0, 411, 161, 21, 20, 0.02601192519068718
0, 273, 199, 36, 11, 0.025994902476668358
0, 265, 195, 25, 19, 0.025986861437559128
0, 223, 181, 12, 15, 0.025824379175901413
0, 304, 246, 9, 8, 0.02560824528336525
0, 168, 51, 13, 11, 0.02548084408044815
0, 229, 187, 30, 26, 0.025336049497127533
0, 226, 165, 34, 28, 0.024975141510367393
0, 261, 191, 29, 27, 0.024964088574051857
0, 467, 235, 8, 7, 0.024902455508708954
0, 264, 95, 15, 13, 0.024492252618074417
0, 255, 187, 119, 91, 0.024457788094878197
0, 407, 158, 12, 10, 0.02439567819237709
0, 218, 150, 16, 19, 0.024360572919249535
0, 418, 127, 6, 5, 0.024295516312122345
0, 271, 77, 16, 10, 0.023989077657461166
0, 160, 66, 22, 19, 0.023964544758200645
0, 155, 73, 10, 9, 0.023673128336668015
0, 280, 225, 10, 9, 0.023532720282673836
0, 24, 70, 12, 13, 0.0232950821518898
0, 195, 58, 30, 28, 0.02310205064713955
0, 77, 67, 10, 8, 0.023082634434103966
0, 461, 214, 7, 7, 0.022940868511795998
0, 223, 192, 37, 38, 0.022729696705937386
0, 70, 59, 47, 30, 0.022411029785871506
0, 249, 83, 19, 11, 0.022278716787695885
0, 209, 174, 17, 16, 0.021895257756114006
0, 462, 170, 53, 46, 0.02140922099351883
0, 209, 130, 8, 6, 0.021289831027388573
0, 231, 67, 11, 9, 0.021083423867821693
0, 452, 142, 5, 5, 0.020904775708913803
0, 486, 220, 14, 7, 0.02089208923280239
0, 85, 58, 26, 28, 0.020671198144555092
0, 217, 171, 26, 17, 0.02034955658018589
0, 259, 71, 17, 8, 0.020130053162574768
0, 181, 40, 13, 11, 0.020010201260447502
0, 486, 219, 11, 6, 0.01979614421725273
0, 54, 69, 20, 18, 0.019309816882014275
0, 60, 55, 22, 13, 0.019240155816078186
0, 392, 276, 14, 10, 0.019131269305944443
0, 309, 246, 21, 18, 0.018909573554992676
0, 287, 238, 18, 18, 0.018872538581490517
0, 504, 290, 8, 15, 0.018422549590468407
0, 58, 66, 13, 10, 0.018266279250383377
0, 318, 238, 11, 9, 0.01823219284415245
0, 26, 59, 15, 12, 0.018213964998722076
0, 104, 51, 13, 13, 0.018092036247253418
0, 457, 192, 16, 8, 0.018007509410381317
0, 65, 54, 14, 12, 0.017904579639434814
0, 288, 247, 11, 11, 0.017712954431772232
0, 484, 171, 9, 7, 0.017540952190756798
0, 280, 58, 6, 8, 0.017420196905732155
0, 452, 160, 27, 28, 0.017373742535710335
0, 162, 44, 25, 22, 0.01723802648484707
0, 226, 203, 21, 22, 0.01714959368109703
0, 330, 235, 9, 20, 0.017145343124866486
0, 231, 138, 16, 16, 0.01711619831621647
0, 174, 48, 28, 19, 0.016888504847884178
0, 343, 230, 5, 6, 0.01683754101395607
0, 405, 184, 12, 16, 0.016710108146071434
0, 239, 188, 12, 12, 0.016666986048221588
0, 449, 179, 24, 19, 0.0165728572756052
0, 225, 164, 13, 9, 0.016478272154927254
0, 463, 192, 23, 9, 0.016406701877713203
0, 501, 274, 8, 11, 0.016394395381212234
0, 135, 47, 8, 6, 0.016149986535310745
0, 414, 167, 17, 12, 0.0161221195012331
0, 301, 240, 104, 79, 0.016109349206089973
0, 319, 230, 15, 24, 0.0160733163356781
0, 167, 156, 6, 7, 0.01602265052497387
0, 479, 175, 21, 18, 0.01591014675796032
0, 313, 221, 21, 15, 0.015442543663084507
0, 244, 228, 15, 14, 0.015363963320851326
0, 224, 50, 10, 13, 0.015352188609540462
0, 173, 145, 43, 33, 0.01520115789026022
0, 179, 50, 20, 13, 0.015120577067136765
0, 28, 57, 12, 9, 0.015081634745001793
0, 258, 187, 24, 20, 0.015052939765155315
0, 174, 41, 29, 16, 0.014956011436879635
0, 464, 197, 31, 24, 0.014520191587507725
0, 411, 140, 8, 7, 0.014454650692641735
0, 273, 108, 20, 14, 0.014293069019913673
0, 275, 78, 7, 9, 0.01417829655110836
0, 243, 89, 31, 22, 0.014098957180976868
0, 168, 45, 17, 19, 0.014036187902092934
0, 282, 229, 10, 12, 0.013991905376315117
0, 82, 62, 32, 35, 0.013816086575388908
0, 343, 96, 7, 6, 0.013768494129180908
0, 482, 247, 9, 8, 0.013504499569535255
0, 453, 168, 33, 34, 0.013466115109622478
0, 316, 221, 10, 12, 0.013438827358186245
0, 354, 135, 8, 12, 0.013412880711257458
0, 282, 197, 21, 14, 0.013138039968907833
0, 270, 112, 13, 8, 0.013043077662587166
0, 273, 110, 18, 11, 0.01299526821821928
0, 232, 194, 40, 40, 0.012966809794306755
0, 242, 185, 7, 15, 0.012962214648723602
0, 234, 63, 16, 15, 0.01295431051403284
0, 222, 177, 10, 9, 0.012892954051494598
0, 252, 72, 10, 8, 0.012470035813748837
0, 515, 271, 9, 7, 0.012453118339180946
0, 325, 233, 24, 28, 0.012295718304812908
0, 204, 64, 14, 13, 0.01223828922957182
0, 193, 54, 27, 32, 0.012055909261107445
0, 225, 156, 23, 13, 0.01173839345574379
0, 512, 218, 7, 5, 0.011673474684357643
0, 324, 240, 20, 15, 0.011605885811150074
0, 277, 107, 9, 9, 0.01149277575314045
0, 288, 234, 24, 25, 0.011480219662189484
0, 231, 201, 34, 27, 0.01134572084993124
0, 29, 74, 22, 25, 0.011312131769955158
0, 443, 176, 12, 9, 0.011180128902196884
0, 71, 61, 57, 39, 0.011166700161993504
0, 473, 193, 7, 9, 0.011081677861511707
0, 471, 178, 12, 10, 0.01107938401401043
0, 81, 52, 13, 13, 0.010852772742509842
0, 154, 43, 10, 15, 0.010838036425411701
0, 246, 186, 91, 70, 0.010803737677633762
0, 521, 262, 11, 8, 0.010800822637975216
0, 158, 69, 18, 19, 0.010748986154794693
0, 162, 39, 17, 14, 0.010673719458281994
0, 144, 64, 7, 6, 0.010633692145347595
0, 57, 80, 9, 7, 0.010598468594253063
0, 263, 188, 45, 37, 0.010580557398498058
0, 436, 136, 14, 8, 0.010490179993212223
0, 393, 273, 12, 7, 0.010454543866217136
0, 350, 88, 10, 5, 0.010452778078615665
0, 305, 218, 7, 7, 0.010452457703649998
0, 235, 94, 13, 11, 0.010433520190417767
0, 256, 70, 17, 11, 0.01043099444359541
0, 165, 76, 26, 11, 0.010426266118884087
0, 450, 169, 21, 19, 0.010401484556496143
0, 338, 129, 5, 8, 0.01039928663522005
0, 364, 124, 7, 14, 0.010370706208050251
0, 466, 171, 48, 27, 0.010348019190132618
0, 224, 186, 20, 20, 0.010274778120219707
0, 227, 183, 22, 20, 0.010248655453324318
0, 488, 263, 9, 7, 0.01019091997295618
0, 476, 169, 24, 32, 0.010181371122598648
0, 413, 148, 29, 25, 0.010015347972512245
0, 226, 202, 23, 22, 0.010004271753132343
0, 272, 196, 41, 22, 0.009996931068599224
0, 263, 96, 18, 13, 0.009983183816075325
0, 300, 241, 28, 29, 0.009813184849917889
0, 303, 207, 6, 7, 0.009749933145940304
0, 230, 209, 9, 11, 0.009713479317724705
0, 315, 93, 7, 6, 0.00967018399387598
0, 45, 67, 21, 16, 0.009595933370292187
0, 266, 202, 142, 122, 0.00956319272518158
0, 503, 289, 7, 13, 0.009453839622437954
0, 97, 63, 11, 9, 0.009356504306197166
0, 498, 211, 9, 9, 0.009267658926546574
0, 180, 58, 80, 63, 0.009249371476471424
0, 74, 73, 14, 9, 0.00910276174545288
0, 164, 68, 28, 22, 0.009068688377737999
0, 476, 236, 19, 14, 0.009051178582012653
0, 259, 74, 46, 23, 0.008894436061382294
