0, 307, 748, 109, 137, 0.1240193173289299
0, 1433, 720, 99, 152, 0.10928028076887131
0, 1443, 723, 117, 162, 0.0908719152212143
0, 607, 383, 132, 115, 0.08129431307315826
0, 306, 737, 130, 158, 0.08021008223295212
0, 1692, 351, 92, 96, 0.07935556024312973
0, 1334, 916, 42, 52, 0.06074724718928337
0, 1293, 945, 43, 55, 0.04566312953829765
0, 245, 909, 63, 68, 0.041862230747938156
0, 324, 395, 135, 69, 0.036334600299596786
0, 275, 420, 45, 40, 0.03556621074676514
0, 295, 405, 92, 75, 0.03525187447667122
0, 1693, 344, 89, 87, 0.035047054290771484
0, 1431, 724, 92, 150, 0.034877900034189224
0, 586, 392, 84, 90, 0.03483326733112335
0, 320, 684, 63, 33, 0.034794364124536514
0, 195, 945, 46, 53, 0.03217151015996933
0, 292, 454, 27, 28, 0.031015845015645027
0, 1347, 552, 27, 29, 0.029858509078621864
0, 250, 477, 31, 31, 0.028359949588775635
0, 1425, 361, 94, 52, 0.027191270142793655
0, 291, 460, 39, 41, 0.026915306225419044
0, 1386, 876, 64, 68, 0.025810664519667625
0, 1711, 343, 108, 92, 0.0254504531621933
0, 228, 531, 38, 30, 0.024628181010484695
0, 150, 967, 44, 46, 0.024494295939803123
0, 224, 927, 113, 108, 0.022988146170973778
0, 1397, 428, 30, 42, 0.022517113015055656
0, 1401, 436, 33, 48, 0.02219652570784092
0, 671, 186, 68, 51, 0.022053003311157227
0, 609, 815, 88, 71, 0.021653635427355766
0, 633, 341, 70, 46, 0.020458722487092018
0, 1439, 351, 88, 59, 0.019948799163103104
0, 513, 317, 53, 49, 0.01964147388935089
0, 1746, 776, 83, 66, 0.019637975841760635
0, 609, 381, 132, 121, 0.019615497440099716
0, 315, 687, 70, 43, 0.01950337551534176
0, 670, 294, 30, 24, 0.018864816054701805
0, 1632, 262, 39, 36, 0.018376488238573074
0, 1382, 878, 61, 65, 0.018354566767811775
0, 1351, 731, 21, 24, 0.018095089122653008
0, 1715, 333, 120, 112, 0.017060663551092148
0, 610, 818, 93, 73, 0.017032969743013382
0, 1556, 910, 42, 48, 0.016841422766447067
0, 1428, 742, 84, 119, 0.016829688102006912
0, 310, 734, 108, 131, 0.016384072601795197
0, 1397, 374, 82, 67, 0.016259999945759773
0, 431, 1018, 57, 84, 0.015980185940861702
0, 1361, 894, 104, 103, 0.01596294902265072
0, 1406, 368, 76, 56, 0.015950363129377365
0, 379, 624, 55, 35, 0.015729593113064766
0, 605, 228, 195, 146, 0.015699477866292
0, 1433, 675, 66, 56, 0.015016073361039162
0, 1340, 635, 24, 26, 0.014975116588175297
0, 321, 399, 144, 78, 0.014680364169180393
0, 572, 395, 50, 38, 0.014369836077094078
0, 274, 462, 72, 53, 0.014030084945261478
0, 1427, 369, 145, 102, 0.0139528289437294
0, 584, 403, 69, 74, 0.013868589885532856
0, 216, 595, 31, 28, 0.01386844739317894
0, 1429, 352, 118, 61, 0.013787360861897469
0, 1709, 206, 45, 42, 0.013315940275788307
0, 323, 398, 149, 88, 0.013198460452258587
0, 1739, 296, 61, 38, 0.013138089329004288
0, 285, 405, 61, 61, 0.012999157421290874
0, 1738, 304, 53, 27, 0.012932727113366127
0, 1528, 761, 30, 47, 0.012764799408614635
0, 1421, 365, 134, 82, 0.012662569992244244
0, 221, 926, 119, 110, 0.012439755722880363
0, 1332, 550, 47, 32, 0.012331638485193253
0, 1660, 232, 43, 34, 0.012120147235691547
0, 1640, 245, 94, 70, 0.012066989205777645
0, 1677, 346, 55, 53, 0.011956382542848587
0, 1378, 427, 51, 38, 0.011929716914892197
0, 1379, 395, 43, 31, 0.01188149768859148
0, 1382, 870, 58, 57, 0.011864821426570415
0, 1376, 435, 62, 54, 0.011775711551308632
0, 1611, 285, 42, 30, 0.011773786507546902
0, 607, 254, 43, 43, 0.011490771546959877
0, 1449, 662, 46, 33, 0.011392557993531227
0, 636, 521, 30, 26, 0.01124049536883831
0, 1491, 595, 53, 29, 0.011235970072448254
0, 633, 224, 138, 124, 0.011222739703953266
0, 1475, 784, 69, 52, 0.010849579237401485
0, 1624, 266, 72, 61, 0.010834278538823128
0, 1771, 135, 63, 50, 0.010566015727818012
0, 195, 956, 42, 49, 0.01047179289162159
0, 1552, 895, 52, 67, 0.010448867455124855
0, 1585, 966, 42, 39, 0.010365436784923077
0, 1489, 599, 50, 28, 0.010046192444860935
0, 1620, 266, 58, 50, 0.009957799687981606
0, 1343, 514, 39, 32, 0.00982019305229187
0, 411, 932, 45, 53, 0.009665513411164284
0, 244, 925, 63, 47, 0.009665144607424736
0, 1748, 784, 103, 90, 0.009655404835939407
0, 282, 440, 61, 72, 0.009488419629633427
0, 611, 366, 121, 88, 0.009481502696871758
0, 239, 575, 35, 25, 0.009427517652511597
0, 506, 332, 46, 32, 0.009290545247495174
0, 248, 485, 32, 34, 0.009222663007676601
0, 1741, 475, 27, 22, 0.00919982511550188
0, 1647, 246, 76, 68, 0.009100857190787792
0, 636, 220, 96, 67, 0.009063110686838627
0, 1330, 580, 41, 34, 0.009008480235934258
0, 1340, 567, 43, 37, 0.008888129144906998
0, 212, 950, 82, 63, 0.008864892646670341
0, 401, 921, 23, 28, 0.008758451789617538
0, 223, 538, 43, 40, 0.008256747387349606
0, 319, 705, 84, 79, 0.008040578104555607
0, 1389, 375, 57, 57, 0.007977783679962158
0, 527, 314, 46, 39, 0.007938546128571033
0, 652, 204, 101, 58, 0.007877564057707787
0, 1323, 601, 37, 26, 0.007669081911444664
0, 1438, 668, 71, 48, 0.007590171415358782
0, 1696, 321, 48, 41, 0.007550863549113274
0, 251, 897, 44, 43, 0.007461706176400185
0, 1437, 715, 88, 142, 0.007439807523041964
0, 624, 344, 54, 39, 0.007383543532341719
0, 1442, 673, 70, 57, 0.0072945416904985905
0, 1360, 443, 40, 45, 0.00729349534958601
0, 600, 258, 62, 57, 0.007270672358572483
0, 1336, 527, 56, 60, 0.007211689837276936
0, 618, 236, 55, 51, 0.00719796447083354
0, 1313, 674, 48, 25, 0.007121141999959946
0, 383, 917, 34, 31, 0.007120926398783922
0, 599, 813, 78, 66, 0.007068191189318895
0, 197, 753, 26, 24, 0.006935212295502424
0, 292, 518, 24, 23, 0.006885596551001072
0, 1362, 902, 65, 63, 0.00687746237963438
0, 223, 934, 122, 130, 0.006809924263507128
0, 1544, 903, 60, 62, 0.00676698749884963
0, 398, 789, 37, 49, 0.006736921612173319
0, 622, 835, 90, 92, 0.006508566439151764
0, 229, 582, 45, 35, 0.006504657678306103
0, 1699, 352, 78, 78, 0.006421506404876709
0, 298, 495, 23, 28, 0.006349253002554178
0, 670, 557, 31, 30, 0.006335231475532055
0, 604, 544, 31, 27, 0.0062765758484601974
0, 1398, 494, 31, 32, 0.0062373061664402485
0, 310, 702, 79, 73, 0.006210593972355127
0, 1296, 951, 54, 71, 0.006071560084819794
0, 1455, 786, 29, 43, 0.00602842029184103
0, 195, 789, 22, 27, 0.00601725559681654
0, 237, 910, 75, 75, 0.006012401077896357
0, 578, 378, 63, 53, 0.005988862365484238
0, 1538, 879, 90, 112, 0.005976533051580191
0, 1672, 363, 46, 53, 0.005952409002929926
0, 1344, 506, 36, 33, 0.005878814030438662
0, 1377, 502, 28, 33, 0.005805575288832188
0, 1708, 343, 134, 104, 0.005734600592404604
0, 726, 240, 48, 49, 0.005544222425669432
0, 1338, 921, 34, 51, 0.005543060135096312
0, 1334, 916, 44, 54, 0.005542137660086155
0, 551, 292, 143, 110, 0.005538016092032194
0, 1673, 217, 94, 70, 0.005509430542588234
0, 1375, 457, 89, 108, 0.005490557756274939
0, 215, 752, 37, 24, 0.005383770912885666
0, 197, 701, 46, 25, 0.005346592050045729
0, 561, 285, 38, 29, 0.005291280336678028
0, 347, 391, 56, 35, 0.0052568186074495316
0, 1447, 747, 121, 133, 0.0052315606735646725
0, 1303, 677, 39, 21, 0.00516622606664896
0, 607, 244, 62, 61, 0.005123318172991276
0, 1750, 773, 81, 60, 0.005114927887916565
0, 1352, 474, 43, 37, 0.0051034195348620415
0, 1700, 210, 53, 47, 0.005096105858683586
0, 1724, 313, 79, 47, 0.005004178732633591
0, 1399, 460, 39, 44, 0.0049743615090847015
0, 1451, 354, 82, 42, 0.004937010817229748
0, 1369, 514, 39, 42, 0.00492216506972909
0, 1445, 739, 144, 217, 0.004860601853579283
0, 263, 459, 57, 57, 0.004857583437114954
0, 1768, 144, 67, 46, 0.004855742212384939
0, 159, 964, 36, 35, 0.004842403344810009
0, 1419, 726, 71, 126, 0.004829492419958115
0, 591, 371, 59, 48, 0.0047540380619466305
0, 657, 191, 90, 54, 0.004737513139843941
0, 167, 726, 31, 28, 0.00467922817915678
0, 1434, 722, 82, 116, 0.0045966338366270065
0, 309, 839, 25, 40, 0.004548799246549606
0, 206, 927, 71, 73, 0.0045460727997124195
0, 212, 698, 58, 28, 0.004543833434581757
0, 570, 400, 53, 72, 0.004520841408520937
0, 271, 477, 91, 104, 0.004520348273217678
0, 304, 394, 82, 52, 0.004437153227627277
0, 196, 739, 24, 26, 0.004433958791196346
0, 1727, 299, 65, 33, 0.004425127059221268
0, 1873, 159, 32, 32, 0.004390952177345753
0, 358, 382, 73, 54, 0.0043784999288618565
0, 339, 382, 89, 49, 0.00434331176802516
0, 312, 737, 90, 105, 0.00434013782069087
0, 573, 267, 87, 61, 0.00433437991887331
0, 203, 940, 159, 138, 0.004270005971193314
0, 1468, 342, 58, 51, 0.004248625598847866
0, 1517, 861, 67, 89, 0.004224185831844807
0, 773, 208, 38, 39, 0.004219967871904373
0, 1455, 345, 56, 49, 0.004194249864667654
0, 355, 828, 52, 32, 0.004170470405369997
0, 356, 857, 35, 26, 0.004151783883571625
0, 1744, 763, 46, 39, 0.004141164943575859
0, 179, 714, 54, 38, 0.004124969244003296
0, 418, 939, 48, 42, 0.004099874757230282
0, 398, 929, 89, 75, 0.0040977103635668755
0, 1581, 939, 60, 98, 0.004050664138048887
0, 1342, 674, 42, 29, 0.004008842166513205
0, 1706, 184, 190, 161, 0.0039891735650599
0, 572, 266, 59, 52, 0.003970698453485966
0, 377, 367, 33, 33, 0.0038905905093997717
0, 1472, 767, 66, 72, 0.0038837422616779804
0, 1789, 516, 42, 30, 0.003859422169625759
0, 521, 317, 96, 68, 0.003816770389676094
0, 546, 294, 58, 47, 0.0037930228281766176
0, 1532, 869, 61, 71, 0.0037863673642277718
0, 462, 758, 95, 85, 0.003746764035895467
0, 1510, 888, 31, 34, 0.0037371665239334106
0, 651, 212, 131, 115, 0.0035958332009613514
0, 1668, 218, 43, 40, 0.003588450141251087
0, 1425, 713, 85, 124, 0.00356360268779099
0, 660, 191, 79, 55, 0.0035602145362645388
0, 1492, 790, 28, 30, 0.003448131727054715
0, 629, 218, 64, 49, 0.003447974333539605
0, 1687, 372, 57, 51, 0.0034438692964613438
0, 212, 607, 49, 46, 0.0034050678368657827
0, 609, 356, 83, 61, 0.003400675719603896
0, 182, 948, 84, 74, 0.0033878604881465435
0, 1739, 169, 98, 74, 0.0033555878326296806
0, 431, 996, 26, 35, 0.0033134191762655973
0, 558, 594, 60, 41, 0.0032408456318080425
0, 1716, 192, 52, 54, 0.0032069585286080837
0, 235, 524, 33, 25, 0.0031958718318492174
0, 1725, 777, 75, 63, 0.003173758275806904
0, 670, 566, 36, 40, 0.0031481976620852947
0, 1578, 730, 73, 69, 0.0031422714237123728
0, 1655, 237, 124, 120, 0.0031212514732033014
0, 1330, 626, 57, 55, 0.003120704321190715
0, 574, 279, 203, 155, 0.0030866768211126328
0, 1437, 640, 70, 61, 0.0030237152241170406
0, 1828, 190, 50, 46, 0.0030039316043257713
0, 160, 985, 70, 97, 0.0029627878684550524
0, 431, 1036, 52, 51, 0.0029448114801198244
0, 1823, 201, 46, 30, 0.0029260541778057814
0, 679, 292, 43, 26, 0.002919761696830392
0, 1386, 509, 45, 57, 0.002903304062783718
0, 358, 379, 69, 55, 0.002868293086066842
0, 1322, 762, 30, 33, 0.002858860185369849
0, 1785, 241, 30, 26, 0.0028303000144660473
0, 322, 419, 147, 134, 0.0027893001679331064
0, 1714, 345, 125, 102, 0.002737065777182579
0, 1568, 921, 91, 125, 0.0027230745181441307
0, 1829, 196, 59, 46, 0.002713077701628208
0, 1548, 873, 41, 55, 0.00268553732894361
0, 1751, 154, 104, 93, 0.0026757176965475082
0, 214, 736, 56, 45, 0.0026581932324916124
0, 203, 628, 34, 26, 0.002622569678351283
0, 336, 830, 81, 69, 0.0025722733698785305
0, 270, 423, 59, 54, 0.002539320383220911
0, 733, 240, 96, 69, 0.0025272604543715715
0, 1365, 431, 46, 41, 0.002491137245669961
0, 1414, 417, 151, 192, 0.002469743136316538
0, 1769, 805, 51, 38, 0.002454981906339526
0, 1678, 326, 59, 47, 0.002452851738780737
0, 1704, 198, 71, 65, 0.002418909687548876
0, 282, 521, 40, 33, 0.002375880489125848
0, 1424, 685, 60, 61, 0.002368408953770995
0, 238, 901, 51, 51, 0.0023397572804242373
0, 338, 403, 71, 43, 0.002334314165636897
0, 1701, 209, 139, 104, 0.0022740878630429506
0, 364, 829, 60, 33, 0.002271038945764303
0, 682, 565, 55, 39, 0.0022659709211438894
0, 1322, 726, 28, 36, 0.0022625408601015806
0, 1706, 353, 130, 127, 0.002252577105537057
0, 1291, 703, 28, 27, 0.0022219549864530563
0, 1360, 547, 53, 34, 0.0021939529106020927
0, 1841, 185, 76, 57, 0.0021686358377337456
0, 1336, 509, 43, 38, 0.0021630041301250458
0, 1757, 151, 86, 58, 0.0021286478731781244
0, 720, 252, 52, 35, 0.00212649954482913
0, 599, 826, 66, 41, 0.0020819748751819134
0, 1384, 896, 60, 54, 0.002018148545175791
0, 1722, 517, 63, 64, 0.001985696144402027
0, 214, 623, 25, 29, 0.0019693193025887012
0, 1411, 739, 47, 95, 0.001965041970834136
0, 1756, 765, 51, 46, 0.0019524400122463703
0, 1302, 968, 64, 99, 0.0019463244825601578
0, 1576, 748, 37, 36, 0.0019442266784608364
0, 1570, 912, 40, 38, 0.0019321597646921873
0, 680, 558, 38, 33, 0.0019207157893106341
0, 310, 448, 184, 171, 0.00190260901581496
0, 234, 939, 75, 77, 0.0019022759515792131
0, 349, 820, 59, 35, 0.0018844599835574627
0, 1784, 508, 36, 39, 0.0018700333312153816
0, 153, 976, 53, 63, 0.0018677214393392205
0, 1411, 354, 61, 41, 0.001847397768869996
0, 523, 306, 76, 56, 0.0018146148649975657
0, 189, 744, 70, 65, 0.0018128141527995467
0, 206, 551, 27, 24, 0.0017968494212254882
0, 1712, 504, 41, 40, 0.001791848917491734
0, 551, 615, 82, 95, 0.0017327368259429932
0, 632, 353, 72, 33, 0.0017277562292292714
0, 1336, 908, 56, 59, 0.00171446125023067
