0, 203, 140, 102, 69, 0.2698734700679779
0, 807, 359, 68, 65, 0.18565033376216888
0, 502, 266, 31, 44, 0.17207327485084534
0, 636, 557, 22, 20, 0.16249103844165802
0, 406, 199, 34, 20, 0.16073107719421387
0, 1040, 196, 46, 38, 0.1549411118030548
0, 527, 274, 103, 84, 0.1458635926246643
0, 1091, 750, 29, 27, 0.13732503354549408
0, 376, 164, 21, 39, 0.1294984370470047
0, 836, 582, 29, 27, 0.1265174001455307
0, 1186, 231, 64, 31, 0.12562303245067596
0, 730, 611, 30, 25, 0.12338841706514359
0, 933, 383, 34, 28, 0.12044252455234528
0, 700, 306, 30, 26, 0.11698000133037567
0, 1119, 400, 31, 33, 0.11240318417549133
0, 1122, 806, 19, 34, 0.11114917695522308
0, 1131, 264, 74, 55, 0.1092289388179779
0, 1259, 240, 17, 21, 0.10759865492582321
0, 907, 340, 22, 22, 0.10742484033107758
0, 890, 611, 16, 25, 0.1064634844660759
0, 1092, 733, 42, 66, 0.10032985359430313
0, 295, 147, 38, 42, 0.09967607259750366
0, 599, 579, 29, 19, 0.09778742492198944
0, 952, 414, 25, 27, 0.09718590974807739
0, 987, 247, 28, 25, 0.09468362480401993
0, 857, 321, 59, 51, 0.09467454254627228
0, 91, 188, 27, 19, 0.09439822286367416
0, 1211, 284, 22, 19, 0.09437897056341171
0, 274, 158, 79, 67, 0.09284929186105728
0, 1160, 249, 145, 93, 0.08931531012058258
0, 796, 342, 38, 27, 0.08697286993265152
0, 248, 163, 31, 27, 0.08507928252220154
0, 986, 252, 48, 37, 0.08431381732225418
0, 1037, 196, 51, 41, 0.08415715396404266
0, 768, 581, 20, 18, 0.08345779776573181
0, 1045, 660, 15, 18, 0.08326788246631622
0, 1258, 287, 23, 16, 0.08307801932096481
0, 440, 200, 29, 19, 0.0826323851943016
0, 1142, 931, 17, 21, 0.07993439584970474
0, 573, 558, 16, 14, 0.07970207929611206
0, 1187, 234, 60, 37, 0.07836610823869705
0, 825, 370, 30, 39, 0.07665588706731796
0, 1208, 206, 33, 30, 0.07607714086771011
0, 673, 353, 64, 48, 0.07530640065670013
0, 502, 270, 28, 40, 0.07478860020637512
0, 1083, 1026, 21, 34, 0.07446467876434326
0, 493, 556, 58, 57, 0.0720408633351326
0, 836, 588, 35, 44, 0.07164020836353302
0, 908, 325, 22, 29, 0.07054553925991058
0, 574, 593, 21, 22, 0.06778382509946823
0, 1077, 398, 54, 54, 0.06729517877101898
0, 1220, 206, 60, 45, 0.06601310521364212
0, 927, 256, 29, 18, 0.06387659907341003
0, 1088, 423, 25, 19, 0.06381804496049881
0, 125, 166, 19, 14, 0.06286484748125076
0, 536, 280, 32, 28, 0.06256601959466934
0, 294, 156, 40, 58, 0.05991651862859726
0, 1236, 262, 18, 25, 0.057436831295490265
0, 1109, 186, 22, 23, 0.05732006952166557
0, 1125, 792, 19, 22, 0.057154349982738495
0, 1381, 223, 18, 20, 0.05682668089866638
0, 726, 281, 30, 24, 0.05605798959732056
0, 422, 162, 23, 29, 0.055257007479667664
0, 498, 575, 52, 39, 0.05289558693766594
0, 880, 190, 37, 32, 0.05170357972383499
0, 677, 552, 31, 25, 0.05135304480791092
0, 682, 186, 41, 22, 0.051077086478471756
0, 760, 578, 39, 27, 0.050627633929252625
0, 918, 385, 55, 32, 0.0496816486120224
0, 1068, 1063, 17, 22, 0.0493725910782814
0, 206, 142, 108, 78, 0.04933907836675644
0, 846, 220, 36, 22, 0.04915245622396469
0, 951, 1150, 14, 18, 0.04912799224257469
0, 482, 556, 31, 26, 0.0480065792798996
0, 206, 130, 90, 52, 0.04785071313381195
0, 1088, 399, 28, 32, 0.04734938219189644
0, 1083, 717, 18, 29, 0.046822916716337204
0, 411, 198, 31, 17, 0.0461825467646122
0, 293, 147, 26, 37, 0.04586390405893326
0, 1114, 402, 25, 27, 0.04565675929188728
0, 1102, 826, 17, 14, 0.04542282596230507
0, 1095, 404, 92, 69, 0.04518955945968628
0, 62, 207, 26, 21, 0.04490680992603302
0, 477, 189, 20, 19, 0.04389464110136032
0, 670, 544, 40, 39, 0.04388335347175598
0, 430, 216, 48, 45, 0.04367604851722717
0, 1161, 259, 39, 29, 0.04136255383491516
0, 1219, 219, 80, 64, 0.04134448990225792
0, 688, 267, 20, 15, 0.0409681610763073
0, 973, 622, 16, 21, 0.03963516280055046
0, 457, 520, 16, 15, 0.03959110006690025
0, 249, 174, 46, 47, 0.039326611906290054
0, 918, 603, 20, 22, 0.03926202654838562
0, 74, 216, 55, 40, 0.03847026079893112
0, 1028, 1090, 26, 29, 0.0382486917078495
0, 542, 300, 33, 22, 0.03822380676865578
0, 88, 219, 23, 28, 0.03801271319389343
0, 1126, 250, 39, 24, 0.03714510425925255
0, 674, 345, 59, 32, 0.03701910376548767
0, 863, 207, 76, 53, 0.03689075633883476
0, 1111, 216, 35, 22, 0.03659038618206978
0, 1078, 403, 55, 63, 0.0356571227312088
0, 1230, 242, 18, 22, 0.03563559055328369
0, 808, 345, 60, 34, 0.03508571535348892
0, 947, 199, 15, 17, 0.03441198170185089
0, 689, 565, 56, 69, 0.03391142562031746
0, 874, 197, 52, 47, 0.03381897881627083
0, 1163, 455, 20, 22, 0.03373904153704643
0, 922, 607, 19, 20, 0.0337245799601078
0, 653, 158, 21, 37, 0.03366861492395401
0, 972, 628, 17, 19, 0.03332991898059845
0, 434, 215, 44, 45, 0.03274603188037872
0, 54, 208, 26, 22, 0.03240928426384926
0, 912, 1183, 15, 15, 0.032334789633750916
0, 681, 592, 26, 18, 0.03223833069205284
0, 295, 177, 30, 27, 0.03208453208208084
0, 530, 269, 78, 68, 0.03172963857650757
0, 1132, 273, 67, 42, 0.031387437134981155
0, 735, 323, 32, 17, 0.031198065727949142
0, 548, 292, 47, 36, 0.031129295006394386
0, 884, 188, 28, 24, 0.031004847958683968
0, 497, 590, 33, 19, 0.0305052250623703
0, 378, 154, 27, 31, 0.029887860640883446
0, 993, 206, 25, 17, 0.029109738767147064
0, 545, 286, 51, 42, 0.029083572328090668
0, 532, 286, 73, 54, 0.028896713629364967
0, 1196, 236, 37, 28, 0.028869718313217163
0, 335, 176, 33, 42, 0.02851320058107376
0, 1181, 240, 136, 108, 0.028261462226510048
0, 1177, 239, 85, 64, 0.027858668938279152
0, 916, 406, 105, 76, 0.027806930243968964
0, 1027, 1069, 21, 19, 0.027743637561798096
0, 859, 205, 84, 55, 0.027324549853801727
0, 1284, 263, 28, 23, 0.02700982056558132
0, 969, 188, 18, 16, 0.026852872222661972
0, 1021, 198, 83, 44, 0.026850111782550812
0, 1065, 387, 25, 27, 0.026813257485628128
0, 496, 564, 59, 61, 0.026757147163152695
0, 842, 223, 40, 27, 0.026633864268660545
0, 503, 545, 31, 28, 0.025884781032800674
0, 1096, 408, 57, 44, 0.025883832946419716
0, 1141, 278, 43, 30, 0.025783736258745193
0, 526, 278, 79, 66, 0.025600071996450424
0, 399, 151, 21, 18, 0.025532739236950874
0, 907, 421, 38, 27, 0.025276871398091316
0, 85, 157, 20, 19, 0.025138892233371735
0, 193, 139, 64, 49, 0.0249458160251379
0, 234, 158, 164, 100, 0.024872126057744026
0, 1033, 1096, 16, 25, 0.023874396458268166
0, 467, 257, 31, 24, 0.0238250233232975
0, 271, 173, 105, 100, 0.023563722148537636
0, 848, 630, 17, 14, 0.023250283673405647
0, 1317, 238, 15, 18, 0.023153113201260567
0, 927, 416, 76, 35, 0.02307521551847458
0, 722, 279, 29, 29, 0.022844770923256874
0, 968, 1126, 13, 15, 0.022701120004057884
0, 857, 310, 44, 26, 0.02220085635781288
0, 918, 411, 99, 90, 0.021998394280672073
0, 915, 391, 68, 39, 0.02195601351559162
0, 33, 207, 14, 19, 0.02194010093808174
0, 824, 367, 31, 40, 0.02184404246509075
0, 634, 323, 30, 18, 0.02184188738465309
0, 420, 537, 14, 19, 0.02157221920788288
0, 865, 334, 35, 27, 0.02137497253715992
0, 1093, 743, 36, 46, 0.021194972097873688
0, 1141, 827, 24, 23, 0.020832333713769913
0, 535, 248, 34, 28, 0.020687682554125786
0, 264, 173, 72, 61, 0.02051311545073986
0, 687, 183, 33, 15, 0.020473657175898552
0, 838, 161, 17, 15, 0.0204478707164526
0, 900, 417, 63, 32, 0.020438680425286293
0, 1221, 226, 118, 91, 0.020320076495409012
0, 1101, 731, 18, 20, 0.02001032792031765
0, 137, 181, 32, 26, 0.019950393587350845
0, 272, 165, 97, 89, 0.01988905481994152
0, 1010, 1063, 13, 18, 0.01965051144361496
0, 974, 387, 26, 21, 0.0195018257945776
0, 659, 346, 27, 20, 0.01945294439792633
0, 1247, 243, 48, 39, 0.019347401335835457
0, 1275, 228, 35, 27, 0.019213464111089706
0, 862, 319, 44, 38, 0.01901332661509514
0, 1046, 192, 32, 25, 0.018697114661335945
0, 853, 327, 66, 46, 0.018524188548326492
0, 865, 614, 19, 25, 0.01830713264644146
0, 1083, 391, 39, 32, 0.018301447853446007
0, 1152, 259, 31, 28, 0.018229931592941284
0, 237, 132, 32, 30, 0.017812704667448997
0, 1261, 231, 54, 44, 0.01776251010596752
0, 820, 377, 21, 28, 0.01775759644806385
0, 834, 233, 56, 42, 0.017525101080536842
0, 1177, 245, 76, 61, 0.01731899380683899
0, 330, 166, 21, 20, 0.0173085518181324
0, 1117, 261, 48, 47, 0.017300523817539215
0, 437, 161, 60, 40, 0.016839560121297836
0, 190, 130, 59, 41, 0.016624003648757935
0, 733, 606, 37, 29, 0.016513193026185036
0, 836, 599, 31, 47, 0.016367442905902863
0, 503, 256, 39, 47, 0.0161751601845026
0, 686, 588, 36, 24, 0.016142139211297035
0, 889, 609, 23, 32, 0.01590486243367195
0, 254, 162, 41, 39, 0.015642348676919937
0, 695, 580, 30, 26, 0.01563023217022419
0, 1149, 261, 93, 59, 0.015497258864343166
0, 1065, 756, 18, 21, 0.015488268807530403
0, 1101, 1021, 16, 19, 0.015358994714915752
0, 933, 397, 64, 58, 0.015347633510828018
0, 1227, 189, 35, 26, 0.015260103158652782
0, 721, 273, 24, 31, 0.01524166390299797
0, 1091, 972, 17, 16, 0.015163527801632881
0, 229, 148, 83, 59, 0.015120584517717361
0, 510, 572, 28, 27, 0.015052495524287224
0, 566, 592, 44, 29, 0.014997732825577259
0, 1232, 222, 69, 42, 0.014715451747179031
0, 306, 461, 36, 38, 0.014672000892460346
0, 333, 171, 27, 26, 0.01457990612834692
0, 415, 157, 50, 32, 0.014540347270667553
0, 786, 607, 28, 20, 0.014534294605255127
0, 1223, 217, 100, 76, 0.014314696192741394
0, 263, 195, 28, 22, 0.014267722144722939
0, 287, 177, 40, 35, 0.014204286970198154
0, 455, 161, 28, 21, 0.013824665918946266
0, 185, 161, 38, 33, 0.01374497078359127
0, 1343, 227, 18, 15, 0.013487854041159153
0, 1122, 911, 14, 13, 0.013209414668381214
0, 1118, 403, 37, 39, 0.013189303688704967
0, 1092, 219, 33, 18, 0.013125822879374027
0, 1075, 1030, 37, 37, 0.013094790279865265
0, 1147, 869, 16, 18, 0.013086696155369282
0, 135, 183, 29, 26, 0.012983284890651703
0, 938, 382, 40, 30, 0.012922667898237705
0, 222, 130, 57, 42, 0.012920723296701908
0, 1039, 195, 50, 41, 0.012896152213215828
0, 952, 1126, 27, 18, 0.012827275320887566
0, 1095, 396, 77, 42, 0.01271586399525404
0, 657, 536, 20, 26, 0.012715259566903114
0, 911, 433, 26, 20, 0.012658470310270786
0, 258, 150, 32, 32, 0.012633350677788258
0, 820, 242, 22, 23, 0.012627999298274517
0, 1101, 715, 16, 28, 0.012619963847100735
0, 1048, 1048, 17, 19, 0.01255970261991024
0, 180, 143, 58, 55, 0.012401701882481575
0, 659, 353, 32, 27, 0.012371408753097057
0, 491, 549, 55, 37, 0.012266594916582108
0, 1231, 254, 27, 39, 0.012240727432072163
0, 951, 409, 27, 30, 0.011921596713364124
0, 520, 263, 68, 62, 0.011747329495847225
0, 846, 322, 79, 51, 0.01167217642068863
0, 228, 159, 61, 33, 0.011380605399608612
0, 506, 281, 37, 60, 0.011344507336616516
0, 205, 159, 32, 29, 0.011305815540254116
0, 839, 586, 30, 29, 0.011152166873216629
0, 793, 378, 29, 28, 0.010986211709678173
0, 1228, 211, 60, 30, 0.01096778828650713
0, 993, 1123, 14, 16, 0.010961763560771942
0, 254, 194, 40, 26, 0.010835950262844563
0, 488, 263, 66, 55, 0.010586114600300789
0, 758, 565, 41, 41, 0.01048264466226101
0, 480, 251, 51, 36, 0.010451036505401134
0, 1062, 665, 21, 23, 0.010380693711340427
0, 1195, 223, 72, 57, 0.010367011651396751
0, 171, 161, 38, 34, 0.010250642895698547
0, 140, 187, 79, 53, 0.010128608904778957
0, 1115, 814, 41, 35, 0.010091163218021393
0, 1112, 210, 31, 21, 0.010086634196341038
0, 759, 543, 30, 18, 0.009983306750655174
0, 1013, 1088, 19, 20, 0.009972082450985909
0, 546, 305, 53, 49, 0.009591683745384216
0, 1148, 253, 72, 32, 0.00956499483436346
0, 236, 172, 106, 49, 0.009475870057940483
0, 271, 194, 52, 29, 0.009393494576215744
0, 300, 135, 35, 27, 0.009371384978294373
0, 521, 245, 43, 31, 0.009344653226435184
0, 726, 612, 42, 25, 0.009311710484325886
0, 898, 401, 62, 42, 0.009306684136390686
0, 175, 129, 44, 34, 0.009234526194632053
0, 585, 587, 60, 40, 0.009166455827653408
0, 983, 251, 45, 32, 0.009135236032307148
0, 82, 204, 41, 45, 0.009017433039844036
0, 974, 391, 21, 19, 0.00892797950655222
0, 902, 429, 65, 36, 0.008900588378310204
0, 1117, 251, 44, 29, 0.00880962610244751
0, 465, 251, 35, 30, 0.008805855177342892
0, 9, 238, 18, 15, 0.008733413182199001
0, 817, 305, 32, 17, 0.008718407712876797
0, 473, 277, 23, 26, 0.008688601665198803
0, 1195, 219, 79, 52, 0.008688027039170265
0, 685, 267, 21, 18, 0.00866564828902483
0, 1180, 222, 72, 45, 0.008644521236419678
0, 1163, 443, 20, 21, 0.008581995964050293
0, 779, 238, 40, 26, 0.008553513325750828
0, 545, 264, 57, 49, 0.008513995446264744
0, 1156, 203, 25, 22, 0.008503379300236702
0, 751, 579, 59, 46, 0.008472198620438576
0, 376, 168, 24, 36, 0.008461066521704197
0, 842, 587, 24, 34, 0.008385074324905872
0, 652, 151, 17, 20, 0.008368871174752712
0, 920, 423, 87, 49, 0.008275236003100872
0, 559, 323, 18, 15, 0.00824575126171112
0, 470, 273, 28, 30, 0.00824283529073
0, 96, 187, 26, 24, 0.008110138587653637
