0, 493, 178, 36, 31, 0.8788301944732666
0, 299, 155, 26, 20, 0.8774287700653076
0, 14, 500, 27, 22, 0.8751277327537537
0, 458, 235, 35, 28, 0.8745825290679932
0, 377, 361, 21, 20, 0.874381422996521
0, 235, 417, 37, 36, 0.8693376779556274
0, 50, 247, 20, 21, 0.864975094795227
0, 45, 272, 26, 24, 0.8483786582946777
0, 58, 423, 28, 23, 0.8473170399665833
0, 285, 77, 24, 21, 0.8260628581047058
0, 133, 299, 27, 21, 0.8208824992179871
0, 425, 269, 25, 21, 0.8185074925422668
0, 134, 243, 37, 30, 0.8171364068984985
0, 322, 63, 22, 18, 0.811004638671875
0, 27, 434, 25, 22, 0.8085638284683228
0, 96, 79, 28, 23, 0.8061989545822144
0, 188, 7, 23, 15, 0.8042790293693542
0, 123, 147, 25, 21, 0.7941765189170837
0, 84, 249, 37, 39, 0.7921339273452759
0, 318, 369, 48, 46, 0.7886999845504761
0, 19, 238, 31, 27, 0.7824219465255737
0, 292, 8, 26, 16, 0.7734256386756897
0, 351, 103, 21, 20, 0.768811047077179
0, 485, 152, 51, 36, 0.7655300498008728
0, 287, 332, 22, 19, 0.7606303095817566
0, 444, 388, 26, 25, 0.7592604160308838
0, 262, 286, 25, 24, 0.7582897543907166
0, 226, 81, 26, 24, 0.7491169571876526
0, 16, 309, 33, 44, 0.7443340420722961
0, 128, 59, 32, 27, 0.7346839308738708
0, 202, 247, 25, 22, 0.7287057042121887
0, 54, 494, 24, 34, 0.7155460119247437
0, 155, 32, 39, 36, 0.7146156430244446
0, 455, 350, 18, 28, 0.7144855856895447
0, 181, 292, 27, 21, 0.7113744020462036
0, 5, 28, 10, 25, 0.7106741666793823
0, 72, 470, 22, 26, 0.7095720767974854
0, 274, 239, 26, 23, 0.705775797367096
0, 93, 406, 19, 21, 0.7002982497215271
0, 497, 496, 27, 26, 0.6953802108764648
0, 138, 211, 27, 20, 0.6948164701461792
0, 459, 326, 30, 23, 0.6941927671432495
0, 161, 85, 23, 20, 0.6846838593482971
0, 196, 133, 47, 36, 0.6825489401817322
0, 88, 55, 25, 19, 0.6741464138031006
0, 71, 175, 20, 25, 0.6739858984947205
0, 289, 502, 28, 19, 0.6718360185623169
0, 429, 304, 18, 13, 0.6717195510864258
0, 31, 356, 25, 23, 0.6696397662162781
0, 10, 348, 20, 34, 0.6689403653144836
0, 303, 22, 47, 30, 0.6660645008087158
0, 271, 357, 26, 26, 0.6657334566116333
0, 473, 19, 27, 29, 0.6651071906089783
0, 209, 504, 22, 15, 0.6609699726104736
0, 292, 423, 25, 20, 0.6592609882354736
0, 328, 95, 22, 22, 0.6557369232177734
0, 351, 379, 21, 19, 0.6553835272789001
0, 167, 144, 20, 16, 0.6525901556015015
0, 348, 262, 29, 31, 0.6492516398429871
0, 158, 309, 24, 26, 0.644032895565033
0, 189, 271, 49, 23, 0.6402234435081482
0, 432, 333, 23, 21, 0.6398995518684387
0, 487, 330, 25, 24, 0.6396791338920593
0, 423, 199, 14, 12, 0.6339966058731079
0, 140, 437, 29, 23, 0.6338661909103394
0, 391, 73, 30, 20, 0.6290779113769531
0, 118, 16, 32, 28, 0.6286259889602661
0, 261, 10, 27, 20, 0.6257422566413879
0, 299, 114, 26, 25, 0.6242602467536926
0, 126, 90, 31, 24, 0.6240023374557495
0, 507, 407, 9, 21, 0.6190025210380554
0, 275, 315, 37, 32, 0.614113450050354
0, 159, 192, 28, 24, 0.6137420535087585
0, 219, 389, 24, 23, 0.6117696166038513
0, 316, 85, 31, 27, 0.6114383935928345
0, 55, 390, 35, 40, 0.6054518222808838
0, 246, 334, 33, 26, 0.6038267612457275
0, 496, 25, 31, 43, 0.6032536625862122
0, 219, 10, 23, 20, 0.5992356538772583
0, 100, 304, 21, 23, 0.5966698527336121
0, 137, 162, 27, 24, 0.5954427123069763
0, 38, 324, 25, 22, 0.5915457606315613
0, 362, 320, 39, 37, 0.5810895562171936
0, 470, 66, 39, 40, 0.5782290101051331
0, 338, 165, 10, 8, 0.5758028030395508
0, 184, 203, 27, 21, 0.5717602968215942
0, 203, 99, 27, 22, 0.5702978372573853
0, 63, 101, 22, 19, 0.5690006613731384
0, 228, 302, 34, 36, 0.5680771470069885
0, 393, 20, 33, 39, 0.5648025274276733
0, 482, 222, 20, 12, 0.5642212629318237
0, 363, 412, 41, 48, 0.564179539680481
0, 362, 281, 24, 25, 0.5583876371383667
0, 35, 458, 31, 23, 0.5581641793251038
0, 476, 280, 27, 21, 0.5577186346054077
0, 18, 78, 27, 23, 0.5574567914009094
0, 221, 110, 8, 11, 0.5532751679420471
0, 460, 412, 23, 19, 0.5519691705703735
0, 231, 496, 23, 25, 0.5504984259605408
0, 491, 261, 31, 16, 0.5472880601882935
0, 28, 193, 27, 25, 0.5457682013511658
0, 454, 96, 21, 19, 0.5442609190940857
0, 117, 227, 20, 19, 0.5406231880187988
0, 31, 212, 37, 21, 0.5383011698722839
0, 119, 392, 44, 39, 0.5352758169174194
0, 115, 322, 29, 27, 0.5350449681282043
0, 404, 388, 44, 33, 0.5332685112953186
0, 432, 362, 31, 20, 0.5332558751106262
0, 73, 25, 34, 29, 0.5289307236671448
0, 324, 240, 25, 21, 0.5262553691864014
0, 84, 3, 20, 7, 0.526237428188324
0, 96, 189, 32, 20, 0.5253711342811584
0, 410, 329, 22, 18, 0.5234091877937317
0, 179, 476, 28, 24, 0.5227707624435425
0, 478, 205, 35, 25, 0.5218338370323181
0, 253, 148, 36, 30, 0.521289050579071
0, 159, 408, 46, 39, 0.5211285352706909
0, 8, 265, 16, 22, 0.5203996300697327
0, 308, 271, 39, 35, 0.518502950668335
0, 393, 195, 22, 18, 0.5172704458236694
0, 314, 170, 26, 20, 0.5171958208084106
0, 173, 67, 27, 22, 0.513080894947052
0, 414, 501, 17, 16, 0.5106834769248962
0, 13, 160, 26, 30, 0.5106372833251953
0, 459, 186, 24, 21, 0.5094857215881348
0, 201, 410, 28, 26, 0.5085973143577576
0, 289, 448, 26, 19, 0.502678632736206
0, 115, 482, 28, 23, 0.502668559551239
0, 433, 468, 17, 10, 0.5015668272972107
0, 73, 293, 6, 8, 0.3131355941295624
0, 207, 210, 10, 8, 0.3346348702907562
0, 246, 227, 6, 6, 0.3229922354221344
0, 9, 50, 19, 17, 0.4310728907585144
0, 25, 382, 14, 11, 0.35794705152511597
0, 171, 329, 6, 7, 0.33643001317977905
0, 406, 175, 13, 13, 0.41353002190589905
0, 245, 37, 12, 8, 0.30937695503234863
0, 245, 37, 12, 8, 0.30937695503234863
0, 8, 110, 16, 20, 0.4955710172653198
0, 247, 388, 11, 13, 0.3354429006576538
0, 5, 189, 10, 22, 0.4679231345653534
0, 87, 189, 13, 13, 0.3179512023925781
0, 93, 241, 24, 24, 0.35316506028175354
0, 259, 267, 14, 10, 0.3891976475715637
0, 137, 502, 26, 18, 0.41880369186401367
0, 407, 292, 9, 11, 0.41377949714660645
0, 106, 266, 26, 29, 0.464479923248291
0, 229, 111, 26, 23, 0.34683066606521606
0, 75, 379, 21, 23, 0.3005632758140564
0, 100, 437, 22, 17, 0.4563854932785034
0, 101, 502, 24, 19, 0.4715102016925812
0, 496, 107, 30, 43, 0.49835532903671265
0, 258, 461, 21, 21, 0.38033372163772583
0, 222, 258, 5, 7, 0.3312467634677887
0, 301, 503, 19, 16, 0.3150038421154022
0, 421, 231, 28, 26, 0.31656113266944885
0, 276, 474, 36, 21, 0.4333731532096863
0, 501, 118, 20, 23, 0.4586747884750366
0, 5, 189, 10, 22, 0.4679231345653534
0, 17, 380, 28, 22, 0.4806884825229645
0, 9, 6, 19, 13, 0.46440568566322327
0, 111, 458, 22, 17, 0.4957406520843506
0, 257, 203, 29, 24, 0.31226712465286255
0, 364, 181, 32, 23, 0.34879547357559204
0, 111, 458, 22, 17, 0.4957406520843506
0, 285, 473, 19, 18, 0.3190549612045288
0, 339, 273, 11, 11, 0.3796001076698303
0, 359, 237, 25, 19, 0.405974805355072
0, 501, 381, 19, 24, 0.4141288995742798
0, 94, 106, 24, 22, 0.44763535261154175
0, 170, 355, 26, 21, 0.42509931325912476
0, 311, 431, 8, 6, 0.36971575021743774
0, 311, 431, 8, 6, 0.36971575021743774
0, 142, 108, 24, 18, 0.4938494563102722
0, 311, 431, 8, 6, 0.36971575021743774
0, 5, 212, 10, 20, 0.4126931130886078
0, 87, 491, 19, 20, 0.3827720284461975
0, 61, 124, 21, 19, 0.316291481256485
0, 406, 86, 27, 28, 0.44889089465141296
0, 408, 43, 24, 30, 0.4833505153656006
0, 6, 125, 12, 23, 0.3080299496650696
0, 468, 389, 26, 24, 0.3819982409477234
0, 113, 5, 24, 11, 0.41275203227996826
0, 162, 339, 26, 25, 0.35678136348724365
0, 162, 339, 26, 25, 0.35678136348724365
0, 168, 167, 26, 27, 0.4359424114227295
0, 168, 167, 26, 27, 0.4359424114227295
0, 102, 111, 43, 35, 0.4900118112564087
0, 193, 322, 30, 33, 0.4353305995464325
0, 190, 76, 12, 18, 0.4055843949317932
0, 208, 183, 52, 42, 0.34021827578544617
0, 208, 183, 52, 42, 0.34021827578544617
0, 31, 402, 26, 22, 0.41029807925224304
0, 193, 322, 30, 33, 0.4353305995464325
0, 193, 322, 30, 33, 0.4353305995464325
0, 31, 402, 26, 22, 0.41029807925224304
0, 190, 76, 12, 18, 0.4055843949317932
0, 190, 76, 12, 18, 0.4055843949317932
0, 124, 384, 20, 22, 0.37717029452323914
0, 124, 384, 20, 22, 0.37717029452323914
0, 484, 373, 53, 55, 0.37544968724250793
0, 484, 373, 53, 55, 0.37544968724250793
0, 162, 339, 26, 25, 0.35678136348724365
0, 226, 219, 26, 24, 0.40639546513557434
0, 124, 384, 20, 22, 0.37717029452323914
0, 439, 159, 38, 30, 0.34544628858566284
0, 439, 159, 38, 30, 0.34544628858566284
0, 162, 339, 26, 25, 0.35678136348724365
0, 113, 5, 24, 11, 0.41275203227996826
0, 124, 384, 20, 22, 0.37717029452323914
0, 460, 123, 29, 31, 0.4922945201396942
0, 92, 355, 27, 20, 0.340955525636673
0, 200, 165, 19, 10, 0.3181633949279785
0, 200, 165, 19, 10, 0.3181633949279785
0, 168, 167, 26, 27, 0.4359424114227295
0, 193, 322, 30, 33, 0.4353305995464325
0, 193, 322, 30, 33, 0.4353305995464325
0, 98, 208, 28, 21, 0.4622269868850708
0, 168, 167, 26, 27, 0.4359424114227295
0, 168, 167, 26, 27, 0.4359424114227295
0, 124, 384, 20, 22, 0.37717029452323914
0, 439, 159, 38, 30, 0.34544628858566284
0, 193, 73, 27, 27, 0.43602707982063293
0, 193, 73, 27, 27, 0.43602707982063293
0, 168, 167, 26, 27, 0.4359424114227295
0, 226, 219, 26, 24, 0.40639546513557434
0, 168, 167, 26, 27, 0.4359424114227295
0, 226, 219, 26, 24, 0.40639546513557434
0, 168, 167, 26, 27, 0.4359424114227295
0, 92, 355, 27, 20, 0.340955525636673
0, 92, 355, 27, 20, 0.340955525636673
0, 31, 402, 26, 22, 0.41029807925224304
0, 452, 196, 38, 36, 0.4456900656223297
0, 190, 76, 12, 18, 0.4055843949317932
0, 213, 359, 40, 32, 0.4868907630443573
0, 164, 4, 25, 8, 0.482867956161499
0, 193, 322, 30, 33, 0.4353305995464325
0, 484, 373, 53, 55, 0.37544968724250793
0, 98, 208, 28, 21, 0.4622269868850708
0, 31, 402, 26, 22, 0.41029807925224304
0, 164, 4, 25, 8, 0.482867956161499
0, 98, 208, 28, 21, 0.4622269868850708
0, 484, 373, 53, 55, 0.37544968724250793
0, 124, 384, 20, 22, 0.37717029452323914
0, 92, 355, 27, 20, 0.340955525636673
0, 92, 355, 27, 20, 0.340955525636673
0, 329, 470, 51, 61, 0.4671868085861206
0, 329, 470, 51, 61, 0.4671868085861206
0, 439, 159, 38, 30, 0.34544628858566284
0, 92, 355, 27, 20, 0.340955525636673
0, 481, 79, 22, 16, 0.4878524839878082
0, 398, 473, 43, 42, 0.456124484539032
0, 164, 4, 25, 8, 0.482867956161499
0, 193, 322, 30, 33, 0.4353305995464325
0, 200, 165, 19, 10, 0.3181633949279785
0, 200, 29, 25, 21, 0.4249066710472107
0, 329, 470, 51, 61, 0.4671868085861206
0, 439, 159, 38, 30, 0.34544628858566284
0, 193, 73, 27, 27, 0.43602707982063293
0, 484, 373, 53, 55, 0.37544968724250793
0, 124, 384, 20, 22, 0.37717029452323914
0, 439, 159, 38, 30, 0.34544628858566284
0, 190, 76, 12, 18, 0.4055843949317932
0, 226, 219, 26, 24, 0.40639546513557434
0, 193, 73, 27, 27, 0.43602707982063293
0, 92, 355, 27, 20, 0.340955525636673
0, 213, 359, 40, 32, 0.4868907630443573
0, 226, 219, 26, 24, 0.40639546513557434
0, 329, 470, 51, 61, 0.4671868085861206
0, 213, 359, 40, 32, 0.4868907630443573
0, 460, 123, 29, 31, 0.4922945201396942
0, 460, 123, 29, 31, 0.4922945201396942
0, 398, 473, 43, 42, 0.456124484539032
0, 398, 473, 43, 42, 0.456124484539032
0, 398, 473, 43, 42, 0.456124484539032
0, 193, 73, 27, 27, 0.43602707982063293
0, 31, 402, 26, 22, 0.41029807925224304
0, 329, 470, 51, 61, 0.4671868085861206
0, 113, 5, 24, 11, 0.41275203227996826
0, 213, 359, 40, 32, 0.4868907630443573
0, 213, 359, 40, 32, 0.4868907630443573
0, 48, 44, 58, 28, 0.4385966360569
0, 213, 359, 40, 32, 0.4868907630443573
0, 48, 44, 58, 28, 0.4385966360569
0, 102, 111, 43, 35, 0.4900118112564087
0, 102, 111, 43, 35, 0.4900118112564087
0, 102, 111, 43, 35, 0.4900118112564087
0, 102, 111, 43, 35, 0.4900118112564087
0, 452, 196, 38, 36, 0.4456900656223297
0, 37, 189, 44, 39, 0.3154982924461365
0, 428, 37, 74, 74, 0.36727991700172424
0, 313, 295, 53, 80, 0.4519045352935791
0, 313, 295, 53, 80, 0.4519045352935791
0, 313, 295, 53, 80, 0.4519045352935791
0, 313, 295, 53, 80, 0.4519045352935791
0, 313, 295, 53, 80, 0.4519045352935791
0, 313, 295, 53, 80, 0.4519045352935791
