2, 173, 37, 27, 34, 0.13473789393901825
2, 175, 36, 30, 43, 0.13373607397079468
2, 328, 215, 12, 29, 0.1333160102367401
2, 172, 36, 28, 35, 0.13313691318035126
2, 175, 37, 28, 42, 0.13299870491027832
3, 194, 251, 54, 83, 0.1266135424375534
3, 195, 250, 17, 42, 0.12600305676460266
3, 333, 169, 17, 41, 0.12577086687088013
3, 106, 178, 28, 28, 0.12522177398204803
3, 193, 305, 23, 52, 0.1249879002571106
3, 208, 115, 35, 59, 0.12486498057842255
3, 331, 211, 42, 75, 0.12456950545310974
3, 102, 181, 28, 32, 0.12447631359100342
3, 103, 179, 25, 26, 0.12435711920261383
3, 103, 179, 25, 28, 0.1240972951054573
3, 216, 160, 37, 43, 0.12400932610034943
3, 101, 180, 22, 26, 0.12387103587388992
3, 336, 171, 13, 34, 0.12386570870876312
3, 161, 125, 16, 19, 0.12382256239652634
3, 269, 232, 46, 70, 0.12376351654529572
3, 93, 287, 41, 65, 0.12369492650032043
3, 89, 113, 18, 30, 0.12356419116258621
3, 88, 117, 19, 30, 0.12348426133394241
3, 102, 179, 25, 33, 0.12347365915775299
3, 101, 179, 21, 25, 0.12346745282411575
3, 89, 115, 19, 28, 0.12329711765050888
3, 331, 212, 22, 54, 0.12329624593257904
3, 90, 113, 30, 42, 0.12311602383852005
3, 39, 178, 28, 46, 0.12310656160116196
3, 96, 179, 36, 53, 0.12302537262439728
3, 269, 232, 24, 43, 0.12288730591535568
3, 25, 220, 36, 60, 0.12280138581991196
3, 90, 115, 40, 70, 0.12276142090559006
3, 212, 254, 32, 65, 0.1227511614561081
3, 87, 114, 24, 37, 0.12272389233112335
3, 28, 224, 19, 32, 0.1226874589920044
3, 88, 116, 38, 61, 0.12264391034841537
3, 165, 123, 24, 36, 0.12262944132089615
3, 102, 179, 50, 70, 0.1224820613861084
3, 191, 307, 54, 77, 0.12246505171060562
3, 94, 286, 27, 30, 0.12242205440998077
3, 192, 305, 24, 40, 0.12235017865896225
3, 101, 179, 30, 45, 0.12233735620975494
3, 94, 286, 27, 26, 0.12228308618068695
3, 194, 250, 36, 66, 0.12227689474821091
3, 195, 302, 16, 21, 0.1222713515162468
3, 239, 306, 43, 68, 0.1221814677119255
3, 98, 284, 25, 32, 0.12217437475919724
3, 146, 210, 23, 40, 0.12214633822441101
3, 28, 225, 29, 45, 0.12212138622999191
3, 303, 226, 41, 72, 0.122054323554039
3, 195, 298, 14, 20, 0.12201844155788422
3, 44, 181, 25, 50, 0.12201716750860214
3, 301, 226, 39, 60, 0.12200015783309937
3, 100, 228, 35, 48, 0.12199215590953827
3, 267, 185, 47, 77, 0.12188997119665146
3, 195, 302, 18, 31, 0.1218843013048172
3, 271, 233, 19, 36, 0.12184368073940277
3, 265, 183, 44, 60, 0.1218436136841774
3, 101, 228, 28, 29, 0.12183240056037903
3, 164, 124, 18, 20, 0.12181944400072098
3, 263, 187, 49, 60, 0.12176033109426498
3, 184, 76, 10, 14, 0.12169120460748672
3, 65, 249, 21, 20, 0.12167853862047195
3, 45, 178, 35, 63, 0.12162530422210693
3, 212, 241, 29, 63, 0.12156304717063904
3, 315, 290, 58, 63, 0.12152928113937378
3, 166, 327, 34, 21, 0.12152107805013657
3, 156, 269, 37, 46, 0.12149382382631302
3, 157, 271, 56, 79, 0.12148470431566238
3, 68, 247, 18, 14, 0.12147186696529388
3, 165, 324, 28, 15, 0.1214432641863823
3, 269, 230, 39, 59, 0.12138012796640396
3, 240, 302, 41, 66, 0.12136978656053543
3, 160, 268, 34, 57, 0.12118658423423767
3, 31, 225, 40, 52, 0.12117186188697815
