0, 704, 612, 14, 29, 0.3364223539829254
0, 442, 952, 19, 42, 0.3349575996398926
0, 270, 695, 14, 26, 0.33409908413887024
0, 369, 1203, 14, 31, 0.3322528302669525
0, 699, 612, 18, 32, 0.3321972191333771
0, 231, 918, 18, 25, 0.33165475726127625
0, 288, 117, 19, 25, 0.3316076993942261
0, 318, 153, 9, 19, 0.33136647939682007
0, 172, 749, 17, 28, 0.3310778737068176
0, 101, 993, 15, 24, 0.33095577359199524
0, 369, 1201, 17, 32, 0.3304305374622345
0, 353, 990, 15, 38, 0.32991525530815125
0, 343, 414, 23, 25, 0.329515665769577
0, 745, 461, 12, 29, 0.3293021023273468
0, 676, 616, 12, 33, 0.3291076421737671
0, 508, 338, 16, 23, 0.3290136456489563
0, 101, 992, 15, 24, 0.3282706141471863
0, 214, 115, 18, 34, 0.32809025049209595
0, 345, 155, 15, 20, 0.3280281722545624
0, 123, 738, 24, 28, 0.3278696835041046
0, 548, 536, 21, 33, 0.3277263641357422
0, 725, 668, 11, 19, 0.3275817632675171
0, 377, 318, 12, 25, 0.32752305269241333
0, 571, 900, 12, 20, 0.3273736834526062
0, 212, 698, 22, 44, 0.3271900713443756
0, 439, 319, 20, 31, 0.3268589973449707
0, 642, 1347, 16, 33, 0.32679620385169983
0, 726, 1183, 21, 31, 0.3237837553024292
0, 327, 560, 21, 26, 0.32370129227638245
0, 43, 539, 23, 31, 0.323600709438324
0, 272, 374, 19, 26, 0.32350173592567444
0, 642, 1353, 16, 30, 0.32346367835998535
0, 172, 747, 18, 26, 0.3234568238258362
0, 229, 877, 19, 27, 0.3231362998485565
0, 627, 196, 26, 38, 0.32251042127609253
0, 377, 317, 11, 22, 0.3222859799861908
0, 583, 988, 21, 29, 0.32155412435531616
0, 450, 244, 20, 29, 0.3215271830558777
0, 718, 665, 18, 21, 0.3214578926563263
0, 154, 411, 19, 30, 0.3213149905204773
0, 214, 106, 18, 34, 0.3212311565876007
0, 401, 979, 22, 44, 0.3212069272994995
0, 471, 221, 18, 28, 0.321127325296402
0, 275, 1090, 15, 22, 0.32095658779144287
0, 226, 777, 25, 35, 0.3209072947502136
0, 240, 328, 19, 37, 0.3204842805862427
0, 539, 1058, 18, 38, 0.32028815150260925
0, 384, 1281, 16, 36, 0.32028618454933167
0, 98, 885, 15, 34, 0.3202226161956787
0, 369, 796, 22, 35, 0.3200194239616394
0, 71, 656, 16, 31, 0.31973007321357727
0, 304, 600, 24, 33, 0.31941989064216614
0, 271, 295, 17, 30, 0.31909096240997314
0, 273, 973, 22, 41, 0.3188352882862091
0, 126, 737, 24, 27, 0.3184141218662262
0, 136, 914, 15, 30, 0.3183957040309906
0, 154, 537, 9, 20, 0.31824618577957153
0, 274, 1093, 15, 26, 0.31812921166419983
0, 431, 201, 13, 27, 0.31802546977996826
0, 660, 656, 21, 42, 0.31796300411224365
0, 432, 1222, 21, 24, 0.31795650720596313
0, 501, 387, 16, 23, 0.31794866919517517
0, 371, 796, 22, 33, 0.31789451837539673
0, 449, 240, 21, 34, 0.3178127110004425
0, 661, 656, 21, 40, 0.31751301884651184
0, 623, 351, 20, 30, 0.3174717128276825
0, 333, 452, 11, 20, 0.3174567222595215
0, 672, 1112, 18, 23, 0.31744036078453064
0, 538, 434, 26, 34, 0.31709596514701843
0, 99, 1041, 17, 32, 0.317067414522171
0, 342, 811, 14, 23, 0.3169724941253662
0, 183, 948, 12, 20, 0.3168199360370636
0, 632, 271, 18, 25, 0.3167421221733093
0, 700, 445, 33, 38, 0.3167317807674408
0, 444, 1278, 23, 29, 0.31666427850723267
0, 348, 239, 23, 31, 0.31661784648895264
0, 716, 531, 25, 38, 0.3165164887905121
0, 248, 1021, 18, 30, 0.3163551390171051
0, 676, 1112, 12, 20, 0.3162861764431
0, 390, 253, 20, 30, 0.3161497712135315
0, 159, 318, 15, 28, 0.3154734969139099
0, 630, 195, 25, 37, 0.31544652581214905
0, 593, 419, 24, 39, 0.3153834342956543
0, 594, 613, 21, 50, 0.3153805434703827
0, 488, 472, 29, 30, 0.3150831162929535
0, 146, 965, 22, 35, 0.3144296109676361
0, 233, 1052, 12, 21, 0.3144020736217499
0, 387, 253, 22, 27, 0.3143327534198761
0, 261, 611, 13, 26, 0.3143196702003479
0, 232, 1098, 23, 33, 0.3142814636230469
0, 706, 816, 12, 26, 0.314233660697937
0, 422, 1056, 23, 38, 0.31406688690185547
0, 228, 774, 23, 33, 0.3104164830882497
