0, 570, 702, 17, 16, 0.5194646120071411
0, 356, 584, 17, 19, 0.48844459652900696
0, 376, 728, 19, 20, 0.4752027094364166
0, 264, 289, 17, 25, 0.423959344625473
0, 391, 714, 15, 16, 0.41777360439300537
0, 631, 382, 17, 21, 0.4082123935222626
0, 414, 724, 16, 15, 0.4001075327396393
0, 361, 703, 19, 18, 0.38021087646484375
0, 139, 622, 15, 17, 0.37983331084251404
0, 169, 621, 16, 15, 0.3788776695728302
0, 142, 567, 21, 20, 0.37487852573394775
0, 564, 759, 18, 17, 0.368638277053833
0, 541, 727, 21, 15, 0.3588416874408722
0, 381, 916, 20, 18, 0.35868605971336365
0, 66, 671, 20, 21, 0.34953081607818604
0, 841, 354, 17, 19, 0.33920490741729736
0, 588, 730, 15, 15, 0.3386067748069763
0, 163, 556, 21, 21, 0.3354051113128662
0, 521, 698, 16, 15, 0.18791286647319794
0, 29, 717, 14, 13, 0.10976378619670868
0, 368, 905, 15, 16, 0.1709856241941452
0, 678, 474, 16, 15, 0.1829759031534195
0, 158, 667, 18, 13, 0.07962711900472641
0, 558, 441, 17, 19, 0.1358703225851059
0, 252, 273, 17, 17, 0.10339031368494034
0, 230, 308, 14, 13, 0.154335156083107
0, 402, 761, 19, 18, 0.3072168827056885
0, 333, 753, 18, 14, 0.10621679574251175
0, 578, 718, 14, 13, 0.21417303383350372
0, 110, 558, 15, 15, 0.09410883486270905
0, 88, 607, 16, 11, 0.32850778102874756
0, 70, 649, 16, 16, 0.33205926418304443
0, 57, 726, 18, 16, 0.19513747096061707
0, 171, 639, 17, 15, 0.12625090777873993
0, 187, 627, 18, 14, 0.10665011405944824
0, 360, 680, 15, 14, 0.12224995344877243
0, 599, 720, 16, 14, 0.19356602430343628
0, 829, 327, 15, 16, 0.20081911981105804
0, 147, 585, 19, 17, 0.31870490312576294
0, 428, 744, 16, 13, 0.18361645936965942
0, 720, 902, 16, 13, 0.12636077404022217
0, 146, 656, 19, 13, 0.3086400032043457
0, 170, 580, 22, 18, 0.0933750569820404
0, 635, 407, 16, 14, 0.2712823748588562
0, 397, 712, 18, 18, 0.10779426991939545
0, 375, 624, 14, 16, 0.15006496012210846
0, 36, 684, 15, 15, 0.17095017433166504
0, 475, 844, 15, 16, 0.07588454335927963
0, 433, 828, 17, 17, 0.19311906397342682
0, 312, 560, 17, 17, 0.10654443502426147
0, 810, 363, 20, 14, 0.07620532065629959
0, 239, 332, 15, 15, 0.2401195764541626
0, 405, 676, 19, 19, 0.11141301691532135
0, 189, 638, 17, 13, 0.0723789632320404
0, 529, 739, 16, 14, 0.08755259960889816
0, 58, 632, 15, 13, 0.11709251254796982
0, 226, 282, 19, 18, 0.21264764666557312
0, 640, 424, 18, 15, 0.20617128877700713
0, 640, 424, 18, 15, 0.20617128877700713
0, 621, 404, 16, 14, 0.19605868375273805
0, 608, 463, 15, 14, 0.1535063984974991
0, 85, 565, 16, 17, 0.09952331599646716
0, 211, 295, 18, 16, 0.17469519239780443
0, 179, 585, 15, 16, 0.16006768723768855
0, 663, 435, 17, 15, 0.14356662139880938
0, 808, 339, 15, 15, 0.09792716350055375
0, 590, 705, 15, 14, 0.24507316750619682
0, 42, 665, 19, 12, 0.09668313711881638
0, 501, 750, 19, 14, 0.15142187476158142
0, 42, 665, 19, 12, 0.09668313711881638
0, 446, 816, 20, 19, 0.22147767172387006
0, 124, 649, 13, 13, 0.2595172698596149
0, 567, 404, 20, 14, 0.232821250030954
0, 205, 276, 17, 16, 0.1702949362010961
0, 597, 475, 17, 15, 0.14938915666139851
0, 739, 878, 13, 16, 0.11298582444016947
0, 491, 729, 21, 16, 0.09620652312537853
0, 491, 729, 21, 16, 0.09620652312537853
0, 491, 729, 21, 16, 0.09620652312537853
0, 166, 598, 18, 15, 0.10735478478620378
0, 124, 649, 13, 13, 0.2595172698596149
0, 111, 627, 14, 20, 0.22140389293273544
0, 775, 827, 20, 18, 0.16486622393131256
0, 232, 331, 22, 16, 0.17466605651311612
0, 373, 584, 16, 18, 0.2290960283972348
0, 550, 342, 15, 18, 0.1264726389957023
0, 445, 671, 14, 13, 0.18549086676518248
0, 553, 747, 19, 13, 0.1472113388018601
0, 553, 747, 19, 13, 0.1472113388018601
0, 166, 598, 18, 15, 0.10735478478620378
0, 802, 361, 17, 17, 0.1402797621436666
0, 449, 845, 18, 18, 0.10441149354272905
0, 530, 663, 21, 16, 0.13702334618504564
0, 527, 713, 16, 14, 0.13865626933013026
0, 170, 602, 20, 17, 0.16928872938423684
0, 111, 627, 14, 20, 0.22140389293273544
0, 469, 726, 19, 15, 0.15642076666028906
0, 98, 631, 14, 17, 0.295896226498384
0, 240, 271, 19, 21, 0.11908904449605412
0, 590, 705, 15, 14, 0.24507316750619682
0, 567, 404, 20, 14, 0.232821250030954
0, 483, 676, 18, 14, 0.13718838338897643
0, 422, 695, 18, 16, 0.155120614714044
0, 170, 602, 20, 17, 0.16928872938423684
0, 152, 634, 18, 18, 0.12201711229938267
0, 612, 483, 15, 16, 0.13475217012893276
0, 483, 676, 18, 14, 0.13718838338897643
0, 480, 697, 20, 15, 0.14604551148780026
0, 331, 737, 16, 14, 0.13866839246045515
0, 331, 886, 14, 15, 0.2347942375534503
0, 339, 688, 13, 21, 0.1504730485417131
0, 331, 737, 16, 14, 0.13866839246045515
0, 242, 318, 18, 14, 0.12326915271234741
0, 514, 658, 16, 13, 0.07051282175418075
0, 17, 747, 18, 16, 0.10413159926584016
0, 619, 396, 17, 15, 0.19012789560968824
0, 686, 536, 13, 12, 0.12150674984367689
0, 606, 706, 15, 12, 0.23909055157604475
0, 347, 716, 17, 15, 0.11700763757785382
0, 648, 385, 19, 19, 0.17651184245849638
0, 400, 698, 17, 19, 0.22727121876080514
0, 514, 658, 16, 13, 0.07051282175418075
0, 20, 770, 16, 19, 0.1310201720613947
0, 93, 592, 17, 15, 0.28730685245044785
0, 361, 741, 18, 16, 0.18025226087007562
0, 422, 695, 18, 16, 0.155120614714044
0, 819, 347, 20, 19, 0.14825173125175103
0, 560, 421, 19, 19, 0.09969753335279047
0, 373, 584, 16, 18, 0.2290960283972348
0, 555, 777, 19, 15, 0.11217685175702305
0, 446, 816, 20, 19, 0.22147767172387006
0, 347, 716, 17, 15, 0.11700763757785382
0, 483, 676, 18, 14, 0.13718838338897643
0, 536, 765, 18, 18, 0.12851592082977453
0, 518, 866, 16, 16, 0.12848235791838047
0, 596, 7, 15, 14, 0.16068944975660704
0, 366, 600, 19, 14, 0.2190795364945235
0, 819, 347, 20, 19, 0.14825173125175103
0, 70, 598, 17, 19, 0.13714452518823414
0, 128, 580, 17, 13, 0.08093810471385307
0, 518, 725, 16, 14, 0.21708122440152747
0, 457, 798, 19, 17, 0.2551950513819965
0, 560, 421, 19, 19, 0.09969753335279047
0, 240, 271, 19, 21, 0.11908904449605412
0, 705, 540, 15, 16, 0.15858225783702684
0, 424, 423, 18, 16, 0.1108459991201281
0, 34, 766, 14, 19, 0.18586571593625145
0, 739, 878, 13, 16, 0.11298582444016947
0, 251, 306, 18, 11, 0.1137238332886938
0, 328, 701, 18, 14, 0.15851685350406147
0, 823, 378, 17, 18, 0.14260955152309152
0, 609, 733, 16, 13, 0.1545691056044219
0, 20, 770, 16, 19, 0.1310201720613947
0, 374, 669, 18, 15, 0.2646021014405513
0, 802, 379, 19, 19, 0.09347765341707409
0, 79, 630, 24, 17, 0.21321039746125495
0, 331, 886, 14, 15, 0.2347942375534503
0, 630, 489, 16, 17, 0.10898056643920277
0, 17, 747, 18, 16, 0.10413159926584016
0, 606, 753, 14, 20, 0.19521154854785955
0, 422, 842, 16, 16, 0.24282444346780707
0, 649, 391, 19, 21, 0.18300607917035155
0, 551, 320, 21, 21, 0.09001589590903117
0, 457, 798, 19, 17, 0.2551950513819965
0, 649, 391, 19, 21, 0.18300607917035155
0, 753, 852, 19, 14, 0.15686152540987341
0, 609, 733, 16, 13, 0.1545691056044219
0, 561, 388, 15, 15, 0.19387012458039096
0, 562, 370, 18, 17, 0.17688804737953978
0, 562, 370, 18, 17, 0.17688804737953978
0, 34, 766, 14, 19, 0.18586571593625145
0, 385, 572, 18, 18, 0.1785956179295098
