0, 487.0, 701.0, 20.0, 18.0, 0.9981143474578857
0, 313.0, 458.0, 22.0, 20.0, 0.9973530769348145
0, 218.0, 612.0, 24.0, 20.0, 0.9969844222068787
0, 188.0, 30.0, 18.0, 22.0, 0.9964286684989929
0, 487.0, 720.0, 18.0, 19.0, 0.9952710270881653
0, 624.0, 414.0, 16.0, 17.0, 0.9952391386032104
0, 474.0, 301.0, 17.0, 17.0, 0.9951785802841187
0, 849.0, 416.0, 15.0, 19.0, 0.9948717951774597
0, 75.0, 640.0, 16.0, 16.0, 0.9948102235794067
0, 385.0, 632.0, 15.0, 16.0, 0.9947863817214966
0, 824.0, 774.0, 15.0, 15.0, 0.992534875869751
0, 142.0, 497.0, 19.0, 17.0, 0.9923313856124878
0, 503.0, 711.0, 19.0, 20.0, 0.9922695159912109
0, 650.0, 675.0, 21.0, 13.0, 0.9921033978462219
0, 293.0, 291.0, 20.0, 20.0, 0.9920491576194763
0, 655.0, 586.0, 21.0, 21.0, 0.9916463494300842
0, 546.0, 452.0, 19.0, 19.0, 0.991593599319458
0, 299.0, 236.0, 21.0, 16.0, 0.9913491606712341
0, 624.0, 699.0, 18.0, 15.0, 0.9911177158355713
0, 444.0, 312.0, 20.0, 16.0, 0.9910070300102234
0, 386.0, 497.0, 19.0, 21.0, 0.9908151626586914
0, 522.0, 325.0, 19.0, 14.0, 0.9902614951133728
0, 208.0, 585.0, 18.0, 16.0, 0.9901746511459351
0, 660.0, 450.0, 18.0, 14.0, 0.9900650382041931
0, 827.0, 362.0, 16.0, 18.0, 0.9899016618728638
0, 541.0, 477.0, 21.0, 18.0, 0.9896000623703003
0, 164.0, 733.0, 21.0, 19.0, 0.9895162582397461
0, 765.0, 683.0, 24.0, 17.0, 0.9891430735588074
0, 10.0, 227.0, 18.0, 17.0, 0.9888598918914795
0, 946.0, 139.0, 19.0, 16.0, 0.988524854183197
0, 292.0, 527.0, 17.0, 17.0, 0.9883667826652527
0, 576.0, 499.0, 20.0, 16.0, 0.9883655309677124
0, 358.0, 471.0, 17.0, 23.0, 0.9882224202156067
0, 33.0, 721.0, 17.0, 19.0, 0.9881502389907837
0, 252.0, 274.0, 15.0, 16.0, 0.9877113699913025
0, 798.0, 23.0, 16.0, 15.0, 0.9874547719955444
0, 175.0, 48.0, 17.0, 16.0, 0.9872667193412781
0, 886.0, 45.0, 18.0, 18.0, 0.9869199991226196
0, 56.0, 249.0, 21.0, 15.0, 0.9868005514144897
0, 818.0, 540.0, 19.0, 18.0, 0.9864881634712219
0, 156.0, 808.0, 21.0, 18.0, 0.9864669442176819
0, 334.0, 446.0, 17.0, 17.0, 0.9863146543502808
0, 434.0, 438.0, 18.0, 15.0, 0.9861793518066406
0, 84.0, 309.0, 15.0, 19.0, 0.9855925440788269
0, 608.0, 637.0, 15.0, 15.0, 0.9855237007141113
0, 229.0, 568.0, 18.0, 22.0, 0.9854009747505188
0, 468.0, 322.0, 16.0, 18.0, 0.9845671653747559
0, 947.0, 190.0, 17.0, 18.0, 0.9842108488082886
0, 559.0, 371.0, 17.0, 18.0, 0.9841160178184509
0, 650.0, 690.0, 23.0, 19.0, 0.9840459823608398
0, 270.0, 620.0, 20.0, 19.0, 0.9839736819267273
0, 924.0, 207.0, 17.0, 18.0, 0.9831295609474182
0, 281.0, 602.0, 18.0, 21.0, 0.9830709099769592
0, 342.0, 337.0, 16.0, 15.0, 0.982990026473999
0, 449.0, 646.0, 15.0, 17.0, 0.9829452633857727
0, 72.0, 787.0, 17.0, 18.0, 0.9827871322631836
0, 582.0, 350.0, 15.0, 17.0, 0.9827849268913269
0, 242.0, 269.0, 14.0, 21.0, 0.9826945662498474
0, 908.0, 446.0, 17.0, 18.0, 0.9826201796531677
0, 312.0, 706.0, 25.0, 24.0, 0.9826194047927856
0, 910.0, 408.0, 16.0, 16.0, 0.9822587966918945
0, 18.0, 405.0, 20.0, 19.0, 0.9822324514389038
0, 503.0, 649.0, 20.0, 15.0, 0.982165515422821
0, 216.0, 507.0, 20.0, 16.0, 0.9818372130393982
0, 324.0, 225.0, 16.0, 14.0, 0.98183274269104
0, 579.0, 370.0, 23.0, 19.0, 0.9813936948776245
0, 817.0, 366.0, 17.0, 19.0, 0.981124997138977
0, 506.0, 691.0, 18.0, 19.0, 0.9810670614242554
0, 285.0, 81.0, 16.0, 22.0, 0.980440616607666
0, 971.0, 198.0, 18.0, 17.0, 0.9804058074951172
0, 968.0, 362.0, 18.0, 15.0, 0.9803171157836914
0, 929.0, 406.0, 22.0, 18.0, 0.9803110361099243
0, 89.0, 670.0, 17.0, 14.0, 0.980156660079956
0, 295.0, 334.0, 17.0, 17.0, 0.9799110889434814
0, 306.0, 649.0, 15.0, 15.0, 0.979559063911438
0, 415.0, 314.0, 20.0, 19.0, 0.979482889175415
0, 872.0, 437.0, 17.0, 17.0, 0.9791504144668579
0, 326.0, 332.0, 19.0, 13.0, 0.9790904521942139
0, 694.0, 397.0, 18.0, 23.0, 0.9789832830429077
0, 546.0, 391.0, 18.0, 21.0, 0.9789066910743713
0, 431.0, 265.0, 16.0, 19.0, 0.9788185358047485
0, 706.0, 335.0, 22.0, 19.0, 0.9786712527275085
0, 845.0, 352.0, 18.0, 19.0, 0.9784510135650635
0, 496.0, 631.0, 17.0, 22.0, 0.9784461259841919
0, 12.0, 602.0, 22.0, 18.0, 0.9775444269180298
0, 806.0, 697.0, 20.0, 16.0, 0.97747802734375
0, 553.0, 454.0, 22.0, 23.0, 0.9774531126022339
0, 644.0, 562.0, 14.0, 16.0, 0.9772896766662598
0, 663.0, 488.0, 17.0, 17.0, 0.9771972298622131
0, 881.0, 740.0, 14.0, 20.0, 0.9771923422813416
0, 310.0, 295.0, 16.0, 18.0, 0.9771847128868103
0, 283.0, 346.0, 15.0, 19.0, 0.9771742224693298
0, 25.0, 703.0, 15.0, 17.0, 0.9771468043327332
0, 142.0, 698.0, 18.0, 14.0, 0.9768872261047363
0, 100.0, 811.0, 15.0, 12.0, 0.9767026305198669
0, 880.0, 759.0, 16.0, 17.0, 0.9764644503593445
0, 501.0, 669.0, 17.0, 21.0, 0.9761680960655212
0, 546.0, 252.0, 18.0, 17.0, 0.9761037230491638
0, 610.0, 713.0, 16.0, 16.0, 0.9760963320732117
0, 83.0, 362.0, 17.0, 13.0, 0.9760921597480774
0, 291.0, 720.0, 20.0, 22.0, 0.975716769695282
0, 960.0, 529.0, 18.0, 15.0, 0.9755668044090271
0, 333.0, 461.0, 16.0, 15.0, 0.9755622148513794
0, 867.0, 413.0, 18.0, 18.0, 0.9755561351776123
0, 238.0, 21.0, 17.0, 19.0, 0.9751763939857483
0, 340.0, 571.0, 21.0, 16.0, 0.9751635193824768
0, 601.0, 272.0, 23.0, 14.0, 0.9750935435295105
0, 871.0, 456.0, 17.0, 20.0, 0.9750414490699768
0, 108.0, 765.0, 16.0, 18.0, 0.9748396277427673
0, 205.0, 627.0, 18.0, 17.0, 0.9747986197471619
0, 160.0, 712.0, 15.0, 13.0, 0.9746651649475098
0, 663.0, 115.0, 16.0, 18.0, 0.9745286107063293
0, 457.0, 467.0, 18.0, 19.0, 0.9745171070098877
0, 252.0, 21.0, 15.0, 19.0, 0.974467396736145
0, 369.0, 309.0, 21.0, 18.0, 0.9742124080657959
0, 493.0, 308.0, 19.0, 18.0, 0.9740872979164124
0, 63.0, 265.0, 16.0, 17.0, 0.9739664196968079
0, 895.0, 239.0, 15.0, 16.0, 0.9739570021629333
0, 240.0, 526.0, 18.0, 15.0, 0.9736676216125488
0, 933.0, 272.0, 19.0, 20.0, 0.9736542701721191
0, 775.0, 516.0, 19.0, 19.0, 0.9733821153640747
0, 85.0, 258.0, 23.0, 17.0, 0.9732217788696289
0, 683.0, 612.0, 15.0, 15.0, 0.9731898903846741
0, 832.0, 342.0, 16.0, 18.0, 0.9731473326683044
0, 677.0, 287.0, 18.0, 19.0, 0.9728295207023621
0, 870.0, 250.0, 16.0, 14.0, 0.9726909399032593
0, 85.0, 291.0, 15.0, 17.0, 0.9725874066352844
0, 495.0, 442.0, 16.0, 19.0, 0.9724624752998352
0, 205.0, 562.0, 18.0, 19.0, 0.972313642501831
0, 396.0, 313.0, 18.0, 17.0, 0.9719159007072449
0, 670.0, 468.0, 19.0, 20.0, 0.9717468023300171
0, 631.0, 686.0, 14.0, 13.0, 0.9716098308563232
0, 884.0, 796.0, 18.0, 21.0, 0.9714345335960388
0, 587.0, 284.0, 20.0, 15.0, 0.9712725281715393
0, 357.0, 452.0, 15.0, 15.0, 0.9712395668029785
0, 111.0, 342.0, 15.0, 18.0, 0.9712175726890564
0, 482.0, 617.0, 16.0, 19.0, 0.9710081219673157
0, 943.0, 359.0, 19.0, 16.0, 0.9709770679473877
0, 675.0, 581.0, 16.0, 16.0, 0.9709681868553162
0, 202.0, 21.0, 17.0, 16.0, 0.970876157283783
0, 94.0, 757.0, 15.0, 15.0, 0.9706193804740906
0, 707.0, 412.0, 15.0, 16.0, 0.9706122875213623
0, 209.0, 586.0, 17.0, 9.0, 0.9704539775848389
0, 433.0, 135.0, 16.0, 19.0, 0.9701648354530334
0, 930.0, 699.0, 16.0, 14.0, 0.9701528549194336
0, 906.0, 422.0, 15.0, 14.0, 0.9701203107833862
0, 307.0, 667.0, 16.0, 19.0, 0.9697662591934204
0, 828.0, 552.0, 15.0, 17.0, 0.9694478511810303
0, 216.0, 552.0, 16.0, 14.0, 0.9691786766052246
0, 808.0, 764.0, 17.0, 17.0, 0.9679142832756042
0, 933.0, 387.0, 16.0, 14.0, 0.9677885174751282
0, 681.0, 874.0, 15.0, 16.0, 0.9677079319953918
0, 780.0, 387.0, 14.0, 14.0, 0.9674352407455444
0, 20.0, 388.0, 16.0, 15.0, 0.9673706889152527
0, 495.0, 461.0, 15.0, 13.0, 0.967261016368866
0, 210.0, 259.0, 18.0, 17.0, 0.967125415802002
0, 645.0, 731.0, 22.0, 22.0, 0.9666711688041687
0, 127.0, 508.0, 18.0, 17.0, 0.9664427638053894
0, 388.0, 383.0, 19.0, 11.0, 0.9661962985992432
0, 968.0, 559.0, 18.0, 16.0, 0.9661439061164856
0, 254.0, 691.0, 19.0, 23.0, 0.9661051630973816
0, 365.0, 581.0, 18.0, 14.0, 0.9660199284553528
0, 972.0, 515.0, 18.0, 17.0, 0.9659758806228638
0, 120.0, 465.0, 18.0, 17.0, 0.9659440517425537
0, 946.0, 305.0, 18.0, 23.0, 0.9655782580375671
0, 446.0, 438.0, 11.0, 14.0, 0.9653396010398865
0, 961.0, 122.0, 21.0, 15.0, 0.9650791883468628
0, 246.0, 567.0, 18.0, 23.0, 0.9647722840309143
0, 860.0, 713.0, 16.0, 25.0, 0.9645318984985352
0, 681.0, 633.0, 16.0, 18.0, 0.9642683267593384
0, 859.0, 434.0, 17.0, 15.0, 0.9640917778015137
0, 670.0, 685.0, 18.0, 18.0, 0.9640845060348511
0, 712.0, 749.0, 18.0, 15.0, 0.9640187621116638
0, 234.0, 83.0, 17.0, 15.0, 0.9639483094215393
0, 129.0, 526.0, 20.0, 18.0, 0.9633243083953857
0, 434.0, 600.0, 13.0, 14.0, 0.9632383584976196
0, 461.0, 620.0, 15.0, 16.0, 0.9629341959953308
0, 67.0, 671.0, 22.0, 18.0, 0.9628998041152954
0, 656.0, 623.0, 19.0, 16.0, 0.9626192450523376
0, 105.0, 654.0, 16.0, 18.0, 0.9625784158706665
0, 457.0, 687.0, 14.0, 15.0, 0.9623934030532837
0, 214.0, 730.0, 20.0, 21.0, 0.9622622728347778
0, 634.0, 306.0, 18.0, 16.0, 0.9620411396026611
0, 617.0, 734.0, 19.0, 16.0, 0.9617184996604919
0, 620.0, 676.0, 14.0, 17.0, 0.9616320729255676
0, 116.0, 488.0, 21.0, 14.0, 0.9615722298622131
0, 405.0, 551.0, 21.0, 17.0, 0.9615593552589417
0, 273.0, 707.0, 22.0, 21.0, 0.9614742398262024
0, 331.0, 466.0, 16.0, 21.0, 0.9611956477165222
0, 830.0, 734.0, 18.0, 15.0, 0.9610519409179688
0, 262.0, 577.0, 16.0, 17.0, 0.9608659744262695
0, 633.0, 629.0, 17.0, 23.0, 0.9606270790100098
0, 203.0, 529.0, 23.0, 23.0, 0.9605385661125183
0, 482.0, 330.0, 14.0, 21.0, 0.960203230381012
0, 447.0, 658.0, 16.0, 14.0, 0.9594342708587646
0, 316.0, 296.0, 19.0, 16.0, 0.9591866135597229
0, 867.0, 779.0, 16.0, 20.0, 0.9591087698936462
0, 744.0, 116.0, 17.0, 17.0, 0.9590413570404053
0, 481.0, 468.0, 15.0, 22.0, 0.9590256810188293
0, 241.0, 248.0, 16.0, 12.0, 0.9589482545852661
0, 167.0, 830.0, 21.0, 21.0, 0.9586309790611267
0, 255.0, 618.0, 15.0, 16.0, 0.9583944082260132
0, 122.0, 849.0, 16.0, 13.0, 0.9582672119140625
0, 445.0, 273.0, 15.0, 16.0, 0.9580787420272827
0, 641.0, 434.0, 24.0, 18.0, 0.957869827747345
0, 448.0, 629.0, 15.0, 14.0, 0.9574121832847595
0, 699.0, 658.0, 15.0, 16.0, 0.9573833346366882
0, 457.0, 396.0, 15.0, 14.0, 0.9571267366409302
0, 445.0, 612.0, 17.0, 14.0, 0.9568198323249817
0, 597.0, 711.0, 14.0, 15.0, 0.956561803817749
0, 852.0, 707.0, 22.0, 22.0, 0.956450879573822
0, 208.0, 72.0, 17.0, 18.0, 0.9561817049980164
0, 708.0, 789.0, 19.0, 17.0, 0.9557473659515381
0, 944.0, 532.0, 16.0, 16.0, 0.9554076194763184
0, 306.0, 540.0, 15.0, 18.0, 0.954975962638855
0, 620.0, 654.0, 15.0, 18.0, 0.9549177885055542
0, 28.0, 234.0, 18.0, 15.0, 0.9547081589698792
0, 687.0, 672.0, 18.0, 14.0, 0.954707682132721
0, 668.0, 300.0, 17.0, 17.0, 0.9546408653259277
0, 233.0, 266.0, 18.0, 18.0, 0.9545321464538574
0, 345.0, 463.0, 16.0, 14.0, 0.9540970325469971
0, 7.0, 390.0, 13.0, 18.0, 0.9540143609046936
0, 144.0, 725.0, 14.0, 15.0, 0.9539390206336975
0, 328.0, 591.0, 22.0, 20.0, 0.9538830518722534
0, 21.0, 620.0, 19.0, 14.0, 0.9532939195632935
0, 933.0, 329.0, 17.0, 21.0, 0.9532338976860046
0, 171.0, 842.0, 18.0, 17.0, 0.953194260597229
0, 331.0, 302.0, 15.0, 18.0, 0.9531385898590088
0, 230.0, 589.0, 22.0, 15.0, 0.953083336353302
0, 408.0, 250.0, 17.0, 13.0, 0.9528286457061768
0, 758.0, 501.0, 17.0, 17.0, 0.952362060546875
0, 473.0, 421.0, 16.0, 18.0, 0.952100932598114
0, 957.0, 514.0, 15.0, 16.0, 0.9518876671791077
0, 85.0, 310.0, 15.0, 10.0, 0.9517718553543091
0, 647.0, 437.0, 14.0, 16.0, 0.9511783123016357
0, 649.0, 679.0, 22.0, 22.0, 0.9511232972145081
0, 902.0, 310.0, 19.0, 14.0, 0.950826108455658
0, 225.0, 70.0, 15.0, 16.0, 0.95074862241745
0, 979.0, 571.0, 19.0, 19.0, 0.9505754709243774
0, 556.0, 353.0, 20.0, 18.0, 0.9504083395004272
0, 463.0, 407.0, 18.0, 13.0, 0.9503624439239502
0, 546.0, 266.0, 18.0, 22.0, 0.949837863445282
0, 950.0, 568.0, 19.0, 18.0, 0.94903963804245
0, 545.0, 338.0, 17.0, 15.0, 0.9490188360214233
0, 81.0, 273.0, 16.0, 13.0, 0.9489396214485168
0, 197.0, 533.0, 21.0, 17.0, 0.9487042427062988
0, 437.0, 422.0, 18.0, 16.0, 0.9486392140388489
0, 728.0, 113.0, 11.0, 16.0, 0.948621392250061
0, 958.0, 227.0, 17.0, 16.0, 0.9481561779975891
0, 379.0, 606.0, 19.0, 17.0, 0.9473646283149719
0, 878.0, 11.0, 17.0, 15.0, 0.9470616579055786
0, 76.0, 771.0, 17.0, 15.0, 0.946543276309967
0, 322.0, 446.0, 18.0, 17.0, 0.946247398853302
0, 960.0, 154.0, 19.0, 20.0, 0.9461896419525146
0, 822.0, 346.0, 15.0, 15.0, 0.9461442828178406
0, 676.0, 588.0, 17.0, 20.0, 0.946068525314331
0, 581.0, 596.0, 16.0, 17.0, 0.9459505081176758
0, 344.0, 412.0, 15.0, 13.0, 0.9449387788772583
0, 210.0, 36.0, 15.0, 14.0, 0.9449200630187988
0, 780.0, 532.0, 19.0, 16.0, 0.9447975754737854
0, 216.0, 33.0, 18.0, 14.0, 0.9447321891784668
0, 554.0, 640.0, 22.0, 22.0, 0.9446950554847717
0, 235.0, 460.0, 14.0, 13.0, 0.9446044564247131
0, 632.0, 559.0, 13.0, 15.0, 0.9445991516113281
0, 629.0, 449.0, 22.0, 15.0, 0.9443297982215881
0, 946.0, 342.0, 16.0, 19.0, 0.9442729949951172
0, 215.0, 788.0, 16.0, 16.0, 0.943767249584198
0, 896.0, 837.0, 16.0, 14.0, 0.9436962008476257
0, 766.0, 321.0, 19.0, 17.0, 0.9429758787155151
0, 985.0, 367.0, 16.0, 19.0, 0.942724347114563
0, 59.0, 650.0, 17.0, 16.0, 0.9425712823867798
0, 791.0, 428.0, 20.0, 17.0, 0.942419707775116
0, 245.0, 21.0, 16.0, 20.0, 0.9417535066604614
0, 475.0, 837.0, 20.0, 15.0, 0.9411161541938782
0, 980.0, 873.0, 17.0, 13.0, 0.9408513307571411
0, 890.0, 457.0, 20.0, 19.0, 0.9405867457389832
0, 346.0, 306.0, 16.0, 19.0, 0.9405809640884399
0, 265.0, 555.0, 18.0, 19.0, 0.9399775862693787
0, 807.0, 536.0, 16.0, 14.0, 0.9399279356002808
0, 496.0, 338.0, 16.0, 14.0, 0.9397510886192322
0, 807.0, 416.0, 14.0, 20.0, 0.9397308230400085
0, 470.0, 480.0, 16.0, 18.0, 0.9395595192909241
0, 953.0, 138.0, 21.0, 16.0, 0.9395224452018738
0, 632.0, 693.0, 15.0, 22.0, 0.9384676814079285
0, 926.0, 253.0, 14.0, 15.0, 0.9382144212722778
0, 119.0, 782.0, 16.0, 16.0, 0.9380165338516235
0, 610.0, 397.0, 19.0, 16.0, 0.9378828406333923
0, 666.0, 159.0, 13.0, 17.0, 0.9371190667152405
0, 809.0, 393.0, 17.0, 15.0, 0.937070369720459
0, 338.0, 566.0, 23.0, 19.0, 0.9370632767677307
0, 158.0, 491.0, 14.0, 17.0, 0.9369151592254639
0, 529.0, 668.0, 18.0, 19.0, 0.9367673397064209
0, 228.0, 613.0, 25.0, 22.0, 0.936594545841217
0, 628.0, 719.0, 19.0, 16.0, 0.9360712170600891
0, 820.0, 676.0, 16.0, 14.0, 0.9354274868965149
0, 424.0, 402.0, 18.0, 19.0, 0.9352782368659973
0, 556.0, 492.0, 18.0, 18.0, 0.9352065324783325
0, 271.0, 283.0, 18.0, 17.0, 0.9352046251296997
0, 104.0, 840.0, 17.0, 19.0, 0.9350975751876831
0, 806.0, 659.0, 18.0, 15.0, 0.9340416789054871
