3, 434.0, 377.0, 79.0, 70.0, 0.9301928877830505
3, 495.0, 339.0, 82.0, 80.0, 0.9268720149993896
3, 515.0, 84.0, 121.0, 123.0, 0.9095121622085571
3, 526.0, 397.0, 81.0, 67.0, 0.8782278895378113
0, 44.0, 502.0, 34.0, 36.0, 0.8483719825744629
0, 84.0, 403.0, 38.0, 37.0, 0.8459511399269104
0, 42.0, 466.0, 33.0, 37.0, 0.8423550724983215
0, 200.0, 275.0, 41.0, 39.0, 0.8387496471405029
0, 287.0, 231.0, 41.0, 35.0, 0.8254570364952087
0, 65.0, 374.0, 28.0, 30.0, 0.8220623135566711
0, 53.0, 531.0, 38.0, 36.0, 0.8107826113700867
0, 566.0, 560.0, 31.0, 31.0, 0.8042341470718384
0, 85.0, 469.0, 40.0, 40.0, 0.7826274037361145
0, 227.0, 565.0, 35.0, 33.0, 0.7639322876930237
0, 140.0, 326.0, 49.0, 49.0, 0.7362891435623169
0, 325.0, 212.0, 28.0, 38.0, 0.7298572659492493
0, 332.0, 368.0, 46.0, 40.0, 0.7157931327819824
0, 202.0, 533.0, 53.0, 44.0, 0.7125905156135559
0, 113.0, 491.0, 41.0, 45.0, 0.7097726464271545
0, 109.0, 417.0, 34.0, 36.0, 0.6868957281112671
0, 5.0, 440.0, 10.0, 26.0, 0.6735309362411499
0, 303.0, 251.0, 28.0, 31.0, 0.6521645784378052
0, 276.0, 267.0, 33.0, 33.0, 0.6478588581085205
0, 41.0, 41.0, 37.0, 33.0, 0.6460464596748352
0, 244.0, 508.0, 33.0, 36.0, 0.6377763152122498
0, 5.0, 484.0, 10.0, 39.0, 0.629832923412323
0, 411.0, 192.0, 34.0, 31.0, 0.6276770830154419
0, 49.0, 313.0, 38.0, 37.0, 0.627154529094696
0, 381.0, 212.0, 35.0, 28.0, 0.6261914372444153
0, 163.0, 441.0, 36.0, 34.0, 0.6238081455230713
0, 139.0, 556.0, 31.0, 31.0, 0.6235135197639465
3, 555.0, 480.0, 55.0, 103.0, 0.6199913620948792
3, 556.0, 29.0, 52.0, 57.0, 0.6073898077011108
0, 332.0, 253.0, 39.0, 39.0, 0.5852645635604858
3, 411.0, 330.0, 57.0, 48.0, 0.5763413310050964
3, 201.0, 431.0, 41.0, 42.0, 0.5705186724662781
0, 17.0, 58.0, 33.0, 33.0, 0.5680460929870605
0, 270.0, 191.0, 32.0, 28.0, 0.5654175281524658
3, 228.0, 388.0, 40.0, 44.0, 0.553998589515686
0, 156.0, 287.0, 36.0, 39.0, 0.5445096492767334
0, 514.0, 183.0, 25.0, 25.0, 0.5389646887779236
0, 161.0, 258.0, 41.0, 38.0, 0.5344570875167847
0, 195.0, 550.0, 39.0, 37.0, 0.5328996777534485
3, 519.0, 15.0, 35.0, 31.0, 0.5261146426200867
0, 192.0, 327.0, 50.0, 43.0, 0.5246308445930481
3, 349.0, 301.0, 52.0, 47.0, 0.5239108800888062
3, 373.0, 500.0, 221.0, 156.0, 0.5229125022888184
0, 141.0, 385.0, 33.0, 36.0, 0.5164830088615417
3, 218.0, 78.0, 121.0, 103.0, 0.512130618095398
0, 174.0, 523.0, 35.0, 35.0, 0.5108048915863037
0, 40.0, 369.0, 43.0, 42.0, 0.5067321062088013
0, 122.0, 269.0, 35.0, 35.0, 0.5062143802642822
