0, 462.0, 122.0, 24.0, 26.0, 0.6004917621612549
0, 826.0, 101.0, 25.0, 21.0, 0.520442008972168
0, 853.0, 430.0, 19.0, 22.0, 0.49644264578819275
0, 510.0, 533.0, 23.0, 29.0, 0.46812117099761963
0, 513.0, 118.0, 30.0, 27.0, 0.43022623658180237
0, 777.0, 132.0, 21.0, 24.0, 0.4285091459751129
0, 80.0, 482.0, 32.0, 25.0, 0.42319899797439575
0, 199.0, 660.0, 21.0, 22.0, 0.41530895233154297
0, 595.0, 184.0, 23.0, 24.0, 0.40758228302001953
0, 843.0, 453.0, 24.0, 19.0, 0.3988405764102936
0, 419.0, 194.0, 24.0, 21.0, 0.39851096272468567
0, 103.0, 597.0, 25.0, 26.0, 0.39586666226387024
0, 677.0, 568.0, 20.0, 22.0, 0.3921469449996948
0, 919.0, 315.0, 20.0, 29.0, 0.39035478234291077
0, 559.0, 581.0, 29.0, 31.0, 0.3850451111793518
0, 128.0, 553.0, 25.0, 24.0, 0.3778877556324005
0, 422.0, 744.0, 21.0, 24.0, 0.37447646260261536
0, 174.0, 513.0, 24.0, 25.0, 0.3738314211368561
0, 804.0, 438.0, 24.0, 22.0, 0.3732283115386963
0, 931.0, 69.0, 24.0, 22.0, 0.37138697504997253
0, 58.0, 687.0, 22.0, 23.0, 0.3662187457084656
0, 823.0, 316.0, 22.0, 24.0, 0.3606939911842346
0, 420.0, 251.0, 21.0, 23.0, 0.35409313440322876
0, 234.0, 160.0, 18.0, 20.0, 0.3534713387489319
0, 443.0, 343.0, 21.0, 25.0, 0.3515022397041321
0, 139.0, 489.0, 25.0, 22.0, 0.34955155849456787
0, 150.0, 109.0, 30.0, 26.0, 0.34770452976226807
0, 188.0, 609.0, 31.0, 28.0, 0.34328585863113403
0, 627.0, 593.0, 26.0, 24.0, 0.34153252840042114
0, 762.0, 375.0, 20.0, 23.0, 0.3396051228046417
0, 801.0, 189.0, 23.0, 20.0, 0.3359273076057434
0, 151.0, 464.0, 19.0, 23.0, 0.3324216902256012
0, 12.0, 647.0, 21.0, 23.0, 0.33191120624542236
0, 531.0, 576.0, 23.0, 18.0, 0.33112019300460815
0, 34.0, 685.0, 19.0, 22.0, 0.3264361619949341
0, 531.0, 551.0, 27.0, 25.0, 0.3216285705566406
0, 346.0, 253.0, 23.0, 19.0, 0.32111650705337524
0, 899.0, 452.0, 23.0, 23.0, 0.32013270258903503
0, 111.0, 622.0, 18.0, 19.0, 0.31746906042099
0, 454.0, 424.0, 22.0, 20.0, 0.31732895970344543
0, 649.0, 524.0, 16.0, 22.0, 0.30827945470809937
0, 429.0, 300.0, 22.0, 20.0, 0.30722370743751526
0, 425.0, 456.0, 23.0, 25.0, 0.3038250803947449
0, 110.0, 151.0, 18.0, 19.0, 0.3018711805343628
0, 312.0, 137.0, 21.0, 24.0, 0.30168232321739197
0, 216.0, 162.0, 20.0, 24.0, 0.2947401702404022
0, 128.0, 177.0, 21.0, 19.0, 0.29375308752059937
0, 196.0, 682.0, 25.0, 22.0, 0.29228606820106506
0, 426.0, 88.0, 28.0, 20.0, 0.29022645950317383
0, 168.0, 212.0, 19.0, 19.0, 0.28717219829559326
0, 547.0, 179.0, 23.0, 22.0, 0.2799869179725647
0, 603.0, 523.0, 22.0, 27.0, 0.2799224257469177
0, 947.0, 258.0, 29.0, 26.0, 0.2780933976173401
0, 254.0, 170.0, 24.0, 34.0, 0.2724810540676117
0, 466.0, 748.0, 23.0, 23.0, 0.2723064720630646
0, 85.0, 169.0, 20.0, 22.0, 0.2695407569408417
0, 353.0, 233.0, 20.0, 23.0, 0.2653319835662842
0, 921.0, 623.0, 32.0, 35.0, 0.2652744650840759
0, 403.0, 230.0, 21.0, 20.0, 0.2648661136627197
0, 415.0, 274.0, 22.0, 21.0, 0.264108806848526
0, 530.0, 169.0, 21.0, 21.0, 0.2632997930049896
0, 284.0, 612.0, 20.0, 18.0, 0.26324930787086487
0, 908.0, 264.0, 24.0, 17.0, 0.26096951961517334
0, 813.0, 226.0, 21.0, 23.0, 0.2603168785572052
0, 898.0, 153.0, 26.0, 22.0, 0.25933215022087097
0, 130.0, 85.0, 24.0, 24.0, 0.25661128759384155
0, 302.0, 70.0, 19.0, 24.0, 0.252252995967865
0, 954.0, 12.0, 23.0, 25.0, 0.2520579993724823
0, 646.0, 578.0, 28.0, 26.0, 0.2515062391757965
0, 160.0, 131.0, 20.0, 21.0, 0.2493678331375122
0, 183.0, 157.0, 24.0, 21.0, 0.24796006083488464
0, 928.0, 9.0, 20.0, 18.0, 0.24715492129325867
0, 822.0, 199.0, 21.0, 26.0, 0.24571892619132996
0, 971.0, 32.0, 28.0, 25.0, 0.2445935606956482
0, 853.0, 472.0, 26.0, 23.0, 0.24356818199157715
0, 335.0, 79.0, 28.0, 27.0, 0.2427905797958374
0, 956.0, 601.0, 20.0, 24.0, 0.23831675946712494
0, 307.0, 98.0, 18.0, 25.0, 0.2378566712141037
0, 482.0, 76.0, 16.0, 20.0, 0.2374270111322403
0, 501.0, 771.0, 22.0, 26.0, 0.2367752492427826
0, 450.0, 96.0, 20.0, 22.0, 0.23570884764194489
0, 228.0, 183.0, 22.0, 19.0, 0.2335854321718216
0, 974.0, 330.0, 21.0, 20.0, 0.23232847452163696
0, 887.0, 419.0, 20.0, 23.0, 0.2321687489748001
0, 628.0, 497.0, 24.0, 21.0, 0.23123493790626526
0, 866.0, 100.0, 21.0, 19.0, 0.22969236969947815
0, 698.0, 552.0, 25.0, 24.0, 0.22824260592460632
0, 131.0, 629.0, 17.0, 17.0, 0.2281065583229065
0, 613.0, 542.0, 25.0, 20.0, 0.22668713331222534
0, 852.0, 112.0, 16.0, 16.0, 0.22632330656051636
0, 9.0, 731.0, 19.0, 21.0, 0.22563263773918152
0, 77.0, 633.0, 28.0, 26.0, 0.22166123986244202
0, 937.0, 297.0, 21.0, 19.0, 0.22150516510009766
0, 957.0, 311.0, 26.0, 23.0, 0.22130540013313293
0, 950.0, 362.0, 18.0, 24.0, 0.22021014988422394
0, 603.0, 10.0, 25.0, 20.0, 0.219252809882164
0, 913.0, 31.0, 25.0, 23.0, 0.21700280904769897
0, 829.0, 292.0, 25.0, 24.0, 0.2158406525850296
0, 413.0, 126.0, 20.0, 27.0, 0.21235524117946625
0, 71.0, 13.0, 25.0, 22.0, 0.21098442375659943
0, 747.0, 288.0, 20.0, 22.0, 0.20979368686676025
0, 435.0, 236.0, 21.0, 20.0, 0.208241805434227
0, 803.0, 331.0, 22.0, 18.0, 0.20648419857025146
0, 752.0, 237.0, 22.0, 24.0, 0.20531010627746582
0, 248.0, 441.0, 29.0, 24.0, 0.20406043529510498
0, 201.0, 574.0, 19.0, 21.0, 0.2031548023223877
0, 788.0, 356.0, 21.0, 21.0, 0.20308923721313477
0, 52.0, 402.0, 21.0, 20.0, 0.2007419317960739
0, 915.0, 424.0, 24.0, 20.0, 0.20071955025196075
