0, 126, 738, 37, 31, 0.8837242126464844
0, 388, 255, 32, 32, 0.8790502548217773
0, 723, 666, 23, 24, 0.8740776777267456
0, 617, 1209, 29, 28, 0.8614459037780762
0, 383, 110, 30, 34, 0.845135509967804
0, 272, 375, 34, 37, 0.8443752527236938
0, 487, 474, 39, 36, 0.8401133418083191
0, 157, 833, 37, 32, 0.836746871471405
0, 83, 336, 41, 34, 0.8360270261764526
0, 406, 418, 37, 37, 0.8291386365890503
0, 533, 779, 43, 41, 0.8288015723228455
0, 345, 1288, 37, 30, 0.8285576701164246
0, 422, 1055, 40, 49, 0.8285444378852844
0, 490, 1008, 47, 40, 0.8275044560432434
0, 152, 647, 40, 44, 0.8264063596725464
0, 728, 1184, 37, 41, 0.8255879282951355
0, 536, 1339, 44, 51, 0.8242323398590088
0, 624, 1006, 40, 36, 0.8220646977424622
0, 382, 195, 25, 25, 0.8208816051483154
0, 69, 36, 35, 32, 0.8183846473693848
0, 234, 1097, 37, 40, 0.8183742761611938
0, 701, 611, 27, 39, 0.8166773915290833
0, 441, 955, 30, 36, 0.8163524270057678
0, 348, 1160, 40, 30, 0.8142399191856384
0, 500, 389, 22, 25, 0.8137852549552917
0, 633, 270, 32, 33, 0.8134406208992004
0, 675, 1112, 24, 25, 0.8127251267433167
0, 231, 921, 29, 31, 0.8121126294136047
0, 652, 112, 31, 38, 0.81162428855896
0, 342, 292, 42, 34, 0.8115102052688599
0, 259, 541, 26, 33, 0.8110828995704651
0, 279, 462, 38, 27, 0.8080940246582031
0, 415, 751, 35, 27, 0.8077026009559631
0, 520, 162, 37, 40, 0.8069587349891663
0, 344, 156, 25, 24, 0.8056908249855042
0, 282, 26, 29, 32, 0.8051754236221313
0, 538, 436, 39, 41, 0.8039147257804871
0, 183, 382, 29, 28, 0.803646981716156
0, 590, 786, 46, 50, 0.8033394813537598
0, 47, 545, 32, 30, 0.7996473908424377
0, 116, 1123, 49, 42, 0.7938774228096008
0, 691, 1357, 30, 35, 0.7935341596603394
0, 227, 877, 28, 34, 0.7932471632957458
0, 233, 648, 49, 56, 0.7931149005889893
0, 536, 274, 38, 31, 0.7916392683982849
0, 447, 1174, 34, 38, 0.7909373641014099
0, 476, 1141, 34, 26, 0.7906340956687927
0, 129, 359, 42, 26, 0.7900950908660889
0, 706, 450, 37, 36, 0.7880548238754272
0, 103, 42, 33, 27, 0.7873539924621582
0, 445, 1276, 35, 36, 0.7866303324699402
0, 551, 876, 38, 24, 0.7851300239562988
0, 302, 818, 32, 25, 0.7845252156257629
0, 369, 1205, 25, 36, 0.7821512818336487
0, 159, 321, 27, 36, 0.7798851728439331
0, 521, 1115, 38, 28, 0.7795038223266602
0, 552, 69, 28, 31, 0.7785329222679138
0, 370, 795, 33, 48, 0.775118350982666
0, 204, 853, 36, 29, 0.7745373249053955
0, 597, 597, 35, 43, 0.7727283239364624
0, 165, 704, 34, 35, 0.7720860838890076
0, 716, 24, 52, 27, 0.770933210849762
0, 97, 13, 42, 26, 0.7708924412727356
0, 638, 1043, 27, 28, 0.7700052857398987
0, 338, 118, 31, 31, 0.7695499062538147
0, 143, 461, 35, 48, 0.7684677243232727
0, 562, 1376, 31, 27, 0.7672815918922424
0, 660, 790, 53, 43, 0.7669982314109802
0, 323, 90, 45, 26, 0.7664379477500916
0, 508, 846, 52, 36, 0.7663968205451965
0, 594, 632, 34, 34, 0.7663052678108215
0, 584, 986, 31, 31, 0.7651338577270508
0, 734, 932, 42, 30, 0.7646997570991516
0, 412, 528, 43, 57, 0.764172375202179
0, 579, 288, 27, 29, 0.7637503743171692
0, 128, 689, 38, 32, 0.761874258518219
0, 320, 447, 46, 35, 0.7604461312294006
0, 526, 498, 43, 28, 0.7599126696586609
0, 713, 539, 34, 36, 0.7589665055274963
0, 694, 1032, 35, 32, 0.7587854266166687
0, 619, 1393, 53, 36, 0.7582457661628723
0, 229, 409, 34, 35, 0.7577311396598816
0, 85, 215, 39, 35, 0.7575756311416626
0, 622, 1246, 31, 30, 0.7564754486083984
0, 326, 558, 34, 31, 0.7561688423156738
0, 170, 747, 27, 35, 0.7522744536399841
0, 664, 654, 38, 53, 0.7506964802742004
0, 238, 328, 34, 46, 0.7504572868347168
0, 601, 894, 32, 32, 0.7494772672653198
0, 596, 926, 31, 34, 0.744621217250824
0, 236, 477, 24, 28, 0.7445311546325684
0, 546, 537, 36, 42, 0.7421891093254089
0, 314, 149, 25, 25, 0.741783618927002
0, 720, 240, 32, 30, 0.7393107414245605
0, 465, 177, 42, 31, 0.7383768558502197
0, 644, 1288, 43, 41, 0.7369566559791565
0, 179, 254, 20, 27, 0.7358701825141907
0, 592, 1271, 28, 37, 0.7346130609512329
0, 712, 74, 32, 27, 0.7330988049507141
0, 104, 997, 24, 25, 0.7319351434707642
0, 269, 880, 50, 30, 0.7276970744132996
0, 340, 239, 52, 42, 0.7273122668266296
0, 38, 594, 44, 34, 0.7267681360244751
0, 314, 844, 32, 30, 0.7265588641166687
0, 250, 241, 28, 26, 0.7247751355171204
0, 505, 679, 48, 35, 0.7238144874572754
0, 443, 1353, 50, 43, 0.7225170731544495
0, 245, 445, 32, 35, 0.7194709181785583
0, 34, 13, 21, 25, 0.7165605425834656
0, 57, 152, 36, 39, 0.7162971496582031
0, 54, 722, 25, 22, 0.7161492109298706
0, 189, 1074, 31, 32, 0.7119576334953308
0, 695, 727, 45, 56, 0.7103943228721619
0, 353, 988, 22, 46, 0.7084518074989319
0, 154, 148, 39, 36, 0.7076312899589539
0, 337, 62, 34, 27, 0.7074607014656067
0, 634, 144, 53, 46, 0.707241952419281
0, 119, 957, 30, 28, 0.7050141096115112
0, 288, 114, 34, 28, 0.7030447721481323
0, 550, 26, 23, 36, 0.7017313838005066
0, 276, 979, 32, 29, 0.7014772891998291
0, 246, 1149, 34, 31, 0.7011761665344238
0, 729, 369, 49, 31, 0.7008504271507263
0, 610, 544, 44, 42, 0.7008000016212463
0, 510, 341, 32, 29, 0.6999901533126831
0, 211, 981, 44, 24, 0.698788583278656
0, 470, 220, 27, 39, 0.6986623406410217
0, 714, 336, 57, 44, 0.6978468894958496
0, 718, 141, 32, 32, 0.6973466873168945
0, 37, 86, 29, 30, 0.6970394849777222
0, 673, 612, 21, 41, 0.6959484815597534
0, 153, 411, 31, 33, 0.6957821249961853
0, 599, 481, 23, 27, 0.6956163048744202
0, 385, 1278, 29, 47, 0.694980263710022
0, 662, 1060, 34, 28, 0.6926946043968201
0, 271, 696, 22, 24, 0.6923379898071289
0, 141, 115, 34, 31, 0.6918472647666931
0, 342, 1197, 33, 38, 0.6914072632789612
0, 205, 683, 28, 24, 0.6899674534797668
0, 742, 461, 28, 42, 0.6898269653320312
0, 89, 181, 30, 20, 0.6891863346099854
0, 428, 438, 24, 24, 0.687882125377655
0, 214, 109, 30, 39, 0.6875359416007996
0, 512, 1068, 35, 34, 0.6870502829551697
0, 541, 188, 33, 25, 0.6869848966598511
0, 370, 1090, 36, 25, 0.6855795383453369
0, 83, 159, 22, 24, 0.6853875517845154
0, 183, 164, 31, 27, 0.6842859983444214
0, 713, 277, 39, 31, 0.6836351752281189
0, 439, 321, 29, 40, 0.6824358105659485
0, 251, 1022, 25, 33, 0.6815648674964905
0, 232, 1056, 22, 28, 0.6768602132797241
0, 532, 664, 30, 26, 0.6753052473068237
0, 508, 1163, 42, 23, 0.6752834916114807
0, 143, 1079, 51, 35, 0.6750475764274597
0, 63, 607, 22, 27, 0.674642026424408
0, 584, 857, 31, 32, 0.6742149591445923
0, 377, 317, 20, 28, 0.6733695268630981
0, 634, 623, 30, 40, 0.6730678081512451
0, 143, 979, 31, 20, 0.6724550127983093
0, 425, 280, 45, 33, 0.672207772731781
0, 485, 148, 26, 29, 0.6716015934944153
0, 530, 980, 31, 31, 0.6710838675498962
0, 400, 967, 27, 31, 0.6685525178909302
0, 705, 814, 25, 26, 0.6669135093688965
0, 29, 1061, 27, 22, 0.6667782068252563
0, 408, 384, 28, 27, 0.6663315892219543
0, 380, 155, 28, 36, 0.6663261651992798
0, 211, 220, 30, 31, 0.6659221649169922
0, 413, 165, 26, 34, 0.6647844910621643
0, 431, 68, 31, 24, 0.6645070314407349
0, 629, 1101, 51, 52, 0.663327693939209
0, 671, 45, 29, 20, 0.6624768972396851
0, 348, 378, 51, 27, 0.662385880947113
0, 408, 819, 30, 28, 0.6619471907615662
0, 342, 415, 37, 29, 0.661662757396698
0, 336, 762, 31, 24, 0.6600054502487183
0, 452, 516, 31, 31, 0.6571320295333862
0, 322, 481, 40, 33, 0.6558216214179993
0, 45, 275, 29, 29, 0.6541276574134827
0, 377, 659, 26, 27, 0.6508216261863708
0, 387, 465, 41, 49, 0.6504088044166565
0, 158, 787, 29, 29, 0.6501435041427612
0, 295, 256, 32, 32, 0.6486972570419312
0, 107, 673, 27, 30, 0.6455259919166565
0, 721, 1310, 35, 31, 0.642816960811615
0, 149, 34, 40, 36, 0.6424867510795593
0, 57, 939, 19, 24, 0.642155647277832
0, 323, 730, 40, 27, 0.6411917805671692
0, 353, 7, 28, 13, 0.639948844909668
0, 226, 150, 37, 28, 0.6377501487731934
0, 409, 1277, 22, 29, 0.6373538374900818
0, 450, 245, 30, 31, 0.6371172666549683
0, 87, 495, 32, 27, 0.6370426416397095
0, 359, 681, 31, 27, 0.6359561085700989
0, 410, 139, 23, 20, 0.634833574295044
0, 197, 486, 34, 41, 0.6333378553390503
0, 611, 1144, 35, 30, 0.6329301595687866
0, 274, 1094, 27, 26, 0.6327149271965027
0, 364, 1075, 27, 33, 0.6325864195823669
0, 242, 96, 30, 25, 0.6309360265731812
0, 636, 582, 31, 26, 0.6276477575302124
0, 424, 890, 34, 32, 0.6249362230300903
0, 181, 950, 21, 24, 0.6243970394134521
0, 691, 1147, 37, 30, 0.6237753033638
0, 622, 349, 34, 35, 0.6207399368286133
0, 682, 272, 28, 32, 0.620225191116333
0, 524, 297, 40, 25, 0.618001401424408
0, 93, 408, 43, 47, 0.6168149709701538
0, 297, 906, 21, 18, 0.6163690090179443
0, 301, 593, 37, 36, 0.6139867901802063
0, 439, 157, 28, 28, 0.611828088760376
0, 703, 1336, 42, 41, 0.6117567420005798
0, 310, 787, 49, 25, 0.6068520545959473
0, 436, 626, 32, 29, 0.6063656806945801
0, 338, 1061, 33, 21, 0.6061265468597412
0, 642, 1351, 25, 36, 0.6045467257499695
0, 197, 343, 46, 42, 0.6010997295379639
0, 349, 534, 26, 31, 0.6008984446525574
0, 711, 411, 31, 32, 0.5997474193572998
0, 338, 1106, 49, 30, 0.5978031158447266
0, 578, 1115, 29, 25, 0.5971640944480896
0, 704, 1228, 44, 36, 0.5959291458129883
0, 274, 142, 41, 26, 0.5957316160202026
0, 599, 51, 29, 21, 0.5957015156745911
0, 490, 1203, 41, 36, 0.5933646559715271
0, 440, 925, 31, 22, 0.5928981900215149
0, 420, 1224, 55, 35, 0.591590404510498
0, 737, 747, 33, 29, 0.5915582180023193
0, 567, 1259, 29, 32, 0.5913952589035034
0, 705, 1253, 31, 22, 0.5910163521766663
0, 192, 53, 34, 32, 0.5909061431884766
0, 114, 249, 30, 32, 0.5897377729415894
0, 519, 18, 26, 35, 0.5895612239837646
0, 137, 916, 26, 32, 0.5887211561203003
0, 460, 449, 32, 26, 0.5867330431938171
0, 211, 1007, 47, 27, 0.586062490940094
0, 339, 811, 29, 31, 0.58599853515625
0, 376, 560, 32, 33, 0.5850697755813599
0, 242, 832, 22, 24, 0.5840564966201782
0, 434, 136, 33, 42, 0.5807264447212219
0, 737, 211, 26, 43, 0.5768890976905823
0, 295, 1270, 33, 31, 0.5738134384155273
0, 363, 614, 36, 25, 0.572105348110199
0, 319, 340, 24, 31, 0.5698121190071106
0, 285, 493, 37, 23, 0.5684464573860168
0, 743, 406, 28, 43, 0.5677247047424316
0, 142, 528, 41, 40, 0.5671087503433228
0, 403, 996, 32, 31, 0.5661923885345459
0, 553, 148, 34, 40, 0.5642185211181641
0, 704, 401, 46, 42, 0.5638439655303955
0, 559, 1029, 27, 21, 0.5622423887252808
0, 219, 19, 37, 37, 0.5598964095115662
0, 428, 25, 34, 22, 0.5597744584083557
0, 466, 116, 33, 39, 0.5547075271606445
0, 331, 336, 44, 39, 0.5544226169586182
0, 419, 96, 30, 25, 0.5539658665657043
0, 328, 944, 33, 28, 0.5524425506591797
0, 671, 213, 27, 30, 0.5509194135665894
0, 580, 669, 25, 25, 0.5502955317497253
0, 741, 1285, 26, 26, 0.5501413345336914
0, 214, 708, 28, 33, 0.5464362502098083
0, 277, 57, 32, 30, 0.543267011642456
0, 441, 385, 29, 32, 0.5421386361122131
0, 598, 258, 27, 17, 0.5370379686355591
0, 704, 1396, 29, 27, 0.5366360545158386
0, 124, 86, 25, 19, 0.5363402366638184
0, 702, 1455, 25, 23, 0.5356565713882446
0, 281, 411, 29, 24, 0.5337473750114441
0, 505, 114, 24, 29, 0.5322486162185669
0, 42, 499, 29, 32, 0.5307935476303101
0, 488, 18, 31, 37, 0.5303657650947571
0, 601, 313, 25, 25, 0.5301088094711304
0, 189, 903, 28, 23, 0.5274096727371216
0, 45, 117, 30, 19, 0.5269812345504761
0, 13, 798, 26, 35, 0.5264998078346252
0, 650, 74, 33, 30, 0.5262805223464966
0, 132, 806, 32, 26, 0.5255080461502075
0, 593, 421, 38, 44, 0.5254344940185547
0, 565, 1283, 30, 31, 0.5253906846046448
0, 244, 1214, 23, 24, 0.5227968096733093
0, 545, 1067, 25, 27, 0.5195832848548889
0, 110, 480, 33, 31, 0.5192950367927551
0, 356, 26, 30, 34, 0.5189389586448669
1, 252, 1239, 16, 19, 0.5167731642723083
0, 270, 298, 40, 37, 0.5149869322776794
0, 657, 1167, 38, 30, 0.5102196335792542
0, 469, 74, 28, 32, 0.5099772214889526
0, 33, 679, 26, 24, 0.5086779594421387
0, 101, 1045, 24, 27, 0.5086246132850647
0, 433, 204, 23, 37, 0.5085068941116333
0, 111, 927, 25, 20, 0.5077056288719177
0, 562, 754, 30, 26, 0.5076354742050171
0, 170, 889, 20, 21, 0.5060892701148987
0, 209, 752, 43, 24, 0.5032534003257751
0, 38, 1114, 30, 29, 0.5012465715408325
0, 79, 959, 24, 31, 0.4969596862792969
0, 747, 62, 21, 31, 0.4986943304538727
0, 669, 1241, 25, 25, 0.4999547600746155
0, 705, 500, 30, 30, 0.4957364797592163
