2, 315, 144, 31, 33, 0.8611383316267788
2, 602, 264, 28, 29, 0.9022797838151382
2, 31, 340, 25, 22, 0.864342940299946
2, 613, 110, 28, 24, 0.8556781534991049
2, 487, 13, 30, 25, 0.8659716228003126
2, 164, 17, 26, 28, 0.8444616434691716
3, 116, 235, 232, 228, 0.8816452915694454
2, 335, 123, 22, 18, 0.8295023373326063
3, 561, 258, 62, 34, 0.8866678080151311
3, 547, 351, 207, 45, 0.8552372517763082
2, 156, 20, 43, 35, 0.8497923409497125
2, 338, 129, 31, 28, 0.8546532314975279
2, 328, 132, 42, 32, 0.88975311819193
2, 618, 117, 37, 38, 0.8483326486676276
2, 32, 356, 26, 25, 0.8419536003630204
2, 592, 287, 19, 20, 0.8392648038411373
3, 543, 300, 211, 146, 0.8929143545428658
3, 11, 194, 22, 74, 0.8463020053422741
3, 81, 85, 162, 170, 0.9123429102468801
3, 210, 252, 34, 37, 0.8717157328713864
3, 646, 120, 9, 31, 0.8456466651502812
3, 288, 133, 22, 25, 0.8686510572237415
3, 116, 23, 34, 32, 0.852159150404916
3, 647, 247, 7, 30, 0.8333777532578664
3, 604, 15, 91, 31, 0.8484374477902672
3, 8, 209, 17, 36, 0.8231552149136339
