3, 170, 75, 59, 62, 0.9239960632972
3, 67, 43, 61, 52, 0.937862715774479
3, 42, 120, 74, 60, 0.8999329753293024
3, 132, 27, 67, 44, 0.918472414773774
3, 200, 106, 37, 59, 0.8626369287066386
3, 107, 77, 83, 76, 0.9429736618182052
3, 143, 119, 55, 40, 0.8954682318994531
3, 108, 93, 69, 47, 0.9229617357316432
3, 210, 61, 17, 34, 0.8787683337129119
3, 207, 35, 21, 23, 0.8505086371529929
2, 120, 86, 9, 7, 0.8129584616404442
3, 172, 143, 76, 27, 0.8677410297060542
3, 134, 65, 26, 32, 0.900206015559763
3, 120, 60, 55, 43, 0.9326840686225508
2, 94, 61, 10, 8, 0.8108713246245158
3, 180, 142, 40, 23, 0.8702150773487695
3, 105, 138, 66, 37, 0.8657112250348552
3, 216, 81, 4, 24, 0.8256044756765685
3, 209, 116, 19, 42, 0.8811128425476751
3, 20, 13, 41, 27, 0.8757863054999256
3, 207, 50, 23, 56, 0.8901256903165805
2, 121, 88, 12, 11, 0.8284896502895023
3, 188, 5, 59, 11, 0.8527426763110145
2, 154, 77, 7, 8, 0.81404716259418
3, 215, 72, 6, 47, 0.8311197179764326
3, 125, 125, 93, 63, 0.9032992362941686
3, 144, 39, 38, 20, 0.9136216768249402
3, 204, 25, 28, 50, 0.87714337813472
3, 94, 61, 10, 8, 0.8108713246245158
3, 101, 70, 70, 41, 0.9190333177946504
3, 7, 128, 14, 50, 0.835301846055201
3, 173, 17, 37, 32, 0.9025169781413045
3, 216, 16, 4, 30, 0.8433612190990418
3, 128, 88, 28, 23, 0.9345224963114095
3, 177, 152, 77, 9, 0.8415063985621248
3, 75, 65, 71, 92, 0.9405635793961822
3, 157, 19, 66, 38, 0.8951029880222695
3, 205, 80, 26, 72, 0.8700710817142272
3, 146, 31, 38, 32, 0.9244792176113152
3, 113, 51, 88, 90, 0.9499864079778465
3, 207, 101, 20, 44, 0.8739142648882647
3, 212, 66, 13, 20, 0.8734114765778854
3, 45, 85, 11, 13, 0.8469066857188837
3, 89, 64, 27, 17, 0.8271769784902882
3, 211, 17, 10, 11, 0.8389172931164004
