0, 212, 576, 43, 44, 0.9246966844112391
0, 550, 529, 40, 40, 0.9510716226196975
0, 275, 506, 35, 38, 0.9714342338263766
0, 488, 629, 41, 36, 0.8705338884273558
0, 384, 436, 44, 46, 0.9265826630492281
0, 536, 191, 37, 36, 0.9775956725628309
0, 534, 480, 40, 38, 0.920276259501134
0, 481, 109, 42, 37, 0.9608222058048567
0, 94, 448, 38, 35, 0.9522190890971567
0, 422, 308, 37, 33, 0.9535100296968647
0, 616, 337, 36, 40, 0.9032852910255589
0, 372, 240, 32, 30, 0.9488334995396677
0, 71, 589, 37, 41, 0.9182280048972244
0, 306, 408, 37, 42, 0.9420045073345327
0, 462, 351, 48, 38, 0.9205966026173203
0, 120, 269, 36, 24, 0.9059379083819836
0, 581, 615, 40, 38, 0.918626249939851
0, 450, 396, 37, 39, 0.9296684589218687
0, 46, 405, 29, 32, 0.9398725198859066
0, 56, 486, 40, 44, 0.9402197427649224
0, 408, 239, 32, 26, 0.945237165246282
0, 536, 86, 39, 27, 0.9323720777236414
0, 465, 290, 36, 26, 0.9672760461008184
0, 89, 326, 32, 26, 0.9455589023276957
0, 221, 540, 36, 27, 0.9123994256900445
0, 498, 383, 39, 35, 0.9404818471189864
0, 193, 444, 32, 29, 0.9627258127954953
0, 568, 172, 40, 34, 0.9403928599764506
0, 348, 220, 31, 30, 0.9527337439716286
0, 315, 373, 32, 26, 0.92052632331695
0, 302, 457, 33, 33, 0.930450711167443
0, 521, 439, 44, 39, 0.9427115385743084
0, 262, 382, 33, 35, 0.9417805609395582
0, 125, 430, 32, 31, 0.957435175060573
0, 373, 557, 38, 39, 0.9345493727182008
0, 229, 511, 38, 36, 0.9293872595869025
0, 397, 71, 26, 26, 0.9592496240460022
0, 625, 424, 41, 39, 0.9139884915010766
0, 377, 604, 24, 35, 0.9407556836011268
0, 423, 502, 31, 37, 0.925572375683997
0, 28, 393, 30, 27, 0.9207409365080994
0, 120, 192, 35, 35, 0.9492865329192687
0, 12, 599, 24, 37, 0.9380467081046427
0, 380, 292, 34, 28, 0.9536509069445582
0, 443, 535, 33, 34, 0.9580214758311723
0, 150, 570, 30, 29, 0.9259393303276962
0, 441, 459, 34, 30, 0.9304149209498205
0, 82, 251, 29, 28, 0.9456069673479449
0, 619, 87, 26, 28, 0.9566131421433682
0, 115, 356, 34, 31, 0.9549110365668518
0, 204, 357, 31, 25, 0.9479785119318473
0, 583, 148, 31, 24, 0.965506861795655
0, 117, 607, 32, 33, 0.9104370734749908
0, 254, 306, 38, 23, 0.9409535024896883
0, 480, 41, 34, 27, 0.9507185365332849
0, 58, 364, 40, 23, 0.9218418645572249
0, 141, 519, 36, 32, 0.9288135312171513
0, 209, 250, 27, 25, 0.905442379511942
0, 336, 617, 30, 31, 0.9744951850067636
0, 170, 458, 32, 34, 0.9732445244560624
0, 127, 317, 31, 29, 0.9557538281714495
0, 331, 548, 26, 29, 0.9715458469359339
0, 535, 247, 29, 26, 0.9254983999741891
0, 276, 404, 31, 30, 0.939253224725489
0, 283, 276, 36, 30, 0.950041982513404
0, 542, 581, 38, 38, 0.9096603720376335
0, 357, 580, 33, 29, 0.9235597919932315
0, 295, 249, 33, 21, 0.9086521843561208
0, 415, 389, 24, 34, 0.9396041784274455
0, 556, 275, 28, 28, 0.9407208870964059
0, 23, 278, 32, 24, 0.9055144075081332
0, 147, 405, 41, 35, 0.9410107806491385
0, 448, 494, 33, 34, 0.9596346516936871
0, 459, 248, 33, 25, 0.9285407811471027
0, 163, 322, 30, 22, 0.9561853446102666
0, 356, 269, 30, 28, 0.915068450778501
0, 228, 621, 31, 34, 0.9513094409456089
0, 192, 385, 27, 24, 0.9355416053169949
0, 134, 225, 31, 38, 0.9293241068742221
0, 485, 266, 32, 25, 0.9496736257212272
0, 94, 223, 31, 23, 0.9329041125438904
0, 575, 104, 30, 22, 0.9547845871250833
0, 466, 598, 34, 40, 0.9230694470912764
0, 334, 249, 32, 28, 0.950155498017441
0, 589, 36, 32, 31, 0.9494399042717443
0, 222, 268, 33, 22, 0.9158518090819014
0, 214, 320, 40, 23, 0.939990833831158
0, 243, 248, 30, 29, 0.9476264767745974
0, 513, 608, 36, 40, 0.9105646437034349
0, 368, 155, 27, 23, 0.9325358225022521
0, 109, 298, 29, 25, 0.9415456354811524
0, 603, 129, 33, 30, 0.9335114754331965
0, 208, 473, 35, 24, 0.8997725465269322
0, 186, 304, 38, 25, 0.9454893895665373
0, 309, 77, 26, 25, 0.9369472300110473
0, 584, 547, 29, 31, 0.9649032488489819
0, 505, 74, 27, 28, 0.9374508961133647
0, 402, 41, 33, 26, 0.9400280807730558
0, 397, 327, 32, 29, 0.9160836641697288
0, 502, 172, 31, 29, 0.9311076842155354
0, 259, 264, 31, 28, 0.9561613397638246
0, 39, 541, 34, 39, 0.9087208634958159
0, 186, 246, 24, 26, 0.9270915276230749
0, 487, 237, 34, 22, 0.9056938031209897
0, 350, 479, 31, 23, 0.9111581391482257
0, 71, 307, 31, 22, 0.9575865783149333
0, 437, 118, 33, 24, 0.8959330252259655
0, 191, 416, 25, 25, 0.8952038693928046
0, 227, 388, 30, 21, 0.911327984176657
0, 119, 390, 27, 32, 0.9490539750935687
0, 407, 99, 29, 24, 0.9149601854813838
0, 351, 33, 27, 23, 0.9358437291928554
0, 492, 514, 46, 36, 0.9287028312215267
0, 191, 135, 31, 28, 0.9441457610687854
0, 125, 542, 29, 32, 0.9496330186974842
0, 343, 179, 28, 29, 0.960022563009351
0, 353, 99, 36, 21, 0.8788408581662237
0, 449, 170, 25, 28, 0.9690489983436846
0, 245, 77, 29, 28, 0.9381472224227083
0, 595, 208, 34, 25, 0.8923083178050637
0, 33, 17, 33, 26, 0.9419968548144694
0, 38, 440, 22, 20, 0.8971785205925268
0, 495, 17, 25, 24, 0.8949719192732508
0, 12, 557, 24, 28, 0.8992278116751816
0, 346, 143, 21, 27, 0.9257224257818029
0, 378, 356, 36, 26, 0.9132022360141809
0, 412, 213, 43, 25, 0.92985137171366
0, 217, 414, 25, 28, 0.8815418937969898
0, 249, 361, 26, 23, 0.9296766171552384
0, 151, 604, 37, 36, 0.9703455228067085
0, 142, 370, 25, 23, 0.9344714929379933
0, 194, 218, 26, 22, 0.9466632973531726
0, 317, 182, 27, 21, 0.9123648006015673
0, 518, 121, 30, 24, 0.9385287249385864
0, 295, 174, 28, 26, 0.9391637738880663
0, 625, 287, 25, 22, 0.879683006351587
0, 539, 58, 28, 24, 0.9524848337373965
0, 573, 79, 26, 23, 0.9108515447212294
0, 256, 225, 29, 25, 0.9184556536534175
0, 280, 125, 34, 21, 0.9162424264409053
0, 654, 429, 18, 43, 0.8747816109502192
0, 655, 353, 17, 32, 0.8659777214704569
0, 283, 90, 25, 30, 0.9401925399909071
0, 104, 497, 26, 21, 0.9246578407717922
0, 381, 176, 23, 23, 0.9008432428199329
0, 565, 128, 29, 22, 0.9061379239085273
0, 506, 216, 29, 25, 0.9528699365180912
0, 485, 584, 30, 33, 0.9174894904166369
0, 4, 520, 9, 38, 0.8192160040412431
0, 297, 137, 25, 25, 0.9331919557073499
0, 86, 187, 29, 24, 0.9393605665651418
0, 32, 79, 28, 18, 0.9341354422485945
0, 309, 537, 23, 29, 0.9267198750749365
0, 566, 591, 27, 30, 0.9125356518007306
0, 39, 212, 33, 23, 0.9359104079263613
0, 168, 355, 31, 23, 0.9112376907075554
0, 58, 188, 25, 20, 0.9425169200168977
0, 329, 503, 32, 29, 0.9247271489009241
0, 335, 9, 24, 18, 0.8837110997764475
0, 168, 375, 27, 22, 0.9114988597648432
0, 121, 46, 28, 19, 0.8952543181726862
0, 407, 359, 32, 32, 0.9339855836497176
0, 374, 202, 22, 20, 0.8516797789368568
0, 103, 552, 29, 32, 0.9045525559958221
0, 237, 346, 27, 21, 0.9073962992701953
0, 649, 257, 24, 34, 0.8610454511619369
0, 418, 177, 26, 25, 0.9192889454188915
0, 615, 21, 29, 30, 0.9174456904408372
0, 316, 216, 24, 18, 0.8490821548870147
0, 538, 110, 38, 22, 0.9162209023774417
0, 241, 600, 29, 33, 0.952040524489059
0, 455, 221, 32, 19, 0.900666131252879
0, 16, 328, 25, 21, 0.8467300127319571
0, 329, 129, 24, 23, 0.9154154037702593
0, 428, 431, 35, 35, 0.924317190346126
0, 455, 202, 24, 22, 0.9368740245726832
0, 408, 273, 63, 40, 0.9303108448154465
0, 212, 638, 36, 27, 0.8800004897857606
0, 325, 453, 19, 20, 0.8854217488004683
0, 113, 157, 32, 27, 0.9525940327489419
0, 24, 259, 34, 21, 0.8801816851255307
0, 658, 509, 10, 29, 0.8440259049526517
0, 274, 441, 28, 31, 0.914685897206586
0, 36, 301, 27, 18, 0.930796614272222
3, 74, 117, 141, 107, 0.907340250169224
