1, 938, 588, 20, 21, 0.9226600686828368
1, 281, 133, 18, 17, 0.9345165060072397
1, 382, 715, 19, 18, 0.9355329435037326
1, 887, 678, 20, 18, 0.8808492575428398
1, 32, 122, 18, 17, 0.9466278067944265
1, 103, 276, 17, 18, 0.9299051872182615
1, 333, 262, 18, 18, 0.934963435405781
1, 184, 233, 20, 18, 0.9631310501183179
1, 230, 119, 19, 17, 0.9542542344205793
1, 582, 97, 18, 22, 0.9644574691375889
1, 173, 134, 18, 18, 0.9239997066071589
1, 911, 786, 21, 19, 0.9037415078752079
1, 406, 277, 17, 19, 0.9312957285605252
1, 459, 121, 20, 18, 0.9211503761356323
1, 105, 312, 19, 20, 0.9246563019779498
1, 939, 640, 17, 18, 0.8667180021657654
1, 484, 436, 17, 22, 0.9360122170048943
1, 625, 321, 19, 18, 0.9457918330635051
1, 673, 320, 19, 17, 0.9619912395992986
1, 719, 250, 18, 22, 0.9233610688719363
1, 262, 766, 21, 17, 0.8887759779184791
1, 123, 273, 18, 20, 0.9429057764460052
1, 359, 387, 19, 19, 0.9203329721122407
1, 914, 763, 18, 19, 0.9346411572772937
1, 680, 715, 20, 17, 0.9357977588518154
1, 299, 56, 19, 17, 0.9600034535512353
1, 447, 436, 19, 20, 0.8766107514261459
1, 68, 264, 20, 21, 0.9472450586344201
1, 683, 300, 18, 19, 0.8464472709367592
1, 417, 677, 17, 19, 0.9332301090368192
1, 444, 47, 21, 21, 0.9474640530623744
1, 353, 325, 18, 19, 0.9401554371709906
1, 348, 716, 19, 16, 0.9607452239494348
1, 831, 447, 18, 18, 0.9017227492053046
1, 438, 562, 17, 20, 0.9540220903708843
1, 750, 92, 20, 18, 0.9390526423407175
1, 546, 24, 18, 19, 0.9493068801998632
1, 426, 536, 16, 20, 0.922099483630485
1, 962, 436, 21, 19, 0.931653432553543
1, 298, 660, 17, 20, 0.8761660015414017
1, 916, 378, 17, 19, 0.97143915657987
1, 888, 589, 17, 23, 0.8901062209866097
1, 945, 361, 21, 21, 0.9525476808147246
1, 796, 218, 19, 20, 0.9130993641119226
1, 336, 84, 19, 18, 0.9468637377106559
1, 229, 260, 18, 19, 0.9643932942168215
1, 320, 59, 20, 21, 0.9286789620170677
1, 77, 100, 17, 19, 0.9247127839428568
1, 862, 560, 21, 26, 0.8884646509745441
1, 408, 543, 18, 17, 0.9367437193417482
1, 331, 724, 18, 17, 0.9460295337343088
1, 268, 390, 21, 20, 0.8933373438285023
1, 172, 180, 22, 20, 0.9086079562856446
1, 561, 52, 21, 20, 0.9008068403368722
1, 428, 279, 19, 18, 0.9167796988962049
1, 545, 146, 19, 20, 0.9198341358735768
1, 168, 324, 16, 23, 0.9663342677162161
1, 987, 679, 19, 20, 0.9538325975672931
1, 304, 169, 19, 18, 0.9106707671656337
1, 897, 628, 18, 23, 0.9284931617533244
1, 391, 147, 20, 21, 0.9089799505974268
1, 262, 90, 18, 18, 0.9346780898689051
1, 691, 213, 20, 27, 0.8491647498438617
1, 929, 90, 18, 20, 0.9532981847020863
1, 476, 30, 19, 19, 0.9361106820845811
1, 481, 125, 19, 19, 0.9488523829354065
1, 888, 727, 21, 26, 0.918016320931595
1, 194, 109, 17, 16, 0.933807295727183
1, 388, 75, 21, 22, 0.9496466990658674
1, 935, 506, 17, 17, 0.9527691483384151
1, 261, 289, 18, 16, 0.9035336611034044
1, 752, 262, 18, 19, 0.9335315209915526
1, 519, 127, 18, 18, 0.9405744006836686
1, 82, 491, 17, 18, 0.9465998922673692
1, 343, 62, 19, 17, 0.9160221016403851
1, 999, 189, 14, 24, 0.8839152749132295
1, 871, 858, 19, 19, 0.9135901451181316
1, 965, 790, 18, 21, 0.9178101410221842
1, 165, 777, 22, 18, 0.9142788667794539
1, 469, 497, 29, 30, 0.9071130441913509
1, 645, 326, 18, 24, 0.9209163086107918
1, 890, 699, 19, 19, 0.9291377912123969
1, 706, 718, 20, 16, 0.8815168052371682
1, 338, 149, 18, 21, 0.8242262506429816
1, 953, 105, 24, 25, 0.9339036911443567
1, 136, 121, 19, 18, 0.9504666191473384
1, 493, 160, 16, 22, 0.8817203560461542
1, 229, 637, 19, 16, 0.9688776529291572
1, 28, 390, 20, 19, 0.9239147769781615
1, 337, 411, 23, 17, 0.9561989145473757
1, 501, 71, 19, 22, 0.9246208480241831
1, 373, 108, 19, 17, 0.9082252882146957
1, 310, 641, 19, 21, 0.9305015785215919
1, 97, 372, 19, 17, 0.9616911511703037
1, 624, 25, 20, 18, 0.9261241835316453
1, 302, 742, 17, 17, 0.9293938411600119
1, 468, 891, 19, 18, 0.9509589660351636
1, 670, 856, 19, 21, 0.923610403381328
1, 41, 862, 20, 18, 0.9193753153479699
1, 585, 428, 21, 22, 0.9354142570118019
1, 966, 472, 18, 20, 0.9520561103368396
1, 839, 603, 18, 23, 0.934161154034928
1, 904, 323, 15, 18, 0.9517151638085292
1, 790, 262, 17, 19, 0.926138601766092
1, 445, 164, 19, 18, 0.9185119174713132
1, 214, 238, 20, 19, 0.9260481447444624
1, 874, 491, 16, 22, 0.8857689687138345
1, 755, 233, 21, 31, 0.9510271632409002
1, 215, 100, 19, 20, 0.9433228805910078
1, 209, 259, 19, 19, 0.9439797928397434
1, 851, 174, 26, 23, 0.8777132578015663
1, 685, 252, 21, 17, 0.9059570895404271
1, 76, 384, 22, 18, 0.9196858418180155
1, 714, 855, 18, 20, 0.9666006093644123
1, 806, 45, 26, 24, 0.9084775820724859
1, 475, 170, 18, 18, 0.9460210033184664
1, 42, 410, 19, 21, 0.8811095869032411
1, 7, 399, 14, 24, 0.9233847859152706
1, 441, 842, 17, 22, 0.909222313302654
1, 761, 743, 21, 23, 0.8615180131019969
1, 398, 309, 17, 18, 0.9300906614076447
1, 945, 842, 20, 17, 0.9527038075136833
1, 888, 235, 29, 26, 0.9141375555841096
1, 714, 489, 26, 27, 0.848224269600941
1, 393, 683, 21, 18, 0.929688847975054
1, 225, 151, 18, 21, 0.910465233811279
1, 14, 868, 19, 16, 0.9444109487265531
1, 170, 19, 19, 18, 0.9378627876028822
1, 152, 108, 19, 17, 0.9191628610899978
1, 193, 210, 20, 18, 0.9346168961331733
1, 185, 261, 20, 20, 0.950243889944802
1, 149, 20, 17, 18, 0.9548291751277009
1, 351, 135, 18, 19, 0.919280097019352
1, 802, 248, 15, 21, 0.9705846776248577
1, 895, 652, 20, 19, 0.8913254069190266
1, 980, 32, 16, 17, 0.9436042649996366
1, 641, 699, 17, 18, 0.9355568499187524
1, 844, 109, 18, 21, 0.9447334539368226
1, 646, 372, 24, 23, 0.871444457860339
1, 185, 285, 18, 19, 0.9565352329029021
1, 520, 542, 15, 15, 0.8891083768608019
1, 954, 134, 29, 29, 0.8986888478319509
1, 452, 641, 19, 21, 0.9584091187678752
1, 413, 385, 17, 17, 0.8435696009102112
1, 482, 386, 15, 16, 0.9518526097920375
1, 783, 170, 18, 21, 0.9445249352506512
1, 30, 788, 17, 18, 0.8308761696563532
1, 158, 234, 18, 17, 0.9286833695857117
1, 782, 39, 18, 20, 0.9487654704880514
1, 259, 717, 25, 21, 0.8434504884884498
1, 19, 589, 15, 14, 0.8584657168600832
1, 420, 183, 21, 20, 0.8506604373907954
1, 1001, 646, 11, 19, 0.8728488710144187
1, 306, 209, 18, 18, 0.8711575626855775
1, 34, 260, 18, 18, 0.9296386568246678
1, 27, 317, 20, 19, 0.8612601349168816
1, 863, 786, 17, 16, 0.9257545135280608
1, 438, 259, 18, 20, 0.9102958984870159
1, 823, 519, 16, 20, 0.9596962805047385
1, 40, 884, 28, 21, 0.9495778541604112
1, 826, 57, 16, 19, 0.9258279485190147
1, 367, 756, 25, 25, 0.923916026823706
1, 13, 891, 20, 20, 0.9117416559983398
1, 865, 720, 18, 19, 0.9376315044415002
1, 448, 601, 17, 15, 0.9457236430154745
1, 728, 168, 22, 21, 0.9324635290792748
1, 898, 289, 18, 16, 0.8463772366385862
1, 290, 224, 20, 20, 0.9414274912516944
1, 870, 749, 22, 18, 0.8454847045985926
1, 294, 148, 18, 17, 0.9267320005124708
1, 445, 754, 16, 18, 0.9305845967164369
1, 756, 190, 18, 18, 0.9085709092948158
1, 987, 700, 19, 18, 0.935992882121996
1, 437, 685, 18, 18, 0.9226255333482669
1, 60, 223, 19, 16, 0.953837261237436
1, 480, 549, 18, 22, 0.8761552239584969
1, 228, 180, 20, 19, 0.964039189734365
1, 186, 321, 19, 21, 0.9398861206762391
1, 286, 881, 16, 21, 0.9279558916952226
1, 589, 405, 18, 20, 0.9559775038796692
1, 310, 119, 19, 16, 0.923275239122281
1, 370, 125, 19, 15, 0.8536197881050531
1, 605, 549, 17, 20, 0.9375008800251011
1, 480, 689, 21, 24, 0.8981154552166658
1, 352, 361, 22, 25, 0.9124449342426175
1, 697, 649, 16, 16, 0.8959533464900272
1, 436, 461, 16, 23, 0.9138749670143445
1, 252, 111, 20, 17, 0.9512698490052165
1, 958, 266, 21, 21, 0.8635718984297674
1, 733, 647, 18, 17, 0.9314041536952838
1, 880, 108, 20, 22, 0.9615343566792913
1, 697, 462, 19, 19, 0.9509246584636125
1, 469, 185, 18, 19, 0.9385336944546877
1, 746, 860, 19, 16, 0.8964434478105133
1, 453, 668, 21, 23, 0.929258260645575
1, 37, 236, 16, 19, 0.8912184861871513
1, 971, 566, 19, 22, 0.8995870918380952
1, 77, 364, 18, 17, 0.9531441629546327
1, 28, 19, 21, 17, 0.9719246880120301
1, 636, 856, 21, 18, 0.9205125570754944
1, 317, 197, 16, 17, 0.9685202000210588
1, 470, 348, 16, 16, 0.9136035391764861
1, 806, 669, 21, 28, 0.9249006029232563
1, 957, 513, 16, 20, 0.8960272945613317
1, 864, 126, 20, 20, 0.9003177249896291
1, 772, 322, 21, 19, 0.903075795256297
1, 918, 636, 17, 19, 0.9337955486453025
1, 901, 27, 17, 18, 0.8954669680848885
1, 885, 192, 17, 16, 0.8960730992215503
1, 905, 197, 16, 17, 0.9074513751659392
1, 369, 592, 26, 30, 0.871799709935776
1, 77, 304, 21, 20, 0.9028595901706229
1, 425, 343, 22, 20, 0.9389530844421458
1, 383, 173, 29, 20, 0.8962518650936678
1, 220, 281, 17, 18, 0.9677900783767437
1, 334, 390, 19, 18, 0.8949594449383831
1, 15, 198, 19, 14, 0.8627125109144146
1, 995, 418, 20, 24, 0.8978370160921243
1, 16, 850, 20, 18, 0.9263532487154111
1, 269, 451, 20, 21, 0.8957519420622029
1, 672, 654, 16, 18, 0.8830846255498138
1, 780, 65, 19, 19, 0.9190124801430363
1, 393, 288, 15, 18, 0.9391556172050952
1, 218, 214, 18, 16, 0.9179689926841602
1, 992, 386, 18, 27, 0.942442239146876
1, 456, 856, 17, 18, 0.8877771917081747
1, 889, 271, 20, 18, 0.9246035450028721
1, 1001, 728, 10, 23, 0.8624525882302957
1, 329, 440, 21, 18, 0.9290238506210997
1, 555, 500, 17, 24, 0.885589156449232
1, 987, 463, 24, 22, 0.9246692528304212
1, 446, 83, 20, 19, 0.8509232918575971
1, 1000, 848, 12, 27, 0.848532172206038
1, 902, 389, 15, 26, 0.9328335893885699
1, 829, 209, 18, 19, 0.9437073010665936
1, 442, 876, 20, 17, 0.9123122157367286
1, 295, 263, 16, 21, 0.9235656323838389
1, 676, 377, 19, 25, 0.9098019398148868
1, 6, 319, 13, 27, 0.9357516362597679
1, 167, 42, 18, 18, 0.8587260481647713
1, 511, 158, 19, 21, 0.8734430643391268
1, 161, 252, 17, 18, 0.9472686629780789
1, 514, 506, 22, 27, 0.9305205122149798
1, 449, 363, 20, 17, 0.9264317851487681
1, 904, 599, 15, 16, 0.9006178677344677
1, 588, 876, 20, 19, 0.9085015145320413
1, 4, 262, 9, 21, 0.8497427098072391
1, 527, 751, 20, 18, 0.9127198166010762
1, 433, 515, 19, 24, 0.9484994193617895
1, 392, 216, 16, 17, 0.899770366331131
1, 167, 283, 19, 18, 0.9223103990622443
1, 919, 616, 18, 19, 0.8991282710947004
1, 598, 725, 19, 25, 0.861535034020054
1, 517, 258, 27, 27, 0.8725707894518941
1, 28, 143, 16, 16, 0.9604709522585124
1, 241, 287, 18, 22, 0.9325493766020956
1, 975, 336, 19, 24, 0.8472950200714318
1, 247, 202, 17, 19, 0.9580685619640497
1, 833, 287, 18, 19, 0.8652047874158966
1, 720, 734, 17, 15, 0.9393043227064979
1, 347, 114, 24, 19, 0.9501767146864549
1, 943, 307, 16, 16, 0.9279057786704717
1, 621, 141, 21, 18, 0.8832319544406234
1, 859, 628, 17, 19, 0.9452670290376426
1, 982, 516, 23, 26, 0.892051015689715
1, 907, 172, 22, 25, 0.9095793629374938
1, 747, 309, 19, 22, 0.9147089269485856
1, 830, 263, 18, 20, 0.9534599543918029
1, 355, 80, 16, 20, 0.8847053884203402
1, 622, 344, 16, 17, 0.9042982651656257
1, 704, 739, 17, 22, 0.935282701084867
1, 802, 557, 15, 19, 0.9518891298237413
1, 829, 819, 17, 18, 0.9425415917496334
1, 958, 203, 17, 17, 0.8888150341206381
1, 847, 252, 17, 28, 0.9486853571956623
1, 309, 99, 18, 17, 0.8646905675906291
1, 409, 138, 18, 21, 0.9093698974906375
1, 868, 202, 21, 28, 0.924059693119899
1, 21, 273, 19, 17, 0.8789442641260198
1, 856, 51, 21, 21, 0.9318376676675246
1, 793, 332, 20, 17, 0.9231384846822805
1, 815, 781, 21, 18, 0.8616213887343268
