2, 111, 195, 23, 25, 0.9158446255337162
2, 114, 53, 25, 25, 0.8623567346691369
2, 34, 135, 36, 31, 0.8648466402176721
2, 128, 178, 24, 24, 0.903743463715615
2, 89, 61, 28, 29, 0.8946029691318109
2, 117, 79, 26, 25, 0.8300362412159765
2, 187, 154, 27, 24, 0.858154059877084
2, 91, 91, 35, 30, 0.8454604556473381
2, 176, 172, 26, 23, 0.857113568489079
2, 57, 82, 27, 27, 0.9411095710412956
2, 117, 157, 23, 23, 0.8746689925392502
2, 188, 5, 23, 10, 0.808618162779976
2, 97, 177, 26, 24, 0.9218554615995534
2, 140, 20, 27, 26, 0.9255803721937744
2, 38, 100, 39, 35, 0.8602147951252892
2, 108, 156, 22, 19, 0.8407820390119672
2, 45, 110, 26, 28, 0.8927291143156012
3, 194, 216, 55, 11, 0.824999170459468
2, 86, 88, 18, 19, 0.8286934830913942
3, 162, 81, 55, 57, 0.8496313113149095
3, 36, 198, 73, 47, 0.8660468067401598
2, 122, 4, 29, 8, 0.820692533032402
2, 98, 94, 21, 26, 0.8348271854028667
2, 101, 91, 13, 15, 0.8070412515346939
2, 220, 84, 3, 37, 0.8371321477545495
2, 103, 86, 63, 42, 0.8499100139141469
2, 179, 5, 53, 11, 0.8177222253996043
2, 4, 3, 9, 6, 0.8058670657757259
3, 124, 5, 36, 10, 0.8551565914753869
3, 175, 215, 72, 13, 0.8442995611353604
3, 97, 213, 70, 16, 0.850303429487142
3, 14, 4, 28, 8, 0.836950616496713
3, 188, 120, 66, 49, 0.851036906405182
3, 21, 188, 42, 67, 0.8601463906034158
3, 220, 84, 3, 39, 0.8367891967244107
3, 160, 7, 53, 14, 0.8126998640647186
3, 58, 12, 82, 24, 0.8751822203234008
3, 110, 11, 72, 23, 0.8970281354699028
3, 14, 216, 29, 11, 0.8482529147968247
3, 98, 94, 22, 25, 0.8320525159215277
