2, 94, 88, 31, 29, 0.91424724975466
2, 94, 13, 24, 24, 0.9134971188349085
3, 26, 10, 45, 21, 0.8494849735994722
2, 65, 93, 29, 31, 0.9011950139548554
2, 42, 110, 25, 26, 0.9088461053716881
2, 33, 131, 18, 23, 0.8788981886917637
3, 124, 19, 34, 36, 0.8623176565532288
2, 53, 70, 25, 23, 0.8898369585586148
2, 124, 19, 34, 35, 0.8591625128375231
3, 62, 137, 28, 26, 0.8667972806837912
2, 101, 139, 24, 22, 0.8557873769203069
2, 61, 136, 28, 26, 0.85960687297757
3, 65, 93, 30, 30, 0.8980333475075187
3, 103, 47, 38, 42, 0.9191057503850038
3, 34, 4, 27, 8, 0.8384406038831174
3, 139, 133, 15, 34, 0.8603996048416755
3, 96, 137, 44, 27, 0.8795040843582258
3, 65, 40, 35, 36, 0.9395133385372211
3, 108, 131, 66, 38, 0.8717365470112226
3, 13, 28, 24, 24, 0.8581257509004919
3, 32, 131, 65, 38, 0.869577946952176
3, 129, 89, 34, 36, 0.8505935553882626
3, 52, 68, 27, 25, 0.9168358416169635
3, 111, 3, 30, 7, 0.8203474960131948
3, 128, 118, 33, 26, 0.8469795773744007
3, 63, 147, 39, 6, 0.838442171800934
3, 98, 43, 25, 24, 0.9284565925233289
2, 42, 117, 14, 11, 0.8543158521223524
3, 113, 147, 46, 7, 0.8468921937650329
3, 28, 146, 48, 9, 0.8506225343469307
3, 114, 1, 30, 3, 0.8288066628140609
2, 39, 62, 9, 9, 0.801285683622099
3, 124, 137, 27, 26, 0.8754105805131525
2, 118, 135, 15, 19, 0.8363707283123979
3, 75, 148, 36, 5, 0.83993812383188
3, 99, 146, 52, 8, 0.8428967013053232
3, 41, 74, 51, 42, 0.8658567514102832
3, 22, 33, 43, 47, 0.8811855016009804
3, 139, 147, 14, 7, 0.8408748876476224
3, 73, 10, 55, 21, 0.9047745493815881
3, 102, 32, 39, 64, 0.9050298762051923
3, 86, 5, 32, 11, 0.8450910441785466
3, 63, 79, 35, 62, 0.8780935096626192
3, 127, 128, 38, 43, 0.8845237441390524
3, 60, 7, 31, 15, 0.896129301935871
