0, 416.0, 166.0, 18.0, 17.0, 0.479382187128067
0, 45.0, 124.0, 18.0, 16.0, 0.4450468420982361
0, 210.0, 412.0, 18.0, 16.0, 0.43354010581970215
0, 377.0, 253.0, 15.0, 13.0, 0.40158209204673767
0, 39.0, 268.0, 14.0, 16.0, 0.38678398728370667
0, 928.0, 430.0, 16.0, 20.0, 0.376047819852829
0, 238.0, 380.0, 14.0, 16.0, 0.3752325475215912
0, 399.0, 157.0, 16.0, 17.0, 0.37107977271080017
0, 144.0, 382.0, 17.0, 16.0, 0.37096843123435974
0, 750.0, 60.0, 17.0, 17.0, 0.3528207540512085
0, 232.0, 504.0, 17.0, 18.0, 0.3499864935874939
0, 548.0, 267.0, 15.0, 15.0, 0.3409140110015869
0, 913.0, 131.0, 17.0, 17.0, 0.32835492491722107
0, 673.0, 588.0, 17.0, 16.0, 0.3254871666431427
0, 192.0, 410.0, 15.0, 16.0, 0.32329362630844116
0, 596.0, 61.0, 17.0, 18.0, 0.32321077585220337
0, 242.0, 442.0, 19.0, 17.0, 0.3227611780166626
0, 526.0, 285.0, 16.0, 14.0, 0.3202778398990631
0, 352.0, 433.0, 15.0, 14.0, 0.31953516602516174
0, 576.0, 552.0, 15.0, 16.0, 0.3178919851779938
0, 332.0, 396.0, 16.0, 17.0, 0.3146682381629944
0, 200.0, 396.0, 14.0, 13.0, 0.3121207654476166
0, 454.0, 606.0, 15.0, 19.0, 0.3111755847930908
0, 245.0, 466.0, 17.0, 16.0, 0.31032538414001465
0, 260.0, 44.0, 16.0, 16.0, 0.3072109520435333
0, 208.0, 455.0, 17.0, 15.0, 0.3030306100845337
0, 591.0, 547.0, 15.0, 14.0, 0.3025042414665222
0, 776.0, 848.0, 16.0, 15.0, 0.30154144763946533
0, 209.0, 254.0, 16.0, 20.0, 0.3005625009536743
0, 183.0, 393.0, 13.0, 15.0, 0.2993418276309967
0, 409.0, 97.0, 18.0, 16.0, 0.2982390522956848
0, 197.0, 335.0, 15.0, 14.0, 0.2976436913013458
0, 584.0, 237.0, 17.0, 15.0, 0.2968316376209259
0, 604.0, 463.0, 18.0, 14.0, 0.29562482237815857
0, 119.0, 401.0, 18.0, 16.0, 0.2947410047054291
0, 952.0, 345.0, 18.0, 18.0, 0.2924215495586395
0, 395.0, 311.0, 15.0, 14.0, 0.288662314414978
0, 533.0, 353.0, 18.0, 18.0, 0.2885703146457672
0, 18.0, 127.0, 13.0, 15.0, 0.28771117329597473
0, 196.0, 220.0, 17.0, 15.0, 0.2867065370082855
0, 142.0, 357.0, 17.0, 22.0, 0.2829608917236328
0, 528.0, 322.0, 15.0, 17.0, 0.27929672598838806
0, 27.0, 295.0, 16.0, 16.0, 0.2760217487812042
0, 221.0, 431.0, 16.0, 16.0, 0.2750435769557953
0, 191.0, 205.0, 15.0, 15.0, 0.2722717225551605
0, 6.0, 135.0, 12.0, 13.0, 0.2713012993335724
0, 181.0, 171.0, 14.0, 18.0, 0.2662102282047272
0, 542.0, 461.0, 16.0, 19.0, 0.26610827445983887
0, 382.0, 149.0, 13.0, 17.0, 0.26269450783729553
0, 608.0, 507.0, 16.0, 14.0, 0.26140841841697693
0, 532.0, 255.0, 14.0, 15.0, 0.26110541820526123
0, 11.0, 289.0, 15.0, 16.0, 0.26097360253334045
0, 486.0, 589.0, 17.0, 15.0, 0.2607227563858032
0, 188.0, 305.0, 15.0, 14.0, 0.2533841133117676
0, 252.0, 6.0, 14.0, 13.0, 0.2526770234107971
