0, 637, 252, 144, 138, 0.16220630705356598
0, 388, 1272, 91, 89, 0.15594325959682465
0, 951, 1091, 68, 74, 0.15056084096431732
0, 330, 1336, 75, 62, 0.1463324874639511
0, 1515, 723, 34, 54, 0.10360915213823318
0, 1651, 408, 55, 77, 0.054458558559417725
0, 408, 1355, 38, 48, 0.03732078894972801
0, 451, 1256, 70, 35, 0.032471854239702225
0, 1599, 184, 32, 58, 0.02796454168856144
0, 1535, 709, 80, 82, 0.025778982788324356
0, 1003, 1019, 82, 61, 0.023560941219329834
0, 396, 1288, 73, 52, 0.02290595881640911
0, 378, 1063, 277, 253, 0.021526625379920006
0, 165, 1259, 56, 47, 0.020905746147036552
0, 1556, 693, 36, 44, 0.01810798980295658
0, 1114, 1112, 150, 53, 0.01667228527367115
0, 445, 1276, 73, 65, 0.014629267156124115
0, 1167, 591, 76, 76, 0.013044845312833786
0, 992, 945, 126, 130, 0.012239504605531693
0, 760, 203, 83, 67, 0.012197941541671753
0, 518, 442, 126, 159, 0.01204757485538721
0, 1608, 641, 75, 60, 0.007581749930977821
0, 1582, 131, 44, 33, 0.007172214798629284
0, 425, 1334, 37, 33, 0.006940540857613087
0, 1472, 709, 37, 48, 0.005738514009863138
0, 617, 880, 229, 237, 0.0055727832950651646
0, 814, 289, 101, 72, 0.005490003153681755
0, 327, 1042, 171, 187, 0.00503495242446661
0, 1569, 316, 63, 42, 0.004875704180449247
0, 1588, 157, 51, 78, 0.004441785626113415
0, 389, 1329, 97, 109, 0.004289081785827875
0, 969, 1204, 42, 41, 0.003979012370109558
0, 958, 984, 48, 38, 0.0035676483530551195
0, 1519, 718, 54, 75, 0.0035444162786006927
0, 1534, 175, 26, 34, 0.0034596514888107777
0, 1006, 770, 141, 193, 0.003392693819478154
0, 986, 926, 71, 78, 0.0033914411906152964
0, 303, 1012, 120, 131, 0.003101977286860347
0, 682, 245, 244, 173, 0.0026904407422989607
0, 452, 1251, 135, 79, 0.0026853838935494423
0, 660, 851, 144, 173, 0.00262594036757946
0, 1489, 135, 36, 44, 0.0026086843572556973
0, 1467, 808, 34, 49, 0.0025375434197485447
0, 1523, 484, 37, 52, 0.002382575999945402
0, 623, 235, 109, 85, 0.0020817669574171305
0, 345, 1123, 84, 80, 0.002053298056125641
0, 1010, 837, 125, 179, 0.002016534563153982
0, 1527, 348, 27, 36, 0.0017812447622418404
0, 280, 489, 32, 30, 0.0017508341697975993
0, 361, 1128, 147, 127, 0.001643921947106719
0, 1555, 688, 118, 132, 0.0016411305405199528
0, 1532, 538, 30, 28, 0.001535779214464128
0, 269, 512, 62, 75, 0.0015071872621774673
0, 1029, 883, 160, 172, 0.0014883574331179261
0, 1011, 918, 113, 86, 0.0014859444927424192
0, 434, 735, 138, 101, 0.0014710655668750405
0, 680, 198, 41, 51, 0.0014330967096611857
0, 819, 394, 240, 239, 0.0014128165785223246
0, 1507, 479, 49, 59, 0.0014058802044019103
0, 1045, 614, 180, 169, 0.001270004198886454
0, 328, 1094, 140, 119, 0.0012488800566643476
0, 417, 1267, 152, 107, 0.0012443182058632374
0, 1059, 585, 139, 102, 0.001224478823132813
0, 563, 912, 119, 184, 0.0012139115715399384
0, 942, 309, 96, 88, 0.0011843121610581875
0, 1034, 483, 144, 136, 0.0011126307072117925
0, 1480, 702, 56, 69, 0.0011009637964889407
0, 746, 281, 215, 100, 0.0009339204407297075
0, 686, 1121, 122, 126, 0.0009281925740651786
0, 1277, 1141, 15, 17, 0.0009190622949972749
0, 257, 526, 48, 51, 0.0009143226779997349
0, 421, 1347, 69, 77, 0.0009044334292411804
0, 738, 825, 91, 104, 0.000865691457875073
0, 380, 431, 103, 138, 0.0008366928086616099
0, 759, 1023, 100, 66, 0.0008190797525458038
0, 511, 950, 554, 679, 0.0008075747755356133
0, 638, 572, 184, 170, 0.0008070032927207649
0, 934, 241, 46, 34, 0.0007943655364215374
0, 190, 1336, 36, 28, 0.0007693263469263911
0, 1145, 1109, 86, 39, 0.0007436270243488252
0, 448, 886, 108, 97, 0.0007107303244993091
0, 212, 1401, 18, 19, 0.0006935885758139193
0, 715, 1085, 176, 181, 0.0006881600129418075
0, 373, 152, 723, 305, 0.0006813259096816182
0, 508, 5, 251, 10, 0.0006785812438465655
0, 624, 216, 690, 433, 0.0006519905291497707
0, 656, 199, 93, 72, 0.0006136622396297753
0, 421, 4, 274, 9, 0.000600106141064316
0, 1046, 870, 70, 123, 0.0006000717985443771
0, 288, 1018, 88, 87, 0.0005986174219287932
0, 977, 4, 252, 9, 0.0005979255074635148
0, 571, 1146, 191, 175, 0.0005913988570682704
0, 1041, 834, 57, 92, 0.0005903173005208373
0, 328, 1139, 82, 72, 0.0005785329849459231
0, 892, 5, 233, 11, 0.0005752407596446574
0, 550, 966, 101, 129, 0.0005745344678871334
0, 746, 423, 740, 763, 0.0005741477361880243
0, 986, 985, 67, 46, 0.0005732487770728767
0, 603, 6, 234, 12, 0.0005693193525075912
0, 423, 776, 170, 184, 0.0005650270613841712
0, 915, 181, 736, 362, 0.000563829846214503
0, 1746, 1344, 16, 110, 0.0005610542139038444
0, 956, 652, 638, 761, 0.0005587592022493482
0, 751, 1050, 125, 124, 0.0005516230594366789
0, 1547, 664, 27, 46, 0.0005488034221343696
0, 694, 7, 218, 15, 0.0005345272365957499
0, 784, 1005, 180, 128, 0.000533531594555825
0, 803, 7, 216, 14, 0.00051919772522524
0, 1070, 508, 65, 68, 0.0005102669238112867
0, 330, 733, 81, 78, 0.0005018846713937819
0, 626, 271, 108, 90, 0.0005018184310756624
0, 394, 1011, 222, 155, 0.0005001408280804753
0, 579, 976, 159, 188, 0.0004881134373135865
0, 834, 424, 160, 141, 0.00048153955140151083
0, 535, 954, 67, 95, 0.00045137645793147385
0, 1063, 4, 270, 9, 0.0004419561300892383
0, 1066, 859, 104, 186, 0.0004408991080708802
0, 829, 302, 188, 100, 0.00044085265835747123
0, 1011, 457, 100, 81, 0.0004186212318018079
0, 375, 916, 301, 463, 0.000416673778090626
0, 806, 1226, 17, 13, 0.0004163355042692274
0, 1613, 4, 263, 8, 0.000411955697927624
0, 571, 462, 159, 158, 0.00040519837057217956
0, 1422, 961, 30, 25, 0.00040449886000715196
0, 330, 989, 133, 93, 0.0004043644876219332
0, 1658, 329, 13, 19, 0.00039747561095282435
0, 611, 458, 75, 121, 0.00039127544732764363
0, 1474, 4, 263, 9, 0.00039120702422223985
0, 894, 750, 110, 127, 0.0003771588671952486
0, 320, 1235, 37, 23, 0.0003667255223263055
0, 1485, 462, 22, 32, 0.00036517917760647833
0, 717, 1202, 40, 17, 0.00036154541885480285
0, 642, 1122, 200, 188, 0.000359033903805539
0, 504, 664, 101, 76, 0.0003574102302081883
0, 1061, 917, 62, 62, 0.0003481884195934981
0, 1179, 156, 711, 312, 0.00034741967101581395
0, 365, 395, 58, 57, 0.00034531805431470275
0, 654, 717, 131, 125, 0.0003421746951062232
0, 696, 1148, 73, 72, 0.0003346650628373027
0, 279, 546, 73, 79, 0.0003208175185136497
0, 1406, 171, 656, 342, 0.00031926415977068245
0, 298, 453, 53, 44, 0.00031172088347375393
0, 1345, 490, 32, 22, 0.0003061943280044943
0, 966, 322, 151, 135, 0.00030055217212066054
0, 672, 551, 126, 107, 0.0002999750431627035
0, 869, 944, 82, 80, 0.0002929566544480622
0, 557, 865, 67, 82, 0.00029136729426681995
0, 603, 838, 164, 156, 0.00029075235943309963
0, 493, 1135, 162, 160, 0.00028859596932306886
0, 796, 1010, 37, 38, 0.0002827324497047812
0, 448, 931, 130, 189, 0.00028075918089598417
0, 831, 992, 99, 87, 0.00027928120107389987
0, 312, 1297, 30, 24, 0.0002771544095594436
0, 247, 538, 44, 53, 0.0002749239793047309
0, 1048, 717, 191, 134, 0.0002745638194028288
0, 277, 548, 97, 130, 0.00027166283689439297
0, 1070, 1112, 62, 39, 0.00026942751719616354
0, 593, 930, 40, 48, 0.0002675358555279672
0, 317, 496, 168, 109, 0.0002668694360181689
0, 1462, 854, 28, 24, 0.0002666112850420177
0, 562, 765, 731, 705, 0.0002576701226644218
0, 864, 429, 98, 83, 0.00025579953216947615
0, 601, 1171, 116, 88, 0.0002551416400820017
0, 1549, 206, 17, 18, 0.00025483823264949024
0, 667, 516, 175, 178, 0.00025159833603538573
0, 922, 599, 35, 47, 0.00025103212101385
0, 859, 966, 104, 132, 0.0002508722827769816
0, 1171, 4, 286, 8, 0.0002507678000256419
0, 741, 1010, 52, 34, 0.0002482989802956581
0, 267, 1030, 47, 55, 0.0002459557435940951
0, 1160, 613, 53, 104, 0.00024587323423475027
0, 224, 1406, 46, 32, 0.0002442849799990654
0, 1088, 717, 106, 110, 0.00024350783496629447
0, 331, 511, 78, 88, 0.00024288223357871175
0, 392, 323, 784, 646, 0.0002383561950409785
0, 994, 867, 79, 66, 0.00023764274374116212
0, 558, 308, 69, 69, 0.00023729837266728282
0, 366, 469, 111, 149, 0.00023504391720052809
0, 738, 1129, 135, 103, 0.00023488240549340844
0, 1365, 4, 277, 9, 0.00023211714869830757
0, 733, 1059, 51, 47, 0.00022900004114490002
0, 1136, 608, 145, 121, 0.00022863350750412792
0, 748, 1079, 91, 89, 0.00022623647237196565
0, 907, 351, 31, 27, 0.0002226229989901185
0, 1456, 598, 32, 41, 0.0002205504133598879
0, 307, 1145, 42, 51, 0.0002183269680244848
0, 1052, 534, 125, 116, 0.00021524699695874006
0, 919, 727, 170, 146, 0.00021516942069865763
0, 790, 331, 162, 172, 0.00021277126506902277
0, 684, 1121, 71, 60, 0.00021223959629423916
0, 1537, 678, 49, 79, 0.00021069313515909016
0, 257, 557, 51, 98, 0.0002094934316119179
0, 432, 342, 106, 66, 0.0002094932133331895
0, 703, 174, 168, 125, 0.00020894245244562626
0, 1004, 672, 119, 179, 0.00020857559866271913
0, 402, 822, 103, 75, 0.00020770220726262778
0, 639, 210, 128, 112, 0.00020735393627546728
0, 1082, 883, 75, 126, 0.0002059812832158059
0, 351, 450, 186, 185, 0.0002051330084213987
0, 1595, 322, 37, 31, 0.00020510583999566734
0, 1741, 1392, 26, 157, 0.0001998310472117737
0, 1057, 905, 94, 101, 0.00019800364680122584
0, 1630, 652, 142, 111, 0.00019380378944333643
0, 515, 1200, 145, 120, 0.00019101632642559707
0, 1078, 515, 42, 52, 0.00018968828953802586
0, 963, 970, 67, 73, 0.00018751506286207587
0, 984, 372, 745, 745, 0.00018637142784427851
0, 300, 466, 69, 61, 0.00018559930322226137
0, 989, 444, 95, 69, 0.00018450373318046331
0, 440, 1000, 127, 111, 0.00018418209219817072
0, 733, 691, 159, 74, 0.00018310939776711166
0, 391, 1101, 199, 172, 0.00018198446196038276
0, 1095, 601, 114, 89, 0.0001819660683395341
0, 1525, 275, 16, 20, 0.00018068785720970482
0, 1078, 646, 137, 174, 0.00018033277592621744
0, 433, 1114, 466, 552, 0.00017953517090063542
0, 1478, 639, 17, 25, 0.00017870937881525606
0, 764, 436, 130, 139, 0.0001772565155988559
0, 384, 733, 170, 85, 0.00017678036238066852
0, 362, 971, 142, 99, 0.00017656893760431558
0, 998, 713, 105, 92, 0.00017403611855115741
0, 621, 821, 106, 114, 0.0001727902126731351
0, 950, 471, 178, 159, 0.0001717316044960171
0, 989, 471, 130, 129, 0.0001706485782051459
0, 495, 1158, 117, 109, 0.000169938342878595
0, 1652, 122, 205, 244, 0.00016950366261880845
0, 1496, 695, 92, 126, 0.00016845909703988582
0, 848, 352, 171, 131, 0.00016749583301134408
0, 559, 325, 46, 40, 0.00016707154281903058
0, 384, 1166, 181, 149, 0.00016681350825820118
0, 935, 254, 71, 74, 0.00016640633111819625
0, 931, 290, 59, 47, 0.000165175340953283
0, 625, 1188, 61, 41, 0.00016431436233688146
0, 311, 4, 277, 9, 0.00016414788842666894
0, 478, 491, 790, 783, 0.0001638182729948312
0, 390, 1292, 225, 195, 0.00016308017075061798
0, 714, 560, 174, 130, 0.00016226923617068678
0, 423, 906, 59, 57, 0.00016174894699361175
0, 341, 1398, 33, 21, 0.00015944875485729426
0, 535, 1169, 143, 128, 0.00015940010780468583
0, 590, 593, 93, 106, 0.00015760328096803278
0, 638, 987, 130, 177, 0.00015688689018134028
0, 311, 440, 70, 68, 0.00015673153393436223
0, 275, 786, 34, 35, 0.0001542868558317423
0, 397, 1142, 139, 80, 0.0001532962778583169
0, 972, 1079, 116, 115, 0.00015259349311236292
0, 1729, 1362, 50, 262, 0.0001520728983450681
0, 424, 1051, 176, 190, 0.00015144892677199095
0, 431, 1314, 103, 143, 0.00015135003195609897
0, 339, 489, 57, 66, 0.00015115662245079875
0, 728, 752, 174, 166, 0.00014989312330726534
0, 461, 331, 172, 102, 0.00014840242511127144
0, 1104, 741, 56, 69, 0.00014689039380755275
0, 1046, 559, 106, 55, 0.00014673655095975846
0, 871, 365, 106, 68, 0.0001464668894186616
0, 811, 357, 95, 73, 0.00014574745728168637
0, 518, 490, 131, 134, 0.0001457396720070392
0, 1029, 807, 88, 89, 0.00014536271919496357
0, 1466, 824, 41, 87, 0.0001447159011149779
0, 547, 296, 50, 44, 0.00014283470227383077
0, 884, 801, 150, 177, 0.00014275478315539658
0, 375, 945, 111, 94, 0.0001420610205968842
0, 466, 729, 72, 81, 0.0001410899858456105
0, 544, 481, 200, 250, 0.00013954928726889193
0, 625, 1014, 92, 111, 0.00013936444884166121
0, 1016, 769, 267, 457, 0.00013922338257543743
0, 1114, 1095, 164, 103, 0.00013878731988370419
0, 621, 783, 86, 46, 0.000137390656163916
0, 458, 1186, 143, 111, 0.0001367589575238526
0, 706, 939, 174, 182, 0.00013664386642631143
0, 1248, 287, 718, 574, 0.00013618325465358794
0, 404, 966, 57, 46, 0.00013403194316197187
0, 306, 438, 133, 123, 0.0001337087305728346
0, 1209, 525, 22, 25, 0.00013324075553100556
0, 600, 957, 98, 125, 0.00013287724868860096
0, 599, 914, 59, 64, 0.00013126952399034053
0, 795, 957, 170, 159, 0.00013040284102316946
0, 750, 798, 147, 170, 0.00013023868086747825
0, 448, 29, 292, 58, 0.00012991866969969124
0, 419, 353, 88, 38, 0.00012809537292923778
0, 390, 801, 136, 103, 0.000127047038404271
0, 365, 1244, 127, 46, 0.00012704412802122533
0, 1019, 643, 60, 61, 0.0001259336422663182
0, 535, 32, 274, 64, 0.00012589847028721124
0, 384, 843, 129, 112, 0.00012577007873915136
0, 596, 529, 318, 371, 0.00012546654033940285
0, 412, 919, 134, 114, 0.00012454844545572996
0, 760, 1108, 55, 49, 0.00012426007015164942
0, 465, 987, 75, 68, 0.00012349274766165763
0, 264, 652, 37, 37, 0.0001233562215929851
0, 712, 1195, 63, 33, 0.0001231514906976372
0, 1287, 479, 34, 20, 0.00012255449837539345
0, 784, 849, 174, 168, 0.00012177285680081695
0, 602, 941, 60, 74, 0.0001201376217068173
0, 376, 886, 92, 78, 0.00011760275810956955
0, 395, 348, 46, 24, 0.00011621174053288996
0, 773, 778, 114, 115, 0.00011590729263843969
0, 775, 1083, 131, 147, 0.0001155660575022921
0, 576, 1200, 125, 64, 0.0001151951655629091
0, 864, 1122, 37, 37, 0.00011492307385196909
