0, 345, 324, 34, 29, 0.3600636422634125
0, 179, 225, 30, 22, 0.25944530963897705
0, 358, 267, 43, 42, 0.24612894654273987
0, 217, 246, 44, 42, 0.24169032275676727
0, 351, 267, 64, 64, 0.20261558890342712
0, 434, 343, 76, 77, 0.18338142335414886
0, 532, 351, 65, 124, 0.1537458449602127
0, 519, 395, 31, 32, 0.12911877036094666
0, 156, 186, 80, 96, 0.1189149022102356
0, 280, 236, 33, 13, 0.1086888238787651
0, 268, 284, 39, 39, 0.10586116462945938
0, 148, 217, 47, 33, 0.09022590517997742
0, 410, 340, 24, 28, 0.08775493502616882
0, 542, 342, 37, 93, 0.08146148920059204
0, 443, 346, 12, 19, 0.06729430705308914
0, 187, 241, 15, 13, 0.06296239793300629
0, 232, 218, 20, 12, 0.05765262246131897
0, 425, 343, 49, 56, 0.05713630095124245
0, 399, 269, 12, 13, 0.05199652165174484
0, 214, 265, 38, 30, 0.048392921686172485
0, 222, 254, 56, 66, 0.04774864763021469
0, 314, 275, 20, 30, 0.046921078115701675
0, 154, 204, 52, 39, 0.04278380796313286
0, 541, 315, 32, 36, 0.04259316995739937
0, 148, 209, 15, 11, 0.042554646730422974
0, 315, 282, 15, 13, 0.04248335212469101
0, 243, 208, 43, 37, 0.040780726820230484
0, 152, 211, 30, 18, 0.03982910141348839
0, 271, 274, 23, 19, 0.03895554691553116
0, 209, 247, 30, 20, 0.037714019417762756
0, 271, 239, 56, 33, 0.03735392913222313
0, 613, 414, 27, 23, 0.035422712564468384
0, 353, 288, 25, 19, 0.035214927047491074
0, 164, 199, 21, 18, 0.03336523845791817
0, 415, 293, 30, 21, 0.03216451033949852
0, 457, 352, 11, 12, 0.031792737543582916
0, 206, 245, 66, 58, 0.03170778229832649
0, 241, 261, 97, 84, 0.030953973531723022
0, 352, 279, 40, 39, 0.030168350785970688
0, 394, 269, 22, 16, 0.029409270733594894
0, 416, 343, 31, 37, 0.029148072004318237
0, 541, 353, 18, 17, 0.028132719919085503
0, 223, 234, 27, 19, 0.027662143111228943
0, 182, 234, 34, 39, 0.0259116068482399
0, 166, 261, 34, 25, 0.02501160465180874
0, 433, 334, 26, 32, 0.024225428700447083
0, 336, 287, 68, 67, 0.023814784362912178
0, 351, 254, 23, 16, 0.023073069751262665
0, 477, 318, 13, 19, 0.02303864248096943
0, 542, 358, 33, 43, 0.021164273843169212
0, 201, 262, 13, 10, 0.021159473806619644
0, 594, 398, 19, 13, 0.020965205505490303
0, 494, 247, 44, 53, 0.019983021542429924
0, 199, 241, 40, 31, 0.01949959062039852
0, 254, 244, 20, 15, 0.01783401519060135
0, 168, 192, 43, 34, 0.017756598070263863
0, 434, 322, 25, 36, 0.017645884305238724
0, 343, 248, 47, 32, 0.017125001177191734
0, 179, 239, 56, 52, 0.017110785469412804
0, 246, 281, 20, 20, 0.017015749588608742
0, 250, 277, 77, 54, 0.01640365645289421
0, 423, 353, 27, 28, 0.01627897284924984
0, 473, 322, 21, 29, 0.015411891043186188
0, 369, 263, 21, 31, 0.014233722351491451
0, 541, 375, 14, 12, 0.014192646369338036
0, 465, 303, 163, 163, 0.013919214718043804
0, 328, 263, 11, 13, 0.013448446057736874
0, 174, 266, 12, 13, 0.01326567679643631
0, 437, 331, 36, 61, 0.013184507377445698
0, 548, 338, 14, 12, 0.012933127582073212
0, 326, 278, 45, 42, 0.01284078974276781
0, 499, 350, 128, 121, 0.0127017917111516
0, 418, 258, 15, 12, 0.012507803738117218
0, 237, 252, 48, 31, 0.012386595830321312
0, 471, 334, 35, 54, 0.01213675457984209
0, 527, 389, 51, 46, 0.012041100300848484
0, 310, 303, 13, 10, 0.011902812868356705
0, 336, 241, 29, 15, 0.011891718953847885
0, 259, 230, 78, 52, 0.011795088648796082
0, 454, 360, 23, 32, 0.011559071019291878
0, 284, 278, 220, 132, 0.0115482984110713
0, 317, 304, 25, 20, 0.011260869912803173
0, 461, 352, 42, 53, 0.010587378405034542
0, 163, 183, 58, 54, 0.010336949490010738
0, 450, 345, 38, 34, 0.01024010218679905
0, 270, 263, 14, 16, 0.010173729620873928
0, 328, 249, 17, 11, 0.009854926727712154
0, 343, 283, 104, 105, 0.009402994997799397
0, 227, 228, 30, 29, 0.008815394714474678
0, 170, 217, 40, 38, 0.008779993280768394
0, 333, 268, 21, 23, 0.008321301080286503
0, 383, 260, 40, 34, 0.007752253208309412
0, 182, 186, 15, 21, 0.007496125530451536
0, 143, 196, 33, 21, 0.007329224608838558
0, 319, 308, 11, 13, 0.007180524989962578
0, 227, 281, 12, 8, 0.006757242139428854
0, 170, 232, 45, 33, 0.0063610984943807125
0, 448, 367, 19, 22, 0.006234956905245781
0, 612, 411, 41, 37, 0.006216046866029501
0, 418, 308, 123, 131, 0.006088027264922857
0, 401, 265, 33, 24, 0.005685276351869106
0, 253, 288, 50, 30, 0.00552555313333869
0, 385, 330, 27, 34, 0.005450510419905186
0, 330, 251, 27, 14, 0.005356963723897934
0, 318, 268, 29, 28, 0.00530639011412859
0, 418, 299, 42, 42, 0.00501549057662487
0, 379, 300, 221, 154, 0.004754367284476757
0, 269, 270, 30, 30, 0.004531859420239925
0, 159, 248, 21, 10, 0.004522848874330521
0, 611, 385, 53, 66, 0.004515981301665306
0, 240, 288, 11, 11, 0.00446293642744422
0, 243, 283, 48, 34, 0.004364151041954756
0, 372, 255, 76, 54, 0.004050825256854296
0, 415, 264, 44, 26, 0.004016222897917032
0, 407, 276, 76, 72, 0.003780124243348837
0, 307, 283, 48, 62, 0.00369979627430439
0, 463, 333, 17, 15, 0.0036153520923107862
0, 230, 275, 53, 44, 0.003537494223564863
0, 452, 362, 60, 46, 0.0035115082282572985
0, 369, 319, 83, 65, 0.0033751539885997772
0, 557, 347, 71, 117, 0.0030010140035301447
0, 172, 252, 57, 48, 0.0027869706973433495
0, 234, 286, 31, 20, 0.0027803154662251472
0, 413, 282, 43, 44, 0.0027542361058294773
0, 425, 261, 31, 21, 0.002685623010620475
0, 423, 321, 53, 73, 0.0026656242553144693
0, 164, 167, 24, 20, 0.0025801113806664944
0, 385, 284, 38, 37, 0.0022463975474238396
0, 397, 317, 61, 65, 0.002137089380994439
0, 191, 187, 21, 23, 0.0020800656639039516
0, 268, 299, 44, 38, 0.0020466898567974567
0, 434, 308, 25, 45, 0.0018337919609621167
0, 156, 227, 61, 42, 0.0017509142635390162
0, 351, 324, 56, 46, 0.0016895722365006804
0, 550, 381, 10, 9, 0.0016677052481099963
0, 391, 317, 32, 23, 0.0016500171041116118
0, 304, 261, 32, 18, 0.0014993236400187016
0, 259, 311, 22, 12, 0.0014985400484874845
0, 614, 373, 37, 41, 0.0013899878831580281
0, 218, 190, 8, 15, 0.0013797520659863949
0, 446, 343, 132, 117, 0.001333829713985324
0, 545, 345, 40, 43, 0.0013138233916833997
0, 502, 462, 14, 10, 0.0012879574205726385
0, 320, 326, 13, 11, 0.001222604769282043
0, 168, 172, 34, 32, 0.0012080760207027197
0, 381, 335, 17, 17, 0.0011972972424700856
0, 273, 308, 32, 34, 0.0011354315793141723
0, 624, 427, 55, 52, 0.001068398356437683
0, 185, 187, 140, 110, 0.0010465063387528062
0, 295, 295, 78, 83, 0.0010068709962069988
0, 596, 404, 24, 27, 0.0009964082855731249
0, 403, 259, 53, 34, 0.0009208736591972411
0, 482, 307, 40, 42, 0.0008823914686217904
0, 292, 260, 54, 30, 0.0008267828961834311
0, 323, 315, 49, 36, 0.000824713846668601
0, 471, 380, 18, 12, 0.0008038583910092711
0, 468, 300, 16, 20, 0.0007645888836123049
0, 207, 254, 129, 95, 0.0007304333848878741
0, 480, 319, 26, 28, 0.0006580862682312727
0, 417, 258, 28, 20, 0.000625146203674376
0, 280, 226, 30, 17, 0.0006171188433654606
0, 636, 444, 20, 20, 0.0006142713828012347
0, 514, 453, 13, 11, 0.0005966704920865595
0, 468, 304, 30, 40, 0.0005654966225847602
0, 562, 353, 141, 130, 0.0005430512828752398
0, 491, 291, 20, 12, 0.0005163158057257533
0, 475, 463, 13, 10, 0.0004912585136480629
0, 391, 297, 36, 32, 0.0004907413385808468
0, 142, 169, 54, 61, 0.0004813573323190212
0, 319, 260, 62, 50, 0.0004800569440703839
0, 279, 318, 15, 17, 0.0004353777039796114
0, 481, 326, 47, 43, 0.00042363349348306656
0, 531, 293, 10, 14, 0.00042218295857310295
0, 495, 335, 18, 25, 0.00041666446486487985
0, 432, 263, 16, 17, 0.0004007419338449836
0, 582, 309, 10, 12, 0.0003823737788479775
0, 640, 433, 33, 41, 0.0003722498076967895
0, 488, 293, 30, 28, 0.00036876113153994083
0, 493, 479, 15, 13, 0.00036439026007428765
0, 340, 234, 53, 49, 0.00035282320459373295
0, 428, 281, 54, 60, 0.00035119306994602084
0, 513, 458, 47, 31, 0.00034266876173205674
0, 602, 419, 60, 59, 0.0003405421448405832
0, 407, 254, 87, 49, 0.0003377190150786191
0, 572, 269, 9, 9, 0.0003364428994245827
0, 496, 340, 14, 14, 0.0003305029240436852
0, 499, 477, 26, 18, 0.0003302927943877876
0, 535, 324, 96, 136, 0.0003271695168223232
0, 493, 475, 49, 47, 0.00031195158953778446
0, 437, 62, 320, 124, 0.0002790164144244045
0, 196, 614, 11, 12, 0.00027718531782738864
0, 492, 676, 11, 12, 0.0002758502960205078
0, 629, 393, 65, 78, 0.0002697963791433722
0, 648, 422, 17, 18, 0.00026869153953157365
0, 670, 68, 274, 136, 0.0002657664299476892
0, 306, 250, 95, 47, 0.00026097800582647324
0, 387, 338, 35, 35, 0.00025985101819969714
0, 157, 61, 315, 122, 0.00025453907437622547
0, 25, 709, 50, 2, 0.0002460671530570835
0, 261, 200, 87, 68, 0.00023545193835161626
0, 489, 420, 11, 16, 0.00023525151482317597
0, 500, 485, 34, 36, 0.00022818947036284953
0, 164, 145, 137, 192, 0.00022151182929519564
0, 285, 244, 43, 26, 0.0002213762782048434
0, 476, 298, 39, 31, 0.00021896176622249186
0, 41, 525, 11, 10, 0.00021409914188552648
0, 631, 646, 11, 12, 0.00021408300381153822
0, 433, 261, 53, 35, 0.0002104451705235988
0, 499, 310, 73, 68, 0.0002073687792290002
0, 175, 266, 48, 32, 0.0002039165556197986
0, 498, 332, 36, 32, 0.00020095205400139093
0, 159, 246, 37, 22, 0.00020008366846013814
0, 587, 372, 14, 13, 0.0001991288154385984
0, 755, 573, 12, 10, 0.00019712619541678578
0, 583, 301, 14, 30, 0.0001939415087690577
0, 652, 475, 30, 30, 0.00019367391359992325
0, 194, 265, 74, 41, 0.00019269343465566635
0, 505, 264, 82, 92, 0.00018857185204979032
0, 578, 165, 8, 10, 0.000187408528290689
0, 57, 701, 111, 19, 0.00018686699331738055
0, 160, 253, 45, 37, 0.0001827912055887282
0, 216, 194, 15, 28, 0.00018210562120657414
0, 261, 308, 34, 16, 0.0001791966933524236
0, 650, 475, 12, 20, 0.00017704132187645882
0, 639, 405, 37, 32, 0.00017647165805101395
0, 193, 189, 35, 34, 0.00017287030641455203
0, 488, 300, 280, 260, 0.00016517344920430332
0, 301, 258, 151, 107, 0.00015798560343682766
0, 229, 199, 28, 35, 0.00015583117783535272
0, 716, 191, 183, 311, 0.0001499573263572529
0, 136, 160, 16, 13, 0.00014835884212516248
0, 520, 280, 11, 10, 0.00014535925583913922
0, 567, 351, 9, 11, 0.00014290159742813557
0, 491, 284, 21, 17, 0.00014225499762687832
0, 197, 183, 79, 66, 0.00014072103658691049
0, 600, 442, 13, 16, 0.00013908433902543038
0, 646, 416, 26, 38, 0.0001388493983540684
0, 308, 663, 11, 11, 0.00013817315630149096
0, 445, 292, 11, 22, 0.00013760896399617195
0, 332, 65, 336, 130, 0.0001360367314191535
0, 504, 259, 59, 62, 0.0001283016026718542
0, 783, 708, 49, 5, 0.0001277070550713688
0, 501, 459, 58, 57, 0.00012502762547228485
0, 284, 223, 72, 57, 0.00012174313451396301
0, 642, 393, 8, 9, 0.00011702821211656556
0, 500, 494, 13, 12, 0.00011076982627855614
0, 621, 514, 16, 15, 0.00010842504707397893
0, 209, 193, 30, 35, 0.00010329539509257302
0, 632, 515, 46, 58, 0.00010207028390141204
0, 299, 310, 28, 23, 9.869117639027536e-05
0, 574, 61, 346, 122, 9.728984878165647e-05
0, 781, 698, 52, 24, 9.537125151837245e-05
0, 515, 264, 38, 47, 9.521695756120607e-05
0, 549, 375, 28, 27, 9.384732402395457e-05
0, 514, 314, 31, 27, 9.337510709883645e-05
0, 655, 241, 12, 22, 9.246230183634907e-05
0, 500, 496, 42, 61, 9.137663437286392e-05
0, 201, 221, 81, 62, 9.123323252424598e-05
0, 125, 195, 151, 128, 9.062731260200962e-05
0, 757, 419, 16, 12, 9.002196748042479e-05
0, 431, 363, 45, 40, 8.925660222303122e-05
0, 578, 413, 11, 15, 8.764462836552411e-05
0, 652, 148, 10, 14, 8.5888706962578e-05
0, 388, 263, 181, 112, 8.567151962779462e-05
0, 199, 121, 244, 242, 8.566465839976445e-05
0, 483, 419, 12, 21, 8.562194852856919e-05
0, 392, 286, 322, 232, 8.54448662721552e-05
0, 476, 269, 23, 14, 8.460538083454594e-05
0, 30, 697, 60, 27, 8.38810155983083e-05
0, 145, 153, 33, 31, 8.247364166891202e-05
0, 150, 599, 13, 12, 8.23190130176954e-05
0, 297, 232, 66, 38, 8.201147284125909e-05
0, 791, 119, 33, 112, 8.194713882403448e-05
0, 581, 429, 8, 9, 8.135096868500113e-05
0, 648, 402, 18, 19, 7.941457442939281e-05
0, 490, 420, 18, 22, 7.673801155760884e-05
0, 510, 294, 69, 73, 7.624638237757608e-05
0, 640, 492, 16, 11, 7.617363007739186e-05
0, 644, 460, 36, 65, 7.601551624247804e-05
0, 139, 234, 33, 18, 7.585650018882006e-05
0, 365, 379, 15, 24, 7.568243745481595e-05
0, 367, 602, 10, 11, 7.437352178385481e-05
0, 312, 223, 81, 61, 7.419211033266038e-05
0, 186, 160, 84, 88, 7.415306754410267e-05
0, 566, 347, 13, 22, 7.263173756655306e-05
0, 448, 269, 10, 10, 7.105564145604149e-05
0, 234, 198, 66, 57, 7.082577212713659e-05
0, 211, 228, 246, 205, 6.87117426423356e-05
0, 645, 480, 25, 26, 6.773839413654059e-05
0, 453, 494, 103, 94, 6.733837653882802e-05
0, 520, 321, 67, 51, 6.714581832056865e-05
0, 501, 250, 27, 40, 6.698241486446932e-05
0, 666, 277, 41, 42, 6.603356450796127e-05
0, 135, 279, 6, 7, 6.573620339622721e-05
0, 199, 197, 53, 50, 6.529953680001199e-05
0, 638, 493, 51, 53, 6.39726422377862e-05
0, 704, 66, 8, 7, 6.364211731124669e-05
0, 485, 341, 75, 47, 6.339002720778808e-05
0, 635, 500, 30, 27, 6.277966895140707e-05
0, 226, 180, 84, 84, 6.250291335163638e-05
