0, 471, 337, 89, 52, 0.3446597754955292
0, 469, 384, 107, 86, 0.23733168840408325
0, 519, 576, 138, 318, 0.19510608911514282
0, 492, 887, 56, 45, 0.18957535922527313
0, 440, 362, 155, 120, 0.17099225521087646
0, 501, 784, 34, 36, 0.15440493822097778
0, 502, 825, 31, 21, 0.13927799463272095
0, 510, 438, 55, 36, 0.12521471083164215
0, 527, 805, 20, 18, 0.12056191265583038
0, 346, 232, 40, 59, 0.10544781386852264
0, 494, 829, 38, 28, 0.09602153301239014
0, 423, 324, 208, 227, 0.09468844532966614
0, 487, 865, 81, 93, 0.09429863840341568
0, 471, 855, 25, 23, 0.08148693293333054
0, 521, 846, 17, 19, 0.07695937901735306
0, 446, 926, 36, 32, 0.07478705048561096
0, 504, 462, 97, 85, 0.07440575957298279
0, 488, 393, 61, 59, 0.07026597857475281
0, 528, 525, 22, 24, 0.06711632758378983
0, 432, 976, 33, 25, 0.06574196368455887
0, 454, 873, 16, 21, 0.0653885006904602
0, 419, 352, 92, 88, 0.0649602860212326
0, 441, 329, 26, 25, 0.06486231833696365
0, 505, 479, 26, 37, 0.06093040853738785
0, 455, 972, 98, 68, 0.05590299144387245
0, 530, 702, 32, 34, 0.053988195955753326
0, 459, 1044, 37, 21, 0.05334584787487984
0, 454, 332, 54, 38, 0.053204428404569626
0, 384, 1083, 31, 42, 0.05235069617629051
0, 485, 859, 53, 30, 0.051565349102020264
0, 453, 976, 71, 34, 0.05135409161448479
0, 432, 1004, 29, 21, 0.04617064446210861
0, 489, 474, 61, 52, 0.045339614152908325
0, 417, 1135, 16, 24, 0.042122982442379
0, 335, 279, 22, 15, 0.04103339836001396
0, 525, 711, 35, 37, 0.0402509905397892
0, 475, 883, 59, 43, 0.03701816499233246
0, 437, 1021, 19, 16, 0.03428155183792114
0, 520, 477, 54, 47, 0.034013185650110245
0, 535, 667, 74, 104, 0.03368940204381943
0, 434, 327, 41, 38, 0.03220118209719658
0, 477, 379, 72, 58, 0.03164730966091156
0, 515, 554, 101, 134, 0.03155440837144852
0, 543, 704, 40, 39, 0.031253162771463394
0, 376, 258, 29, 23, 0.03097490966320038
0, 493, 859, 63, 56, 0.03048574924468994
0, 548, 734, 21, 20, 0.029881564900279045
0, 473, 463, 27, 27, 0.02919864095747471
0, 536, 692, 57, 60, 0.02893191948533058
0, 413, 317, 31, 22, 0.028270414099097252
0, 500, 343, 29, 35, 0.028022510930895805
0, 393, 1134, 28, 23, 0.027939172461628914
0, 539, 654, 43, 46, 0.02705487608909607
0, 553, 721, 31, 43, 0.026375548914074898
0, 550, 642, 37, 30, 0.025258803740143776
0, 458, 936, 35, 21, 0.02344367653131485
0, 467, 486, 314, 542, 0.023416640236973763
0, 532, 642, 103, 205, 0.022882558405399323
0, 503, 502, 94, 110, 0.02167939953505993
0, 542, 700, 83, 96, 0.02125111222267151
0, 566, 716, 27, 27, 0.02062053605914116
0, 523, 641, 45, 39, 0.02011043392121792
0, 420, 1078, 106, 77, 0.020110053941607475
0, 542, 616, 28, 27, 0.020100465044379234
0, 475, 880, 119, 160, 0.019728777930140495
0, 425, 997, 28, 14, 0.01866082474589348
0, 436, 994, 47, 30, 0.018324708566069603
0, 471, 1039, 35, 22, 0.017566174268722534
0, 546, 682, 34, 35, 0.01753217913210392
0, 482, 847, 54, 46, 0.017026958987116814
0, 545, 624, 33, 47, 0.016365408897399902
0, 508, 531, 76, 70, 0.01628195121884346
0, 401, 323, 49, 38, 0.016176192089915276
0, 357, 299, 20, 16, 0.015740714967250824
0, 525, 702, 52, 60, 0.015579594299197197
0, 452, 367, 52, 34, 0.015225382521748543
0, 541, 720, 44, 51, 0.01477787271142006
0, 433, 969, 46, 40, 0.014493080787360668
0, 487, 833, 48, 42, 0.013495571911334991
0, 525, 619, 72, 82, 0.013427168130874634
0, 430, 1133, 39, 30, 0.013424793258309364
0, 467, 864, 40, 43, 0.012873584404587746
0, 548, 654, 53, 66, 0.012817135080695152
0, 429, 368, 58, 48, 0.012803150340914726
0, 520, 586, 55, 45, 0.012165757827460766
0, 530, 630, 55, 52, 0.012140277773141861
0, 443, 1010, 57, 36, 0.012044493108987808
0, 538, 531, 50, 47, 0.011848491616547108
0, 409, 281, 33, 24, 0.011608561500906944
0, 412, 294, 38, 37, 0.011337406933307648
0, 245, 157, 51, 42, 0.01098200585693121
0, 506, 653, 15, 21, 0.010928109288215637
0, 568, 602, 16, 33, 0.010686093010008335
0, 526, 586, 90, 104, 0.010675027966499329
0, 556, 713, 45, 43, 0.010074015706777573
0, 481, 985, 38, 30, 0.010028684511780739
0, 572, 734, 20, 24, 0.009977808222174644
0, 543, 534, 33, 34, 0.009975990280508995
0, 524, 548, 84, 78, 0.00986433494836092
0, 515, 687, 32, 28, 0.009698821231722832
0, 457, 1029, 62, 35, 0.008818712085485458
0, 491, 521, 42, 41, 0.008773624897003174
0, 252, 150, 25, 29, 0.008718766272068024
0, 328, 276, 33, 19, 0.008400472812354565
0, 394, 302, 97, 80, 0.008170703426003456
0, 500, 740, 21, 25, 0.007626743987202644
0, 374, 271, 32, 25, 0.0073799206875264645
0, 431, 1014, 39, 31, 0.007229309994727373
0, 569, 681, 22, 32, 0.007147700991481543
0, 395, 335, 91, 68, 0.006920141167938709
0, 320, 227, 14, 18, 0.006918666884303093
0, 252, 159, 30, 30, 0.0068273358047008514
0, 448, 956, 70, 65, 0.006823679897934198
0, 505, 788, 54, 47, 0.006761403754353523
0, 415, 1134, 46, 23, 0.006663850974291563
0, 338, 248, 23, 32, 0.006526483688503504
0, 485, 801, 32, 30, 0.006435364484786987
0, 461, 1009, 37, 27, 0.006183295510709286
0, 507, 589, 40, 38, 0.006102181971073151
0, 567, 618, 20, 53, 0.0060523683205246925
0, 398, 1077, 63, 57, 0.005837876349687576
0, 464, 897, 69, 66, 0.005432938225567341
0, 441, 1090, 46, 42, 0.0051773544400930405
0, 380, 317, 63, 45, 0.005034976173192263
0, 364, 232, 82, 76, 0.004970221314579248
0, 421, 307, 71, 66, 0.004729538690298796
0, 495, 406, 41, 34, 0.004672007169574499
0, 364, 1161, 41, 54, 0.004535091575235128
0, 475, 433, 25, 23, 0.004439871292561293
0, 446, 876, 29, 28, 0.00434131221845746
0, 461, 950, 121, 130, 0.004201425705105066
0, 361, 1149, 32, 33, 0.00418836111202836
0, 346, 275, 49, 28, 0.004161864519119263
0, 549, 549, 26, 25, 0.004117133561521769
0, 443, 926, 58, 50, 0.004087957087904215
0, 461, 1048, 51, 32, 0.0039971936494112015
0, 581, 620, 27, 71, 0.003942317795008421
0, 515, 721, 35, 35, 0.0039051144849509
0, 483, 573, 21, 22, 0.0036662679631263018
0, 226, 153, 21, 33, 0.0036126268096268177
0, 479, 1003, 38, 40, 0.0035666583571583033
0, 494, 798, 59, 70, 0.0034902505576610565
0, 233, 122, 13, 18, 0.002979462733492255
0, 533, 497, 32, 25, 0.0029544017743319273
0, 419, 1041, 18, 15, 0.002917843870818615
0, 550, 549, 48, 74, 0.002894595731049776
0, 521, 477, 73, 73, 0.0027761803939938545
0, 372, 1116, 25, 20, 0.002747309859842062
0, 415, 1125, 80, 46, 0.0026598689146339893
0, 384, 1110, 37, 27, 0.0026016677729785442
0, 325, 191, 19, 20, 0.0025217095389962196
0, 398, 255, 148, 134, 0.002324339933693409
0, 478, 805, 27, 25, 0.002295847749337554
0, 446, 303, 50, 27, 0.0022059220355004072
0, 420, 288, 59, 48, 0.0021487039048224688
0, 488, 581, 24, 37, 0.0021269600838422775
0, 400, 1004, 11, 15, 0.001958401408046484
0, 560, 553, 27, 29, 0.0019361528102308512
0, 488, 965, 36, 32, 0.0018973787082359195
0, 386, 261, 59, 41, 0.0018721804954111576
0, 404, 1144, 108, 39, 0.0018478630809113383
0, 523, 845, 34, 24, 0.0018045580945909023
0, 421, 1082, 138, 134, 0.0017837808700278401
0, 460, 410, 237, 254, 0.0017750594997778535
0, 468, 1073, 19, 16, 0.0016653824131935835
0, 413, 1156, 22, 18, 0.0016062143258750439
0, 563, 603, 24, 45, 0.0015558345476165414
0, 366, 1178, 30, 25, 0.0014997455291450024
0, 428, 1111, 74, 90, 0.0014997078105807304
0, 477, 982, 56, 60, 0.00144442287273705
0, 399, 1046, 32, 25, 0.001366242067888379
0, 466, 876, 71, 74, 0.0012958605075255036
0, 517, 441, 71, 61, 0.0012830604100599885
0, 421, 998, 48, 30, 0.0012463903985917568
0, 390, 253, 36, 23, 0.0012103215558454394
0, 503, 756, 38, 61, 0.0011285970686003566
0, 391, 1049, 24, 25, 0.0011092848144471645
0, 424, 1145, 36, 44, 0.0010322699090465903
0, 332, 264, 42, 47, 0.0010005139047279954
0, 468, 533, 10, 17, 0.0009739520028233528
0, 561, 566, 24, 30, 0.0009494178812019527
0, 410, 1148, 30, 39, 0.0009217664483003318
0, 497, 590, 35, 57, 0.0008871593163348734
0, 511, 741, 47, 49, 0.0008493791101500392
0, 360, 330, 24, 19, 0.0007646398735232651
0, 469, 325, 110, 89, 0.0007517575868405402
0, 436, 1061, 105, 76, 0.0007223192369565368
0, 347, 270, 64, 62, 0.0006705217529088259
0, 542, 508, 30, 23, 0.0006434390088543296
0, 242, 123, 26, 22, 0.0006098996382206678
0, 400, 1155, 86, 70, 0.0006005297764204443
0, 352, 291, 56, 33, 0.0005875905626453459
0, 473, 955, 81, 60, 0.0005839159130118787
0, 464, 299, 18, 17, 0.0005655136192217469
0, 321, 188, 21, 21, 0.0005255627911537886
0, 414, 1176, 21, 20, 0.0005149043281562626
0, 452, 906, 83, 111, 0.000501148693729192
0, 336, 226, 75, 84, 0.000432754575740546
0, 335, 309, 15, 16, 0.00038905069231987
0, 478, 424, 94, 138, 0.0003868112398777157
0, 429, 272, 31, 27, 0.00036310116411186755
0, 536, 729, 73, 60, 0.0003601828939281404
0, 548, 748, 22, 18, 0.00035937177017331123
0, 198, 111, 10, 18, 0.0003514541604090482
0, 370, 1174, 54, 64, 0.00034520318149589
0, 514, 854, 58, 46, 0.0003409339115023613
0, 583, 637, 20, 47, 0.0003388863697182387
0, 572, 727, 34, 33, 0.0003367461613379419
0, 516, 735, 68, 77, 0.00031385754118673503
0, 449, 304, 268, 420, 0.0003108872042503208
0, 480, 831, 86, 135, 0.0003093580307904631
0, 371, 1146, 53, 41, 0.0002705237711779773
0, 442, 1096, 64, 62, 0.0002650144451763481
0, 411, 1163, 34, 46, 0.0002492403727956116
0, 375, 1103, 65, 89, 0.000231505575357005
0, 586, 625, 51, 86, 0.00021907745394855738
0, 543, 527, 67, 124, 0.0002102169528370723
0, 432, 289, 107, 80, 0.00019366874767001718
0, 584, 695, 13, 23, 0.00018940037989523262
0, 420, 388, 467, 574, 0.00018122619076166302
0, 421, 1020, 69, 51, 0.0001700164721114561
0, 463, 889, 174, 231, 0.00016664927534293383
0, 512, 814, 53, 40, 0.00016406667418777943
0, 508, 649, 52, 61, 0.00016336793487425894
0, 496, 498, 164, 286, 0.00015980370517354459
0, 516, 681, 162, 286, 0.00015822456043679267
0, 423, 1145, 79, 79, 0.00015653856098651886
0, 504, 341, 54, 56, 0.00015060804435051978
0, 430, 390, 70, 77, 0.0001415500300936401
0, 97, 111, 10, 11, 0.00013842107728123665
0, 542, 427, 31, 34, 0.00013821216998621821
0, 551, 514, 329, 531, 0.0001352567778667435
0, 506, 420, 96, 99, 0.00013520274660550058
0, 149, 162, 13, 11, 0.00013262307038530707
0, 510, 365, 28, 25, 0.00013153228792361915
0, 375, 1185, 33, 30, 0.00012735645577777177
0, 540, 671, 329, 492, 0.00012593255087267607
0, 617, 147, 196, 295, 0.00011685959907481447
0, 491, 902, 66, 56, 0.0001105568662751466
0, 313, 191, 36, 24, 0.00010375572310294956
0, 559, 661, 65, 115, 0.00010197630763286725
0, 489, 267, 453, 534, 9.983297786675394e-05
0, 413, 1185, 83, 85, 9.799534745980054e-05
0, 561, 733, 38, 49, 9.750848403200507e-05
0, 231, 137, 40, 51, 9.31989707169123e-05
0, 528, 147, 375, 295, 9.141516056843102e-05
0, 503, 357, 93, 87, 8.913097553886473e-05
0, 549, 686, 160, 200, 8.769136184128001e-05
0, 534, 501, 96, 150, 8.468553278362378e-05
0, 467, 468, 55, 46, 8.288804383482784e-05
0, 529, 702, 96, 160, 8.0106794484891e-05
0, 13, 1305, 26, 105, 7.847103552194312e-05
0, 352, 245, 477, 491, 7.789383380440995e-05
0, 586, 658, 61, 158, 7.751098019070923e-05
0, 482, 575, 32, 34, 7.312432717299089e-05
0, 2, 1319, 5, 77, 7.21781761967577e-05
0, 681, 54, 68, 108, 6.897493585711345e-05
0, 428, 997, 188, 234, 6.838242552476004e-05
0, 368, 350, 84, 77, 6.663589738309383e-05
0, 432, 934, 96, 78, 6.439023854909465e-05
0, 578, 525, 274, 278, 6.300793756963685e-05
0, 681, 690, 69, 144, 6.203848897712305e-05
0, 516, 668, 69, 83, 5.951740240561776e-05
0, 500, 593, 70, 73, 5.940360279055312e-05
0, 504, 884, 85, 78, 5.871980465599336e-05
0, 465, 1007, 128, 122, 5.70181873627007e-05
0, 446, 1198, 102, 121, 5.668811718351208e-05
0, 632, 11, 167, 22, 5.4496689699590206e-05
0, 229, 165, 36, 36, 5.4125910537550226e-05
0, 452, 1138, 130, 111, 5.406993659562431e-05
0, 375, 1200, 93, 122, 5.284125290927477e-05
0, 586, 591, 87, 140, 5.2688086725538597e-05
0, 413, 981, 110, 91, 5.1006678404519334e-05
0, 337, 295, 57, 56, 4.9384059821022674e-05
0, 635, 31, 160, 63, 4.898308907286264e-05
0, 97, 129, 11, 9, 4.8514444642933086e-05
0, 442, 1167, 256, 346, 4.804290801985189e-05
0, 397, 1151, 141, 116, 4.629953400581144e-05
0, 556, 557, 98, 136, 4.59753573522903e-05
0, 456, 1079, 79, 89, 4.491788422456011e-05
0, 156, 1092, 312, 531, 4.4498992792796344e-05
0, 677, 634, 77, 142, 4.414357681525871e-05
0, 375, 390, 94, 99, 4.4014028389938176e-05
0, 197, 158, 395, 316, 4.315810292609967e-05
0, 522, 339, 178, 102, 4.281597284716554e-05
0, 231, 96, 9, 12, 4.1119081288343295e-05
0, 363, 314, 82, 73, 4.0120812627719715e-05
0, 248, 151, 71, 83, 3.919881783076562e-05
0, 334, 1213, 112, 116, 3.7951089325360954e-05
0, 618, 584, 124, 137, 3.7816840631421655e-05
0, 565, 340, 300, 596, 3.7637022614944726e-05
0, 238, 423, 476, 607, 3.6920595448464155e-05
0, 396, 377, 280, 287, 3.66944404959213e-05
0, 663, 184, 104, 368, 3.47012683050707e-05
0, 423, 1222, 131, 118, 3.4592067095218226e-05
0, 464, 467, 72, 74, 3.442577872192487e-05
0, 560, 622, 199, 259, 3.4323275031056255e-05
0, 532, 413, 354, 312, 3.360028495080769e-05
0, 593, 516, 144, 125, 3.344756623846479e-05
0, 520, 799, 391, 629, 3.299365198472515e-05
