0, 179, 907, 102, 142, 0.26621001958847046
0, 365, 458, 73, 70, 0.1712707281112671
0, 361, 446, 51, 41, 0.07744783163070679
0, 242, 132, 84, 66, 0.06603959947824478
0, 351, 444, 28, 27, 0.06153125315904617
0, 392, 406, 28, 32, 0.06016827002167702
0, 380, 470, 19, 27, 0.05746651440858841
0, 372, 435, 25, 24, 0.05653240159153938
0, 204, 871, 38, 52, 0.055496811866760254
0, 220, 779, 18, 20, 0.05458734184503555
0, 386, 456, 35, 51, 0.05408180505037308
0, 335, 489, 24, 25, 0.049063827842473984
0, 379, 408, 18, 19, 0.047577425837516785
0, 180, 912, 74, 63, 0.046906597912311554
0, 298, 580, 20, 25, 0.04194206744432449
0, 338, 569, 20, 26, 0.04011614993214607
0, 177, 912, 46, 43, 0.03794192150235176
0, 150, 959, 29, 28, 0.03713259845972061
0, 354, 410, 24, 21, 0.03690297529101372
0, 353, 435, 33, 27, 0.034754280000925064
0, 193, 895, 61, 99, 0.033473577350378036
0, 192, 905, 38, 37, 0.032752588391304016
0, 332, 495, 23, 20, 0.032127030193805695
0, 386, 434, 30, 26, 0.031803667545318604
0, 359, 539, 24, 33, 0.03055877611041069
0, 366, 495, 34, 15, 0.026406321674585342
0, 162, 921, 39, 42, 0.024929264560341835
0, 167, 926, 58, 67, 0.02460411563515663
0, 350, 485, 30, 20, 0.024581769481301308
0, 343, 447, 29, 34, 0.0232516098767519
0, 338, 455, 18, 23, 0.02219422720372677
0, 360, 483, 107, 145, 0.02214629389345646
0, 134, 952, 17, 15, 0.021344754844903946
0, 351, 552, 43, 73, 0.020659102126955986
0, 163, 1004, 16, 13, 0.020270172506570816
0, 301, 223, 63, 90, 0.019969552755355835
0, 349, 597, 20, 29, 0.019422857090830803
0, 343, 571, 28, 40, 0.01940237544476986
0, 139, 983, 16, 16, 0.017218327149748802
0, 370, 481, 41, 34, 0.01718905381858349
0, 392, 393, 26, 24, 0.017143012955784798
0, 279, 177, 23, 30, 0.016734138131141663
0, 301, 557, 20, 23, 0.01585502363741398
0, 160, 972, 13, 22, 0.015694299712777138
0, 228, 756, 15, 19, 0.015429838560521603
0, 145, 965, 38, 42, 0.014966117218136787
0, 352, 500, 62, 37, 0.014664591290056705
0, 315, 189, 21, 35, 0.014635606668889523
0, 259, 127, 27, 19, 0.013596199452877045
0, 312, 238, 30, 42, 0.01289705652743578
0, 371, 434, 82, 124, 0.012334647588431835
0, 381, 395, 45, 42, 0.012234985828399658
0, 249, 132, 65, 33, 0.01211993582546711
0, 361, 274, 43, 70, 0.011765400879085064
0, 387, 476, 30, 36, 0.011698461137712002
0, 350, 512, 33, 28, 0.01104028895497322
0, 229, 130, 56, 46, 0.01099164318293333
0, 211, 913, 24, 23, 0.010538747534155846
0, 347, 539, 81, 98, 0.010536029003560543
0, 356, 472, 63, 53, 0.01038876548409462
0, 406, 469, 10, 19, 0.010005258955061436
0, 154, 930, 33, 37, 0.009737418964505196
0, 359, 515, 38, 38, 0.00958220288157463
0, 309, 241, 44, 62, 0.009437929838895798
0, 340, 508, 46, 34, 0.009058255702257156
0, 205, 917, 36, 34, 0.008629007264971733
0, 366, 370, 29, 28, 0.008618329651653767
0, 398, 603, 16, 15, 0.008093600161373615
0, 278, 647, 12, 16, 0.007793302647769451
0, 352, 597, 32, 40, 0.007775829639285803
0, 348, 576, 40, 72, 0.007765436079353094
0, 320, 516, 19, 16, 0.0075706783682107925
0, 203, 840, 19, 19, 0.007188691291958094
0, 361, 530, 76, 157, 0.007014385424554348
0, 158, 963, 39, 41, 0.006916380953043699
0, 296, 582, 25, 43, 0.006719961296766996
0, 316, 524, 25, 28, 0.006460568867623806
0, 242, 147, 33, 23, 0.006336792837828398
0, 281, 633, 16, 20, 0.006303029600530863
0, 363, 534, 43, 51, 0.006237087771296501
0, 237, 107, 19, 19, 0.00599965313449502
0, 189, 948, 17, 20, 0.005933246109634638
0, 278, 730, 11, 22, 0.005704719573259354
0, 271, 655, 15, 29, 0.005549230147153139
0, 369, 380, 25, 22, 0.005529472138732672
0, 294, 220, 29, 31, 0.00542791374027729
0, 398, 463, 23, 31, 0.005393183324486017
0, 372, 354, 30, 35, 0.005248706322163343
0, 299, 565, 24, 32, 0.005198563449084759
0, 300, 228, 42, 51, 0.005172709934413433
0, 310, 184, 17, 27, 0.005048174876719713
0, 372, 365, 37, 39, 0.005024476442486048
0, 268, 136, 29, 31, 0.0047659785486757755
0, 286, 203, 39, 63, 0.004686168394982815
0, 248, 155, 35, 18, 0.004667685367166996
0, 349, 420, 41, 52, 0.0044881245121359825
0, 390, 420, 37, 54, 0.004332836717367172
0, 245, 160, 31, 20, 0.004235772881656885
0, 218, 824, 18, 16, 0.00422494625672698
0, 336, 346, 19, 18, 0.0037785049062222242
0, 349, 625, 21, 22, 0.0037233673501759768
0, 342, 594, 22, 36, 0.0035210337955504656
0, 337, 394, 17, 22, 0.003486091736704111
0, 215, 124, 27, 23, 0.0033795968629419804
0, 213, 839, 27, 26, 0.003287987783551216
0, 312, 201, 35, 63, 0.0032730838283896446
0, 151, 942, 50, 62, 0.00311831827275455
0, 261, 153, 37, 19, 0.0030279874335974455
0, 224, 764, 24, 36, 0.0028547795955091715
0, 341, 351, 19, 25, 0.002702085766941309
0, 331, 551, 69, 71, 0.0023897658102214336
0, 321, 503, 39, 31, 0.0023393777664750814
0, 324, 583, 24, 31, 0.002331419615074992
0, 332, 570, 49, 57, 0.0022996803745627403
0, 337, 483, 42, 39, 0.002284645801410079
0, 342, 460, 52, 70, 0.0022427998483181
0, 223, 882, 21, 28, 0.0022163307294249535
0, 372, 335, 30, 29, 0.002169567858800292
0, 350, 390, 16, 19, 0.002142956480383873
0, 270, 149, 21, 19, 0.0020112234633415937
0, 386, 367, 18, 19, 0.0019917322788387537
0, 198, 843, 27, 26, 0.0018957883585244417
0, 378, 301, 24, 21, 0.001805857289582491
0, 318, 516, 32, 31, 0.0017166155157610774
0, 209, 887, 52, 66, 0.0016832766123116016
0, 178, 882, 56, 72, 0.0016691468190401793
0, 348, 314, 10, 10, 0.0016278395196422935
0, 222, 112, 29, 29, 0.0015013731317594647
0, 205, 825, 20, 23, 0.0014753913274034858
0, 351, 251, 23, 29, 0.0013725607423111796
0, 312, 529, 22, 20, 0.0013509587151929736
0, 370, 328, 58, 93, 0.0013374888803809881
0, 267, 662, 16, 17, 0.0013360121520236135
0, 369, 289, 61, 102, 0.0013281715800985694
0, 283, 641, 19, 29, 0.0012910050572827458
0, 210, 132, 27, 28, 0.0012367842718958855
0, 209, 929, 25, 30, 0.0011448374716565013
0, 374, 393, 66, 111, 0.0011346163228154182
0, 420, 123, 295, 247, 0.0010709847556427121
0, 319, 236, 124, 150, 0.0010219927644357085
0, 203, 126, 12, 14, 0.0010195596842095256
0, 272, 654, 26, 36, 0.0009911649394780397
0, 346, 607, 33, 50, 0.0009473482496105134
0, 314, 258, 42, 77, 0.0007626390433870256
0, 308, 650, 22, 20, 0.0007461989298462868
0, 220, 121, 43, 42, 0.000693693058565259
0, 370, 509, 52, 52, 0.000685036473441869
0, 319, 276, 27, 28, 0.0006407616892829537
0, 381, 523, 25, 32, 0.000583567947614938
0, 329, 592, 33, 44, 0.0005813315510749817
0, 259, 156, 145, 135, 0.0005789133138023317
0, 276, 167, 36, 65, 0.0005404037074185908
0, 272, 199, 140, 165, 0.0005068854079581797
0, 390, 301, 23, 27, 0.0004937609774060547
0, 141, 983, 28, 31, 0.0004689995548687875
0, 397, 383, 25, 41, 0.0004404483479447663
0, 281, 626, 17, 21, 0.0004077050543855876
0, 264, 676, 13, 12, 0.00037048495141789317
0, 363, 326, 37, 32, 0.00034622373641468585
0, 392, 308, 107, 156, 0.00033617165172472596
0, 334, 268, 77, 179, 0.00033066299511119723
0, 297, 192, 56, 54, 0.00032607841421850026
0, 168, 952, 62, 57, 0.0003056527057196945
0, 225, 775, 36, 27, 0.0002816425694618374
0, 116, 921, 10, 13, 0.00028132321313023567
0, 150, 919, 57, 77, 0.00027243266231380403
0, 288, 615, 18, 21, 0.000268460571533069
0, 319, 312, 19, 21, 0.00026629146304912865
0, 2, 1132, 4, 60, 0.00026024150429293513
0, 292, 604, 36, 76, 0.00024368643062189221
0, 529, 65, 76, 130, 0.00023929320741444826
0, 381, 481, 59, 56, 0.00023703111219219863
0, 362, 566, 39, 84, 0.00023389664420392364
0, 318, 262, 35, 44, 0.00022645358694717288
0, 153, 901, 43, 70, 0.0002261435438413173
0, 310, 636, 25, 29, 0.00022512873692903668
0, 274, 644, 32, 45, 0.00021666094835381955
0, 272, 635, 21, 36, 0.00020965129078831524
0, 381, 376, 95, 249, 0.000194248539628461
0, 311, 301, 21, 22, 0.00019380691810511053
0, 308, 604, 42, 53, 0.0001749147049849853
0, 347, 466, 281, 277, 0.0001677600375842303
0, 525, 901, 84, 160, 0.0001561357785249129
0, 270, 147, 46, 68, 0.00014814002497587353
0, 357, 371, 61, 71, 0.00014722133346367627
0, 303, 706, 21, 23, 0.0001448221883038059
0, 456, 81, 223, 162, 0.00014425710833165795
0, 215, 810, 14, 13, 0.00014039308007340878
0, 206, 808, 11, 13, 0.00013950499123893678
0, 225, 827, 31, 25, 0.0001360257010674104
0, 363, 585, 34, 46, 0.0001309026702074334
0, 355, 317, 105, 259, 0.00012769487511832267
0, 278, 188, 44, 61, 0.00011669724335661158
0, 222, 834, 28, 24, 0.000116377865197137
0, 531, 772, 73, 152, 0.00011530210031196475
0, 532, 960, 71, 149, 0.00010967421985697001
0, 430, 441, 159, 140, 0.0001066979457391426
0, 395, 561, 87, 135, 0.00010403995838714764
0, 365, 604, 31, 41, 0.00010323246533516794
0, 427, 532, 281, 447, 0.00010128830763278529
0, 152, 1003, 41, 19, 9.879645222099498e-05
0, 100, 939, 13, 11, 9.836140088737011e-05
0, 305, 672, 23, 22, 9.708022116683424e-05
0, 401, 608, 16, 25, 9.368584142066538e-05
0, 235, 890, 29, 53, 9.20617239899002e-05
0, 218, 979, 16, 13, 9.081442840397358e-05
0, 266, 735, 20, 23, 9.026747284224257e-05
0, 528, 447, 78, 136, 8.914228237699717e-05
0, 531, 315, 72, 139, 8.882610563887283e-05
0, 296, 582, 50, 67, 8.722083293832839e-05
0, 325, 609, 27, 39, 8.688993693795055e-05
0, 432, 541, 10, 19, 8.673686534166336e-05
0, 221, 918, 31, 37, 8.651441021356732e-05
0, 198, 940, 48, 32, 8.500747208017856e-05
0, 222, 879, 63, 121, 8.174366666935384e-05
0, 197, 833, 23, 33, 8.070531475823373e-05
0, 377, 251, 192, 252, 8.060171967372298e-05
0, 277, 742, 11, 25, 8.031453762669116e-05
0, 313, 308, 24, 24, 7.951225416036323e-05
0, 317, 494, 54, 69, 7.752088276902214e-05
0, 530, 259, 75, 148, 7.57397647248581e-05
0, 241, 893, 17, 39, 7.572972390335053e-05
0, 530, 188, 75, 149, 7.352547254413366e-05
0, 382, 501, 56, 59, 7.25607096683234e-05
0, 300, 534, 25, 24, 7.234686927404255e-05
0, 319, 664, 33, 47, 7.073235610732809e-05
0, 360, 385, 414, 466, 6.902717723278329e-05
0, 99, 925, 18, 22, 6.897788989590481e-05
0, 289, 669, 19, 25, 6.844564632046968e-05
0, 452, 924, 230, 477, 6.837179535068572e-05
0, 533, 387, 10, 11, 6.805104931117967e-05
0, 185, 847, 37, 35, 6.609839329030365e-05
0, 325, 141, 291, 279, 6.558436143677682e-05
0, 367, 583, 73, 106, 6.454504182329401e-05
0, 501, 764, 66, 124, 6.438833952415735e-05
0, 304, 714, 18, 17, 6.377341196639463e-05
0, 490, 298, 155, 230, 6.254101026570424e-05
0, 380, 187, 375, 375, 6.183229561429471e-05
0, 275, 782, 12, 15, 6.160928751341999e-05
0, 230, 806, 16, 22, 6.130149267846718e-05
0, 531, 129, 72, 149, 6.001038127578795e-05
0, 216, 968, 17, 16, 5.956731183687225e-05
0, 168, 863, 43, 48, 5.9272719227010384e-05
0, 524, 709, 86, 150, 5.9218367823632434e-05
0, 243, 759, 16, 19, 5.841630627401173e-05
0, 287, 644, 50, 56, 5.830583177157678e-05
0, 536, 524, 62, 141, 5.78789331484586e-05
0, 506, 30, 122, 60, 5.725454684579745e-05
0, 531, 1098, 73, 129, 5.5706674174871296e-05
0, 365, 244, 128, 109, 5.396618871600367e-05
0, 131, 975, 35, 27, 5.376642366172746e-05
0, 129, 964, 36, 33, 5.374063766794279e-05
0, 504, 124, 108, 136, 5.3373219998320565e-05
0, 245, 822, 22, 21, 5.297819006955251e-05
0, 197, 886, 269, 274, 5.268854147288948e-05
0, 503, 61, 78, 116, 5.209817391005345e-05
0, 501, 911, 96, 130, 5.1286253437865525e-05
0, 501, 8, 111, 16, 5.0138703954871744e-05
0, 487, 467, 160, 202, 4.91630271426402e-05
0, 227, 112, 44, 40, 4.865761366090737e-05
0, 405, 410, 39, 56, 4.8454203351866454e-05
0, 311, 525, 57, 51, 4.728421845356934e-05
0, 339, 445, 175, 162, 4.727885243482888e-05
0, 529, 1030, 77, 148, 4.6897879656171426e-05
0, 461, 586, 124, 162, 4.645113222068176e-05
0, 504, 775, 21, 16, 4.6202807425288484e-05
0, 140, 889, 60, 51, 4.603783236234449e-05
0, 334, 403, 38, 46, 4.579769301926717e-05
0, 284, 726, 22, 25, 4.453610017662868e-05
0, 292, 278, 21, 37, 4.440666452865116e-05
0, 380, 582, 46, 43, 4.3492767872521654e-05
0, 442, 261, 251, 462, 4.348505171947181e-05
0, 527, 828, 81, 146, 4.334428740548901e-05
0, 284, 580, 60, 99, 4.308153802412562e-05
0, 99, 886, 198, 211, 4.233795698382892e-05
0, 226, 933, 24, 23, 4.2257488530594856e-05
0, 295, 709, 16, 18, 4.1757866711122915e-05
0, 131, 914, 92, 92, 4.085279579157941e-05
0, 184, 201, 269, 230, 4.059086131746881e-05
0, 519, 975, 97, 235, 3.998960164608434e-05
0, 528, 20, 78, 39, 3.969029785366729e-05
0, 157, 115, 292, 229, 3.9409049350069836e-05
0, 243, 834, 15, 17, 3.865015605697408e-05
0, 249, 767, 43, 28, 3.860407377942465e-05
0, 334, 677, 19, 17, 3.779628605116159e-05
0, 542, 475, 51, 156, 3.765508154174313e-05
0, 175, 648, 13, 12, 3.734217898454517e-05
0, 396, 602, 26, 31, 3.708772055688314e-05
0, 257, 745, 116, 47, 3.603620643843897e-05
0, 286, 184, 65, 91, 3.5947618016507477e-05
0, 440, 361, 223, 319, 3.553408168954775e-05
0, 533, 639, 69, 149, 3.537854354362935e-05
0, 511, 505, 99, 136, 3.529436798999086e-05
0, 252, 779, 97, 46, 3.5078908695140854e-05
0, 398, 235, 74, 94, 3.496208228170872e-05
0, 151, 874, 55, 54, 3.4947850508615375e-05
0, 507, 966, 78, 125, 3.466974521870725e-05
0, 329, 650, 35, 36, 3.45082808053121e-05
0, 307, 696, 15, 17, 3.406982068554498e-05
0, 421, 598, 139, 125, 3.3558622817508876e-05
