0, 353, 586, 197, 130, 0.18164686858654022
0, 514, 871, 129, 84, 0.16124102473258972
0, 110, 916, 32, 30, 0.0608086884021759
0, 102, 946, 61, 29, 0.055985502898693085
0, 542, 766, 71, 77, 0.05204027146100998
0, 627, 713, 254, 247, 0.0346175953745842
0, 773, 540, 65, 60, 0.02565234713256359
0, 602, 539, 198, 131, 0.02040785737335682
0, 753, 517, 138, 118, 0.019925640895962715
0, 586, 541, 124, 93, 0.012288874946534634
0, 322, 602, 137, 89, 0.011601702310144901
0, 805, 691, 64, 62, 0.01117025874555111
0, 254, 1023, 41, 19, 0.007781092077493668
0, 634, 539, 71, 52, 0.0075917630456388
0, 104, 914, 56, 56, 0.0075652459636330605
0, 162, 884, 62, 27, 0.006226781290024519
0, 149, 881, 40, 23, 0.006167504470795393
0, 132, 987, 21, 18, 0.006081575993448496
0, 328, 505, 99, 113, 0.005478393752127886
0, 725, 492, 65, 40, 0.005426773335784674
0, 310, 1003, 20, 20, 0.005343382712453604
0, 337, 1019, 19, 15, 0.005159415304660797
0, 182, 1022, 45, 52, 0.004793708678334951
0, 776, 238, 18, 16, 0.0046431925147771835
0, 566, 746, 134, 124, 0.0043077836744487286
0, 306, 1005, 30, 28, 0.004270498640835285
0, 757, 896, 34, 30, 0.004192667081952095
0, 340, 1009, 27, 25, 0.004192175343632698
0, 747, 487, 111, 51, 0.004008335992693901
0, 658, 534, 327, 213, 0.003942548297345638
0, 900, 375, 38, 20, 0.003819260746240616
0, 296, 605, 82, 74, 0.0037783558946102858
0, 177, 946, 26, 32, 0.0036573384422808886
0, 941, 346, 48, 38, 0.0033824294805526733
0, 916, 377, 20, 20, 0.0033812017645686865
0, 891, 372, 25, 20, 0.0032888269051909447
0, 315, 1026, 17, 13, 0.0032884094398468733
0, 272, 1057, 34, 23, 0.0032739751040935516
0, 375, 597, 128, 95, 0.0031962546054273844
0, 771, 240, 24, 21, 0.003073288593441248
0, 297, 1035, 37, 26, 0.002999874297529459
0, 629, 623, 287, 387, 0.0029682256281375885
0, 636, 157, 28, 27, 0.002895104931667447
0, 110, 868, 20, 25, 0.0028093326836824417
0, 130, 894, 130, 99, 0.002780874725431204
0, 700, 195, 18, 14, 0.0027553061954677105
0, 641, 600, 94, 59, 0.0027329546865075827
0, 750, 885, 54, 54, 0.0026687532663345337
0, 276, 1027, 89, 43, 0.0026539303362369537
0, 618, 673, 80, 85, 0.002447668928653002
0, 496, 412, 79, 46, 0.0024347908329218626
0, 86, 896, 23, 23, 0.002433554269373417
0, 609, 539, 125, 60, 0.0024130370002239943
0, 778, 488, 61, 46, 0.0023875783663243055
0, 647, 158, 45, 33, 0.0023400255013257265
0, 718, 231, 26, 16, 0.0022422396577894688
0, 650, 167, 56, 53, 0.002233954146504402
0, 628, 146, 20, 15, 0.0021600741893053055
0, 603, 707, 122, 117, 0.0021517721470445395
0, 295, 1021, 71, 58, 0.002127137267962098
0, 616, 689, 59, 49, 0.0021208953112363815
0, 120, 993, 34, 27, 0.002098172903060913
0, 488, 937, 32, 36, 0.002083958126604557
0, 137, 881, 107, 38, 0.002032801043242216
0, 289, 1079, 36, 19, 0.0019744769670069218
0, 427, 993, 34, 67, 0.0018912507221102715
0, 819, 698, 31, 38, 0.001729014329612255
0, 679, 770, 140, 130, 0.0015770092140883207
0, 84, 888, 33, 38, 0.0014920399989932775
0, 582, 725, 52, 60, 0.0014904275303706527
0, 534, 883, 79, 54, 0.001444728230126202
0, 92, 862, 53, 41, 0.0014349082484841347
0, 108, 930, 53, 50, 0.0014182950835675001
0, 558, 842, 33, 34, 0.0014098300598561764
0, 100, 912, 74, 94, 0.001377100357785821
0, 590, 927, 36, 45, 0.0013538463972508907
0, 79, 851, 28, 17, 0.0013368750223889947
0, 121, 872, 36, 31, 0.0012236438924446702
0, 707, 197, 37, 21, 0.0012147414963692427
0, 732, 869, 29, 27, 0.0011108445469290018
0, 329, 1005, 59, 42, 0.0011040369281545281
0, 543, 951, 19, 16, 0.0010590122547000647
0, 655, 796, 76, 70, 0.0010552936000749469
0, 728, 895, 19, 22, 0.0010471171699464321
0, 126, 1005, 38, 37, 0.001042026560753584
0, 575, 552, 78, 74, 0.0010149702429771423
0, 651, 184, 33, 21, 0.001004606718197465
0, 394, 577, 110, 88, 0.0009720581001602113
0, 573, 726, 85, 84, 0.0009626334649510682
0, 657, 615, 127, 90, 0.000935244606807828
0, 381, 1009, 37, 32, 0.0009313737391494215
0, 186, 950, 48, 48, 0.0009288250585086644
0, 301, 878, 22, 14, 0.0009227510308846831
0, 524, 334, 33, 29, 0.0009221727377735078
0, 372, 1010, 62, 40, 0.0009134976426139474
0, 304, 1009, 65, 47, 0.0008633778197690845
0, 184, 886, 25, 18, 0.0008594986284151673
0, 321, 626, 109, 41, 0.0008557852706871927
0, 179, 940, 46, 42, 0.0008388953283429146
0, 136, 878, 50, 30, 0.000832251098472625
0, 626, 593, 59, 43, 0.0008140020072460175
0, 910, 303, 30, 16, 0.0008095561061054468
0, 854, 855, 41, 42, 0.0008093628566712141
0, 892, 365, 36, 41, 0.0007905455422587693
0, 133, 991, 32, 27, 0.0007670025806874037
0, 76, 870, 23, 19, 0.0007649518083781004
0, 204, 1033, 24, 34, 0.0007027802639640868
0, 503, 427, 96, 79, 0.0006933162803761661
0, 293, 1046, 102, 67, 0.0006822359282523394
0, 659, 168, 37, 36, 0.0006753081688657403
0, 344, 999, 26, 22, 0.0006636005127802491
0, 348, 493, 44, 43, 0.0006564775831066072
0, 1115, 563, 15, 59, 0.0006468811188824475
0, 692, 639, 121, 105, 0.0006402065046131611
0, 156, 895, 88, 57, 0.0006200011703185737
0, 129, 1019, 29, 19, 0.0006095294374972582
0, 330, 483, 68, 65, 0.0005749831325374544
0, 102, 991, 33, 33, 0.0005730207194574177
0, 318, 1032, 48, 36, 0.0005615124828182161
0, 645, 705, 135, 114, 0.0005574936512857676
0, 615, 594, 215, 124, 0.000555866863578558
0, 670, 252, 12, 14, 0.0005313090514391661
0, 829, 358, 16, 12, 0.0005227721412666142
0, 756, 925, 31, 24, 0.0005206800415180624
0, 808, 336, 16, 16, 0.0005116547108627856
0, 202, 514, 47, 41, 0.000499810092151165
0, 305, 581, 86, 92, 0.0004991155001334846
0, 612, 751, 157, 133, 0.0004986062413081527
0, 604, 573, 68, 51, 0.0004694819508586079
0, 270, 620, 129, 109, 0.00046630503493361175
0, 764, 474, 36, 23, 0.00046358423423953354
0, 548, 859, 59, 66, 0.0004605799913406372
0, 210, 935, 30, 23, 0.0004540875379461795
0, 144, 904, 38, 32, 0.0004473523295018822
0, 278, 1063, 58, 49, 0.00044228023034520447
0, 306, 1013, 127, 55, 0.0004416769079398364
0, 707, 609, 433, 540, 0.0004416021693032235
0, 342, 539, 72, 44, 0.0004284546594135463
0, 850, 260, 15, 17, 0.0004238340479787439
0, 898, 383, 69, 53, 0.00042150012450292706
0, 716, 773, 71, 101, 0.00041793164564296603
0, 662, 187, 28, 16, 0.00041687858174555004
0, 118, 935, 99, 58, 0.0004138487274758518
0, 350, 1038, 14, 14, 0.00041090004378929734
0, 608, 183, 22, 18, 0.0004096117918379605
0, 812, 300, 32, 25, 0.0004095305921509862
0, 172, 892, 53, 33, 0.0004094043106306344
0, 195, 572, 54, 81, 0.0004056636826135218
0, 812, 312, 24, 18, 0.0004049319541081786
0, 619, 641, 39, 26, 0.00040438296855427325
0, 773, 916, 62, 41, 0.0004000832559540868
0, 815, 822, 21, 26, 0.00039897553506307304
0, 521, 568, 550, 551, 0.00039610464591532946
0, 555, 886, 40, 38, 0.00039342197123914957
0, 110, 960, 69, 55, 0.00038121885154396296
0, 1105, 935, 11, 25, 0.00037706326111219823
0, 177, 982, 21, 16, 0.00037649410660378635
0, 553, 546, 81, 89, 0.0003695610794238746
0, 490, 401, 67, 29, 0.00036378420190885663
0, 813, 308, 41, 39, 0.0003487857466097921
0, 905, 381, 48, 32, 0.0003432429220993072
0, 95, 1010, 22, 16, 0.00034172480809502304
0, 340, 940, 34, 24, 0.0003361003764439374
0, 581, 905, 54, 95, 0.00033221987541764975
0, 293, 514, 227, 119, 0.00033211472327820957
0, 26, 1222, 51, 4, 0.00033204982173629105
0, 127, 977, 34, 24, 0.00032457878114655614
0, 878, 313, 26, 22, 0.0003242342500016093
0, 473, 912, 11, 17, 0.00031975549063645303
0, 796, 776, 29, 37, 0.0003156875027343631
0, 732, 474, 106, 84, 0.0003143714275211096
0, 484, 858, 74, 58, 0.00031268823659047484
0, 240, 631, 82, 85, 0.00031241978285834193
0, 413, 1058, 21, 25, 0.00030738970963284373
0, 753, 241, 14, 18, 0.0002971332287415862
0, 331, 1079, 16, 18, 0.0002900068066082895
0, 750, 142, 9, 11, 0.0002895600628107786
0, 686, 106, 479, 212, 0.0002857289800886065
0, 813, 650, 16, 17, 0.0002832096943166107
0, 768, 928, 36, 26, 0.0002802141825668514
0, 128, 852, 20, 18, 0.00027833995409309864
0, 644, 667, 139, 109, 0.0002773457672446966
0, 634, 638, 207, 160, 0.000271207100013271
0, 881, 321, 32, 21, 0.00026597859687171876
0, 255, 997, 15, 17, 0.0002636625722516328
0, 199, 527, 56, 70, 0.0002628242946229875
0, 766, 902, 65, 84, 0.0002601742744445801
0, 797, 913, 19, 16, 0.00025939877377822995
0, 301, 560, 252, 175, 0.00025555308093316853
0, 890, 313, 52, 30, 0.0002543185546528548
0, 432, 973, 29, 36, 0.0002502261195331812
0, 730, 786, 36, 34, 0.00024851260241121054
0, 803, 495, 30, 44, 0.00024752889294177294
0, 273, 509, 110, 70, 0.00024575486895628273
0, 661, 804, 45, 63, 0.0002448835875838995
0, 162, 875, 106, 75, 0.0002386420383118093
0, 377, 1085, 20, 18, 0.00023772456916049123
0, 319, 526, 82, 68, 0.00023715835413895547
0, 300, 515, 42, 37, 0.00023695360869169235
0, 305, 846, 22, 25, 0.00023651165247429162
0, 398, 1059, 17, 24, 0.000234757928410545
0, 505, 901, 113, 108, 0.00023421752848662436
0, 666, 630, 75, 58, 0.0002331180585315451
0, 709, 665, 59, 61, 0.00023205362958833575
0, 163, 1015, 97, 54, 0.00022615690249949694
0, 601, 505, 110, 70, 0.00022400612942874432
0, 285, 1077, 57, 28, 0.00021975526760797948
0, 370, 858, 21, 28, 0.00021695242321584374
0, 840, 844, 75, 79, 0.00021680993086192757
0, 216, 944, 29, 19, 0.00021499430295079947
0, 313, 469, 31, 37, 0.0002135405084118247
0, 749, 297, 15, 24, 0.00021303191897459328
0, 174, 902, 37, 43, 0.00021223534713499248
0, 196, 586, 41, 49, 0.00021180596377234906
0, 585, 523, 83, 58, 0.0002071766648441553
0, 853, 717, 30, 44, 0.0002063327410724014
0, 120, 997, 73, 42, 0.00020160629355814308
0, 696, 618, 89, 79, 0.00019576388876885176
0, 894, 347, 22, 15, 0.0001946311822393909
0, 594, 874, 15, 22, 0.00019175265333615243
0, 598, 159, 18, 21, 0.00019166436686646193
0, 298, 350, 28, 27, 0.00019041477935388684
0, 356, 628, 68, 34, 0.0001891462889034301
0, 884, 312, 78, 48, 0.00018778919184114784
0, 361, 1020, 81, 55, 0.0001873181463452056
0, 293, 342, 24, 16, 0.00018647167598828673
0, 783, 481, 85, 78, 0.00018611783161759377
0, 330, 1051, 18, 15, 0.0001849109394242987
0, 757, 240, 21, 24, 0.00018354167696088552
0, 796, 650, 57, 42, 0.0001829010434448719
0, 229, 514, 98, 50, 0.00018046953482553363
0, 665, 683, 85, 57, 0.0001803375780582428
0, 192, 906, 27, 25, 0.00017820161883719265
0, 195, 560, 39, 46, 0.00017701162141747773
0, 383, 533, 124, 115, 0.00017520913388580084
0, 738, 832, 16, 13, 0.00017325711087323725
0, 887, 628, 13, 19, 0.00017101703269872814
0, 277, 422, 21, 24, 0.00017100268451031297
0, 725, 752, 42, 48, 0.00017074411152862012
0, 685, 678, 63, 51, 0.00017031695460900664
0, 253, 653, 106, 76, 0.00016850583779159933
0, 632, 789, 120, 103, 0.00016656730440445244
0, 672, 878, 15, 13, 0.0001642554416321218
0, 890, 395, 65, 36, 0.00016410030366387218
0, 702, 753, 47, 48, 0.00016057137690950185
0, 298, 879, 38, 19, 0.0001603431155672297
0, 664, 484, 97, 84, 0.00016016584413591772
0, 751, 472, 71, 55, 0.00015988234372343868
0, 588, 949, 52, 91, 0.00015937078569550067
0, 719, 802, 32, 36, 0.00015875046665314585
0, 268, 1012, 68, 47, 0.0001564723061164841
0, 274, 515, 193, 64, 0.00015623689978383482
0, 1112, 721, 18, 103, 0.00015372398775070906
0, 409, 1065, 33, 39, 0.00015191796410363168
0, 387, 1010, 58, 53, 0.00015102291945368052
0, 579, 959, 30, 41, 0.00015063921455293894
0, 725, 897, 31, 29, 0.00014980725245550275
0, 879, 820, 33, 26, 0.0001479123457102105
0, 749, 899, 69, 61, 0.00014775291492696851
0, 373, 485, 486, 517, 0.0001475378085160628
0, 211, 938, 47, 35, 0.00014684026245959103
0, 430, 527, 50, 59, 0.0001455853634979576
0, 198, 951, 81, 64, 0.0001454479934182018
0, 859, 730, 40, 62, 0.00014158770500216633
0, 432, 548, 69, 119, 0.00014151954383123666
0, 604, 154, 20, 21, 0.0001402093912474811
0, 624, 494, 50, 38, 0.0001397550367983058
0, 763, 745, 17, 18, 0.00013938065967522562
0, 456, 603, 21, 29, 0.0001389230164932087
0, 1115, 437, 9, 13, 0.00013633981870952994
0, 676, 715, 88, 108, 0.00013582220708485693
0, 697, 236, 33, 17, 0.0001330698432866484
0, 378, 966, 20, 27, 0.0001327969366684556
0, 840, 337, 11, 16, 0.00013262470019981265
0, 1105, 988, 11, 17, 0.0001305462938034907
0, 233, 648, 62, 52, 0.0001296279951930046
0, 289, 430, 39, 37, 0.00012849639460910112
0, 96, 861, 73, 60, 0.00012814901128876954
0, 796, 498, 46, 62, 0.00012687681009992957
0, 613, 145, 25, 26, 0.00012664184032473713
0, 800, 645, 87, 81, 0.00012650340795516968
0, 318, 925, 91, 78, 0.00012632415746338665
0, 883, 350, 35, 22, 0.0001258782867807895
0, 676, 807, 45, 54, 0.00012493396934587508
0, 788, 184, 15, 18, 0.00012346483708824962
0, 340, 926, 85, 62, 0.00012331070320215076
0, 704, 588, 112, 106, 0.00012289070582482964
0, 437, 997, 57, 93, 0.00012281187810003757
0, 666, 754, 89, 109, 0.00012267188867554069
0, 744, 296, 40, 37, 0.00012057879939675331
0, 678, 697, 64, 67, 0.0001201056657009758
0, 922, 356, 89, 42, 0.0001199874168378301
0, 666, 167, 104, 74, 0.00011808910494437441
0, 336, 1203, 153, 43, 0.00011742984497686848
0, 440, 511, 55, 65, 0.00011622926103882492
0, 1106, 719, 34, 127, 0.00011603326129261404
0, 846, 716, 15, 27, 0.00011585293395910412
0, 846, 260, 24, 24, 0.00011555293895071372
0, 714, 639, 39, 39, 0.00011551922943908721
0, 761, 284, 15, 12, 0.00011443033872637898
