0, 768, 801, 32, 32, 0.3658318519592285
0, 162, 449, 32, 27, 0.3564750850200653
0, 725, 790, 24, 33, 0.30529990792274475
0, 906, 863, 43, 64, 0.2780543267726898
0, 852, 843, 68, 104, 0.18889521062374115
0, 196, 508, 32, 31, 0.17374388873577118
0, 200, 507, 57, 37, 0.16079610586166382
0, 314, 540, 21, 15, 0.14127938449382782
0, 451, 617, 28, 20, 0.1361413449048996
0, 849, 879, 51, 37, 0.1215767040848732
0, 286, 525, 29, 14, 0.11852150410413742
0, 492, 632, 23, 24, 0.11761651933193207
0, 215, 468, 21, 21, 0.10852508246898651
0, 885, 894, 16, 12, 0.10455647855997086
0, 854, 859, 50, 69, 0.10094079375267029
0, 166, 500, 18, 11, 0.10007771849632263
0, 825, 835, 132, 133, 0.09952191263437271
0, 217, 515, 21, 16, 0.09729566425085068
0, 351, 589, 10, 14, 0.09614403545856476
0, 788, 770, 22, 17, 0.09521367400884628
0, 795, 746, 25, 15, 0.08408892899751663
0, 854, 925, 20, 19, 0.08272632211446762
0, 222, 494, 27, 20, 0.07338135689496994
0, 792, 822, 21, 28, 0.07024873048067093
0, 253, 524, 18, 14, 0.0684942975640297
0, 860, 884, 29, 28, 0.06743264943361282
0, 377, 606, 14, 16, 0.06653621792793274
0, 805, 788, 18, 18, 0.06348107010126114
0, 312, 576, 8, 13, 0.06137828156352043
0, 833, 822, 32, 27, 0.06080435588955879
0, 846, 852, 46, 42, 0.05609721690416336
0, 814, 849, 15, 28, 0.053217560052871704
0, 816, 758, 21, 15, 0.05316569656133652
0, 749, 759, 12, 17, 0.05124898627400398
0, 377, 569, 13, 18, 0.05086609721183777
0, 233, 497, 33, 23, 0.05045292153954506
0, 862, 932, 41, 36, 0.049976203590631485
0, 799, 777, 46, 38, 0.042786747217178345
0, 803, 760, 49, 36, 0.04264715313911438
0, 895, 844, 20, 23, 0.04138266667723656
0, 813, 777, 24, 22, 0.03677642345428467
0, 805, 785, 61, 70, 0.03662993386387825
0, 863, 808, 38, 26, 0.035920288413763046
0, 18, 788, 16, 26, 0.03566954284906387
0, 861, 812, 50, 67, 0.03421306610107422
0, 846, 826, 56, 49, 0.03109179437160492
0, 865, 853, 27, 45, 0.03084188513457775
0, 242, 530, 25, 17, 0.0305995624512434
0, 339, 525, 18, 12, 0.029771998524665833
0, 537, 658, 27, 19, 0.028074510395526886
0, 133, 494, 19, 13, 0.027954718098044395
0, 776, 810, 56, 54, 0.027542533352971077
0, 848, 791, 21, 16, 0.027216048911213875
0, 865, 877, 24, 41, 0.026030467823147774
0, 828, 837, 52, 64, 0.025852710008621216
0, 193, 430, 20, 10, 0.023768851533532143
0, 869, 814, 28, 29, 0.023366635665297508
0, 833, 812, 28, 23, 0.02223248966038227
0, 887, 879, 15, 30, 0.021711964160203934
0, 344, 548, 16, 15, 0.021670186892151833
0, 490, 627, 28, 46, 0.02147400751709938
0, 772, 735, 14, 15, 0.021329162642359734
0, 220, 502, 71, 42, 0.020290391519665718
0, 307, 534, 21, 22, 0.020206166431307793
0, 594, 641, 17, 17, 0.019923429936170578
0, 799, 830, 29, 45, 0.01898171752691269
0, 786, 805, 80, 78, 0.018978778272867203
0, 204, 495, 76, 57, 0.01785307750105858
0, 241, 501, 26, 22, 0.017669953405857086
0, 660, 676, 11, 13, 0.016596002504229546
0, 262, 477, 14, 21, 0.01615021377801895
0, 400, 620, 21, 20, 0.015688857063651085
0, 250, 517, 22, 28, 0.014130894094705582
0, 782, 781, 48, 40, 0.014097022823989391
0, 267, 481, 23, 30, 0.013783632777631283
0, 134, 458, 9, 8, 0.013605564832687378
0, 326, 519, 24, 16, 0.01322969887405634
0, 618, 689, 11, 14, 0.012791144661605358
0, 891, 840, 13, 26, 0.012512951157987118
0, 492, 640, 33, 45, 0.01182166300714016
0, 805, 845, 31, 37, 0.011612462811172009
0, 383, 544, 8, 7, 0.011398504488170147
0, 533, 653, 38, 33, 0.011361976154148579
0, 662, 744, 22, 22, 0.01087865885347128
0, 208, 467, 46, 45, 0.010834263637661934
0, 330, 521, 36, 22, 0.01074353139847517
0, 436, 562, 18, 10, 0.010075208730995655
0, 524, 644, 20, 21, 0.010036214254796505
0, 476, 559, 20, 10, 0.009711984544992447
0, 110, 431, 16, 20, 0.009342588484287262
0, 754, 735, 21, 19, 0.009152020327746868
0, 275, 485, 14, 21, 0.009112044237554073
0, 845, 784, 24, 27, 0.007989895530045033
0, 4, 756, 8, 71, 0.007981853559613228
0, 840, 791, 42, 43, 0.00738972844555974
0, 826, 775, 20, 21, 0.007379280868917704
0, 139, 437, 14, 12, 0.0071061886847019196
0, 787, 763, 36, 33, 0.006804643664509058
0, 138, 466, 16, 17, 0.006565045565366745
0, 194, 470, 95, 61, 0.006499634124338627
0, 340, 528, 31, 21, 0.006276876199990511
0, 992, 519, 10, 15, 0.006066370755434036
0, 326, 536, 43, 28, 0.005768179893493652
0, 746, 797, 31, 36, 0.005541817285120487
0, 150, 415, 20, 15, 0.005389261059463024
0, 762, 801, 53, 49, 0.0051273200660943985
0, 606, 708, 14, 13, 0.005027669481933117
0, 621, 684, 17, 21, 0.004956778604537249
0, 40, 885, 17, 13, 0.004877440165728331
0, 114, 423, 18, 18, 0.004626973997801542
0, 202, 515, 90, 58, 0.004388993140310049
0, 770, 738, 24, 15, 0.004293091129511595
0, 12, 791, 25, 42, 0.004187074489891529
0, 193, 456, 20, 17, 0.0041786907240748405
0, 853, 794, 51, 49, 0.00405772402882576
0, 166, 455, 50, 36, 0.003906568977981806
0, 333, 528, 48, 39, 0.003851186716929078
0, 943, 971, 17, 12, 0.0038377156015485525
0, 809, 840, 48, 55, 0.0037808155175298452
0, 212, 520, 44, 32, 0.0037343378644436598
0, 716, 757, 20, 27, 0.0036573277320712805
0, 485, 612, 30, 25, 0.003599908435717225
0, 711, 677, 12, 13, 0.003564169630408287
0, 773, 792, 47, 47, 0.003559297416359186
0, 826, 966, 37, 20, 0.003403846640139818
0, 296, 535, 50, 33, 0.003210301510989666
0, 639, 621, 19, 16, 0.003189066192135215
0, 903, 975, 12, 15, 0.0028940620832145214
0, 14, 767, 28, 97, 0.0028867535293102264
0, 505, 637, 63, 53, 0.002878234488889575
0, 1022, 545, 11, 12, 0.002802641596645117
0, 919, 896, 12, 22, 0.00277118943631649
0, 830, 863, 82, 91, 0.0027699696365743876
0, 807, 790, 80, 114, 0.002704393584281206
0, 730, 707, 13, 14, 0.002609213115647435
0, 678, 765, 20, 19, 0.0025033820420503616
0, 871, 839, 124, 128, 0.0024096304550766945
0, 725, 790, 42, 45, 0.0023593094665557146
0, 161, 492, 17, 17, 0.0023102741688489914
0, 1035, 545, 6, 61, 0.002297881292179227
0, 467, 615, 66, 34, 0.0022817987482994795
0, 309, 644, 16, 15, 0.0022341893054544926
0, 259, 522, 46, 31, 0.0021632718853652477
0, 6, 784, 12, 77, 0.0021396982483565807
0, 726, 767, 29, 43, 0.0021352628245949745
0, 408, 601, 25, 14, 0.0020097061060369015
0, 112, 429, 23, 28, 0.0019954105373471975
0, 477, 565, 24, 18, 0.0019578179344534874
0, 1035, 528, 7, 48, 0.0019435283029451966
0, 618, 645, 14, 10, 0.0019251271151006222
0, 671, 630, 22, 26, 0.0018640545895323157
0, 592, 641, 26, 28, 0.0018530364613980055
0, 608, 693, 27, 27, 0.0018518533324822783
0, 412, 619, 29, 23, 0.0018448171904310584
0, 770, 741, 28, 28, 0.0018274610629305243
0, 1008, 503, 12, 13, 0.0017925278516486287
0, 625, 684, 28, 34, 0.0017538887914270163
0, 997, 520, 19, 20, 0.0017293649725615978
0, 676, 685, 11, 12, 0.001693582278676331
0, 884, 894, 17, 26, 0.0016775291878730059
0, 782, 735, 37, 22, 0.0016767466440796852
0, 751, 748, 16, 36, 0.0015379209071397781
0, 1004, 521, 24, 17, 0.0015316082863137126
0, 394, 614, 52, 36, 0.0013586540007963777
0, 827, 958, 37, 22, 0.0013248457107692957
0, 240, 489, 45, 34, 0.0013178838416934013
0, 356, 594, 19, 23, 0.001311003346927464
0, 718, 776, 28, 28, 0.0013015250442549586
0, 303, 290, 21, 36, 0.0012997876619920135
0, 153, 448, 68, 44, 0.0012264607939869165
0, 251, 534, 16, 24, 0.0012162477942183614
0, 117, 419, 14, 15, 0.0011162061709910631
0, 158, 498, 41, 25, 0.0010872766142711043
0, 5, 731, 10, 132, 0.0010623973794281483
0, 885, 850, 76, 90, 0.0010577670764178038
0, 149, 492, 30, 20, 0.001034786575473845
0, 472, 632, 69, 60, 0.0010110880248248577
0, 762, 730, 42, 35, 0.0009947489015758038
0, 630, 734, 12, 14, 0.0009187037940137088
0, 875, 888, 38, 42, 0.0008675489225424826
0, 865, 800, 260, 224, 0.0008402842213399708
0, 306, 555, 34, 45, 0.000810775498393923
0, 659, 647, 8, 10, 0.0007768754148855805
0, 320, 504, 21, 19, 0.0007760641165077686
0, 360, 595, 35, 36, 0.0007576690404675901
0, 131, 435, 55, 50, 0.0007542446837760508
0, 322, 556, 42, 42, 0.0007520720828324556
0, 135, 430, 32, 24, 0.000728348852135241
0, 669, 623, 17, 18, 0.0007182963308878243
0, 255, 476, 16, 21, 0.0006977111916057765
0, 669, 745, 33, 33, 0.0006545337964780629
0, 240, 504, 90, 54, 0.0006368482136167586
0, 315, 549, 20, 33, 0.0006289512384682894
0, 280, 557, 16, 10, 0.0006280739326030016
0, 583, 615, 17, 24, 0.0006123646162450314
0, 442, 564, 26, 16, 0.0005928325699642301
0, 224, 481, 51, 48, 0.0005847231950610876
0, 836, 786, 90, 77, 0.0005653710686601698
0, 319, 572, 26, 22, 0.0005636737332679331
0, 186, 441, 37, 23, 0.000557411287445575
0, 867, 943, 52, 54, 0.0005151446093805134
0, 391, 605, 37, 31, 0.0004930240102112293
0, 1003, 790, 9, 11, 0.00047949329018592834
0, 621, 690, 61, 43, 0.0004503657983150333
0, 728, 716, 11, 8, 0.0004219037655275315
0, 195, 432, 31, 18, 0.00041404744843021035
0, 728, 672, 14, 17, 0.00040435255505144596
0, 327, 517, 50, 49, 0.0003961284237448126
0, 469, 571, 16, 10, 0.0003905266057699919
0, 354, 583, 18, 32, 0.00038983364356681705
0, 1035, 577, 7, 85, 0.0003890445514116436
0, 21, 789, 32, 53, 0.0003727410512510687
0, 202, 444, 23, 17, 0.0003648219571914524
0, 791, 724, 19, 20, 0.00035571897751651704
0, 298, 524, 73, 49, 0.00035543658304959536
0, 177, 518, 50, 35, 0.0003539266763255
0, 739, 698, 18, 28, 0.0003446065238676965
0, 649, 625, 28, 25, 0.0003425199829507619
0, 261, 538, 23, 22, 0.0003356211818754673
0, 674, 640, 21, 19, 0.0003346809826325625
0, 670, 751, 57, 60, 0.0003342422714922577
0, 521, 644, 30, 33, 0.00033360172528773546
0, 759, 689, 9, 13, 0.00032983688288368285
0, 376, 594, 17, 25, 0.0003222078667022288
0, 800, 747, 46, 35, 0.00031736050732433796
0, 204, 497, 139, 126, 0.0003120753390248865
0, 860, 885, 59, 52, 0.0003096531145274639
0, 672, 633, 33, 36, 0.0003041599993593991
0, 729, 665, 10, 13, 0.00029358576284721494
0, 594, 614, 20, 25, 0.0002870398457162082
0, 148, 419, 39, 22, 0.0002811167505569756
0, 1009, 515, 47, 43, 0.0002749740378931165
0, 746, 803, 66, 78, 0.00025682689738459885
0, 636, 626, 27, 28, 0.00024472485529258847
0, 127, 459, 19, 12, 0.00023890726151876152
0, 738, 693, 36, 45, 0.00023596544633619487
0, 612, 654, 17, 20, 0.0002353643940296024
0, 4, 811, 9, 100, 0.000222235539695248
0, 1027, 560, 22, 85, 0.00021604826906695962
0, 722, 752, 26, 25, 0.0002128952619386837
0, 176, 501, 72, 37, 0.00021229080448392779
0, 483, 568, 43, 36, 0.00021213863510638475
0, 418, 629, 22, 27, 0.0002102802973240614
0, 752, 747, 73, 53, 0.00020890121231786907
0, 639, 606, 20, 16, 0.00020599619892891496
0, 249, 475, 62, 44, 0.00020379760826472193
0, 834, 963, 27, 23, 0.00019766260811593384
0, 641, 459, 18, 18, 0.0001961054076673463
0, 650, 628, 48, 32, 0.0001864531950559467
0, 588, 691, 13, 20, 0.00018536460993345827
0, 293, 500, 12, 12, 0.0001830969995353371
0, 421, 620, 68, 36, 0.00018172245472669601
0, 1035, 502, 7, 55, 0.00017892626055981964
0, 680, 642, 15, 15, 0.00017813553859014064
0, 268, 488, 35, 34, 0.00017053194460459054
0, 484, 583, 11, 11, 0.00017051195027306676
0, 12, 800, 24, 111, 0.00016981395310722291
0, 314, 502, 17, 18, 0.00016980519285425544
0, 710, 682, 17, 17, 0.0001669205812504515
0, 343, 589, 13, 17, 0.0001641004637349397
0, 594, 630, 27, 36, 0.00016174001211766154
0, 675, 518, 19, 15, 0.00016125154797919095
0, 310, 670, 18, 18, 0.00016002723714336753
0, 361, 599, 21, 25, 0.00015798109234310687
0, 1034, 19, 8, 35, 0.00015663696103729308
0, 272, 486, 63, 46, 0.00015518600412178785
0, 781, 826, 64, 60, 0.00015516957500949502
0, 659, 679, 11, 24, 0.00015446350153069943
0, 296, 555, 47, 25, 0.0001530084409750998
0, 747, 693, 18, 23, 0.00015013845404610038
0, 229, 530, 42, 32, 0.0001395182916894555
0, 64, 846, 20, 20, 0.0001394500577589497
0, 277, 483, 46, 31, 0.00013916684838477522
0, 64, 856, 16, 22, 0.0001327612262684852
0, 383, 568, 22, 22, 0.00013157531793694943
0, 299, 646, 37, 23, 0.00012919657456222922
0, 632, 605, 14, 12, 0.00012678164057433605
0, 622, 653, 24, 21, 0.00012654648162424564
0, 790, 815, 187, 180, 0.00012501201126724482
0, 679, 681, 18, 21, 0.00012362234701868147
0, 885, 963, 12, 13, 0.00012099873856641352
0, 327, 575, 26, 23, 0.00011935954535147175
0, 306, 286, 33, 48, 0.00011854377953568473
0, 347, 566, 48, 33, 0.0001167039226857014
0, 748, 683, 31, 29, 0.00011591768270591274
0, 1018, 527, 33, 37, 0.00011534377699717879
0, 1014, 24, 49, 48, 0.00011453513434389606
0, 697, 762, 40, 30, 0.00011409517901483923
0, 716, 757, 47, 48, 0.000113424684968777
0, 710, 747, 27, 35, 0.00011302984785288572
0, 697, 728, 15, 14, 0.00011242980690440163
0, 4, 849, 8, 120, 0.00011180010915268213
0, 608, 685, 46, 21, 0.00010734260285971686
0, 168, 443, 60, 62, 0.00010511626896914095
0, 560, 629, 159, 91, 0.00010498373012524098
0, 264, 499, 132, 98, 0.00010106794798048213
0, 304, 574, 26, 15, 9.909658547258005e-05
0, 887, 760, 10, 12, 9.839855192694813e-05
0, 749, 703, 41, 45, 9.747362491907552e-05
0, 787, 908, 13, 15, 9.699749352876097e-05
