0, 469, 294, 18, 27, 0.19524307548999786
0, 360, 447, 17, 27, 0.1254653036594391
0, 224, 470, 14, 18, 0.12523379921913147
0, 212, 482, 44, 47, 0.12136226147413254
0, 330, 157, 63, 57, 0.11136392503976822
0, 449, 162, 163, 115, 0.09551578015089035
0, 572, 262, 13, 10, 0.08922191709280014
0, 371, 410, 11, 8, 0.08595316112041473
0, 591, 205, 34, 44, 0.07556530088186264
0, 388, 409, 13, 20, 0.07416579127311707
0, 499, 301, 28, 23, 0.07403554767370224
0, 213, 483, 31, 28, 0.07290706038475037
0, 384, 388, 13, 21, 0.07135441899299622
0, 384, 174, 221, 116, 0.07098816335201263
0, 434, 153, 16, 19, 0.052869655191898346
0, 317, 457, 46, 48, 0.050732504576444626
0, 587, 216, 18, 18, 0.04679908603429794
0, 452, 153, 63, 66, 0.04555768519639969
0, 331, 166, 39, 30, 0.043416447937488556
0, 199, 502, 9, 6, 0.043100710958242416
0, 438, 152, 30, 33, 0.04236021637916565
0, 379, 148, 17, 16, 0.04186464846134186
0, 312, 426, 13, 12, 0.04081984981894493
0, 566, 248, 16, 11, 0.04043164476752281
0, 334, 435, 94, 107, 0.04040724039077759
0, 333, 142, 49, 24, 0.039963968098163605
0, 349, 408, 7, 10, 0.0391572006046772
0, 323, 452, 66, 69, 0.034265849739313126
0, 537, 249, 16, 11, 0.033986907452344894
0, 318, 451, 21, 17, 0.03253626823425293
0, 346, 137, 18, 13, 0.03164999932050705
0, 577, 232, 10, 12, 0.030837735161185265
0, 342, 421, 12, 9, 0.03063027188181877
0, 314, 449, 31, 32, 0.030572565272450447
0, 313, 444, 24, 20, 0.030458945780992508
0, 245, 452, 13, 11, 0.030107317492365837
0, 334, 457, 18, 19, 0.0295566413551569
0, 249, 462, 39, 39, 0.029248878359794617
0, 294, 202, 31, 24, 0.02699751779437065
0, 242, 464, 22, 31, 0.026877041906118393
0, 341, 138, 32, 16, 0.026332665234804153
0, 530, 305, 16, 16, 0.025904441252350807
0, 317, 171, 40, 32, 0.025700554251670837
0, 521, 261, 228, 252, 0.02459048293530941
0, 587, 197, 50, 68, 0.02405012957751751
0, 590, 226, 13, 7, 0.024040773510932922
0, 496, 298, 21, 15, 0.022911325097084045
0, 300, 476, 9, 12, 0.02127641625702381
0, 295, 197, 25, 13, 0.021010633558034897
0, 332, 173, 120, 95, 0.021001409739255905
0, 427, 167, 55, 59, 0.01974334754049778
0, 582, 213, 29, 25, 0.01963970623910427
0, 243, 455, 17, 17, 0.01934712566435337
0, 203, 487, 23, 22, 0.01896687224507332
0, 300, 468, 12, 24, 0.018007665872573853
0, 449, 309, 16, 13, 0.017884934321045876
0, 238, 475, 11, 9, 0.017757993191480637
0, 476, 293, 37, 36, 0.017607523128390312
0, 584, 203, 16, 15, 0.017295822501182556
0, 595, 192, 19, 14, 0.017156587913632393
0, 378, 434, 13, 18, 0.016996197402477264
0, 456, 152, 45, 41, 0.01644263043999672
0, 567, 255, 29, 26, 0.016431691125035286
0, 380, 411, 33, 26, 0.01506702322512865
0, 452, 341, 16, 13, 0.014999516308307648
0, 568, 234, 16, 11, 0.014643880538642406
0, 230, 470, 29, 22, 0.014537600800395012
0, 198, 492, 11, 16, 0.014375928789377213
0, 464, 142, 15, 12, 0.014301198534667492
0, 456, 160, 29, 26, 0.014139586128294468
0, 468, 141, 85, 73, 0.014137372374534607
0, 318, 150, 21, 11, 0.014105374924838543
0, 574, 215, 43, 33, 0.013784574344754219
0, 312, 467, 32, 34, 0.013522985391318798
0, 366, 407, 23, 19, 0.013111487030982971
0, 487, 117, 44, 19, 0.012953299097716808
0, 466, 143, 21, 19, 0.012921099551022053
0, 585, 206, 25, 31, 0.012918363325297832
0, 428, 181, 22, 22, 0.012904621660709381
0, 588, 195, 26, 19, 0.012861041352152824
0, 512, 261, 11, 8, 0.012692095711827278
0, 346, 408, 14, 12, 0.012659387663006783
0, 564, 241, 37, 28, 0.012387744151055813
0, 487, 321, 20, 10, 0.012253631837666035
0, 575, 209, 76, 90, 0.01202047523111105
0, 570, 229, 25, 17, 0.01151718944311142
0, 455, 340, 27, 17, 0.011306875385344028
0, 385, 397, 17, 22, 0.011066976003348827
0, 509, 172, 35, 32, 0.011054396629333496
0, 455, 167, 51, 50, 0.010728783905506134
0, 232, 476, 83, 73, 0.010620937682688236
0, 562, 227, 46, 54, 0.010434272699058056
0, 442, 180, 41, 29, 0.010323475115001202
0, 555, 248, 44, 21, 0.010266639292240143
0, 305, 427, 18, 14, 0.0101519376039505
0, 276, 140, 15, 24, 0.010123184882104397
0, 340, 440, 47, 50, 0.009987171739339828
0, 262, 451, 10, 12, 0.0097856679931283
0, 489, 306, 52, 46, 0.00978440698236227
0, 574, 282, 9, 13, 0.009777738712728024
0, 468, 358, 30, 23, 0.009747778996825218
0, 483, 129, 56, 46, 0.009659696370363235
0, 485, 286, 62, 55, 0.009654643945395947
0, 413, 353, 10, 17, 0.009611199609935284
0, 567, 211, 20, 19, 0.009473951533436775
0, 381, 429, 20, 30, 0.00946273934096098
0, 443, 143, 31, 44, 0.00941032636910677
0, 458, 309, 46, 56, 0.009190401993691921
0, 488, 296, 10, 15, 0.009151686914265156
0, 551, 302, 20, 16, 0.008930844254791737
0, 342, 199, 49, 36, 0.00862004142254591
0, 555, 266, 12, 11, 0.008541046641767025
0, 451, 180, 24, 21, 0.007999327033758163
0, 321, 174, 61, 51, 0.007932175882160664
0, 302, 188, 49, 58, 0.007853105664253235
0, 546, 313, 14, 12, 0.0076477122493088245
0, 360, 398, 14, 16, 0.007647270802408457
0, 345, 420, 20, 12, 0.0073880464769899845
0, 312, 137, 10, 7, 0.007380748633295298
0, 323, 144, 32, 21, 0.00732711236923933
0, 389, 168, 24, 29, 0.007295162882655859
0, 251, 454, 31, 22, 0.00719572976231575
0, 471, 359, 13, 15, 0.006988911423832178
0, 363, 435, 70, 88, 0.0069880373775959015
0, 351, 138, 32, 16, 0.0069082072004675865
0, 582, 226, 27, 28, 0.006763107609003782
0, 566, 283, 24, 17, 0.006706340238451958
0, 466, 321, 65, 65, 0.006654936820268631
0, 364, 418, 13, 8, 0.006468069273978472
0, 573, 259, 18, 19, 0.006410226225852966
0, 307, 174, 22, 24, 0.006409302819520235
0, 279, 175, 25, 28, 0.006344038527458906
0, 428, 361, 7, 7, 0.006248642690479755
0, 392, 143, 8, 6, 0.006186540238559246
0, 557, 301, 31, 26, 0.006128079257905483
0, 456, 304, 31, 26, 0.0061264559626579285
0, 386, 160, 38, 48, 0.006076128222048283
0, 470, 358, 47, 31, 0.0060651288367807865
0, 569, 243, 23, 17, 0.006047897972166538
0, 596, 167, 14, 10, 0.006036662962287664
0, 385, 422, 29, 43, 0.0060200998559594154
0, 420, 394, 10, 8, 0.005957024171948433
0, 562, 286, 34, 44, 0.005940567702054977
0, 314, 430, 17, 14, 0.005924129392951727
0, 325, 461, 38, 33, 0.0058906469494104385
0, 486, 115, 23, 13, 0.005712078418582678
0, 597, 187, 23, 22, 0.0057114665396511555
0, 361, 426, 22, 22, 0.005693546496331692
0, 559, 280, 21, 15, 0.0055954172275960445
0, 531, 333, 38, 40, 0.005494610872119665
0, 525, 339, 23, 25, 0.00544976070523262
0, 377, 394, 37, 33, 0.005388450808823109
0, 544, 311, 47, 37, 0.0053010499104857445
0, 344, 153, 54, 41, 0.005289739929139614
0, 373, 423, 51, 53, 0.005153800826519728
0, 545, 313, 60, 69, 0.0051224916242063046
0, 448, 130, 16, 16, 0.005055549554526806
0, 468, 329, 52, 40, 0.005046163219958544
0, 369, 441, 35, 44, 0.005026326514780521
0, 561, 219, 17, 11, 0.004920002538710833
0, 431, 182, 71, 45, 0.004892924800515175
0, 482, 322, 31, 18, 0.00486190989613533
0, 550, 308, 24, 27, 0.004832979757338762
0, 366, 394, 19, 12, 0.004792587365955114
0, 473, 325, 99, 105, 0.004764985758811235
0, 405, 194, 48, 39, 0.004755843430757523
0, 376, 438, 9, 12, 0.0046286568976938725
0, 467, 316, 16, 19, 0.004531932529062033
0, 408, 175, 68, 69, 0.00442414591088891
0, 557, 247, 93, 162, 0.004396700765937567
0, 367, 423, 14, 13, 0.004378531128168106
0, 287, 139, 33, 29, 0.0042995307594537735
0, 469, 130, 8, 10, 0.004279858432710171
0, 356, 174, 33, 25, 0.004261130932718515
0, 293, 468, 36, 32, 0.004196899943053722
0, 593, 178, 13, 12, 0.004186664707958698
0, 479, 330, 41, 28, 0.004186038859188557
0, 451, 311, 20, 21, 0.004119906574487686
0, 355, 170, 21, 14, 0.00409564608708024
0, 526, 337, 12, 10, 0.004092807415872812
0, 346, 194, 34, 21, 0.004027002491056919
0, 559, 273, 24, 24, 0.003970779944211245
0, 471, 343, 65, 61, 0.00394655205309391
0, 311, 435, 27, 31, 0.0038591944612562656
0, 462, 346, 42, 36, 0.003859180025756359
0, 419, 185, 18, 19, 0.00377952610142529
0, 185, 493, 14, 18, 0.003748464398086071
0, 367, 414, 19, 17, 0.003725131507962942
0, 506, 317, 124, 88, 0.003697426291182637
0, 599, 180, 26, 19, 0.0036644376814365387
0, 519, 346, 10, 10, 0.003661232301965356
0, 550, 293, 76, 92, 0.0036485150922089815
0, 296, 133, 12, 10, 0.0035573821514844894
0, 392, 414, 26, 31, 0.0035198358818888664
0, 479, 361, 19, 22, 0.0034936238080263138
0, 344, 411, 23, 26, 0.0034474176354706287
0, 368, 161, 72, 52, 0.0034426406491547823
0, 476, 140, 38, 34, 0.003427739953622222
0, 400, 424, 8, 8, 0.0033942016307264566
0, 380, 146, 42, 26, 0.0033858309034258127
0, 235, 465, 49, 40, 0.0032850527204573154
0, 558, 266, 20, 16, 0.003233853727579117
0, 536, 301, 49, 30, 0.0032190552446991205
0, 285, 180, 39, 39, 0.0031605043914169073
0, 472, 114, 19, 13, 0.0030864595901221037
0, 467, 150, 25, 33, 0.00301924510858953
0, 295, 132, 19, 16, 0.0029922896064817905
0, 356, 405, 30, 20, 0.002978239208459854
0, 218, 469, 26, 23, 0.002969134598970413
0, 358, 141, 21, 10, 0.002863157307729125
0, 588, 231, 18, 19, 0.0028462111949920654
0, 193, 490, 29, 23, 0.0028275130316615105
0, 361, 400, 26, 23, 0.0028056201990693808
0, 492, 333, 13, 11, 0.0027916422113776207
0, 469, 276, 19, 12, 0.0027190810069441795
0, 407, 194, 30, 22, 0.0027009076438844204
0, 184, 501, 13, 9, 0.002671916736289859
0, 591, 182, 29, 39, 0.0026665828190743923
0, 458, 137, 35, 36, 0.002585242036730051
0, 309, 456, 37, 33, 0.002564855618402362
0, 471, 150, 45, 60, 0.0025630604941397905
0, 320, 425, 27, 16, 0.0025451823603361845
0, 539, 133, 14, 12, 0.002526592230424285
0, 445, 316, 19, 15, 0.0024902531877160072
0, 562, 220, 31, 39, 0.002425608690828085
0, 257, 449, 23, 19, 0.0024038637056946754
0, 606, 179, 11, 11, 0.002398422220721841
0, 285, 477, 20, 19, 0.0023404061794281006
0, 411, 157, 24, 39, 0.0023230253718793392
0, 241, 480, 15, 15, 0.0022779363207519054
0, 296, 474, 25, 26, 0.0022727176547050476
0, 299, 431, 12, 20, 0.0022461088374257088
0, 563, 296, 14, 12, 0.0022340540308505297
0, 555, 240, 36, 21, 0.0022228274028748274
0, 303, 445, 25, 25, 0.002217406639829278
0, 435, 360, 20, 15, 0.002124269725754857
0, 464, 128, 58, 47, 0.002121926983818412
0, 395, 201, 43, 26, 0.002097983378916979
0, 448, 326, 54, 45, 0.002087612636387348
0, 449, 361, 54, 33, 0.002063468098640442
0, 450, 366, 17, 10, 0.0019074913579970598
0, 336, 421, 149, 145, 0.0018521740566939116
0, 437, 321, 12, 10, 0.0018154658610001206
0, 399, 161, 50, 56, 0.0017788215773180127
0, 534, 327, 18, 22, 0.0017764548538252711
0, 568, 278, 23, 30, 0.0017350907437503338
0, 469, 286, 25, 33, 0.0016799066215753555
0, 337, 473, 13, 11, 0.0016672100173309445
0, 475, 120, 47, 29, 0.001630433020181954
0, 375, 408, 41, 43, 0.0015719254733994603
0, 457, 356, 95, 83, 0.0015613671857863665
0, 231, 485, 39, 31, 0.001513057155534625
0, 341, 405, 17, 13, 0.0014905332354828715
0, 325, 419, 16, 14, 0.0014832534361630678
0, 450, 186, 47, 37, 0.001445660018362105
0, 445, 332, 36, 30, 0.0014411500887945294
0, 483, 278, 46, 35, 0.0014400436775758862
0, 246, 450, 19, 17, 0.0013925305102020502
0, 442, 371, 48, 35, 0.001370308455079794
0, 261, 473, 14, 16, 0.0013330182991921902
0, 552, 269, 37, 22, 0.0013215539511293173
0, 499, 118, 25, 22, 0.0012732628965750337
0, 333, 415, 37, 29, 0.001256708987057209
0, 278, 134, 10, 17, 0.0012512261746451259
0, 312, 142, 54, 38, 0.0012418560218065977
0, 522, 304, 37, 25, 0.001190120237879455
0, 392, 183, 59, 61, 0.0011895513162016869
0, 445, 317, 30, 34, 0.0011649139923974872
0, 280, 481, 16, 12, 0.0010970775038003922
0, 533, 279, 24, 14, 0.0010747136548161507
0, 355, 405, 42, 35, 0.0010435162112116814
0, 443, 342, 21, 11, 0.0010429120156913996
0, 270, 439, 13, 10, 0.0010235878871753812
0, 440, 365, 31, 16, 0.0010049308184534311
0, 539, 274, 17, 12, 0.0009855955140665174
0, 426, 378, 12, 11, 0.000968489795923233
0, 365, 184, 73, 61, 0.0009508291841484606
0, 489, 361, 26, 21, 0.0009479269501753151
0, 241, 196, 11, 9, 0.0009090997045859694
0, 507, 326, 70, 50, 0.0009053089306689799
0, 538, 323, 31, 32, 0.0008956429664976895
0, 415, 175, 280, 192, 0.000867406721226871
0, 278, 167, 20, 24, 0.000866956019308418
0, 532, 251, 37, 24, 0.0008372331503778696
0, 529, 282, 15, 12, 0.0007726140902377665
0, 407, 353, 14, 15, 0.0007326555205509067
0, 308, 426, 27, 20, 0.0007314786198548973
0, 465, 292, 43, 49, 0.0006986476946622133
0, 384, 203, 29, 21, 0.0006944444612599909
0, 359, 393, 209, 214, 0.0006813856889493763
0, 314, 200, 80, 37, 0.0006682379171252251
0, 407, 358, 27, 27, 0.0006639655912294984
0, 196, 490, 49, 43, 0.0006623387453146279
0, 336, 470, 18, 17, 0.0006612867000512779
0, 422, 395, 17, 11, 0.0006507749785669148
0, 321, 420, 43, 35, 0.0006442972226068377
0, 391, 138, 10, 11, 0.0006414160598069429
0, 293, 146, 27, 45, 0.0006338151870295405
0, 513, 285, 71, 58, 0.0006322857225313783
0, 411, 385, 66, 45, 0.0006263619288802147
