0, 758, 548, 40, 63, 0.4669067859649658
0, 694, 621, 93, 77, 0.44271120429039
0, 521, 690, 244, 91, 0.4422900378704071
0, 569, 678, 143, 92, 0.399672269821167
0, 1084, 498, 138, 58, 0.28975123167037964
0, 419, 461, 346, 197, 0.25290682911872864
0, 732, 372, 160, 134, 0.13233953714370728
0, 713, 405, 113, 63, 0.11313701421022415
0, 784, 544, 93, 75, 0.0783192366361618
0, 408, 463, 130, 120, 0.07793861627578735
0, 1224, 480, 53, 44, 0.05322148650884628
0, 323, 500, 84, 74, 0.04121506214141846
0, 764, 340, 114, 66, 0.040762342512607574
0, 763, 344, 63, 46, 0.034881144762039185
0, 358, 476, 212, 146, 0.0338665172457695
0, 804, 556, 41, 26, 0.03283292055130005
0, 708, 566, 38, 22, 0.029980923980474472
0, 675, 396, 40, 27, 0.029919560998678207
0, 812, 522, 34, 32, 0.02924979105591774
0, 500, 421, 152, 79, 0.027319353073835373
0, 493, 697, 179, 61, 0.02327805943787098
0, 1109, 242, 40, 19, 0.02104097604751587
0, 711, 388, 95, 53, 0.020436618477106094
0, 342, 510, 37, 41, 0.018862003460526466
0, 809, 540, 45, 75, 0.018708955496549606
0, 1113, 501, 72, 47, 0.014446310698986053
0, 347, 497, 70, 64, 0.014400610700249672
0, 1172, 463, 29, 19, 0.013634930364787579
0, 750, 398, 55, 44, 0.013489517383277416
0, 453, 430, 125, 82, 0.01342505868524313
0, 472, 451, 214, 142, 0.0119566535577178
0, 376, 495, 42, 43, 0.011586074717342854
0, 1039, 251, 30, 23, 0.011161619797348976
0, 1084, 244, 26, 18, 0.01029584463685751
0, 543, 409, 97, 50, 0.00954535510390997
0, 727, 354, 42, 21, 0.008207814767956734
0, 462, 427, 90, 52, 0.008167694322764874
0, 1067, 272, 26, 22, 0.008053396828472614
0, 849, 334, 24, 26, 0.007794924546033144
0, 716, 356, 112, 58, 0.0076492358930408955
0, 682, 388, 61, 47, 0.0075764162465929985
0, 836, 536, 111, 70, 0.007475520018488169
0, 853, 320, 27, 31, 0.007329578977078199
0, 771, 392, 37, 33, 0.007146730087697506
0, 460, 451, 40, 26, 0.006927334703505039
0, 342, 499, 143, 90, 0.006878468673676252
0, 766, 396, 90, 60, 0.006843080744147301
0, 307, 499, 51, 50, 0.006572379264980555
0, 1129, 262, 37, 22, 0.0060120816342532635
0, 1103, 257, 86, 48, 0.005994042381644249
0, 684, 359, 40, 23, 0.0058950381353497505
0, 701, 607, 70, 46, 0.005442722234874964
0, 1097, 238, 48, 34, 0.005164160393178463
0, 543, 690, 135, 62, 0.005151168443262577
0, 460, 450, 68, 37, 0.00489299651235342
0, 531, 411, 55, 37, 0.004864722955971956
0, 799, 554, 56, 40, 0.004823714029043913
0, 637, 619, 31, 29, 0.004618141334503889
0, 1114, 265, 55, 25, 0.004308223724365234
0, 707, 598, 50, 27, 0.004254245664924383
0, 839, 322, 127, 93, 0.004185675177723169
0, 793, 354, 250, 177, 0.00418345769867301
0, 784, 391, 38, 32, 0.004034467972815037
0, 784, 367, 68, 35, 0.0038811105769127607
0, 685, 362, 57, 34, 0.0036028309259563684
0, 799, 324, 46, 34, 0.0035610671620815992
0, 859, 530, 59, 42, 0.0035442966036498547
0, 676, 378, 118, 86, 0.0031730658374726772
0, 303, 516, 46, 56, 0.0028441278263926506
0, 1113, 252, 58, 30, 0.0027537266723811626
0, 916, 494, 46, 32, 0.0027213101275265217
0, 860, 315, 34, 33, 0.002608740236610174
0, 571, 658, 365, 192, 0.0025193514302372932
0, 460, 688, 87, 38, 0.0025033727288246155
0, 885, 287, 30, 27, 0.0022892546840012074
0, 278, 487, 49, 39, 0.0022608290892094374
0, 789, 351, 72, 52, 0.0021879933774471283
0, 380, 500, 67, 62, 0.002122364239767194
0, 875, 312, 81, 86, 0.0020571709610521793
0, 293, 495, 86, 59, 0.0019929201807826757
0, 875, 299, 58, 51, 0.0019890174735337496
0, 1122, 461, 29, 18, 0.001946223434060812
0, 822, 324, 51, 40, 0.0019337640842422843
0, 1047, 263, 26, 19, 0.0019251040648669004
0, 1029, 252, 54, 28, 0.0018839262193068862
0, 737, 551, 99, 69, 0.0017790350830182433
0, 882, 299, 26, 19, 0.0016567514976486564
0, 439, 696, 78, 52, 0.0015778908273205161
0, 662, 646, 171, 141, 0.0015284502878785133
0, 853, 323, 40, 50, 0.0014604429015889764
0, 631, 628, 53, 56, 0.0014364257222041488
0, 572, 414, 34, 33, 0.0013308838242664933
0, 1057, 256, 66, 43, 0.0013236930826678872
0, 877, 316, 25, 33, 0.0012847002362832427
0, 800, 367, 38, 25, 0.0012784621212631464
0, 660, 645, 36, 38, 0.0010120025835931301
0, 837, 333, 60, 49, 0.0010024126386269927
0, 1078, 251, 112, 73, 0.0009543724590912461
0, 263, 495, 31, 38, 0.0008721689227968454
0, 612, 663, 59, 58, 0.0008673579432070255
0, 461, 568, 482, 483, 0.0008237705915234983
0, 888, 295, 41, 34, 0.000787318916991353
0, 529, 432, 589, 256, 0.0007757287821732461
0, 1032, 504, 33, 27, 0.0007705303723923862
0, 669, 639, 52, 51, 0.0007357992581091821
0, 613, 649, 45, 33, 0.0006791768246330321
0, 432, 464, 124, 77, 0.0006232837913557887
0, 274, 506, 60, 60, 0.0005777750047855079
0, 646, 616, 26, 37, 0.0005124163581058383
0, 515, 643, 101, 28, 0.0004939523641951382
0, 449, 662, 129, 103, 0.0004886406240984797
0, 312, 478, 123, 98, 0.0004587288131006062
0, 554, 399, 135, 81, 0.0004203166754450649
0, 659, 386, 79, 41, 0.0004168929299339652
0, 418, 704, 40, 34, 0.0004150381137151271
0, 34, 835, 68, 2, 0.0004013442376162857
0, 524, 636, 131, 79, 0.00037050966056995094
0, 635, 387, 34, 22, 0.0003566787636373192
0, 818, 359, 34, 25, 0.0003549657412804663
0, 625, 611, 37, 30, 0.0003459739382378757
0, 607, 637, 116, 84, 0.0003406788455322385
0, 404, 480, 95, 79, 0.00033136611455120146
0, 525, 319, 635, 638, 0.00029071769677102566
0, 1091, 222, 26, 19, 0.00027226595557294786
0, 496, 641, 105, 42, 0.0002610548981465399
0, 238, 486, 20, 38, 0.00023993494687601924
0, 253, 468, 120, 102, 0.00023786129895597696
0, 811, 552, 150, 100, 0.00023358396720141172
0, 536, 642, 67, 22, 0.00023300052271224558
0, 864, 274, 564, 548, 0.00021653290605172515
0, 723, 584, 109, 139, 0.00020790805865544826
0, 417, 427, 100, 51, 0.0002053772477665916
0, 51, 807, 103, 59, 0.00020299237803556025
0, 834, 386, 28, 20, 0.00020290937391109765
0, 536, 431, 43, 37, 0.0001975755294552073
0, 1396, 835, 60, 3, 0.00019476261513773352
0, 637, 396, 125, 101, 0.00019460298062767833
0, 758, 322, 98, 53, 0.0001857627066783607
0, 567, 624, 123, 64, 0.0001844457001425326
0, 1090, 228, 32, 32, 0.0001713344972813502
0, 1086, 479, 129, 47, 0.0001600223476998508
0, 350, 420, 564, 323, 0.0001489249407313764
0, 688, 378, 257, 167, 0.0001488207490183413
0, 555, 629, 57, 41, 0.00014515136717818677
0, 1205, 445, 110, 83, 0.00014400052896235138
0, 1160, 444, 117, 86, 0.0001331033417955041
0, 661, 401, 79, 41, 0.00013251877680886537
0, 589, 120, 585, 241, 0.00013184784620534629
0, 658, 590, 23, 17, 0.00013111553562339395
0, 493, 638, 63, 22, 0.00012823641009163111
0, 218, 463, 122, 118, 0.00012672579032368958
0, 627, 676, 162, 108, 0.00012584168871399015
0, 896, 294, 70, 63, 0.0001248292828677222
0, 602, 601, 28, 17, 0.00012360961409285665
0, 686, 573, 99, 69, 0.00012188147229608148
0, 490, 623, 110, 82, 0.00011823153181467205
0, 555, 655, 105, 37, 0.0001154598721768707
0, 474, 644, 117, 97, 0.00011528813047334552
0, 443, 674, 85, 48, 0.00011188467760803178
0, 887, 488, 550, 539, 0.00011074162466684356
0, 810, 323, 365, 341, 0.00011025388084817678
0, 1293, 123, 17, 17, 0.00011017736687790602
0, 849, 352, 25, 29, 0.00010691365605453029
0, 915, 276, 116, 94, 0.00010665439913282171
0, 689, 265, 578, 531, 0.00010591526370262727
0, 1044, 235, 104, 82, 0.0001052285879268311
0, 949, 107, 584, 215, 0.00010392068361397833
0, 916, 282, 19, 23, 0.00010379846935393289
0, 613, 450, 30, 20, 0.00010222018318017945
0, 399, 660, 126, 112, 0.00010047006799140945
0, 1297, 402, 227, 258, 9.783343557501212e-05
0, 312, 316, 624, 633, 9.620850323699415e-05
0, 695, 347, 107, 85, 9.594601579010487e-05
0, 1123, 497, 254, 89, 9.486938506597653e-05
0, 627, 394, 35, 27, 9.340155520476401e-05
0, 667, 574, 40, 31, 9.154880535788834e-05
0, 497, 410, 221, 123, 9.11698371055536e-05
0, 416, 349, 395, 511, 9.035523544298485e-05
0, 1038, 250, 76, 44, 8.96983256097883e-05
0, 633, 593, 103, 87, 8.598835120210424e-05
0, 658, 575, 24, 25, 8.525353041477501e-05
0, 248, 398, 126, 134, 8.461506513413042e-05
0, 449, 407, 110, 43, 8.323108340846375e-05
0, 948, 474, 113, 85, 8.27565454528667e-05
0, 582, 407, 63, 50, 8.076945232460275e-05
0, 288, 654, 19, 16, 7.901542994659394e-05
0, 121, 251, 19, 12, 7.72077837609686e-05
0, 408, 835, 162, 2, 7.674591324757785e-05
0, 1409, 465, 37, 180, 7.58196838432923e-05
0, 634, 514, 553, 589, 7.486992399208248e-05
0, 415, 506, 103, 95, 7.368403748841956e-05
0, 593, 388, 90, 96, 7.227095193229616e-05
0, 352, 428, 105, 87, 7.19035160727799e-05
0, 96, 810, 193, 53, 7.016000745352358e-05
0, 1409, 312, 35, 162, 6.990022666286677e-05
0, 810, 374, 64, 37, 6.980670150369406e-05
0, 282, 484, 564, 550, 6.9666319177486e-05
0, 224, 479, 19, 24, 6.929884693818167e-05
0, 1002, 520, 231, 106, 6.921028398210183e-05
0, 616, 807, 144, 58, 6.9076893851161e-05
0, 500, 398, 126, 69, 6.870774814160541e-05
0, 622, 328, 99, 121, 6.859096174594015e-05
0, 389, 409, 98, 78, 6.770662730559707e-05
0, 360, 807, 144, 59, 6.75010378472507e-05
0, 1338, 833, 178, 6, 6.412051152437925e-05
0, 550, 835, 172, 3, 6.329060852294788e-05
0, 1032, 466, 22, 14, 6.241743540158495e-05
0, 1261, 134, 10, 20, 6.226031837286428e-05
0, 1183, 499, 488, 602, 6.224672688404098e-05
0, 361, 463, 112, 91, 6.205280078575015e-05
0, 372, 709, 33, 16, 6.186857353895903e-05
0, 632, 357, 96, 99, 6.155361188575625e-05
0, 308, 403, 111, 96, 6.155320443212986e-05
0, 242, 492, 70, 60, 6.142748316051438e-05
0, 1110, 468, 73, 36, 6.06526191404555e-05
0, 627, 449, 33, 18, 6.0323025536490604e-05
0, 407, 406, 83, 50, 5.937557216384448e-05
0, 969, 466, 13, 13, 5.922666969127022e-05
0, 128, 121, 255, 241, 5.892313856747933e-05
0, 907, 285, 42, 42, 5.881041579414159e-05
0, 482, 651, 108, 39, 5.876383511349559e-05
0, 253, 655, 119, 111, 5.8560653997119516e-05
0, 1152, 105, 550, 210, 5.8242865634383634e-05
0, 493, 835, 160, 2, 5.7890083553502336e-05
0, 597, 596, 111, 103, 5.743385918322019e-05
0, 1406, 410, 43, 176, 5.706322190235369e-05
0, 612, 404, 104, 58, 5.654525739373639e-05
0, 318, 835, 166, 2, 5.5589189287275076e-05
0, 790, 413, 308, 288, 5.535801392397843e-05
0, 392, 521, 97, 108, 5.534465526579879e-05
0, 409, 813, 180, 47, 5.516986857401207e-05
0, 798, 314, 117, 87, 5.4571370128542185e-05
0, 378, 431, 98, 71, 5.437241998151876e-05
0, 1403, 245, 48, 188, 5.3967683925293386e-05
0, 222, 479, 48, 39, 5.3886375098954886e-05
0, 449, 518, 136, 120, 5.3585885325446725e-05
0, 638, 759, 138, 142, 5.3485975513467565e-05
0, 1297, 572, 261, 529, 5.3094518079888076e-05
0, 590, 352, 85, 103, 5.212222822592594e-05
0, 197, 415, 96, 122, 5.1939186960225925e-05
0, 420, 673, 51, 39, 5.184817928238772e-05
0, 847, 335, 54, 77, 4.9961912736762315e-05
0, 1076, 557, 175, 164, 4.9562964704819024e-05
0, 523, 716, 267, 167, 4.906092362944037e-05
0, 1115, 275, 85, 49, 4.895544043392874e-05
0, 551, 812, 184, 48, 4.888117837253958e-05
0, 350, 328, 95, 110, 4.8670608521206304e-05
0, 693, 835, 168, 2, 4.864258153247647e-05
0, 264, 106, 529, 213, 4.8609890654915944e-05
0, 212, 478, 23, 25, 4.845568037126213e-05
0, 425, 403, 75, 36, 4.807668665307574e-05
0, 1150, 463, 85, 26, 4.76333407277707e-05
0, 283, 385, 107, 107, 4.755304689751938e-05
0, 1229, 454, 96, 111, 4.7325087507488206e-05
0, 177, 469, 141, 136, 4.712364898296073e-05
0, 617, 596, 22, 23, 4.649252878152765e-05
0, 344, 389, 101, 103, 4.625156361726113e-05
0, 1064, 279, 538, 525, 4.580961831379682e-05
0, 441, 613, 129, 124, 4.5168348151491955e-05
0, 818, 404, 124, 68, 4.4565327698364854e-05
0, 1293, 145, 13, 14, 4.440141492523253e-05
0, 800, 835, 176, 2, 4.39178038504906e-05
0, 877, 278, 102, 96, 4.292087396606803e-05
0, 920, 486, 56, 60, 4.264494782546535e-05
0, 547, 347, 92, 121, 4.2153766116825864e-05
0, 1417, 431, 21, 111, 4.167317092651501e-05
0, 278, 424, 76, 78, 4.158571391599253e-05
0, 135, 462, 114, 146, 4.153700137976557e-05
0, 193, 519, 116, 121, 4.121585516259074e-05
0, 1312, 552, 227, 179, 4.1180537664331496e-05
0, 1417, 304, 21, 106, 4.1125123971141875e-05
0, 658, 254, 106, 123, 4.079311474924907e-05
0, 269, 451, 67, 85, 4.061180879944004e-05
0, 212, 675, 106, 122, 4.040621570311487e-05
0, 1390, 814, 75, 45, 4.0299004467669874e-05
0, 372, 345, 90, 98, 4.0071754483506083e-05
0, 660, 576, 100, 86, 4.001790875918232e-05
0, 676, 573, 66, 46, 3.9556231058668345e-05
0, 957, 145, 14, 14, 3.9200349419843405e-05
0, 531, 583, 102, 107, 3.9187452784972265e-05
0, 336, 703, 22, 21, 3.911871317541227e-05
0, 567, 325, 105, 128, 3.897460919688456e-05
0, 247, 507, 98, 100, 3.884244506480172e-05
0, 1377, 515, 100, 136, 3.8392641727114096e-05
0, 1335, 813, 185, 47, 3.833443406620063e-05
0, 609, 598, 42, 25, 3.8319849409163e-05
0, 608, 835, 154, 2, 3.8091951864771545e-05
0, 381, 710, 46, 21, 3.79505472665187e-05
0, 1168, 305, 518, 611, 3.794178701355122e-05
0, 421, 390, 87, 65, 3.7914986023679376e-05
0, 1389, 283, 77, 472, 3.767717134905979e-05
0, 529, 384, 93, 89, 3.7297089875210077e-05
0, 1385, 315, 84, 129, 3.7012425309512764e-05
0, 995, 622, 142, 171, 3.6861314583802596e-05
0, 204, 495, 50, 50, 3.660154470708221e-05
0, 636, 427, 91, 74, 3.6476449167821556e-05
0, 295, 646, 99, 102, 3.641118382802233e-05
0, 677, 754, 123, 159, 3.6294943129178137e-05
0, 652, 415, 90, 53, 3.6139208532404155e-05
0, 858, 835, 139, 2, 3.593606743379496e-05
