0, 830, 267, 33, 51, 0.4795229732990265
0, 1022, 178, 63, 62, 0.346957802772522
0, 796, 473, 49, 40, 0.2527097165584564
0, 435, 634, 116, 65, 0.21824295818805695
0, 337, 668, 68, 56, 0.20103853940963745
0, 771, 436, 28, 31, 0.12769995629787445
0, 796, 332, 85, 57, 0.12538035213947296
0, 812, 408, 34, 22, 0.11659117043018341
0, 757, 432, 51, 30, 0.1081489622592926
0, 780, 482, 83, 64, 0.10242318361997604
0, 787, 334, 58, 40, 0.0947490707039833
0, 539, 567, 29, 22, 0.09402920305728912
0, 452, 639, 153, 119, 0.08971583098173141
0, 707, 476, 21, 25, 0.07664034515619278
0, 883, 302, 28, 53, 0.07082114368677139
0, 754, 436, 65, 55, 0.065562903881073
0, 774, 342, 93, 54, 0.06363985687494278
0, 722, 454, 24, 20, 0.060507312417030334
0, 712, 472, 33, 37, 0.05966343358159065
0, 821, 375, 16, 14, 0.05886322259902954
0, 853, 277, 19, 31, 0.05390515923500061
0, 820, 316, 32, 21, 0.052745070308446884
0, 715, 461, 43, 60, 0.04834861680865288
0, 953, 268, 23, 17, 0.047949645668268204
0, 715, 443, 31, 30, 0.04586829990148544
0, 852, 345, 42, 44, 0.042643141001462936
0, 467, 639, 91, 67, 0.039038076996803284
0, 760, 454, 41, 40, 0.037134576588869095
0, 737, 531, 20, 20, 0.035661499947309494
0, 851, 335, 35, 20, 0.033909428864717484
0, 738, 410, 31, 27, 0.03369208797812462
0, 528, 574, 58, 42, 0.03309086710214615
0, 891, 209, 34, 24, 0.033085521310567856
0, 422, 625, 77, 51, 0.03243773803114891
0, 860, 346, 20, 26, 0.030365262180566788
0, 754, 506, 22, 13, 0.03034922666847706
0, 761, 512, 40, 26, 0.02573106437921524
0, 754, 464, 35, 27, 0.02459726110100746
0, 763, 515, 23, 21, 0.021977907046675682
0, 736, 426, 68, 53, 0.021444756537675858
0, 738, 450, 104, 112, 0.01953231729567051
0, 527, 614, 58, 64, 0.019309088587760925
0, 780, 498, 59, 64, 0.019057905301451683
0, 439, 678, 83, 51, 0.019046569243073463
0, 808, 414, 46, 38, 0.018636953085660934
0, 500, 647, 26, 24, 0.018376599997282028
0, 948, 208, 29, 23, 0.0174845140427351
0, 704, 479, 45, 45, 0.017080601304769516
0, 578, 554, 26, 20, 0.01686309464275837
0, 856, 395, 28, 22, 0.01671055518090725
0, 924, 236, 14, 16, 0.01584533043205738
0, 843, 272, 36, 41, 0.015783235430717468
0, 185, 486, 25, 15, 0.015712179243564606
0, 713, 538, 17, 13, 0.015588013455271721
0, 492, 618, 145, 119, 0.01546600740402937
0, 511, 578, 23, 22, 0.01519419252872467
0, 817, 323, 42, 40, 0.014858531765639782
0, 749, 486, 32, 24, 0.013914372771978378
0, 443, 615, 40, 25, 0.013849248178303242
0, 533, 616, 38, 33, 0.01339123584330082
0, 570, 550, 17, 13, 0.013320408761501312
0, 849, 391, 29, 21, 0.013238565996289253
0, 478, 663, 119, 87, 0.01271261926740408
0, 690, 488, 19, 25, 0.012617961503565311
0, 580, 561, 25, 23, 0.012359402142465115
0, 471, 622, 208, 194, 0.01168149895966053
0, 815, 375, 33, 19, 0.0112764248624444
0, 855, 361, 31, 32, 0.011147708632051945
0, 484, 653, 51, 38, 0.011099102906882763
0, 532, 587, 69, 73, 0.010754403658211231
0, 392, 644, 34, 26, 0.010631646029651165
0, 804, 381, 51, 25, 0.010481571778655052
0, 513, 655, 38, 34, 0.010234048590064049
0, 405, 633, 65, 51, 0.010209806263446808
0, 449, 599, 95, 53, 0.00997252855449915
0, 690, 499, 16, 26, 0.00968546699732542
0, 740, 481, 31, 28, 0.009626002982258797
0, 423, 670, 45, 34, 0.009582134895026684
0, 519, 639, 63, 71, 0.009420889429748058
0, 856, 375, 27, 15, 0.009045458398759365
0, 455, 684, 44, 37, 0.008193123154342175
0, 578, 576, 25, 17, 0.008163650520145893
0, 526, 624, 36, 29, 0.00799555517733097
0, 851, 377, 40, 42, 0.00776929035782814
0, 958, 264, 38, 27, 0.007726170588284731
0, 628, 534, 21, 19, 0.007553365547209978
0, 791, 418, 33, 33, 0.007212314289063215
0, 541, 594, 31, 30, 0.00685348454862833
0, 414, 657, 81, 67, 0.0067764874547719955
0, 630, 521, 23, 30, 0.00649987393990159
0, 780, 435, 51, 43, 0.0063908700831234455
0, 828, 399, 76, 50, 0.0063751619309186935
0, 869, 271, 31, 41, 0.006204790435731411
0, 592, 544, 26, 28, 0.0060899206437170506
0, 565, 567, 42, 29, 0.006053171120584011
0, 899, 259, 31, 21, 0.006047341972589493
0, 721, 562, 15, 17, 0.005712980404496193
0, 600, 545, 83, 71, 0.005316510330885649
0, 886, 281, 31, 29, 0.0050959293730556965
0, 846, 262, 72, 68, 0.005054513458162546
0, 822, 339, 44, 51, 0.005049358122050762
0, 889, 290, 57, 67, 0.005005235318094492
0, 758, 496, 65, 62, 0.004784522578120232
0, 609, 532, 62, 44, 0.004661882296204567
0, 937, 205, 24, 28, 0.004591988865286112
0, 838, 329, 72, 46, 0.0045178551226854324
0, 952, 247, 21, 19, 0.0044983308762311935
0, 877, 265, 123, 75, 0.0044651697389781475
0, 995, 211, 15, 15, 0.004458271432667971
0, 771, 424, 102, 67, 0.004388617817312479
0, 821, 369, 21, 30, 0.004354922100901604
0, 704, 554, 25, 20, 0.004346397705376148
0, 503, 659, 61, 45, 0.004129357635974884
0, 851, 400, 35, 37, 0.00405829818919301
0, 723, 438, 48, 33, 0.003891799133270979
0, 581, 553, 36, 44, 0.0037279140669852495
0, 577, 563, 36, 37, 0.0037201123777776957
0, 474, 592, 35, 34, 0.0036509428173303604
0, 988, 213, 26, 20, 0.0036287386901676655
0, 968, 244, 21, 22, 0.0034476271830499172
0, 703, 489, 75, 72, 0.0034447205252945423
0, 866, 308, 67, 67, 0.003070121631026268
0, 162, 471, 14, 11, 0.0030136839486658573
0, 570, 582, 182, 164, 0.002879488281905651
0, 907, 279, 73, 74, 0.0027753368485718966
0, 893, 271, 46, 47, 0.002666766755282879
0, 567, 586, 43, 41, 0.0025901428889483213
0, 960, 251, 40, 40, 0.002562672831118107
0, 827, 375, 39, 32, 0.0023696497082710266
0, 912, 259, 84, 53, 0.002362229395657778
0, 416, 689, 35, 39, 0.002352130366489291
0, 412, 676, 74, 46, 0.0023202444426715374
0, 551, 565, 54, 35, 0.0022579096257686615
0, 732, 478, 106, 64, 0.002235252410173416
0, 551, 576, 75, 61, 0.002204667078331113
0, 947, 269, 44, 33, 0.0020630890503525734
0, 800, 424, 69, 50, 0.0019892409909516573
0, 529, 591, 127, 112, 0.0019207707373425364
0, 694, 492, 50, 51, 0.0018768982263281941
0, 676, 506, 22, 20, 0.0018399636028334498
0, 863, 241, 35, 26, 0.0016160127706825733
0, 848, 371, 57, 81, 0.0013176434440538287
0, 179, 612, 19, 15, 0.0011740918271243572
0, 383, 680, 23, 23, 0.001164656481705606
0, 710, 550, 38, 32, 0.001159854931756854
0, 970, 227, 21, 15, 0.0011022393591701984
0, 752, 520, 54, 38, 0.0010401108302175999
0, 771, 497, 121, 109, 0.0010168371954932809
0, 934, 279, 49, 27, 0.001014132285490632
0, 1122, 115, 228, 231, 0.000979159027338028
0, 1110, 265, 21, 17, 0.000972372479736805
0, 926, 238, 21, 23, 0.0008789053536020219
0, 386, 648, 102, 96, 0.0007924934616312385
0, 764, 515, 86, 60, 0.0007761787273921072
0, 918, 281, 21, 19, 0.0007263594307005405
0, 596, 630, 14, 15, 0.0007133301696740091
0, 494, 587, 116, 63, 0.0007055907626636326
0, 1031, 196, 44, 38, 0.0007048464613035321
0, 905, 251, 48, 37, 0.0006799264228902757
0, 581, 632, 22, 24, 0.0006703287945128977
0, 869, 324, 45, 82, 0.0006229057908058167
0, 580, 559, 93, 96, 0.0005980312125757337
0, 776, 329, 147, 92, 0.0005269550019875169
0, 1025, 96, 423, 192, 0.00051696045557037
0, 847, 317, 64, 40, 0.0004952861345373094
0, 196, 398, 10, 9, 0.00046842629672028124
0, 970, 253, 28, 20, 0.0004592481127474457
0, 730, 527, 43, 36, 0.00043729852768592536
0, 187, 612, 18, 19, 0.0004346762434579432
0, 938, 206, 47, 35, 0.0004183960263617337
0, 554, 557, 84, 66, 0.0004181868862360716
0, 242, 502, 11, 16, 0.00041363417403772473
0, 957, 263, 48, 46, 0.0004047701950185001
0, 982, 218, 34, 29, 0.0003744293935596943
0, 495, 577, 278, 186, 0.00037088763201609254
0, 830, 389, 106, 109, 0.0003700913512147963
0, 762, 305, 183, 152, 0.000364675564924255
0, 519, 572, 371, 324, 0.0003577451570890844
0, 260, 393, 15, 13, 0.0003510690585244447
0, 824, 430, 35, 31, 0.00033635838190093637
0, 913, 241, 169, 103, 0.00033210901892744005
0, 996, 221, 21, 31, 0.0003220033540856093
0, 820, 273, 60, 69, 0.00031663637491874397
0, 691, 537, 19, 22, 0.0003082790062762797
0, 883, 224, 61, 58, 0.0003070438397116959
0, 698, 558, 42, 22, 0.00029249643557704985
0, 718, 547, 48, 53, 0.000286238850094378
0, 965, 236, 42, 56, 0.0002764624368865043
0, 849, 398, 56, 67, 0.00026899631484411657
0, 162, 544, 10, 15, 0.00026634123059920967
0, 210, 378, 13, 13, 0.00023726669314783067
0, 184, 483, 30, 27, 0.00023359220358543098
0, 954, 203, 69, 48, 0.0002119122218573466
0, 963, 213, 53, 33, 0.00020181901345495135
0, 929, 203, 26, 27, 0.0001964521943591535
0, 862, 101, 465, 202, 0.0001837980526033789
0, 984, 290, 20, 11, 0.00018266837287228554
0, 782, 273, 156, 81, 0.00017803027003537863
0, 934, 223, 16, 31, 0.00016587421123404056
0, 802, 308, 89, 86, 0.00016258533287327737
0, 252, 581, 11, 11, 0.00016227015294134617
0, 270, 695, 15, 15, 0.00015527910727541894
0, 866, 240, 100, 95, 0.00015502286260016263
0, 565, 604, 52, 63, 0.00015479362627957016
0, 231, 112, 463, 224, 0.0001534542243462056
0, 734, 360, 21, 14, 0.00015225281822495162
0, 716, 523, 43, 26, 0.00015074554539751261
0, 689, 519, 19, 15, 0.00013814076373819262
0, 710, 474, 180, 171, 0.00013766158372163773
0, 680, 92, 495, 185, 0.00013756041880697012
0, 780, 317, 94, 45, 0.00013296888209879398
0, 989, 129, 178, 197, 0.0001309946965193376
0, 1014, 178, 113, 80, 0.00012246560072526336
0, 903, 3, 196, 6, 0.00011825632827822119
0, 580, 584, 36, 41, 0.0001174329809146002
0, 915, 216, 115, 85, 0.00011588972847675905
0, 682, 554, 26, 17, 0.00011045402061427012
0, 980, 3, 195, 6, 0.00010974902397720143
0, 1000, 234, 13, 22, 0.0001084489340428263
0, 188, 490, 35, 23, 0.00010768564243335277
0, 36, 836, 72, 3, 0.00010318611020920798
0, 170, 473, 22, 28, 9.978110756492242e-05
0, 837, 437, 21, 16, 9.77079471340403e-05
0, 713, 569, 45, 47, 9.46010768529959e-05
0, 155, 474, 23, 14, 9.302565740654245e-05
0, 996, 273, 15, 15, 9.074336412595585e-05
0, 198, 485, 55, 21, 8.901537512429059e-05
0, 1058, 2, 197, 5, 8.67105700308457e-05
0, 1055, 214, 11, 14, 7.99296103650704e-05
0, 422, 605, 87, 72, 7.799261948093772e-05
0, 1090, 199, 293, 398, 7.296759577002376e-05
0, 870, 230, 36, 30, 7.148197619244456e-05
0, 853, 360, 97, 141, 6.99809315847233e-05
0, 764, 366, 180, 142, 6.977741577429697e-05
0, 973, 237, 70, 72, 6.961597682675347e-05
0, 795, 3, 199, 6, 6.925372872501612e-05
0, 755, 316, 80, 60, 6.376197416102514e-05
0, 1219, 738, 30, 80, 6.314538040896878e-05
0, 342, 646, 89, 98, 6.256075721466914e-05
0, 198, 572, 17, 14, 6.230248982319608e-05
0, 906, 195, 83, 67, 6.148222018964589e-05
0, 1136, 2, 199, 5, 6.0720962210325524e-05
0, 148, 490, 13, 10, 6.03532898821868e-05
0, 154, 406, 23, 28, 5.860054079676047e-05
0, 406, 631, 219, 161, 5.748415787820704e-05
0, 805, 453, 140, 116, 5.5569151300005615e-05
0, 587, 521, 477, 476, 5.4115378588903695e-05
0, 366, 622, 99, 94, 5.3570249292533845e-05
0, 1199, 834, 74, 6, 5.350106948753819e-05
0, 164, 623, 9, 15, 5.271582631394267e-05
0, 1044, 154, 113, 129, 5.032182889408432e-05
0, 702, 457, 91, 88, 4.879483094555326e-05
0, 644, 511, 104, 80, 4.742601595353335e-05
0, 1218, 714, 37, 169, 4.73688414786011e-05
0, 302, 595, 104, 107, 4.674526644521393e-05
0, 1056, 112, 185, 216, 4.4976819481235e-05
0, 334, 620, 111, 106, 4.481164796743542e-05
0, 574, 633, 25, 29, 4.47110396635253e-05
0, 729, 310, 81, 86, 4.4446951505960897e-05
0, 442, 548, 385, 471, 4.408754102769308e-05
0, 614, 550, 146, 161, 4.4052823795937e-05
0, 331, 2, 198, 5, 4.1987670556409284e-05
0, 381, 594, 99, 111, 4.1945964767364785e-05
0, 718, 2, 202, 5, 4.1486135160084814e-05
0, 106, 155, 212, 288, 4.0925006032921374e-05
0, 515, 653, 432, 368, 4.0862534660845995e-05
0, 1105, 769, 14, 15, 4.063663800479844e-05
0, 484, 93, 490, 186, 4.06066574214492e-05
0, 556, 672, 113, 104, 3.9947713958099484e-05
0, 748, 198, 496, 396, 3.944920899812132e-05
0, 1186, 439, 100, 134, 3.94223170587793e-05
0, 1193, 505, 86, 139, 3.9284623198909685e-05
0, 641, 3, 203, 6, 3.896977796102874e-05
0, 1080, 190, 152, 117, 3.824898521997966e-05
0, 908, 299, 96, 163, 3.7882964534219354e-05
0, 815, 459, 86, 76, 3.7770056223962456e-05
0, 99, 815, 194, 45, 3.768000897252932e-05
0, 672, 504, 44, 25, 3.7560828786809e-05
0, 588, 621, 38, 40, 3.659749563666992e-05
0, 1220, 514, 28, 114, 3.643296076916158e-05
0, 924, 203, 451, 406, 3.634062522905879e-05
0, 1185, 120, 103, 144, 3.596397436922416e-05
0, 1052, 273, 23, 12, 3.454113902989775e-05
0, 283, 428, 12, 12, 3.437561827013269e-05
0, 926, 290, 100, 66, 3.431672666920349e-05
0, 765, 404, 311, 424, 3.3736454497557133e-05
0, 988, 292, 31, 13, 3.3568194339750335e-05
0, 185, 486, 49, 35, 3.352909698151052e-05
0, 61, 466, 34, 35, 3.34138676407747e-05
0, 437, 692, 114, 79, 3.3290394640062004e-05
0, 804, 525, 90, 71, 3.3161275496240705e-05
0, 1197, 582, 79, 145, 3.308969462523237e-05
0, 715, 263, 77, 100, 3.29024696839042e-05
0, 181, 431, 13, 12, 3.2705072953831404e-05
0, 769, 301, 92, 59, 3.261462552472949e-05
0, 1189, 628, 95, 135, 3.2530322641832754e-05
0, 215, 486, 23, 13, 3.1421022868016735e-05
0, 892, 814, 12, 11, 3.129721517325379e-05
0, 573, 649, 76, 64, 3.12897827825509e-05
0, 1179, 139, 114, 279, 3.111660043941811e-05
