0, 697, 197, 197, 155, 0.6733831167221069
0, 479, 230, 235, 126, 0.585072934627533
0, 280, 203, 67, 46, 0.1619272381067276
0, 730, 180, 123, 107, 0.13992010056972504
0, 428, 255, 132, 72, 0.05602211877703667
0, 525, 232, 140, 98, 0.05553668364882469
0, 664, 222, 126, 90, 0.04641386866569519
0, 259, 269, 77, 63, 0.03751232102513313
0, 462, 252, 98, 59, 0.02874697931110859
0, 253, 280, 49, 35, 0.025428615510463715
0, 256, 250, 50, 22, 0.021138129755854607
0, 690, 162, 113, 60, 0.016459612175822258
0, 483, 204, 148, 62, 0.015903174877166748
0, 541, 223, 90, 55, 0.011057816445827484
0, 278, 335, 32, 33, 0.010838649235665798
0, 404, 262, 83, 53, 0.010100808925926685
0, 652, 214, 84, 63, 0.008965549059212208
0, 522, 204, 95, 55, 0.006411857437342405
0, 742, 187, 87, 76, 0.005861727986484766
0, 720, 157, 95, 58, 0.00555038545280695
0, 661, 193, 98, 99, 0.005361894145607948
0, 635, 227, 64, 80, 0.005340131931006908
0, 671, 165, 68, 45, 0.005208201706409454
0, 502, 260, 95, 39, 0.004838594701141119
0, 715, 207, 155, 89, 0.004056266043335199
0, 667, 205, 62, 44, 0.003938623238354921
0, 246, 257, 81, 45, 0.0038726492784917355
0, 119, 392, 33, 34, 0.0036314772441983223
0, 223, 260, 33, 35, 0.003289449028670788
0, 246, 360, 20, 16, 0.0032804906368255615
0, 192, 381, 14, 17, 0.0026813694275915623
0, 434, 243, 96, 42, 0.00257030944339931
0, 650, 168, 61, 42, 0.002370846224948764
0, 233, 214, 19, 12, 0.0023687120992690325
0, 148, 365, 28, 15, 0.001896173576824367
0, 128, 384, 21, 24, 0.0017820410430431366
0, 557, 236, 77, 65, 0.0017526670126244426
0, 745, 156, 69, 48, 0.0016664672875776887
0, 424, 218, 112, 78, 0.0015968296211212873
0, 632, 246, 54, 41, 0.00135179259814322
0, 443, 206, 100, 53, 0.0012713257456198335
0, 210, 267, 26, 29, 0.0012338936794549227
0, 139, 362, 27, 19, 0.0011440172092989087
0, 133, 361, 15, 14, 0.0011071054032072425
0, 632, 178, 38, 25, 0.001079804846085608
0, 398, 231, 37, 23, 0.0010115760378539562
0, 233, 268, 70, 43, 0.0009859458077698946
0, 323, 228, 18, 21, 0.0009628085535950959
0, 766, 192, 45, 54, 0.0008697733865119517
0, 686, 228, 137, 56, 0.000682267767842859
0, 266, 224, 92, 82, 0.0006565007497556508
0, 349, 211, 23, 25, 0.0006172362482175231
0, 741, 212, 95, 72, 0.0006129897083155811
0, 321, 215, 27, 37, 0.0005897973896935582
0, 763, 208, 49, 51, 0.0005756993195973337
0, 772, 179, 31, 42, 0.0005389266298152506
0, 130, 378, 55, 55, 0.000533173733856529
0, 757, 136, 42, 30, 0.0005092851351946592
0, 266, 308, 24, 17, 0.0005057534435763955
0, 223, 193, 16, 15, 0.0004958109348081052
0, 101, 413, 17, 14, 0.0004816733708139509
0, 924, 131, 13, 17, 0.0004619597748387605
0, 747, 145, 53, 35, 0.00043652867316268384
0, 125, 374, 38, 38, 0.0004240427806507796
0, 146, 364, 45, 26, 0.00037229558802209795
0, 472, 4, 149, 9, 0.00035181368002668023
0, 153, 441, 18, 12, 0.00032665120670571923
0, 616, 5, 140, 10, 0.0003261682577431202
0, 413, 3, 161, 7, 0.00032203097362071276
0, 531, 5, 141, 10, 0.0003187021648045629
0, 769, 163, 37, 50, 0.0003169834380969405
0, 401, 220, 67, 46, 0.0003140802145935595
0, 763, 149, 44, 46, 0.000309121300233528
0, 554, 254, 87, 48, 0.0003081282484345138
0, 675, 5, 134, 11, 0.0002969197230413556
0, 831, 4, 154, 8, 0.0002967340697068721
0, 719, 6, 135, 12, 0.00029640833963640034
0, 887, 3, 159, 7, 0.00029034182080067694
0, 763, 5, 136, 11, 0.000285627378616482
0, 552, 187, 52, 30, 0.0002620131417643279
0, 355, 3, 174, 6, 0.00025134897441603243
0, 264, 344, 66, 53, 0.00024505946203134954
0, 703, 146, 96, 53, 0.0002434458292555064
0, 250, 195, 73, 31, 0.00024262347142212093
0, 335, 221, 47, 52, 0.00024026802566368133
0, 298, 227, 105, 80, 0.00021734040637966245
0, 484, 16, 109, 33, 0.00021303108951542526
0, 944, 3, 168, 6, 0.00021059089340269566
0, 347, 219, 29, 43, 0.0002100326237268746
0, 643, 17, 105, 35, 0.0002081756538245827
0, 998, 148, 21, 18, 0.00020566434250213206
0, 570, 16, 105, 33, 0.00020191581279505044
0, 731, 19, 104, 39, 0.00019816946587525308
0, 527, 18, 108, 37, 0.00019760889699682593
0, 157, 364, 19, 14, 0.00019669285393320024
0, 118, 400, 58, 60, 0.00018551843822933733
0, 977, 126, 7, 10, 0.00017530690820422024
0, 540, 189, 91, 48, 0.00017124105943366885
0, 282, 186, 67, 46, 0.00016752265219110996
0, 801, 136, 436, 272, 0.00016032613348215818
0, 398, 208, 54, 40, 0.0001565463317092508
0, 126, 472, 16, 14, 0.00015009751950856298
0, 324, 271, 10, 11, 0.0001435520825907588
0, 571, 173, 107, 77, 0.00014079740503802896
0, 296, 2, 184, 5, 0.0001396796287735924
0, 620, 186, 51, 46, 0.0001357366272713989
0, 937, 128, 8, 14, 0.00013113954628352076
0, 210, 377, 10, 21, 0.00012899457942694426
0, 630, 173, 97, 83, 0.0001284417521674186
0, 604, 192, 495, 232, 0.00012581373448483646
0, 349, 97, 444, 194, 0.0001175988363684155
0, 160, 357, 81, 75, 0.00011739513865904883
0, 256, 224, 68, 44, 0.00011467753938632086
0, 109, 442, 8, 11, 0.00011253523553023115
0, 232, 210, 28, 19, 0.00011181673471583053
0, 568, 186, 36, 30, 0.00011045527935493737
0, 65, 7, 131, 15, 0.00010978586942655966
0, 923, 94, 441, 189, 0.00010843083873623982
0, 222, 87, 423, 174, 0.0001065767282852903
0, 569, 186, 50, 44, 0.00010525548714213073
0, 311, 244, 56, 76, 0.00010233565990347415
0, 39, 577, 78, 10, 0.00010048194963019341
0, 998, 2, 174, 4, 9.960143506759778e-05
0, 574, 237, 45, 48, 9.80887416517362e-05
0, 534, 130, 463, 260, 9.422143193660304e-05
0, 233, 244, 76, 77, 9.182447683997452e-05
0, 390, 189, 102, 84, 9.171726560452953e-05
0, 396, 190, 440, 381, 9.000377758638933e-05
0, 328, 232, 22, 30, 8.793696906650439e-05
0, 581, 243, 30, 27, 8.780273492448032e-05
0, 1057, 120, 173, 240, 8.773652371019125e-05
0, 129, 366, 31, 28, 8.549435005988926e-05
0, 1003, 126, 13, 13, 8.167704800143838e-05
0, 656, 67, 97, 110, 7.679774716962129e-05
0, 180, 371, 11, 19, 7.562327664345503e-05
0, 342, 235, 313, 131, 7.478173210984096e-05
0, 998, 127, 23, 21, 7.445050869137049e-05
0, 272, 190, 100, 80, 7.430242112604901e-05
0, 913, 129, 15, 15, 7.350156374741346e-05
0, 187, 376, 21, 27, 7.26551515981555e-05
0, 350, 206, 101, 66, 7.210291369119659e-05
0, 162, 383, 8, 8, 7.209858449641615e-05
0, 578, 250, 41, 41, 7.139327499317005e-05
0, 240, 349, 17, 23, 7.094872853485867e-05
0, 762, 131, 65, 56, 6.954252603463829e-05
0, 210, 263, 39, 42, 6.824334559496492e-05
0, 289, 206, 116, 64, 6.517978181364015e-05
0, 813, 115, 93, 81, 6.503734766738489e-05
0, 239, 184, 70, 65, 6.479777221102268e-05
0, 320, 214, 79, 53, 6.402885628631338e-05
0, 386, 226, 64, 45, 6.18444464635104e-05
0, 622, 67, 87, 108, 6.146228406578302e-05
0, 615, 30, 98, 60, 6.085353743401356e-05
0, 644, 147, 80, 72, 6.0481139371404424e-05
0, 425, 67, 90, 107, 5.952466744929552e-05
0, 682, 130, 87, 69, 5.9506735851755366e-05
0, 448, 226, 300, 199, 5.90315721638035e-05
0, 1091, 543, 105, 79, 5.7038909289985895e-05
0, 245, 3, 127, 6, 5.689548925147392e-05
0, 211, 179, 90, 97, 5.688381861546077e-05
0, 703, 153, 236, 287, 5.597158815362491e-05
0, 364, 213, 64, 48, 5.595115362666547e-05
0, 726, 135, 99, 62, 5.399352085078135e-05
0, 1046, 6, 189, 12, 5.267095912131481e-05
0, 785, 29, 90, 59, 5.230630995356478e-05
0, 672, 30, 93, 61, 5.162493107491173e-05
0, 674, 177, 358, 355, 5.13873492309358e-05
0, 391, 57, 101, 107, 5.013554618926719e-05
0, 211, 273, 67, 56, 4.939677455695346e-05
0, 579, 68, 88, 111, 4.8408292059320956e-05
0, 590, 141, 82, 84, 4.74488188046962e-05
0, 427, 175, 76, 67, 4.704161983681843e-05
0, 455, 561, 142, 42, 4.629352770280093e-05
0, 184, 188, 97, 107, 4.61146846646443e-05
0, 670, 559, 141, 47, 4.55358785984572e-05
0, 784, 118, 85, 78, 4.539817382465117e-05
0, 555, 215, 305, 152, 4.4880329369334504e-05
0, 815, 72, 88, 101, 4.4575695937965065e-05
0, 151, 183, 14, 13, 4.438807809492573e-05
0, 936, 200, 12, 16, 4.412232374306768e-05
0, 269, 321, 59, 66, 4.3654283217620105e-05
0, 313, 281, 48, 49, 4.357575380709022e-05
0, 655, 128, 81, 74, 4.3544641812331975e-05
0, 498, 174, 83, 59, 4.345002889749594e-05
0, 1040, 187, 169, 165, 4.333763354225084e-05
0, 458, 67, 81, 100, 4.32217784691602e-05
0, 180, 290, 12, 18, 4.2758925701491535e-05
0, 110, 389, 87, 80, 4.181217809673399e-05
0, 898, 563, 150, 39, 4.1001458157552406e-05
0, 739, 561, 149, 43, 4.066109977429733e-05
0, 201, 266, 96, 84, 3.963106428273022e-05
0, 827, 562, 148, 41, 3.9329304854618385e-05
0, 894, 452, 112, 117, 3.925399141735397e-05
0, 46, 546, 91, 72, 3.8714711990905926e-05
0, 910, 68, 77, 107, 3.869123975164257e-05
0, 1012, 93, 167, 131, 3.866825863951817e-05
0, 524, 260, 150, 62, 3.831086360150948e-05
0, 362, 68, 94, 116, 3.76316747860983e-05
0, 786, 69, 95, 105, 3.762288179132156e-05
0, 458, 30, 100, 60, 3.7252761103445664e-05
0, 366, 28, 109, 57, 3.6958321288693696e-05
0, 941, 71, 73, 100, 3.6892612115480006e-05
0, 867, 194, 485, 389, 3.668240242404863e-05
0, 229, 60, 121, 120, 3.628611739259213e-05
0, 943, 104, 76, 85, 3.6108409403823316e-05
0, 674, 89, 76, 92, 3.567567182471976e-05
0, 524, 561, 145, 43, 3.519612073432654e-05
0, 602, 179, 97, 71, 3.4996908652829006e-05
0, 126, 360, 100, 97, 3.4665808925637975e-05
0, 988, 184, 310, 369, 3.466088674031198e-05
0, 385, 132, 83, 95, 3.449949508649297e-05
0, 913, 105, 65, 87, 3.4429325751261786e-05
0, 844, 115, 88, 80, 3.42114144586958e-05
0, 452, 175, 75, 60, 3.4189266443718225e-05
0, 618, 124, 85, 87, 3.353568536113016e-05
0, 202, 3, 134, 6, 3.344303695484996e-05
0, 444, 136, 89, 87, 3.325847501400858e-05
0, 817, 27, 95, 55, 3.3098469430115074e-05
0, 900, 544, 114, 77, 3.285647107986733e-05
0, 787, 99, 66, 72, 3.2656549592502415e-05
0, 89, 572, 173, 20, 3.2656236726325005e-05
0, 831, 100, 50, 70, 3.2546769944019616e-05
0, 414, 28, 102, 56, 3.246895721531473e-05
0, 86, 392, 124, 123, 3.223737076041289e-05
0, 949, 152, 9, 13, 3.221330916858278e-05
0, 441, 85, 68, 83, 3.2123301934916526e-05
0, 625, 562, 146, 40, 3.208833732060157e-05
0, 1102, 579, 83, 6, 3.1923580536386e-05
0, 393, 77, 46, 56, 3.1757939723320305e-05
0, 103, 126, 206, 253, 3.162460052408278e-05
0, 158, 175, 57, 76, 3.157400351483375e-05
0, 225, 184, 451, 368, 3.150290285702795e-05
0, 535, 159, 84, 73, 3.1446954380953684e-05
0, 367, 284, 106, 84, 3.135738370474428e-05
0, 639, 90, 57, 67, 3.110580291831866e-05
0, 340, 176, 83, 82, 3.095523425145075e-05
0, 562, 142, 81, 81, 3.082844341406599e-05
0, 926, 124, 46, 40, 3.075576387345791e-05
0, 103, 418, 15, 22, 3.0174489438650198e-05
0, 297, 562, 144, 41, 2.9884597097407095e-05
0, 156, 472, 92, 79, 2.981161196657922e-05
0, 390, 154, 67, 73, 2.9677470593014732e-05
0, 689, 70, 70, 91, 2.96434427582426e-05
0, 831, 76, 51, 56, 2.948786277556792e-05
0, 991, 118, 15, 16, 2.9347342206165195e-05
0, 461, 156, 76, 64, 2.9159396945033222e-05
0, 491, 156, 78, 71, 2.830684206855949e-05
0, 112, 334, 83, 121, 2.8118909540353343e-05
0, 217, 194, 48, 69, 2.7934542231378146e-05
0, 282, 254, 74, 87, 2.7651740310830064e-05
0, 132, 477, 29, 26, 2.7543674150365405e-05
0, 90, 127, 16, 15, 2.7532094463822432e-05
0, 1022, 125, 92, 90, 2.7476380637381226e-05
0, 1040, 564, 150, 36, 2.738926741585601e-05
0, 278, 61, 123, 122, 2.7058718842454255e-05
0, 972, 190, 80, 68, 2.69329575530719e-05
0, 426, 119, 93, 96, 2.686938751139678e-05
0, 211, 295, 18, 17, 2.685281287995167e-05
0, 221, 211, 43, 26, 2.6802643333212472e-05
0, 144, 482, 16, 13, 2.6701614842750132e-05
0, 992, 326, 115, 113, 2.6096922738361172e-05
0, 694, 111, 67, 68, 2.604607834655326e-05
0, 575, 122, 84, 92, 2.6005200197687373e-05
0, 550, 69, 76, 106, 2.5918419851223007e-05
0, 971, 105, 63, 80, 2.5711800844874233e-05
0, 332, 250, 18, 22, 2.561361361586023e-05
0, 342, 133, 77, 98, 2.5521958377794363e-05
0, 254, 308, 77, 105, 2.549782584537752e-05
0, 857, 68, 86, 108, 2.5444240236538462e-05
0, 359, 159, 66, 75, 2.542311449360568e-05
0, 647, 244, 90, 58, 2.5375371478730813e-05
0, 207, 207, 74, 81, 2.516743916203268e-05
0, 970, 66, 62, 71, 2.5116487449849956e-05
0, 137, 469, 44, 46, 2.51162018685136e-05
0, 327, 67, 98, 119, 2.5029046810232103e-05
0, 998, 129, 39, 40, 2.469592436682433e-05
0, 610, 88, 59, 72, 2.467109152348712e-05
0, 954, 562, 149, 40, 2.4652887077536434e-05
0, 1072, 14, 143, 28, 2.4650300474604592e-05
0, 859, 99, 75, 84, 2.462220254528802e-05
0, 940, 176, 14, 21, 2.434475209156517e-05
0, 433, 155, 69, 61, 2.4113898689392954e-05
0, 942, 188, 22, 45, 2.403643520665355e-05
0, 555, 266, 444, 301, 2.37262047448894e-05
0, 1117, 196, 52, 166, 2.351859257032629e-05
0, 873, 73, 54, 75, 2.3471382519346662e-05
0, 1000, 357, 287, 430, 2.3449390937457792e-05
0, 586, 101, 68, 83, 2.3443062673322856e-05
0, 1004, 103, 71, 84, 2.338117155886721e-05
0, 189, 241, 104, 91, 2.3141506972024217e-05
0, 243, 165, 87, 83, 2.2882029952597804e-05
0, 884, 98, 47, 67, 2.278915053466335e-05
0, 473, 137, 91, 91, 2.2673844796372578e-05
0, 102, 418, 25, 29, 2.2655493012280203e-05
0, 153, 204, 72, 73, 2.2617887225351296e-05
0, 953, 189, 48, 55, 2.250102443213109e-05
0, 260, 169, 70, 62, 2.240586582047399e-05
0, 1002, 184, 90, 94, 2.2136538973427378e-05
0, 522, 68, 93, 113, 2.1887055481784046e-05
0, 851, 545, 114, 75, 2.1526662749238312e-05
