0, 192, 616, 59, 39, 0.3816167712211609
0, 450, 734, 43, 58, 0.2489902824163437
0, 1271, 871, 148, 111, 0.17410524189472198
0, 1395, 1327, 125, 103, 0.15857794880867004
0, 1249, 1317, 77, 49, 0.12100344151258469
0, 1234, 1312, 119, 87, 0.10510902106761932
0, 1228, 902, 36, 31, 0.09553082287311554
0, 1355, 1317, 41, 35, 0.09147807955741882
0, 687, 1033, 39, 32, 0.08955670893192291
0, 574, 1050, 57, 48, 0.08625280112028122
0, 1013, 497, 50, 33, 0.08577410131692886
0, 1331, 900, 30, 40, 0.060310475528240204
0, 635, 1040, 30, 26, 0.05809770151972771
0, 956, 833, 56, 28, 0.05348384752869606
0, 1277, 898, 42, 32, 0.049731913954019547
0, 1059, 1149, 40, 25, 0.04469408094882965
0, 821, 447, 30, 29, 0.04380040243268013
0, 1433, 1339, 36, 35, 0.04305898770689964
0, 1416, 1328, 78, 70, 0.042943939566612244
0, 1271, 841, 71, 39, 0.04208255931735039
0, 1366, 1316, 67, 46, 0.04121992364525795
0, 995, 519, 56, 65, 0.04015736281871796
0, 1242, 873, 38, 27, 0.037399690598249435
0, 637, 1066, 32, 25, 0.03658703342080116
0, 1379, 1329, 87, 68, 0.03573523461818695
0, 778, 412, 26, 23, 0.03434845432639122
0, 250, 638, 14, 14, 0.0328960157930851
0, 1283, 861, 78, 60, 0.031960345804691315
0, 1375, 1369, 53, 41, 0.029940970242023468
0, 651, 1066, 58, 32, 0.029271602630615234
0, 1012, 496, 75, 57, 0.028023093938827515
0, 1285, 889, 52, 50, 0.027454299852252007
0, 1382, 1301, 37, 24, 0.0269674863666296
0, 651, 1040, 56, 37, 0.026785509660840034
0, 679, 365, 43, 21, 0.026531461626291275
0, 1070, 1144, 42, 32, 0.026107273995876312
0, 1463, 842, 62, 63, 0.025845423340797424
0, 1228, 847, 27, 26, 0.025841213762760162
0, 989, 532, 52, 37, 0.02522057108581066
0, 1229, 899, 48, 50, 0.024711407721042633
0, 1409, 1308, 67, 41, 0.024623379111289978
0, 685, 1048, 62, 54, 0.024394571781158447
0, 1306, 845, 41, 37, 0.02371904067695141
0, 1278, 1281, 25, 24, 0.023197369650006294
0, 707, 991, 31, 21, 0.022397631779313087
0, 461, 1043, 24, 16, 0.022112593054771423
0, 1354, 1340, 38, 34, 0.02108042687177658
0, 1059, 1141, 50, 41, 0.020992819219827652
0, 840, 1014, 16, 17, 0.020775411278009415
0, 1231, 877, 64, 60, 0.020668238401412964
0, 1099, 1155, 32, 20, 0.02015785127878189
0, 1179, 886, 24, 23, 0.020138703286647797
0, 142, 622, 74, 28, 0.018362069502472878
0, 1217, 1282, 38, 32, 0.01771952584385872
0, 816, 420, 33, 29, 0.017642181366682053
0, 1316, 859, 66, 68, 0.017626866698265076
0, 1509, 1320, 31, 23, 0.017603110522031784
0, 883, 384, 32, 21, 0.017268992960453033
0, 1330, 872, 36, 38, 0.0165463387966156
0, 1313, 1316, 33, 30, 0.015747837722301483
0, 1255, 830, 93, 60, 0.0145424110814929
0, 1081, 1141, 66, 43, 0.014082304202020168
0, 608, 997, 25, 32, 0.012455306947231293
0, 1174, 884, 43, 28, 0.012417088262736797
0, 1384, 1378, 35, 35, 0.012220576405525208
0, 1219, 876, 64, 27, 0.012141982093453407
0, 1265, 1306, 101, 68, 0.01185835525393486
0, 701, 1018, 60, 54, 0.011704498901963234
0, 66, 605, 27, 21, 0.011097014881670475
0, 800, 982, 20, 21, 0.011064122430980206
0, 518, 1059, 24, 27, 0.010192886926233768
0, 1312, 1310, 50, 45, 0.010113957338035107
0, 896, 797, 18, 36, 0.009535681456327438
0, 665, 1047, 92, 70, 0.009332235902547836
0, 803, 430, 66, 55, 0.00914408452808857
0, 791, 323, 19, 12, 0.009140857495367527
0, 443, 1077, 21, 24, 0.008443202823400497
0, 1201, 1293, 57, 34, 0.008021823130548
0, 1204, 897, 91, 58, 0.007677679881453514
0, 531, 1054, 33, 38, 0.007125283591449261
0, 985, 475, 39, 33, 0.006881711073219776
0, 409, 651, 18, 20, 0.006857338361442089
0, 1026, 473, 36, 25, 0.006720372010022402
0, 1203, 851, 54, 29, 0.0066352104768157005
0, 1134, 629, 43, 33, 0.006522632669657469
0, 676, 266, 23, 29, 0.006036348175257444
0, 1313, 1303, 107, 80, 0.005880109965801239
0, 1186, 1324, 29, 32, 0.005876927170902491
0, 785, 370, 27, 21, 0.005855059716850519
0, 1443, 860, 26, 30, 0.00577042531222105
0, 456, 1052, 37, 30, 0.00553427217528224
0, 128, 619, 37, 22, 0.005501510109752417
0, 1356, 1309, 145, 95, 0.005499848164618015
0, 1344, 1329, 93, 68, 0.005496044177561998
0, 738, 357, 23, 21, 0.005467710550874472
0, 1051, 569, 18, 24, 0.005393778905272484
0, 617, 991, 40, 35, 0.005111488047987223
0, 1450, 1320, 37, 26, 0.0051031652837991714
0, 1115, 1139, 48, 38, 0.005042073782533407
0, 837, 365, 24, 28, 0.004928865469992161
0, 871, 777, 14, 12, 0.004759850911796093
0, 1245, 813, 59, 34, 0.004712244495749474
0, 1043, 1129, 26, 27, 0.004591851495206356
0, 120, 628, 43, 28, 0.004403719678521156
0, 1118, 1148, 29, 30, 0.004220214206725359
0, 519, 1049, 32, 38, 0.0041303476318717
0, 876, 386, 36, 32, 0.00405745068565011
0, 1219, 824, 75, 37, 0.004027890041470528
0, 818, 754, 12, 11, 0.003793642856180668
0, 683, 378, 36, 27, 0.0037649485748261213
0, 825, 370, 34, 33, 0.003701619803905487
0, 983, 992, 24, 28, 0.0036967583000659943
0, 1406, 1306, 96, 81, 0.0036859840620309114
0, 842, 360, 18, 24, 0.003598719835281372
0, 567, 1057, 85, 65, 0.0035443317610770464
0, 781, 390, 33, 29, 0.003489658236503601
0, 1203, 1326, 63, 51, 0.0034349733032286167
0, 1053, 1630, 27, 18, 0.0034229562152177095
0, 451, 1078, 40, 29, 0.0034075966104865074
0, 1277, 838, 126, 104, 0.0034012706018984318
0, 1089, 1137, 105, 67, 0.003391776466742158
0, 899, 786, 27, 59, 0.003271558089181781
0, 718, 1009, 77, 56, 0.0032201081048697233
0, 121, 584, 30, 29, 0.0032041827216744423
0, 1118, 864, 28, 21, 0.003197600832208991
0, 1013, 448, 44, 32, 0.0031910131219774485
0, 785, 349, 31, 40, 0.003165067406371236
0, 1111, 1177, 28, 20, 0.0030760103836655617
0, 1386, 1297, 67, 60, 0.002997435163706541
0, 1045, 472, 30, 25, 0.0029646900948137045
0, 1386, 1287, 47, 40, 0.0029494238551706076
0, 792, 349, 25, 12, 0.0029451148584485054
0, 743, 1015, 24, 27, 0.0029408992268145084
0, 599, 1000, 25, 36, 0.0029136433731764555
0, 453, 1043, 43, 22, 0.002887710463255644
0, 1191, 855, 44, 28, 0.0028856501448899508
0, 149, 595, 92, 66, 0.0028324085287749767
0, 831, 1020, 38, 31, 0.00273652165196836
0, 658, 770, 19, 26, 0.0026933583430945873
0, 732, 355, 21, 18, 0.002651071874424815
0, 1608, 866, 29, 24, 0.002633266616612673
0, 1015, 497, 100, 87, 0.0025481898337602615
0, 1370, 1359, 83, 79, 0.002515107160434127
0, 778, 410, 41, 36, 0.002515080850571394
0, 1102, 606, 13, 22, 0.0024736206978559494
0, 1249, 1181, 16, 16, 0.0022800127044320107
0, 1058, 1117, 37, 21, 0.0020551474299281836
0, 540, 753, 18, 13, 0.0020195404067635536
0, 1113, 797, 21, 13, 0.0020130800548940897
0, 697, 1029, 100, 77, 0.00201112381182611
0, 886, 773, 39, 39, 0.0019765368197113276
0, 791, 1039, 13, 14, 0.0019383600447326899
0, 1313, 1326, 302, 134, 0.0019339434802532196
0, 828, 1031, 36, 30, 0.0019146192353218794
0, 578, 1033, 72, 74, 0.0019086147658526897
0, 608, 1058, 136, 71, 0.0018795387586578727
0, 1279, 1200, 27, 16, 0.0018532490357756615
0, 907, 761, 24, 28, 0.0018351069884374738
0, 161, 594, 26, 24, 0.0018055136315524578
0, 1003, 452, 67, 48, 0.0017738161841407418
0, 1887, 685, 22, 36, 0.0017072511836886406
0, 1562, 1399, 20, 18, 0.0017005078261718154
0, 736, 346, 21, 30, 0.0016533855814486742
0, 871, 751, 16, 11, 0.0016410601092502475
0, 654, 1029, 80, 60, 0.0015554768033325672
0, 769, 776, 16, 20, 0.0015304959379136562
0, 639, 246, 28, 25, 0.0014848277205601335
0, 972, 993, 39, 33, 0.00148373085539788
0, 832, 1007, 25, 26, 0.0014493990456685424
0, 680, 353, 38, 43, 0.0014111135387793183
0, 1626, 1328, 23, 18, 0.0013902619248256087
0, 1717, 1341, 21, 20, 0.0013500538188964128
0, 188, 629, 71, 67, 0.0013289914932101965
0, 1886, 661, 25, 115, 0.0013020470505580306
0, 1367, 918, 16, 17, 0.0012797084636986256
0, 1011, 1601, 16, 31, 0.0012537856819108129
0, 1615, 819, 24, 30, 0.0012103785993531346
0, 458, 1060, 30, 16, 0.0011637720745056868
0, 634, 248, 15, 17, 0.0011263035703450441
0, 1250, 901, 151, 94, 0.0011211925884708762
0, 1247, 1335, 96, 80, 0.0011110688792541623
0, 1720, 1330, 26, 33, 0.0010740079451352358
0, 1216, 846, 119, 89, 0.0010195644572377205
0, 667, 1037, 148, 101, 0.0009701516246423125
0, 1610, 852, 35, 53, 0.0009286251151934266
0, 916, 1421, 22, 25, 0.0009115395951084793
0, 607, 770, 21, 19, 0.0009059539879672229
0, 821, 974, 15, 23, 0.0009056376875378191
0, 776, 360, 54, 31, 0.0008604516042396426
0, 898, 774, 44, 62, 0.0007788096554577351
0, 810, 979, 31, 29, 0.0007413331186398864
0, 267, 662, 16, 16, 0.0007172651239670813
0, 895, 810, 17, 35, 0.0006797596579417586
0, 564, 791, 24, 21, 0.0006753306370228529
0, 1508, 1316, 40, 41, 0.000673310540150851
0, 667, 335, 23, 22, 0.000671508489176631
0, 1195, 1283, 49, 37, 0.0006559006869792938
0, 986, 1004, 24, 38, 0.0006554105202667415
0, 339, 846, 21, 12, 0.0006241162191145122
0, 513, 1064, 19, 50, 0.000595953781157732
0, 889, 389, 60, 48, 0.0005860349046997726
0, 914, 415, 13, 19, 0.0005812004674226046
0, 1645, 829, 26, 38, 0.0005656179273501039
0, 1401, 1357, 106, 92, 0.000559347216039896
0, 1607, 881, 33, 54, 0.0005563420127145946
0, 1701, 1326, 18, 30, 0.0005547473556362092
0, 1491, 1317, 45, 31, 0.0005440325476229191
0, 1584, 839, 16, 26, 0.000541872635949403
0, 1084, 1157, 95, 57, 0.0005207306821830571
0, 882, 1672, 80, 0, 0.000514195126015693
0, 897, 1645, 28, 25, 0.0004976150812581182
0, 1612, 834, 32, 38, 0.0004960073274560273
0, 759, 404, 29, 28, 0.0004825237556360662
0, 814, 392, 60, 39, 0.00047493213787674904
0, 915, 498, 16, 25, 0.0004565377894323319
0, 1108, 1603, 43, 32, 0.000436916685430333
0, 826, 1052, 32, 32, 0.00043269418529234827
0, 556, 1041, 91, 62, 0.0004252134240232408
0, 813, 359, 71, 49, 0.000421628326876089
0, 1711, 1348, 40, 38, 0.000403692974941805
0, 504, 1021, 19, 17, 0.0003980753244832158
0, 591, 1028, 114, 96, 0.0003873625537380576
0, 604, 1003, 69, 51, 0.00037262437399476767
0, 912, 1672, 113, 1, 0.00037199739017523825
0, 1264, 1183, 40, 27, 0.00037131551653146744
0, 1061, 1130, 67, 53, 0.000360252452082932
0, 1045, 1633, 31, 24, 0.0003599513729568571
0, 443, 658, 17, 14, 0.0003485410998109728
0, 1107, 859, 39, 26, 0.00034810943179763854
0, 1177, 861, 158, 48, 0.0003403453156352043
0, 1463, 1312, 79, 46, 0.00033073112717829645
0, 1043, 568, 28, 27, 0.0003140017797704786
0, 1049, 547, 28, 31, 0.00030985483317635953
0, 406, 677, 41, 57, 0.00030591333052143455
0, 566, 1054, 126, 131, 0.00029236680711619556
0, 858, 1448, 20, 16, 0.00028818822465837
0, 414, 1038, 22, 18, 0.0002879748062696308
0, 876, 791, 28, 38, 0.0002685898507479578
0, 1725, 1310, 45, 34, 0.0002662244369275868
0, 447, 716, 51, 119, 0.0002600780571810901
0, 546, 755, 28, 16, 0.00025907251983880997
0, 1193, 1176, 16, 28, 0.00025543689844198525
0, 565, 315, 31, 39, 0.00024306455452460796
0, 398, 1042, 25, 19, 0.00023230179795064032
0, 459, 735, 66, 76, 0.00023088528541848063
0, 485, 1066, 16, 23, 0.00022633722983300686
0, 1308, 905, 97, 83, 0.00022386244381777942
0, 466, 1037, 52, 32, 0.0002221162721980363
0, 654, 1008, 113, 60, 0.0002179841831093654
0, 1050, 1645, 33, 36, 0.00021393260976765305
0, 1738, 1327, 46, 42, 0.0002115339011652395
0, 667, 250, 80, 49, 0.00020973685604985803
0, 1003, 492, 114, 142, 0.00020867308194283396
0, 1184, 872, 84, 57, 0.00020819609926547855
0, 1293, 1496, 32, 27, 0.00020717254665214568
0, 1286, 892, 260, 203, 0.0002071008348139003
0, 932, 389, 15, 24, 0.00020556239178404212
0, 1140, 1150, 37, 31, 0.00020514435891527683
0, 937, 996, 14, 22, 0.00020164820307400078
0, 1231, 1219, 27, 25, 0.00020116176165174693
0, 435, 1076, 49, 25, 0.00019302222062833607
0, 43, 1672, 87, 1, 0.00019074203737545758
0, 490, 1073, 37, 39, 0.0001871556742116809
0, 905, 1639, 32, 28, 0.00018675958563107997
0, 1337, 878, 76, 93, 0.00018599312170408666
0, 548, 185, 26, 27, 0.00018544575141277164
0, 857, 1645, 166, 54, 0.00018356461077928543
0, 87, 633, 18, 17, 0.00018211932911071926
0, 884, 1037, 13, 13, 0.0001796289870981127
0, 807, 1670, 227, 4, 0.00016984324611257762
0, 1727, 1327, 75, 57, 0.00016588528524152935
0, 444, 1012, 25, 24, 0.00016532423614989966
0, 1324, 868, 143, 121, 0.00016509959823451936
0, 1071, 489, 21, 25, 0.00016265200974885374
0, 723, 875, 30, 37, 0.00016223674174398184
0, 577, 744, 15, 27, 0.0001608858583495021
0, 683, 266, 40, 38, 0.00015033814997877926
0, 539, 183, 16, 22, 0.00014790374552831054
0, 797, 366, 101, 89, 0.00014768475375603884
0, 955, 836, 59, 57, 0.00014690497482661158
0, 1887, 713, 23, 120, 0.00014278826711233705
0, 679, 378, 61, 43, 0.00014085609291214496
0, 964, 1673, 73, 0, 0.00013725120516028255
0, 1014, 1622, 22, 38, 0.00013620260870084167
0, 1170, 1497, 17, 20, 0.00013456211308948696
0, 434, 1063, 51, 42, 0.00013176200445741415
0, 1329, 911, 40, 70, 0.00012862449511885643
0, 999, 533, 88, 69, 0.00012665355461649597
0, 794, 1061, 17, 17, 0.00012663206143770367
0, 1041, 1671, 161, 3, 0.0001254104427061975
0, 1033, 1608, 28, 45, 0.00012519871233962476
0, 166, 654, 40, 18, 0.00012479430006351322
0, 1627, 1349, 27, 26, 0.00012033206439809874
0, 840, 395, 20, 23, 0.00012023262388538569
0, 1625, 827, 52, 57, 0.00011953279317822307
0, 737, 380, 34, 34, 0.00011636333510978147
0, 1413, 1329, 262, 131, 0.00011424563854234293
0, 1621, 850, 61, 80, 0.00011347694089636207
0, 1122, 1256, 29, 14, 0.00011161199654452503
0, 1473, 1333, 55, 44, 0.00011041032121283934
