0, 1040, 380, 124, 113, 0.6032323241233826
0, 271, 404, 65, 48, 0.35308530926704407
0, 299, 350, 85, 74, 0.3197646141052246
0, 291, 368, 108, 118, 0.20923040807247162
0, 857, 851, 26, 33, 0.1977861076593399
0, 1082, 335, 51, 52, 0.1505075842142105
0, 324, 344, 34, 61, 0.11004031449556351
0, 615, 551, 79, 78, 0.07831183075904846
0, 793, 725, 28, 30, 0.0649024248123169
0, 826, 863, 17, 25, 0.061477724462747574
0, 658, 463, 38, 23, 0.05926918238401413
0, 588, 553, 27, 30, 0.051645874977111816
0, 281, 356, 50, 57, 0.04809406399726868
0, 556, 555, 17, 14, 0.04260880872607231
0, 593, 562, 26, 38, 0.04180583730340004
0, 617, 529, 59, 40, 0.04136985167860985
0, 283, 372, 48, 26, 0.0410805381834507
0, 1154, 345, 26, 25, 0.04097643122076988
0, 624, 548, 41, 32, 0.03918769955635071
0, 606, 522, 30, 27, 0.03893567994236946
0, 628, 538, 50, 43, 0.03751867637038231
0, 608, 567, 30, 38, 0.03666806221008301
0, 599, 526, 22, 20, 0.03092949651181698
0, 1040, 638, 107, 94, 0.02711861953139305
0, 882, 891, 40, 67, 0.02523622289299965
0, 691, 253, 30, 19, 0.02253585495054722
0, 278, 381, 55, 36, 0.022425157949328423
0, 682, 418, 15, 22, 0.02098127268254757
0, 510, 800, 21, 21, 0.01944243349134922
0, 1078, 350, 50, 55, 0.019298119470477104
0, 494, 822, 20, 25, 0.01861254870891571
0, 1075, 410, 33, 32, 0.017676064744591713
0, 1018, 636, 44, 32, 0.016910370439291
0, 390, 383, 14, 17, 0.016478704288601875
0, 765, 260, 30, 19, 0.015848781913518906
0, 212, 437, 12, 18, 0.015545056201517582
0, 1277, 253, 27, 47, 0.014143281616270542
0, 690, 479, 31, 28, 0.013144000433385372
0, 1020, 646, 49, 38, 0.013058672659099102
0, 1039, 701, 32, 24, 0.01263196486979723
0, 498, 812, 30, 46, 0.012591652572154999
0, 1053, 627, 36, 33, 0.012171759270131588
0, 679, 477, 49, 32, 0.012007944285869598
0, 872, 878, 32, 44, 0.011738087981939316
0, 1071, 639, 32, 44, 0.011182902380824089
0, 1061, 633, 36, 41, 0.01081992406398058
0, 839, 858, 60, 54, 0.01076598558574915
0, 320, 322, 27, 26, 0.010289976373314857
0, 289, 312, 20, 18, 0.010288971476256847
0, 1067, 367, 36, 28, 0.010207301005721092
0, 593, 559, 42, 51, 0.01014763955026865
0, 1007, 634, 35, 23, 0.009787882678210735
0, 765, 307, 23, 20, 0.009485646151006222
0, 1005, 684, 29, 21, 0.008892918936908245
0, 1062, 624, 51, 52, 0.008712153881788254
0, 730, 306, 16, 17, 0.008621756918728352
0, 1018, 376, 76, 88, 0.008355632424354553
0, 786, 1062, 17, 22, 0.008245041593909264
0, 1023, 658, 70, 54, 0.008182219229638577
0, 731, 285, 24, 18, 0.00815143994987011
0, 1037, 668, 34, 30, 0.00785057619214058
0, 1056, 414, 75, 45, 0.007830511778593063
0, 1024, 693, 63, 42, 0.007705401163548231
0, 854, 863, 26, 54, 0.007472609169781208
0, 1181, 310, 26, 21, 0.007445880677551031
0, 1063, 604, 42, 28, 0.007362451404333115
0, 664, 419, 15, 17, 0.007191230542957783
0, 705, 338, 27, 16, 0.007050129119306803
0, 712, 449, 16, 15, 0.007025700528174639
0, 629, 487, 23, 24, 0.00669471500441432
0, 1055, 353, 52, 50, 0.00648080138489604
0, 1073, 657, 32, 56, 0.006297647021710873
0, 1083, 404, 34, 33, 0.006198415998369455
0, 645, 498, 36, 21, 0.00617136899381876
0, 661, 502, 41, 20, 0.006091831251978874
0, 1084, 384, 27, 21, 0.006050644442439079
0, 416, 363, 24, 14, 0.005551122594624758
0, 1003, 728, 22, 20, 0.005516230594366789
0, 1009, 757, 22, 16, 0.005145426839590073
0, 1079, 734, 25, 21, 0.004963316489011049
0, 1069, 381, 54, 36, 0.004697068128734827
0, 1016, 672, 56, 36, 0.0046524484641849995
0, 895, 866, 20, 19, 0.004462809301912785
0, 1041, 344, 26, 29, 0.0044389269314706326
0, 124, 523, 14, 21, 0.004404706414788961
0, 585, 596, 26, 21, 0.004353388212621212
0, 581, 585, 22, 22, 0.004222744144499302
0, 1183, 320, 29, 25, 0.0038754555862396955
0, 1007, 1023, 25, 19, 0.0038455547764897346
0, 655, 398, 20, 14, 0.0036528357304632664
0, 407, 330, 15, 21, 0.0035078541841357946
0, 655, 476, 68, 41, 0.0035069945733994246
0, 172, 474, 19, 21, 0.0035068944562226534
0, 1018, 701, 46, 29, 0.0034773466177284718
0, 1048, 861, 29, 17, 0.0033833023626357317
0, 831, 758, 12, 16, 0.0032929559238255024
0, 890, 878, 31, 43, 0.0032705783378332853
0, 638, 466, 30, 25, 0.003252458991482854
0, 402, 339, 15, 26, 0.003174669574946165
0, 128, 535, 26, 47, 0.0030760481022298336
0, 1068, 585, 34, 15, 0.0030704280361533165
0, 1176, 299, 26, 21, 0.0029374449513852596
0, 667, 476, 73, 63, 0.002767427358776331
0, 670, 427, 28, 21, 0.0027177988085895777
0, 1087, 732, 27, 25, 0.0026552672497928143
0, 1096, 408, 27, 30, 0.002652287483215332
0, 1118, 308, 31, 31, 0.0026150294579565525
0, 1060, 588, 48, 25, 0.0026095963548868895
0, 1070, 679, 21, 26, 0.00258307415060699
0, 1090, 787, 23, 26, 0.002431106986477971
0, 1077, 794, 23, 21, 0.0023689160589128733
0, 709, 245, 13, 15, 0.002249661600217223
0, 679, 287, 22, 33, 0.002204966265708208
0, 707, 306, 18, 18, 0.002175465924665332
0, 657, 443, 44, 30, 0.002120948862284422
0, 742, 253, 20, 15, 0.00211868854239583
0, 697, 204, 44, 14, 0.0021122281905263662
0, 1050, 723, 21, 14, 0.0020599174313247204
0, 138, 547, 17, 35, 0.002012019045650959
0, 1017, 726, 36, 25, 0.0020071999169886112
0, 995, 656, 23, 21, 0.0019945900421589613
0, 655, 511, 32, 22, 0.00197936175391078
0, 1055, 372, 51, 48, 0.0019341966835781932
0, 1030, 710, 63, 49, 0.0019014149438589811
0, 683, 203, 19, 13, 0.0018753185868263245
0, 707, 208, 38, 12, 0.001800569356419146
0, 1111, 312, 23, 23, 0.0017503383569419384
0, 122, 528, 21, 26, 0.0017369036795571446
0, 545, 721, 13, 16, 0.001703789341263473
0, 1033, 681, 55, 46, 0.001682859961874783
0, 147, 502, 22, 22, 0.00167023332323879
0, 1159, 333, 74, 58, 0.001652474282309413
0, 1164, 347, 49, 34, 0.001641149865463376
0, 1281, 310, 19, 34, 0.0016321276780217886
0, 744, 672, 14, 13, 0.0016218130476772785
0, 1279, 299, 26, 54, 0.0015734791522845626
0, 217, 495, 20, 18, 0.00156511296518147
0, 1150, 342, 35, 39, 0.0015507459174841642
0, 389, 367, 18, 16, 0.0015154327265918255
0, 1113, 343, 112, 87, 0.0015109789092093706
0, 176, 430, 15, 18, 0.001510340953245759
0, 653, 462, 62, 42, 0.0014911061152815819
0, 1192, 287, 21, 30, 0.001483505591750145
0, 180, 513, 15, 22, 0.0014734588330611587
0, 1119, 300, 28, 20, 0.001472447533160448
0, 639, 526, 131, 136, 0.0014644181355834007
0, 217, 440, 22, 26, 0.0013771298108622432
0, 155, 446, 18, 20, 0.0013731857761740685
0, 700, 632, 17, 18, 0.0013692948268726468
0, 749, 226, 23, 12, 0.0013648986350744963
0, 557, 701, 10, 18, 0.0013623953564092517
0, 1171, 311, 48, 39, 0.0013600301463156939
0, 596, 544, 50, 47, 0.0013430772814899683
0, 375, 476, 17, 17, 0.0013005227083340287
0, 1082, 787, 41, 32, 0.001299366238527
0, 1031, 405, 63, 59, 0.0012992938281968236
0, 1165, 296, 27, 19, 0.0012960772728547454
0, 1070, 332, 94, 58, 0.0012669836869463325
0, 723, 245, 20, 16, 0.001261806464754045
0, 1076, 721, 41, 49, 0.0012613191502168775
0, 1281, 275, 28, 64, 0.0012464694445952773
0, 394, 384, 24, 25, 0.0012436800170689821
0, 758, 253, 48, 29, 0.001221400685608387
0, 1186, 343, 19, 15, 0.0012210975401103497
0, 1001, 375, 45, 41, 0.0011948762694373727
0, 1195, 281, 11, 20, 0.001194493263028562
0, 661, 424, 40, 28, 0.0011680290335789323
0, 1138, 379, 29, 22, 0.0011566332541406155
0, 597, 580, 57, 54, 0.001114125014282763
0, 1015, 736, 35, 35, 0.0011028454173356295
0, 1088, 759, 18, 13, 0.0010974203469231725
0, 640, 544, 45, 39, 0.0010970555013045669
0, 736, 1063, 19, 22, 0.0010813638800755143
0, 991, 376, 28, 31, 0.0010676698293536901
0, 753, 659, 21, 21, 0.0010612073820084333
0, 251, 444, 25, 24, 0.0010602317051962018
0, 156, 517, 20, 28, 0.001045334036462009
0, 749, 306, 41, 26, 0.0010415313299745321
0, 1088, 710, 22, 16, 0.0010328782955184579
0, 227, 446, 31, 37, 0.0010081110522150993
0, 1123, 364, 27, 26, 0.0010048848344013095
0, 1040, 678, 113, 144, 0.0009876841213554144
0, 225, 457, 25, 31, 0.000967088621109724
0, 1349, 273, 15, 12, 0.000965041748713702
0, 703, 451, 33, 22, 0.0009157132590189576
0, 618, 508, 42, 41, 0.000910423812456429
0, 1065, 732, 57, 40, 0.0009055846021510661
0, 1078, 759, 28, 16, 0.000894164782948792
0, 1147, 358, 53, 55, 0.000886740570422262
0, 1277, 220, 27, 26, 0.0008667255751788616
0, 1038, 725, 93, 73, 0.0008627150091342628
0, 182, 447, 24, 19, 0.0008261383045464754
0, 1367, 376, 12, 18, 0.0008154359529726207
0, 1119, 323, 18, 20, 0.0007888652035035193
0, 697, 376, 23, 15, 0.0007770208758302033
0, 701, 306, 21, 18, 0.0007532857125625014
0, 1280, 214, 15, 16, 0.0007382181938737631
0, 757, 656, 15, 14, 0.0007337277056649327
0, 425, 400, 22, 19, 0.0007309949724003673
0, 874, 914, 29, 38, 0.0007199085084721446
0, 1015, 862, 27, 17, 0.000676634896080941
0, 737, 282, 24, 18, 0.0006735149654559791
0, 541, 393, 21, 24, 0.000664449529722333
0, 155, 508, 24, 26, 0.0006538114394061267
0, 501, 776, 16, 13, 0.0006450323853641748
0, 1248, 109, 251, 219, 0.0006353771314024925
0, 972, 925, 15, 13, 0.0006278309738263488
0, 742, 256, 47, 25, 0.0006000858265906572
0, 147, 487, 25, 26, 0.0005982327274978161
0, 558, 559, 24, 26, 0.0005965163582004607
0, 853, 278, 21, 15, 0.0005881904507987201
0, 151, 522, 24, 39, 0.0005746516981162131
0, 428, 468, 18, 15, 0.0005681059556081891
0, 108, 531, 17, 32, 0.000563195557333529
0, 34, 1220, 68, 5, 0.0005413678009063005
0, 649, 413, 22, 19, 0.0005288920947350562
0, 1033, 350, 85, 58, 0.0005288890679366887
0, 1330, 245, 11, 16, 0.0005251879338175058
0, 277, 317, 52, 35, 0.0005156501429155469
0, 132, 504, 16, 34, 0.0005115847452543676
0, 715, 294, 34, 26, 0.0005080976407043636
0, 1130, 315, 38, 26, 0.0005026477738283575
0, 1079, 711, 37, 23, 0.0004954736214131117
0, 421, 377, 28, 21, 0.00046513573033735156
0, 1082, 380, 60, 84, 0.000442310149082914
0, 584, 521, 46, 34, 0.00044076566700823605
0, 760, 227, 38, 15, 0.00041320224408991635
0, 252, 459, 22, 27, 0.0004091483715455979
0, 1132, 377, 38, 36, 0.00039397706859745085
0, 949, 432, 10, 11, 0.00038736959686502814
0, 258, 434, 39, 43, 0.00037698561209253967
0, 521, 346, 15, 14, 0.0003768808674067259
0, 1060, 746, 75, 46, 0.00037318444810807705
0, 744, 665, 24, 23, 0.00036708771949633956
0, 710, 213, 46, 21, 0.00035322117037139833
0, 902, 299, 14, 15, 0.0003376895620021969
0, 1023, 744, 56, 48, 0.00033603468909859657
0, 1046, 338, 120, 76, 0.00033444116706959903
0, 1093, 820, 16, 18, 0.00033265119418501854
0, 525, 357, 15, 23, 0.0003294292837381363
0, 724, 227, 31, 18, 0.00032139424001798034
0, 1040, 601, 84, 43, 0.0003137187159154564
0, 626, 487, 43, 40, 0.000310365401674062
0, 956, 328, 16, 17, 0.00030880465055815876
0, 203, 434, 19, 25, 0.0003074398555327207
0, 1135, 369, 76, 71, 0.000307189067825675
0, 477, 808, 15, 25, 0.00030672139837406576
0, 1106, 316, 77, 59, 0.0003048219077754766
0, 1069, 574, 28, 14, 0.0003031623491551727
0, 1085, 380, 199, 153, 0.0002966987085528672
0, 176, 508, 16, 21, 0.00029551697662100196
0, 413, 341, 27, 40, 0.00028297893004491925
0, 167, 437, 33, 36, 0.0002806400880217552
0, 904, 278, 14, 11, 0.00027996208518743515
0, 131, 486, 15, 29, 0.0002784211828839034
0, 712, 230, 32, 20, 0.0002763454394880682
0, 50, 1196, 101, 52, 0.00027459574630483985
0, 1334, 382, 13, 16, 0.0002730338310357183
0, 1159, 311, 89, 70, 0.00026949148741550744
0, 497, 779, 26, 21, 0.00026910429005511105
0, 406, 298, 17, 18, 0.0002671861439011991
0, 721, 222, 56, 31, 0.0002660633181221783
0, 1136, 390, 22, 20, 0.00024923300952650607
0, 1174, 295, 54, 40, 0.00024238924379460514
0, 700, 299, 24, 27, 0.00023664293985348195
0, 719, 329, 39, 23, 0.00023235694970935583
0, 1078, 673, 32, 48, 0.00022926875681150705
0, 1366, 296, 14, 27, 0.0002271310513606295
0, 722, 284, 39, 21, 0.0002208355290349573
0, 644, 564, 37, 24, 0.00022044360230211169
0, 703, 226, 39, 23, 0.0002161580923711881
0, 147, 466, 17, 25, 0.0002135547692887485
0, 780, 19, 14, 15, 0.00021129343076609075
0, 1183, 289, 30, 35, 0.00020764418877661228
0, 1363, 314, 18, 35, 0.0002074023796012625
0, 111, 548, 24, 34, 0.00020653093815781176
0, 194, 463, 16, 19, 0.0001955639017978683
0, 1139, 306, 74, 40, 0.00019465252989903092
0, 888, 919, 37, 31, 0.00019314557721372694
0, 916, 295, 20, 14, 0.0001832765556173399
0, 1202, 292, 21, 23, 0.00018226576503366232
0, 1366, 326, 12, 23, 0.00018122790788765997
0, 1028, 996, 21, 26, 0.00017834355821833014
0, 1083, 338, 160, 132, 0.0001752751413732767
0, 1078, 764, 42, 58, 0.00017474133346695453
0, 653, 462, 128, 122, 0.00017343182116746902
0, 1204, 311, 20, 16, 0.00016937876353040338
0, 714, 600, 12, 13, 0.0001646430609980598
0, 692, 468, 48, 57, 0.00016457369201816618
0, 1276, 394, 14, 18, 0.00016043793584685773
0, 1268, 231, 15, 21, 0.0001589100866112858
0, 694, 224, 51, 35, 0.00015491116209886968
0, 195, 475, 23, 37, 0.00015231786528602242
0, 1097, 396, 79, 60, 0.0001486801920691505
0, 673, 278, 28, 28, 0.00014647611533291638
0, 1341, 1219, 63, 6, 0.00014647081843577325
0, 880, 470, 26, 20, 0.0001449143310310319
0, 395, 353, 28, 28, 0.0001447625400032848
0, 299, 470, 11, 19, 0.00014340117922984064
0, 673, 292, 29, 34, 0.00014307693345472217
