0, 740, 621, 126, 154, 0.2827150523662567
0, 466, 1158, 128, 119, 0.24363397061824799
0, 926, 1143, 35, 38, 0.15097834169864655
0, 287, 398, 143, 159, 0.13097940385341644
0, 458, 1059, 65, 57, 0.1139606386423111
0, 1161, 1230, 30, 22, 0.07505666464567184
0, 1169, 1156, 42, 27, 0.06916525214910507
0, 562, 783, 26, 42, 0.068318672478199
0, 929, 1092, 46, 41, 0.0664169043302536
0, 514, 671, 113, 164, 0.06235631927847862
0, 715, 571, 72, 57, 0.06144080311059952
0, 510, 925, 57, 49, 0.05524131655693054
0, 464, 1177, 96, 75, 0.049725666642189026
0, 312, 440, 77, 79, 0.048054587095975876
0, 521, 697, 77, 106, 0.04387906193733215
0, 505, 634, 94, 88, 0.043063998222351074
0, 1170, 1191, 39, 34, 0.04294491559267044
0, 702, 838, 121, 73, 0.039765097200870514
0, 454, 1181, 50, 45, 0.03829745948314667
0, 271, 353, 98, 69, 0.03612268343567848
0, 256, 385, 36, 39, 0.035120099782943726
0, 328, 414, 50, 32, 0.03449760377407074
0, 590, 757, 26, 26, 0.030724365264177322
0, 256, 377, 64, 66, 0.02956724911928177
0, 268, 390, 72, 59, 0.029099294915795326
0, 530, 676, 36, 49, 0.027977608144283295
0, 439, 1156, 75, 91, 0.026842866092920303
0, 1166, 1194, 54, 67, 0.026720011606812477
0, 310, 413, 84, 73, 0.024705760180950165
0, 760, 638, 79, 120, 0.024254921823740005
0, 257, 343, 67, 49, 0.02350560389459133
0, 287, 391, 38, 31, 0.021579448133707047
0, 1153, 1105, 16, 19, 0.0207676999270916
0, 707, 916, 29, 25, 0.020479915663599968
0, 1138, 1184, 24, 29, 0.020430544391274452
0, 497, 927, 98, 60, 0.019851183518767357
0, 296, 359, 55, 42, 0.018336528912186623
0, 575, 705, 19, 22, 0.018101686611771584
0, 363, 1387, 72, 48, 0.01784556917846203
0, 278, 399, 36, 45, 0.01703570783138275
0, 342, 1396, 31, 25, 0.016601350158452988
0, 431, 1145, 55, 49, 0.015415756031870842
0, 596, 801, 99, 93, 0.015362715348601341
0, 648, 1105, 56, 34, 0.015360299497842789
0, 440, 1129, 49, 42, 0.015255862846970558
0, 504, 612, 83, 48, 0.015213454142212868
0, 568, 790, 41, 63, 0.014883261173963547
0, 241, 371, 43, 48, 0.014683538116514683
0, 504, 1154, 45, 39, 0.014682585373520851
0, 672, 829, 60, 56, 0.014588170684874058
0, 1152, 1063, 32, 39, 0.014393466524779797
0, 584, 1185, 38, 50, 0.013990168459713459
0, 625, 785, 37, 39, 0.013503019697964191
0, 515, 983, 43, 37, 0.01342169288545847
0, 319, 400, 54, 51, 0.01328130904585123
0, 621, 810, 56, 89, 0.013114159926772118
0, 542, 712, 54, 72, 0.012902599759399891
0, 774, 663, 46, 62, 0.01287382747977972
0, 579, 793, 58, 83, 0.012661515735089779
0, 858, 1020, 29, 21, 0.012574447318911552
0, 1145, 1064, 21, 30, 0.012432482093572617
0, 742, 838, 38, 42, 0.01241956278681755
0, 377, 1384, 41, 39, 0.011929856613278389
0, 1113, 868, 37, 28, 0.011839210987091064
0, 518, 1011, 43, 88, 0.011814556084573269
0, 1099, 861, 66, 46, 0.011756894178688526
0, 779, 991, 35, 41, 0.010951883159577847
0, 1177, 1055, 27, 25, 0.010885823518037796
0, 360, 490, 32, 31, 0.010712306946516037
0, 499, 1129, 40, 55, 0.01043458841741085
0, 1066, 1269, 26, 16, 0.00952551793307066
0, 955, 1202, 16, 25, 0.009484082460403442
0, 678, 882, 27, 26, 0.009260131046175957
0, 477, 655, 33, 52, 0.00918662454932928
0, 240, 331, 32, 27, 0.009100998751819134
0, 549, 736, 46, 39, 0.009017658419907093
0, 1131, 944, 21, 44, 0.008664759807288647
0, 682, 849, 62, 91, 0.008475151844322681
0, 680, 1172, 61, 58, 0.00846649706363678
0, 732, 582, 111, 83, 0.007870974019169807
0, 735, 1153, 21, 23, 0.007596384733915329
0, 957, 1318, 17, 21, 0.00707399332895875
0, 492, 1188, 66, 54, 0.006853318773210049
0, 1140, 1170, 23, 37, 0.006826621014624834
0, 498, 603, 66, 31, 0.006793235428631306
0, 695, 863, 39, 36, 0.006670523434877396
0, 426, 1159, 52, 55, 0.006560695823282003
0, 632, 475, 33, 28, 0.006494158413261175
0, 334, 464, 22, 36, 0.006441195961087942
0, 382, 1416, 18, 16, 0.006172779016196728
0, 241, 360, 66, 84, 0.005835892632603645
0, 1079, 870, 27, 22, 0.0057593234814703465
0, 699, 621, 30, 24, 0.005659237504005432
0, 522, 1084, 24, 34, 0.005403708200901747
0, 454, 1080, 69, 67, 0.005402493756264448
0, 1184, 1022, 15, 15, 0.004829916637390852
0, 400, 494, 39, 49, 0.004619081504642963
0, 636, 505, 34, 23, 0.004603544250130653
0, 510, 1100, 49, 58, 0.004563628230243921
0, 635, 1151, 31, 27, 0.00418939720839262
0, 649, 1149, 18, 23, 0.004102603532373905
0, 514, 1085, 44, 46, 0.004100698512047529
0, 362, 480, 47, 52, 0.0038915404584258795
0, 487, 662, 56, 59, 0.0038261646404862404
0, 822, 1669, 54, 14, 0.0037124482914805412
0, 893, 1035, 19, 23, 0.003674407722428441
0, 712, 883, 28, 26, 0.0036447730381041765
0, 511, 1040, 34, 44, 0.0035478530917316675
0, 1179, 1084, 26, 20, 0.0034978960175067186
0, 666, 1201, 39, 44, 0.003362076822668314
0, 698, 1212, 47, 36, 0.0033043266739696264
0, 399, 1210, 24, 17, 0.00329051841981709
0, 706, 1218, 35, 31, 0.0032302376348525286
0, 970, 1400, 14, 26, 0.0031710455659776926
0, 891, 907, 22, 23, 0.003009527688845992
0, 484, 1033, 124, 128, 0.002904443070292473
0, 1155, 1126, 25, 25, 0.0027453103102743626
0, 628, 842, 38, 38, 0.0027370303869247437
0, 227, 341, 58, 63, 0.0027144227642565966
0, 208, 320, 31, 39, 0.002695455914363265
0, 634, 488, 41, 55, 0.0026890095323324203
0, 571, 721, 21, 29, 0.0026104070711880922
0, 713, 1136, 24, 26, 0.0025600779335945845
0, 419, 531, 21, 35, 0.002443743636831641
0, 124, 559, 27, 36, 0.0024209197144955397
0, 1074, 1245, 24, 16, 0.0023768660612404346
0, 463, 1218, 46, 25, 0.0022801014129072428
0, 390, 503, 51, 55, 0.002252493519335985
0, 694, 1173, 52, 46, 0.002226913347840309
0, 534, 702, 201, 250, 0.002127208048477769
0, 931, 1292, 15, 15, 0.0020826824475079775
0, 932, 1042, 31, 25, 0.0020175520330667496
0, 480, 933, 64, 45, 0.0019209764432162046
0, 822, 1016, 23, 25, 0.0019114246824756265
0, 200, 322, 26, 32, 0.0018904076423496008
0, 715, 814, 34, 22, 0.0018860544078052044
0, 620, 779, 39, 63, 0.0017123976722359657
0, 1161, 1108, 42, 53, 0.0017045673448592424
0, 824, 659, 32, 35, 0.0016826309729367495
0, 803, 714, 36, 23, 0.0016744406893849373
0, 1161, 1070, 40, 45, 0.0016238234238699079
0, 505, 1152, 53, 68, 0.0016202512197196484
0, 694, 654, 19, 21, 0.0016179318772628903
0, 931, 1254, 15, 17, 0.0016089320415630937
0, 643, 811, 191, 139, 0.0015811808407306671
0, 686, 1194, 83, 78, 0.0015733885811641812
0, 732, 852, 56, 65, 0.001562940888106823
0, 570, 698, 19, 50, 0.0015439888229593635
0, 708, 877, 50, 45, 0.0014989988412708044
0, 960, 1312, 20, 25, 0.0014886956196278334
0, 928, 1359, 30, 19, 0.001488487352617085
0, 922, 1363, 26, 19, 0.0014449923764914274
0, 144, 504, 26, 23, 0.0014357521431520581
0, 352, 454, 61, 70, 0.0014024294214323163
0, 422, 547, 45, 69, 0.001384974573738873
0, 581, 706, 34, 33, 0.0013638376258313656
0, 547, 1170, 19, 31, 0.0013550706207752228
0, 426, 531, 41, 53, 0.0012963234912604094
0, 1171, 1173, 60, 73, 0.0012847509933635592
0, 706, 636, 50, 57, 0.001277468167245388
0, 1160, 1160, 59, 51, 0.0012765846913680434
0, 443, 529, 23, 31, 0.001272749388590455
0, 910, 1338, 14, 22, 0.0012725257547572255
0, 897, 1037, 25, 38, 0.0012239995412528515
0, 868, 706, 24, 20, 0.0012070765951648355
0, 692, 1154, 62, 57, 0.0011635393602773547
0, 378, 1427, 27, 38, 0.0011426776181906462
0, 905, 1059, 18, 22, 0.0011261602630838752
0, 496, 847, 30, 20, 0.001107742078602314
0, 705, 1167, 28, 37, 0.0011025196872651577
0, 780, 715, 55, 25, 0.001101290574297309
0, 905, 1183, 15, 17, 0.0010831862455233932
0, 938, 1035, 36, 19, 0.0010534393368288875
0, 766, 618, 55, 81, 0.0010484937811270356
0, 612, 707, 16, 23, 0.001013358123600483
0, 676, 1155, 46, 41, 0.0010025592055171728
0, 922, 1056, 36, 30, 0.0009993135463446379
0, 595, 711, 28, 36, 0.0009899508440867066
0, 646, 814, 112, 96, 0.0009880847064778209
0, 377, 482, 68, 37, 0.0009625261300243437
0, 1084, 830, 37, 30, 0.000950997753534466
0, 202, 310, 29, 30, 0.0009483799804002047
0, 141, 510, 26, 19, 0.0009372900240123272
0, 231, 527, 12, 18, 0.0009326893487013876
0, 358, 1434, 17, 28, 0.0009197469335049391
0, 945, 769, 19, 18, 0.0009077525464817882
0, 397, 1357, 15, 20, 0.000901445047929883
0, 1118, 905, 14, 22, 0.0008875562343746424
0, 787, 659, 43, 53, 0.0008863447583280504
0, 263, 578, 23, 24, 0.00088209513342008
0, 749, 416, 37, 33, 0.0008684583590365946
0, 157, 617, 20, 15, 0.0008381650550290942
0, 926, 1210, 17, 20, 0.0008246243232861161
0, 482, 1242, 32, 30, 0.0008014712948352098
0, 1025, 763, 23, 21, 0.0007963856915012002
0, 1154, 1196, 76, 106, 0.0007815254502929747
0, 412, 546, 43, 51, 0.0007802511099725962
0, 1178, 1094, 26, 33, 0.0007713991217315197
0, 273, 596, 48, 64, 0.0007664600270800292
0, 1148, 1104, 27, 25, 0.0007383754127658904
0, 745, 369, 24, 17, 0.000735113862901926
0, 816, 1005, 26, 37, 0.0007185650174506009
0, 203, 331, 29, 40, 0.0006698730867356062
0, 472, 1200, 100, 83, 0.0006544651696458459
0, 1290, 1622, 23, 18, 0.0006535439169965684
0, 817, 622, 31, 29, 0.0006468240753747523
0, 483, 1096, 131, 242, 0.0006173194851726294
0, 989, 1399, 21, 28, 0.0006171824061311781
0, 635, 741, 18, 18, 0.000603634282015264
0, 924, 1217, 18, 22, 0.0006017711129970849
0, 282, 603, 39, 35, 0.0005952598294243217
0, 495, 997, 94, 73, 0.0005843911203555763
0, 375, 456, 33, 41, 0.0005722230998799205
0, 627, 546, 17, 30, 0.0005681503680534661
0, 1093, 845, 80, 74, 0.000563396024517715
0, 479, 1233, 64, 53, 0.0005599323776550591
0, 1133, 1186, 40, 43, 0.0005596503615379333
0, 713, 879, 81, 67, 0.000544974987860769
0, 931, 1307, 15, 23, 0.0005347050609998405
0, 1156, 949, 15, 29, 0.0005283393547870219
0, 398, 1217, 30, 32, 0.0005164905451238155
0, 355, 1388, 107, 67, 0.0005114387022331357
0, 931, 1023, 28, 22, 0.0004916278994642198
0, 808, 647, 63, 64, 0.00047261398867703974
0, 118, 565, 26, 36, 0.000467577570816502
0, 767, 715, 26, 20, 0.0004591437173075974
0, 1033, 849, 12, 10, 0.00045382033567875624
0, 949, 1061, 15, 14, 0.00044138458906672895
0, 934, 766, 22, 21, 0.00043238079524599016
0, 629, 1160, 26, 29, 0.00042962274164892733
0, 151, 500, 17, 20, 0.0004261513822712004
0, 951, 1318, 14, 28, 0.00042521420982666314
0, 334, 746, 21, 22, 0.0004152215551584959
0, 913, 1206, 30, 35, 0.0004118896904401481
0, 291, 1407, 40, 34, 0.00040103233186528087
0, 791, 998, 55, 56, 0.0003978687454946339
0, 593, 536, 18, 27, 0.0003886462654918432
0, 369, 555, 25, 22, 0.0003876708506140858
0, 378, 1373, 53, 59, 0.0003857023548334837
0, 549, 680, 50, 84, 0.0003803728614002466
0, 827, 671, 25, 41, 0.00037681584944948554
0, 843, 1012, 60, 45, 0.00037562777288258076
0, 148, 572, 14, 21, 0.0003671955200843513
0, 285, 1415, 29, 20, 0.00036198823363520205
0, 424, 569, 31, 38, 0.000355727766873315
0, 262, 611, 31, 50, 0.0003483183973003179
0, 941, 1409, 18, 16, 0.0003415822866372764
0, 993, 841, 13, 16, 0.0003388269105926156
0, 264, 531, 27, 32, 0.00033022763091139495
0, 651, 754, 40, 25, 0.0003289459564257413
0, 616, 459, 19, 19, 0.00032035631011240184
0, 627, 471, 47, 45, 0.0003143495414406061
0, 668, 371, 21, 28, 0.0003130832046736032
0, 1162, 1002, 19, 19, 0.00031037902226671576
0, 505, 828, 20, 13, 0.00030567514477297664
0, 719, 354, 34, 24, 0.00030014695948921144
0, 307, 1491, 41, 24, 0.00029885690310038626
0, 597, 766, 52, 55, 0.00029041379457339644
0, 128, 544, 27, 23, 0.000285701738903299
0, 538, 761, 41, 24, 0.00027261427021585405
0, 803, 742, 22, 13, 0.0002703095378819853
0, 423, 1212, 48, 41, 0.0002679770113900304
0, 1159, 1224, 54, 51, 0.00025547927361913025
0, 324, 419, 86, 127, 0.0002537747786846012
0, 544, 764, 270, 392, 0.00025106300017796457
0, 1174, 1286, 14, 16, 0.0002446698199491948
0, 926, 796, 22, 25, 0.00023488441365770996
0, 945, 1023, 21, 23, 0.00023243649047799408
0, 442, 1117, 97, 180, 0.00023110418987926096
0, 909, 687, 13, 16, 0.00023074750788509846
0, 112, 1668, 30, 16, 0.00022294311202131212
0, 944, 890, 15, 12, 0.00021476668189279735
0, 515, 853, 59, 40, 0.00021442517754621804
0, 137, 1636, 197, 80, 0.00021316051424946636
0, 329, 1378, 139, 114, 0.00021075039694551378
0, 437, 572, 33, 34, 0.00020808933186344802
0, 403, 521, 58, 55, 0.00019877447630278766
0, 442, 600, 31, 28, 0.00019567992421798408
0, 931, 1114, 44, 60, 0.00019215181237086654
0, 131, 1667, 99, 18, 0.00019141798838973045
0, 284, 581, 45, 47, 0.0001907240366563201
0, 1049, 857, 39, 34, 0.0001869765983428806
0, 387, 1423, 39, 31, 0.00018413661746308208
0, 1054, 1305, 21, 23, 0.00018290296429768205
0, 1066, 799, 31, 19, 0.00018024115706793964
0, 893, 1060, 20, 19, 0.00017869846487883478
0, 470, 567, 19, 36, 0.00017318046593572944
0, 1111, 1337, 26, 24, 0.0001715941180009395
0, 76, 1618, 152, 116, 0.0001703781890682876
0, 749, 374, 29, 24, 0.0001678378030192107
0, 350, 1396, 52, 41, 0.0001677219697739929
0, 1006, 915, 24, 21, 0.00016376767598558217
0, 137, 562, 34, 38, 0.00016368119395338
0, 568, 892, 16, 25, 0.00015797099331393838
0, 290, 1492, 75, 25, 0.00015585643996018916
0, 375, 536, 41, 44, 0.00015501887537539005
0, 912, 1221, 21, 15, 0.00015258898201864213
0, 844, 1026, 82, 27, 0.00015252076264005154
0, 453, 661, 27, 39, 0.00014984054723754525
0, 986, 1522, 13, 16, 0.0001490978611400351
