0, 588, 435, 76, 51, 0.31941598653793335
0, 684, 537, 169, 140, 0.14831145107746124
0, 625, 517, 54, 71, 0.14155890047550201
0, 306, 268, 367, 247, 0.11341599375009537
0, 603, 441, 45, 37, 0.09658600389957428
0, 211, 223, 177, 118, 0.09431371092796326
0, 220, 211, 70, 52, 0.08304551243782043
0, 238, 214, 105, 87, 0.057557716965675354
0, 481, 372, 327, 364, 0.03865203633904457
0, 701, 506, 69, 56, 0.034018583595752716
0, 347, 292, 61, 64, 0.033321890980005264
0, 537, 474, 77, 52, 0.03242717310786247
0, 324, 241, 92, 88, 0.031531769782304764
0, 555, 470, 109, 71, 0.029671430587768555
0, 549, 438, 24, 15, 0.029128270223736763
0, 709, 587, 82, 44, 0.0285906121134758
0, 272, 227, 188, 112, 0.02822362817823887
0, 715, 521, 90, 75, 0.027465952560305595
0, 361, 303, 98, 82, 0.02544519118964672
0, 330, 231, 78, 50, 0.024945739656686783
0, 255, 233, 78, 78, 0.024486972019076347
0, 155, 200, 64, 75, 0.02193223126232624
0, 390, 317, 38, 50, 0.02005782723426819
0, 431, 375, 59, 42, 0.018201090395450592
0, 698, 578, 119, 46, 0.017949862405657768
0, 488, 441, 42, 30, 0.017453299835324287
0, 520, 464, 40, 27, 0.01667516864836216
0, 685, 576, 68, 33, 0.01653335429728031
0, 430, 366, 44, 22, 0.015694130212068558
0, 233, 217, 44, 40, 0.015126863494515419
0, 691, 498, 38, 31, 0.0139410849660635
0, 664, 541, 39, 28, 0.0121112996712327
0, 724, 534, 68, 44, 0.012018658220767975
0, 736, 564, 28, 15, 0.011936170980334282
0, 684, 494, 67, 48, 0.011095806024968624
0, 306, 232, 53, 50, 0.010351554490625858
0, 261, 216, 57, 40, 0.010195869952440262
0, 169, 214, 92, 94, 0.009482165798544884
0, 341, 279, 42, 40, 0.009256781078875065
0, 693, 558, 108, 70, 0.008847393095493317
0, 204, 221, 95, 56, 0.008806620724499226
0, 673, 554, 61, 52, 0.00874482560902834
0, 665, 513, 122, 92, 0.00841138232499361
0, 155, 189, 50, 36, 0.008288610726594925
0, 697, 593, 42, 22, 0.008243964985013008
0, 546, 448, 152, 98, 0.008143609389662743
0, 663, 482, 23, 26, 0.007997049018740654
0, 451, 315, 25, 24, 0.007381237577646971
0, 738, 542, 34, 25, 0.0072753238491714
0, 682, 538, 73, 40, 0.006807167083024979
0, 734, 562, 46, 21, 0.006677218712866306
0, 416, 290, 94, 108, 0.006243098992854357
0, 553, 486, 36, 28, 0.006213473156094551
0, 340, 263, 133, 138, 0.0053671179339289665
0, 671, 569, 48, 27, 0.005311948247253895
0, 570, 446, 83, 42, 0.0052568684332072735
0, 300, 238, 37, 33, 0.00505249947309494
0, 538, 458, 93, 50, 0.004944369662553072
0, 376, 313, 63, 64, 0.00491727888584137
0, 342, 233, 54, 32, 0.004917255602777004
0, 504, 451, 78, 56, 0.004764630924910307
0, 709, 598, 60, 28, 0.004701374564319849
0, 691, 543, 37, 25, 0.0046562016941607
0, 585, 501, 26, 30, 0.004606637172400951
0, 722, 585, 45, 22, 0.004483659286051989
0, 208, 200, 47, 33, 0.004194413311779499
0, 477, 435, 38, 25, 0.004073800519108772
0, 201, 208, 40, 31, 0.003961037844419479
0, 149, 214, 47, 35, 0.003828065935522318
0, 706, 540, 44, 26, 0.003744634333997965
0, 724, 558, 70, 35, 0.00372836971655488
0, 159, 224, 71, 53, 0.003689107485115528
0, 563, 484, 74, 61, 0.00364507595077157
0, 181, 244, 72, 52, 0.0035187439061701298
0, 462, 403, 59, 28, 0.003414321457967162
0, 561, 436, 46, 31, 0.003222887171432376
0, 585, 497, 378, 251, 0.0032113760244101286
0, 591, 478, 110, 93, 0.003121592802926898
0, 557, 425, 37, 23, 0.0030813475605100393
0, 475, 439, 54, 42, 0.0030613162089139223
0, 641, 541, 82, 60, 0.0029751143883913755
0, 396, 295, 21, 26, 0.002831910038366914
0, 225, 240, 126, 77, 0.0027977509889751673
0, 332, 287, 24, 27, 0.0027397535741329193
0, 194, 216, 28, 24, 0.002603128319606185
0, 615, 508, 89, 94, 0.002555480692535639
0, 296, 246, 60, 64, 0.0025246944278478622
0, 578, 500, 40, 48, 0.002411196706816554
0, 740, 540, 45, 39, 0.0023390029091387987
0, 397, 261, 57, 51, 0.0019914943259209394
0, 592, 493, 45, 49, 0.0019368689972907305
0, 566, 421, 28, 22, 0.0019302607979625463
0, 384, 251, 30, 29, 0.0018997435690835118
0, 437, 309, 54, 48, 0.0018992904806509614
0, 643, 533, 105, 113, 0.001874480745755136
0, 757, 578, 17, 17, 0.0018178429454565048
0, 639, 465, 14, 19, 0.001790523179806769
0, 156, 166, 33, 17, 0.0017476018983870745
0, 330, 284, 33, 43, 0.0017463919939473271
0, 258, 254, 50, 40, 0.0016089656855911016
0, 300, 253, 98, 90, 0.0015218830667436123
0, 165, 183, 38, 34, 0.0014816743787378073
0, 331, 279, 63, 55, 0.0013422582997009158
0, 704, 601, 40, 20, 0.0013256793608888984
0, 412, 297, 49, 57, 0.0012649374548345804
0, 444, 384, 82, 55, 0.0012608591932803392
0, 628, 492, 36, 30, 0.001246679574251175
0, 353, 236, 34, 23, 0.0012238287599757314
0, 164, 238, 71, 40, 0.0012129638344049454
0, 635, 462, 26, 31, 0.0011920564575120807
0, 473, 406, 36, 19, 0.001183333806693554
0, 579, 423, 31, 28, 0.0011542075080797076
0, 687, 593, 31, 16, 0.0011491948971524835
0, 564, 426, 126, 77, 0.001045510289259255
0, 515, 433, 15, 17, 0.0009927620412781835
0, 743, 582, 52, 33, 0.0009656524052843451
0, 421, 276, 24, 23, 0.0009572036797180772
0, 270, 258, 33, 32, 0.0009382308926433325
0, 144, 166, 23, 14, 0.0008603655733168125
0, 602, 490, 36, 34, 0.0008603463065810502
0, 149, 160, 46, 28, 0.0008206136990338564
0, 204, 189, 43, 33, 0.0008042495464906096
0, 260, 261, 29, 26, 0.000788995239418
0, 665, 566, 41, 17, 0.0007862988277338445
0, 140, 201, 34, 51, 0.0007804790511727333
0, 651, 487, 46, 34, 0.0007755432743579149
0, 847, 592, 17, 13, 0.000753274594899267
0, 138, 214, 27, 30, 0.0007504752138629556
0, 386, 276, 41, 57, 0.0007398916059173644
0, 514, 451, 129, 72, 0.0007097177440300584
0, 543, 437, 40, 24, 0.0006386336171999574
0, 360, 259, 70, 57, 0.0006098307203501463
0, 437, 407, 19, 14, 0.0005970399943180382
0, 426, 299, 22, 20, 0.0005949586629867554
0, 253, 204, 69, 60, 0.0005768750561401248
0, 489, 422, 123, 88, 0.000573143654037267
0, 483, 385, 28, 15, 0.000561087392270565
0, 806, 708, 20, 11, 0.0005290927947498858
0, 265, 265, 47, 47, 0.00047993590123951435
0, 254, 229, 270, 173, 0.0004699195851571858
0, 196, 187, 28, 23, 0.0004495960602071136
0, 139, 155, 25, 14, 0.0004393111739773303
0, 131, 257, 30, 13, 0.0004312833189032972
0, 619, 451, 79, 61, 0.00042651977855712175
0, 362, 335, 448, 398, 0.0004219836264383048
0, 787, 608, 18, 12, 0.0004175849899183959
0, 565, 407, 21, 13, 0.0004117627104278654
0, 467, 385, 47, 23, 0.0003878007992170751
0, 272, 276, 32, 27, 0.00038155229412950575
0, 141, 180, 31, 28, 0.000374488445231691
0, 620, 453, 55, 41, 0.00036518333945423365
0, 757, 581, 32, 26, 0.00035889874561689794
0, 453, 401, 86, 74, 0.00035639136331155896
0, 686, 588, 45, 30, 0.00034265374415554106
0, 661, 561, 45, 34, 0.00034126543323509395
0, 784, 700, 17, 15, 0.00033566501224413514
0, 483, 347, 18, 15, 0.00033165529021061957
0, 596, 507, 55, 57, 0.00030358435469679534
0, 491, 385, 20, 13, 0.0003028434584848583
0, 426, 279, 20, 17, 0.0002918140380643308
0, 742, 545, 66, 71, 0.00028232004842720926
0, 560, 413, 31, 26, 0.0002801217488013208
0, 976, 344, 47, 135, 0.0002748545375652611
0, 139, 162, 29, 23, 0.00026833568699657917
0, 647, 463, 32, 27, 0.0002658660232555121
0, 358, 240, 79, 60, 0.0002564452006481588
0, 813, 637, 12, 16, 0.0002503690484445542
0, 462, 425, 47, 23, 0.00024062313605099916
0, 792, 701, 31, 18, 0.00023518447414971888
0, 625, 487, 140, 137, 0.0002327019174117595
0, 244, 187, 28, 23, 0.0002265378279844299
0, 763, 589, 26, 18, 0.00022016235743649304
0, 317, 220, 46, 36, 0.00021764691337011755
0, 538, 419, 39, 15, 0.00020864243560936302
0, 303, 289, 219, 95, 0.00018854452355299145
0, 189, 191, 86, 56, 0.00018720939988270402
0, 711, 603, 94, 40, 0.00017573418153915554
0, 178, 192, 123, 94, 0.0001743971079122275
0, 431, 390, 51, 48, 0.00017207713972311467
0, 129, 210, 31, 23, 0.000165391102200374
0, 433, 324, 91, 132, 0.00016431794210802764
0, 321, 292, 42, 42, 0.0001615684450371191
0, 981, 142, 14, 12, 0.0001609236205695197
0, 787, 500, 390, 239, 0.00014804104284849018
0, 633, 464, 70, 65, 0.00014601134171243757
0, 520, 415, 21, 14, 0.00014165346510708332
0, 186, 254, 55, 38, 0.0001382452464895323
0, 416, 337, 85, 66, 0.00013488726108334959
0, 281, 264, 58, 55, 0.0001303466415265575
0, 437, 357, 88, 83, 0.00012976143625564873
0, 649, 478, 54, 61, 0.00011687642836477607
0, 479, 419, 71, 45, 0.00011307134263915941
0, 757, 568, 50, 28, 0.00011222692410228774
0, 149, 249, 67, 33, 0.00011111003550468013
0, 541, 417, 68, 43, 0.00010649170872056857
0, 471, 340, 32, 26, 0.00010569762525847182
0, 294, 219, 88, 57, 0.00010122584353666753
0, 711, 608, 52, 28, 0.00010075289901578799
0, 677, 583, 65, 58, 9.21569371712394e-05
0, 91, 69, 182, 139, 8.928340685088187e-05
0, 509, 421, 27, 18, 8.878639346221462e-05
0, 750, 555, 55, 44, 8.368735143449157e-05
0, 942, 158, 72, 61, 8.313985745189711e-05
0, 27, 619, 55, 123, 7.884269143687561e-05
0, 613, 563, 344, 186, 7.848540553823113e-05
0, 984, 149, 30, 59, 7.824179192539304e-05
0, 428, 348, 67, 46, 7.515483594033867e-05
0, 391, 340, 39, 52, 7.472085417248309e-05
0, 975, 494, 48, 139, 7.206195004982874e-05
0, 395, 359, 22, 19, 7.14035559212789e-05
0, 451, 328, 34, 44, 7.072028529364616e-05
0, 145, 233, 41, 48, 6.742428377037868e-05
0, 135, 185, 48, 53, 6.553990533575416e-05
0, 782, 569, 26, 22, 6.532028055517003e-05
0, 540, 394, 18, 15, 6.459251744672656e-05
0, 31, 15, 62, 30, 6.426921027014032e-05
0, 429, 294, 45, 59, 6.333256897050887e-05
0, 465, 353, 34, 24, 6.315592327155173e-05
0, 415, 361, 60, 25, 6.211455183802173e-05
0, 449, 315, 43, 41, 6.116374424891546e-05
0, 478, 367, 41, 35, 5.4268813983071595e-05
0, 129, 160, 29, 22, 5.2392024372238666e-05
0, 131, 218, 36, 43, 5.020999378757551e-05
0, 531, 406, 41, 23, 4.995405106456019e-05
0, 735, 597, 88, 56, 4.980649828212336e-05
0, 449, 408, 43, 26, 4.899477062281221e-05
0, 979, 181, 41, 98, 4.8847159632714465e-05
0, 676, 485, 180, 163, 4.7469591663684696e-05
0, 51, 220, 15, 14, 4.643421561922878e-05
0, 236, 258, 98, 61, 4.635360892280005e-05
0, 846, 585, 17, 18, 4.3481610191520303e-05
0, 129, 164, 54, 41, 4.316073682275601e-05
0, 983, 618, 32, 106, 4.219647962599993e-05
0, 774, 569, 46, 28, 4.198214446660131e-05
0, 506, 401, 82, 37, 4.16777802456636e-05
0, 105, 662, 211, 206, 4.0502702177036554e-05
0, 911, 17, 177, 34, 4.033183722640388e-05
0, 418, 367, 62, 68, 4.0243165130959824e-05
0, 292, 280, 69, 39, 3.924927659681998e-05
0, 137, 245, 39, 32, 3.8620608393102884e-05
0, 70, 14, 141, 28, 3.694235783768818e-05
0, 453, 414, 52, 47, 3.684219700517133e-05
0, 491, 586, 316, 241, 3.632004518294707e-05
0, 664, 451, 296, 361, 3.625063254730776e-05
0, 975, 26, 48, 52, 3.502605977701023e-05
0, 573, 637, 429, 211, 3.4801283618435264e-05
0, 447, 329, 109, 74, 3.476489655440673e-05
0, 967, 0, 65, 0, 3.461104279267602e-05
0, 983, 463, 33, 122, 3.396458487259224e-05
0, 310, 188, 211, 149, 3.345655932207592e-05
0, 784, 573, 431, 261, 3.322490374557674e-05
0, 226, 188, 60, 42, 3.303694393252954e-05
0, 985, 577, 29, 110, 3.208454290870577e-05
0, 36, 37, 72, 75, 3.159153493470512e-05
0, 982, 301, 35, 105, 3.126538285869174e-05
0, 988, 176, 22, 82, 3.1075349397724494e-05
0, 25, 683, 51, 103, 3.092036422458477e-05
0, 972, 17, 55, 34, 3.0248305847635493e-05
0, 975, 56, 49, 89, 2.9994289434398524e-05
0, 966, 127, 12, 11, 2.9523345801862888e-05
0, 538, 413, 190, 105, 2.8500515327323228e-05
0, 173, 176, 68, 65, 2.8103360818931833e-05
0, 842, 728, 15, 14, 2.7526526537258178e-05
0, 966, 11, 66, 23, 2.7267402401776053e-05
0, 994, 19, 10, 38, 2.70931122940965e-05
0, 769, 633, 14, 10, 2.6826422981685027e-05
0, 613, 557, 86, 79, 2.68140465777833e-05
0, 186, 68, 347, 136, 2.6599776902003214e-05
0, 397, 266, 162, 142, 2.6303654522052966e-05
0, 528, 12, 371, 25, 2.6250503651681356e-05
0, 46, 608, 90, 66, 2.5973822630476207e-05
0, 493, 368, 11, 8, 2.5965253371396102e-05
0, 574, 498, 191, 134, 2.5630666641518474e-05
0, 222, 617, 75, 82, 2.536119609430898e-05
0, 582, 547, 110, 74, 2.5179106160067022e-05
0, 282, 679, 96, 77, 2.5150378860416822e-05
0, 992, 476, 14, 84, 2.5003757400554605e-05
0, 101, 385, 201, 387, 2.4966158889583312e-05
0, 782, 487, 213, 219, 2.4883061996661127e-05
0, 954, 377, 90, 89, 2.4405702788499184e-05
0, 919, 81, 160, 163, 2.4163899070117623e-05
0, 987, 123, 25, 86, 2.410610431979876e-05
0, 977, 82, 21, 13, 2.3694277842878364e-05
0, 808, 660, 383, 229, 2.3645790861337446e-05
0, 976, 392, 47, 113, 2.3513388441642746e-05
0, 989, 424, 21, 86, 2.310428499185946e-05
0, 101, 159, 199, 318, 2.3051354219205678e-05
0, 646, 567, 77, 68, 2.303107248735614e-05
0, 988, 702, 22, 97, 2.297200080647599e-05
0, 947, 9, 91, 19, 2.288748510181904e-05
0, 118, 682, 236, 185, 2.2757138140150346e-05
0, 426, 161, 327, 323, 2.265748116769828e-05
0, 967, 173, 18, 17, 2.2419097149395384e-05
0, 510, 210, 347, 420, 2.2276861272985116e-05
0, 507, 381, 21, 15, 2.215725908172317e-05
0, 324, 304, 57, 66, 2.160778058168944e-05
0, 709, 628, 23, 14, 2.160617441404611e-05
0, 328, 619, 98, 88, 2.1356454453780316e-05
0, 578, 515, 78, 82, 2.1336851204978302e-05
0, 983, 632, 25, 20, 2.1187373931752518e-05
