0, 419, 307, 213, 223, 0.33851999044418335
0, 499, 339, 31, 38, 0.2679555118083954
0, 487, 861, 81, 95, 0.25959351658821106
0, 517, 562, 127, 311, 0.25549134612083435
0, 475, 338, 78, 44, 0.20892642438411713
0, 452, 368, 137, 113, 0.19613568484783173
0, 384, 1086, 33, 37, 0.14974413812160492
0, 512, 438, 52, 32, 0.1398780643939972
0, 451, 925, 49, 40, 0.1289231926202774
0, 504, 459, 85, 77, 0.11488286405801773
0, 493, 886, 57, 40, 0.11167633533477783
0, 528, 525, 24, 25, 0.09063012897968292
0, 505, 828, 24, 23, 0.08780946582555771
0, 519, 846, 18, 20, 0.07817386090755463
0, 528, 806, 22, 17, 0.076863132417202
0, 493, 829, 34, 25, 0.06603304296731949
0, 493, 833, 53, 33, 0.0653163269162178
0, 472, 389, 87, 71, 0.06223239377140999
0, 502, 783, 37, 33, 0.06107745319604874
0, 432, 1004, 29, 19, 0.05316917970776558
0, 507, 835, 34, 33, 0.04896866902709007
0, 400, 1134, 43, 23, 0.04521919786930084
0, 507, 481, 25, 32, 0.042963117361068726
0, 390, 1135, 26, 20, 0.03585714101791382
0, 456, 979, 79, 25, 0.034121762961149216
0, 456, 874, 20, 26, 0.03390692546963692
0, 470, 854, 27, 22, 0.03359789401292801
0, 513, 478, 45, 44, 0.03351033851504326
0, 414, 350, 111, 85, 0.03171048313379288
0, 432, 978, 32, 21, 0.031216256320476532
0, 531, 681, 65, 62, 0.030607031658291817
0, 345, 241, 36, 39, 0.030102070420980453
0, 490, 473, 53, 53, 0.028617847710847855
0, 254, 145, 27, 24, 0.02659948356449604
0, 359, 242, 67, 51, 0.024608658626675606
0, 532, 467, 26, 25, 0.023863868787884712
0, 377, 257, 29, 25, 0.022936098277568817
0, 254, 165, 31, 17, 0.02274051308631897
0, 464, 867, 34, 42, 0.022653954103589058
0, 454, 965, 80, 60, 0.022604050114750862
0, 529, 678, 87, 105, 0.022572556510567665
0, 330, 279, 29, 17, 0.022562501952052116
0, 454, 375, 59, 53, 0.021627966314554214
0, 454, 1044, 42, 21, 0.02134009264409542
0, 488, 404, 55, 38, 0.020741190761327744
0, 474, 465, 26, 27, 0.01984085701406002
0, 437, 1024, 21, 14, 0.019549135118722916
0, 454, 958, 29, 16, 0.019378725439310074
0, 553, 641, 31, 28, 0.017622442916035652
0, 426, 971, 27, 25, 0.01755329966545105
0, 353, 272, 81, 39, 0.017377495765686035
0, 504, 527, 69, 54, 0.016497518867254257
0, 382, 320, 42, 30, 0.01649496518075466
0, 443, 967, 61, 33, 0.01615094766020775
0, 465, 882, 41, 36, 0.015324209816753864
0, 455, 338, 51, 40, 0.015131503343582153
0, 414, 1135, 19, 24, 0.01471288688480854
0, 433, 365, 48, 48, 0.014693310484290123
0, 425, 999, 28, 17, 0.014194747433066368
0, 377, 300, 94, 48, 0.013611427508294582
0, 362, 300, 33, 15, 0.013442179188132286
0, 417, 1132, 64, 27, 0.013311161659657955
0, 235, 123, 16, 18, 0.01244950108230114
0, 458, 1012, 54, 20, 0.012191174551844597
0, 481, 898, 73, 56, 0.012139081954956055
0, 479, 453, 38, 43, 0.011937228962779045
0, 441, 335, 26, 27, 0.011842804029583931
0, 503, 515, 81, 95, 0.011338861659169197
0, 470, 1029, 42, 14, 0.011012598872184753
0, 405, 346, 76, 51, 0.010729006491601467
0, 479, 970, 62, 54, 0.010560554452240467
0, 467, 918, 111, 166, 0.010463885962963104
0, 467, 931, 90, 97, 0.009862462989985943
0, 442, 334, 85, 50, 0.009789379313588142
0, 369, 1162, 50, 54, 0.009257751516997814
0, 417, 356, 55, 36, 0.009242774918675423
0, 519, 639, 28, 29, 0.009160391055047512
0, 549, 735, 21, 20, 0.009106629528105259
0, 395, 269, 152, 123, 0.00908287800848484
0, 389, 327, 39, 33, 0.00881611555814743
0, 346, 211, 34, 29, 0.00860485527664423
0, 476, 436, 29, 27, 0.008422283455729485
0, 488, 503, 30, 28, 0.008255766704678535
0, 435, 350, 35, 24, 0.007753350306302309
0, 509, 790, 55, 44, 0.0076754167675971985
0, 525, 693, 44, 47, 0.007645917125046253
0, 397, 334, 35, 25, 0.00728637957945466
0, 522, 555, 23, 22, 0.007266663946211338
0, 533, 542, 51, 62, 0.00700133852660656
0, 522, 591, 52, 34, 0.006755875423550606
0, 450, 1010, 75, 41, 0.006741134915500879
0, 459, 1034, 65, 31, 0.006708563771098852
0, 525, 568, 58, 47, 0.006697344593703747
0, 535, 641, 64, 75, 0.006664592307060957
0, 522, 630, 39, 36, 0.006472274661064148
0, 442, 997, 57, 20, 0.006345764268189669
0, 377, 277, 24, 16, 0.005895449314266443
0, 354, 226, 54, 64, 0.005738340318202972
0, 510, 543, 41, 43, 0.005673984996974468
0, 538, 563, 57, 64, 0.005638252943754196
0, 252, 151, 39, 38, 0.0055538685992360115
0, 505, 588, 34, 27, 0.0055516124702990055
0, 415, 318, 22, 21, 0.005506348796188831
0, 521, 500, 49, 37, 0.0055059101432561874
0, 428, 1018, 37, 27, 0.00540970591828227
0, 385, 1074, 30, 31, 0.00507216714322567
0, 570, 686, 19, 22, 0.005029523279517889
0, 507, 654, 21, 22, 0.004995899740606546
0, 528, 447, 59, 62, 0.004901561886072159
0, 530, 594, 74, 99, 0.004744186531752348
0, 390, 1141, 71, 67, 0.004715391900390387
0, 383, 1100, 36, 31, 0.0047095236368477345
0, 509, 574, 59, 39, 0.004628133960068226
0, 553, 548, 21, 28, 0.0045092361979186535
0, 551, 725, 29, 39, 0.004425484221428633
0, 501, 821, 60, 102, 0.004326554946601391
0, 369, 1115, 22, 20, 0.004255299922078848
0, 413, 1121, 92, 52, 0.003912436775863171
0, 238, 147, 38, 20, 0.0037998505868017673
0, 371, 308, 56, 31, 0.0037934842985123396
0, 548, 465, 18, 26, 0.0037241510581225157
0, 514, 637, 35, 43, 0.003609525039792061
0, 403, 1155, 36, 29, 0.0034298240207135677
0, 417, 1090, 35, 31, 0.003395245410501957
0, 374, 1136, 46, 30, 0.0033148068469017744
0, 550, 708, 59, 55, 0.003139591310173273
0, 551, 541, 27, 37, 0.003122527850791812
0, 405, 1091, 67, 43, 0.0030076198745518923
0, 413, 293, 37, 31, 0.0029793651774525642
0, 523, 624, 72, 109, 0.002969105029478669
0, 561, 631, 26, 46, 0.0029513484332710505
0, 470, 1011, 52, 32, 0.002883268054574728
0, 393, 283, 60, 32, 0.002813017927110195
0, 544, 438, 24, 44, 0.0027001898270100355
0, 428, 288, 84, 53, 0.002621405990794301
0, 533, 618, 112, 186, 0.002530851401388645
0, 400, 1005, 13, 13, 0.0025221414398401976
0, 416, 1042, 14, 15, 0.0024475266691297293
0, 542, 717, 40, 41, 0.002441390883177519
0, 550, 662, 52, 81, 0.002379676327109337
0, 528, 710, 45, 35, 0.0023718804586678743
0, 483, 573, 20, 22, 0.0023047765716910362
0, 553, 647, 40, 48, 0.002101748250424862
0, 464, 300, 22, 15, 0.002095825970172882
0, 500, 414, 69, 43, 0.0020581490825861692
0, 433, 414, 256, 454, 0.002038251608610153
0, 576, 621, 32, 66, 0.0019116565817967057
0, 423, 1056, 92, 89, 0.0018929140642285347
0, 400, 1106, 61, 46, 0.0018456383841112256
0, 561, 719, 36, 34, 0.0018308163853362203
0, 417, 284, 42, 35, 0.0018098000437021255
0, 453, 903, 53, 69, 0.001751917996443808
0, 482, 493, 42, 60, 0.0017244279151782393
0, 385, 261, 49, 36, 0.001669138204306364
0, 420, 1101, 89, 51, 0.00162150664255023
0, 408, 1158, 25, 17, 0.0016084166709333658
0, 437, 1085, 36, 31, 0.0015658291522413492
0, 527, 429, 49, 35, 0.0015624044463038445
0, 584, 617, 22, 58, 0.0013842671178281307
0, 508, 486, 102, 126, 0.0012913794489577413
0, 491, 577, 28, 29, 0.0012778077507391572
0, 558, 551, 31, 41, 0.001275180373340845
0, 248, 133, 35, 36, 0.0012026625918224454
0, 491, 810, 48, 49, 0.0011971085332334042
0, 472, 846, 51, 58, 0.0010795837733894587
0, 535, 705, 103, 78, 0.0010142636019736528
0, 477, 812, 27, 34, 0.0009458267013542354
0, 554, 561, 41, 49, 0.0009222201770171523
0, 418, 980, 42, 35, 0.0008944625733420253
0, 404, 274, 76, 38, 0.0008901719702407718
0, 529, 476, 57, 61, 0.0008377921767532825
0, 346, 291, 58, 31, 0.0008352712611667812
0, 547, 525, 34, 41, 0.00079907983308658
0, 383, 332, 76, 64, 0.0007810117094777524
0, 486, 510, 47, 54, 0.0007363713230006397
0, 548, 426, 18, 29, 0.0006994474679231644
0, 571, 736, 19, 20, 0.0006923084147274494
0, 440, 933, 52, 59, 0.000651059381198138
0, 333, 200, 17, 22, 0.0006210434949025512
0, 319, 227, 16, 18, 0.0005902342963963747
0, 448, 1055, 85, 66, 0.0005887776496820152
0, 446, 1049, 139, 206, 0.0005803272943012416
0, 432, 1098, 133, 161, 0.0005723880603909492
0, 408, 995, 23, 16, 0.0005574734532274306
0, 500, 590, 49, 60, 0.0005522288265638053
0, 511, 216, 409, 433, 0.0005346846883185208
0, 544, 497, 27, 29, 0.000533684971742332
0, 456, 960, 128, 113, 0.0004913718439638615
0, 336, 240, 51, 57, 0.0004838815948460251
0, 459, 869, 59, 61, 0.0004694817471317947
0, 404, 1045, 32, 18, 0.00044017136679030955
0, 528, 724, 50, 38, 0.0004310955118853599
0, 456, 1045, 64, 39, 0.00041762954788282514
0, 432, 271, 23, 21, 0.0004139319935347885
0, 413, 1035, 126, 134, 0.0003664300311356783
0, 367, 242, 92, 87, 0.00036555968108586967
0, 553, 593, 43, 84, 0.0003480015730019659
0, 410, 1143, 68, 50, 0.0003461823216639459
0, 464, 1053, 48, 26, 0.0003429645439609885
0, 586, 695, 16, 26, 0.0003400164423510432
0, 519, 843, 38, 30, 0.0003267349675297737
0, 321, 191, 24, 18, 0.0003057171416003257
0, 419, 1065, 71, 37, 0.00029652848024852574
0, 9, 1228, 19, 252, 0.00028965281671844423
0, 269, 372, 535, 366, 0.00028808246133849025
0, 475, 424, 73, 86, 0.00027597995358519256
0, 470, 532, 13, 16, 0.00026986378361471
0, 492, 871, 103, 152, 0.00026669647195376456
0, 395, 270, 89, 72, 0.0002576735569164157
0, 490, 332, 79, 63, 0.0002489639155101031
0, 506, 416, 96, 104, 0.00023922271793708205
0, 376, 1185, 33, 29, 0.0002316190511919558
0, 471, 998, 69, 57, 0.00023001627414487302
0, 368, 1144, 45, 39, 0.0002179922885261476
0, 499, 368, 433, 511, 0.00020088462042622268
0, 499, 742, 17, 17, 0.0002000813838094473
0, 448, 466, 13, 19, 0.00018907182675320655
0, 530, 1144, 370, 390, 0.00018622771312948316
0, 13, 330, 26, 302, 0.00018322814139537513
0, 445, 1286, 540, 143, 0.00018216778698842973
0, 333, 265, 46, 47, 0.00017354033479932696
0, 28, 77, 57, 152, 0.0001725804468151182
0, 16, 113, 33, 226, 0.00016854230489116162
0, 504, 874, 76, 73, 0.00016745910397730768
0, 392, 1136, 251, 295, 0.00016727414913475513
0, 388, 1048, 15, 18, 0.00016484931984450668
0, 505, 355, 96, 81, 0.00016001488256733865
0, 487, 957, 85, 91, 0.00015896631521172822
0, 6, 1300, 13, 114, 0.00015612311835866421
0, 519, 802, 70, 54, 0.00015316667850129306
0, 516, 854, 51, 61, 0.000144512508995831
0, 275, 1288, 516, 139, 0.0001433560682926327
0, 321, 1056, 404, 323, 0.00014300151087809354
0, 421, 577, 342, 345, 0.000132745539303869
0, 440, 1097, 75, 72, 0.00013055051385890692
0, 226, 150, 27, 23, 0.00012268182763364166
0, 345, 226, 80, 93, 0.00011890549649251625
0, 408, 1172, 31, 29, 0.00011845361586892977
0, 469, 323, 101, 91, 0.00010889420809689909
0, 475, 418, 176, 189, 0.00010867502714972943
0, 337, 222, 59, 50, 0.00010756720439530909
0, 555, 535, 38, 65, 0.00010671014752006158
0, 498, 764, 30, 31, 0.00010146899148821831
0, 509, 718, 25, 20, 0.00010079787898575887
0, 365, 1116, 37, 25, 0.00010075809404952452
0, 492, 788, 57, 58, 0.00010038320760941133
0, 455, 459, 24, 29, 9.452272206544876e-05
0, 331, 229, 156, 109, 9.399088594364002e-05
0, 510, 648, 58, 84, 9.233938180841506e-05
0, 16, 218, 32, 312, 8.877005166141316e-05
0, 481, 569, 31, 29, 8.697433077031747e-05
0, 542, 746, 26, 25, 8.49149510031566e-05
0, 506, 352, 38, 60, 8.286425145342946e-05
0, 478, 553, 29, 24, 8.118883852148429e-05
0, 519, 771, 79, 64, 7.975807238835841e-05
0, 354, 983, 244, 171, 7.892310532042757e-05
0, 557, 541, 316, 469, 7.78331741457805e-05
0, 368, 1158, 90, 88, 7.616694347234443e-05
0, 426, 960, 79, 90, 7.396238652290776e-05
0, 142, 132, 285, 264, 7.377233851002529e-05
0, 14, 459, 28, 301, 7.315885159187019e-05
0, 562, 652, 64, 112, 7.172662299126387e-05
0, 239, 153, 54, 28, 7.162232213886455e-05
0, 559, 43, 312, 86, 6.976757140364498e-05
0, 414, 1017, 52, 41, 6.652669253526255e-05
0, 16, 557, 33, 321, 6.46804110147059e-05
0, 461, 1077, 32, 15, 6.463934550993145e-05
0, 377, 226, 169, 132, 6.393787771230564e-05
0, 134, 272, 269, 544, 6.375942029990256e-05
0, 498, 795, 78, 97, 6.374726217472926e-05
0, 409, 930, 127, 83, 6.255108746699989e-05
0, 246, 116, 493, 230, 6.189335545059294e-05
0, 563, 114, 305, 226, 6.006345574860461e-05
0, 466, 246, 296, 199, 5.916604641242884e-05
0, 472, 472, 58, 60, 5.809365393361077e-05
0, 356, 324, 115, 97, 5.7769422710407525e-05
0, 367, 1190, 45, 34, 5.7477198424749076e-05
0, 323, 1201, 440, 313, 5.705538933398202e-05
0, 375, 1079, 59, 65, 5.667136065312661e-05
0, 713, 39, 5, 78, 5.5541706387884915e-05
0, 351, 1130, 129, 126, 5.37363848707173e-05
0, 363, 1095, 87, 93, 5.26238109159749e-05
0, 559, 960, 312, 586, 5.257174780126661e-05
0, 422, 381, 83, 89, 5.137019979883917e-05
0, 252, 1113, 504, 489, 5.11528123752214e-05
0, 347, 290, 78, 62, 5.0707250920822844e-05
0, 229, 127, 35, 26, 4.87746401631739e-05
0, 329, 143, 229, 276, 4.859380715060979e-05
0, 11, 900, 23, 285, 4.831485421163961e-05
0, 507, 391, 68, 84, 4.673180228564888e-05
0, 356, 278, 109, 100, 4.6577912144130096e-05
0, 444, 893, 76, 117, 4.594607889885083e-05
0, 489, 571, 49, 49, 4.37543130828999e-05
0, 350, 360, 138, 82, 4.311449811211787e-05
0, 578, 815, 275, 505, 4.2860461689997464e-05
0, 500, 811, 114, 492, 4.0224287658929825e-05
0, 514, 672, 65, 69, 3.952225961256772e-05
0, 279, 1226, 96, 87, 3.9270802517421544e-05
0, 316, 310, 153, 104, 3.73787697753869e-05
0, 16, 1292, 32, 131, 3.643851960077882e-05
