0, 436, 397, 75, 72, 0.5703779458999634
0, 232, 302, 297, 210, 0.5554266571998596
0, 183, 266, 193, 141, 0.4219045341014862
0, 396, 348, 27, 50, 0.12945036590099335
0, 294, 333, 156, 143, 0.08262000232934952
0, 507, 667, 32, 61, 0.023876063525676727
0, 323, 365, 72, 70, 0.023237859830260277
0, 504, 684, 22, 27, 0.015662260353565216
0, 370, 755, 17, 13, 0.014165699481964111
0, 289, 269, 165, 148, 0.013237089850008488
0, 311, 307, 94, 44, 0.01195654645562172
0, 234, 255, 82, 75, 0.011252563446760178
0, 391, 331, 16, 18, 0.00646244827657938
0, 119, 242, 68, 55, 0.00602213479578495
0, 297, 350, 68, 47, 0.004655724391341209
0, 221, 255, 57, 51, 0.004322399385273457
0, 191, 245, 111, 85, 0.004176786169409752
0, 246, 264, 59, 49, 0.0036350227892398834
0, 429, 668, 14, 9, 0.0028507160022854805
0, 272, 346, 79, 38, 0.002770048566162586
0, 576, 519, 8, 13, 0.002739039482548833
0, 452, 405, 40, 36, 0.0022404652554541826
0, 306, 362, 30, 28, 0.0022305080201476812
0, 327, 323, 78, 71, 0.0021566019859164953
0, 163, 263, 63, 57, 0.0020755957812070847
0, 549, 687, 9, 17, 0.0020585947204381227
0, 207, 260, 24, 29, 0.002037131693214178
0, 257, 280, 96, 85, 0.0018304905388504267
0, 344, 356, 48, 55, 0.0016698908293619752
0, 224, 275, 67, 77, 0.0015789158642292023
0, 141, 257, 100, 67, 0.001303463359363377
0, 234, 296, 42, 30, 0.0012972683180123568
0, 500, 649, 20, 22, 0.0012833996443077922
0, 473, 607, 18, 17, 0.001104347174987197
0, 421, 419, 42, 61, 0.0010751576628535986
0, 281, 303, 91, 34, 0.0010272254003211856
0, 325, 379, 58, 46, 0.0010052482830360532
0, 788, 412, 13, 9, 0.0009910780936479568
0, 509, 465, 17, 11, 0.0009701350936666131
0, 116, 230, 54, 31, 0.0009402802679687738
0, 389, 432, 9, 16, 0.0009162246133200824
0, 200, 257, 41, 54, 0.0009074696572497487
0, 352, 345, 37, 50, 0.0009026754414662719
0, 309, 290, 116, 98, 0.0008893628255464137
0, 303, 318, 80, 22, 0.000871075491886586
0, 342, 336, 55, 58, 0.0008705564541742206
0, 171, 271, 36, 40, 0.0008542181458324194
0, 372, 422, 11, 18, 0.0008501888951286674
0, 256, 302, 90, 41, 0.0008395830518566072
0, 426, 370, 25, 21, 0.0007725860923528671
0, 415, 446, 20, 30, 0.0007591972826048732
0, 426, 667, 22, 12, 0.0007325298502109945
0, 270, 315, 113, 33, 0.0007317808922380209
0, 306, 363, 58, 54, 0.0007010847912169993
0, 227, 294, 25, 24, 0.000635376840364188
0, 420, 382, 42, 40, 0.0006061210297048092
0, 473, 614, 21, 31, 0.0006038644933141768
0, 259, 345, 50, 29, 0.0005767244147136807
0, 291, 291, 103, 52, 0.0005765040405094624
0, 411, 752, 20, 21, 0.0005659479647874832
0, 444, 385, 54, 51, 0.0005163552123121917
0, 490, 669, 8, 10, 0.0005071845953352749
0, 338, 382, 36, 35, 0.0004983812104910612
0, 399, 754, 16, 16, 0.0004830501857213676
0, 455, 394, 33, 23, 0.00046327587915584445
0, 364, 755, 31, 17, 0.00045023273560218513
0, 428, 417, 35, 29, 0.0004310128861106932
0, 138, 232, 33, 24, 0.00042851202306337655
0, 271, 307, 53, 26, 0.0003967725788243115
0, 405, 759, 13, 16, 0.00038280413718894124
0, 414, 395, 30, 21, 0.0003718002699315548
0, 107, 249, 38, 44, 0.000365753861842677
0, 420, 359, 74, 79, 0.00036073668161407113
0, 501, 412, 11, 18, 0.0003567381063476205
0, 436, 371, 21, 21, 0.00032544235000386834
0, 191, 260, 81, 68, 0.0003188161354046315
0, 358, 358, 26, 35, 0.0003065129858441651
0, 296, 339, 60, 28, 0.0003044707409571856
0, 396, 742, 22, 18, 0.0002812424791045487
0, 339, 317, 50, 51, 0.0002790225262288004
0, 422, 437, 37, 46, 0.00027122985920868814
0, 355, 332, 24, 41, 0.00025105749955400825
0, 614, 7, 11, 13, 0.00024594776914454997
0, 374, 736, 41, 25, 0.0002453921770211309
0, 411, 429, 36, 39, 0.00024451169883832335
0, 410, 746, 25, 21, 0.00024028522602748126
0, 499, 675, 27, 37, 0.0002333971788175404
0, 277, 341, 129, 83, 0.00022018166782800108
0, 377, 425, 19, 25, 0.00021784973796457052
0, 540, 460, 10, 11, 0.00021410321642179042
0, 422, 664, 28, 12, 0.00020086142467334867
0, 251, 317, 60, 22, 0.00018468679627403617
0, 350, 370, 46, 54, 0.0001797921140678227
0, 440, 889, 20, 13, 0.00017609749920666218
0, 415, 710, 26, 25, 0.00017304033099208027
0, 155, 221, 47, 34, 0.00016905623488128185
0, 479, 444, 12, 10, 0.00016793016402516514
0, 367, 727, 35, 20, 0.00015387783059850335
0, 441, 418, 83, 67, 0.00015342541155405343
0, 655, 615, 7, 6, 0.00014428846770897508
0, 661, 437, 119, 133, 0.00014335183368530124
0, 456, 695, 11, 9, 0.00014299387112259865
0, 614, 8, 20, 17, 0.00013053770817350596
0, 415, 756, 16, 18, 0.00012404921289999038
0, 670, 622, 8, 13, 0.00012282557145226747
0, 285, 247, 206, 287, 0.00012254480679985136
0, 42, 241, 13, 22, 0.00011824347893707454
0, 103, 256, 31, 26, 0.00011771506979130208
0, 293, 284, 38, 36, 0.00011731043923646212
0, 18, 43, 36, 84, 0.00011516222002683207
0, 9, 376, 19, 125, 0.00011339062621118501
0, 793, 387, 9, 9, 0.000111602850665804
0, 318, 881, 16, 17, 0.00010680319974198937
0, 252, 339, 41, 19, 0.000106615356344264
0, 163, 214, 35, 22, 0.00010623429261613637
0, 27, 28, 54, 57, 0.0001003478973871097
0, 184, 217, 75, 30, 9.90468033705838e-05
0, 398, 437, 28, 29, 9.183235670207068e-05
0, 390, 436, 14, 26, 9.10329181351699e-05
0, 421, 684, 14, 10, 8.668717055115849e-05
0, 405, 218, 470, 436, 8.360088395420462e-05
0, 10, 323, 20, 155, 8.229498780565336e-05
0, 375, 759, 38, 34, 8.143961167661473e-05
0, 360, 643, 75, 82, 8.12102880445309e-05
0, 764, 699, 12, 17, 7.963055395521224e-05
0, 502, 650, 52, 95, 7.573499897262082e-05
0, 426, 617, 223, 254, 7.465490489266813e-05
0, 370, 418, 15, 11, 7.461867789970711e-05
0, 410, 770, 42, 47, 7.428888784488663e-05
0, 373, 576, 86, 90, 7.016917516011745e-05
0, 696, 428, 113, 108, 6.853845115983859e-05
0, 198, 224, 63, 39, 6.823417061241344e-05
0, 376, 648, 346, 379, 6.615067104576156e-05
0, 238, 325, 185, 95, 6.551434489665553e-05
0, 10, 86, 21, 173, 6.36560216662474e-05
0, 9, 873, 18, 59, 6.312936602625996e-05
0, 10, 143, 20, 173, 6.172736902954057e-05
0, 506, 462, 18, 14, 6.01881074544508e-05
0, 97, 75, 195, 151, 5.661129762302153e-05
0, 310, 77, 331, 154, 5.618491195491515e-05
0, 90, 377, 180, 386, 5.6003627832978964e-05
0, 188, 287, 57, 68, 5.3899122576694936e-05
0, 574, 593, 12, 8, 5.375724140321836e-05
0, 345, 650, 52, 59, 5.119927300256677e-05
0, 324, 164, 260, 328, 4.9447629862697795e-05
0, 414, 667, 17, 13, 4.92633153044153e-05
0, 414, 683, 21, 23, 4.7638652176829055e-05
0, 700, 193, 303, 386, 4.756012276629917e-05
0, 508, 561, 350, 322, 4.687141699832864e-05
0, 816, 15, 70, 30, 4.5875982323195785e-05
0, 394, 764, 32, 34, 4.565353810903616e-05
0, 432, 819, 9, 9, 4.4515163608593866e-05
0, 713, 4, 15, 8, 4.3626940168906e-05
0, 373, 341, 46, 68, 4.2391246097395197e-05
0, 409, 340, 60, 57, 4.205222649034113e-05
0, 502, 681, 44, 104, 4.2048737668665126e-05
0, 528, 17, 14, 12, 4.2020918044727296e-05
0, 700, 23, 9, 10, 4.1627572500146925e-05
0, 423, 697, 14, 11, 4.119110235478729e-05
0, 484, 444, 18, 11, 4.072924639331177e-05
0, 353, 320, 74, 72, 4.069706119480543e-05
0, 219, 401, 333, 254, 3.9927985199028626e-05
0, 28, 161, 56, 206, 3.975382060161792e-05
0, 341, 309, 323, 216, 3.953673513024114e-05
0, 390, 683, 65, 47, 3.9516002289019525e-05
0, 434, 433, 63, 58, 3.913307955372147e-05
0, 837, 23, 29, 47, 3.873365858453326e-05
0, 389, 729, 87, 120, 3.871973240165971e-05
0, 80, 216, 161, 408, 3.857308911392465e-05
0, 211, 240, 62, 65, 3.835030292975716e-05
0, 242, 335, 39, 22, 3.7822319427505136e-05
0, 95, 258, 30, 20, 3.604916491894983e-05
0, 424, 787, 16, 16, 3.540429679560475e-05
0, 364, 420, 34, 23, 3.526358341332525e-05
0, 604, 307, 264, 409, 3.419353743083775e-05
0, 354, 412, 15, 8, 3.414762613829225e-05
0, 681, 370, 319, 439, 3.368906618561596e-05
0, 474, 683, 11, 16, 3.35052827722393e-05
0, 476, 625, 33, 56, 3.348905738675967e-05
0, 286, 284, 60, 73, 3.3404914574930444e-05
0, 644, 555, 8, 10, 3.3288204576820135e-05
0, 8, 828, 17, 136, 3.3056800020858645e-05
0, 9, 682, 18, 135, 3.259189907112159e-05
0, 234, 309, 45, 42, 3.2579220714978874e-05
0, 14, 434, 29, 155, 3.254009789088741e-05
0, 385, 434, 432, 294, 3.1992272852221504e-05
0, 363, 722, 27, 20, 3.15731595037505e-05
0, 370, 332, 28, 60, 3.1104882509680465e-05
0, 397, 400, 180, 127, 3.0987222999101505e-05
0, 385, 432, 31, 35, 3.0237286409828812e-05
0, 58, 48, 116, 97, 3.009930696862284e-05
0, 478, 441, 31, 21, 2.9916160201537423e-05
0, 35, 202, 60, 83, 2.9707543944823556e-05
0, 234, 322, 51, 52, 2.9375787562457845e-05
0, 644, 631, 14, 12, 2.9065278795314953e-05
0, 443, 700, 40, 22, 2.8580832804436795e-05
0, 489, 47, 58, 89, 2.7887910619028844e-05
0, 3, 874, 7, 56, 2.7431296985014342e-05
0, 139, 214, 66, 26, 2.738148396019824e-05
0, 588, 196, 320, 393, 2.7346568458597176e-05
0, 431, 696, 18, 15, 2.7196323571843095e-05
0, 110, 855, 220, 95, 2.6998790417565033e-05
0, 395, 52, 63, 94, 2.6942076146951877e-05
0, 127, 210, 57, 15, 2.6689853257266805e-05
0, 380, 727, 64, 25, 2.6641027943696827e-05
0, 17, 182, 35, 140, 2.6583824364934117e-05
0, 596, 21, 275, 43, 2.633040821820032e-05
0, 438, 73, 330, 147, 2.62300072790822e-05
0, 747, 434, 9, 8, 2.6128796889679506e-05
0, 390, 32, 289, 64, 2.5606141207390465e-05
0, 434, 683, 152, 90, 2.550653152866289e-05
0, 45, 883, 91, 39, 2.537268665037118e-05
0, 419, 6, 81, 12, 2.5255698346882127e-05
0, 771, 79, 160, 159, 2.5253317289752886e-05
0, 370, 423, 18, 25, 2.5167102648993023e-05
0, 355, 320, 159, 119, 2.5086948880925775e-05
0, 619, 7, 58, 14, 2.505378688510973e-05
0, 552, 60, 87, 89, 2.485768527549226e-05
0, 587, 28, 10, 10, 2.47551088250475e-05
0, 399, 713, 102, 46, 2.451935870340094e-05
0, 699, 393, 98, 117, 2.4240247512352653e-05
0, 355, 685, 12, 15, 2.415088238194585e-05
0, 598, 550, 24, 19, 2.3869637516327202e-05
0, 90, 513, 180, 386, 2.384199615335092e-05
0, 372, 666, 55, 36, 2.371939626755193e-05
0, 364, 739, 35, 32, 2.3096066797734238e-05
0, 350, 666, 60, 56, 2.306226087966934e-05
0, 665, 391, 121, 152, 2.2719776097801514e-05
0, 536, 682, 35, 33, 2.262796442664694e-05
0, 9, 772, 18, 134, 2.2584092221222818e-05
0, 430, 682, 18, 11, 2.2486115994979627e-05
0, 472, 353, 388, 435, 2.239022978756111e-05
0, 8, 725, 16, 137, 2.2267600797931664e-05
0, 524, 27, 17, 19, 2.180786214012187e-05
0, 96, 828, 192, 149, 2.179998227802571e-05
0, 434, 711, 60, 39, 2.17971555684926e-05
0, 5, 201, 10, 33, 2.1792373445350677e-05
0, 417, 14, 79, 27, 2.1650146663887426e-05
0, 534, 7, 73, 14, 2.1502452000277117e-05
0, 521, 399, 269, 167, 2.14999290619744e-05
0, 509, 6, 70, 12, 2.125478204106912e-05
0, 483, 645, 30, 21, 2.1244975869194604e-05
0, 849, 17, 5, 35, 2.1144156562513672e-05
0, 9, 632, 19, 134, 2.1075709810247645e-05
0, 486, 453, 30, 16, 2.035242687270511e-05
0, 408, 24, 74, 45, 2.008319461310748e-05
0, 565, 9, 85, 18, 2.0062041585333645e-05
0, 362, 350, 35, 62, 2.0014134861412458e-05
0, 574, 16, 31, 27, 1.9536129912012257e-05
0, 274, 833, 11, 10, 1.9275985323474742e-05
0, 448, 713, 40, 33, 1.9065901142312214e-05
0, 333, 675, 62, 72, 1.905859426187817e-05
0, 713, 818, 276, 169, 1.8876300600823015e-05
0, 86, 269, 39, 31, 1.886775135062635e-05
0, 725, 194, 12, 17, 1.871921085694339e-05
0, 208, 304, 35, 43, 1.8641734641278163e-05
0, 443, 388, 113, 102, 1.863739817054011e-05
0, 822, 9, 22, 18, 1.8562190234661102e-05
0, 654, 630, 29, 13, 1.8536167772253975e-05
0, 536, 853, 338, 98, 1.841015364334453e-05
0, 40, 89, 80, 178, 1.8409873518976383e-05
0, 452, 480, 12, 9, 1.838585376390256e-05
0, 336, 235, 213, 167, 1.8351327526033856e-05
0, 522, 667, 48, 64, 1.8253669622936286e-05
0, 107, 32, 215, 64, 1.7967302483157255e-05
0, 541, 504, 9, 8, 1.7940164980245754e-05
0, 16, 863, 33, 79, 1.7886044588522054e-05
0, 318, 726, 328, 352, 1.7846448827185668e-05
0, 348, 855, 12, 9, 1.7629554349696264e-05
0, 387, 424, 44, 37, 1.7506965377833694e-05
0, 499, 463, 36, 21, 1.740912011882756e-05
0, 539, 17, 50, 28, 1.736253034323454e-05
0, 215, 306, 33, 29, 1.7318128811893985e-05
0, 135, 205, 53, 30, 1.715177859296091e-05
0, 491, 26, 51, 48, 1.702205372566823e-05
0, 400, 325, 94, 104, 1.7003640095936134e-05
0, 467, 8, 84, 15, 1.696405524853617e-05
0, 14, 212, 22, 18, 1.6960302673396654e-05
0, 282, 366, 84, 73, 1.6772641174611636e-05
0, 13, 257, 27, 139, 1.666253956500441e-05
0, 631, 546, 14, 8, 1.6611404134891927e-05
0, 590, 17, 57, 33, 1.6466174201923423e-05
0, 653, 5, 83, 10, 1.6363295799237676e-05
0, 502, 697, 403, 411, 1.6254378351732157e-05
0, 699, 139, 11, 10, 1.6150512237800285e-05
0, 304, 841, 310, 123, 1.612198138900567e-05
0, 364, 714, 31, 28, 1.604028875590302e-05
0, 462, 584, 81, 85, 1.5950487068039365e-05
0, 597, 8, 54, 16, 1.5852614524192177e-05
0, 224, 855, 294, 94, 1.5671081200707704e-05
0, 390, 771, 57, 54, 1.5610850823577493e-05
0, 163, 223, 326, 447, 1.5571864423691295e-05
0, 327, 578, 100, 85, 1.551018067402765e-05
0, 207, 218, 180, 127, 1.549108128529042e-05
0, 585, 517, 288, 427, 1.5249100215442013e-05
0, 658, 637, 25, 11, 1.5245683243847452e-05
0, 468, 367, 179, 121, 1.5140638424782082e-05
0, 12, 204, 24, 37, 1.511726532044122e-05
0, 331, 665, 47, 45, 1.4831845874141436e-05
0, 3, 742, 7, 110, 1.4764572370040696e-05
