0, 413, 152, 97, 53, 0.6241586804389954
0, 416, 214, 49, 41, 0.2997932732105255
0, 229, 575, 32, 33, 0.23166711628437042
0, 348, 242, 128, 95, 0.20713146030902863
0, 530, 237, 51, 42, 0.16533567011356354
0, 129, 503, 58, 40, 0.15173833072185516
0, 501, 141, 22, 27, 0.08308969438076019
0, 112, 478, 18, 16, 0.08148611336946487
0, 283, 521, 42, 48, 0.07596384733915329
0, 159, 400, 49, 61, 0.07309813797473907
0, 273, 479, 61, 102, 0.05508378893136978
0, 627, 183, 37, 40, 0.04901638254523277
0, 145, 415, 79, 97, 0.046874869614839554
0, 192, 340, 32, 33, 0.04144810140132904
0, 382, 240, 51, 56, 0.04025401547551155
0, 446, 345, 43, 37, 0.03672343119978905
0, 573, 191, 25, 25, 0.027905263006687164
0, 258, 449, 19, 22, 0.024751443415880203
0, 290, 514, 26, 33, 0.02264508232474327
0, 224, 256, 28, 21, 0.022285932675004005
0, 126, 445, 33, 31, 0.020258968695998192
0, 623, 768, 11, 14, 0.017616169527173042
0, 276, 508, 55, 38, 0.015305456705391407
0, 221, 297, 25, 35, 0.014780746772885323
0, 183, 399, 26, 14, 0.014388798736035824
0, 319, 248, 69, 54, 0.012031330727040768
0, 366, 358, 13, 11, 0.011857075616717339
0, 280, 502, 49, 93, 0.010421115905046463
0, 191, 383, 21, 15, 0.009836221113801003
0, 412, 320, 10, 7, 0.009061380289494991
0, 222, 279, 15, 12, 0.008715301752090454
0, 399, 242, 18, 45, 0.008396386168897152
0, 270, 498, 27, 26, 0.008332066237926483
0, 145, 492, 22, 23, 0.008195002563297749
0, 186, 583, 17, 12, 0.007095457520335913
0, 273, 458, 52, 51, 0.006679157260805368
0, 254, 424, 14, 13, 0.006202353164553642
0, 593, 221, 38, 33, 0.005472133401781321
0, 203, 287, 12, 11, 0.005202833097428083
0, 458, 555, 15, 11, 0.005139942746609449
0, 441, 335, 32, 18, 0.005071907304227352
0, 538, 281, 18, 23, 0.0049302829429507256
0, 545, 275, 29, 24, 0.004856269806623459
0, 521, 186, 17, 12, 0.004848463926464319
0, 472, 319, 15, 9, 0.0039027950260788202
0, 536, 179, 47, 32, 0.0038452607113868
0, 271, 233, 16, 24, 0.003821265883743763
0, 269, 473, 35, 44, 0.0037888125516474247
0, 160, 444, 130, 186, 0.0036399327218532562
0, 158, 412, 40, 40, 0.0035637349355965853
0, 291, 465, 16, 24, 0.0035391519777476788
0, 258, 518, 15, 12, 0.003529307898133993
0, 240, 425, 36, 27, 0.003492184681817889
0, 264, 448, 34, 31, 0.003270898712798953
0, 139, 574, 13, 18, 0.003183374647051096
0, 550, 269, 19, 13, 0.0031134437303990126
0, 273, 339, 9, 9, 0.0031024639029055834
0, 277, 468, 17, 21, 0.0026743742637336254
0, 291, 219, 12, 16, 0.0026191154029220343
0, 124, 611, 20, 20, 0.002613196847960353
0, 268, 499, 33, 44, 0.002556364517658949
0, 229, 427, 18, 18, 0.002478007460013032
0, 533, 284, 35, 27, 0.002405627630650997
0, 181, 593, 35, 30, 0.0023994287475943565
0, 196, 601, 10, 21, 0.002360754180699587
0, 282, 531, 40, 20, 0.0023357614409178495
0, 118, 545, 13, 15, 0.0023296403232961893
0, 138, 427, 62, 52, 0.0023199839051812887
0, 549, 176, 24, 21, 0.0022075127344578505
0, 168, 383, 12, 18, 0.0021863458678126335
0, 148, 460, 18, 17, 0.0020073680207133293
0, 613, 159, 17, 13, 0.0019993761088699102
0, 392, 155, 49, 31, 0.0019966831896454096
0, 219, 594, 26, 31, 0.001919627538882196
0, 272, 442, 25, 35, 0.0019103513332083821
0, 203, 595, 47, 39, 0.001886130659841001
0, 156, 383, 177, 319, 0.0018818805692717433
0, 110, 493, 221, 366, 0.0018732919124886394
0, 454, 356, 22, 13, 0.0018557505682110786
0, 269, 238, 23, 33, 0.0018216115422546864
0, 529, 289, 22, 14, 0.0017849495634436607
0, 120, 509, 43, 24, 0.0017684216145426035
0, 262, 482, 21, 18, 0.0017151461215689778
0, 292, 457, 19, 20, 0.001662660506553948
0, 612, 177, 45, 33, 0.0016549951396882534
0, 333, 242, 40, 42, 0.0016396264545619488
0, 419, 146, 77, 32, 0.0015657858457416296
0, 248, 424, 29, 19, 0.0014106351882219315
0, 93, 369, 187, 407, 0.0014051093021407723
0, 248, 243, 14, 21, 0.0014001395320519805
0, 273, 320, 8, 10, 0.0013202154077589512
0, 308, 229, 37, 37, 0.001273264060728252
0, 194, 549, 14, 14, 0.0012280758237466216
0, 129, 458, 29, 18, 0.0012017132248729467
0, 452, 136, 28, 19, 0.0011275047436356544
0, 275, 496, 86, 165, 0.001111172721721232
0, 402, 226, 14, 20, 0.0010907618561759591
0, 442, 151, 27, 18, 0.0010798547882586718
0, 112, 581, 24, 38, 0.0010607929434627295
0, 239, 414, 15, 10, 0.0010541053488850594
0, 214, 584, 57, 53, 0.001045405282638967
0, 143, 426, 32, 31, 0.0010366080095991492
0, 98, 487, 15, 13, 0.0009927658829838037
0, 320, 228, 24, 23, 0.0009855100652202964
0, 164, 352, 18, 23, 0.0009642366203479469
0, 66, 620, 133, 314, 0.0009468559874221683
0, 432, 530, 19, 17, 0.0009320244425907731
0, 565, 192, 40, 33, 0.0009315601200796664
0, 453, 317, 14, 12, 0.0009312188485637307
0, 169, 621, 28, 19, 0.0009302101680077612
0, 134, 550, 8, 11, 0.0009223773959092796
0, 499, 402, 12, 9, 0.0009155426523648202
0, 519, 147, 9, 14, 0.0009142982889898121
0, 301, 241, 20, 12, 0.0008822645177133381
0, 516, 144, 16, 20, 0.0008806444238871336
0, 137, 426, 18, 22, 0.0008769746636971831
0, 128, 582, 39, 46, 0.0008392991148866713
0, 551, 186, 39, 40, 0.0008357652695849538
0, 599, 173, 19, 23, 0.0008291201665997505
0, 435, 148, 43, 28, 0.0008182649617083371
0, 187, 530, 10, 15, 0.0008135859970934689
0, 640, 755, 8, 10, 0.0007843635976314545
0, 377, 701, 8, 9, 0.0007715115789324045
0, 391, 145, 44, 23, 0.0007490850985050201
0, 502, 233, 30, 23, 0.0007490272982977331
0, 183, 342, 51, 43, 0.000749015889596194
0, 158, 600, 10, 14, 0.000735859910491854
0, 407, 230, 72, 75, 0.0007346743950620294
0, 601, 186, 79, 49, 0.0007250990020111203
0, 196, 471, 19, 15, 0.0007176614017225802
0, 220, 281, 25, 16, 0.0007057578768581152
0, 455, 764, 8, 7, 0.0006956924335099757
0, 678, 153, 169, 306, 0.0006917863502167165
0, 762, 206, 0, 89, 0.0006722301477566361
0, 262, 571, 16, 10, 0.0006698031793348491
0, 382, 172, 18, 14, 0.0006643922533839941
0, 322, 218, 20, 16, 0.0006553239654749632
0, 235, 248, 44, 36, 0.0006402016733773053
0, 200, 588, 97, 81, 0.0006337076774798334
0, 298, 234, 29, 34, 0.0006260047084651887
0, 341, 232, 67, 64, 0.0006169027765281498
0, 163, 381, 20, 20, 0.0006145205115899444
0, 148, 595, 13, 22, 0.0005951174534857273
0, 745, 206, 34, 106, 0.0005877745570614934
0, 616, 187, 28, 35, 0.0005796749610453844
0, 399, 162, 43, 31, 0.0005791089497506618
0, 185, 548, 32, 21, 0.0005789867136627436
0, 280, 545, 14, 13, 0.0005762763321399689
0, 442, 140, 35, 18, 0.0005694548017345369
0, 475, 773, 21, 8, 0.0005602494929917157
0, 373, 256, 36, 47, 0.0005425380659289658
0, 382, 766, 13, 15, 0.0005332057480700314
0, 225, 545, 22, 15, 0.0005321524222381413
0, 213, 603, 19, 17, 0.0005286312662065029
0, 178, 495, 10, 12, 0.0005262753693386912
0, 463, 317, 33, 13, 0.0005187403876334429
0, 527, 245, 41, 22, 0.000508299155626446
0, 131, 556, 13, 19, 0.0005059373797848821
0, 331, 436, 10, 9, 0.0005008149310015142
0, 423, 208, 37, 26, 0.0004903352819383144
0, 295, 221, 22, 26, 0.0004768380313180387
0, 277, 434, 13, 19, 0.0004662534920498729
0, 600, 183, 26, 37, 0.00045665790094062686
0, 613, 769, 33, 15, 0.0004443578945938498
0, 159, 596, 29, 27, 0.0004316238628234714
0, 167, 559, 13, 14, 0.00042785529512912035
0, 276, 541, 24, 21, 0.0004267870099283755
0, 525, 182, 25, 23, 0.00041690203943289816
0, 222, 567, 31, 22, 0.0004102603124920279
0, 179, 605, 47, 49, 0.0004019298648927361
0, 602, 217, 18, 21, 0.0003995953593403101
0, 181, 536, 145, 191, 0.00039818347431719303
0, 396, 412, 15, 13, 0.000384978688089177
0, 204, 321, 69, 73, 0.00038036322803236544
0, 284, 539, 28, 26, 0.0003754190693143755
0, 223, 523, 213, 240, 0.00036942248698323965
0, 467, 773, 20, 8, 0.00036860702675767243
0, 15, 680, 31, 194, 0.00036240913323126733
0, 293, 325, 11, 10, 0.0003605115052778274
0, 599, 197, 22, 15, 0.0003589362313505262
0, 372, 271, 29, 17, 0.0003572014393284917
0, 615, 772, 26, 9, 0.0003476257261354476
0, 162, 589, 66, 44, 0.0003383880539331585
0, 106, 571, 15, 16, 0.000330551149090752
0, 474, 251, 12, 10, 0.0003157880564685911
0, 204, 564, 10, 11, 0.0003060659219045192
0, 163, 328, 11, 11, 0.00030113584944047034
0, 188, 541, 19, 34, 0.00029236485715955496
0, 744, 28, 36, 57, 0.0002923305728472769
0, 535, 227, 36, 23, 0.0002880245156120509
0, 119, 601, 39, 40, 0.0002856551727745682
0, 259, 432, 28, 28, 0.0002816785709001124
0, 115, 467, 16, 16, 0.0002715051523409784
0, 763, 24, 0, 49, 0.00026948738377541304
0, 522, 547, 14, 8, 0.00026065472047775984
0, 131, 438, 34, 48, 0.00025735513190738857
0, 179, 554, 37, 21, 0.0002570096403360367
0, 14, 608, 29, 210, 0.00024660618510097265
0, 142, 487, 88, 75, 0.0002431978500680998
0, 363, 269, 45, 27, 0.00023919169325381517
0, 398, 413, 23, 22, 0.00023711519315838814
0, 205, 563, 17, 14, 0.00023689668159931898
0, 133, 564, 23, 29, 0.00023631282965652645
0, 448, 144, 36, 34, 0.0002341110521228984
0, 514, 239, 54, 33, 0.0002334922319278121
0, 710, 304, 58, 79, 0.00022781663574278355
0, 235, 570, 44, 48, 0.00022314215311780572
0, 251, 514, 29, 18, 0.00022093704319559038
0, 300, 245, 28, 20, 0.0002206202334491536
0, 274, 357, 14, 12, 0.00021881608699914068
0, 353, 250, 81, 65, 0.0002181604941142723
0, 222, 494, 17, 19, 0.0002137399569619447
0, 531, 276, 61, 43, 0.00021336143254302442
0, 208, 556, 48, 40, 0.00020795226737391204
0, 508, 174, 13, 14, 0.00020779072656296194
0, 396, 221, 22, 25, 0.0002075289812637493
0, 447, 354, 38, 22, 0.00020520853286143392
0, 66, 666, 17, 16, 0.00020496721845120192
0, 351, 758, 11, 18, 0.00020388388657011092
0, 533, 264, 33, 11, 0.00020261936879251152
0, 668, 336, 189, 344, 0.0001978585059987381
0, 345, 677, 10, 9, 0.00019162525131832808
0, 230, 551, 35, 30, 0.00018505168554838747
0, 324, 657, 14, 7, 0.00018499205179978162
0, 327, 215, 31, 23, 0.0001807276566978544
0, 636, 768, 38, 18, 0.00018062446906697005
0, 155, 384, 30, 28, 0.000179903072421439
0, 535, 253, 43, 24, 0.0001750949159031734
0, 762, 309, 0, 73, 0.00017321515770163387
0, 366, 386, 10, 7, 0.00017300865147262812
0, 187, 302, 12, 15, 0.00016794312978163362
0, 364, 232, 74, 75, 0.00016681605484336615
0, 127, 629, 19, 19, 0.00016670682816766202
0, 341, 665, 11, 10, 0.00016652919293846935
0, 461, 760, 14, 11, 0.0001656928943702951
0, 301, 346, 9, 8, 0.00016567535931244493
0, 49, 675, 98, 203, 0.0001638832618482411
0, 221, 454, 15, 21, 0.00016333475650753826
0, 242, 513, 14, 17, 0.00015878785052336752
0, 13, 529, 27, 214, 0.00015494173567276448
0, 261, 242, 57, 46, 0.00015352682385127991
0, 170, 358, 27, 14, 0.0001512680755695328
0, 664, 616, 11, 9, 0.00015061651356518269
0, 150, 457, 31, 24, 0.00014791869034525007
0, 110, 541, 14, 11, 0.00014538697723764926
0, 175, 403, 45, 26, 0.0001451940042898059
0, 676, 68, 173, 134, 0.00014465823187492788
0, 243, 439, 57, 50, 0.00014178671699482948
0, 428, 527, 13, 18, 0.00013804306217934936
0, 278, 242, 47, 49, 0.0001369342062389478
0, 291, 448, 17, 23, 0.00013547000708058476
0, 271, 535, 36, 29, 0.0001302580494666472
0, 469, 251, 21, 12, 0.0001278272975469008
0, 425, 188, 7, 5, 0.00011780893692048267
0, 150, 529, 9, 8, 0.00011774728773161769
0, 190, 331, 45, 59, 0.00011662492761388421
0, 386, 308, 8, 7, 0.00011398502829251811
0, 224, 439, 12, 12, 0.00011344977974658832
0, 152, 364, 12, 11, 0.00011339472985127941
0, 346, 666, 6, 10, 0.00011217386781936511
0, 174, 359, 57, 37, 0.00011127915058750659
0, 368, 723, 10, 8, 0.00010980114893754944
0, 56, 647, 10, 9, 0.00010951264994218946
0, 216, 453, 12, 12, 0.00010875774751184508
0, 338, 212, 28, 22, 0.00010782734170788899
0, 762, 174, 0, 89, 0.00010714911331888288
0, 390, 232, 31, 40, 0.00010608214506646618
0, 160, 606, 14, 27, 0.0001044857781380415
0, 645, 227, 235, 319, 0.00010338989523006603
0, 353, 438, 12, 9, 0.00010005074727814645
0, 147, 599, 35, 33, 9.999227768275887e-05
0, 263, 745, 7, 14, 9.987658995669335e-05
0, 231, 434, 29, 35, 9.949046943802387e-05
0, 15, 336, 30, 202, 9.934333502314985e-05
0, 405, 237, 27, 52, 9.916984708979726e-05
0, 463, 756, 10, 8, 9.879512072075158e-05
0, 129, 595, 259, 342, 9.810707706492394e-05
0, 497, 238, 117, 49, 9.555459109833464e-05
0, 745, 492, 35, 117, 9.538044105283916e-05
0, 411, 318, 14, 12, 9.532379044685513e-05
0, 762, 755, 1, 44, 9.527553629595786e-05
0, 702, 328, 58, 58, 9.522993786958978e-05
0, 705, 765, 6, 17, 9.436304389964789e-05
0, 587, 224, 144, 157, 9.349636820843443e-05
0, 762, 68, 1, 96, 9.325284918304533e-05
0, 167, 301, 161, 92, 9.217838669428602e-05
0, 134, 465, 33, 21, 9.202143701259047e-05
0, 421, 138, 48, 23, 9.10970993572846e-05
0, 431, 351, 71, 33, 9.007262997329235e-05
0, 323, 504, 203, 194, 8.971688657766208e-05
0, 743, 54, 39, 108, 8.944430010160431e-05
0, 735, 17, 54, 33, 8.841085218591616e-05
0, 417, 182, 106, 74, 8.729947148822248e-05
0, 519, 228, 56, 32, 8.499547402607277e-05
0, 625, 758, 16, 15, 8.494799840264022e-05
0, 600, 769, 51, 13, 8.484655700158328e-05
0, 743, 167, 39, 111, 8.44683381728828e-05
0, 399, 203, 25, 22, 8.411546878051013e-05
0, 227, 265, 34, 38, 8.189401705749333e-05
0, 214, 547, 25, 25, 8.106289169518277e-05
