0, 222, 191, 64, 41, 0.42398715019226074
0, 559, 140, 79, 48, 0.2343110889196396
0, 433, 186, 17, 32, 0.17298458516597748
0, 339, 205, 139, 85, 0.15196838974952698
0, 374, 191, 44, 39, 0.15018023550510406
0, 571, 130, 43, 23, 0.12467704713344574
0, 284, 227, 20, 14, 0.11280449479818344
0, 272, 168, 23, 36, 0.11076120287179947
0, 556, 150, 74, 25, 0.09703422337770462
0, 504, 170, 74, 57, 0.09260207414627075
0, 487, 181, 107, 83, 0.07980172336101532
0, 510, 182, 54, 31, 0.07742450386285782
0, 210, 198, 45, 26, 0.06674961745738983
0, 365, 196, 81, 53, 0.05947520211338997
0, 137, 187, 12, 14, 0.0541183203458786
0, 464, 175, 53, 60, 0.0532512292265892
0, 408, 211, 23, 22, 0.04186529293656349
0, 243, 183, 21, 23, 0.03923256695270538
0, 170, 203, 30, 33, 0.03834046423435211
0, 223, 222, 14, 12, 0.037930265069007874
0, 488, 151, 29, 18, 0.03791584074497223
0, 539, 150, 40, 22, 0.03452008590102196
0, 207, 198, 94, 52, 0.032954491674900055
0, 559, 168, 56, 17, 0.030743414536118507
0, 571, 149, 36, 20, 0.02971300110220909
0, 610, 136, 32, 20, 0.028744090348482132
0, 195, 215, 17, 19, 0.026448657736182213
0, 338, 197, 33, 38, 0.025248246267437935
0, 612, 154, 20, 11, 0.024750394746661186
0, 434, 226, 14, 16, 0.02454661950469017
0, 463, 163, 44, 35, 0.023483097553253174
0, 435, 175, 24, 53, 0.019259948283433914
0, 419, 193, 47, 53, 0.01897686906158924
0, 302, 196, 41, 31, 0.017926182597875595
0, 170, 211, 23, 18, 0.015288534574210644
0, 316, 195, 13, 29, 0.015050297603011131
0, 496, 185, 22, 23, 0.01484812144190073
0, 207, 212, 44, 29, 0.014743471518158913
0, 469, 174, 39, 38, 0.01402373518794775
0, 404, 164, 14, 10, 0.01334378682076931
0, 329, 238, 17, 14, 0.0132745997980237
0, 292, 199, 21, 20, 0.012757848016917706
0, 307, 210, 68, 65, 0.012543627060949802
0, 427, 196, 28, 36, 0.012444079853594303
0, 633, 175, 13, 6, 0.011893327347934246
0, 472, 191, 65, 66, 0.011511849239468575
0, 632, 144, 12, 12, 0.011170818470418453
0, 183, 214, 42, 22, 0.011150358244776726
0, 420, 208, 42, 34, 0.010662592016160488
0, 584, 143, 60, 31, 0.010346020571887493
0, 164, 189, 16, 17, 0.010336563922464848
0, 493, 178, 52, 34, 0.009657375514507294
0, 453, 156, 19, 18, 0.009468421339988708
0, 184, 205, 54, 41, 0.008408503606915474
0, 642, 148, 28, 15, 0.008311430923640728
0, 503, 187, 34, 29, 0.008055023849010468
0, 329, 200, 26, 42, 0.007989589124917984
0, 324, 208, 26, 33, 0.007954398170113564
0, 133, 186, 9, 11, 0.00791631918400526
0, 390, 183, 46, 29, 0.0077947028912603855
0, 476, 207, 34, 28, 0.007070691790431738
0, 323, 234, 27, 18, 0.007056731730699539
0, 544, 186, 9, 10, 0.006799646653234959
0, 260, 223, 9, 15, 0.006440228782594204
0, 203, 202, 64, 38, 0.0063407751731574535
0, 477, 199, 19, 12, 0.0061262063682079315
0, 165, 210, 25, 35, 0.0060999151319265366
0, 114, 183, 14, 6, 0.006003422196954489
0, 489, 209, 11, 13, 0.005376231390982866
0, 600, 137, 55, 28, 0.005368138663470745
0, 499, 189, 56, 46, 0.00512597756460309
0, 496, 155, 50, 33, 0.0051118447445333
0, 484, 190, 44, 37, 0.005037540104240179
0, 313, 232, 17, 14, 0.004785442259162664
0, 568, 162, 51, 27, 0.004666617140173912
0, 477, 169, 17, 13, 0.004460129886865616
0, 408, 183, 14, 13, 0.00407488364726305
0, 649, 148, 15, 12, 0.0039494712837040424
0, 161, 224, 19, 12, 0.0036008202005177736
0, 469, 199, 33, 20, 0.003479060484096408
0, 340, 187, 26, 24, 0.0029464666731655598
0, 552, 155, 152, 78, 0.002923018764704466
0, 255, 223, 13, 14, 0.0029043229296803474
0, 532, 164, 48, 25, 0.002889094641432166
0, 331, 217, 41, 52, 0.002851218916475773
0, 334, 203, 55, 55, 0.002838603686541319
0, 614, 148, 26, 16, 0.0027245718520134687
0, 469, 217, 14, 15, 0.0027040871791541576
0, 353, 197, 36, 28, 0.002635143231600523
0, 369, 153, 25, 23, 0.0025439357850700617
0, 356, 192, 57, 37, 0.0024854051880538464
0, 665, 158, 7, 9, 0.0024562026374042034
0, 722, 141, 179, 282, 0.0021851842757314444
0, 362, 162, 11, 16, 0.0020772486459463835
0, 348, 166, 10, 13, 0.002062128158286214
0, 133, 163, 7, 7, 0.0018974014092236757
0, 428, 227, 27, 17, 0.0018334515625610948
0, 242, 192, 22, 35, 0.0018260611686855555
0, 460, 193, 30, 27, 0.001790800946764648
0, 236, 220, 7, 9, 0.0017736396985128522
0, 672, 210, 15, 9, 0.0017732185078784823
0, 583, 156, 77, 41, 0.0017034958582371473
0, 660, 142, 7, 15, 0.0016529385466128588
0, 618, 140, 44, 29, 0.0014545164303854108
0, 310, 148, 12, 8, 0.00142904173117131
0, 352, 234, 18, 20, 0.0013339777942746878
0, 551, 172, 73, 35, 0.001318085938692093
0, 427, 185, 104, 72, 0.001195688615553081
0, 689, 204, 17, 12, 0.001146873226389289
0, 364, 158, 34, 28, 0.0011423598043620586
0, 287, 209, 27, 28, 0.0010735982796177268
0, 468, 210, 24, 29, 0.0010493336012586951
0, 662, 143, 8, 9, 0.001033336971886456
0, 525, 145, 13, 20, 0.001008038641884923
0, 689, 202, 14, 9, 0.0009765364229679108
0, 624, 142, 31, 17, 0.0009571188129484653
0, 533, 178, 206, 111, 0.0008593700476922095
0, 387, 173, 52, 27, 0.0008502520504407585
0, 95, 174, 8, 8, 0.0008388805435970426
0, 621, 150, 43, 23, 0.0007530230795964599
0, 200, 228, 19, 8, 0.0007145109702832997
0, 369, 183, 205, 125, 0.0006609908887185156
0, 760, 244, 102, 122, 0.0006583892973139882
0, 336, 234, 35, 25, 0.0006501788739115
0, 637, 141, 40, 25, 0.0005479188403114676
0, 560, 181, 46, 20, 0.0005006908322684467
0, 601, 178, 10, 9, 0.0004913969314657152
0, 205, 186, 30, 22, 0.000425496808020398
0, 598, 143, 110, 36, 0.0004046912945341319
0, 261, 170, 19, 34, 0.0004007252864539623
0, 400, 201, 45, 44, 0.00037655801861546934
0, 287, 225, 31, 20, 0.0003254801849834621
0, 345, 176, 44, 32, 0.0003143450594507158
0, 679, 214, 21, 10, 0.0003022699966095388
0, 808, 15, 6, 11, 0.0002932352654170245
0, 165, 180, 10, 7, 0.00028071875567547977
0, 211, 181, 18, 13, 0.0002525577729102224
0, 388, 231, 19, 9, 0.00023279889137484133
0, 461, 205, 39, 41, 0.00023171845532488078
0, 191, 189, 55, 30, 0.00022364783217199147
0, 740, 224, 38, 53, 0.0002016393409576267
0, 363, 174, 56, 68, 0.00020018556097056717
0, 696, 203, 13, 10, 0.00019904719374608248
0, 449, 170, 363, 129, 0.000193607818800956
0, 663, 199, 8, 11, 0.00018770736642181873
0, 231, 223, 29, 18, 0.00018607525271363556
0, 346, 168, 21, 19, 0.0001835241710068658
0, 613, 160, 20, 21, 0.0001717714185360819
0, 356, 212, 55, 22, 0.00017031028983183205
0, 775, 167, 72, 334, 0.00017028592992573977
0, 356, 227, 38, 30, 0.0001638527901377529
0, 653, 138, 10, 9, 0.00015800654364284128
0, 534, 187, 75, 28, 0.0001568776206113398
0, 669, 228, 11, 8, 0.00015228854317683727
0, 264, 222, 10, 15, 0.00014925816503819078
0, 500, 141, 11, 14, 0.00013987140846438706
0, 115, 181, 17, 10, 0.0001356372667942196
0, 787, 33, 49, 67, 0.0001236315438291058
0, 280, 208, 40, 53, 0.00012102701293770224
0, 808, 22, 6, 28, 0.00011952526983805001
0, 264, 175, 41, 67, 0.00011902234109584242
0, 315, 186, 16, 25, 0.00011686517245834693
0, 109, 180, 16, 11, 0.00011616112169576809
0, 571, 199, 11, 9, 0.00011350886052241549
0, 72, 341, 53, 46, 0.00010520491196075454
0, 115, 196, 13, 8, 0.00010511276195757091
0, 305, 231, 67, 28, 0.00010252915672026575
0, 113, 216, 10, 9, 9.523874905426055e-05
0, 277, 224, 34, 22, 9.471860539633781e-05
0, 783, 150, 55, 56, 9.444307943340391e-05
0, 801, 290, 20, 56, 8.957668615039438e-05
0, 252, 178, 23, 28, 8.357051410712302e-05
0, 789, 170, 45, 101, 7.249983900692314e-05
0, 560, 190, 39, 27, 7.124379044398665e-05
0, 174, 180, 15, 8, 6.710005254717544e-05
0, 793, 224, 37, 65, 6.657841731794178e-05
0, 805, 309, 11, 17, 6.587946700165048e-05
0, 412, 217, 40, 26, 6.468429637607187e-05
0, 796, 129, 31, 77, 6.460563599830493e-05
0, 807, 30, 9, 42, 6.447330815717578e-05
0, 795, 347, 33, 76, 6.389265763573349e-05
0, 804, 302, 14, 23, 6.32954397588037e-05
0, 440, 215, 34, 42, 6.134535215096548e-05
0, 441, 160, 28, 32, 6.0643367760349065e-05
0, 249, 208, 32, 48, 5.964137744740583e-05
0, 637, 132, 31, 14, 5.900680844206363e-05
0, 675, 213, 24, 14, 5.8785128203453496e-05
0, 438, 371, 10, 9, 5.826548294862732e-05
0, 289, 193, 54, 86, 5.780772335128859e-05
0, 111, 196, 16, 11, 5.710932964575477e-05
0, 808, 13, 7, 26, 5.70018746657297e-05
0, 800, 319, 22, 70, 5.5822656577220187e-05
0, 670, 238, 11, 9, 5.5112548579927534e-05
0, 746, 218, 24, 25, 5.4814419854665175e-05
0, 797, 198, 24, 20, 5.360484647098929e-05
0, 139, 197, 23, 30, 5.3179192036623135e-05
0, 545, 136, 38, 28, 5.142588270246051e-05
0, 434, 123, 339, 247, 5.0973416364286095e-05
0, 294, 191, 294, 100, 5.010700988350436e-05
0, 730, 67, 50, 54, 4.935797551297583e-05
0, 797, 216, 26, 26, 4.9213122110813856e-05
0, 36, 351, 63, 68, 4.849261313211173e-05
0, 416, 234, 48, 29, 4.7676690883236006e-05
0, 285, 231, 25, 40, 4.736016853712499e-05
0, 793, 282, 37, 86, 4.690553032560274e-05
0, 359, 234, 72, 38, 4.620606705429964e-05
0, 384, 234, 27, 12, 4.5155815314501524e-05
0, 513, 146, 28, 26, 4.4522083044284955e-05
0, 797, 327, 27, 26, 4.201021874905564e-05
0, 99, 174, 75, 34, 3.915092020179145e-05
0, 354, 141, 185, 230, 3.888350693159737e-05
0, 737, 75, 149, 150, 3.881337397615425e-05
0, 83, 249, 167, 273, 3.734164420166053e-05
0, 127, 252, 255, 190, 3.656459739431739e-05
0, 451, 211, 64, 46, 3.636593100964092e-05
0, 798, 107, 23, 16, 3.602771903388202e-05
0, 678, 225, 20, 10, 3.542841295711696e-05
0, 793, 254, 37, 70, 3.4967488318216056e-05
0, 127, 183, 16, 14, 3.470345109235495e-05
0, 88, 169, 177, 338, 3.398321496206336e-05
0, 800, 97, 20, 20, 3.321790063637309e-05
0, 329, 177, 48, 36, 3.308896702947095e-05
0, 186, 189, 170, 93, 3.292836481705308e-05
0, 797, 137, 26, 21, 3.2798026950331405e-05
0, 802, 122, 19, 44, 3.278113581473008e-05
0, 60, 346, 31, 46, 3.253944669268094e-05
0, 177, 73, 276, 147, 3.2523930713068694e-05
0, 95, 71, 190, 143, 3.2433865271741524e-05
0, 770, 146, 27, 44, 3.237209239159711e-05
0, 215, 156, 9, 8, 3.234801988583058e-05
0, 196, 136, 260, 272, 3.228690547985025e-05
0, 800, 196, 22, 41, 3.1194085750030354e-05
0, 382, 181, 93, 86, 3.096822911174968e-05
0, 401, 236, 61, 14, 3.051218118343968e-05
0, 797, 144, 28, 41, 3.0291663279058412e-05
0, 743, 209, 28, 32, 3.0249342671595514e-05
0, 770, 179, 19, 14, 2.986621984746307e-05
0, 680, 204, 34, 17, 2.9711933166254312e-05
0, 798, 181, 26, 78, 2.965079329442233e-05
0, 397, 68, 232, 136, 2.9638666092068888e-05
0, 212, 228, 50, 28, 2.94072106044041e-05
0, 439, 224, 63, 48, 2.9247930797282606e-05
0, 738, 22, 147, 45, 2.8907386877108365e-05
0, 308, 72, 291, 144, 2.8682788979494944e-05
0, 805, 107, 12, 16, 2.857669096556492e-05
0, 100, 322, 195, 126, 2.847125506377779e-05
0, 562, 130, 131, 81, 2.8349011699901894e-05
0, 377, 220, 130, 61, 2.8024356652167626e-05
0, 248, 231, 50, 35, 2.7593418053584173e-05
0, 80, 177, 47, 30, 2.7435957235866226e-05
0, 28, 13, 57, 26, 2.6901101591647603e-05
0, 533, 188, 89, 49, 2.686380139493849e-05
0, 651, 130, 10, 9, 2.678560122149065e-05
0, 608, 169, 30, 26, 2.670189678610768e-05
0, 731, 47, 50, 28, 2.6422219889354892e-05
0, 792, 323, 18, 17, 2.641818718984723e-05
0, 557, 129, 40, 32, 2.597352613520343e-05
0, 654, 151, 27, 28, 2.5955647288355976e-05
0, 688, 103, 16, 12, 2.5699760954012163e-05
0, 72, 181, 139, 125, 2.566615876276046e-05
0, 789, 16, 45, 33, 2.5096471290453337e-05
0, 409, 222, 69, 44, 2.4374719941988587e-05
0, 668, 158, 16, 15, 2.4276128897327e-05
0, 805, 39, 13, 45, 2.4246652174042538e-05
0, 805, 323, 13, 25, 2.4212593416450545e-05
0, 267, 231, 43, 32, 2.4048471459536813e-05
0, 749, 184, 125, 138, 2.3665890694246627e-05
0, 763, 324, 8, 17, 2.3584625523653813e-05
0, 800, 254, 22, 52, 2.339194543310441e-05
0, 619, 158, 51, 33, 2.312515971425455e-05
0, 430, 230, 25, 32, 2.305777343281079e-05
0, 705, 43, 51, 33, 2.2824253392172977e-05
0, 434, 370, 8, 8, 2.2730913769919425e-05
0, 296, 165, 15, 12, 2.26812426262768e-05
0, 776, 220, 34, 42, 2.226496690127533e-05
0, 739, 24, 42, 33, 2.1718886273447424e-05
0, 512, 361, 7, 5, 2.1469686544151045e-05
0, 805, 208, 12, 23, 2.135169052053243e-05
0, 801, 231, 21, 56, 2.116085852321703e-05
0, 654, 298, 79, 86, 2.0801449863938615e-05
0, 714, 295, 52, 40, 2.0732530174427666e-05
0, 778, 242, 66, 82, 2.07242883334402e-05
0, 623, 102, 377, 204, 2.0694149498012848e-05
0, 759, 218, 64, 59, 2.0518684323178604e-05
0, 741, 49, 33, 20, 2.0359397240099497e-05
0, 118, 349, 47, 61, 2.0252135072951205e-05
0, 663, 158, 12, 19, 2.0144269001320936e-05
0, 162, 184, 15, 16, 1.983323454624042e-05
0, 725, 169, 83, 75, 1.9801031157840043e-05
0, 78, 207, 88, 38, 1.926420554809738e-05
0, 657, 190, 308, 380, 1.9199022062821314e-05
0, 160, 232, 20, 20, 1.9033746866625734e-05
0, 201, 267, 139, 203, 1.9002009139512666e-05
0, 799, 338, 24, 50, 1.890601015475113e-05
0, 153, 334, 307, 102, 1.8753176846075803e-05
0, 801, 272, 20, 53, 1.855463233368937e-05
0, 479, 371, 9, 9, 1.8139555322704837e-05
0, 101, 236, 190, 86, 1.7897837096825242e-05
0, 769, 103, 14, 12, 1.7611842849873938e-05
0, 786, 190, 8, 8, 1.7303453205386177e-05
