0, 149, 325, 83, 36, 0.6117029786109924
0, 246, 693, 72, 155, 0.5502665638923645
0, 121, 286, 52, 41, 0.19568368792533875
0, 184, 435, 29, 30, 0.11031050980091095
0, 244, 684, 63, 69, 0.0948372632265091
0, 123, 353, 32, 13, 0.06753809750080109
0, 247, 633, 36, 30, 0.05018806830048561
0, 204, 522, 17, 16, 0.048306599259376526
0, 119, 261, 63, 93, 0.041027721017599106
0, 249, 737, 40, 41, 0.027867678552865982
0, 278, 334, 25, 16, 0.020755162462592125
0, 198, 472, 21, 11, 0.02023763209581375
0, 236, 599, 20, 15, 0.01789289526641369
0, 296, 321, 24, 17, 0.014624064788222313
0, 244, 667, 56, 37, 0.013747536577284336
0, 295, 320, 53, 36, 0.012894324958324432
0, 243, 653, 56, 76, 0.012893487699329853
0, 220, 451, 16, 19, 0.012850825674831867
0, 287, 329, 45, 23, 0.011191959492862225
0, 183, 467, 16, 16, 0.010660786181688309
0, 211, 621, 10, 22, 0.009773265570402145
0, 220, 562, 18, 19, 0.009288758970797062
0, 252, 756, 25, 29, 0.008190710097551346
0, 170, 395, 14, 9, 0.00773190800100565
0, 225, 476, 17, 19, 0.006088586989790201
0, 138, 296, 22, 20, 0.005775061435997486
0, 132, 326, 44, 29, 0.005703389178961515
0, 50, 166, 25, 18, 0.005204230546951294
0, 189, 452, 41, 52, 0.005168322008103132
0, 238, 725, 24, 20, 0.005118046887218952
0, 228, 663, 25, 24, 0.004858221858739853
0, 333, 391, 21, 10, 0.004516886081546545
0, 215, 569, 27, 30, 0.0044487700797617435
0, 238, 636, 46, 44, 0.004300576169043779
0, 202, 585, 16, 13, 0.004128361586481333
0, 447, 507, 24, 12, 0.004009626805782318
0, 206, 580, 13, 13, 0.003986039198935032
0, 259, 666, 29, 26, 0.0038107000291347504
0, 303, 316, 38, 25, 0.0033746440894901752
0, 352, 419, 17, 13, 0.003220614744350314
0, 424, 519, 16, 12, 0.003135636216029525
0, 334, 343, 23, 13, 0.003122792113572359
0, 475, 689, 20, 12, 0.0029661240987479687
0, 232, 651, 32, 25, 0.002806595526635647
0, 356, 396, 10, 15, 0.002373151248320937
0, 422, 536, 14, 10, 0.0022036582231521606
0, 106, 237, 30, 37, 0.0021470319479703903
0, 129, 293, 41, 30, 0.0021059587597846985
0, 258, 568, 11, 16, 0.00208904966711998
0, 259, 572, 10, 13, 0.0018782707629725337
0, 108, 278, 27, 32, 0.0018298745853826404
0, 215, 560, 24, 26, 0.001796014024876058
0, 226, 689, 21, 23, 0.0017416434129700065
0, 334, 328, 22, 19, 0.001694215228781104
0, 286, 360, 18, 14, 0.0016502141952514648
0, 279, 340, 29, 16, 0.001597041729837656
0, 207, 574, 30, 28, 0.0015954662812873721
0, 207, 406, 12, 13, 0.0015883672749623656
0, 245, 737, 64, 66, 0.001555051770992577
0, 373, 423, 15, 10, 0.0014438775833696127
0, 283, 339, 46, 24, 0.00143463967833668
0, 259, 613, 21, 15, 0.0014073684578761458
0, 137, 296, 89, 76, 0.0013941387878730893
0, 194, 468, 38, 25, 0.001391034689731896
0, 158, 457, 12, 17, 0.0013887534150853753
0, 207, 518, 29, 26, 0.0013357722200453281
0, 223, 483, 17, 24, 0.0012871086364611983
0, 410, 573, 12, 8, 0.0012201849604025483
0, 271, 321, 17, 11, 0.001220042584463954
0, 233, 700, 37, 35, 0.00110914115794003
0, 212, 456, 26, 27, 0.0010353245306760073
0, 173, 442, 54, 50, 0.0009518606238998473
0, 293, 332, 69, 52, 0.0009480742155574262
0, 105, 249, 40, 64, 0.0008393855532631278
0, 409, 790, 21, 17, 0.0008267718949355185
0, 266, 314, 23, 21, 0.0008216445567086339
0, 214, 617, 13, 23, 0.0007977000786922872
0, 260, 603, 20, 15, 0.000771787716075778
0, 242, 527, 9, 19, 0.0007149632438085973
0, 255, 338, 17, 13, 0.000639977166429162
0, 248, 715, 55, 60, 0.0006067808135412633
0, 268, 601, 8, 8, 0.0005957272369414568
0, 155, 432, 34, 28, 0.0005919841933064163
0, 236, 722, 39, 31, 0.0005914391367696226
0, 245, 626, 49, 38, 0.0005512953503057361
0, 242, 575, 12, 14, 0.0005279713659547269
0, 295, 359, 35, 18, 0.0005131590878590941
0, 272, 354, 17, 13, 0.0005034879432059824
0, 224, 580, 37, 43, 0.00047575138160027564
0, 362, 421, 38, 15, 0.0004712797235697508
0, 412, 786, 30, 19, 0.00046204167301766574
0, 141, 428, 19, 21, 0.0004582189430948347
0, 314, 331, 83, 37, 0.00043571816058829427
0, 435, 682, 24, 11, 0.0004188867169432342
0, 264, 704, 22, 20, 0.00041173992212861776
0, 418, 536, 24, 14, 0.0004108175926376134
0, 224, 603, 33, 25, 0.00038786823279224336
0, 226, 558, 14, 22, 0.0003847259213216603
0, 208, 481, 37, 28, 0.00037962713395245373
0, 231, 615, 32, 32, 0.0003656100598163903
0, 343, 341, 33, 16, 0.0003633906599134207
0, 181, 345, 21, 13, 0.00034317089011892676
0, 64, 156, 14, 12, 0.0003283487749285996
0, 219, 420, 7, 9, 0.00030517196864821017
0, 402, 787, 34, 23, 0.00030444550793617964
0, 188, 342, 21, 14, 0.0003014647518284619
0, 443, 503, 32, 14, 0.0003009848587680608
0, 291, 365, 21, 16, 0.0002862047404050827
0, 201, 533, 20, 28, 0.0002856556966435164
0, 390, 781, 11, 9, 0.0002828907163348049
0, 261, 311, 19, 18, 0.0002765734388958663
0, 150, 384, 14, 11, 0.0002731543791014701
0, 93, 248, 25, 42, 0.0002693419810384512
0, 139, 270, 108, 115, 0.0002690173569135368
0, 208, 551, 32, 20, 0.00026818327023647726
0, 215, 681, 132, 184, 0.0002610832452774048
0, 312, 323, 61, 36, 0.0002604142646305263
0, 154, 384, 13, 10, 0.0002588979550637305
0, 89, 138, 19, 11, 0.00023733255511615425
0, 245, 564, 17, 18, 0.0002369373250985518
0, 299, 369, 26, 16, 0.0002154843823518604
0, 147, 303, 53, 23, 0.00021449879568535835
0, 191, 757, 102, 62, 0.00020510856120381504
0, 309, 362, 48, 17, 0.00019650108879432082
0, 421, 522, 21, 17, 0.0001921904768096283
0, 206, 536, 18, 23, 0.00019016419537365437
0, 321, 368, 22, 17, 0.00018117848958354443
0, 669, 135, 3, 84, 0.00017591238429304212
0, 185, 379, 9, 9, 0.00016916361346375197
0, 242, 506, 8, 19, 0.00016898113244678825
0, 340, 397, 34, 25, 0.00016864261124283075
0, 669, 21, 3, 43, 0.000162182142958045
0, 160, 391, 22, 15, 0.0001574380585225299
0, 172, 301, 19, 13, 0.00014785256644245237
0, 186, 335, 25, 21, 0.00014503762940876186
0, 150, 389, 15, 14, 0.0001438130857422948
0, 338, 333, 40, 43, 0.00014145653403829783
0, 153, 337, 69, 29, 0.00014030528836883605
0, 202, 406, 15, 18, 0.000139561525429599
0, 169, 627, 222, 308, 0.00013569147267844528
0, 208, 607, 15, 25, 0.0001252588990610093
0, 208, 543, 36, 60, 0.00011743634968297556
0, 218, 686, 37, 33, 0.00011562039435375482
0, 461, 772, 419, 397, 0.00011474371422082186
0, 133, 309, 46, 11, 0.00011383491073502228
0, 431, 509, 52, 30, 0.00011279846512479708
0, 259, 726, 56, 60, 0.00011137725232401863
0, 225, 673, 49, 40, 0.00011020930833183229
0, 150, 442, 32, 47, 0.00010924044181592762
0, 213, 573, 42, 53, 0.00010244081204291433
0, 246, 318, 16, 16, 0.00010179617675021291
0, 669, 43, 3, 85, 0.00010026401287177578
0, 98, 266, 34, 43, 9.769359894562513e-05
0, 223, 462, 24, 40, 9.648587729316205e-05
0, 193, 734, 95, 62, 9.462868183618411e-05
0, 210, 418, 18, 14, 9.336219227407128e-05
0, 226, 702, 51, 57, 9.282839891966432e-05
0, 213, 537, 26, 28, 9.204688831232488e-05
0, 168, 453, 109, 88, 8.975555829238147e-05
0, 648, 26, 45, 53, 8.883577538654208e-05
0, 309, 363, 75, 42, 8.822262316243723e-05
0, 119, 313, 49, 51, 8.560096466680989e-05
0, 314, 376, 34, 20, 8.291547419503331e-05
0, 247, 581, 35, 32, 8.125056774588302e-05
0, 200, 680, 69, 62, 8.000556408660486e-05
0, 644, 63, 52, 126, 7.75899607106112e-05
0, 431, 788, 15, 14, 7.682829163968563e-05
0, 136, 279, 28, 26, 7.650741463294253e-05
0, 185, 776, 67, 34, 7.592191832372919e-05
0, 164, 317, 132, 62, 7.571152673335746e-05
0, 219, 743, 88, 59, 7.455750892404467e-05
0, 284, 360, 41, 31, 7.378746522590518e-05
0, 306, 373, 39, 27, 7.375067070825025e-05
0, 159, 318, 57, 32, 7.283168815774843e-05
0, 144, 730, 289, 255, 7.061226642690599e-05
0, 216, 323, 240, 94, 7.06053979229182e-05
0, 501, 540, 12, 11, 6.9523295678664e-05
0, 423, 435, 14, 11, 6.848423072369769e-05
0, 420, 788, 37, 15, 6.76929994369857e-05
0, 167, 377, 48, 17, 6.673167081316933e-05
0, 254, 560, 16, 22, 6.668516289209947e-05
0, 328, 360, 19, 10, 6.612297875108197e-05
0, 325, 367, 17, 12, 6.582364585483447e-05
0, 441, 513, 39, 24, 6.529866368509829e-05
0, 243, 557, 18, 18, 6.509268860099837e-05
0, 270, 347, 43, 34, 6.494623812614009e-05
0, 141, 346, 78, 30, 6.424126331694424e-05
0, 169, 386, 16, 17, 6.347205635393038e-05
0, 330, 390, 31, 15, 6.177819159347564e-05
0, 129, 364, 63, 40, 6.0555004893103614e-05
0, 185, 908, 371, 124, 5.993700688122772e-05
0, 195, 428, 47, 31, 5.9870737459277734e-05
0, 372, 405, 57, 32, 5.904806675971486e-05
0, 225, 730, 71, 49, 5.8267643908038735e-05
0, 350, 394, 45, 30, 5.6863969803089276e-05
0, 381, 790, 92, 36, 5.662069088430144e-05
0, 203, 623, 17, 20, 5.593978858087212e-05
0, 237, 568, 42, 36, 5.5117125157266855e-05
0, 264, 699, 36, 33, 5.4217965953284875e-05
0, 313, 378, 16, 15, 5.3710660722572356e-05
0, 453, 477, 435, 511, 5.141107249073684e-05
0, 199, 711, 92, 67, 5.0481787184253335e-05
0, 92, 223, 14, 15, 4.88262485305313e-05
0, 241, 515, 10, 34, 4.870417978963815e-05
0, 355, 411, 42, 41, 4.778876245836727e-05
0, 233, 284, 292, 137, 4.720821016235277e-05
0, 262, 577, 13, 14, 4.7164110583253205e-05
0, 391, 380, 18, 13, 4.692624497693032e-05
0, 350, 909, 383, 122, 4.6580440539401025e-05
0, 182, 399, 29, 14, 4.625592919182964e-05
0, 180, 444, 172, 154, 4.609859024640173e-05
0, 328, 789, 338, 362, 4.545279807643965e-05
0, 283, 504, 402, 487, 4.531987724476494e-05
0, 14, 931, 28, 79, 4.52732274425216e-05
0, 362, 403, 24, 24, 4.50910119980108e-05
0, 402, 347, 25, 18, 4.480331335798837e-05
0, 487, 538, 11, 12, 4.441157580004074e-05
0, 473, 899, 395, 143, 4.357434227131307e-05
0, 188, 426, 45, 52, 4.353911936050281e-05
0, 182, 786, 57, 33, 4.30679829150904e-05
0, 198, 595, 21, 24, 4.267464828444645e-05
0, 208, 788, 416, 365, 4.2583098547765985e-05
0, 30, 30, 60, 60, 4.2473267967579886e-05
0, 236, 506, 14, 26, 4.2235609726049006e-05
0, 260, 748, 52, 49, 4.173011620878242e-05
0, 216, 494, 34, 25, 4.1712410165928304e-05
0, 146, 190, 20, 8, 4.089227513759397e-05
0, 278, 334, 107, 71, 3.948880475945771e-05
0, 224, 642, 45, 40, 3.8833073631394655e-05
0, 124, 241, 23, 26, 3.873982495861128e-05
0, 354, 590, 328, 360, 3.859814387396909e-05
0, 130, 555, 242, 331, 3.8462745578726754e-05
0, 668, 177, 4, 92, 3.814997398876585e-05
0, 246, 613, 126, 348, 3.7756948586320505e-05
0, 103, 97, 206, 194, 3.732391633093357e-05
0, 119, 349, 51, 28, 3.632752486737445e-05
0, 256, 338, 29, 20, 3.6286914109950885e-05
0, 668, 839, 4, 97, 3.553865826688707e-05
0, 306, 315, 120, 61, 3.5276298149256036e-05
0, 106, 275, 49, 57, 3.5180179111193866e-05
0, 139, 381, 17, 13, 3.487463982310146e-05
0, 266, 762, 185, 322, 3.441110675339587e-05
0, 410, 776, 16, 14, 3.436267070355825e-05
0, 220, 773, 76, 46, 3.423536691116169e-05
0, 292, 856, 17, 22, 3.4014177799690515e-05
0, 381, 689, 16, 9, 3.360970731591806e-05
0, 496, 95, 242, 190, 3.3222208003280684e-05
0, 219, 437, 29, 45, 3.295912392786704e-05
0, 236, 595, 48, 48, 3.2667794584995136e-05
0, 668, 776, 4, 85, 3.248905704822391e-05
0, 668, 583, 4, 92, 3.2165757147595286e-05
0, 437, 560, 15, 10, 3.210541763110086e-05
0, 172, 351, 38, 18, 3.177687176503241e-05
0, 214, 522, 45, 33, 3.147725874441676e-05
0, 668, 315, 4, 96, 3.101530819549225e-05
0, 258, 673, 51, 50, 3.085808930336498e-05
0, 384, 534, 103, 56, 3.023564386239741e-05
0, 291, 844, 18, 10, 3.0191271434887312e-05
0, 201, 504, 32, 32, 2.9985994842718355e-05
0, 353, 355, 14, 10, 2.9781376724713482e-05
0, 135, 391, 11, 12, 2.976715040858835e-05
0, 637, 31, 67, 63, 2.969187880808022e-05
0, 148, 355, 78, 56, 2.9299746529432014e-05
0, 413, 777, 55, 35, 2.9106831789249554e-05
0, 472, 550, 10, 8, 2.9051174351479858e-05
0, 374, 411, 21, 18, 2.8925171136506833e-05
0, 208, 788, 59, 36, 2.833925282175187e-05
0, 322, 384, 49, 33, 2.8182910682517104e-05
0, 100, 873, 201, 194, 2.809818761306815e-05
0, 462, 157, 148, 84, 2.7614976715995e-05
0, 198, 520, 33, 30, 2.7522406526259147e-05
0, 384, 348, 291, 480, 2.735209636739455e-05
0, 12, 87, 24, 175, 2.7339030566508882e-05
0, 97, 406, 195, 440, 2.7246216632192954e-05
0, 157, 274, 19, 13, 2.635128294059541e-05
0, 123, 359, 36, 28, 2.6040639568236656e-05
0, 346, 339, 65, 57, 2.5757766707101837e-05
0, 561, 879, 219, 181, 2.5626244678278454e-05
0, 482, 689, 32, 18, 2.4337254217243753e-05
0, 196, 584, 29, 21, 2.4144916096702218e-05
0, 668, 705, 4, 92, 2.395010415057186e-05
0, 13, 448, 26, 117, 2.3887307179393247e-05
0, 668, 247, 4, 106, 2.3745060389046557e-05
0, 274, 684, 83, 69, 2.3467824576073326e-05
0, 231, 480, 29, 26, 2.306426176801324e-05
0, 668, 379, 4, 105, 2.30312052735826e-05
0, 158, 477, 136, 321, 2.2938398615224287e-05
0, 597, 7, 71, 13, 2.272148776683025e-05
0, 235, 517, 18, 41, 2.2472504497272894e-05
0, 645, 252, 51, 123, 2.242923255835194e-05
0, 119, 455, 105, 67, 2.2378939320333302e-05
0, 253, 316, 27, 21, 2.19132452912163e-05
0, 646, 319, 49, 118, 2.1635783923557028e-05
0, 94, 212, 188, 424, 2.133054476871621e-05
0, 226, 215, 324, 431, 2.1283809473970905e-05
0, 668, 209, 4, 100, 2.1282814486767165e-05
0, 368, 823, 163, 102, 2.106048123096116e-05
0, 89, 301, 178, 187, 2.1010308046243154e-05
0, 454, 685, 58, 21, 2.064384716504719e-05
0, 69, 483, 138, 71, 2.0123665308346972e-05
