0, 429, 357, 99, 125, 0.436177521944046
0, 310, 967, 120, 272, 0.3559649884700775
0, 410, 525, 79, 92, 0.12482521682977676
0, 316, 778, 29, 33, 0.12042143195867538
0, 305, 850, 39, 60, 0.12040282040834427
0, 377, 636, 29, 31, 0.08519818633794785
0, 331, 775, 45, 29, 0.06766033917665482
0, 317, 955, 97, 93, 0.06383907049894333
0, 374, 761, 17, 24, 0.0613829530775547
0, 319, 895, 45, 36, 0.06102609634399414
0, 304, 899, 44, 41, 0.05831985920667648
0, 393, 500, 38, 37, 0.054314203560352325
0, 407, 503, 66, 47, 0.05172735080122948
0, 325, 894, 31, 26, 0.048718079924583435
0, 303, 870, 58, 93, 0.04273904860019684
0, 421, 501, 40, 38, 0.0421929657459259
0, 359, 660, 71, 65, 0.04030550643801689
0, 290, 910, 38, 34, 0.03833892568945885
0, 389, 605, 22, 33, 0.03718895465135574
0, 426, 449, 87, 60, 0.03174186497926712
0, 312, 974, 47, 51, 0.03154262900352478
0, 340, 723, 20, 22, 0.030581384897232056
0, 456, 460, 36, 60, 0.029840901494026184
0, 428, 549, 51, 47, 0.02921183593571186
0, 344, 670, 39, 47, 0.02839376963675022
0, 318, 930, 39, 33, 0.028378652408719063
0, 408, 695, 65, 80, 0.026830974966287613
0, 277, 952, 25, 29, 0.026752375066280365
0, 305, 906, 66, 54, 0.024943871423602104
0, 407, 547, 50, 38, 0.02391449548304081
0, 280, 915, 19, 24, 0.023405753076076508
0, 410, 436, 48, 34, 0.020797817036509514
0, 285, 1071, 66, 51, 0.019753238186240196
0, 343, 773, 24, 21, 0.019586898386478424
0, 392, 548, 30, 23, 0.019531991332769394
0, 353, 877, 25, 22, 0.019526733085513115
0, 311, 892, 79, 148, 0.01913761906325817
0, 406, 607, 53, 35, 0.01848556660115719
0, 460, 471, 27, 39, 0.017727918922901154
0, 382, 760, 23, 18, 0.017534183338284492
0, 440, 555, 42, 35, 0.017326567322015762
0, 422, 411, 123, 285, 0.016770442947745323
0, 271, 1076, 40, 29, 0.016422299668192863
0, 303, 995, 97, 93, 0.015403298661112785
0, 411, 710, 31, 30, 0.015058922581374645
0, 426, 262, 42, 38, 0.013661286793649197
0, 280, 1016, 33, 26, 0.013099906034767628
0, 375, 648, 32, 34, 0.012984830886125565
0, 426, 600, 26, 17, 0.012739195488393307
0, 292, 963, 58, 50, 0.012728902511298656
0, 372, 847, 34, 27, 0.012227479368448257
0, 311, 986, 38, 35, 0.012187398038804531
0, 346, 928, 38, 38, 0.011303949169814587
0, 267, 1091, 33, 26, 0.010969122871756554
0, 272, 1010, 36, 44, 0.010607057251036167
0, 414, 556, 41, 34, 0.010607021860778332
0, 400, 725, 47, 50, 0.010499900206923485
0, 296, 1057, 43, 32, 0.010087353177368641
0, 392, 791, 15, 18, 0.010029584169387817
0, 333, 948, 61, 45, 0.009798688814043999
0, 290, 1002, 66, 47, 0.009204789996147156
0, 391, 811, 16, 20, 0.009166681207716465
0, 420, 477, 35, 29, 0.00892570149153471
0, 328, 1020, 42, 37, 0.00849181693047285
0, 430, 389, 70, 63, 0.008088410831987858
0, 264, 1027, 22, 23, 0.008012574166059494
0, 380, 656, 36, 23, 0.007224623113870621
0, 414, 416, 33, 15, 0.007203803863376379
0, 427, 593, 32, 21, 0.0064909993670880795
0, 412, 596, 55, 37, 0.00631724065169692
0, 416, 673, 53, 48, 0.00609991792589426
0, 419, 410, 38, 25, 0.006003513466566801
0, 425, 489, 75, 88, 0.005759206134825945
0, 287, 1023, 64, 46, 0.0056593529880046844
0, 385, 776, 40, 49, 0.005519215948879719
0, 385, 566, 22, 27, 0.005266956984996796
0, 336, 897, 61, 57, 0.005197386723011732
0, 375, 839, 45, 47, 0.004960790276527405
0, 369, 629, 44, 35, 0.0048040044493973255
0, 369, 635, 61, 89, 0.004407062195241451
0, 416, 616, 49, 26, 0.004275380168110132
0, 431, 599, 44, 25, 0.0039410823956131935
0, 380, 826, 36, 40, 0.0038769394159317017
0, 306, 1040, 79, 80, 0.0038105370476841927
0, 321, 782, 49, 44, 0.00363954552449286
0, 307, 824, 38, 36, 0.0034546805545687675
0, 274, 961, 34, 50, 0.003433378878980875
0, 313, 805, 33, 29, 0.003331994405016303
0, 453, 360, 50, 69, 0.0031620387453585863
0, 399, 426, 32, 26, 0.003156080609187484
0, 382, 811, 36, 26, 0.003106900490820408
0, 443, 335, 68, 81, 0.00308079831302166
0, 343, 716, 28, 36, 0.0030628866516053677
0, 421, 507, 159, 316, 0.00280788098461926
0, 394, 744, 58, 48, 0.002637499012053013
0, 359, 871, 40, 39, 0.002536509186029434
0, 328, 796, 32, 41, 0.0023056890349835157
0, 324, 858, 82, 81, 0.002033612923696637
0, 293, 1064, 89, 85, 0.0020126854069530964
0, 442, 536, 51, 46, 0.001945028081536293
0, 415, 397, 41, 39, 0.0018172640120610595
0, 392, 767, 39, 31, 0.0017396772745996714
0, 461, 268, 17, 21, 0.0017090734327211976
0, 293, 1086, 68, 52, 0.001593914465047419
0, 383, 618, 32, 62, 0.0015797520754858851
0, 108, 1162, 14, 29, 0.0015745643759146333
0, 368, 854, 25, 24, 0.0015459394780918956
0, 425, 277, 54, 58, 0.001539706951007247
0, 338, 687, 28, 24, 0.001531022833660245
0, 394, 626, 72, 60, 0.0015001348219811916
0, 312, 1146, 31, 17, 0.0012646574759855866
0, 115, 1213, 18, 17, 0.0012568322708830237
0, 405, 387, 49, 48, 0.00124720623716712
0, 377, 674, 33, 61, 0.0012413911754265428
0, 358, 884, 37, 38, 0.0012399035040289164
0, 439, 289, 29, 32, 0.00111936975736171
0, 456, 381, 42, 50, 0.0010364401387050748
0, 316, 841, 49, 55, 0.0010249951155856252
0, 433, 420, 84, 88, 0.001005771802738309
0, 359, 833, 37, 28, 0.0009082598844543099
0, 399, 379, 34, 37, 0.00087728351354599
0, 107, 1206, 20, 20, 0.0008604737231507897
0, 455, 331, 41, 51, 0.0007302914164029062
0, 303, 1039, 113, 134, 0.0007235459052026272
0, 346, 920, 56, 70, 0.0007084705866873264
0, 380, 580, 25, 28, 0.0006987442611716688
0, 101, 1203, 23, 17, 0.0005555066745728254
0, 414, 631, 66, 40, 0.0005499057006090879
0, 417, 573, 93, 117, 0.0005109928897581995
0, 353, 811, 33, 28, 0.0004807289515156299
0, 442, 221, 17, 19, 0.0004620009276550263
0, 406, 366, 48, 65, 0.00045695379958488047
0, 402, 346, 38, 29, 0.00040838480344973505
0, 364, 874, 74, 100, 0.00039829910383559763
0, 432, 139, 19, 21, 0.0003642984083853662
0, 393, 575, 164, 231, 0.00032533283228985965
0, 330, 1121, 13, 15, 0.0003183696244377643
0, 386, 673, 127, 151, 0.00031596454209648073
0, 409, 299, 29, 20, 0.0003001716104336083
0, 286, 501, 454, 496, 0.000286825088551268
0, 108, 1206, 38, 31, 0.00027779885567724705
0, 574, 1081, 3, 144, 0.0002725864469539374
0, 399, 125, 23, 26, 0.0002656863653101027
0, 328, 903, 132, 180, 0.0002495789958629757
0, 574, 1023, 3, 143, 0.00024921802105382085
0, 574, 1134, 3, 144, 0.00024291372392326593
0, 405, 446, 72, 76, 0.00023092070478014648
0, 340, 947, 72, 82, 0.0002234975399915129
0, 574, 968, 3, 145, 0.00022317684488371015
0, 101, 1161, 28, 29, 0.00021759192168246955
0, 574, 1302, 3, 146, 0.00021568992815446109
0, 149, 1162, 17, 20, 0.00020491291070356965
0, 326, 752, 67, 101, 0.00020040900562889874
0, 402, 131, 19, 20, 0.00019457348389551044
0, 574, 823, 3, 133, 0.00018087417993228883
0, 574, 1191, 3, 149, 0.00017882612883113325
0, 574, 896, 3, 141, 0.00017027766443789005
0, 362, 910, 104, 108, 0.00016929642879404128
0, 343, 1003, 95, 81, 0.00016745127504691482
0, 322, 720, 18, 18, 0.00016582899843342602
0, 399, 736, 92, 133, 0.00015891296789050102
0, 384, 801, 57, 61, 0.00015507017087657005
0, 574, 765, 2, 123, 0.00015395664377138019
0, 574, 1362, 3, 151, 0.00014863736578263342
0, 537, 1291, 76, 203, 0.00014840059156995267
0, 574, 40, 2, 80, 0.00014347038813866675
0, 574, 1252, 3, 156, 0.00014233397087082267
0, 574, 724, 2, 125, 0.00013407196092884988
0, 452, 288, 43, 40, 0.0001308556238655001
0, 416, 706, 99, 113, 0.00012943518231622875
0, 318, 1120, 33, 20, 0.00012422264262568206
0, 330, 921, 192, 367, 0.0001222996652359143
0, 179, 1406, 359, 156, 0.00012220954522490501
0, 536, 1101, 79, 204, 0.0001189349713968113
0, 410, 339, 56, 51, 0.00011806231486843899
0, 397, 618, 106, 357, 0.00011408680438762531
0, 458, 525, 234, 636, 0.00011287247616564855
0, 324, 1104, 28, 37, 0.000111178815132007
0, 574, 561, 2, 135, 0.0001085253752535209
0, 269, 1086, 62, 51, 0.00010782754543470219
0, 17, 1422, 35, 127, 0.00010751142690423876
0, 368, 613, 290, 377, 0.00010295995889464393
0, 320, 752, 29, 49, 0.00010228181054117158
0, 574, 1438, 3, 97, 0.00010022835340350866
0, 430, 505, 148, 164, 9.772126941243187e-05
0, 436, 635, 24, 22, 9.743608097778633e-05
0, 197, 890, 394, 435, 9.472727833781391e-05
0, 100, 1170, 38, 45, 8.97353675100021e-05
0, 537, 970, 76, 209, 8.901749242795631e-05
0, 281, 928, 51, 64, 8.744393562665209e-05
0, 574, 672, 2, 129, 8.420800440944731e-05
0, 380, 823, 70, 87, 8.281188638648018e-05
0, 458, 731, 235, 583, 8.270976832136512e-05
0, 454, 358, 65, 114, 7.859302422730252e-05
0, 540, 1402, 71, 170, 7.764339534332976e-05
0, 538, 1213, 75, 218, 7.731350342510268e-05
0, 260, 1097, 41, 30, 7.051086140563712e-05
0, 574, 431, 2, 121, 6.938580190762877e-05
0, 574, 613, 2, 112, 6.721379031660035e-05
0, 440, 267, 73, 46, 6.506445788545534e-05
0, 434, 575, 71, 77, 6.351740739773959e-05
0, 362, 697, 154, 423, 6.0106143791927025e-05
0, 429, 228, 38, 33, 5.804653119412251e-05
0, 263, 1121, 21, 18, 5.76681450183969e-05
0, 536, 898, 78, 196, 5.604069883702323e-05
0, 574, 303, 2, 136, 5.4531992645934224e-05
0, 331, 657, 135, 159, 5.3953019232722e-05
0, 406, 297, 39, 30, 5.212133328313939e-05
0, 438, 686, 103, 96, 5.12335573148448e-05
0, 574, 484, 2, 118, 4.931596413371153e-05
0, 297, 1126, 52, 20, 4.8497469833819196e-05
0, 389, 422, 40, 23, 4.768719372805208e-05
0, 325, 1070, 110, 84, 4.7590656322427094e-05
0, 284, 874, 89, 118, 4.6496028517140076e-05
0, 308, 805, 80, 100, 4.6351662604138255e-05
0, 405, 777, 152, 710, 4.592220648191869e-05
0, 246, 1166, 12, 20, 4.5556465920526534e-05
0, 280, 1123, 22, 15, 4.5125856559025124e-05
0, 287, 911, 65, 58, 4.496588371694088e-05
0, 450, 347, 144, 694, 4.464172161533497e-05
0, 2, 1433, 4, 108, 4.462061042431742e-05
0, 537, 37, 76, 75, 4.403682396514341e-05
0, 30, 1401, 61, 173, 4.3831110815517604e-05
0, 574, 164, 2, 122, 4.183854252914898e-05
0, 44, 40, 88, 81, 4.157889270572923e-05
0, 461, 379, 229, 698, 4.132901085540652e-05
0, 160, 1348, 320, 279, 4.0054754208540544e-05
0, 332, 695, 40, 31, 3.914782064384781e-05
0, 264, 1033, 57, 53, 3.877978087984957e-05
0, 340, 1030, 121, 97, 3.728492447407916e-05
0, 472, 273, 30, 28, 3.711906902026385e-05
0, 121, 1200, 28, 21, 3.665449912659824e-05
0, 20, 1304, 41, 267, 3.6615125281969085e-05
0, 270, 830, 158, 179, 3.5217304684920236e-05
0, 159, 1006, 318, 274, 3.3378069929312915e-05
0, 79, 1180, 14, 19, 3.302324330434203e-05
0, 537, 833, 76, 180, 3.185154128004797e-05
0, 315, 1140, 42, 31, 3.109132740064524e-05
0, 574, 374, 2, 124, 2.9216569600976072e-05
0, 70, 1175, 96, 64, 2.741103344305884e-05
0, 151, 147, 302, 295, 2.712317836994771e-05
0, 401, 1000, 349, 320, 2.6715930289356038e-05
0, 35, 21, 71, 42, 2.6346559025114402e-05
0, 18, 1224, 36, 247, 2.6226807676721364e-05
0, 261, 969, 97, 120, 2.554114325903356e-05
0, 408, 305, 98, 127, 2.4004135411814786e-05
0, 456, 141, 239, 282, 2.3769121980876662e-05
0, 31, 968, 62, 208, 2.3734712158329785e-05
0, 228, 1293, 19, 19, 2.3313685233006254e-05
0, 47, 79, 94, 151, 2.3295371647691354e-05
0, 79, 1196, 125, 91, 2.305684938619379e-05
0, 432, 217, 33, 27, 2.220476744696498e-05
0, 378, 860, 394, 636, 2.1353849660954438e-05
0, 191, 1413, 172, 125, 2.127542938978877e-05
0, 146, 275, 293, 550, 2.119697273883503e-05
0, 463, 53, 224, 106, 2.10857415368082e-05
0, 24, 756, 49, 195, 2.1067149646114558e-05
0, 127, 1230, 254, 515, 2.092646354867611e-05
0, 574, 208, 2, 131, 2.089238478220068e-05
0, 281, 1142, 14, 16, 2.0703626432805322e-05
0, 454, 458, 71, 89, 2.0524907085928135e-05
0, 479, 405, 193, 404, 2.0135819795541465e-05
0, 421, 201, 21, 21, 2.0030462110298686e-05
0, 450, 531, 98, 106, 1.9930350390495732e-05
0, 484, 248, 183, 496, 1.9463752323645167e-05
0, 365, 609, 47, 68, 1.930241887748707e-05
0, 435, 142, 27, 31, 1.9053342839470133e-05
0, 526, 1151, 98, 169, 1.86350334843155e-05
0, 27, 908, 55, 184, 1.863460784079507e-05
0, 327, 1401, 497, 172, 1.8598779206513427e-05
0, 90, 1194, 39, 31, 1.8453658412909135e-05
0, 155, 700, 310, 652, 1.7940574252861552e-05
0, 335, 1105, 98, 50, 1.766853529261425e-05
0, 394, 786, 66, 62, 1.7332735296804458e-05
0, 377, 287, 397, 572, 1.662305112404283e-05
0, 149, 472, 298, 659, 1.6515319657628424e-05
0, 258, 772, 204, 136, 1.6251618944806978e-05
0, 281, 140, 562, 275, 1.6114910977194086e-05
0, 19, 1106, 39, 280, 1.6017664165701717e-05
0, 525, 1354, 100, 174, 1.57498743647011e-05
0, 24, 828, 49, 204, 1.5607813111273572e-05
0, 271, 1013, 74, 69, 1.5473186067538336e-05
0, 121, 1220, 35, 44, 1.541117308079265e-05
0, 16, 281, 33, 169, 1.5321811588364653e-05
0, 27, 1040, 54, 224, 1.5196823369478807e-05
0, 362, 963, 126, 133, 1.4918919077899773e-05
0, 518, 826, 115, 584, 1.4851860214548651e-05
0, 476, 1328, 199, 318, 1.4638028005720116e-05
0, 23, 1473, 46, 28, 1.4560826457454823e-05
0, 149, 1172, 18, 38, 1.3956475413579028e-05
0, 166, 45, 333, 90, 1.374437579215737e-05
0, 2, 1106, 5, 169, 1.3700299859920051e-05
0, 537, 775, 76, 175, 1.3678576578968205e-05
0, 92, 1415, 185, 144, 1.3149673577572685e-05
0, 399, 403, 61, 40, 1.3119499271851964e-05
0, 498, 1414, 155, 146, 1.2836554560635705e-05
0, 223, 1274, 15, 20, 1.2708986105280928e-05
0, 427, 212, 41, 45, 1.2515341950347647e-05
0, 60, 12, 121, 23, 1.203758074552752e-05
0, 463, 328, 171, 183, 1.1720499969669618e-05
