0, 542, 204, 104, 91, 0.32281309366226196
0, 332, 210, 88, 68, 0.15254166722297668
0, 340, 203, 60, 42, 0.12393617630004883
0, 387, 197, 36, 46, 0.11569730192422867
0, 630, 141, 96, 67, 0.10788806527853012
0, 191, 310, 149, 56, 0.05161207914352417
0, 189, 242, 45, 32, 0.04247179254889488
0, 412, 286, 84, 36, 0.04038197174668312
0, 258, 221, 52, 47, 0.029387474060058594
0, 421, 265, 138, 86, 0.026100115850567818
0, 251, 220, 81, 63, 0.024487227201461792
0, 282, 329, 56, 23, 0.02395368553698063
0, 374, 290, 45, 34, 0.02236383967101574
0, 157, 300, 81, 51, 0.01921752654016018
0, 642, 137, 65, 48, 0.017080256715416908
0, 231, 323, 231, 95, 0.013694139197468758
0, 523, 205, 69, 67, 0.012132582254707813
0, 307, 203, 39, 32, 0.009761307388544083
0, 232, 320, 118, 65, 0.009468144737184048
0, 484, 174, 252, 272, 0.0092399250715971
0, 143, 289, 28, 18, 0.0091018071398139
0, 201, 241, 21, 25, 0.008761772885918617
0, 146, 291, 45, 34, 0.008298293687403202
0, 312, 333, 52, 20, 0.007892402820289135
0, 300, 327, 119, 35, 0.007121438626199961
0, 466, 256, 46, 53, 0.006718125659972429
0, 302, 208, 26, 25, 0.0062950607389211655
0, 146, 220, 14, 15, 0.005647880025207996
0, 204, 341, 128, 50, 0.005419461522251368
0, 160, 213, 51, 39, 0.004711618181318045
0, 300, 332, 37, 17, 0.00456773117184639
0, 218, 349, 79, 40, 0.004379428923130035
0, 269, 329, 36, 19, 0.004349998198449612
0, 250, 336, 82, 55, 0.00428957212716341
0, 182, 229, 67, 63, 0.004243531264364719
0, 328, 334, 29, 13, 0.00394306518137455
0, 631, 130, 52, 31, 0.003896510461345315
0, 195, 231, 28, 30, 0.0038953260518610477
0, 245, 324, 50, 23, 0.0038922412786632776
0, 623, 150, 67, 37, 0.0038238915149122477
0, 333, 229, 72, 42, 0.0036546876654028893
0, 237, 344, 55, 37, 0.0034848579671233892
0, 141, 215, 22, 10, 0.003467243630439043
0, 641, 149, 37, 25, 0.003421934787184
0, 571, 192, 54, 62, 0.003106915159150958
0, 393, 281, 86, 56, 0.002854048041626811
0, 318, 199, 28, 26, 0.002840197877958417
0, 139, 222, 24, 13, 0.0028083978686481714
0, 232, 313, 72, 51, 0.002806356642395258
0, 279, 320, 174, 52, 0.0026556714437901974
0, 356, 207, 43, 37, 0.002613015240058303
0, 190, 228, 18, 20, 0.0026127134915441275
0, 215, 265, 212, 244, 0.002604671288281679
0, 381, 244, 59, 54, 0.0025878241285681725
0, 340, 330, 50, 24, 0.002450553234666586
0, 296, 207, 16, 20, 0.0023762769997119904
0, 295, 256, 21, 21, 0.0023244027979671955
0, 317, 223, 55, 48, 0.0022878479212522507
0, 135, 291, 31, 24, 0.0021965368650853634
0, 208, 309, 90, 40, 0.001919055706821382
0, 391, 287, 54, 31, 0.0018896888941526413
0, 576, 148, 236, 296, 0.0018862446304410696
0, 357, 203, 93, 63, 0.0018646724056452513
0, 150, 204, 20, 15, 0.0018487919587641954
0, 217, 218, 28, 24, 0.0016889175167307258
0, 547, 208, 73, 58, 0.0016739243874326348
0, 601, 129, 15, 12, 0.0016736517427489161
0, 229, 323, 49, 20, 0.001668713055551052
0, 343, 322, 44, 22, 0.0015809083124622703
0, 180, 302, 87, 32, 0.001570182736031711
0, 221, 216, 40, 38, 0.0015468406490981579
0, 277, 334, 82, 45, 0.0015223012305796146
0, 198, 209, 9, 13, 0.0014369497075676918
0, 185, 207, 14, 30, 0.0014367745025083423
0, 626, 167, 46, 20, 0.001419704407453537
0, 429, 280, 48, 31, 0.0013621171237900853
0, 150, 215, 28, 34, 0.0013495268067345023
0, 512, 228, 110, 102, 0.0013467271346598864
0, 159, 206, 33, 22, 0.0013424743665382266
0, 183, 203, 11, 18, 0.0012606148375198245
0, 168, 318, 67, 17, 0.001228283392265439
0, 598, 126, 23, 15, 0.0011827608104795218
0, 325, 331, 84, 29, 0.001174963777884841
0, 614, 128, 45, 28, 0.0011463533155620098
0, 586, 143, 13, 15, 0.0011435835622251034
0, 304, 336, 71, 31, 0.0011065159924328327
0, 136, 227, 20, 12, 0.0010650834301486611
0, 206, 224, 18, 21, 0.001042223651893437
0, 231, 207, 16, 16, 0.001040598494000733
0, 226, 214, 25, 26, 0.0010067160474136472
0, 399, 281, 28, 23, 0.0010010297410190105
0, 299, 367, 24, 13, 0.0009157197782769799
0, 272, 207, 37, 28, 0.000886834692209959
0, 332, 194, 48, 30, 0.0008843467221595347
0, 660, 136, 44, 35, 0.0008625749032944441
0, 267, 326, 60, 28, 0.0008411722374148667
0, 637, 165, 51, 28, 0.0008352406439371407
0, 379, 236, 17, 12, 0.0007836587028577924
0, 281, 208, 68, 42, 0.0007671688217669725
0, 514, 205, 49, 39, 0.0007669246988371015
0, 580, 194, 37, 39, 0.0007597680087201297
0, 431, 268, 34, 33, 0.0007595268543809652
0, 213, 225, 115, 72, 0.0007510497234761715
0, 139, 302, 40, 34, 0.000708359875716269
0, 364, 295, 26, 23, 0.0007080123177729547
0, 182, 224, 37, 53, 0.0007033300353214145
0, 241, 350, 31, 24, 0.0006999428733251989
0, 600, 142, 38, 31, 0.0006986617227084935
0, 360, 227, 50, 23, 0.0006912538665346801
0, 437, 272, 64, 39, 0.0006785845034755766
0, 459, 271, 80, 59, 0.0006482191383838654
0, 656, 105, 20, 18, 0.0006038504070602357
0, 151, 282, 37, 23, 0.0005886991275474429
0, 615, 112, 12, 12, 0.000547775998711586
0, 138, 284, 37, 24, 0.0005389332654885948
0, 322, 231, 37, 29, 0.0005302653298713267
0, 646, 105, 51, 18, 0.0005252465489320457
0, 144, 210, 26, 25, 0.000519668566994369
0, 624, 116, 28, 22, 0.0004773194086737931
0, 170, 329, 63, 32, 0.00047044327948242426
0, 204, 207, 17, 19, 0.00045045491424389184
0, 555, 172, 134, 124, 0.0004494700988288969
0, 235, 233, 13, 14, 0.00044894273742102087
0, 645, 153, 57, 50, 0.00044000439811497927
0, 671, 139, 26, 28, 0.00042646084330044687
0, 476, 271, 40, 25, 0.0004258569679223001
0, 454, 246, 19, 25, 0.00042540577123872936
0, 188, 336, 17, 15, 0.00038366852095350623
0, 590, 143, 22, 24, 0.00038060356746427715
0, 182, 334, 31, 22, 0.00037729390896856785
0, 204, 302, 53, 29, 0.00036658497992902994
0, 207, 354, 54, 27, 0.0003643940726760775
0, 607, 117, 21, 17, 0.0003575484442990273
0, 190, 324, 103, 39, 0.00034977038740180433
0, 207, 339, 83, 32, 0.00034666911233216524
0, 195, 341, 45, 25, 0.0003299038507975638
0, 380, 274, 42, 33, 0.00031778134871274233
0, 523, 224, 56, 42, 0.00031408920767717063
0, 437, 254, 16, 23, 0.000311073410557583
0, 377, 236, 25, 20, 0.0003079065354540944
0, 286, 204, 37, 21, 0.00030537191196344793
0, 152, 318, 25, 11, 0.0002936417586170137
0, 288, 260, 34, 22, 0.00028886631480418146
0, 472, 239, 100, 119, 0.00028882059268653393
0, 278, 215, 120, 78, 0.000285406073089689
0, 473, 228, 22, 20, 0.00028424436459317803
0, 177, 246, 26, 25, 0.0002834655169863254
0, 488, 273, 20, 19, 0.0002740684722084552
0, 589, 188, 50, 58, 0.0002669098903425038
0, 278, 197, 45, 24, 0.0002573364763520658
0, 358, 187, 18, 16, 0.0002491842897143215
0, 166, 284, 107, 87, 0.0002450323663651943
0, 601, 150, 30, 23, 0.00023994273215066642
0, 500, 206, 25, 28, 0.00023928201699163765
0, 162, 321, 43, 17, 0.00022669836471322924
0, 378, 211, 49, 67, 0.0002061413979390636
0, 299, 371, 19, 13, 0.00019913603318855166
0, 578, 143, 23, 23, 0.00019689345208462328
0, 755, 178, 113, 357, 0.00019633029296528548
0, 380, 185, 24, 23, 0.0001935766194947064
0, 293, 197, 62, 37, 0.00019344266911502928
0, 600, 120, 24, 21, 0.00019335950491949916
0, 178, 338, 47, 26, 0.00018818369426298887
0, 337, 221, 132, 112, 0.00018747395370155573
0, 197, 356, 32, 16, 0.0001848471147241071
0, 383, 267, 42, 16, 0.00018230175192002207
0, 525, 192, 32, 39, 0.0001707613846519962
0, 507, 212, 37, 26, 0.00016880687326192856
0, 537, 211, 168, 183, 0.00016834106645546854
0, 218, 238, 61, 62, 0.00016617722576484084
0, 167, 331, 42, 20, 0.00016447440430056304
0, 142, 224, 34, 29, 0.0001549538574181497
0, 606, 164, 145, 119, 0.00014785933308303356
0, 583, 149, 21, 26, 0.00014723523054271936
0, 269, 190, 43, 19, 0.00014683508197776973
0, 169, 217, 69, 61, 0.00013965991092845798
0, 125, 303, 26, 27, 0.00013769125507678837
0, 521, 254, 41, 37, 0.0001365413481835276
0, 127, 312, 14, 18, 0.00013567879796028137
0, 344, 236, 51, 31, 0.00013556239719036967
0, 663, 127, 36, 22, 0.00013116380432620645
0, 189, 251, 91, 82, 0.0001307857601204887
0, 290, 218, 230, 159, 0.0001302597956964746
0, 149, 260, 19, 17, 0.00013004595530219376
0, 306, 371, 41, 17, 0.00012916591367684305
0, 574, 167, 39, 27, 0.00012668869749177247
0, 207, 393, 246, 230, 0.00012535495625343174
0, 254, 343, 49, 38, 0.00012513724504970014
0, 178, 202, 16, 23, 0.00011870497110066935
0, 286, 258, 42, 42, 0.00011865710257552564
0, 489, 216, 40, 46, 0.00011756049934774637
0, 152, 241, 276, 306, 0.00011649078078335151
0, 251, 234, 53, 40, 0.00011630154767772183
0, 467, 237, 28, 34, 0.00011388062557671219
0, 627, 175, 55, 36, 0.00011372208246029913
0, 505, 196, 26, 24, 0.00011302920029265806
0, 523, 239, 46, 43, 0.00011018229997716844
0, 207, 233, 38, 49, 0.00010969681170536205
0, 552, 152, 12, 11, 0.00010719714919105172
0, 280, 228, 76, 72, 0.000104507889773231
0, 589, 205, 64, 57, 0.00010422962805023417
0, 287, 303, 206, 71, 0.00010031842975877225
0, 359, 175, 153, 215, 9.994880383601412e-05
0, 604, 185, 40, 38, 9.72936613834463e-05
0, 577, 157, 33, 35, 9.64865175774321e-05
0, 615, 177, 38, 25, 9.630983549868688e-05
0, 182, 345, 66, 45, 9.603901708032936e-05
0, 233, 241, 53, 28, 9.225225221598521e-05
0, 599, 162, 71, 57, 9.210887947119772e-05
0, 243, 233, 126, 98, 9.136190783465281e-05
0, 429, 256, 32, 33, 9.124619828071445e-05
0, 680, 170, 263, 340, 8.960257400758564e-05
0, 401, 257, 67, 23, 8.805427933111787e-05
0, 577, 136, 15, 16, 8.5688843682874e-05
0, 569, 212, 59, 61, 8.303685171995312e-05
0, 243, 251, 84, 34, 8.172317029675469e-05
0, 598, 195, 40, 39, 8.045527647482231e-05
0, 351, 329, 43, 34, 7.909767737146467e-05
0, 386, 257, 35, 16, 7.809718226781115e-05
0, 435, 290, 45, 26, 7.638814713573083e-05
0, 353, 298, 18, 18, 7.256278331624344e-05
0, 458, 236, 25, 25, 7.238806574605405e-05
0, 303, 349, 47, 28, 7.118708163034171e-05
0, 159, 325, 309, 196, 7.074294990161434e-05
0, 680, 130, 21, 14, 7.057416223688051e-05
0, 493, 215, 73, 67, 6.980510806897655e-05
0, 528, 234, 63, 75, 6.599755579372868e-05
0, 333, 299, 280, 137, 6.589360418729484e-05
0, 425, 235, 309, 185, 6.273262988543138e-05
0, 103, 313, 206, 84, 6.197456968948245e-05
0, 327, 238, 38, 28, 6.153459980851039e-05
0, 125, 477, 247, 84, 6.098826270317659e-05
0, 309, 242, 35, 27, 5.960578710073605e-05
0, 319, 343, 78, 44, 5.874702401342802e-05
0, 532, 174, 17, 14, 5.8699253713712096e-05
0, 674, 122, 23, 13, 5.634657645714469e-05
0, 527, 152, 164, 183, 5.5896649428177625e-05
0, 310, 358, 46, 13, 5.426715870271437e-05
0, 147, 335, 21, 15, 5.1635317504405975e-05
0, 90, 177, 180, 355, 5.1444567361613736e-05
0, 402, 171, 247, 342, 5.122197762830183e-05
0, 635, 105, 17, 12, 4.997301584808156e-05
0, 403, 477, 287, 84, 4.942797386320308e-05
0, 345, 303, 15, 11, 4.936367258778773e-05
0, 507, 277, 318, 270, 4.7998350055422634e-05
0, 539, 189, 33, 49, 4.7239464038284495e-05
0, 529, 180, 21, 27, 4.429133332450874e-05
0, 140, 338, 18, 13, 4.36019035987556e-05
0, 517, 244, 30, 27, 4.245540912961587e-05
0, 616, 186, 49, 32, 4.093632742296904e-05
0, 446, 282, 48, 39, 4.043689841637388e-05
0, 314, 368, 67, 17, 4.028690091217868e-05
0, 355, 316, 43, 33, 3.923172698705457e-05
0, 630, 108, 19, 16, 3.862200537696481e-05
0, 495, 269, 25, 22, 3.835436291410588e-05
0, 275, 478, 311, 82, 3.8329973904183134e-05
0, 547, 152, 14, 10, 3.821041536866687e-05
0, 289, 180, 245, 361, 3.818218465312384e-05
0, 216, 260, 52, 29, 3.680514782899991e-05
0, 808, 380, 7, 55, 3.6739289498655125e-05
0, 86, 430, 172, 178, 3.5881548683391884e-05
0, 636, 252, 351, 404, 3.495295095490292e-05
0, 571, 176, 73, 106, 3.427175761316903e-05
0, 562, 147, 13, 23, 3.379576446604915e-05
0, 82, 324, 164, 331, 3.3400359825463966e-05
0, 154, 337, 44, 27, 3.266446219640784e-05
0, 165, 262, 14, 18, 3.218948040739633e-05
0, 434, 204, 134, 82, 3.154619480483234e-05
0, 195, 202, 17, 25, 3.1428215152118355e-05
0, 146, 272, 31, 41, 3.060330345761031e-05
0, 246, 352, 52, 37, 3.034517794731073e-05
0, 748, 77, 126, 155, 3.01843901979737e-05
0, 750, 311, 122, 377, 2.988829874084331e-05
0, 508, 247, 20, 32, 2.9543818527599797e-05
0, 251, 322, 69, 42, 2.9323477065190673e-05
0, 85, 88, 171, 176, 2.862624933186453e-05
0, 487, 272, 42, 35, 2.862608562281821e-05
0, 501, 268, 50, 35, 2.7648180548567325e-05
0, 544, 167, 30, 28, 2.7446212698123418e-05
0, 555, 147, 13, 16, 2.6575055017019622e-05
0, 78, 12, 157, 25, 2.651536306075286e-05
0, 511, 261, 54, 38, 2.633816984598525e-05
0, 806, 368, 10, 93, 2.59943390119588e-05
0, 560, 479, 284, 80, 2.5723204089445062e-05
0, 599, 124, 36, 31, 2.566109469626099e-05
0, 587, 134, 36, 34, 2.5273866413044743e-05
0, 147, 329, 33, 24, 2.4362705516978167e-05
0, 632, 183, 72, 58, 2.389302426308859e-05
0, 477, 223, 37, 40, 2.3734577553113922e-05
0, 621, 110, 22, 19, 2.363760540902149e-05
0, 247, 263, 73, 19, 2.3376913304673508e-05
0, 376, 179, 19, 17, 2.3088006855687127e-05
0, 219, 267, 25, 13, 2.2983242160989903e-05
0, 94, 355, 187, 82, 2.2949905542191118e-05
0, 270, 425, 310, 188, 2.2734946469427086e-05
0, 714, 17, 194, 35, 2.2233498384593986e-05
0, 154, 255, 83, 120, 2.2081887436797842e-05
0, 358, 432, 272, 174, 2.1969930457999e-05
0, 782, 365, 58, 107, 2.1736354028689675e-05
0, 418, 256, 57, 43, 2.1069681679364294e-05
