0, 396, 445, 160, 99, 0.7564888000488281
0, 125, 737, 14, 12, 0.19165468215942383
0, 406, 391, 41, 36, 0.07202337682247162
0, 153, 764, 11, 10, 0.05882742255926132
0, 359, 457, 80, 44, 0.041185878217220306
0, 162, 669, 16, 20, 0.03173676133155823
0, 304, 482, 39, 38, 0.0267051849514246
0, 134, 760, 12, 10, 0.026178590953350067
0, 339, 454, 40, 30, 0.0179733969271183
0, 543, 327, 28, 20, 0.015584049746394157
0, 405, 441, 76, 63, 0.0153798907995224
0, 526, 353, 13, 13, 0.012861095368862152
0, 183, 747, 20, 10, 0.010279764421284199
0, 171, 765, 10, 9, 0.008520135655999184
0, 413, 428, 49, 35, 0.008345548063516617
0, 135, 757, 16, 15, 0.005803475622087717
0, 134, 709, 12, 18, 0.005772597622126341
0, 158, 786, 22, 11, 0.003761178581044078
0, 551, 247, 15, 15, 0.0036330081056803465
0, 455, 337, 16, 14, 0.003507279558107257
0, 282, 510, 18, 11, 0.003345818491652608
0, 385, 450, 35, 24, 0.002605367684736848
0, 175, 749, 18, 13, 0.0024625419173389673
0, 198, 764, 17, 13, 0.0023719335440546274
0, 135, 736, 19, 9, 0.0022788664791733027
0, 456, 343, 19, 26, 0.0022580695804208517
0, 127, 752, 23, 23, 0.002217026660218835
0, 160, 740, 6, 5, 0.002167739439755678
0, 127, 753, 17, 12, 0.0018874076195061207
0, 535, 303, 17, 16, 0.0017274784622713923
0, 457, 350, 15, 15, 0.0016194907948374748
0, 376, 455, 42, 28, 0.0015563241904601455
0, 622, 154, 10, 10, 0.0013830153038725257
0, 177, 743, 26, 10, 0.0013644684804603457
0, 339, 465, 44, 38, 0.0013622306287288666
0, 537, 297, 20, 25, 0.0013470400590449572
0, 597, 163, 12, 10, 0.001340488321147859
0, 350, 478, 17, 10, 0.0013359179720282555
0, 154, 767, 15, 15, 0.0012672697193920612
0, 395, 459, 55, 35, 0.0012619128683581948
0, 144, 737, 10, 8, 0.0012411783682182431
0, 206, 753, 13, 9, 0.0011904751881957054
0, 370, 443, 29, 27, 0.0010501686483621597
0, 327, 457, 21, 26, 0.0010171002941206098
0, 563, 254, 15, 11, 0.0009871873771771789
0, 586, 214, 13, 16, 0.000981979421339929
0, 180, 764, 27, 12, 0.0009469733340665698
0, 203, 761, 15, 15, 0.00093417230527848
0, 556, 265, 20, 18, 0.0008774949819780886
0, 323, 462, 14, 20, 0.00086191640002653
0, 119, 753, 24, 11, 0.0008583940798416734
0, 433, 423, 88, 45, 0.0007692420622333884
0, 131, 739, 27, 14, 0.0006996211013756692
0, 126, 727, 30, 56, 0.0006404360174201429
0, 342, 521, 22, 23, 0.0006301038083620369
0, 370, 469, 97, 51, 0.0005890766042284667
0, 138, 774, 11, 7, 0.0005555071984417737
0, 398, 467, 31, 24, 0.0005352742155082524
0, 435, 443, 64, 71, 0.0005110330530442297
0, 460, 372, 15, 14, 0.0005069856997579336
0, 500, 95, 11, 9, 0.0004997865180484951
0, 474, 321, 8, 14, 0.0004928438575007021
0, 466, 329, 15, 25, 0.0004921703948639333
0, 561, 262, 15, 19, 0.0004746318736579269
0, 406, 419, 34, 19, 0.0004728742642328143
0, 602, 343, 12, 15, 0.0004625638830475509
0, 602, 163, 23, 12, 0.000452916428912431
0, 349, 434, 12, 9, 0.00042983778985217214
0, 405, 471, 47, 32, 0.0004266727191861719
0, 396, 398, 62, 38, 0.0004230440827086568
0, 557, 248, 27, 24, 0.00040215885383076966
0, 552, 388, 12, 16, 0.00039617015863768756
0, 567, 291, 11, 13, 0.0003932806139346212
0, 185, 682, 15, 7, 0.00039198106969706714
0, 144, 758, 15, 18, 0.0003758649108931422
0, 450, 31, 61, 62, 0.00037000278825871646
0, 589, 364, 10, 9, 0.00036238390021026134
0, 551, 259, 32, 40, 0.00035465011023916304
0, 309, 491, 68, 62, 0.00034872491960413754
0, 381, 494, 23, 13, 0.0003172788128722459
0, 638, 368, 21, 23, 0.00031246477738022804
0, 462, 333, 28, 30, 0.0002968515327665955
0, 188, 893, 13, 17, 0.000281312211882323
0, 389, 429, 46, 38, 0.0002791630395222455
0, 415, 398, 62, 48, 0.0002786798286251724
0, 450, 437, 39, 47, 0.00027655577287077904
0, 117, 740, 31, 13, 0.0002708825340960175
0, 329, 403, 311, 177, 0.0002675771829672158
0, 348, 516, 51, 37, 0.0002561402216088027
0, 607, 150, 10, 9, 0.00023662939202040434
0, 341, 504, 38, 11, 0.0002305495727341622
0, 200, 764, 26, 23, 0.0002225221978733316
0, 162, 784, 20, 11, 0.00021769276645500213
0, 344, 481, 56, 34, 0.0002141142322216183
0, 132, 710, 19, 23, 0.00018624262884259224
0, 373, 480, 59, 38, 0.00018499592260923237
0, 339, 439, 31, 14, 0.00016565182886552066
0, 448, 381, 44, 34, 0.00015974047710187733
0, 507, 420, 16, 11, 0.00015890826762188226
0, 307, 4, 17, 8, 0.00015864074521232396
0, 346, 435, 198, 130, 0.00014901300892233849
0, 453, 417, 45, 39, 0.00014705423382110894
0, 414, 469, 73, 53, 0.00014673473197035491
0, 320, 464, 36, 25, 0.0001432064746040851
0, 662, 533, 194, 185, 0.00014248238585423678
0, 282, 684, 9, 8, 0.00013999149086885154
0, 458, 378, 22, 25, 0.00012866411998402327
0, 162, 758, 38, 19, 0.00012725642591249198
0, 468, 431, 24, 33, 0.00012718279322143644
0, 758, 841, 3, 93, 0.00012091293319826946
0, 375, 409, 12, 10, 0.00012065895862178877
0, 542, 397, 20, 22, 0.00011836000339826569
0, 73, 745, 123, 105, 0.0001153805133071728
0, 545, 236, 14, 12, 0.0001149464151239954
0, 119, 746, 35, 25, 0.0001116427592933178
0, 347, 525, 35, 34, 0.0001101013258448802
0, 164, 752, 19, 16, 0.00010894001752603799
0, 394, 486, 32, 18, 0.00010299540736014023
0, 758, 653, 3, 80, 0.00010255213419441134
0, 299, 356, 393, 298, 9.932250395650044e-05
0, 463, 127, 15, 10, 9.919841249939054e-05
0, 414, 402, 98, 72, 9.895475523080677e-05
0, 462, 423, 35, 49, 9.324830898549408e-05
0, 160, 770, 29, 19, 9.298335498897359e-05
0, 443, 357, 20, 10, 9.087264334084466e-05
0, 152, 778, 38, 23, 9.081668395083398e-05
0, 456, 408, 31, 29, 8.882179099600762e-05
0, 290, 533, 13, 10, 8.877275831764564e-05
0, 144, 732, 12, 9, 8.599342982051894e-05
0, 158, 736, 32, 12, 8.451475150650367e-05
0, 758, 779, 3, 79, 8.238222653744742e-05
0, 554, 272, 37, 51, 7.999076478881761e-05
0, 293, 503, 38, 23, 7.979321526363492e-05
0, 207, 755, 16, 19, 7.954843022162095e-05
0, 189, 675, 17, 9, 7.923771772766486e-05
0, 530, 232, 8, 12, 7.571961759822443e-05
0, 190, 747, 38, 19, 7.519290375057608e-05
0, 544, 283, 31, 44, 7.493577868444845e-05
0, 758, 876, 3, 53, 7.424745854223147e-05
0, 121, 736, 23, 18, 7.40513060009107e-05
0, 26, 26, 53, 53, 7.148605800466612e-05
0, 511, 410, 83, 48, 7.09765445208177e-05
0, 548, 394, 32, 31, 6.826781464042142e-05
0, 251, 680, 10, 8, 6.809577462263405e-05
0, 527, 403, 45, 33, 6.748887244611979e-05
0, 699, 888, 121, 31, 6.744595884811133e-05
0, 758, 461, 3, 81, 6.42751474515535e-05
0, 133, 732, 27, 17, 6.315453356364742e-05
0, 499, 425, 34, 26, 6.259727524593472e-05
0, 546, 293, 31, 20, 6.178821058711037e-05
0, 758, 681, 3, 88, 6.0202226450201124e-05
0, 758, 577, 3, 92, 5.9519221395021304e-05
0, 549, 240, 18, 21, 5.918020906392485e-05
0, 138, 767, 33, 25, 5.886518192710355e-05
0, 184, 676, 17, 11, 5.868112202733755e-05
0, 37, 672, 9, 10, 5.8660250942921266e-05
0, 562, 389, 18, 15, 5.821910599479452e-05
0, 427, 431, 102, 99, 5.723085632780567e-05
0, 564, 254, 28, 22, 5.596908158622682e-05
0, 486, 104, 10, 9, 5.5606466048629954e-05
0, 238, 545, 11, 11, 5.544533996726386e-05
0, 513, 414, 46, 29, 5.4437634389614686e-05
0, 368, 428, 23, 20, 5.3266794566297904e-05
0, 736, 580, 46, 117, 5.260254329186864e-05
0, 540, 399, 32, 33, 5.2257451898185536e-05
0, 456, 448, 78, 64, 5.088749821879901e-05
0, 543, 130, 12, 12, 5.088240868644789e-05
0, 506, 131, 15, 10, 5.032125045545399e-05
0, 757, 22, 4, 44, 4.898519182461314e-05
0, 735, 841, 49, 121, 4.7246809117496014e-05
0, 184, 29, 93, 58, 4.7221852582879364e-05
0, 191, 754, 41, 20, 4.702480146079324e-05
0, 485, 97, 29, 17, 4.6105535147944465e-05
0, 301, 469, 26, 28, 4.581482062349096e-05
0, 180, 760, 76, 45, 4.573384649120271e-05
0, 485, 429, 68, 49, 4.4972570321988314e-05
0, 293, 487, 52, 52, 4.2988704080926254e-05
0, 757, 889, 5, 27, 4.298591738916002e-05
0, 357, 332, 233, 195, 4.281339715817012e-05
0, 94, 739, 88, 66, 4.213648571749218e-05
0, 758, 711, 3, 88, 4.1564740968169644e-05
0, 184, 418, 368, 427, 4.0755745430942625e-05
0, 410, 62, 181, 125, 4.065311441081576e-05
0, 758, 507, 3, 88, 3.93230038753245e-05
0, 310, 4, 32, 9, 3.796868259087205e-05
0, 617, 885, 160, 37, 3.746416768990457e-05
0, 502, 97, 13, 14, 3.7337656976887956e-05
0, 758, 612, 3, 88, 3.7332141801016405e-05
0, 735, 645, 49, 121, 3.689887671498582e-05
0, 509, 277, 15, 15, 3.617772745201364e-05
0, 83, 26, 166, 51, 3.6116092815063894e-05
0, 597, 164, 19, 16, 3.5528966691344976e-05
0, 735, 771, 49, 95, 3.5458630009088665e-05
0, 337, 502, 53, 70, 3.504757842165418e-05
0, 550, 396, 55, 43, 3.475286212051287e-05
0, 556, 240, 38, 29, 3.447581548243761e-05
0, 445, 16, 46, 32, 3.413756348891184e-05
0, 327, 459, 50, 38, 3.404477683943696e-05
0, 204, 759, 26, 22, 3.32191375491675e-05
0, 461, 178, 8, 10, 3.3176049328176305e-05
0, 362, 512, 59, 39, 3.2601721613900736e-05
0, 735, 684, 48, 115, 3.1951691198628396e-05
0, 108, 814, 186, 178, 3.152616409352049e-05
0, 452, 345, 30, 36, 3.064778502448462e-05
0, 738, 26, 43, 52, 3.0563231121050194e-05
0, 655, 427, 87, 70, 3.051543899346143e-05
0, 435, 464, 78, 69, 3.038204158656299e-05
0, 322, 429, 87, 88, 2.970683271996677e-05
0, 533, 93, 10, 15, 2.961933751066681e-05
0, 650, 802, 218, 202, 2.9403647204162553e-05
0, 758, 395, 3, 84, 2.917080018960405e-05
0, 140, 425, 148, 134, 2.8588467102963477e-05
0, 540, 245, 22, 13, 2.8202483008499257e-05
0, 201, 691, 14, 9, 2.7876661988557316e-05
0, 422, 10, 58, 21, 2.7762240279116668e-05
0, 555, 329, 64, 23, 2.7313726604916155e-05
0, 174, 670, 39, 25, 2.714486254262738e-05
0, 139, 879, 160, 49, 2.69477313850075e-05
0, 114, 290, 52, 65, 2.6457695639692247e-05
0, 552, 259, 58, 56, 2.5959359845728613e-05
0, 697, 481, 75, 67, 2.5786175683606416e-05
0, 10, 876, 20, 54, 2.5715058654895984e-05
0, 371, 516, 37, 16, 2.5644385459600016e-05
0, 8, 194, 17, 105, 2.5629055016906932e-05
0, 758, 326, 3, 83, 2.554396996856667e-05
0, 43, 39, 86, 78, 2.5453973648836836e-05
0, 228, 9, 63, 19, 2.5338518753414974e-05
0, 150, 704, 301, 398, 2.4719438442843966e-05
0, 483, 356, 391, 301, 2.469999890308827e-05
0, 308, 21, 245, 43, 2.464665703882929e-05
0, 515, 610, 95, 71, 2.4603752535767853e-05
0, 320, 5, 64, 11, 2.4555700292694382e-05
0, 368, 422, 42, 49, 2.4507040507160127e-05
0, 492, 419, 52, 36, 2.4457822291878983e-05
0, 236, 476, 203, 169, 2.4298642529174685e-05
0, 16, 55, 32, 101, 2.3602806322742254e-05
0, 139, 716, 26, 23, 2.3458380383090116e-05
0, 605, 145, 56, 39, 2.3434007744072005e-05
0, 370, 405, 87, 52, 2.3390091882902198e-05
0, 163, 869, 58, 68, 2.3365570086752996e-05
0, 538, 339, 44, 35, 2.3361157218459994e-05
0, 223, 641, 15, 9, 2.3299460735870525e-05
0, 93, 76, 187, 153, 2.3298993255593814e-05
0, 68, 772, 137, 184, 2.2992493541096337e-05
0, 439, 371, 17, 15, 2.2942773284739815e-05
0, 418, 575, 87, 83, 2.2311005523079075e-05
0, 680, 75, 159, 151, 2.2005724531481974e-05
0, 322, 454, 108, 107, 2.193432010244578e-05
0, 157, 713, 32, 21, 2.170892730646301e-05
0, 542, 313, 33, 33, 2.1570143871940672e-05
0, 351, 428, 15, 12, 2.1504378310055472e-05
0, 36, 6, 73, 13, 2.1461171854753047e-05
0, 455, 8, 58, 17, 2.131822293449659e-05
0, 8, 643, 16, 112, 2.1203199139563367e-05
0, 491, 96, 18, 10, 2.112653965014033e-05
0, 182, 893, 31, 19, 2.0943511117366143e-05
0, 463, 223, 16, 9, 2.0795201635337435e-05
0, 162, 891, 68, 24, 2.077007229672745e-05
0, 701, 874, 63, 59, 2.069180118269287e-05
0, 110, 754, 63, 28, 2.0664292605943047e-05
0, 7, 578, 15, 126, 2.061779741779901e-05
0, 383, 188, 15, 12, 2.045446672127582e-05
0, 158, 670, 27, 25, 2.0437970306375064e-05
0, 189, 853, 13, 10, 2.0310297259129584e-05
0, 736, 481, 47, 96, 2.021834734478034e-05
0, 347, 59, 190, 119, 2.0034032786497846e-05
0, 341, 438, 52, 46, 1.9988061467302032e-05
0, 383, 496, 45, 23, 1.9740075003937818e-05
0, 624, 195, 271, 390, 1.9651193724712357e-05
0, 621, 292, 13, 11, 1.9562958186725155e-05
0, 261, 234, 65, 57, 1.951668855326716e-05
0, 259, 718, 11, 20, 1.946501652128063e-05
0, 291, 5, 61, 10, 1.9464068827801384e-05
0, 284, 765, 97, 76, 1.9436003640294075e-05
0, 651, 624, 86, 96, 1.9433760826359503e-05
0, 443, 370, 32, 29, 1.9277253159089014e-05
0, 291, 827, 321, 153, 1.9113491362077184e-05
0, 325, 383, 84, 89, 1.8970900782733224e-05
0, 9, 236, 19, 111, 1.89527290785918e-05
0, 2, 29, 4, 59, 1.8946908312500454e-05
0, 27, 12, 55, 24, 1.8807750166160986e-05
0, 220, 529, 356, 394, 1.8640899725141935e-05
0, 493, 68, 351, 134, 1.8552951587480493e-05
0, 598, 302, 10, 10, 1.8215969248558395e-05
0, 148, 22, 179, 44, 1.8181692212237976e-05
0, 393, 482, 80, 51, 1.8151495169149712e-05
0, 145, 288, 82, 70, 1.784634696377907e-05
0, 345, 429, 28, 18, 1.755705670802854e-05
0, 474, 94, 15, 10, 1.747148962749634e-05
0, 570, 282, 94, 71, 1.7465976270614192e-05
0, 184, 394, 9, 15, 1.7406413462595083e-05
0, 563, 227, 42, 30, 1.7208220015163533e-05
0, 12, 122, 24, 122, 1.715868347673677e-05
0, 616, 900, 63, 7, 1.7121037672040984e-05
0, 93, 855, 187, 96, 1.7055917851394042e-05
0, 494, 696, 275, 277, 1.7028725778800435e-05
0, 412, 151, 14, 14, 1.6852840417413972e-05
0, 614, 847, 290, 113, 1.663910188653972e-05
0, 89, 151, 179, 302, 1.6523574231541716e-05
0, 419, 32, 143, 65, 1.6288438928313553e-05
