1, 457, 299, 19, 19, 0.9528444502644723
1, 731, 361, 19, 20, 0.9526178501275596
1, 452, 563, 18, 17, 0.9661303671274738
1, 730, 383, 20, 22, 0.9517011231446642
1, 404, 320, 17, 22, 0.9708232596478348
1, 759, 494, 21, 20, 0.9713132820215484
1, 385, 337, 17, 18, 0.9668589426849942
1, 798, 122, 18, 19, 0.9747507297670857
1, 119, 361, 20, 21, 0.9582377823531536
1, 634, 188, 18, 21, 0.9700638064659757
1, 603, 176, 18, 21, 0.9692152877937531
1, 425, 47, 21, 21, 0.9777254582369694
1, 268, 475, 20, 20, 0.97693836310283
1, 762, 361, 20, 19, 0.9735071696496873
1, 683, 269, 19, 16, 0.9745413315547498
1, 267, 80, 17, 19, 0.9475206958989695
1, 455, 168, 19, 18, 0.973921965013804
1, 162, 369, 19, 20, 0.9369030612613145
1, 135, 45, 19, 17, 0.9441397643314732
1, 20, 406, 20, 21, 0.9553988310768612
1, 694, 99, 19, 19, 0.968052417688569
1, 634, 528, 21, 20, 0.9268459620812791
1, 208, 544, 17, 21, 0.9424165566986371
1, 66, 266, 18, 18, 0.9270251316531659
1, 767, 395, 23, 19, 0.9132842595455455
1, 111, 82, 19, 17, 0.9674506162856993
1, 569, 297, 15, 17, 0.9151829998212524
1, 821, 362, 19, 22, 0.9631989760519042
1, 624, 116, 17, 20, 0.9364606137903598
1, 217, 472, 17, 18, 0.9431617287512029
1, 787, 51, 18, 19, 0.9695439221275932
1, 400, 354, 17, 23, 0.9733967773061567
1, 444, 82, 17, 16, 0.9674934471679741
1, 795, 81, 17, 21, 0.9452377582551911
1, 330, 516, 19, 21, 0.9516997222544786
1, 706, 361, 20, 20, 0.9656502141596259
1, 340, 326, 18, 17, 0.9172324712169437
1, 701, 207, 20, 18, 0.9288543061850555
1, 755, 270, 18, 20, 0.9541630276063957
1, 492, 557, 19, 17, 0.963900933203929
1, 115, 49, 20, 20, 0.9476517898972907
1, 134, 401, 19, 19, 0.968668756239948
1, 584, 527, 19, 21, 0.9159954874781994
1, 629, 146, 19, 21, 0.9103136533286976
1, 790, 282, 18, 21, 0.9561518220549059
1, 16, 466, 17, 18, 0.9124023084752989
1, 693, 562, 22, 21, 0.9668564195317119
1, 713, 29, 17, 19, 0.972745591686218
1, 650, 177, 18, 18, 0.9536815998536047
1, 640, 260, 20, 17, 0.9824480910942774
1, 150, 427, 17, 23, 0.9310865062767095
1, 117, 172, 21, 19, 0.877689523055069
1, 420, 343, 17, 18, 0.9669149093402654
1, 774, 475, 17, 20, 0.9299995123074077
1, 789, 317, 19, 20, 0.9403230561546075
1, 150, 144, 18, 25, 0.9684630179110444
1, 826, 91, 16, 18, 0.8998313221306622
1, 665, 555, 19, 20, 0.9215470385571486
1, 542, 395, 20, 19, 0.96948005683642
1, 277, 117, 19, 21, 0.9663933306398985
1, 757, 112, 19, 19, 0.9730081421746931
1, 466, 328, 18, 19, 0.9211562959188546
1, 261, 102, 20, 22, 0.9391151263659521
1, 712, 75, 18, 17, 0.9326941260748121
1, 550, 47, 19, 23, 0.9696583571678121
1, 544, 416, 20, 18, 0.9535505756163467
1, 626, 505, 19, 17, 0.9748014598152471
1, 736, 196, 20, 19, 0.8913879110678178
1, 573, 483, 19, 20, 0.9347386672908984
1, 183, 248, 20, 21, 0.9567649290096549
1, 793, 403, 17, 17, 0.9539525287597901
1, 547, 69, 17, 20, 0.9288089019697062
1, 588, 337, 20, 24, 0.974993838815201
1, 733, 500, 23, 21, 0.963987965181426
1, 23, 492, 20, 18, 0.9701003547015279
1, 615, 30, 20, 22, 0.9851968415152459
1, 300, 556, 21, 21, 0.9454536197860799
1, 566, 562, 18, 21, 0.9758859379427521
1, 45, 58, 20, 21, 0.9429129629259665
1, 761, 91, 19, 21, 0.9645650255050149
1, 254, 153, 17, 18, 0.9645195295128893
1, 527, 544, 20, 18, 0.9359569985200498
1, 350, 544, 18, 19, 0.9663109926959759
1, 443, 402, 19, 18, 0.9248793603140809
1, 607, 148, 19, 20, 0.9667457169943539
1, 680, 131, 26, 23, 0.912251548324633
1, 460, 49, 19, 18, 0.9396612505102989
1, 209, 318, 20, 19, 0.935135752693343
1, 821, 476, 20, 22, 0.9516400328039843
1, 790, 469, 20, 23, 0.9695360183236126
1, 567, 392, 17, 17, 0.9518309774246443
1, 250, 205, 19, 19, 0.9723045552617549
1, 308, 260, 17, 20, 0.9095247126539853
1, 504, 574, 20, 21, 0.829306582196051
1, 623, 64, 18, 19, 0.9672016527256962
1, 90, 44, 17, 18, 0.950400932829311
1, 555, 240, 18, 19, 0.965400931855009
1, 694, 225, 19, 18, 0.9315586003636016
1, 55, 575, 16, 18, 0.8577553906903252
1, 828, 430, 19, 17, 0.8704503596620659
1, 821, 8, 15, 17, 0.9459741128881911
1, 553, 471, 21, 21, 0.9396251781098521
1, 184, 412, 20, 23, 0.9283434916209422
1, 518, 299, 20, 17, 0.9342463882808059
1, 347, 469, 24, 24, 0.959340289960428
1, 685, 535, 22, 19, 0.9179069452805926
1, 160, 241, 18, 23, 0.9672223780714639
1, 722, 55, 19, 18, 0.967621550295229
1, 656, 415, 20, 21, 0.9467205150719694
1, 761, 529, 19, 15, 0.9087514943834071
1, 531, 49, 16, 20, 0.9671958647628943
1, 93, 129, 18, 21, 0.9136916043294944
1, 43, 435, 18, 21, 0.9586352687360611
1, 673, 433, 19, 22, 0.9687198229127085
1, 347, 59, 17, 20, 0.9670697145139541
1, 238, 536, 20, 17, 0.8639944206214543
1, 442, 105, 17, 22, 0.9803025496945243
1, 744, 62, 16, 18, 0.9417308814041888
1, 160, 212, 21, 19, 0.9566057053636696
1, 486, 534, 18, 18, 0.9340121157605294
1, 775, 298, 21, 18, 0.9445480047839382
1, 797, 437, 22, 24, 0.9623283845386212
1, 599, 504, 20, 21, 0.9555504724813789
1, 641, 289, 18, 15, 0.9377071238032669
1, 398, 558, 19, 18, 0.9253192353671219
1, 99, 495, 18, 20, 0.9167417406388145
1, 256, 226, 19, 18, 0.9349809962723015
1, 588, 257, 16, 18, 0.9544010754326462
1, 733, 272, 18, 19, 0.9637419200310501
1, 662, 250, 17, 25, 0.9645492916112947
1, 119, 389, 20, 21, 0.9432771540635464
1, 452, 23, 20, 17, 0.9516684942246227
1, 144, 305, 19, 22, 0.9297275380833961
1, 184, 544, 20, 24, 0.9299295231226742
1, 350, 233, 18, 21, 0.9110874869306301
1, 797, 376, 22, 24, 0.9001032823628301
1, 700, 499, 21, 22, 0.9333863742145202
1, 309, 309, 20, 23, 0.9687555100415648
1, 678, 501, 20, 22, 0.9552740101945076
1, 344, 567, 20, 23, 0.9160539169804679
1, 310, 100, 17, 23, 0.9720088186000548
1, 760, 417, 23, 21, 0.9479666048194006
1, 73, 434, 21, 22, 0.9131147289239356
1, 189, 331, 18, 20, 0.9552154813645332
1, 491, 476, 18, 19, 0.9612230792665062
1, 253, 516, 18, 19, 0.9211344589076351
1, 808, 491, 19, 21, 0.9640232219734142
1, 630, 575, 17, 18, 0.8551816678647978
1, 674, 161, 20, 21, 0.9211762466082387
1, 210, 513, 22, 21, 0.9243087721706588
1, 100, 100, 18, 21, 0.9749135598185636
1, 179, 291, 19, 20, 0.9622590545943869
1, 269, 276, 19, 20, 0.9724283222719923
1, 556, 198, 23, 22, 0.967802280255611
1, 410, 535, 20, 21, 0.9416781111634043
1, 129, 486, 20, 20, 0.9106622156179598
1, 365, 487, 20, 20, 0.9460943511148467
1, 201, 157, 19, 17, 0.9425777887073068
1, 239, 562, 19, 22, 0.9031943110111993
1, 468, 268, 19, 22, 0.956208141706382
1, 122, 148, 22, 20, 0.9481760926812525
1, 191, 274, 16, 17, 0.9476915058829126
1, 425, 547, 19, 17, 0.8931824984323706
1, 652, 11, 20, 22, 0.9579922754530954
1, 664, 94, 20, 22, 0.9431200184041489
1, 270, 148, 16, 20, 0.9615011994365438
1, 217, 147, 17, 16, 0.9626546933790607
1, 147, 189, 19, 22, 0.9515015383569025
1, 269, 208, 19, 20, 0.9519367878509423
1, 186, 575, 21, 18, 0.8350239928980886
1, 311, 426, 21, 20, 0.9554128826114816
1, 625, 92, 19, 21, 0.96792297802521
1, 352, 173, 21, 19, 0.9728216616844265
1, 343, 31, 23, 28, 0.9690207704455138
1, 181, 477, 17, 21, 0.9064680011114331
1, 77, 510, 18, 20, 0.9277871933335242
1, 335, 113, 20, 21, 0.9152696301836665
1, 641, 79, 17, 18, 0.9549307821508456
1, 477, 315, 17, 15, 0.8622330480534401
1, 418, 86, 18, 18, 0.9293481000043146
1, 254, 309, 20, 16, 0.9438441502981315
1, 358, 90, 20, 25, 0.9701893535163032
1, 815, 388, 19, 23, 0.9669671121870753
1, 616, 277, 19, 22, 0.9730867918304857
1, 536, 284, 17, 23, 0.990032221403541
1, 691, 403, 22, 26, 0.9409934127556006
1, 107, 447, 15, 21, 0.9546245563650935
1, 122, 469, 16, 15, 0.8929538092671225
1, 305, 51, 22, 19, 0.9390583695179506
1, 324, 173, 22, 26, 0.9786270992728867
1, 218, 444, 18, 23, 0.9525306289923707
1, 624, 547, 20, 20, 0.9354913781068397
1, 676, 220, 20, 19, 0.9557834053988559
1, 158, 536, 17, 20, 0.9250708300780259
1, 802, 8, 16, 16, 0.9860422204304241
1, 158, 293, 18, 22, 0.972920957081062
1, 555, 299, 17, 21, 0.9542008830468883
1, 603, 102, 17, 18, 0.9664550999923942
1, 158, 474, 17, 21, 0.9295576631920538
1, 112, 336, 20, 20, 0.9790850741417054
1, 327, 237, 19, 19, 0.9641448578270573
1, 564, 330, 19, 20, 0.9713187825293039
1, 594, 544, 21, 21, 0.9484624957331214
1, 497, 259, 23, 24, 0.9326541730826676
1, 385, 534, 19, 23, 0.9155010002900965
1, 106, 185, 20, 21, 0.9519154358174196
1, 324, 574, 20, 20, 0.8469447990583757
1, 302, 285, 18, 16, 0.9518206237014497
1, 189, 78, 19, 17, 0.9263089019818764
1, 206, 179, 17, 19, 0.9403937149119719
1, 183, 178, 19, 21, 0.9548838912665654
1, 411, 574, 14, 19, 0.8626594757676141
1, 610, 481, 20, 21, 0.9241689660559609
1, 246, 475, 22, 21, 0.9552706358895984
1, 555, 22, 22, 21, 0.938888022830566
1, 178, 59, 18, 19, 0.9375191186622958
1, 611, 294, 17, 17, 0.9385095286088203
1, 403, 510, 20, 19, 0.9658880050185297
1, 534, 253, 20, 17, 0.925651121865184
1, 687, 54, 21, 17, 0.9583437552046705
1, 50, 456, 17, 20, 0.9053144160774539
1, 598, 437, 23, 22, 0.9535072566236651
1, 561, 438, 18, 20, 0.8994055629922132
1, 355, 145, 21, 19, 0.9508409516645756
1, 273, 545, 17, 19, 0.9543041213801036
1, 383, 509, 21, 21, 0.9622638502023271
1, 820, 63, 17, 19, 0.9678212231733738
1, 281, 566, 20, 19, 0.9558137834427194
1, 250, 42, 19, 21, 0.8727774513945834
1, 581, 243, 19, 13, 0.970979497984385
1, 651, 208, 16, 19, 0.96410005046128
1, 510, 311, 17, 18, 0.9499358979472812
1, 324, 267, 17, 22, 0.9259568517664799
1, 207, 494, 15, 16, 0.9449913123967811
1, 613, 340, 24, 22, 0.9139461011446238
1, 569, 52, 16, 16, 0.8253220707205658
1, 634, 331, 17, 20, 0.9462097479175244
1, 272, 60, 18, 21, 0.9770624096310563
1, 577, 189, 22, 25, 0.9338849643515734
1, 51, 400, 17, 19, 0.9812799627128614
1, 11, 199, 19, 19, 0.9348413052285174
1, 508, 30, 19, 22, 0.9431013816600942
1, 25, 11, 22, 19, 0.9571737992509943
1, 822, 243, 20, 23, 0.9367043095464422
1, 134, 86, 20, 21, 0.8931356684758542
1, 38, 369, 18, 19, 0.9051417503178757
1, 97, 207, 19, 23, 0.9321910679523254
1, 691, 147, 16, 19, 0.9108527301972325
1, 702, 281, 18, 19, 0.9636182796785392
1, 828, 153, 16, 19, 0.884913664906551
1, 546, 174, 16, 22, 0.9318025388164766
1, 407, 280, 22, 20, 0.9645538514166042
1, 543, 216, 19, 20, 0.9811638796187214
1, 583, 116, 21, 22, 0.9479986954554371
1, 816, 446, 16, 18, 0.9060795421624939
1, 376, 213, 15, 20, 0.9508165350320401
1, 436, 369, 23, 24, 0.9741626270823247
1, 471, 150, 15, 22, 0.920807562754165
1, 706, 338, 21, 22, 0.9548937101812764
1, 411, 379, 19, 21, 0.9188759829916857
1, 719, 90, 18, 18, 0.962981594673225
1, 486, 330, 17, 19, 0.9609539703422741
1, 454, 358, 13, 16, 0.8640705296978662
1, 326, 219, 16, 19, 0.9693193220678403
1, 66, 363, 18, 20, 0.9579463079316997
1, 647, 444, 22, 23, 0.9468853265600831
1, 505, 133, 27, 23, 0.9223671140082981
1, 640, 34, 18, 20, 0.9572821454242021
1, 159, 493, 20, 20, 0.9135061731182712
1, 232, 297, 21, 22, 0.9766414407926672
1, 219, 93, 19, 21, 0.933245267158123
1, 552, 260, 18, 20, 0.9700623417358973
1, 177, 270, 14, 20, 0.883788482938147
1, 759, 180, 20, 20, 0.9673131152534106
1, 232, 53, 20, 20, 0.9415472830814595
1, 677, 66, 19, 18, 0.9300775707615806
1, 364, 120, 22, 23, 0.9401864562437231
1, 80, 248, 17, 22, 0.9404148238282874
1, 645, 240, 19, 20, 0.9636164500572796
1, 172, 11, 21, 19, 0.9181347214543709
1, 153, 258, 18, 22, 0.9515979072353932
1, 269, 500, 20, 19, 0.9553845336221318
1, 754, 160, 19, 20, 0.9228631962166225
1, 752, 318, 22, 19, 0.969765630583096
1, 796, 198, 18, 18, 0.9777102623083775
1, 18, 511, 19, 17, 0.9493857625670724
1, 307, 184, 17, 17, 0.9030885078261792
1, 314, 134, 19, 23, 0.9402177370969258
1, 229, 488, 17, 23, 0.9017490814754242
1, 221, 233, 21, 20, 0.908434216694144
1, 617, 9, 24, 19, 0.9638979278531882
1, 829, 128, 17, 20, 0.8712336793725131
1, 453, 475, 18, 19, 0.8886256510854358
1, 157, 42, 15, 22, 0.9032687255612731
1, 494, 10, 18, 21, 0.9684218289906757
1, 385, 113, 17, 18, 0.9094024854160327
1, 395, 383, 20, 21, 0.9431347621008224
1, 558, 84, 17, 18, 0.9304990877093645
1, 78, 529, 15, 19, 0.9425675035213557
1, 285, 466, 15, 17, 0.8733662039634998
