0, 476, 1390, 33, 34, 0.9770290632976716
0, 1050, 1291, 35, 35, 0.9350610287162555
0, 1154, 1125, 30, 38, 0.9450272201438007
0, 1539, 1645, 32, 30, 0.9828521983662344
0, 1581, 1653, 31, 31, 0.9492341191989982
0, 971, 1050, 36, 37, 0.968532515905721
0, 1090, 1521, 32, 32, 0.9629022461607951
0, 1526, 1612, 32, 32, 0.9646512340010738
0, 1484, 1158, 34, 41, 0.9563437890601462
0, 1251, 1724, 35, 35, 0.927507412746649
0, 398, 94, 34, 32, 0.9497197878022581
0, 1673, 545, 37, 31, 0.9246334206851277
0, 266, 982, 34, 36, 0.9713340447427508
0, 1157, 462, 35, 31, 0.9697139397143638
0, 1413, 1229, 35, 34, 0.9484331539851134
0, 495, 1452, 31, 30, 0.9372795206503426
0, 1014, 1112, 33, 35, 0.9459027024582594
0, 825, 742, 34, 34, 0.9474840487075835
0, 728, 1413, 35, 32, 0.9521634032613909
0, 254, 1331, 31, 35, 0.9745035327023355
0, 1047, 1388, 32, 34, 0.93867824762063
0, 149, 871, 31, 35, 0.9631300419577432
0, 808, 1031, 40, 38, 0.9802616151334117
0, 1163, 99, 28, 34, 0.9454962910018812
0, 1183, 137, 34, 33, 0.9455787768026034
0, 1074, 1065, 29, 34, 0.888041680189445
0, 97, 142, 33, 34, 0.9364402876542947
0, 208, 375, 32, 32, 0.9873969638784547
0, 115, 859, 28, 30, 0.9057682153187926
0, 1341, 1532, 33, 31, 0.9639589310945081
0, 905, 939, 33, 32, 0.9175891307445391
0, 934, 1333, 34, 32, 0.9704103279478626
0, 68, 1671, 32, 31, 0.9254886101650692
0, 385, 680, 33, 33, 0.9129610538696264
0, 341, 411, 33, 35, 0.9720992793798464
0, 781, 347, 32, 30, 0.9789750563210855
0, 1155, 351, 32, 33, 0.9251078995449149
0, 698, 1272, 32, 32, 0.9588334514735403
0, 76, 751, 33, 31, 0.9817443495419402
0, 1547, 1059, 32, 33, 0.9215707549239814
0, 669, 1196, 37, 33, 0.9615987597485427
0, 144, 674, 34, 36, 0.9665888207486495
0, 1067, 396, 31, 29, 0.9788153729433415
0, 1723, 322, 34, 31, 0.9506307116087741
0, 200, 1249, 32, 29, 0.9571211883656723
0, 272, 101, 29, 32, 0.8824600871268424
0, 736, 601, 31, 30, 0.9323950190772158
0, 1422, 1734, 25, 32, 0.9490828519006831
0, 940, 796, 32, 29, 0.9443921411434176
0, 349, 58, 34, 32, 0.941736762357108
0, 1086, 787, 29, 29, 0.9572266693060487
0, 1527, 342, 27, 32, 0.9650203662760517
0, 240, 244, 29, 31, 0.9766605233848578
0, 1135, 244, 35, 39, 0.9657461830403639
0, 1079, 1116, 29, 33, 0.9748039489838085
0, 246, 1696, 31, 29, 0.9207824976217464
0, 831, 1616, 31, 31, 0.9583090782084994
0, 1010, 1249, 32, 35, 0.9415696950796835
0, 1368, 1088, 32, 31, 0.9844365881755501
0, 152, 1222, 35, 30, 0.982415069051783
0, 705, 1224, 25, 31, 0.9104612943767065
0, 914, 95, 35, 31, 0.9530125782683846
0, 1224, 104, 32, 29, 0.9327759959859965
0, 1281, 1755, 35, 30, 0.8499425705386945
0, 1214, 1476, 27, 31, 0.9350813366547207
0, 354, 1381, 29, 32, 0.9636505628038617
0, 1546, 1367, 31, 34, 0.9638471363321969
0, 1536, 1098, 29, 33, 0.9651306754693698
0, 1296, 641, 34, 31, 0.9750263535333368
0, 1286, 448, 32, 30, 0.9691180387762012
0, 339, 498, 29, 28, 0.9039194845070944
0, 1320, 1489, 31, 29, 0.9400602950387592
0, 973, 1125, 27, 34, 0.9190558869038333
0, 706, 991, 34, 38, 0.9183745509209172
0, 993, 918, 34, 34, 0.918497836188028
0, 80, 1550, 33, 37, 0.9475185719531976
0, 1712, 1599, 33, 38, 0.9487729313185842
0, 219, 1644, 36, 33, 0.9730387942440771
0, 1044, 13, 31, 26, 0.9340274386456289
0, 1274, 274, 34, 38, 0.9555525776132672
0, 68, 1425, 28, 32, 0.9671965446594064
0, 989, 579, 31, 32, 0.9653392120451421
0, 836, 1196, 33, 29, 0.9546052572358978
0, 1310, 1347, 31, 31, 0.9574352185053778
0, 279, 138, 28, 33, 0.9358202429808959
0, 447, 77, 31, 29, 0.9020011065148797
0, 1485, 1475, 29, 31, 0.9220563100765703
0, 1240, 653, 29, 33, 0.9269152198554019
0, 966, 1747, 32, 29, 0.9495260348338729
0, 368, 1571, 29, 35, 0.9252008856501741
0, 821, 1087, 32, 34, 0.9728123664708483
0, 1033, 1001, 33, 32, 0.9338019436490405
0, 725, 368, 30, 29, 0.970904118312049
0, 1449, 437, 32, 32, 0.973641664051413
0, 1155, 904, 26, 28, 0.957144193928499
0, 470, 1710, 29, 28, 0.9627054385592654
0, 1508, 983, 35, 39, 0.9324643458397348
0, 315, 1229, 35, 27, 0.8913513148633186
0, 691, 416, 31, 27, 0.9311638748256854
0, 910, 1719, 31, 27, 0.913420173654031
0, 1259, 1636, 34, 30, 0.9633262517420746
0, 761, 122, 30, 35, 0.9550905009512732
0, 123, 1012, 38, 24, 0.9504938831516824
0, 50, 1722, 29, 27, 0.8994527664998507
0, 1120, 1322, 32, 31, 0.9784120358251288
0, 1330, 1046, 32, 32, 0.9485111167142777
0, 911, 1044, 30, 30, 0.9598081542635788
0, 156, 342, 27, 30, 0.9188340167379496
0, 754, 673, 26, 31, 0.9058826859150334
0, 665, 1226, 33, 31, 0.9564173553913523
0, 500, 196, 32, 36, 0.9156441947433842
0, 1045, 655, 39, 32, 0.9429822602885487
0, 487, 1246, 35, 35, 0.9489119418561386
0, 1249, 1475, 29, 30, 0.8898299152925258
0, 1280, 1061, 29, 29, 0.9424466898252241
0, 507, 579, 37, 28, 0.9432161607204644
0, 1364, 803, 31, 29, 0.9302881083483925
0, 446, 1409, 29, 28, 0.9734451286137357
0, 1357, 296, 28, 32, 0.9645032410191043
0, 1003, 1508, 30, 29, 0.9535426925907534
0, 109, 1280, 30, 30, 0.8948426066167419
0, 990, 74, 29, 26, 0.9095322939948286
0, 727, 1740, 29, 27, 0.9437484713990274
0, 589, 371, 29, 32, 0.9538714528154146
0, 715, 853, 30, 31, 0.8922852129875117
0, 1215, 1706, 31, 31, 0.9631946768768025
0, 1015, 1447, 27, 28, 0.9224919689253535
0, 1023, 578, 27, 31, 0.9241544730935464
0, 162, 1178, 34, 33, 0.9464813077045106
0, 361, 940, 44, 29, 0.929088335721356
0, 901, 1293, 32, 29, 0.9409796273801212
0, 210, 1320, 27, 34, 0.8948609323953147
0, 273, 322, 26, 28, 0.8930677741059799
0, 14, 1379, 28, 34, 0.919483086809169
0, 1157, 1171, 28, 27, 0.8880716974303028
0, 934, 830, 28, 27, 0.9337512702372772
0, 1354, 1248, 32, 29, 0.9164540094925819
0, 741, 1218, 28, 30, 0.937754923764121
0, 1377, 211, 30, 27, 0.898229771369692
0, 946, 950, 27, 32, 0.9199123276042847
0, 161, 1544, 28, 37, 0.950484065693044
0, 593, 574, 31, 33, 0.9557237030620424
0, 645, 159, 24, 36, 0.924205009009696
0, 1201, 1553, 33, 32, 0.9532266634605913
0, 1655, 1566, 29, 28, 0.9071707318066982
0, 1101, 1460, 31, 31, 0.9287237571576972
0, 850, 1720, 35, 34, 0.8803527197408072
0, 1406, 1132, 26, 31, 0.825421856407067
0, 20, 460, 35, 36, 0.9214045763580748
0, 1305, 1283, 29, 28, 0.9629014188289637
0, 91, 1733, 34, 34, 0.92250960912054
0, 559, 1709, 33, 32, 0.9199477510042223
0, 1405, 1062, 34, 32, 0.9456755377324872
0, 1176, 1721, 25, 25, 0.915377067516085
0, 1679, 475, 28, 29, 0.9091247663583347
0, 1374, 35, 31, 27, 0.9292015378336324
0, 130, 293, 37, 33, 0.9472401732057212
0, 54, 137, 25, 28, 0.9091338462063514
0, 162, 452, 30, 30, 0.9580664465316296
0, 799, 612, 26, 29, 0.8525589226733068
0, 1069, 894, 28, 29, 0.9506775034767709
0, 282, 1303, 31, 33, 0.9146555504902412
0, 1448, 560, 26, 27, 0.9278587136529719
0, 1084, 1400, 29, 27, 0.9194219490332824
0, 1479, 98, 33, 38, 0.9805257139178967
0, 908, 1750, 30, 28, 0.8955618729586319
0, 1155, 840, 29, 28, 0.9467503925302386
0, 630, 1157, 24, 36, 0.956320487806315
0, 751, 198, 31, 30, 0.9433538960360649
0, 296, 1105, 31, 30, 0.961722871852084
0, 535, 1036, 31, 28, 0.9138298871395324
0, 1620, 512, 29, 25, 0.9213930974296066
0, 1409, 1427, 30, 29, 0.8736780399132072
0, 1286, 825, 32, 29, 0.9136150489183408
0, 874, 1372, 30, 33, 0.8813669946756837
0, 776, 58, 27, 29, 0.9256187514849651
0, 794, 1206, 24, 29, 0.9077447062063945
0, 628, 588, 29, 28, 0.9541568200599726
0, 789, 1639, 29, 30, 0.9707872781683683
0, 32, 1655, 25, 27, 0.9171486748851463
0, 1032, 1173, 28, 27, 0.9318018455212655
0, 267, 1592, 56, 50, 0.9019131540783578
0, 265, 918, 29, 27, 0.9406913323306492
0, 1603, 647, 29, 32, 0.964601451668727
0, 62, 1466, 36, 35, 0.9560145883096381
0, 1274, 607, 27, 26, 0.8794889617475669
0, 785, 913, 33, 25, 0.8929567829993564
0, 1560, 1581, 25, 28, 0.9168940272801263
0, 71, 1099, 31, 31, 0.8911178888456737
0, 1119, 1596, 30, 29, 0.8866210678362935
0, 375, 450, 28, 30, 0.8895055046754394
0, 100, 894, 28, 26, 0.9179959868449694
0, 405, 651, 30, 32, 0.9141185035888428
0, 734, 10, 32, 20, 0.8647461276905932
0, 804, 269, 27, 29, 0.9084204034780685
0, 324, 833, 30, 30, 0.9273467411029475
0, 1398, 849, 27, 30, 0.9530957853080171
0, 1681, 1469, 27, 33, 0.9521325696295218
0, 726, 273, 23, 24, 0.8798258471857585
0, 658, 809, 29, 27, 0.9288182979385375
0, 1432, 974, 28, 37, 0.9401942664236638
0, 315, 1007, 27, 30, 0.8870572662152162
0, 1071, 299, 25, 24, 0.8407895419637696
0, 1099, 1288, 31, 29, 0.9299444417534277
0, 652, 446, 28, 29, 0.933109781688104
0, 167, 753, 26, 30, 0.9594607415116091
0, 569, 827, 27, 30, 0.9560421023793915
0, 920, 1440, 29, 31, 0.9170709142927223
0, 1124, 883, 29, 30, 0.8922375851679345
0, 546, 661, 28, 30, 0.9385015531115947
0, 436, 1651, 32, 30, 0.9231471401556769
0, 1041, 344, 26, 28, 0.9560871494705258
0, 1127, 1486, 28, 27, 0.9098316909090025
0, 1490, 374, 29, 25, 0.909391346721916
0, 1186, 525, 29, 26, 0.948422836965553
0, 1329, 791, 25, 26, 0.9244631508095758
0, 349, 1660, 28, 32, 0.9092817041647915
0, 527, 1747, 28, 29, 0.9075306042484429
0, 1404, 897, 26, 26, 0.9203857490892983
0, 11, 587, 22, 27, 0.9457987355172798
0, 688, 668, 32, 33, 0.9192396766379523
0, 1174, 1685, 28, 30, 0.9334926706745709
0, 1499, 82, 29, 29, 0.9675801301703015
0, 1709, 1372, 29, 27, 0.9505281711513236
